  4000.89990234     0.00000000
  4001.82006836     0.00000000
  4002.74316406     0.00000000
  4003.66381836     0.00000000
  4004.58715820     0.00000000
  4005.50830078     0.00000000
  4006.43188477     0.00000000
  4007.35351563     0.00000000
  4008.27563477     0.00000000
  4009.19995117     0.00000000
  4010.12231445     0.00000000
  4011.04687500     0.00000000
  4011.96972656     0.00000000
  4012.89453125     0.00000000
  4013.81787109     0.00000000
  4014.74121094     0.00000000
  4015.66699219     0.00000000
  4016.59106445     0.00000000
  4017.51708984     0.00000000
  4018.44140625     0.00000000
  4019.36791992     0.00000000
  4020.29272461     0.00000000
  4021.21752930     0.00000000
  4022.14477539     0.00000000
  4023.07006836     0.00000000
  4023.99780273     0.00000000
  4024.92333984     0.00000000
  4025.85180664     0.00000000
  4026.77783203     0.00000000
  4027.70410156     0.00000000
  4028.63305664     0.00000000
  4029.55981445     0.00000000
  4030.48901367     0.00000000
  4031.41601563     0.00000000
  4032.34570313     0.00000000
  4033.27343750     0.00000000
  4034.20117188     0.00000000
  4035.13134766     0.00000000
  4036.05981445     0.00000000
  4036.99047852     0.00000000
  4037.91918945     0.00000000
  4038.85034180     0.00000000
  4039.77929688     0.00000000
  4040.70874023     0.00000000
  4041.64038086     0.00000000
  4042.57031250     0.00000000
  4043.50244141     0.00000000
  4044.43261719     0.00000000
  4045.36547852     0.00000000
  4046.29614258     0.00000000
  4047.22680664     0.00000000
  4048.16040039     0.00000000
  4049.09155273     0.00000000
  4050.02514648     0.00000000
  4050.95703125     0.00000000
  4051.89086914     0.00000000
  4052.82299805     0.00000000
  4053.75561523     0.00000000
  4054.69018555     0.00000000
  4055.62304688     0.00000000
  4056.55810547     0.00000000
  4057.49169922     0.00000000
  4058.42724609     0.00000000
  4059.36083984     0.00000000
  4060.29467773     0.00000000
  4061.23071289     0.00000000
  4062.16503906     0.00000000
  4063.10205078     0.00000000
  4064.03662109     0.00000000
  4064.97387695     0.00000000
  4065.90893555     0.00000000
  4066.84423828     0.00000000
  4067.78198242     0.00000000
  4068.71801758     0.00000000
  4069.65600586     0.00000000
  4070.59228516     0.00000000
  4071.53100586     0.00000000
  4072.46752930     0.00000000
  4073.40454102     0.00000000
  4074.34375000     0.00000000
  4075.28100586     0.00000000
  4076.22094727     0.00000000
  4077.15869141     0.00000000
  4078.09863281     0.00000000
  4079.03686523     0.00000000
  4079.97753906     0.00000000
  4080.91625977     0.00000000
  4081.85498047     0.00000000
  4082.79614258     0.00000000
  4083.73559570     0.00000000
  4084.67724609     0.00000000
  4085.61694336     0.00000000
  4086.55908203     0.00000000
  4087.49902344     0.00000000
  4088.43945313     0.00000000
  4089.38208008     0.00000000
  4090.32275391     0.00000000
  4091.26635742     0.00000000
  4092.20727539     0.00000000
  4093.15087891     0.00000000
  4094.09252930     0.00000000
  4095.03442383     0.00000000
  4095.97875977     0.00000000
  4096.92089844     0.00000000
  4097.86572266     0.00000000
  4098.80859375     0.00000000
  4099.75341797     0.00000000
  4100.69677734     0.00000000
  4101.64013672     0.00000000
  4102.58593750     0.00000000
  4103.52978516     0.00000000
  4104.47607422     0.00000000
  4105.42041016     0.00000000
  4106.36718750     0.00000000
  4107.31152344     0.00000000
  4108.25634766     0.00000000
  4109.20410156     0.00000000
  4110.14941406     0.00000000
  4111.09716797     0.00000000
  4112.04296875     0.00000000
  4112.99121094     0.00000000
  4113.93701172     0.00000000
  4114.88378906     0.00000000
  4115.83251953     0.00000000
  4116.77929688     0.00000000
  4117.72851563     0.00000000
  4118.67578125     0.00000000
  4119.62548828     0.00000000
  4120.57324219     0.00000000
  4121.52148438     0.00000000
  4122.47167969     0.00000000
  4123.42041016     0.00000000
  4124.37109375     0.00000000
  4125.31982422     0.00000000
  4126.27099609     0.00000000
  4127.22021484     0.00000000
  4128.16943359     0.00000000
  4129.12158203     0.00000000
  4130.07177734     0.00000000
  4131.02392578     0.00000000
  4131.97460938     0.00000000
  4132.92724609     0.00000000
  4133.87792969     0.00000000
  4134.82910156     0.00000000
  4135.78222656     0.00000000
  4136.73388672     0.00000000
  4137.68798828     0.00000000
  4138.63964844     0.00000000
  4139.59375000     0.00000000
  4140.54638672     0.00000000
  4141.49902344     0.00000000
  4142.45410156     0.00000000
  4143.40673828     0.00000000
  4144.36230469     0.00000000
  4145.31591797     0.00000000
  4146.27148438     0.00000000
  4147.22558594     0.00000000
  4148.17968750     0.00000000
  4149.13574219     0.00000000
  4150.09033203     0.00000000
  4151.04736328     0.00000000
  4152.00244141     0.00000000
  4152.95996094     0.00000000
  4153.91552734     0.00000000
  4154.87304688     0.00000000
  4155.82910156     0.00000000
  4156.78515625     0.00000000
  4157.74365234     0.00000000
  4158.70019531     0.00000000
  4159.65869141     0.00000000
  4160.61572266     0.00000000
  4161.57568359     0.00000000
  4162.53271484     0.00000000
  4163.49023438     0.00000000
  4164.45068359     0.00000000
  4165.40869141     0.00000000
  4166.36914063     0.00000000
  4167.32763672     0.00000000
  4168.28857422     0.00000000
  4169.24707031     0.00000000
  4170.20654297     0.00000000
  4171.16845703     0.00000000
  4172.12792969     0.00000000
  4173.08984375     0.00000000
  4174.04980469     0.00000000
  4175.01220703     0.00000000
  4175.97265625     0.00000000
  4176.93359375     0.00000000
  4177.89648438     0.00000000
  4178.85791016     0.00000000
  4179.82128906     0.00000000
  4180.78320313     0.00000000
  4181.74707031     0.00000000
  4182.70898438     0.00000000
  4183.67138672     0.00000000
  4184.63574219     0.00000000
  4185.59863281     0.00000000
  4186.56396484     0.00000000
  4187.52734375     0.00000000
  4188.49267578     0.00000000
  4189.45605469     0.00000000
  4190.41992188     0.00000000
  4191.38623047     0.00000000
  4192.35058594     0.00000000
  4193.31738281     0.00000000
  4194.28173828     0.00000000
  4195.24902344     0.00000000
  4196.21435547     0.00000000
  4197.17919922     0.00000000
  4198.14746094     0.00000000
  4199.11328125     0.00000000
  4200.08154297     0.00000000
  4201.04785156     0.00000000
  4202.01660156     0.00000000
  4202.98339844     0.00000000
  4203.95019531     0.00000000
  4204.91943359     0.00000000
  4205.88671875     0.00000000
  4206.85644531     0.00000000
  4207.82421875     0.00000000
  4208.79492188     0.00000000
  4209.76269531     0.00000000
  4210.73144531     0.00000000
  4211.70263672     0.00000000
  4212.67138672     0.00000000
  4213.64257813     0.00000000
  4214.61230469     0.00000000
  4215.58398438     0.00000000
  4216.55371094     0.00000000
  4217.52392578     0.00000000
  4218.49609375     0.00000000
  4219.46679688     0.00000000
  4220.43994141     0.00000000
  4221.41064453     0.00000000
  4222.38427734     0.00000000
  4223.35546875     0.00000000
  4224.32714844     0.00000000
  4225.30126953     0.00000000
  4226.27343750     0.00000000
  4227.24755859     0.00000000
  4228.22021484     0.00000000
  4229.19531250     0.00000000
  4230.16796875     0.00000000
  4231.14355469     0.00000000
  4232.11718750     0.00000000
  4233.09033203     0.00000000
  4234.06689453     0.00000000
  4235.04101563     0.00000000
  4236.01708984     0.00000000
  4236.99218750     0.00000000
  4237.96875000     0.00000000
  4238.94384766     0.00000000
  4239.91894531     0.00000000
  4240.89697266     0.00000000
  4241.87255859     0.00000000
  4242.85058594     0.00000000
  4243.82666016     0.00000000
  4244.80517578     0.00000000
  4245.78173828     0.00000000
  4246.75878906     0.00000000
  4247.73779297     0.00000000
  4248.71484375     0.00000000
  4249.69482422     0.00000000
  4250.67236328     0.00000000
  4251.65283203     0.00000000
  4252.63085938     0.00000000
  4253.60888672     0.00000000
  4254.58984375     0.00000000
  4255.56835938     0.00000000
  4256.54980469     0.00000000
  4257.52929688     0.00000000
  4258.51074219     0.00000000
  4259.49023438     0.00000000
  4260.47070313     0.00000000
  4261.45312500     0.00000000
  4262.43310547     0.00000000
  4263.41601563     0.00000000
  4264.39697266     0.00000000
  4265.38037109     0.00000000
  4266.36132813     0.00000000
  4267.34326172     0.00000000
  4268.32714844     0.00000000
  4269.30908203     0.00000000
  4270.29345703     0.00000000
  4271.27587891     0.00000000
  4272.26074219     0.00000000
  4273.24365234     0.00000000
  4274.22656250     0.00000000
  4275.21240234     0.00000000
  4276.19580078     0.00000000
  4277.18164063     0.00000000
  4278.16601563     0.00000000
  4279.15234375     0.00000000
  4280.13671875     0.00000000
  4281.12158203     0.00000001
  4282.10888672     0.00000001
  4283.09375000     0.00000001
  4284.08105469     0.00000001
  4285.06689453     0.00000002
  4286.05517578     0.00000002
  4287.04101563     0.00000003
  4288.02734375     0.00000004
  4289.01611328     0.00000005
  4290.00292969     0.00000006
  4290.99218750     0.00000008
  4291.97949219     0.00000011
  4292.96923828     0.00000014
  4293.95654297     0.00000018
  4294.94433594     0.00000024
  4295.93505859     0.00000031
  4296.92285156     0.00000040
  4297.91357422     0.00000051
  4298.90283203     0.00000065
  4299.89404297     0.00000084
  4300.88330078     0.00000107
  4301.87255859     0.00000136
  4302.86474609     0.00000173
  4303.85449219     0.00000220
  4304.84667969     0.00000279
  4305.83740234     0.00000353
  4306.83007813     0.00000446
  4307.82080078     0.00000562
  4308.81396484     0.00000708
  4309.80566406     0.00000888
  4310.79687500     0.00001112
  4311.79101563     0.00001391
  4312.78320313     0.00001736
  4313.77734375     0.00002162
  4314.77001953     0.00002687
  4315.76513672     0.00003334
  4316.75732422     0.00004125
  4317.75097656     0.00005095
  4318.74658203     0.00006283
  4319.73974609     0.00007729
  4320.73632813     0.00009493
  4321.72998047     0.00011630
  4322.72656250     0.00014227
  4323.72070313     0.00017359
  4324.71582031     0.00021140
  4325.71289063     0.00025702
  4326.70800781     0.00031173
  4327.70556641     0.00037746
  4328.70166016     0.00045599
  4329.69970703     0.00054991
  4330.69580078     0.00066157
  4331.69189453     0.00079424
  4332.69091797     0.00095206
  4333.68750000     0.00113836
  4334.68701172     0.00135900
  4335.68408203     0.00161834
  4336.68408203     0.00192416
  4337.68164063     0.00228204
  4338.67919922     0.00270088
  4339.67968750     0.00319151
  4340.67822266     0.00376220
  4341.67919922     0.00442748
  4342.67822266     0.00519791
  4343.67919922     0.00609160
  4344.67871094     0.00712244
  4345.67822266     0.00831041
  4346.68017578     0.00967993
  4347.68017578     0.01124834
  4348.68261719     0.01304836
  4349.68310547     0.01510054
  4350.68603516     0.01744521
  4351.68701172     0.02010629
  4352.68798828     0.02312506
  4353.69189453     0.02655236
  4354.69335938     0.03041385
  4355.69726563     0.03477567
  4356.69970703     0.03967236
  4357.70410156     0.04517560
  4358.70703125     0.05132518
  4359.70947266     0.05818692
  4360.71484375     0.06585237
  4361.71777344     0.07435003
  4362.72363281     0.08379864
  4363.72753906     0.09422930
  4364.73339844     0.10576127
  4365.73779297     0.11843742
  4366.74218750     0.13235712
  4367.74902344     0.14764425
  4368.75390625     0.16431957
  4369.76123047     0.18254478
  4370.76660156     0.20232883
  4371.77441406     0.22384633
  4372.78027344     0.24708991
  4373.78613281     0.27218246
  4374.79492188     0.29928488
  4375.80126953     0.32832986
  4376.81005859     0.35952833
  4377.81689453     0.39280990
  4378.82666016     0.42839545
  4379.83398438     0.46614522
  4380.84130859     0.50618064
  4381.85156250     0.54865557
  4382.85986328     0.59338367
  4383.87011719     0.64054137
  4384.87890625     0.68995982
  4385.89013672     0.74180794
  4386.89892578     0.79579502
  4387.91064453     0.85215294
  4388.91992188     0.91051078
  4389.92968750     0.97094202
  4390.94189453     1.03346479
  4391.95214844     1.09768486
  4392.96484375     1.16374171
  4393.97558594     1.23119199
  4394.98876953     1.30015635
  4396.00000000     1.37014782
  4397.01123047     1.44109607
  4398.02490234     1.51295996
  4399.03710938     1.58523607
  4400.05126953     1.65793180
  4401.06347656     1.73052192
  4402.07812500     1.80306888
  4403.09130859     1.87503839
  4404.10400391     1.94624317
  4405.11962891     2.01666307
  4406.13281250     2.08566999
  4407.14892578     2.15337777
  4408.16259766     2.21918488
  4409.17919922     2.28320336
  4410.19384766     2.34490156
  4411.20849609     2.40419579
  4412.22558594     2.46102667
  4413.24072266     2.51497173
  4414.25830078     2.56610560
  4415.27343750     2.61404729
  4416.29150391     2.65893364
  4417.30761719     2.70045328
  4418.32373047     2.73862696
  4419.34277344     2.77350569
  4420.35937500     2.80488229
  4421.37890625     2.83292222
  4422.39599609     2.85750079
  4423.41552734     2.87878418
  4424.43310547     2.89674711
  4425.45117188     2.91152978
  4426.47167969     2.92325449
  4427.49023438     2.93199420
  4428.51123047     2.93792534
  4429.52978516     2.94117403
  4430.55126953     2.94192076
  4431.57031250     2.94033504
  4432.58984375     2.93660092
  4433.61181641     2.93088913
  4434.63183594     2.92341328
  4435.65478516     2.91432619
  4436.67480469     2.90387034
  4437.69824219     2.89216709
  4438.71923828     2.87946415
  4439.73974609     2.86591649
  4440.76367188     2.85163736
  4441.78515625     2.83686662
  4442.80957031     2.82167506
  4443.83154297     2.80627942
  4444.85644531     2.79072523
  4445.87890625     2.77520561
  4446.90185547     2.75977707
  4447.92724609     2.74449682
  4448.95068359     2.72950411
  4449.97607422     2.71480227
  4451.00000000     2.70048714
  4452.02685547     2.68653250
  4453.05078125     2.67303991
  4454.07519531     2.65997291
  4455.10205078     2.64730644
  4456.12744141     2.63507748
  4457.15478516     2.62322283
  4458.18017578     2.61175561
  4459.20800781     2.60058665
  4460.23388672     2.58971524
  4461.26025391     2.57905912
  4462.28906250     2.56853652
  4463.31494141     2.55813360
  4464.34472656     2.54770756
  4465.37158203     2.53724980
  4466.40136719     2.52661872
  4467.42871094     2.51578450
  4468.45898438     2.50460291
  4469.48681641     2.49304247
  4470.51513672     2.48098159
  4471.54589844     2.46830344
  4472.57470703     2.45497155
  4473.60595703     2.44083786
  4474.63525391     2.42587352
  4475.66699219     2.40992689
  4476.69677734     2.39298201
  4477.72656250     2.37492895
  4478.75878906     2.35564494
  4479.78955078     2.33512974
  4480.82226563     2.31324816
  4481.85351563     2.29001236
  4482.88671875     2.26529026
  4483.91796875     2.23913050
  4484.94970703     2.21143675
  4485.98388672     2.18212032
  4487.01562500     2.15129972
  4488.05078125     2.11878753
  4489.08300781     2.08478093
  4490.11816406     2.04909587
  4491.15087891     2.01193690
  4492.18408203     1.97323275
  4493.22021484     1.93292511
  4494.25390625     1.89127338
  4495.29003906     1.84814203
  4496.32421875     1.80378485
  4497.36132813     1.75807130
  4498.39550781     1.71134984
  4499.43066406     1.66354561
  4500.46826172     1.61469221
  4501.50341797     1.56513345
  4502.54150391     1.51473153
  4503.57714844     1.46387124
  4504.61572266     1.41241825
  4505.65234375     1.36074638
  4506.68847656     1.30891824
  4507.72802734     1.25687420
  4508.76464844     1.20506728
  4509.80468750     1.15331650
  4510.84228516     1.10204601
  4511.88232422     1.05114555
  4512.92041016     1.00095594
  4513.95849609     0.95150191
  4514.99902344     0.90278459
  4516.03808594     0.85509723
  4517.07910156     0.80838478
  4518.11865234     0.76289517
  4519.16015625     0.71856475
  4520.20019531     0.67561644
  4521.23974609     0.63407344
  4522.28222656     0.59386247
  4523.32275391     0.55522329
  4524.36572266     0.51803309
  4525.40673828     0.48248088
  4526.45019531     0.44843936
  4527.49121094     0.41608113
  4528.53320313     0.38530168
  4529.57763672     0.35606277
  4530.61962891     0.32849133
  4531.66406250     0.30244136
  4532.70654297     0.27800086
  4533.75195313     0.25502941
  4534.79492188     0.23361316
  4535.83789063     0.21365993
  4536.88427734     0.19507100
  4537.92773438     0.17791735
  4538.97412109     0.16205767
  4540.01806641     0.14752816
  4541.06542969     0.13420229
  4542.10986328     0.12211514
  4543.15722656     0.11115301
  4544.20263672     0.10132395
  4545.24755859     0.09256782
  4546.29589844     0.08481605
  4547.34179688     0.07807608
  4548.39062500     0.07227988
  4549.43652344     0.06742968
  4550.48583984     0.06347050
  4551.53271484     0.06040408
  4552.58007813     0.05820246
  4553.62939453     0.05685368
  4554.67724609     0.05635593
  4555.72753906     0.05670710
  4556.77539063     0.05790948
  4557.82617188     0.05997936
  4558.87500000     0.06292325
  4559.92333984     0.06676261
  4560.97509766     0.07154144
  4562.02441406     0.07726552
  4563.07666016     0.08400124
  4564.12597656     0.09175225
  4565.17871094     0.10061211
  4566.22900391     0.11058325
  4567.27880859     0.12173344
  4568.33251953     0.13417311
  4569.38330078     0.14788406
  4570.43701172     0.16300622
  4571.48876953     0.17953688
  4572.54248047     0.19760431
  4573.59423828     0.21720889
  4574.64648438     0.23846006
  4575.70166016     0.26148176
  4576.75439453     0.28622282
  4577.80957031     0.31286043
  4578.86279297     0.34134373
  4579.91845703     0.37184754
  4580.97216797     0.40429533
  4582.02587891     0.43878439
  4583.08251953     0.47545496
  4584.13671875     0.51414937
  4585.19433594     0.55510384
  4586.24902344     0.59808230
  4587.30664063     0.64332074
  4588.36181641     0.69057620
  4589.41748047     0.73994726
  4590.47558594     0.79149342
  4591.53173828     0.84494853
  4592.59082031     0.90049386
  4593.64697266     0.95773965
  4594.70605469     1.01690590
  4595.76318359     1.07761037
  4596.82080078     1.13986301
  4597.88037109     1.20361412
  4598.93847656     1.26850379
  4599.99853516     1.33457303
  4601.05664063     1.40139782
  4602.11816406     1.46912575
  4603.17675781     1.53714788
  4604.23583984     1.60547042
  4605.29736328     1.67399824
  4606.35693359     1.74222100
  4607.41943359     1.81021953
  4608.47900391     1.87738335
  4609.54150391     1.94384730
  4610.60205078     2.00906873
  4611.66259766     2.07293773
  4612.72607422     2.13539648
  4613.78759766     2.19593287
  4614.85107422     2.25455570
  4615.91308594     2.31087160
  4616.97753906     2.36489224
  4618.03955078     2.41619134
  4619.10156250     2.46473289
  4620.16699219     2.51051307
  4621.22998047     2.55314636
  4622.29541016     2.59271646
  4623.35888672     2.62896609
  4624.42529297     2.66198397
  4625.48876953     2.69153643
  4626.55566406     2.71776319
  4627.61962891     2.74049234
  4628.68457031     2.75982070
  4629.75146484     2.77577615
  4630.81689453     2.78834414
  4631.88476563     2.79762316
  4632.95019531     2.80364180
  4634.01855469     2.80651259
  4635.08447266     2.80631495
  4636.15087891     2.80316329
  4637.22021484     2.79714942
  4638.28710938     2.78842378
  4639.35644531     2.77707148
  4640.42382813     2.76326585
  4641.49365234     2.74707818
  4642.56152344     2.72870231
  4643.62939453     2.70823717
  4644.70019531     2.68574214
  4645.76904297     2.66143608
  4646.84033203     2.63533092
  4647.90917969     2.60765243
  4648.98095703     2.57836056
  4650.05029297     2.54769230
  4651.12011719     2.51565146
  4652.19287109     2.48223448
  4653.26318359     2.44767547
  4654.33593750     2.41187787
  4655.40673828     2.37504077
  4656.47998047     2.33705974
  4657.55175781     2.29811287
  4658.62304688     2.25820565
  4659.69726563     2.21723986
  4660.76904297     2.17545152
  4661.84375000     2.13265967
  4662.91601563     2.08910799
  4663.99169922     2.04458690
  4665.06445313     1.99939120
  4666.13769531     1.95341444
  4667.21337891     1.90660918
  4668.28759766     1.85918772
  4669.36376953     1.81104815
  4670.43798828     1.76241982
  4671.51513672     1.71314240
  4672.58984375     1.66352916
  4673.66455078     1.61354351
  4674.74218750     1.56312883
  4675.81787109     1.51260102
  4676.89599609     1.46184790
  4677.97167969     1.41119862
  4679.05078125     1.36048245
  4680.12744141     1.31008410
  4681.20410156     1.26000154
  4682.28320313     1.21023750
  4683.36035156     1.16111231
  4684.44042969     1.11252224
  4685.51806641     1.06482708
  4686.59863281     1.01790619
  4687.67675781     0.97210735
  4688.75488281     0.92743367
  4689.83642578     0.88385522
  4690.91503906     0.84172952
  4691.99707031     0.80090392
  4693.07617188     0.76170683
  4694.15869141     0.72398829
  4695.23828125     0.68804187
  4696.31835938     0.65381026
  4697.40136719     0.62127721
  4698.48193359     0.59064829
  4699.56591797     0.56179303
  4700.64697266     0.53490424
  4701.73095703     0.50984883
  4702.81201172     0.48676413
  4703.89404297     0.46555388
  4704.97900391     0.44617200
  4706.06103516     0.42869538
  4707.14648438     0.41298562
  4708.22900391     0.39909002
  4709.31494141     0.38687363
  4710.39843750     0.37634242
  4711.48437500     0.36737901
  4712.56835938     0.35994422
  4713.65283203     0.35393566
  4714.73974609     0.34926006
  4715.82421875     0.34584558
  4716.91162109     0.34357905
  4717.99658203     0.34237224
  4719.08496094     0.34211695
  4720.17041016     0.34271052
  4721.25634766     0.34404632
  4722.34472656     0.34602332
  4723.43115234     0.34852806
  4724.52050781     0.35146719
  4725.60742188     0.35472316
  4726.69726563     0.35821104
  4727.78466797     0.36181560
  4728.87207031     0.36545032
  4729.96240234     0.36903453
  4731.05078125     0.37246633
  4732.14160156     0.37567857
  4733.22998047     0.37858194
  4734.32177734     0.38112220
  4735.41113281     0.38322246
  4736.50048828     0.38483256
  4737.59228516     0.38590500
  4738.68212891     0.38639256
  4739.77490234     0.38626111
  4740.86523438     0.38548252
  4741.95898438     0.38403046
  4743.04931641     0.38189986
  4744.14062500     0.37907717
  4745.23437500     0.37555474
  4746.32617188     0.37135223
  4747.42089844     0.36646199
  4748.51318359     0.36092561
  4749.60791016     0.35474163
  4750.70019531     0.34796607
  4751.79345703     0.34061188
  4752.88916016     0.33270350
  4753.98242188     0.32431680
  4755.07861328     0.31545392
  4756.17285156     0.30619979
  4757.26953125     0.29656518
  4758.36425781     0.28663781
  4759.45849609     0.27645567
  4760.55615234     0.26603213
  4761.65136719     0.25547305
  4762.74951172     0.24477652
  4763.84472656     0.23404847
  4764.94335938     0.22327416
  4766.03955078     0.21255660
  4767.13623047     0.20191036
  4768.23535156     0.19135782
  4769.33251953     0.18097942
  4770.43212891     0.17076916
  4771.52978516     0.16080016
  4772.62988281     0.15106180
  4773.72802734     0.14161900
  4774.82617188     0.13247660
  4775.92675781     0.12363454
  4777.02587891     0.11514059
  4778.12744141     0.10697782
  4779.22656250     0.09919210
  4780.32861328     0.09175234
  4781.42822266     0.08469901
  4782.52832031     0.07801365
  4783.63134766     0.07168198
  4784.73144531     0.06573427
  4785.83496094     0.06013096
  4786.93603516     0.05489507
  4788.03955078     0.04999443
  4789.14111328     0.04543854
  4790.24316406     0.04120512
  4791.34716797     0.03727714
  4792.44970703     0.03365365
  4793.55517578     0.03030691
  4794.65771484     0.02724029
  4795.76318359     0.02442284
  4796.86669922     0.02185262
  4797.97265625     0.01950473
  4799.07666016     0.01737409
  4800.18066406     0.01544197
  4801.28710938     0.01369070
  4802.39208984     0.01211307
  4803.49951172     0.01069053
  4804.60449219     0.00941672
  4805.71240234     0.00827346
  4806.81787109     0.00725495
  4807.92382813     0.00634733
  4809.03271484     0.00553893
  4810.13867188     0.00482449
  4811.24804688     0.00419104
  4812.35449219     0.00363402
  4813.46435547     0.00314261
  4814.57177734     0.00271247
  4815.67919922     0.00233600
  4816.78955078     0.00200649
  4817.89794922     0.00172008
  4819.00878906     0.00147075
  4820.11767578     0.00125510
  4821.22900391     0.00106830
  4822.33837891     0.00090753
  4823.44726563     0.00076929
  4824.55957031     0.00065031
  4825.66943359     0.00054871
  4826.78271484     0.00046170
  4827.89306641     0.00038779
  4829.00634766     0.00032484
  4830.11718750     0.00027160
  4831.22851563     0.00022656
  4832.34228516     0.00018849
  4833.45361328     0.00015652
  4834.56884766     0.00012960
  4835.68066406     0.00010713
  4836.79589844     0.00008831
  4837.90820313     0.00007267
  4839.02148438     0.00005965
  4840.13769531     0.00004883
  4841.25048828     0.00003990
  4842.36718750     0.00003251
  4843.48144531     0.00002645
  4844.59814453     0.00002145
  4845.71240234     0.00001737
  4846.82714844     0.00001403
  4847.94482422     0.00001130
  4849.06005859     0.00000909
  4850.17871094     0.00000729
  4851.29443359     0.00000583
  4852.41308594     0.00000465
  4853.52929688     0.00000371
  4854.64550781     0.00000295
  4855.76513672     0.00000234
  4856.88232422     0.00000185
  4858.00244141     0.00000146
  4859.11962891     0.00000115
  4860.24023438     0.00000090
  4861.35839844     0.00000071
  4862.47705078     0.00000055
  4863.59814453     0.00000043
  4864.71679688     0.00000034
  4865.83886719     0.00000026
  4866.95849609     0.00000020
  4868.08056641     0.00000016
  4869.20019531     0.00000012
  4870.32031250     0.00000009
  4871.44384766     0.00000007
  4872.56445313     0.00000005
  4873.68798828     0.00000004
  4874.80908203     0.00000003
  4875.93310547     0.00000002
  4877.05468750     0.00000002
  4878.17675781     0.00000001
  4879.30175781     0.00000001
  4880.42431641     0.00000001
  4881.54980469     0.00000001
  4882.67285156     0.00000000
  4883.79833984     0.00000000
  4884.92236328     0.00000000
  4886.04882813     0.00000000
  4887.17236328     0.00000000
  4888.29687500     0.00000000
  4889.42382813     0.00000000
  4890.54882813     0.00000000
  4891.67675781     0.00000000
  4892.80175781     0.00000000
  4893.93017578     0.00000000
  4895.05615234     0.00000000
  4896.18212891     0.00000000
  4897.31103516     0.00000000
  4898.43798828     0.00000000
  4899.56738281     0.00000000
  4900.69433594     0.00000000
  4901.82421875     0.00000000
  4902.95214844     0.00000000
  4904.08007813     0.00000000
  4905.21093750     0.00000000
  4906.33935547     0.00000000
  4907.47070313     0.00000000
  4908.59960938     0.00000000
  4909.73193359     0.00000000
  4910.86132813     0.00000000
  4911.99072266     0.00000000
  4913.12353516     0.00000000
  4914.25390625     0.00000000
  4915.38720703     0.00000000
  4916.51806641     0.00000000
  4917.65185547     0.00000000
  4918.78271484     0.00000000
  4919.91455078     0.00000000
  4921.04882813     0.00000000
  4922.18115234     0.00000000
  4923.31640625     0.00000000
  4924.44873047     0.00000000
  4925.58447266     0.00000000
  4926.71728516     0.00000000
  4927.85058594     0.00000000
  4928.98681641     0.00000000
  4930.12109375     0.00000000
  4931.25781250     0.00000000
  4932.39208984     0.00000000
  4933.52978516     0.00000000
  4934.66503906     0.00000000
  4935.79980469     0.00000000
  4936.93847656     0.00000000
  4938.07373047     0.00000000
  4939.21289063     0.00000000
  4940.34912109     0.00000000
  4941.48779297     0.00000000
  4942.62500000     0.00000000
  4943.76171875     0.00000000
  4944.90185547     0.00000000
  4946.03955078     0.00000000
  4947.18017578     0.00000000
  4948.31787109     0.00000000
  4949.45898438     0.00000000
  4950.59765625     0.00000000
  4951.73681641     0.00000000
  4952.87841797     0.00000000
  4954.01806641     0.00000000
  4955.16064453     0.00000000
  4956.30029297     0.00000000
  4957.44287109     0.00000000
  4958.58349609     0.00000000
  4959.72460938     0.00000000
  4960.86816406     0.00000000
  4962.00927734     0.00000000
  4963.15380859     0.00000000
  4964.29541016     0.00000000
  4965.43994141     0.00000000
  4966.58203125     0.00000000
  4967.72460938     0.00000000
  4968.87060547     0.00000000
  4970.01367188     0.00000000
  4971.15966797     0.00000000
  4972.30322266     0.00000000
  4973.44970703     0.00000000
  4974.59375000     0.00000000
  4975.74121094     0.00000001
  4976.88574219     0.00000001
  4978.03076172     0.00000001
  4979.17871094     0.00000001
  4980.32421875     0.00000002
  4981.47265625     0.00000002
  4982.61865234     0.00000003
  4983.76757813     0.00000004
  4984.91406250     0.00000005
  4986.06054688     0.00000007
  4987.21044922     0.00000009
  4988.35791016     0.00000011
  4989.50830078     0.00000014
  4990.65625000     0.00000019
  4991.80664063     0.00000024
  4992.95507813     0.00000031
  4994.10400391     0.00000039
  4995.25537109     0.00000050
  4996.40429688     0.00000064
  4997.55664063     0.00000081
  4998.70654297     0.00000102
  4999.85937500     0.00000130
  5001.00927734     0.00000164
  5002.15966797     0.00000206
  5003.31347656     0.00000259
  5004.46435547     0.00000326
  5005.61816406     0.00000408
  5006.77001953     0.00000510
  5007.92431641     0.00000636
  5009.07666016     0.00000792
  5010.22851563     0.00000985
  5011.38427734     0.00001222
  5012.53662109     0.00001512
  5013.69287109     0.00001868
  5014.84619141     0.00002302
  5016.00244141     0.00002834
  5017.15673828     0.00003479
  5018.31054688     0.00004262
  5019.46826172     0.00005213
  5020.62255859     0.00006361
  5021.78076172     0.00007750
  5022.93554688     0.00009417
  5024.09423828     0.00011427
  5025.25000000     0.00013830
  5026.40576172     0.00016704
  5027.56494141     0.00020145
  5028.72167969     0.00024234
  5029.88134766     0.00029107
  5031.03808594     0.00034870
  5032.19824219     0.00041710
  5033.35595703     0.00049770
  5034.51416016     0.00059267
  5035.67480469     0.00070457
  5036.83349609     0.00083560
  5037.99511719     0.00098935
  5039.15380859     0.00116846
  5040.31591797     0.00137779
  5041.47558594     0.00162068
  5042.63525391     0.00190241
  5043.79785156     0.00222936
  5044.95800781     0.00260617
  5046.12158203     0.00304169
  5047.28222656     0.00354119
  5048.44628906     0.00411593
  5049.60791016     0.00477244
  5050.76904297     0.00552177
  5051.93408203     0.00637847
  5053.09619141     0.00734999
  5054.26171875     0.00845522
  5055.42431641     0.00970285
  5056.58984375     0.01111503
  5057.75341797     0.01270313
  5058.91699219     0.01448770
  5060.08300781     0.01649277
  5061.24755859     0.01873281
  5062.41455078     0.02123797
  5063.57910156     0.02402118
  5064.74658203     0.02712029
  5065.91210938     0.03054855
  5067.08007813     0.03434610
  5068.24560547     0.03852500
  5069.41162109     0.04312345
  5070.58056641     0.04818242
  5071.74707031     0.05370887
  5072.91699219     0.05976150
  5074.08349609     0.06633519
  5075.25390625     0.07350170
  5076.42138672     0.08124948
  5077.58935547     0.08962802
  5078.76025391     0.09868520
  5079.92822266     0.10840170
  5081.10009766     0.11885937
  5082.26904297     0.13001990
  5083.44091797     0.14195816
  5084.61035156     0.15463570
  5085.77978516     0.16808869
  5086.95263672     0.18236783
  5088.12304688     0.19740638
  5089.29638672     0.21327227
  5090.46728516     0.22988674
  5091.64111328     0.24731375
  5092.81201172     0.26544797
  5093.98388672     0.28432292
  5095.15820313     0.30393386
  5096.33056641     0.32416934
  5097.50585938     0.34506905
  5098.67871094     0.36648530
  5099.85400391     0.38844773
  5101.02734375     0.41080806
  5102.20117188     0.43353879
  5103.37744141     0.45659909
  5104.55126953     0.47980726
  5105.72851563     0.50318712
  5106.90332031     0.52652538
  5108.08056641     0.54981661
  5109.25585938     0.57286787
  5110.43115234     0.59560877
  5111.60986328     0.61799198
  5112.78564453     0.63978326
  5113.96435547     0.66097677
  5115.14111328     0.68137002
  5116.32031250     0.70092565
  5117.49755859     0.71946013
  5118.67480469     0.73689985
  5119.85546875     0.75318772
  5121.03320313     0.76813835
  5122.21386719     0.78173500
  5123.39208984     0.79383153
  5124.57373047     0.80441058
  5125.75244141     0.81334800
  5126.93164063     0.82061797
  5128.11425781     0.82618374
  5129.29394531     0.82997859
  5130.47656250     0.83199668
  5131.65673828     0.83221483
  5132.84033203     0.83063048
  5134.02099609     0.82726121
  5135.20214844     0.82212460
  5136.38623047     0.81523561
  5137.56787109     0.80666870
  5138.75244141     0.79643863
  5139.93457031     0.78465551
  5141.12011719     0.77133346
  5142.30273438     0.75662529
  5143.48583984     0.74058336
  5144.67187500     0.72326612
  5145.85546875     0.70485419
  5147.04199219     0.68537158
  5148.22607422     0.66501743
  5149.41308594     0.64381361
  5150.59814453     0.62196243
  5151.78271484     0.59955549
  5152.97070313     0.57663345
  5154.15625000     0.55342382
  5155.34472656     0.52993429
  5156.53076172     0.50638032
  5157.71972656     0.48276114
  5158.90625000     0.45928425
  5160.09570313     0.43593928
  5161.28271484     0.41292137
  5162.47021484     0.39025623
  5163.66113281     0.36796647
  5164.84863281     0.34624961
  5166.03955078     0.32504290
  5167.22802734     0.30450639
  5168.41992188     0.28458735
  5169.60888672     0.26543254
  5170.79785156     0.24702501
  5171.99023438     0.22934121
  5173.18017578     0.21248829
  5174.37304688     0.19640367
  5175.56347656     0.18116695
  5176.75683594     0.16671111
  5177.94775391     0.15309748
  5179.13916016     0.14028168
  5180.33349609     0.12822756
  5181.52490234     0.11697704
  5182.71972656     0.10645002
  5183.91210938     0.09667549
  5185.10742188     0.08758374
  5186.30029297     0.07918797
  5187.49365234     0.07143620
  5188.68945313     0.06428718
  5189.88330078     0.05773572
  5191.08007813     0.05172344
  5192.27392578     0.04624729
  5193.47167969     0.04124411
  5194.66650391     0.03671106
  5195.86132813     0.03260397
  5197.05957031     0.02888229
  5198.25488281     0.02553632
  5199.45410156     0.02251871
  5200.64990234     0.01982077
  5201.84912109     0.01740092
  5203.04589844     0.01524662
  5204.24267578     0.01332940
  5205.44287109     0.01162285
  5206.64013672     0.01011566
  5207.84130859     0.00878029
  5209.03906250     0.00760731
  5210.24023438     0.00657364
  5211.43896484     0.00566946
  5212.63769531     0.00487877
  5213.83984375     0.00418718
  5215.03906250     0.00358696
  5216.24169922     0.00306456
  5217.44189453     0.00261324
  5218.64501953     0.00222255
  5219.84570313     0.00188668
  5221.04638672     0.00159802
  5222.25048828     0.00134988
  5223.45166016     0.00113822
  5224.65625000     0.00095719
  5225.85839844     0.00080348
  5227.06298828     0.00067279
  5228.26562500     0.00056236
  5229.46826172     0.00046912
  5230.67431641     0.00039043
  5231.87744141     0.00032456
  5233.08398438     0.00026932
  5234.28808594     0.00022339
  5235.49511719     0.00018521
  5236.69921875     0.00015380
  5237.90380859     0.00012806
  5239.11181641     0.00010713
  5240.31738281     0.00009044
  5241.52587891     0.00007735
  5242.73144531     0.00006747
  5243.94042969     0.00006041
  5245.14697266     0.00005595
  5246.35595703     0.00005390
  5247.56298828     0.00005418
  5248.77050781     0.00005680
  5249.98046875     0.00006184
  5251.18847656     0.00006944
  5252.39941406     0.00007988
  5253.60791016     0.00009344
  5254.81933594     0.00011062
  5256.02783203     0.00013188
  5257.23730469     0.00015793
  5258.44921875     0.00018962
  5259.65917969     0.00022778
  5260.87207031     0.00027369
  5262.08203125     0.00032844
  5263.29541016     0.00039383
  5264.50634766     0.00047135
  5265.71777344     0.00056320
  5266.93164063     0.00067193
  5268.14355469     0.00079989
  5269.35839844     0.00095073
  5270.57031250     0.00112728
  5271.78564453     0.00133453
  5272.99853516     0.00157611
  5274.21191406     0.00185772
  5275.42773438     0.00218584
  5276.64160156     0.00256593
  5277.85839844     0.00300702
  5279.07275391     0.00351551
  5280.29003906     0.00410299
  5281.50439453     0.00477693
  5282.71972656     0.00555071
  5283.93750000     0.00643835
  5285.15332031     0.00745065
  5286.37158203     0.00860669
  5287.58837891     0.00991971
  5288.80761719     0.01141247
  5290.02392578     0.01309818
  5291.24121094     0.01500332
  5292.46093750     0.01715445
  5293.67871094     0.01956904
  5294.89990234     0.02228520
  5296.11767578     0.02531640
  5297.33886719     0.02871029
  5298.55761719     0.03248334
  5299.77636719     0.03667599
  5300.99853516     0.04133765
  5302.21826172     0.04648393
  5303.44042969     0.05217444
  5304.66064453     0.05842926
  5305.88427734     0.06531850
  5307.10449219     0.07284597
  5308.32568359     0.08107975
  5309.54980469     0.09007996
  5310.77099609     0.09984691
  5311.99560547     0.11047519
  5313.21777344     0.12195748
  5314.44335938     0.13439134
  5315.66552734     0.14774732
  5316.88818359     0.16210231
  5318.11425781     0.17753078
  5319.33789063     0.19399247
  5320.56445313     0.21158881
  5321.78857422     0.23026779
  5323.01611328     0.25013974
  5324.24023438     0.27110854
  5325.46484375     0.29324543
  5326.69335938     0.31662068
  5327.91894531     0.34110120
  5329.14746094     0.36679217
  5330.37353516     0.39356285
  5331.60253906     0.42150390
  5332.82861328     0.45044655
  5334.05566406     0.48043701
  5335.28564453     0.51147550
  5336.51318359     0.54336655
  5337.74316406     0.57616770
  5338.97119141     0.60968500
  5340.20214844     0.64396751
  5341.43115234     0.67878699
  5342.66259766     0.71416873
  5343.89160156     0.74986619
  5345.12158203     0.78586614
  5346.35400391     0.82209587
  5347.58398438     0.85829103
  5348.81689453     0.89448571
  5350.04785156     0.93041080
  5351.28125000     0.96606755
  5352.51220703     1.00118864
  5353.74365234     1.03573430
  5354.97851563     1.06966162
  5356.20996094     1.10266483
  5357.44482422     1.13481402
  5358.67773438     1.16586089
  5359.91357422     1.19582772
  5361.14648438     1.22448182
  5362.37988281     1.25182474
  5363.61621094     1.27783394
  5364.85009766     1.30233538
  5366.08740234     1.32539475
  5367.32177734     1.34685647
  5368.55908203     1.36679792
  5369.79443359     1.38512671
  5371.02929688     1.40186977
  5372.26806641     1.41709316
  5373.50439453     1.43074083
  5374.74365234     1.44290733
  5375.97949219     1.45357788
  5377.21972656     1.46287525
  5378.45605469     1.47080171
  5379.69384766     1.47746909
  5380.93408203     1.48295653
  5382.17236328     1.48732924
  5383.41308594     1.49069142
  5384.65185547     1.49312234
  5385.89355469     1.49472332
  5387.13232422     1.49557877
  5388.37158203     1.49578381
  5389.61474609     1.49542224
  5390.85449219     1.49457884
  5392.09765625     1.49332547
  5393.33789063     1.49173737
  5394.58154297     1.48986804
  5395.82226563     1.48777854
  5397.06396484     1.48550534
  5398.30810547     1.48307657
  5399.55029297     1.48052239
  5400.79492188     1.47784305
  5402.03808594     1.47504592
  5403.28369141     1.47210944
  5404.52685547     1.46902215
  5405.76953125     1.46574640
  5407.01660156     1.46222568
  5408.26025391     1.45842946
  5409.50781250     1.45427585
  5410.75195313     1.44972217
  5411.99951172     1.44467139
  5413.24414063     1.43907237
  5414.48974609     1.43282974
  5415.73876953     1.42584658
  5416.98437500     1.41807997
  5418.23339844     1.40940714
  5419.47949219     1.39979458
  5420.72949219     1.38911521
  5421.97656250     1.37735820
  5423.22412109     1.36443353
  5424.47460938     1.35025740
  5425.72265625     1.33484530
  5426.97363281     1.31809461
  5428.22167969     1.30005908
  5429.47363281     1.28062427
  5430.72314453     1.25988340
  5431.97265625     1.23780882
  5433.22509766     1.21436453
  5434.47509766     1.18968248
  5435.72802734     1.16369879
  5436.97851563     1.13657868
  5438.23242188     1.10825861
  5439.48291016     1.07896698
  5440.73730469     1.04861522
  5441.98925781     1.01744676
  5443.24121094     0.98550147
  5444.49609375     0.95280653
  5445.74853516     0.91961068
  5447.00488281     0.88585818
  5448.25732422     0.85187429
  5449.51416016     0.81755108
  5450.76757813     0.78321874
  5452.02148438     0.74888670
  5453.27880859     0.71458936
  5454.53369141     0.68059826
  5455.79101563     0.64688861
  5457.04638672     0.61368090
  5458.30419922     0.58095628
  5459.56005859     0.54891998
  5460.81640625     0.51759219
  5462.07568359     0.48699167
  5463.33203125     0.45732921
  5464.59179688     0.42851630
  5465.84912109     0.40074047
  5467.10937500     0.37392807
  5468.36718750     0.34822991
  5469.62548828     0.32361180
  5470.88671875     0.30005038
  5472.14453125     0.27767628
  5473.40673828     0.25635719
  5474.66601563     0.23621729
  5475.92871094     0.21714775
  5477.18798828     0.19923812
  5478.44824219     0.18240350
  5479.71142578     0.16659890
  5480.97216797     0.15186384
  5482.23583984     0.13810410
  5483.49707031     0.12534352
  5484.76171875     0.11348603
  5486.02343750     0.10255171
  5487.28564453     0.09246680
  5488.55078125     0.08317236
  5489.81396484     0.07466174
  5491.07958984     0.06686190
  5492.34277344     0.05975913
  5493.60888672     0.05328027
  5494.87304688     0.04740839
  5496.13720703     0.04209146
  5497.40429688     0.03727854
  5498.66943359     0.03294969
  5499.93701172     0.02905254
