  4000.89990234     0.00000000
  4001.82006836     0.00000000
  4002.74316406     0.00000000
  4003.66381836     0.00000000
  4004.58715820     0.00000000
  4005.50830078     0.00000000
  4006.43188477     0.00000000
  4007.35351563     0.00000000
  4008.27563477     0.00000000
  4009.19995117     0.00000000
  4010.12231445     0.00000000
  4011.04687500     0.00000000
  4011.96972656     0.00000000
  4012.89453125     0.00000000
  4013.81787109     0.00000000
  4014.74121094     0.00000000
  4015.66699219     0.00000000
  4016.59106445     0.00000000
  4017.51708984     0.00000000
  4018.44140625     0.00000000
  4019.36791992     0.00000000
  4020.29272461     0.00000000
  4021.21752930     0.00000000
  4022.14477539     0.00000000
  4023.07006836     0.00000000
  4023.99780273     0.00000000
  4024.92333984     0.00000000
  4025.85180664     0.00000000
  4026.77783203     0.00000000
  4027.70410156     0.00000000
  4028.63305664     0.00000000
  4029.55981445     0.00000000
  4030.48901367     0.00000000
  4031.41601563     0.00000000
  4032.34570313     0.00000000
  4033.27343750     0.00000000
  4034.20117188     0.00000000
  4035.13134766     0.00000000
  4036.05981445     0.00000000
  4036.99047852     0.00000000
  4037.91918945     0.00000000
  4038.85034180     0.00000000
  4039.77929688     0.00000000
  4040.70874023     0.00000000
  4041.64038086     0.00000000
  4042.57031250     0.00000000
  4043.50244141     0.00000000
  4044.43261719     0.00000000
  4045.36547852     0.00000000
  4046.29614258     0.00000000
  4047.22680664     0.00000000
  4048.16040039     0.00000000
  4049.09155273     0.00000000
  4050.02514648     0.00000000
  4050.95703125     0.00000000
  4051.89086914     0.00000000
  4052.82299805     0.00000000
  4053.75561523     0.00000000
  4054.69018555     0.00000000
  4055.62304688     0.00000000
  4056.55810547     0.00000000
  4057.49169922     0.00000000
  4058.42724609     0.00000000
  4059.36083984     0.00000000
  4060.29467773     0.00000000
  4061.23071289     0.00000000
  4062.16503906     0.00000000
  4063.10205078     0.00000000
  4064.03662109     0.00000000
  4064.97387695     0.00000000
  4065.90893555     0.00000000
  4066.84423828     0.00000000
  4067.78198242     0.00000000
  4068.71801758     0.00000000
  4069.65600586     0.00000000
  4070.59228516     0.00000000
  4071.53100586     0.00000000
  4072.46752930     0.00000000
  4073.40454102     0.00000000
  4074.34375000     0.00000000
  4075.28100586     0.00000000
  4076.22094727     0.00000000
  4077.15869141     0.00000000
  4078.09863281     0.00000000
  4079.03686523     0.00000000
  4079.97753906     0.00000000
  4080.91625977     0.00000000
  4081.85498047     0.00000000
  4082.79614258     0.00000000
  4083.73559570     0.00000000
  4084.67724609     0.00000000
  4085.61694336     0.00000000
  4086.55908203     0.00000000
  4087.49902344     0.00000000
  4088.43945313     0.00000000
  4089.38208008     0.00000000
  4090.32275391     0.00000000
  4091.26635742     0.00000000
  4092.20727539     0.00000000
  4093.15087891     0.00000000
  4094.09252930     0.00000000
  4095.03442383     0.00000000
  4095.97875977     0.00000000
  4096.92089844     0.00000000
  4097.86572266     0.00000000
  4098.80859375     0.00000000
  4099.75341797     0.00000000
  4100.69677734     0.00000000
  4101.64013672     0.00000000
  4102.58593750     0.00000000
  4103.52978516     0.00000000
  4104.47607422     0.00000000
  4105.42041016     0.00000000
  4106.36718750     0.00000000
  4107.31152344     0.00000000
  4108.25634766     0.00000000
  4109.20410156     0.00000000
  4110.14941406     0.00000000
  4111.09716797     0.00000000
  4112.04296875     0.00000000
  4112.99121094     0.00000000
  4113.93701172     0.00000000
  4114.88378906     0.00000000
  4115.83251953     0.00000000
  4116.77929688     0.00000000
  4117.72851563     0.00000000
  4118.67578125     0.00000000
  4119.62548828     0.00000000
  4120.57324219     0.00000000
  4121.52148438     0.00000000
  4122.47167969     0.00000000
  4123.42041016     0.00000000
  4124.37109375     0.00000000
  4125.31982422     0.00000000
  4126.27099609     0.00000000
  4127.22021484     0.00000000
  4128.16943359     0.00000000
  4129.12158203     0.00000000
  4130.07177734     0.00000000
  4131.02392578     0.00000000
  4131.97460938     0.00000000
  4132.92724609     0.00000000
  4133.87792969     0.00000000
  4134.82910156     0.00000000
  4135.78222656     0.00000000
  4136.73388672     0.00000000
  4137.68798828     0.00000000
  4138.63964844     0.00000000
  4139.59375000     0.00000000
  4140.54638672     0.00000000
  4141.49902344     0.00000000
  4142.45410156     0.00000000
  4143.40673828     0.00000000
  4144.36230469     0.00000000
  4145.31591797     0.00000000
  4146.27148438     0.00000000
  4147.22558594     0.00000000
  4148.17968750     0.00000000
  4149.13574219     0.00000000
  4150.09033203     0.00000000
  4151.04736328     0.00000000
  4152.00244141     0.00000000
  4152.95996094     0.00000000
  4153.91552734     0.00000000
  4154.87304688     0.00000000
  4155.82910156     0.00000000
  4156.78515625     0.00000000
  4157.74365234     0.00000000
  4158.70019531     0.00000000
  4159.65869141     0.00000000
  4160.61572266     0.00000000
  4161.57568359     0.00000000
  4162.53271484     0.00000000
  4163.49023438     0.00000000
  4164.45068359     0.00000000
  4165.40869141     0.00000000
  4166.36914063     0.00000000
  4167.32763672     0.00000000
  4168.28857422     0.00000000
  4169.24707031     0.00000000
  4170.20654297     0.00000000
  4171.16845703     0.00000000
  4172.12792969     0.00000000
  4173.08984375     0.00000000
  4174.04980469     0.00000000
  4175.01220703     0.00000000
  4175.97265625     0.00000000
  4176.93359375     0.00000000
  4177.89648438     0.00000000
  4178.85791016     0.00000000
  4179.82128906     0.00000000
  4180.78320313     0.00000000
  4181.74707031     0.00000000
  4182.70898438     0.00000000
  4183.67138672     0.00000000
  4184.63574219     0.00000000
  4185.59863281     0.00000000
  4186.56396484     0.00000000
  4187.52734375     0.00000000
  4188.49267578     0.00000000
  4189.45605469     0.00000000
  4190.41992188     0.00000000
  4191.38623047     0.00000000
  4192.35058594     0.00000000
  4193.31738281     0.00000000
  4194.28173828     0.00000000
  4195.24902344     0.00000000
  4196.21435547     0.00000000
  4197.17919922     0.00000000
  4198.14746094     0.00000000
  4199.11328125     0.00000000
  4200.08154297     0.00000000
  4201.04785156     0.00000000
  4202.01660156     0.00000000
  4202.98339844     0.00000000
  4203.95019531     0.00000000
  4204.91943359     0.00000000
  4205.88671875     0.00000000
  4206.85644531     0.00000000
  4207.82421875     0.00000000
  4208.79492188     0.00000000
  4209.76269531     0.00000000
  4210.73144531     0.00000000
  4211.70263672     0.00000000
  4212.67138672     0.00000000
  4213.64257813     0.00000000
  4214.61230469     0.00000000
  4215.58398438     0.00000000
  4216.55371094     0.00000000
  4217.52392578     0.00000000
  4218.49609375     0.00000000
  4219.46679688     0.00000000
  4220.43994141     0.00000000
  4221.41064453     0.00000000
  4222.38427734     0.00000000
  4223.35546875     0.00000000
  4224.32714844     0.00000000
  4225.30126953     0.00000000
  4226.27343750     0.00000000
  4227.24755859     0.00000000
  4228.22021484     0.00000000
  4229.19531250     0.00000000
  4230.16796875     0.00000000
  4231.14355469     0.00000000
  4232.11718750     0.00000000
  4233.09033203     0.00000000
  4234.06689453     0.00000000
  4235.04101563     0.00000000
  4236.01708984     0.00000000
  4236.99218750     0.00000000
  4237.96875000     0.00000000
  4238.94384766     0.00000000
  4239.91894531     0.00000000
  4240.89697266     0.00000000
  4241.87255859     0.00000000
  4242.85058594     0.00000000
  4243.82666016     0.00000000
  4244.80517578     0.00000000
  4245.78173828     0.00000000
  4246.75878906     0.00000000
  4247.73779297     0.00000000
  4248.71484375     0.00000000
  4249.69482422     0.00000000
  4250.67236328     0.00000000
  4251.65283203     0.00000000
  4252.63085938     0.00000000
  4253.60888672     0.00000000
  4254.58984375     0.00000000
  4255.56835938     0.00000000
  4256.54980469     0.00000000
  4257.52929688     0.00000000
  4258.51074219     0.00000000
  4259.49023438     0.00000000
  4260.47070313     0.00000000
  4261.45312500     0.00000000
  4262.43310547     0.00000000
  4263.41601563     0.00000000
  4264.39697266     0.00000000
  4265.38037109     0.00000000
  4266.36132813     0.00000000
  4267.34326172     0.00000000
  4268.32714844     0.00000000
  4269.30908203     0.00000000
  4270.29345703     0.00000000
  4271.27587891     0.00000000
  4272.26074219     0.00000000
  4273.24365234     0.00000000
  4274.22656250     0.00000000
  4275.21240234     0.00000000
  4276.19580078     0.00000000
  4277.18164063     0.00000000
  4278.16601563     0.00000000
  4279.15234375     0.00000000
  4280.13671875     0.00000000
  4281.12158203     0.00000000
  4282.10888672     0.00000000
  4283.09375000     0.00000000
  4284.08105469     0.00000000
  4285.06689453     0.00000000
  4286.05517578     0.00000000
  4287.04101563     0.00000000
  4288.02734375     0.00000000
  4289.01611328     0.00000000
  4290.00292969     0.00000000
  4290.99218750     0.00000000
  4291.97949219     0.00000000
  4292.96923828     0.00000000
  4293.95654297     0.00000000
  4294.94433594     0.00000000
  4295.93505859     0.00000000
  4296.92285156     0.00000000
  4297.91357422     0.00000000
  4298.90283203     0.00000000
  4299.89404297     0.00000000
  4300.88330078     0.00000000
  4301.87255859     0.00000000
  4302.86474609     0.00000000
  4303.85449219     0.00000000
  4304.84667969     0.00000000
  4305.83740234     0.00000000
  4306.83007813     0.00000000
  4307.82080078     0.00000000
  4308.81396484     0.00000000
  4309.80566406     0.00000000
  4310.79687500     0.00000000
  4311.79101563     0.00000000
  4312.78320313     0.00000001
  4313.77734375     0.00000001
  4314.77001953     0.00000001
  4315.76513672     0.00000001
  4316.75732422     0.00000001
  4317.75097656     0.00000002
  4318.74658203     0.00000002
  4319.73974609     0.00000002
  4320.73632813     0.00000003
  4321.72998047     0.00000003
  4322.72656250     0.00000004
  4323.72070313     0.00000005
  4324.71582031     0.00000006
  4325.71289063     0.00000008
  4326.70800781     0.00000010
  4327.70556641     0.00000012
  4328.70166016     0.00000014
  4329.69970703     0.00000017
  4330.69580078     0.00000021
  4331.69189453     0.00000025
  4332.69091797     0.00000031
  4333.68750000     0.00000037
  4334.68701172     0.00000045
  4335.68408203     0.00000055
  4336.68408203     0.00000066
  4337.68164063     0.00000079
  4338.67919922     0.00000096
  4339.67968750     0.00000115
  4340.67822266     0.00000138
  4341.67919922     0.00000166
  4342.67822266     0.00000198
  4343.67919922     0.00000237
  4344.67871094     0.00000284
  4345.67822266     0.00000339
  4346.68017578     0.00000404
  4347.68017578     0.00000481
  4348.68261719     0.00000573
  4349.68310547     0.00000681
  4350.68603516     0.00000808
  4351.68701172     0.00000958
  4352.68798828     0.00001135
  4353.69189453     0.00001343
  4354.69335938     0.00001586
  4355.69726563     0.00001872
  4356.69970703     0.00002207
  4357.70410156     0.00002600
  4358.70703125     0.00003057
  4359.70947266     0.00003591
  4360.71484375     0.00004215
  4361.71777344     0.00004940
  4362.72363281     0.00005785
  4363.72753906     0.00006765
  4364.73339844     0.00007903
  4365.73779297     0.00009221
  4366.74218750     0.00010745
  4367.74902344     0.00012511
  4368.75390625     0.00014546
  4369.76123047     0.00016898
  4370.76660156     0.00019602
  4371.77441406     0.00022720
  4372.78027344     0.00026296
  4373.78613281     0.00030400
  4374.79492188     0.00035118
  4375.80126953     0.00040507
  4376.81005859     0.00046684
  4377.81689453     0.00053727
  4378.82666016     0.00061786
  4379.83398438     0.00070948
  4380.84130859     0.00081375
  4381.85156250     0.00093263
  4382.85986328     0.00106738
  4383.87011719     0.00122052
  4384.87890625     0.00139375
  4385.89013672     0.00159027
  4386.89892578     0.00181185
  4387.91064453     0.00206274
  4388.91992188     0.00234496
  4389.92968750     0.00266294
  4390.94189453     0.00302155
  4391.95214844     0.00342375
  4392.96484375     0.00387626
  4393.97558594     0.00438261
  4394.98876953     0.00495100
  4396.00000000     0.00558553
  4397.01123047     0.00629434
  4398.02490234     0.00708723
  4399.03710938     0.00796976
  4400.05126953     0.00895424
  4401.06347656     0.01004694
  4402.07812500     0.01126364
  4403.09130859     0.01261168
  4404.10400391     0.01410477
  4405.11962891     0.01576240
  4406.13281250     0.01759089
  4407.14892578     0.01961623
  4408.16259766     0.02184525
  4409.17919922     0.02430865
  4410.19384766     0.02701500
  4411.20849609     0.02999028
  4412.22558594     0.03326569
  4413.24072266     0.03685186
  4414.25830078     0.04079088
  4415.27343750     0.04509181
  4416.29150391     0.04980748
  4417.30761719     0.05494743
  4418.32373047     0.06055379
  4419.34277344     0.06668031
  4420.35937500     0.07333258
  4421.37890625     0.08058583
  4422.39599609     0.08844402
  4423.41552734     0.09698893
  4424.43310547     0.10623027
  4425.45117188     0.11623703
  4426.47167969     0.12708241
  4427.49023438     0.13877323
  4428.51123047     0.15141597
  4429.52978516     0.16500762
  4430.55126953     0.17968050
  4431.57031250     0.19542013
  4432.58984375     0.21233281
  4433.61181641     0.23052242
  4434.63183594     0.24998008
  4435.65478516     0.27087164
  4436.67480469     0.29314977
  4437.69824219     0.31702855
  4438.71923828     0.34244955
  4439.73974609     0.36953187
  4440.76367188     0.39846528
  4441.78515625     0.42916706
  4442.80957031     0.46188119
  4443.83154297     0.49651945
  4444.85644531     0.53334832
  4445.87890625     0.57225913
  4446.90185547     0.61344004
  4447.92724609     0.65706223
  4448.95068359     0.70302278
  4449.97607422     0.75157875
  4451.00000000     0.80265027
  4452.02685547     0.85654074
  4453.05078125     0.91301996
  4454.07519531     0.97234076
  4455.10205078     1.03470004
  4456.12744141     1.09993398
  4457.15478516     1.16832685
  4458.18017578     1.23968029
  4459.20800781     1.31435883
  4460.23388672     1.39209735
  4461.26025391     1.47312081
  4462.28906250     1.55763781
  4463.31494141     1.64523959
  4464.34472656     1.73654282
  4465.37158203     1.83096719
  4466.40136719     1.92906427
  4467.42871094     2.03033042
  4468.45898438     2.13529539
  4469.48681641     2.24340153
  4470.51513672     2.35492754
  4471.54589844     2.47006941
  4472.57470703     2.58829856
  4473.60595703     2.71007299
  4474.63525391     2.83481669
  4475.66699219     2.96299386
  4476.69677734     3.09397960
  4477.72656250     3.22792387
  4478.75878906     3.36505270
  4479.78955078     3.50473785
  4480.82226563     3.64732361
  4481.85351563     3.79220438
  4482.88671875     3.93972063
  4483.91796875     4.08916044
  4484.94970703     4.24070978
  4485.98388672     4.39449549
  4487.01562500     4.54960632
  4488.05078125     4.70673895
  4489.08300781     4.86473179
  4490.11816406     5.02427912
  4491.15087891     5.18434334
  4492.18408203     5.34516001
  4493.22021484     5.50688982
  4494.25390625     5.66846848
  4495.29003906     5.83043242
  4496.32421875     5.99186182
  4497.36132813     6.15328503
  4498.39550781     6.31355667
  4499.43066406     6.47305250
  4500.46826172     6.63175821
  4501.50341797     6.78869915
  4502.54150391     6.94445944
  4503.57714844     7.09800959
  4504.61572266     7.24992752
  4505.65234375     7.39928389
  4506.68847656     7.54609251
  4507.72802734     7.69069767
  4508.76464844     7.83202553
  4509.80468750     7.97075701
  4510.84228516     8.10593796
  4511.88232422     8.23804188
  4512.92041016     8.36635780
  4513.95849609     8.49099922
  4514.99902344     8.61212063
  4516.03808594     8.72914314
  4517.07910156     8.84234619
  4518.11865234     8.95126629
  4519.16015625     9.05617714
  4520.20019531     9.15666389
  4521.23974609     9.25277901
  4522.28222656     9.34477997
  4523.32275391     9.43219662
  4524.36572266     9.51537418
  4525.40673828     9.59394836
  4526.45019531     9.66824818
  4527.49121094     9.73793221
  4528.53320313     9.80325985
  4529.57763672     9.86432648
  4530.61962891     9.92087650
  4531.66406250     9.97321892
  4532.70654297    10.02117634
  4533.75195313    10.06501770
  4534.79492188    10.10456848
  4535.83789063    10.13999653
  4536.88427734    10.17146111
  4537.92773438    10.19882870
  4538.97412109    10.22231770
  4540.01806641    10.24187183
  4541.06542969    10.25765896
  4542.10986328    10.26964474
  4543.15722656    10.27795792
  4544.20263672    10.28261471
  4545.24755859    10.28369141
  4546.29589844    10.28122997
  4547.34179688    10.27529240
  4548.39062500    10.26588821
  4549.43652344    10.25311661
  4550.48583984    10.23693466
  4551.53271484    10.21746254
  4552.58007813    10.19468594
  4553.62939453    10.16858673
  4554.67724609    10.13926888
  4555.72753906    10.10663795
  4556.77539063    10.07086182
  4557.82617188    10.03176308
  4558.87500000     9.98953056
  4559.92333984     9.94412231
  4560.97509766     9.89536285
  4562.02441406     9.84352016
  4563.07666016     9.78833485
  4564.12597656     9.73011589
  4565.17871094     9.66851139
  4566.22900391     9.60387135
  4567.27880859     9.53609562
  4568.33251953     9.46489429
  4569.38330078     9.39074421
  4570.43701172     9.31325150
  4571.48876953     9.23279476
  4572.54248047     9.14910603
  4573.59423828     9.06253147
  4574.64648438     8.97292233
  4575.70166016     8.88010502
  4576.75439453     8.78461075
  4577.80957031     8.68606091
  4578.86279297     8.58493996
  4579.91845703     8.48090649
  4580.97216797     8.37448311
  4582.02587891     8.26558018
  4583.08251953     8.15399361
  4584.13671875     8.04040432
  4585.19433594     7.92430305
  4586.24902344     7.80651712
  4587.30664063     7.68653297
  4588.36181641     7.56510448
  4589.41748047     7.44204998
  4590.47558594     7.31729412
  4591.53173828     7.19151640
  4592.59082031     7.06430006
  4593.64697266     6.93651772
  4594.70605469     6.80763388
  4595.76318359     6.67841291
  4596.82080078     6.54873037
  4597.88037109     6.41857910
  4598.93847656     6.28855038
  4599.99853516     6.15839195
  4601.05664063     6.02874994
  4602.11816406     5.89912796
  4603.17675781     5.77045679
  4604.23583984     5.64247084
  4605.29736328     5.51507759
  4606.35693359     5.38894510
  4607.41943359     5.26362038
  4608.47900391     5.13991404
  4609.54150391     5.01725483
  4610.60205078     4.89630842
  4611.66259766     4.77694130
  4612.72607422     4.65891218
  4613.78759766     4.54283905
  4614.85107422     4.42835617
  4615.91308594     4.31588888
  4616.97753906     4.20506573
  4618.03955078     4.09643221
  4619.10156250     3.98975658
  4620.16699219     3.88472128
  4621.22998047     3.78191519
  4622.29541016     3.68086696
  4623.35888672     3.58198857
  4624.42529297     3.48481560
  4625.48876953     3.38986301
  4626.55566406     3.29654217
  4627.61962891     3.20538068
  4628.68457031     3.11600661
  4629.75146484     3.02831030
  4630.81689453     2.94253540
  4631.88476563     2.85833049
  4632.95019531     2.77603912
  4634.01855469     2.69520569
  4635.08447266     2.61619592
  4636.15087891     2.53874731
  4637.22021484     2.46264863
  4638.28710938     2.38824415
  4639.35644531     2.31515622
  4640.42382813     2.24365067
  4641.49365234     2.17339969
  4642.56152344     2.10466290
  4643.62939453     2.03728271
  4644.70019531     1.97105336
  4645.76904297     1.90625691
  4646.84033203     1.84260738
  4647.90917969     1.78037763
  4648.98095703     1.71924114
  4650.05029297     1.65949321
  4651.12011719     1.60095692
  4652.19287109     1.54349685
  4653.26318359     1.48739624
  4654.33593750     1.43239474
  4655.40673828     1.37871635
  4656.47998047     1.32614040
  4657.55175781     1.27485931
  4658.62304688     1.22482383
  4659.69726563     1.17587912
  4660.76904297     1.12827182
  4661.84375000     1.08176494
  4662.91601563     1.03659272
  4663.99169922     0.99250978
  4665.06445313     0.94977671
  4666.13769531     0.90825140
  4667.21337891     0.86786091
  4668.28759766     0.82874990
  4669.36376953     0.79078948
  4670.43798828     0.75411111
  4671.51513672     0.71854162
  4672.58984375     0.68424964
  4673.66455078     0.65114230
  4674.74218750     0.61912161
  4675.81787109     0.58831990
  4676.89599609     0.55859655
  4677.97167969     0.53006911
  4679.05078125     0.50256491
  4680.12744141     0.47621506
  4681.20410156     0.45093495
  4682.28320313     0.42664850
  4683.36035156     0.40343207
  4684.44042969     0.38115734
  4685.51806641     0.35991061
  4686.59863281     0.33956084
  4687.67675781     0.32018310
  4688.75488281     0.30170369
  4689.83642578     0.28404069
  4690.91503906     0.26727077
  4691.99707031     0.25126785
  4693.07617188     0.23609847
  4694.15869141     0.22164606
  4695.23828125     0.20796801
  4696.31835938     0.19499108
  4697.40136719     0.18266185
  4698.48193359     0.17101508
  4699.56591797     0.15996179
  4700.64697266     0.14954102
  4701.73095703     0.13967064
  4702.81201172     0.13037899
  4703.89404297     0.12160656
  4704.97900391     0.11331649
  4706.06103516     0.10553039
  4707.14648438     0.09818028
  4708.22900391     0.09128760
  4709.31494141     0.08479102
  4710.39843750     0.07870562
  4711.48437500     0.07298419
  4712.56835938     0.06763098
  4713.65283203     0.06261487
  4714.73974609     0.05791038
  4715.82421875     0.05352163
  4716.91162109     0.04941063
  4717.99658203     0.04558216
  4719.08496094     0.04200075
  4720.17041016     0.03867299
  4721.25634766     0.03557373
  4722.34472656     0.03268502
  4723.43115234     0.03000599
  4724.52050781     0.02751272
  4725.60742188     0.02520604
  4726.69726563     0.02306359
  4727.78466797     0.02108552
  4728.87207031     0.01925682
  4729.96240234     0.01756364
  4731.05078125     0.01600464
  4732.14160156     0.01456500
  4733.22998047     0.01324297
  4734.32177734     0.01202381
  4735.41113281     0.01090685
  4736.50048828     0.00988232
  4737.59228516     0.00894166
  4738.68212891     0.00808251
  4739.77490234     0.00729526
  4740.86523438     0.00657834
  4741.95898438     0.00592277
  4743.04931641     0.00532780
  4744.14062500     0.00478627
  4745.23437500     0.00429342
  4746.32617188     0.00384726
  4747.42089844     0.00344211
  4748.51318359     0.00307648
  4749.60791016     0.00274549
  4750.70019531     0.00244759
  4751.79345703     0.00217897
  4752.88916016     0.00193679
  4753.98242188     0.00171974
  4755.07861328     0.00152450
  4756.17285156     0.00134994
  4757.26953125     0.00119344
  4758.36425781     0.00105390
  4759.45849609     0.00092948
  4760.55615234     0.00081832
  4761.65136719     0.00071968
  4762.74951172     0.00063185
  4763.84472656     0.00055417
  4764.94335938     0.00048518
  4766.03955078     0.00042431
  4767.13623047     0.00037054
  4768.23535156     0.00032304
  4769.33251953     0.00028131
  4770.43212891     0.00024454
  4771.52978516     0.00021234
  4772.62988281     0.00018406
  4773.72802734     0.00015936
  4774.82617188     0.00013778
  4775.92675781     0.00011892
  4777.02587891     0.00010251
  4778.12744141     0.00008821
  4779.22656250     0.00007583
  4780.32861328     0.00006506
  4781.42822266     0.00005576
  4782.52832031     0.00004772
  4783.63134766     0.00004076
  4784.73144531     0.00003478
  4785.83496094     0.00002962
  4786.93603516     0.00002520
  4788.03955078     0.00002140
  4789.14111328     0.00001815
  4790.24316406     0.00001537
  4791.34716797     0.00001299
  4792.44970703     0.00001097
  4793.55517578     0.00000925
  4794.65771484     0.00000778
  4795.76318359     0.00000654
  4796.86669922     0.00000549
  4797.97265625     0.00000460
  4799.07666016     0.00000385
  4800.18066406     0.00000322
  4801.28710938     0.00000268
  4802.39208984     0.00000223
  4803.49951172     0.00000186
  4804.60449219     0.00000154
  4805.71240234     0.00000128
  4806.81787109     0.00000106
  4807.92382813     0.00000088
  4809.03271484     0.00000072
  4810.13867188     0.00000060
  4811.24804688     0.00000049
  4812.35449219     0.00000040
  4813.46435547     0.00000033
  4814.57177734     0.00000027
  4815.67919922     0.00000023
  4816.78955078     0.00000019
  4817.89794922     0.00000015
  4819.00878906     0.00000013
  4820.11767578     0.00000011
  4821.22900391     0.00000009
  4822.33837891     0.00000008
  4823.44726563     0.00000007
  4824.55957031     0.00000006
  4825.66943359     0.00000006
  4826.78271484     0.00000006
  4827.89306641     0.00000006
  4829.00634766     0.00000007
  4830.11718750     0.00000008
  4831.22851563     0.00000009
  4832.34228516     0.00000010
  4833.45361328     0.00000012
  4834.56884766     0.00000014
  4835.68066406     0.00000017
  4836.79589844     0.00000020
  4837.90820313     0.00000024
  4839.02148438     0.00000028
  4840.13769531     0.00000034
  4841.25048828     0.00000041
  4842.36718750     0.00000049
  4843.48144531     0.00000058
  4844.59814453     0.00000069
  4845.71240234     0.00000083
  4846.82714844     0.00000098
  4847.94482422     0.00000117
  4849.06005859     0.00000139
  4850.17871094     0.00000165
  4851.29443359     0.00000196
  4852.41308594     0.00000232
  4853.52929688     0.00000274
  4854.64550781     0.00000324
  4855.76513672     0.00000382
  4856.88232422     0.00000450
  4858.00244141     0.00000529
  4859.11962891     0.00000621
  4860.24023438     0.00000729
  4861.35839844     0.00000854
  4862.47705078     0.00000999
  4863.59814453     0.00001168
  4864.71679688     0.00001363
  4865.83886719     0.00001589
  4866.95849609     0.00001849
  4868.08056641     0.00002150
  4869.20019531     0.00002496
  4870.32031250     0.00002894
  4871.44384766     0.00003352
  4872.56445313     0.00003875
  4873.68798828     0.00004477
  4874.80908203     0.00005163
  4875.93310547     0.00005949
  4877.05468750     0.00006842
  4878.17675781     0.00007860
  4879.30175781     0.00009021
  4880.42431641     0.00010336
  4881.54980469     0.00011830
  4882.67285156     0.00013519
  4883.79833984     0.00015432
  4884.92236328     0.00017589
  4886.04882813     0.00020026
  4887.17236328     0.00022763
  4888.29687500     0.00025841
  4889.42382813     0.00029304
  4890.54882813     0.00033179
  4891.67675781     0.00037527
  4892.80175781     0.00042375
  4893.93017578     0.00047801
  4895.05615234     0.00053836
  4896.18212891     0.00060549
  4897.31103516     0.00068029
  4898.43798828     0.00076313
  4899.56738281     0.00085511
  4900.69433594     0.00095665
  4901.82421875     0.00106909
  4902.95214844     0.00119290
  4904.08007813     0.00132923
  4905.21093750     0.00147955
  4906.33935547     0.00164424
  4907.47070313     0.00182528
  4908.59960938     0.00202303
  4909.73193359     0.00223984
  4910.86132813     0.00247585
  4911.99072266     0.00273301
  4913.12353516     0.00301365
  4914.25390625     0.00331788
  4915.38720703     0.00364873
  4916.51806641     0.00400626
  4917.65185547     0.00439387
  4918.78271484     0.00481124
  4919.91455078     0.00526147
  4921.04882813     0.00574705
  4922.18115234     0.00626790
  4923.31640625     0.00682809
  4924.44873047     0.00742652
  4925.58447266     0.00806834
  4926.71728516     0.00875173
  4927.85058594     0.00948034
  4928.98681641     0.01025758
  4930.12109375     0.01108180
  4931.25781250     0.01195775
  4932.39208984     0.01288309
  4933.52978516     0.01386401
  4934.66503906     0.01489673
  4935.79980469     0.01598388
  4936.93847656     0.01713083
  4938.07373047     0.01833098
  4939.21289063     0.01959266
  4940.34912109     0.02090870
  4941.48779297     0.02228541
  4942.62500000     0.02371803
  4943.76171875     0.02520726
  4944.90185547     0.02675777
  4946.03955078     0.02836076
  4947.18017578     0.03002260
  4948.31787109     0.03173321
  4949.45898438     0.03350034
  4950.59765625     0.03531278
  4951.73681641     0.03717257
  4952.87841797     0.03908026
  4954.01806641     0.04102535
  4955.16064453     0.04301268
  4956.30029297     0.04502824
  4957.44287109     0.04707820
  4958.58349609     0.04914934
  4959.72460938     0.05124126
  4960.86816406     0.05335250
  4962.00927734     0.05546868
  4963.15380859     0.05759500
  4964.29541016     0.05971381
  4965.43994141     0.06182985
  4966.58203125     0.06392691
  4967.72460938     0.06600401
  4968.87060547     0.06805971
  4970.01367188     0.07007597
  4971.15966797     0.07205638
  4972.30322266     0.07398484
  4973.44970703     0.07586363
  4974.59375000     0.07767724
  4975.74121094     0.07942822
  4976.88574219     0.08110038
  4978.03076172     0.08269266
  4979.17871094     0.08420198
  4980.32421875     0.08561540
  4981.47265625     0.08693389
  4982.61865234     0.08814599
  4983.76757813     0.08925245
  4984.91406250     0.09024353
  4986.06054688     0.09111768
  4987.21044922     0.09187336
  4988.35791016     0.09250344
  4989.50830078     0.09300817
  4990.65625000     0.09338301
  4991.80664063     0.09362798
  4992.95507813     0.09374106
  4994.10400391     0.09372226
  4995.25537109     0.09357117
  4996.40429688     0.09328909
  4997.55664063     0.09287564
  4998.70654297     0.09233449
  4999.85937500     0.09166541
  5001.00927734     0.09087460
  5002.15966797     0.08996346
  5003.31347656     0.08893289
  5004.46435547     0.08779278
  5005.61816406     0.08654205
  5006.77001953     0.08519100
  5007.92431641     0.08373989
  5009.07666016     0.08220004
  5010.22851563     0.08057587
  5011.38427734     0.07886723
  5012.53662109     0.07709146
  5013.69287109     0.07524406
  5014.84619141     0.07334278
  5016.00244141     0.07138501
  5017.15673828     0.06938602
  5018.31054688     0.06735054
  5019.46826172     0.06527771
  5020.62255859     0.06318767
  5021.78076172     0.06107413
  5022.93554688     0.05895723
  5024.09423828     0.05683026
  5025.25000000     0.05471221
  5026.40576172     0.05260400
  5027.56494141     0.05050547
  5028.72167969     0.04843304
  5029.88134766     0.04638265
  5031.03808594     0.04436986
  5032.19824219     0.04238862
  5033.35595703     0.04045358
  5034.51416016     0.03856403
  5035.67480469     0.03672096
  5036.83349609     0.03493503
  5037.99511719     0.03320213
  5039.15380859     0.03153402
  5040.31591797     0.02992429
  5041.47558594     0.02838355
  5042.63525391     0.02691042
  5043.79785156     0.02550328
  5044.95800781     0.02417018
  5046.12158203     0.02290576
  5047.28222656     0.02171799
  5048.44628906     0.02060122
  5049.60791016     0.01956175
  5050.76904297     0.01859790
  5051.93408203     0.01770658
  5053.09619141     0.01689312
  5054.26171875     0.01615300
  5055.42431641     0.01549004
  5056.58984375     0.01490049
  5057.75341797     0.01438644
  5058.91699219     0.01394624
  5060.08300781     0.01357853
  5061.24755859     0.01328386
  5062.41455078     0.01306054
  5063.57910156     0.01290864
  5064.74658203     0.01282658
  5065.91210938     0.01281384
  5067.08007813     0.01286942
  5068.24560547     0.01299206
  5069.41162109     0.01318086
  5070.58056641     0.01343541
  5071.74707031     0.01375346
  5072.91699219     0.01413554
  5074.08349609     0.01457824
  5075.25390625     0.01508315
  5076.42138672     0.01564613
  5077.58935547     0.01626733
  5078.76025391     0.01694694
  5079.92822266     0.01768012
  5081.10009766     0.01846975
  5082.26904297     0.01930970
  5083.44091797     0.02020254
  5084.61035156     0.02114246
  5085.77978516     0.02212944
  5086.95263672     0.02316464
  5088.12304688     0.02424088
  5089.29638672     0.02536095
  5090.46728516     0.02651749
  5091.64111328     0.02771339
  5092.81201172     0.02894016
  5093.98388672     0.03019912
  5095.15820313     0.03148920
  5096.33056641     0.03280263
  5097.50585938     0.03414184
  5098.67871094     0.03549752
  5099.85400391     0.03687198
  5101.02734375     0.03825664
  5102.20117188     0.03965078
  5103.37744141     0.04105307
  5104.55126953     0.04245390
  5105.72851563     0.04385640
  5106.90332031     0.04524960
  5108.08056641     0.04663528
  5109.25585938     0.04800417
  5110.43115234     0.04935449
  5111.60986328     0.05068590
  5112.78564453     0.05198710
  5113.96435547     0.05326042
  5115.14111328     0.05449644
  5116.32031250     0.05569569
  5117.49755859     0.05684968
  5118.67480469     0.05795652
  5119.85546875     0.05901545
  5121.03320313     0.06001703
  5122.21386719     0.06096273
  5123.39208984     0.06184486
  5124.57373047     0.06266454
  5125.75244141     0.06341434
  5126.93164063     0.06409390
  5128.11425781     0.06470205
  5129.29394531     0.06523317
  5130.47656250     0.06568792
  5131.65673828     0.06606243
  5132.84033203     0.06635700
  5134.02099609     0.06656888
  5135.20214844     0.06669807
  5136.38623047     0.06674394
  5137.56787109     0.06670600
  5138.75244141     0.06658412
  5139.93457031     0.06637919
  5141.12011719     0.06609081
  5142.30273438     0.06572151
  5143.48583984     0.06527179
  5144.67187500     0.06474199
  5145.85546875     0.06413639
  5147.04199219     0.06345437
  5148.22607422     0.06270143
  5149.41308594     0.06187679
  5150.59814453     0.06098672
  5151.78271484     0.06003344
  5152.97070313     0.05901693
  5154.15625000     0.05794566
  5155.34472656     0.05681842
  5156.53076172     0.05564409
  5157.71972656     0.05442129
  5158.90625000     0.05315952
  5160.09570313     0.05185717
  5161.28271484     0.05052424
  5162.47021484     0.04916172
  5163.66113281     0.04777030
  5164.84863281     0.04636214
  5166.03955078     0.04493330
  5167.22802734     0.04349487
  5168.41992188     0.04204379
  5169.60888672     0.04059169
  5170.79785156     0.03913884
  5171.99023438     0.03768475
  5173.18017578     0.03624014
  5174.37304688     0.03480190
  5175.56347656     0.03337975
  5176.75683594     0.03197037
  5177.94775391     0.03058301
  5179.13916016     0.02921689
  5180.33349609     0.02787181
  5181.52490234     0.02655668
  5182.71972656     0.02526661
  5183.91210938     0.02400984
  5185.10742188     0.02278244
  5186.30029297     0.02159142
  5187.49365234     0.02043505
  5188.68945313     0.01931265
  5189.88330078     0.01822925
  5191.08007813     0.01718117
  5192.27392578     0.01617407
  5193.47167969     0.01520255
  5194.66650391     0.01427239
  5195.86132813     0.01338118
  5197.05957031     0.01252640
  5198.25488281     0.01171233
  5199.45410156     0.01093395
  5200.64990234     0.01019552
  5201.84912109     0.00949218
  5203.04589844     0.00882668
  5204.24267578     0.00819672
  5205.44287109     0.00759975
  5206.64013672     0.00703798
  5207.84130859     0.00650720
  5209.03906250     0.00600958
  5210.24023438     0.00554117
  5211.43896484     0.00510312
  5212.63769531     0.00469327
  5213.83984375     0.00430938
  5215.03906250     0.00395228
  5216.24169922     0.00361888
  5217.44189453     0.00330964
  5218.64501953     0.00302198
  5219.84570313     0.00275602
  5221.04638672     0.00251000
  5222.25048828     0.00228216
  5223.45166016     0.00207261
  5224.65625000     0.00187917
  5225.85839844     0.00170175
  5227.06298828     0.00153863
  5228.26562500     0.00138943
  5229.46826172     0.00125296
  5230.67431641     0.00112797
  5231.87744141     0.00101430
  5233.08398438     0.00091052
  5234.28808594     0.00081640
  5235.49511719     0.00073078
  5236.69921875     0.00065340
  5237.90380859     0.00058337
  5239.11181641     0.00051994
  5240.31738281     0.00046286
  5241.52587891     0.00041135
  5242.73144531     0.00036516
  5243.94042969     0.00032359
  5245.14697266     0.00028641
  5246.35595703     0.00025309
  5247.56298828     0.00022336
  5248.77050781     0.00019684
  5249.98046875     0.00017318
  5251.18847656     0.00015218
  5252.39941406     0.00013349
  5253.60791016     0.00011696
  5254.81933594     0.00010230
  5256.02783203     0.00008937
  5257.23730469     0.00007796
  5258.44921875     0.00006789
  5259.65917969     0.00005905
  5260.87207031     0.00005127
  5262.08203125     0.00004447
  5263.29541016     0.00003850
  5264.50634766     0.00003329
  5265.71777344     0.00002874
  5266.93164063     0.00002477
  5268.14355469     0.00002133
  5269.35839844     0.00001832
  5270.57031250     0.00001573
  5271.78564453     0.00001348
  5272.99853516     0.00001153
  5274.21191406     0.00000986
  5275.42773438     0.00000841
  5276.64160156     0.00000716
  5277.85839844     0.00000609
  5279.07275391     0.00000517
  5280.29003906     0.00000439
  5281.50439453     0.00000372
  5282.71972656     0.00000314
  5283.93750000     0.00000265
  5285.15332031     0.00000224
  5286.37158203     0.00000188
  5287.58837891     0.00000158
  5288.80761719     0.00000133
  5290.02392578     0.00000111
  5291.24121094     0.00000093
  5292.46093750     0.00000078
  5293.67871094     0.00000065
  5294.89990234     0.00000054
  5296.11767578     0.00000045
  5297.33886719     0.00000037
  5298.55761719     0.00000031
  5299.77636719     0.00000026
  5300.99853516     0.00000021
  5302.21826172     0.00000017
  5303.44042969     0.00000014
  5304.66064453     0.00000012
  5305.88427734     0.00000010
  5307.10449219     0.00000008
  5308.32568359     0.00000007
  5309.54980469     0.00000005
  5310.77099609     0.00000004
  5311.99560547     0.00000004
  5313.21777344     0.00000003
  5314.44335938     0.00000002
  5315.66552734     0.00000002
  5316.88818359     0.00000002
  5318.11425781     0.00000001
  5319.33789063     0.00000001
  5320.56445313     0.00000001
  5321.78857422     0.00000001
  5323.01611328     0.00000001
  5324.24023438     0.00000000
  5325.46484375     0.00000000
  5326.69335938     0.00000000
  5327.91894531     0.00000000
  5329.14746094     0.00000000
  5330.37353516     0.00000000
  5331.60253906     0.00000000
  5332.82861328     0.00000000
  5334.05566406     0.00000000
  5335.28564453     0.00000000
  5336.51318359     0.00000000
  5337.74316406     0.00000000
  5338.97119141     0.00000000
  5340.20214844     0.00000000
  5341.43115234     0.00000000
  5342.66259766     0.00000000
  5343.89160156     0.00000000
  5345.12158203     0.00000000
  5346.35400391     0.00000000
  5347.58398438     0.00000000
  5348.81689453     0.00000000
  5350.04785156     0.00000000
  5351.28125000     0.00000000
  5352.51220703     0.00000000
  5353.74365234     0.00000000
  5354.97851563     0.00000000
  5356.20996094     0.00000000
  5357.44482422     0.00000000
  5358.67773438     0.00000000
  5359.91357422     0.00000000
  5361.14648438     0.00000000
  5362.37988281     0.00000000
  5363.61621094     0.00000000
  5364.85009766     0.00000000
  5366.08740234     0.00000000
  5367.32177734     0.00000000
  5368.55908203     0.00000000
  5369.79443359     0.00000000
  5371.02929688     0.00000000
  5372.26806641     0.00000000
  5373.50439453     0.00000000
  5374.74365234     0.00000000
  5375.97949219     0.00000000
  5377.21972656     0.00000000
  5378.45605469     0.00000000
  5379.69384766     0.00000000
  5380.93408203     0.00000000
  5382.17236328     0.00000000
  5383.41308594     0.00000000
  5384.65185547     0.00000000
  5385.89355469     0.00000000
  5387.13232422     0.00000000
  5388.37158203     0.00000000
  5389.61474609     0.00000000
  5390.85449219     0.00000000
  5392.09765625     0.00000000
  5393.33789063     0.00000000
  5394.58154297     0.00000000
  5395.82226563     0.00000000
  5397.06396484     0.00000000
  5398.30810547     0.00000000
  5399.55029297     0.00000000
  5400.79492188     0.00000000
  5402.03808594     0.00000000
  5403.28369141     0.00000000
  5404.52685547     0.00000000
  5405.76953125     0.00000000
  5407.01660156     0.00000000
  5408.26025391     0.00000000
  5409.50781250     0.00000000
  5410.75195313     0.00000000
  5411.99951172     0.00000000
  5413.24414063     0.00000000
  5414.48974609     0.00000000
  5415.73876953     0.00000000
  5416.98437500     0.00000000
  5418.23339844     0.00000000
  5419.47949219     0.00000000
  5420.72949219     0.00000000
  5421.97656250     0.00000000
  5423.22412109     0.00000000
  5424.47460938     0.00000000
  5425.72265625     0.00000000
  5426.97363281     0.00000000
  5428.22167969     0.00000000
  5429.47363281     0.00000000
  5430.72314453     0.00000000
  5431.97265625     0.00000000
  5433.22509766     0.00000000
  5434.47509766     0.00000000
  5435.72802734     0.00000000
  5436.97851563     0.00000000
  5438.23242188     0.00000000
  5439.48291016     0.00000000
  5440.73730469     0.00000000
  5441.98925781     0.00000000
  5443.24121094     0.00000000
  5444.49609375     0.00000000
  5445.74853516     0.00000000
  5447.00488281     0.00000000
  5448.25732422     0.00000000
  5449.51416016     0.00000000
  5450.76757813     0.00000000
  5452.02148438     0.00000000
  5453.27880859     0.00000000
  5454.53369141     0.00000000
  5455.79101563     0.00000000
  5457.04638672     0.00000000
  5458.30419922     0.00000000
  5459.56005859     0.00000000
  5460.81640625     0.00000000
  5462.07568359     0.00000000
  5463.33203125     0.00000000
  5464.59179688     0.00000000
  5465.84912109     0.00000000
  5467.10937500     0.00000000
  5468.36718750     0.00000000
  5469.62548828     0.00000000
  5470.88671875     0.00000000
  5472.14453125     0.00000000
  5473.40673828     0.00000000
  5474.66601563     0.00000000
  5475.92871094     0.00000000
  5477.18798828     0.00000000
  5478.44824219     0.00000000
  5479.71142578     0.00000000
  5480.97216797     0.00000000
  5482.23583984     0.00000000
  5483.49707031     0.00000000
  5484.76171875     0.00000000
  5486.02343750     0.00000000
  5487.28564453     0.00000000
  5488.55078125     0.00000000
  5489.81396484     0.00000000
  5491.07958984     0.00000000
  5492.34277344     0.00000000
  5493.60888672     0.00000000
  5494.87304688     0.00000000
  5496.13720703     0.00000000
  5497.40429688     0.00000000
  5498.66943359     0.00000000
  5499.93701172     0.00000000
