  4000.89990234     0.00000000
  4001.82006836     0.00000000
  4002.74316406     0.00000000
  4003.66381836     0.00000000
  4004.58715820     0.00000000
  4005.50830078     0.00000000
  4006.43188477     0.00000000
  4007.35351563     0.00000000
  4008.27563477     0.00000000
  4009.19995117     0.00000000
  4010.12231445     0.00000000
  4011.04687500     0.00000000
  4011.96972656     0.00000000
  4012.89453125     0.00000000
  4013.81787109     0.00000000
  4014.74121094     0.00000000
  4015.66699219     0.00000000
  4016.59106445     0.00000000
  4017.51708984     0.00000000
  4018.44140625     0.00000000
  4019.36791992     0.00000000
  4020.29272461     0.00000000
  4021.21752930     0.00000000
  4022.14477539     0.00000000
  4023.07006836     0.00000000
  4023.99780273     0.00000000
  4024.92333984     0.00000000
  4025.85180664     0.00000000
  4026.77783203     0.00000000
  4027.70410156     0.00000000
  4028.63305664     0.00000000
  4029.55981445     0.00000000
  4030.48901367     0.00000000
  4031.41601563     0.00000000
  4032.34570313     0.00000000
  4033.27343750     0.00000000
  4034.20117188     0.00000000
  4035.13134766     0.00000000
  4036.05981445     0.00000000
  4036.99047852     0.00000000
  4037.91918945     0.00000000
  4038.85034180     0.00000000
  4039.77929688     0.00000000
  4040.70874023     0.00000000
  4041.64038086     0.00000000
  4042.57031250     0.00000000
  4043.50244141     0.00000000
  4044.43261719     0.00000000
  4045.36547852     0.00000000
  4046.29614258     0.00000000
  4047.22680664     0.00000000
  4048.16040039     0.00000000
  4049.09155273     0.00000000
  4050.02514648     0.00000000
  4050.95703125     0.00000000
  4051.89086914     0.00000000
  4052.82299805     0.00000000
  4053.75561523     0.00000000
  4054.69018555     0.00000000
  4055.62304688     0.00000000
  4056.55810547     0.00000000
  4057.49169922     0.00000000
  4058.42724609     0.00000000
  4059.36083984     0.00000000
  4060.29467773     0.00000000
  4061.23071289     0.00000000
  4062.16503906     0.00000000
  4063.10205078     0.00000000
  4064.03662109     0.00000000
  4064.97387695     0.00000000
  4065.90893555     0.00000000
  4066.84423828     0.00000000
  4067.78198242     0.00000000
  4068.71801758     0.00000000
  4069.65600586     0.00000000
  4070.59228516     0.00000000
  4071.53100586     0.00000000
  4072.46752930     0.00000000
  4073.40454102     0.00000000
  4074.34375000     0.00000000
  4075.28100586     0.00000000
  4076.22094727     0.00000000
  4077.15869141     0.00000000
  4078.09863281     0.00000000
  4079.03686523     0.00000000
  4079.97753906     0.00000000
  4080.91625977     0.00000000
  4081.85498047     0.00000000
  4082.79614258     0.00000000
  4083.73559570     0.00000000
  4084.67724609     0.00000000
  4085.61694336     0.00000000
  4086.55908203     0.00000000
  4087.49902344     0.00000000
  4088.43945313     0.00000000
  4089.38208008     0.00000000
  4090.32275391     0.00000000
  4091.26635742     0.00000000
  4092.20727539     0.00000000
  4093.15087891     0.00000000
  4094.09252930     0.00000000
  4095.03442383     0.00000000
  4095.97875977     0.00000000
  4096.92089844     0.00000000
  4097.86572266     0.00000000
  4098.80859375     0.00000000
  4099.75341797     0.00000000
  4100.69677734     0.00000000
  4101.64013672     0.00000000
  4102.58593750     0.00000000
  4103.52978516     0.00000000
  4104.47607422     0.00000000
  4105.42041016     0.00000000
  4106.36718750     0.00000000
  4107.31152344     0.00000000
  4108.25634766     0.00000000
  4109.20410156     0.00000000
  4110.14941406     0.00000000
  4111.09716797     0.00000000
  4112.04296875     0.00000000
  4112.99121094     0.00000000
  4113.93701172     0.00000000
  4114.88378906     0.00000000
  4115.83251953     0.00000000
  4116.77929688     0.00000000
  4117.72851563     0.00000000
  4118.67578125     0.00000000
  4119.62548828     0.00000000
  4120.57324219     0.00000000
  4121.52148438     0.00000000
  4122.47167969     0.00000000
  4123.42041016     0.00000000
  4124.37109375     0.00000000
  4125.31982422     0.00000000
  4126.27099609     0.00000000
  4127.22021484     0.00000000
  4128.16943359     0.00000000
  4129.12158203     0.00000000
  4130.07177734     0.00000000
  4131.02392578     0.00000000
  4131.97460938     0.00000000
  4132.92724609     0.00000000
  4133.87792969     0.00000000
  4134.82910156     0.00000000
  4135.78222656     0.00000000
  4136.73388672     0.00000000
  4137.68798828     0.00000000
  4138.63964844     0.00000000
  4139.59375000     0.00000000
  4140.54638672     0.00000000
  4141.49902344     0.00000000
  4142.45410156     0.00000000
  4143.40673828     0.00000000
  4144.36230469     0.00000000
  4145.31591797     0.00000000
  4146.27148438     0.00000000
  4147.22558594     0.00000000
  4148.17968750     0.00000000
  4149.13574219     0.00000000
  4150.09033203     0.00000000
  4151.04736328     0.00000000
  4152.00244141     0.00000000
  4152.95996094     0.00000000
  4153.91552734     0.00000000
  4154.87304688     0.00000000
  4155.82910156     0.00000000
  4156.78515625     0.00000000
  4157.74365234     0.00000000
  4158.70019531     0.00000000
  4159.65869141     0.00000000
  4160.61572266     0.00000000
  4161.57568359     0.00000000
  4162.53271484     0.00000000
  4163.49023438     0.00000000
  4164.45068359     0.00000000
  4165.40869141     0.00000000
  4166.36914063     0.00000000
  4167.32763672     0.00000000
  4168.28857422     0.00000000
  4169.24707031     0.00000000
  4170.20654297     0.00000000
  4171.16845703     0.00000000
  4172.12792969     0.00000000
  4173.08984375     0.00000000
  4174.04980469     0.00000000
  4175.01220703     0.00000000
  4175.97265625     0.00000000
  4176.93359375     0.00000000
  4177.89648438     0.00000000
  4178.85791016     0.00000000
  4179.82128906     0.00000000
  4180.78320313     0.00000000
  4181.74707031     0.00000000
  4182.70898438     0.00000000
  4183.67138672     0.00000000
  4184.63574219     0.00000000
  4185.59863281     0.00000000
  4186.56396484     0.00000000
  4187.52734375     0.00000000
  4188.49267578     0.00000000
  4189.45605469     0.00000000
  4190.41992188     0.00000000
  4191.38623047     0.00000000
  4192.35058594     0.00000000
  4193.31738281     0.00000000
  4194.28173828     0.00000000
  4195.24902344     0.00000000
  4196.21435547     0.00000000
  4197.17919922     0.00000000
  4198.14746094     0.00000000
  4199.11328125     0.00000000
  4200.08154297     0.00000000
  4201.04785156     0.00000000
  4202.01660156     0.00000000
  4202.98339844     0.00000000
  4203.95019531     0.00000000
  4204.91943359     0.00000000
  4205.88671875     0.00000000
  4206.85644531     0.00000000
  4207.82421875     0.00000000
  4208.79492188     0.00000000
  4209.76269531     0.00000000
  4210.73144531     0.00000000
  4211.70263672     0.00000000
  4212.67138672     0.00000000
  4213.64257813     0.00000000
  4214.61230469     0.00000000
  4215.58398438     0.00000000
  4216.55371094     0.00000000
  4217.52392578     0.00000000
  4218.49609375     0.00000000
  4219.46679688     0.00000000
  4220.43994141     0.00000000
  4221.41064453     0.00000000
  4222.38427734     0.00000000
  4223.35546875     0.00000000
  4224.32714844     0.00000000
  4225.30126953     0.00000000
  4226.27343750     0.00000000
  4227.24755859     0.00000000
  4228.22021484     0.00000000
  4229.19531250     0.00000000
  4230.16796875     0.00000000
  4231.14355469     0.00000000
  4232.11718750     0.00000000
  4233.09033203     0.00000000
  4234.06689453     0.00000000
  4235.04101563     0.00000000
  4236.01708984     0.00000000
  4236.99218750     0.00000000
  4237.96875000     0.00000000
  4238.94384766     0.00000000
  4239.91894531     0.00000000
  4240.89697266     0.00000000
  4241.87255859     0.00000000
  4242.85058594     0.00000000
  4243.82666016     0.00000000
  4244.80517578     0.00000000
  4245.78173828     0.00000000
  4246.75878906     0.00000000
  4247.73779297     0.00000000
  4248.71484375     0.00000001
  4249.69482422     0.00000001
  4250.67236328     0.00000001
  4251.65283203     0.00000001
  4252.63085938     0.00000001
  4253.60888672     0.00000002
  4254.58984375     0.00000002
  4255.56835938     0.00000003
  4256.54980469     0.00000004
  4257.52929688     0.00000004
  4258.51074219     0.00000005
  4259.49023438     0.00000007
  4260.47070313     0.00000008
  4261.45312500     0.00000010
  4262.43310547     0.00000013
  4263.41601563     0.00000016
  4264.39697266     0.00000019
  4265.38037109     0.00000024
  4266.36132813     0.00000029
  4267.34326172     0.00000035
  4268.32714844     0.00000043
  4269.30908203     0.00000053
  4270.29345703     0.00000065
  4271.27587891     0.00000079
  4272.26074219     0.00000096
  4273.24365234     0.00000117
  4274.22656250     0.00000143
  4275.21240234     0.00000173
  4276.19580078     0.00000210
  4277.18164063     0.00000254
  4278.16601563     0.00000307
  4279.15234375     0.00000371
  4280.13671875     0.00000447
  4281.12158203     0.00000538
  4282.10888672     0.00000648
  4283.09375000     0.00000778
  4284.08105469     0.00000933
  4285.06689453     0.00001118
  4286.05517578     0.00001338
  4287.04101563     0.00001599
  4288.02734375     0.00001909
  4289.01611328     0.00002276
  4290.00292969     0.00002709
  4290.99218750     0.00003222
  4291.97949219     0.00003825
  4292.96923828     0.00004537
  4293.95654297     0.00005373
  4294.94433594     0.00006354
  4295.93505859     0.00007509
  4296.92285156     0.00008857
  4297.91357422     0.00010438
  4298.90283203     0.00012282
  4299.89404297     0.00014437
  4300.88330078     0.00016943
  4301.87255859     0.00019857
  4302.86474609     0.00023252
  4303.85449219     0.00027180
  4304.84667969     0.00031742
  4305.83740234     0.00037012
  4306.83007813     0.00043112
  4307.82080078     0.00050136
  4308.81396484     0.00058247
  4309.80566406     0.00067565
  4310.79687500     0.00078264
  4311.79101563     0.00090574
  4312.78320313     0.00104651
  4313.77734375     0.00120788
  4314.77001953     0.00139198
  4315.76513672     0.00160254
  4316.75732422     0.00184172
  4317.75097656     0.00211420
  4318.74658203     0.00242440
  4319.73974609     0.00277545
  4320.73632813     0.00317455
  4321.72998047     0.00362474
  4322.72656250     0.00413484
  4323.72070313     0.00470887
  4324.71582031     0.00535611
  4325.71289063     0.00608565
  4326.70800781     0.00690357
  4327.70556641     0.00782331
  4328.70166016     0.00885206
  4329.69970703     0.01000505
  4330.69580078     0.01129034
  4331.69189453     0.01272367
  4332.69091797     0.01432472
  4333.68750000     0.01610093
  4334.68701172     0.01807925
  4335.68408203     0.02026764
  4336.68408203     0.02269801
  4337.68164063     0.02537867
  4338.67919922     0.02833791
  4339.67968750     0.03160994
  4340.67822266     0.03520489
  4341.67919922     0.03916628
  4342.67822266     0.04350594
  4343.67919922     0.04827141
  4344.67871094     0.05347889
  4345.67822266     0.05916885
  4346.68017578     0.06539241
  4347.68017578     0.07215971
  4348.68261719     0.07953957
  4349.68310547     0.08754018
  4350.68603516     0.09623884
  4351.68701172     0.10564078
  4352.68798828     0.11580644
  4353.69189453     0.12681432
  4354.69335938     0.13865246
  4355.69726563     0.15142585
  4356.69970703     0.16513410
  4357.70410156     0.17987314
  4358.70703125     0.19564220
  4359.70947266     0.21250215
  4360.71484375     0.23056322
  4361.71777344     0.24977759
  4362.72363281     0.27029645
  4363.72753906     0.29206824
  4364.73339844     0.31522259
  4365.73779297     0.33972466
  4366.74218750     0.36564818
  4367.74902344     0.39309996
  4368.75390625     0.42199671
  4369.76123047     0.45249873
  4370.76660156     0.48450267
  4371.77441406     0.51817501
  4372.78027344     0.55339032
  4373.78613281     0.59022826
  4374.79492188     0.62881416
  4375.80126953     0.66894954
  4376.81005859     0.71082866
  4377.81689453     0.75426418
  4378.82666016     0.79945630
  4379.83398438     0.84614688
  4380.84130859     0.89441723
  4381.85156250     0.94438201
  4382.85986328     0.99576175
  4383.87011719     1.04870832
  4384.87890625     1.10298944
  4385.89013672     1.15875506
  4386.89892578     1.21566737
  4387.91064453     1.27395391
  4388.91992188     1.33322334
  4389.92968750     1.39355445
  4390.94189453     1.45497227
  4391.95214844     1.51710832
  4392.96484375     1.58012497
  4393.97558594     1.64363551
  4394.98876953     1.70779717
  4396.00000000     1.77220964
  4397.01123047     1.83686888
  4398.02490234     1.90180171
  4399.03710938     1.96662509
  4400.05126953     2.03142333
  4401.06347656     2.09581041
  4402.07812500     2.15992904
  4403.09130859     2.22339559
  4404.10400391     2.28613710
  4405.11962891     2.34822965
  4406.13281250     2.40921283
  4407.14892578     2.46928144
  4408.16259766     2.52799273
  4409.17919922     2.58553743
  4410.19384766     2.64152384
  4411.20849609     2.69595504
  4412.22558594     2.74885488
  4413.24072266     2.79989910
  4414.25830078     2.84922051
  4415.27343750     2.89650345
  4416.29150391     2.94192553
  4417.30761719     2.98520517
  4418.32373047     3.02637720
  4419.34277344     3.06550813
  4420.35937500     3.10235500
  4421.37890625     3.13708615
  4422.39599609     3.16949987
  4423.41552734     3.19974518
  4424.43310547     3.22769165
  4425.45117188     3.25342035
  4426.47167969     3.27699137
  4427.49023438     3.29832745
  4428.51123047     3.31755304
  4429.52978516     3.33461738
  4430.55126953     3.34965730
  4431.57031250     3.36264563
  4432.58984375     3.37368417
  4433.61181641     3.38284969
  4434.63183594     3.39016914
  4435.65478516     3.39574647
  4436.67480469     3.39962316
  4437.69824219     3.40189886
  4438.71923828     3.40263534
  4439.73974609     3.40191817
  4440.76367188     3.39981699
  4441.78515625     3.39641857
  4442.80957031     3.39178061
  4443.83154297     3.38600159
  4444.85644531     3.37912130
  4445.87890625     3.37124515
  4446.90185547     3.36241865
  4447.92724609     3.35268283
  4448.95068359     3.34213710
  4449.97607422     3.33079457
  4451.00000000     3.31874108
  4452.02685547     3.30596733
  4453.05078125     3.29258490
  4454.07519531     3.27858520
  4455.10205078     3.26396656
  4456.12744141     3.24880648
  4457.15478516     3.23307276
  4458.18017578     3.21683669
  4459.20800781     3.20003581
  4460.23388672     3.18274426
  4461.26025391     3.16492009
  4462.28906250     3.14652085
  4463.31494141     3.12763238
  4464.34472656     3.10811377
  4465.37158203     3.08807540
  4466.40136719     3.06738329
  4467.42871094     3.04612088
  4468.45898438     3.02415156
  4469.48681641     3.00156212
  4470.51513672     2.97826099
  4471.54589844     2.95417142
  4472.57470703     2.92936611
  4473.60595703     2.90370870
  4474.63525391     2.87727833
  4475.66699219     2.84993315
  4476.69677734     2.82176113
  4477.72656250     2.79268765
  4478.75878906     2.76261544
  4479.78955078     2.73163772
  4480.82226563     2.69963264
  4481.85351563     2.66669154
  4482.88671875     2.63269234
  4483.91796875     2.59775758
  4484.94970703     2.56180263
  4485.98388672     2.52475667
  4487.01562500     2.48680067
  4488.05078125     2.44772696
  4489.08300781     2.40779042
  4490.11816406     2.36678267
  4491.15087891     2.32494068
  4492.18408203     2.28217721
  4493.22021484     2.23842168
  4494.25390625     2.19393706
  4495.29003906     2.14855766
  4496.32421875     2.10252237
  4497.36132813     2.05566454
  4498.39550781     2.00830460
  4499.43066406     1.96032476
  4500.46826172     1.91171682
  4501.50341797     1.86277568
  4502.54150391     1.81331623
  4503.57714844     1.76366508
  4504.61572266     1.71363807
  4505.65234375     1.66354585
  4506.68847656     1.61339438
  4507.72802734     1.56307256
  4508.76464844     1.51296544
  4509.80468750     1.46284568
  4510.84228516     1.41307402
  4511.88232422     1.36349499
  4512.92041016     1.31439495
  4513.95849609     1.26575649
  4514.99902344     1.21754158
  4516.03808594     1.17000461
  4517.07910156     1.12306011
  4518.11865234     1.07693052
  4519.16015625     1.03153050
  4520.20019531     0.98707223
  4521.23974609     0.94357032
  4522.28222656     0.90094155
  4523.32275391     0.85943955
  4524.36572266     0.81893951
  4525.40673828     0.77965844
  4526.45019531     0.74147344
  4527.49121094     0.70460200
  4528.53320313     0.66895556
  4529.57763672     0.63452154
  4530.61962891     0.60148937
  4531.66406250     0.56972909
  4532.70654297     0.53939706
  4533.75195313     0.51037198
  4534.79492188     0.48281959
  4535.83789063     0.45668402
  4536.88427734     0.43189734
  4537.92773438     0.40861988
  4538.97412109     0.38672760
  4540.01806641     0.36633909
  4541.06542969     0.34734574
  4542.10986328     0.32986620
  4543.15722656     0.31380400
  4544.20263672     0.29923719
  4545.24755859     0.28614056
  4546.29589844     0.27447185
  4547.34179688     0.26429874
  4548.39062500     0.25557059
  4549.43652344     0.24833724
  4550.48583984     0.24255753
  4551.53271484     0.23826820
  4552.58007813     0.23545639
  4553.62939453     0.23412772
  4554.67724609     0.23429289
  4555.72753906     0.23596096
  4556.77539063     0.23913188
  4557.82617188     0.24383159
  4558.87500000     0.25005016
  4559.92333984     0.25780168
  4560.97509766     0.26713321
  4562.02441406     0.27800739
  4563.07666016     0.29049399
  4564.12597656     0.30453718
  4565.17871094     0.32023656
  4566.22900391     0.33752087
  4567.27880859     0.35642880
  4568.33251953     0.37706038
  4569.38330078     0.39929616
  4570.43701172     0.42327091
  4571.48876953     0.44888517
  4572.54248047     0.47624144
  4573.59423828     0.50524360
  4574.64648438     0.53595787
  4575.70166016     0.56846380
  4576.75439453     0.60259306
  4577.80957031     0.63849682
  4578.86279297     0.67601514
  4579.91845703     0.71529007
  4580.97216797     0.75613910
  4582.02587891     0.79860759
  4583.08251953     0.84279007
  4584.13671875     0.88842672
  4585.19433594     0.93573141
  4586.24902344     0.98437333
  4587.30664063     1.03456903
  4588.36181641     1.08600402
  4589.41748047     1.13875175
  4590.47558594     1.19284236
  4591.53173828     1.24797320
  4592.59082031     1.30431569
  4593.64697266     1.36146700
  4594.70605469     1.41964734
  4595.76318359     1.47848749
  4596.82080078     1.53801370
  4597.88037109     1.59819722
  4598.93847656     1.65872705
  4599.99853516     1.71967638
  4601.05664063     1.78069520
  4602.11816406     1.84196365
  4603.17675781     1.90298331
  4604.23583984     1.96381724
  4605.29736328     2.02444005
  4606.35693359     2.08446336
  4607.41943359     2.14402461
  4608.47900391     2.20265722
  4609.54150391     2.26054859
  4610.60205078     2.31729603
  4611.66259766     2.37287211
  4612.72607422     2.42729545
  4613.78759766     2.48018551
  4614.85107422     2.53161359
  4615.91308594     2.58129311
  4616.97753906     2.62928963
  4618.03955078     2.67527390
  4619.10156250     2.71925545
  4620.16699219     2.76126885
  4621.22998047     2.80099034
  4622.29541016     2.83851957
  4623.35888672     2.87362337
  4624.42529297     2.90639257
  4625.48876953     2.93658662
  4626.55566406     2.96433163
  4627.61962891     2.98941684
  4628.68457031     3.01190448
  4629.75146484     3.03177691
  4630.81689453     3.04894781
  4631.88476563     3.06346416
  4632.95019531     3.07525420
  4634.01855469     3.08437896
  4635.08447266     3.09079933
  4636.15087891     3.09455729
  4637.22021484     3.09567142
  4638.28710938     3.09416461
  4639.35644531     3.09006476
  4640.42382813     3.08342743
  4641.49365234     3.07427025
  4642.56152344     3.06267905
  4643.62939453     3.04869533
  4644.70019531     3.03233004
  4645.76904297     3.01371670
  4646.84033203     2.99284458
  4647.90917969     2.96987677
  4648.98095703     2.94476962
  4650.05029297     2.91772032
  4651.12011719     2.88873649
  4652.19287109     2.85782099
  4653.26318359     2.82520652
  4654.33593750     2.79082465
  4655.40673828     2.75489736
  4656.47998047     2.71735835
  4657.55175781     2.67842603
  4658.62304688     2.63815212
  4659.69726563     2.59648824
  4660.76904297     2.55372691
  4661.84375000     2.50973845
  4662.91601563     2.46482730
  4663.99169922     2.41883278
  4665.06445313     2.37211132
  4666.13769531     2.32460332
  4667.21337891     2.27630496
  4668.28759766     2.22747684
  4669.36376953     2.17804980
  4670.43798828     2.12828922
  4671.51513672     2.07805419
  4672.58984375     2.02768064
  4673.66455078     1.97714043
  4674.74218750     1.92637980
  4675.81787109     1.87571299
  4676.89599609     1.82501709
  4677.97167969     1.77460396
  4679.05078125     1.72428179
  4680.12744141     1.67440462
  4681.20410156     1.62493706
  4682.28320313     1.57584620
  4683.36035156     1.52740812
  4684.44042969     1.47947800
  4685.51806641     1.43236613
  4686.59863281     1.38590729
  4687.67675781     1.34039879
  4688.75488281     1.29579818
  4689.83642578     1.25202799
  4690.91503906     1.20940232
  4691.99707031     1.16772377
  4693.07617188     1.12728584
  4694.15869141     1.08789623
  4695.23828125     1.04982698
  4696.31835938     1.01298845
  4697.40136719     0.97733438
  4698.48193359     0.94306839
  4699.56591797     0.91002756
  4700.64697266     0.87842214
  4701.73095703     0.84809178
  4702.81201172     0.81920624
  4703.89404297     0.79165816
  4704.97900391     0.76540065
  4706.06103516     0.74056619
  4707.14648438     0.71699578
  4708.22900391     0.69480884
  4709.31494141     0.67385250
  4710.39843750     0.65421331
  4711.48437500     0.63577044
  4712.56835938     0.61856258
  4713.65283203     0.60250860
  4714.73974609     0.58754027
  4715.82421875     0.57367820
  4716.91162109     0.56080437
  4717.99658203     0.54893076
  4719.08496094     0.53793991
  4720.17041016     0.52784014
  4721.25634766     0.51853877
  4722.34472656     0.50996333
  4723.43115234     0.50208914
  4724.52050781     0.49482107
  4725.60742188     0.48813519
  4726.69726563     0.48193848
  4727.78466797     0.47620231
  4728.87207031     0.47085384
  4729.96240234     0.46582291
  4731.05078125     0.46107668
  4732.14160156     0.45654207
  4733.22998047     0.45218757
  4734.32177734     0.44794032
  4735.41113281     0.44377625
  4736.50048828     0.43964162
  4737.59228516     0.43548587
  4738.68212891     0.43128741
  4739.77490234     0.42699227
  4740.86523438     0.42258957
  4741.95898438     0.41802695
  4743.04931641     0.41330785
  4744.14062500     0.40839207
  4745.23437500     0.40325379
  4746.32617188     0.39789858
  4747.42089844     0.39229044
  4748.51318359     0.38644826
  4749.60791016     0.38034073
  4750.70019531     0.37399280
  4751.79345703     0.36738566
  4752.88916016     0.36051279
  4753.98242188     0.35341072
  4755.07861328     0.34605280
  4756.17285156     0.33848205
  4757.26953125     0.33068064
  4758.36425781     0.32269418
  4759.45849609     0.31452873
  4760.55615234     0.30617189
  4761.65136719     0.29768690
  4762.74951172     0.28905180
  4763.84472656     0.28033319
  4764.94335938     0.27150172
  4766.03955078     0.26262590
  4767.13623047     0.25370395
  4768.23535156     0.24474165
  4769.33251953     0.23579650
  4770.43212891     0.22685404
  4771.52978516     0.21797094
  4772.62988281     0.20913209
  4773.72802734     0.20039237
  4774.82617188     0.19175474
  4775.92675781     0.18321818
  4777.02587891     0.17482994
  4778.12744141     0.16657613
  4779.22656250     0.15850785
  4780.32861328     0.15059909
  4781.42822266     0.14290062
  4782.52832031     0.13540217
  4783.63134766     0.12809753
  4784.73144531     0.12103376
  4785.83496094     0.11417723
  4786.93603516     0.10757026
  4788.03955078     0.10118806
  4789.14111328     0.09505942
  4790.24316406     0.08917241
  4791.34716797     0.08352099
  4792.44970703     0.07812275
  4793.55517578     0.07295566
  4794.65771484     0.06804512
  4795.76318359     0.06336223
  4796.86669922     0.05892435
  4797.97265625     0.05470964
  4799.07666016     0.05072999
  4800.18066406     0.04697224
  4801.28710938     0.04342270
  4802.39208984     0.04008766
  4803.49951172     0.03694874
  4804.60449219     0.03401257
  4805.71240234     0.03125753
  4806.81787109     0.02868947
  4807.92382813     0.02629335
  4809.03271484     0.02405683
  4810.13867188     0.02198384
  4811.24804688     0.02005472
  4812.35449219     0.01827279
  4813.46435547     0.01662021
  4814.57177734     0.01509828
  4815.67919922     0.01369582
  4816.78955078     0.01240234
  4817.89794922     0.01121664
  4819.00878906     0.01012727
  4820.11767578     0.00913202
  4821.22900391     0.00822068
  4822.33837891     0.00739088
  4823.44726563     0.00663547
  4824.55957031     0.00594659
  4825.66943359     0.00532273
  4826.78271484     0.00475572
  4827.89306641     0.00424416
  4829.00634766     0.00378094
  4830.11718750     0.00336421
  4831.22851563     0.00298888
  4832.34228516     0.00265084
  4833.45361328     0.00234821
  4834.56884766     0.00207619
  4835.68066406     0.00183368
  4836.79589844     0.00161650
  4837.90820313     0.00142342
  4839.02148438     0.00125143
  4840.13769531     0.00109823
  4841.25048828     0.00096275
  4842.36718750     0.00084235
  4843.48144531     0.00073614
  4844.59814453     0.00064218
  4845.71240234     0.00055956
  4846.82714844     0.00048682
  4847.94482422     0.00042276
  4849.06005859     0.00036670
  4850.17871094     0.00031746
  4851.29443359     0.00027453
  4852.41308594     0.00023697
  4853.52929688     0.00020431
  4854.64550781     0.00017589
  4855.76513672     0.00015113
  4856.88232422     0.00012971
  4858.00244141     0.00011111
  4859.11962891     0.00009508
  4860.24023438     0.00008120
  4861.35839844     0.00006927
  4862.47705078     0.00005900
  4863.59814453     0.00005016
  4864.71679688     0.00004259
  4865.83886719     0.00003610
  4866.95849609     0.00003056
  4868.08056641     0.00002582
  4869.20019531     0.00002180
  4870.32031250     0.00001837
  4871.44384766     0.00001545
  4872.56445313     0.00001298
  4873.68798828     0.00001088
  4874.80908203     0.00000912
  4875.93310547     0.00000762
  4877.05468750     0.00000636
  4878.17675781     0.00000531
  4879.30175781     0.00000442
  4880.42431641     0.00000367
  4881.54980469     0.00000304
  4882.67285156     0.00000252
  4883.79833984     0.00000209
  4884.92236328     0.00000172
  4886.04882813     0.00000142
  4887.17236328     0.00000117
  4888.29687500     0.00000096
  4889.42382813     0.00000079
  4890.54882813     0.00000065
  4891.67675781     0.00000053
  4892.80175781     0.00000043
  4893.93017578     0.00000035
  4895.05615234     0.00000029
  4896.18212891     0.00000023
  4897.31103516     0.00000019
  4898.43798828     0.00000015
  4899.56738281     0.00000012
  4900.69433594     0.00000010
  4901.82421875     0.00000008
  4902.95214844     0.00000007
  4904.08007813     0.00000005
  4905.21093750     0.00000004
  4906.33935547     0.00000003
  4907.47070313     0.00000003
  4908.59960938     0.00000002
  4909.73193359     0.00000002
  4910.86132813     0.00000001
  4911.99072266     0.00000001
  4913.12353516     0.00000001
  4914.25390625     0.00000001
  4915.38720703     0.00000001
  4916.51806641     0.00000000
  4917.65185547     0.00000000
  4918.78271484     0.00000000
  4919.91455078     0.00000000
  4921.04882813     0.00000000
  4922.18115234     0.00000000
  4923.31640625     0.00000000
  4924.44873047     0.00000000
  4925.58447266     0.00000000
  4926.71728516     0.00000000
  4927.85058594     0.00000000
  4928.98681641     0.00000000
  4930.12109375     0.00000000
  4931.25781250     0.00000000
  4932.39208984     0.00000000
  4933.52978516     0.00000000
  4934.66503906     0.00000000
  4935.79980469     0.00000000
  4936.93847656     0.00000000
  4938.07373047     0.00000001
  4939.21289063     0.00000001
  4940.34912109     0.00000001
  4941.48779297     0.00000001
  4942.62500000     0.00000001
  4943.76171875     0.00000002
  4944.90185547     0.00000002
  4946.03955078     0.00000002
  4947.18017578     0.00000003
  4948.31787109     0.00000004
  4949.45898438     0.00000005
  4950.59765625     0.00000006
  4951.73681641     0.00000007
  4952.87841797     0.00000009
  4954.01806641     0.00000011
  4955.16064453     0.00000013
  4956.30029297     0.00000016
  4957.44287109     0.00000019
  4958.58349609     0.00000024
  4959.72460938     0.00000029
  4960.86816406     0.00000035
  4962.00927734     0.00000043
  4963.15380859     0.00000052
  4964.29541016     0.00000063
  4965.43994141     0.00000077
  4966.58203125     0.00000093
  4967.72460938     0.00000112
  4968.87060547     0.00000136
  4970.01367188     0.00000164
  4971.15966797     0.00000197
  4972.30322266     0.00000237
  4973.44970703     0.00000285
  4974.59375000     0.00000342
  4975.74121094     0.00000410
  4976.88574219     0.00000490
  4978.03076172     0.00000586
  4979.17871094     0.00000699
  4980.32421875     0.00000833
  4981.47265625     0.00000992
  4982.61865234     0.00001179
  4983.76757813     0.00001400
  4984.91406250     0.00001660
  4986.06054688     0.00001966
  4987.21044922     0.00002326
  4988.35791016     0.00002747
  4989.50830078     0.00003242
  4990.65625000     0.00003819
  4991.80664063     0.00004494
  4992.95507813     0.00005281
  4994.10400391     0.00006197
  4995.25537109     0.00007265
  4996.40429688     0.00008502
  4997.55664063     0.00009942
  4998.70654297     0.00011606
  4999.85937500     0.00013536
  5001.00927734     0.00015759
  5002.15966797     0.00018324
  5003.31347656     0.00021288
  5004.46435547     0.00024688
  5005.61816406     0.00028604
  5006.77001953     0.00033088
  5007.92431641     0.00038235
  5009.07666016     0.00044113
  5010.22851563     0.00050824
  5011.38427734     0.00058504
  5012.53662109     0.00067227
  5013.69287109     0.00077181
  5014.84619141     0.00088460
  5016.00244141     0.00101286
  5017.15673828     0.00115788
  5018.31054688     0.00132181
  5019.46826172     0.00150759
  5020.62255859     0.00171648
  5021.78076172     0.00195254
  5022.93554688     0.00221722
  5024.09423828     0.00251545
  5025.25000000     0.00284902
  5026.40576172     0.00322248
  5027.56494141     0.00364127
  5028.72167969     0.00410786
  5029.88134766     0.00462937
  5031.03808594     0.00520844
  5032.19824219     0.00585403
  5033.35595703     0.00656909
  5034.51416016     0.00736188
  5035.67480469     0.00824109
  5036.83349609     0.00921103
  5037.99511719     0.01028400
  5039.15380859     0.01146318
  5040.31591797     0.01276423
  5041.47558594     0.01419042
  5042.63525391     0.01575449
  5043.79785156     0.01747172
  5044.95800781     0.01934555
  5046.12158203     0.02139749
  5047.28222656     0.02362881
  5048.44628906     0.02606476
  5049.60791016     0.02870667
  5050.76904297     0.03157200
  5051.93408203     0.03468688
  5053.09619141     0.03804800
  5054.26171875     0.04168891
  5055.42431641     0.04560528
  5056.58984375     0.04983244
  5057.75341797     0.05436879
  5058.91699219     0.05923689
  5060.08300781     0.06446390
  5061.24755859     0.07004850
  5062.41455078     0.07602546
  5063.57910156     0.08238511
  5064.74658203     0.08917198
  5065.91210938     0.09637252
  5067.08007813     0.10402797
  5068.24560547     0.11211933
  5069.41162109     0.12067781
  5070.58056641     0.12973443
  5071.74707031     0.13925768
  5072.91699219     0.14930451
  5074.08349609     0.15982318
  5075.25390625     0.17088541
  5076.42138672     0.18243080
  5077.58935547     0.19449303
  5078.76025391     0.20709917
  5079.92822266     0.22018336
  5081.10009766     0.23381771
  5082.26904297     0.24791582
  5083.44091797     0.26253816
  5084.61035156     0.27760509
  5085.77978516     0.29313102
  5086.95263672     0.30914482
  5088.12304688     0.32554558
  5089.29638672     0.34238431
  5090.46728516     0.35955691
  5091.64111328     0.37711179
  5092.81201172     0.39492807
  5093.98388672     0.41302821
  5095.15820313     0.43139681
  5096.33056641     0.44992340
  5097.50585938     0.46864060
  5098.67871094     0.48741588
  5099.85400391     0.50627786
  5101.02734375     0.52510428
  5102.20117188     0.54388082
  5103.37744141     0.56258303
  5104.55126953     0.58107638
  5105.72851563     0.59939468
  5106.90332031     0.61738747
  5108.08056641     0.63506967
  5109.25585938     0.65231502
  5110.43115234     0.66909331
  5111.60986328     0.68539155
  5112.78564453     0.70106274
  5113.96435547     0.71612698
  5115.14111328     0.73046464
  5116.32031250     0.74407393
  5117.49755859     0.75685126
  5118.67480469     0.76876974
  5119.85546875     0.77981275
  5121.03320313     0.78987628
  5122.21386719     0.79896945
  5123.39208984     0.80701327
  5124.57373047     0.81401312
  5125.75244141     0.81990188
  5126.93164063     0.82467538
  5128.11425781     0.82831997
  5129.29394531     0.83080000
  5130.47656250     0.83211732
  5131.65673828     0.83225965
  5132.84033203     0.83122563
  5134.02099609     0.82902455
  5135.20214844     0.82566279
  5136.38623047     0.82114273
  5137.56787109     0.81550312
  5138.75244141     0.80874127
  5139.93457031     0.80091548
  5141.12011719     0.79201806
  5142.30273438     0.78213280
  5143.48583984     0.77127451
  5144.67187500     0.75946075
  5145.85546875     0.74679190
  5147.04199219     0.73326039
  5148.22607422     0.71897990
  5149.41308594     0.70394069
  5150.59814453     0.68826097
  5151.78271484     0.67198235
  5152.97070313     0.65510905
  5154.15625000     0.63778472
  5155.34472656     0.61999220
  5156.53076172     0.60187340
  5157.71972656     0.58340764
  5158.90625000     0.56473917
  5160.09570313     0.54584348
  5161.28271484     0.52686495
  5162.47021484     0.50781429
  5163.66113281     0.48870009
  5164.84863281     0.46968591
  5166.03955078     0.45071396
  5167.22802734     0.43192685
  5168.41992188     0.41327876
  5169.60888672     0.39491311
  5170.79785156     0.37682447
  5171.99023438     0.35900009
  5173.18017578     0.34156281
  5174.37304688     0.32446593
  5175.56347656     0.30781531
  5176.75683594     0.29156163
  5177.94775391     0.27580056
  5179.13916016     0.26051140
  5180.33349609     0.24568109
  5181.52490234     0.23139547
  5182.71972656     0.21758924
  5183.91210938     0.20433810
  5185.10742188     0.19158764
  5186.30029297     0.17939784
  5187.49365234     0.16773744
  5188.68945313     0.15658703
  5189.88330078     0.14598353
  5191.08007813     0.13587795
  5192.27392578     0.12631173
  5193.47167969     0.11722109
  5194.66650391     0.10864745
  5195.86132813     0.10055569
  5197.05957031     0.09291121
  5198.25488281     0.08574044
  5199.45410156     0.07898768
  5200.64990234     0.07267854
  5201.84912109     0.06676056
  5203.04589844     0.06124640
  5204.24267578     0.05610658
  5205.44287109     0.05131077
  5206.64013672     0.04686737
  5207.84130859     0.04273419
  5209.03906250     0.03891962
  5210.24023438     0.03538503
  5211.43896484     0.03213151
  5212.63769531     0.02913556
  5213.83984375     0.02637396
  5215.03906250     0.02384624
  5216.24169922     0.02152442
  5217.44189453     0.01940590
  5218.64501953     0.01746771
  5219.84570313     0.01570565
  5221.04638672     0.01410327
  5222.25048828     0.01264494
  5223.45166016     0.01132732
  5224.65625000     0.01013309
  5225.85839844     0.00905834
  5227.06298828     0.00808952
  5228.26562500     0.00722166
  5229.46826172     0.00644514
  5230.67431641     0.00575078
  5231.87744141     0.00513551
  5233.08398438     0.00458992
  5234.28808594     0.00411109
  5235.49511719     0.00369183
  5236.69921875     0.00332961
  5237.90380859     0.00301918
  5239.11181641     0.00275648
  5240.31738281     0.00253979
  5241.52587891     0.00236559
  5242.73144531     0.00223260
  5243.94042969     0.00213850
  5245.14697266     0.00208260
  5246.35595703     0.00206391
  5247.56298828     0.00208225
  5248.77050781     0.00213772
  5249.98046875     0.00223115
  5251.18847656     0.00236327
  5252.39941406     0.00253618
  5253.60791016     0.00275109
  5254.81933594     0.00301146
  5256.02783203     0.00331895
  5257.23730469     0.00367788
  5258.44921875     0.00409286
  5259.65917969     0.00456692
  5260.87207031     0.00510709
  5262.08203125     0.00571639
  5263.29541016     0.00640429
  5264.50634766     0.00717439
  5265.71777344     0.00803582
  5266.93164063     0.00899846
  5268.14355469     0.01006770
  5269.35839844     0.01125756
  5270.57031250     0.01257255
  5271.78564453     0.01403071
  5272.99853516     0.01563693
  5274.21191406     0.01740735
  5275.42773438     0.01935879
  5276.64160156     0.02149851
  5277.85839844     0.02385041
  5279.07275391     0.02642011
  5280.29003906     0.02923581
  5281.50439453     0.03230145
  5282.71972656     0.03564457
  5283.93750000     0.03928944
  5285.15332031     0.04324295
  5286.37158203     0.04754024
  5287.58837891     0.05218919
  5288.80761719     0.05722715
  5290.02392578     0.06265414
  5291.24121094     0.06850968
  5292.46093750     0.07482606
  5293.67871094     0.08160461
  5294.89990234     0.08890025
  5296.11767578     0.09669629
  5297.33886719     0.10506098
  5298.55761719     0.11397889
  5299.77636719     0.12349020
  5300.99853516     0.13364768
  5302.21826172     0.14442654
  5303.44042969     0.15589234
  5304.66064453     0.16802599
  5305.88427734     0.18090264
  5307.10449219     0.19446982
  5308.32568359     0.20879233
  5309.54980469     0.22391315
  5310.77099609     0.23977466
  5311.99560547     0.25647271
  5313.21777344     0.27393895
  5314.44335938     0.29226688
  5315.66552734     0.31136006
  5316.88818359     0.33127993
  5318.11425781     0.35207897
  5319.33789063     0.37365627
  5320.56445313     0.39610174
  5321.78857422     0.41930896
  5323.01611328     0.44337809
  5324.24023438     0.46815988
  5325.46484375     0.49371186
  5326.69335938     0.52008730
  5327.91894531     0.54711461
  5329.14746094     0.57489353
  5330.37353516     0.60327059
  5331.60253906     0.63233405
  5332.82861328     0.66190594
  5334.05566406     0.69203645
  5335.28564453     0.72272986
  5336.51318359     0.75380391
  5337.74316406     0.78533024
  5338.97119141     0.81714225
  5340.20214844     0.84931052
  5341.43115234     0.88164854
  5342.66259766     0.91421199
  5343.89160156     0.94680971
  5345.12158203     0.97946888
  5346.35400391     1.01216459
  5347.58398438     1.04470265
  5348.81689453     1.07716036
  5350.04785156     1.10934401
  5351.28125000     1.14130461
  5352.51220703     1.17285204
  5353.74365234     1.20400071
  5354.97851563     1.23476183
  5356.20996094     1.26490676
  5357.44482422     1.29454613
  5358.67773438     1.32349610
  5359.91357422     1.35181952
  5361.14648438     1.37933326
  5362.37988281     1.40607119
  5363.61621094     1.43204117
  5364.85009766     1.45709169
  5366.08740234     1.48130608
  5367.32177734     1.50452864
  5368.55908203     1.52684295
  5369.79443359     1.54813623
  5371.02929688     1.56841767
  5372.26806641     1.58773899
  5373.50439453     1.60598731
  5374.74365234     1.62323296
  5375.97949219     1.63938284
  5377.21972656     1.65453529
  5378.45605469     1.66858959
  5379.69384766     1.68161249
  5380.93408203     1.69361591
  5382.17236328     1.70456421
  5383.41308594     1.71450579
  5384.65185547     1.72341621
  5385.89355469     1.73134196
  5387.13232422     1.73825908
  5388.37158203     1.74420404
  5389.61474609     1.74920261
  5390.85449219     1.75323939
  5392.09765625     1.75635099
  5393.33789063     1.75853515
  5394.58154297     1.75981569
  5395.82226563     1.76019824
  5397.06396484     1.75969720
  5398.30810547     1.75831878
  5399.55029297     1.75607622
  5400.79492188     1.75296855
  5402.03808594     1.74901080
  5403.28369141     1.74419403
  5404.52685547     1.73854041
  5405.76953125     1.73204637
  5407.01660156     1.72468317
  5408.26025391     1.71649528
  5409.50781250     1.70743275
  5410.75195313     1.69754648
  5411.99951172     1.68677926
  5413.24414063     1.67518258
  5414.48974609     1.66271901
  5415.73876953     1.64935660
  5416.98437500     1.63516641
  5418.23339844     1.62006855
  5419.47949219     1.60413885
  5420.72949219     1.58728921
  5421.97656250     1.56961322
  5423.22412109     1.55106890
  5424.47460938     1.53162229
  5425.72265625     1.51136470
  5426.97363281     1.49021947
  5428.22167969     1.46829891
  5429.47363281     1.44549835
  5430.72314453     1.42195129
  5431.97265625     1.39763606
  5433.22509766     1.37251854
  5434.47509766     1.34673476
  5435.72802734     1.32020462
  5436.97851563     1.29307652
  5438.23242188     1.26526022
  5439.48291016     1.23694837
  5440.73730469     1.20801795
  5441.98925781     1.17866051
  5443.24121094     1.14886880
  5444.49609375     1.11862195
  5445.74853516     1.08810198
  5447.00488281     1.05720782
  5448.25732422     1.02618730
  5449.51416016     0.99489141
  5450.76757813     0.96357214
  5452.02148438     0.93218982
  5453.27880859     0.90072930
  5454.53369141     0.86939502
  5455.79101563     0.83812249
  5457.04638672     0.80707753
  5458.30419922     0.77620721
  5459.56005859     0.74567348
  5460.81640625     0.71546865
  5462.07568359     0.68558580
  5463.33203125     0.65621203
  5464.59179688     0.62724507
  5465.84912109     0.59886289
  5467.10937500     0.57098514
  5468.36718750     0.54376793
  5469.62548828     0.51718068
  5470.88671875     0.49120530
  5472.14453125     0.46599966
  5473.40673828     0.44143239
  5474.66601563     0.41766831
  5475.92871094     0.39460570
  5477.18798828     0.37238362
  5478.44824219     0.35093325
  5479.71142578     0.33023292
  5480.97216797     0.31037557
  5482.23583984     0.29127884
  5483.49707031     0.27302310
  5484.76171875     0.25552046
  5486.02343750     0.23885265
  5487.28564453     0.22296317
  5488.55078125     0.20781305
  5489.81396484     0.19344835
  5491.07958984     0.17980410
  5492.34277344     0.16691583
  5493.60888672     0.15471053
  5494.87304688     0.14321607
  5496.13720703     0.13239191
  5497.40429688     0.12219310
  5498.66943359     0.11263668
  5499.93701172     0.10366604
