1.  -1.365233E-22
2.  -1.977535E-22
3.  -1.569754E-22
4.  -1.526665E-22
5.  -1.289107E-22
6.  -1.762140E-22
7.  -1.047075E-22
8.  -6.836676E-23
9.  -7.106855E-23
10.  -7.047676E-23
11.  -6.689712E-23
12.  -2.041744E-23
13.  -9.985370E-24
14.  -1.441271E-22
15.  -6.657551E-23
16.  -2.878391E-23
17.  -2.619700E-24
18.  -8.118034E-23
19.  -1.133536E-22
20.  8.100134E-25
21.  -1.787328E-23
22.  -7.327171E-23
23.  -1.465238E-22
24.  -1.945201E-22
25.  -1.383128E-22
26.  -1.166183E-22
27.  -1.289492E-23
28.  -5.251350E-23
29.  -1.638185E-22
30.  -4.975962E-23
31.  -1.897842E-22
32.  -1.971832E-23
33.  -1.496625E-22
34.  -7.937009E-23
35.  -1.249408E-22
36.  -6.543842E-23
37.  -1.086903E-22
38.  -1.047491E-22
39.  -1.367052E-22
40.  -6.966383E-23
41.  -1.246346E-22
42.  1.590318E-23
43.  -1.734543E-22
44.  -3.495462E-24
45.  -4.237453E-23
46.  -9.097057E-23
47.  -8.930401E-23
48.  -1.092190E-22
49.  -8.081200E-23
50.  -1.309640E-22
51.  -9.189828E-23
52.  -1.097815E-22
53.  9.132744E-23
54.  -1.170528E-22
55.  -1.118628E-22
56.  -9.622967E-23
57.  -1.638205E-22
58.  -3.327966E-23
59.  -2.806903E-23
60.  -1.234815E-23
61.  -1.294404E-22
62.  1.359650E-23
63.  -1.605721E-22
64.  2.752092E-23
65.  -5.513559E-23
66.  -1.749463E-22
67.  -1.512492E-22
68.  -1.244000E-22
69.  -1.589415E-22
70.  -7.590447E-23
71.  -8.546755E-23
72.  -1.056733E-22
73.  -1.080388E-22
74.  -1.049237E-22
75.  -1.389980E-22
76.  -9.521392E-23
77.  -1.086028E-22
78.  -2.878800E-23
79.  -9.615018E-23
80.  -1.524338E-24
81.  -9.831325E-23
82.  -1.277444E-22
83.  -1.330428E-22
84.  -5.913641E-23
85.  3.962421E-23
86.  -9.703332E-23
87.  -8.489644E-23
88.  -1.259435E-22
89.  -6.944360E-23
90.  -1.182533E-22
91.  -2.135023E-22
92.  -1.171990E-23
93.  -7.217696E-23
94.  -1.388519E-22
95.  -1.438193E-22
96.  9.871212E-24
97.  -1.660193E-22
98.  -1.706448E-22
99.  -2.070579E-23
100.  -5.070611E-23
101.  -1.861280E-22
102.  -7.474036E-23
103.  -8.747639E-23
104.  -1.022135E-22
105.  -1.197688E-22
106.  -9.545559E-23
107.  -1.367614E-22
108.  -2.040853E-24
109.  -8.918257E-23
110.  -8.137110E-23
111.  -1.502598E-23
112.  -8.113062E-24
113.  -9.362079E-23
114.  -2.967189E-23
115.  -8.587792E-24
116.  -3.748591E-24
117.  -7.272937E-23
118.  -1.327874E-22
119.  -7.391357E-23
120.  -7.498433E-23
121.  -5.880640E-23
122.  -8.350003E-23
123.  -1.012290E-22
124.  -8.931338E-23
125.  -1.343409E-22
126.  -7.516711E-23
127.  -1.397709E-22
128.  1.336070E-23
129.  -6.148326E-23
130.  -1.563065E-22
131.  -1.029259E-22
132.  -1.498065E-22
133.  -1.136879E-22
134.  -1.059066E-22
135.  -1.003355E-22
136.  -6.255051E-23
137.  -1.126492E-22
138.  -4.191676E-23
139.  -1.038409E-22
140.  -1.193395E-22
141.  -7.750153E-23
142.  -3.407976E-23
143.  -1.585897E-23
144.  -5.739491E-23
145.  -8.896226E-23
146.  -5.901743E-23
147.  -1.801288E-22
148.  -5.294440E-23
149.  -5.509057E-23
150.  -1.050853E-22
151.  -1.195820E-22
152.  -1.451415E-22
153.  -1.125233E-22
154.  -9.132155E-23
155.  -8.989066E-23
156.  -1.004071E-22
157.  -1.294895E-22
158.  -1.147427E-22
159.  -2.011494E-22
160.  -1.056721E-22
161.  -8.877067E-23
162.  -1.168321E-22
163.  -5.449360E-23
164.  -3.675379E-23
165.  -9.639897E-23
166.  -6.159802E-23
167.  -1.636542E-22
168.  -1.209090E-22
169.  -1.169570E-22
170.  -1.031465E-22
171.  -9.429702E-23
172.  -5.220283E-23
173.  -1.107002E-22
174.  -8.128168E-23
175.  -8.337906E-23
176.  -1.195758E-22
177.  -1.532648E-22
178.  -1.237061E-22
179.  -1.246866E-22
180.  -1.663217E-22
181.  -7.006535E-23
182.  -1.624422E-22
183.  -8.710971E-23
184.  -1.092462E-22
185.  -1.608198E-22
186.  -3.443404E-23
187.  -7.080287E-23
188.  -1.028899E-22
189.  -1.224133E-22
190.  -2.142675E-23
191.  -2.316605E-22
192.  -8.959742E-23
193.  -9.500872E-23
194.  -2.298599E-22
195.  -1.123921E-22
196.  -1.237006E-22
197.  -2.001847E-22
198.  -1.182497E-22
199.  -1.458332E-22
200.  -2.348485E-22
201.  -1.618073E-22
202.  -1.151179E-22
203.  -9.197914E-23
204.  -1.311469E-22
205.  -1.418734E-22
206.  -9.941143E-23
207.  -1.277173E-22
208.  -8.508143E-23
209.  -1.921864E-22
210.  -1.703393E-22
211.  -9.590118E-23
212.  -1.135044E-22
213.  -1.759887E-23
214.  -2.394801E-23
215.  -6.072523E-23
216.  -9.699350E-23
217.  2.877688E-23
218.  5.626028E-23
219.  9.621622E-23
220.  3.239675E-22
221.  3.596166E-22
222.  5.014739E-22
223.  6.194996E-22
224.  8.937131E-22
225.  1.109211E-21
226.  1.460429E-21
227.  1.956480E-21
228.  2.428182E-21
229.  3.115052E-21
230.  4.028584E-21
231.  5.072078E-21
232.  6.405232E-21
233.  8.128954E-21
234.  1.034456E-20
235.  1.278673E-20
236.  1.604680E-20
237.  1.987993E-20
238.  2.473919E-20
239.  3.043395E-20
240.  3.753164E-20
241.  4.608232E-20
242.  5.641969E-20
243.  6.898737E-20
244.  8.394920E-20
245.  1.020120E-19
246.  1.235072E-19
247.  1.492621E-19
248.  1.797043E-19
249.  2.160127E-19
250.  2.589575E-19
251.  3.094418E-19
252.  3.689486E-19
253.  4.387213E-19
254.  5.205199E-19
255.  6.157915E-19
256.  7.268978E-19
257.  8.557915E-19
258.  1.004950E-18
259.  1.177506E-18
260.  1.376196E-18
261.  1.604638E-18
262.  1.866510E-18
263.  2.165938E-18
264.  2.507608E-18
265.  2.896521E-18
266.  3.338050E-18
267.  3.838210E-18
268.  4.403348E-18
269.  5.040738E-18
270.  5.757810E-18
271.  6.562628E-18
272.  7.464005E-18
273.  8.471276E-18
274.  9.594446E-18
275.  1.084416E-17
276.  1.223206E-17
277.  1.376990E-17
278.  1.547048E-17
279.  1.734734E-17
280.  1.941424E-17
281.  2.168661E-17
282.  2.417956E-17
283.  2.690933E-17
284.  2.989273E-17
285.  3.314728E-17
286.  3.669106E-17
287.  4.054282E-17
288.  4.472158E-17
289.  4.924688E-17
290.  5.413916E-17
291.  5.941846E-17
292.  6.510564E-17
293.  7.122147E-17
294.  7.778694E-17
295.  8.482307E-17
296.  9.235091E-17
297.  1.003910E-16
298.  1.089637E-16
299.  1.180891E-16
300.  1.277866E-16
301.  1.380748E-16
302.  1.489716E-16
303.  1.604940E-16
304.  1.726579E-16
305.  1.854780E-16
306.  1.989673E-16
307.  2.131380E-16
308.  2.280004E-16
309.  2.435628E-16
310.  2.598321E-16
311.  2.768134E-16
312.  2.945095E-16
313.  3.129214E-16
314.  3.320480E-16
315.  3.518861E-16
316.  3.724302E-16
317.  3.936728E-16
318.  4.156044E-16
319.  4.382125E-16
320.  4.614839E-16
321.  4.854021E-16
322.  5.099487E-16
323.  5.351043E-16
324.  5.608465E-16
325.  5.871515E-16
326.  6.139937E-16
327.  6.413460E-16
328.  6.691794E-16
329.  6.974639E-16
330.  7.261678E-16
331.  7.552582E-16
332.  7.847010E-16
333.  8.144612E-16
334.  8.445033E-16
335.  8.747898E-16
336.  9.052837E-16
337.  9.359464E-16
338.  9.667397E-16
339.  9.976244E-16
340.  1.028561E-15
341.  1.059511E-15
342.  1.090434E-15
343.  1.121290E-15
344.  1.152041E-15
345.  1.182648E-15
346.  1.213071E-15
347.  1.243272E-15
348.  1.273215E-15
349.  1.302861E-15
350.  1.332177E-15
351.  1.361126E-15
352.  1.389675E-15
353.  1.417792E-15
354.  1.445445E-15
355.  1.472606E-15
356.  1.499245E-15
357.  1.525338E-15
358.  1.550860E-15
359.  1.575789E-15
360.  1.600104E-15
361.  1.623788E-15
362.  1.646825E-15
363.  1.669201E-15
364.  1.690905E-15
365.  1.711930E-15
366.  1.732268E-15
367.  1.751915E-15
368.  1.770870E-15
369.  1.789134E-15
370.  1.806710E-15
371.  1.823603E-15
372.  1.839821E-15
373.  1.855372E-15
374.  1.870268E-15
375.  1.884522E-15
376.  1.898148E-15
377.  1.911162E-15
378.  1.923580E-15
379.  1.935422E-15
380.  1.946706E-15
381.  1.957450E-15
382.  1.967674E-15
383.  1.977399E-15
384.  1.986644E-15
385.  1.995429E-15
386.  2.003773E-15
387.  2.011695E-15
388.  2.019213E-15
389.  2.026343E-15
390.  2.033103E-15
391.  2.039505E-15
392.  2.045565E-15
393.  2.051294E-15
394.  2.056704E-15
395.  2.061801E-15
396.  2.066595E-15
397.  2.071090E-15
398.  2.075290E-15
399.  2.079198E-15
400.  2.082811E-15
401.  2.086129E-15
402.  2.089147E-15
403.  2.091859E-15
404.  2.094257E-15
405.  2.096331E-15
406.  2.098067E-15
407.  2.099453E-15
408.  2.100472E-15
409.  2.101108E-15
410.  2.101341E-15
411.  2.101150E-15
412.  2.100514E-15
413.  2.099411E-15
414.  2.097817E-15
415.  2.095709E-15
416.  2.093062E-15
417.  2.089853E-15
418.  2.086058E-15
419.  2.081656E-15
420.  2.076625E-15
421.  2.070944E-15
422.  2.064597E-15
423.  2.057568E-15
424.  2.049844E-15
425.  2.041415E-15
426.  2.032273E-15
427.  2.022415E-15
428.  2.011840E-15
429.  2.000554E-15
430.  1.988561E-15
431.  1.975875E-15
432.  1.962508E-15
433.  1.948481E-15
434.  1.933814E-15
435.  1.918533E-15
436.  1.902667E-15
437.  1.886246E-15
438.  1.869303E-15
439.  1.851874E-15
440.  1.833997E-15
441.  1.815709E-15
442.  1.797050E-15
443.  1.778060E-15
444.  1.758779E-15
445.  1.739246E-15
446.  1.719500E-15
447.  1.699580E-15
448.  1.679522E-15
449.  1.659363E-15
450.  1.639135E-15
451.  1.618872E-15
452.  1.598605E-15
453.  1.578362E-15
454.  1.558173E-15
455.  1.538063E-15
456.  1.518057E-15
457.  1.498181E-15
458.  1.478456E-15
459.  1.458906E-15
460.  1.439553E-15
461.  1.420420E-15
462.  1.401530E-15
463.  1.382906E-15
464.  1.364570E-15
465.  1.346549E-15
466.  1.328868E-15
467.  1.311554E-15
468.  1.294635E-15
469.  1.278140E-15
470.  1.262100E-15
471.  1.246547E-15
472.  1.231514E-15
473.  1.217034E-15
474.  1.203141E-15
475.  1.189870E-15
476.  1.177256E-15
477.  1.165332E-15
478.  1.154133E-15
479.  1.143690E-15
480.  1.134035E-15
481.  1.125198E-15
482.  1.117203E-15
483.  1.110077E-15
484.  1.103841E-15
485.  1.098513E-15
486.  1.094108E-15
487.  1.090635E-15
488.  1.088103E-15
489.  1.086514E-15
490.  1.085866E-15
491.  1.086154E-15
492.  1.087367E-15
493.  1.089492E-15
494.  1.092509E-15
495.  1.096396E-15
496.  1.101127E-15
497.  1.106673E-15
498.  1.112999E-15
499.  1.120071E-15
500.  1.127851E-15
501.  1.136296E-15
502.  1.145367E-15
503.  1.155018E-15
504.  1.165205E-15
505.  1.175884E-15
506.  1.187010E-15
507.  1.198539E-15
508.  1.210428E-15
509.  1.222633E-15
510.  1.235115E-15
511.  1.247837E-15
512.  1.260761E-15
513.  1.273855E-15
514.  1.287089E-15
515.  1.300437E-15
516.  1.313875E-15
517.  1.327384E-15
518.  1.340947E-15
519.  1.354554E-15
520.  1.368196E-15
521.  1.381869E-15
522.  1.395574E-15
523.  1.409312E-15
524.  1.423092E-15
525.  1.436923E-15
526.  1.450818E-15
527.  1.464794E-15
528.  1.478869E-15
529.  1.493062E-15
530.  1.507396E-15
531.  1.521893E-15
532.  1.536577E-15
533.  1.551470E-15
534.  1.566596E-15
535.  1.581975E-15
536.  1.597629E-15
537.  1.613574E-15
538.  1.629825E-15
539.  1.646394E-15
540.  1.663288E-15
541.  1.680511E-15
542.  1.698061E-15
543.  1.715932E-15
544.  1.734113E-15
545.  1.752583E-15
546.  1.771320E-15
547.  1.790294E-15
548.  1.809469E-15
549.  1.828800E-15
550.  1.848241E-15
551.  1.867736E-15
552.  1.887224E-15
553.  1.906640E-15
554.  1.925913E-15
555.  1.944966E-15
556.  1.963721E-15
557.  1.982095E-15
558.  2.000001E-15
559.  2.017353E-15
560.  2.034061E-15
561.  2.050037E-15
562.  2.065190E-15
563.  2.079435E-15
564.  2.092685E-15
565.  2.104857E-15
566.  2.115873E-15
567.  2.125660E-15
568.  2.134147E-15
569.  2.141271E-15
570.  2.146978E-15
571.  2.151217E-15
572.  2.153947E-15
573.  2.155136E-15
574.  2.154757E-15
575.  2.152796E-15
576.  2.149243E-15
577.  2.144101E-15
578.  2.137379E-15
579.  2.129095E-15
580.  2.119275E-15
581.  2.107952E-15
582.  2.095169E-15
583.  2.080971E-15
584.  2.065411E-15
585.  2.048551E-15
586.  2.030450E-15
587.  2.011178E-15
588.  1.990802E-15
589.  1.969396E-15
590.  1.947033E-15
591.  1.923785E-15
592.  1.899728E-15
593.  1.874934E-15
594.  1.849474E-15
595.  1.823420E-15
596.  1.796839E-15
597.  1.769795E-15
598.  1.742351E-15
599.  1.714566E-15
600.  1.686496E-15
601.  1.658194E-15
602.  1.629710E-15
603.  1.601089E-15
604.  1.572377E-15
605.  1.543615E-15
606.  1.514841E-15
607.  1.486095E-15
608.  1.457410E-15
609.  1.428823E-15
610.  1.400367E-15
611.  1.372076E-15
612.  1.343982E-15
613.  1.316118E-15
614.  1.288518E-15
615.  1.261215E-15
616.  1.234243E-15
617.  1.207637E-15
618.  1.181431E-15
619.  1.155659E-15
620.  1.130357E-15
621.  1.105560E-15
622.  1.081301E-15
623.  1.057616E-15
624.  1.034536E-15
625.  1.012093E-15
626.  9.903164E-16
627.  9.692347E-16
628.  9.488733E-16
629.  9.292551E-16
630.  9.104003E-16
631.  8.923261E-16
632.  8.750463E-16
633.  8.585718E-16
634.  8.429096E-16
635.  8.280638E-16
636.  8.140353E-16
637.  8.008213E-16
638.  7.884165E-16
639.  7.768129E-16
640.  7.659998E-16
641.  7.559646E-16
642.  7.466928E-16
643.  7.381684E-16
644.  7.303745E-16
645.  7.232935E-16
646.  7.169078E-16
647.  7.111994E-16
648.  7.061508E-16
649.  7.017455E-16
650.  6.979679E-16
651.  6.948029E-16
652.  6.922380E-16
653.  6.902608E-16
654.  6.888612E-16
655.  6.880299E-16
656.  6.877595E-16
657.  6.880434E-16
658.  6.888761E-16
659.  6.902530E-16
660.  6.921699E-16
661.  6.946227E-16
662.  6.976071E-16
663.  7.011183E-16
664.  7.051509E-16
665.  7.096974E-16
666.  7.147497E-16
667.  7.202971E-16
668.  7.263266E-16
669.  7.328230E-16
670.  7.397686E-16
671.  7.471419E-16
672.  7.549194E-16
673.  7.630740E-16
674.  7.715759E-16
675.  7.803923E-16
676.  7.894878E-16
677.  7.988244E-16
678.  8.083622E-16
679.  8.180592E-16
680.  8.278726E-16
681.  8.377579E-16
682.  8.476707E-16
683.  8.575667E-16
684.  8.674020E-16
685.  8.771340E-16
686.  8.867216E-16
687.  8.961266E-16
688.  9.053122E-16
689.  9.142461E-16
690.  9.228985E-16
691.  9.312440E-16
692.  9.392611E-16
693.  9.469323E-16
694.  9.542449E-16
695.  9.611903E-16
696.  9.677644E-16
697.  9.739672E-16
698.  9.798030E-16
699.  9.852792E-16
700.  9.904068E-16
701.  9.951996E-16
702.  9.996742E-16
703.  1.003848E-15
704.  1.007741E-15
705.  1.011372E-15
706.  1.014762E-15
707.  1.017929E-15
708.  1.020892E-15
709.  1.023667E-15
710.  1.026266E-15
711.  1.028702E-15
712.  1.030980E-15
713.  1.033105E-15
714.  1.035075E-15
715.  1.036886E-15
716.  1.038528E-15
717.  1.039985E-15
718.  1.041241E-15
719.  1.042270E-15
720.  1.043046E-15
721.  1.043537E-15
722.  1.043707E-15
723.  1.043519E-15
724.  1.042931E-15
725.  1.041901E-15
726.  1.040384E-15
727.  1.038337E-15
728.  1.035713E-15
729.  1.032471E-15
730.  1.028567E-15
731.  1.023962E-15
732.  1.018621E-15
733.  1.012509E-15
734.  1.005600E-15
735.  9.978701E-16
736.  9.893022E-16
737.  9.798846E-16
738.  9.696126E-16
739.  9.584884E-16
740.  9.465206E-16
741.  9.337251E-16
742.  9.201251E-16
743.  9.057505E-16
744.  8.906380E-16
745.  8.748309E-16
746.  8.583787E-16
747.  8.413363E-16
748.  8.237645E-16
749.  8.057280E-16
750.  7.872962E-16
751.  7.685417E-16
752.  7.495396E-16
753.  7.303669E-16
754.  7.111025E-16
755.  6.918250E-16
756.  6.726133E-16
757.  6.535453E-16
758.  6.346975E-16
759.  6.161437E-16
760.  5.979553E-16
761.  5.802002E-16
762.  5.629425E-16
763.  5.462421E-16
764.  5.301541E-16
765.  5.147282E-16
766.  5.000098E-16
767.  4.860381E-16
768.  4.728473E-16
769.  4.604654E-16
770.  4.489153E-16
771.  4.382143E-16
772.  4.283741E-16
773.  4.194009E-16
774.  4.112966E-16
775.  4.040574E-16
776.  3.976751E-16
777.  3.921377E-16
778.  3.874287E-16
779.  3.835281E-16
780.  3.804128E-16
781.  3.780565E-16
782.  3.764304E-16
783.  3.755034E-16
784.  3.752426E-16
785.  3.756134E-16
786.  3.765800E-16
787.  3.781056E-16
788.  3.801529E-16
789.  3.826838E-16
790.  3.856604E-16
791.  3.890444E-16
792.  3.927981E-16
793.  3.968841E-16
794.  4.012653E-16
795.  4.059054E-16
796.  4.107690E-16
797.  4.158212E-16
798.  4.210283E-16
799.  4.263574E-16
800.  4.317768E-16
801.  4.372557E-16
802.  4.427644E-16
803.  4.482744E-16
804.  4.537581E-16
805.  4.591894E-16
806.  4.645431E-16
807.  4.697955E-16
808.  4.749241E-16
809.  4.799073E-16
810.  4.847256E-16
811.  4.893601E-16
812.  4.937942E-16
813.  4.980122E-16
814.  5.020004E-16
815.  5.057469E-16
816.  5.092410E-16
817.  5.124749E-16
818.  5.154420E-16
819.  5.181380E-16
820.  5.205610E-16
821.  5.227109E-16
822.  5.245902E-16
823.  5.262038E-16
824.  5.275587E-16
825.  5.286648E-16
826.  5.295342E-16
827.  5.301811E-16
828.  5.306225E-16
829.  5.308776E-16
830.  5.309680E-16
831.  5.309172E-16
832.  5.307510E-16
833.  5.304966E-16
834.  5.301837E-16
835.  5.298429E-16
836.  5.295066E-16
837.  5.292076E-16
838.  5.289803E-16
839.  5.288593E-16
840.  5.288796E-16
841.  5.290765E-16
842.  5.294846E-16
843.  5.301382E-16
844.  5.310708E-16
845.  5.323148E-16
846.  5.339012E-16
847.  5.358589E-16
848.  5.382155E-16
849.  5.409959E-16
850.  5.442225E-16
851.  5.479152E-16
852.  5.520912E-16
853.  5.567639E-16
854.  5.619437E-16
855.  5.676378E-16
856.  5.738496E-16
857.  5.805789E-16
858.  5.878221E-16
859.  5.955714E-16
860.  6.038157E-16
861.  6.125401E-16
862.  6.217265E-16
863.  6.313527E-16
864.  6.413943E-16
865.  6.518226E-16
866.  6.626073E-16
867.  6.737149E-16
868.  6.851098E-16
869.  6.967548E-16
870.  7.086114E-16
871.  7.206390E-16
872.  7.327977E-16
873.  7.450467E-16
874.  7.573452E-16
875.  7.696536E-16
876.  7.819335E-16
877.  7.941477E-16
878.  8.062616E-16
879.  8.182423E-16
880.  8.300605E-16
881.  8.416898E-16
882.  8.531073E-16
883.  8.642941E-16
884.  8.752351E-16
885.  8.859194E-16
886.  8.963404E-16
887.  9.064957E-16
888.  9.163868E-16
889.  9.260200E-16
890.  9.354050E-16
891.  9.445547E-16
892.  9.534858E-16
893.  9.622177E-16
894.  9.707722E-16
895.  9.791731E-16
896.  9.874451E-16
897.  9.956140E-16
898.  1.003705E-15
899.  1.011745E-15
900.  1.019757E-15
901.  1.027764E-15
902.  1.035786E-15
903.  1.043839E-15
904.  1.051939E-15
905.  1.060096E-15
906.  1.068314E-15
907.  1.076596E-15
908.  1.084938E-15
909.  1.093332E-15
910.  1.101764E-15
911.  1.110216E-15
912.  1.118666E-15
913.  1.127085E-15
914.  1.135443E-15
915.  1.143702E-15
916.  1.151824E-15
917.  1.159768E-15
918.  1.167488E-15
919.  1.174939E-15
920.  1.182074E-15
921.  1.188846E-15
922.  1.195208E-15
923.  1.201114E-15
924.  1.206521E-15
925.  1.211387E-15
926.  1.215675E-15
927.  1.219349E-15
928.  1.222381E-15
929.  1.224742E-15
930.  1.226414E-15
931.  1.227380E-15
932.  1.227630E-15
933.  1.227159E-15
934.  1.225968E-15
935.  1.224063E-15
936.  1.221455E-15
937.  1.218159E-15
938.  1.214196E-15
939.  1.209590E-15
940.  1.204370E-15
941.  1.198566E-15
942.  1.192211E-15
943.  1.185341E-15
944.  1.177991E-15
945.  1.170200E-15
946.  1.162003E-15
947.  1.153438E-15
948.  1.144539E-15
949.  1.135340E-15
950.  1.125872E-15
951.  1.116164E-15
952.  1.106241E-15
953.  1.096128E-15
954.  1.085843E-15
955.  1.075403E-15
956.  1.064821E-15
957.  1.054106E-15
958.  1.043266E-15
959.  1.032303E-15
960.  1.021220E-15
961.  1.010014E-15
962.  9.986830E-16
963.  9.872224E-16
964.  9.756267E-16
965.  9.638896E-16
966.  9.520060E-16
967.  9.399696E-16
968.  9.277765E-16
969.  9.154237E-16
970.  9.029102E-16
971.  8.902376E-16
972.  8.774098E-16
973.  8.644341E-16
974.  8.513208E-16
975.  8.380843E-16
976.  8.247421E-16
977.  8.113157E-16
978.  7.978308E-16
979.  7.843164E-16
980.  7.708057E-16
981.  7.573354E-16
982.  7.439452E-16
983.  7.306789E-16
984.  7.175826E-16
985.  7.047055E-16
986.  6.920987E-16
987.  6.798157E-16
988.  6.679116E-16
989.  6.564422E-16
990.  6.454645E-16
991.  6.350361E-16
992.  6.252142E-16
993.  6.160554E-16
994.  6.076158E-16
995.  5.999498E-16
996.  5.931102E-16
997.  5.871475E-16
998.  5.821095E-16
999.  5.780413E-16
1000.  5.749842E-16
1001.  5.729756E-16
1002.  5.720489E-16
1003.  5.722326E-16
1004.  5.735506E-16
1005.  5.760206E-16
1006.  5.796555E-16
1007.  5.844613E-16
1008.  5.904381E-16
1009.  5.975792E-16
1010.  6.058707E-16
1011.  6.152917E-16
1012.  6.258142E-16
1013.  6.374022E-16
1014.  6.500122E-16
1015.  6.635932E-16
1016.  6.780864E-16
1017.  6.934259E-16
1018.  7.095376E-16
1019.  7.263411E-16
1020.  7.437484E-16
1021.  7.616657E-16
1022.  7.799929E-16
1023.  7.986245E-16
1024.  8.174504E-16
1025.  8.363564E-16
1026.  8.552249E-16
1027.  8.739361E-16
1028.  8.923689E-16
1029.  9.104013E-16
1030.  9.279120E-16
1031.  9.447813E-16
1032.  9.608922E-16
1033.  9.761310E-16
1034.  9.903894E-16
1035.  1.003564E-15
1036.  1.015560E-15
1037.  1.026287E-15
1038.  1.035666E-15
1039.  1.043627E-15
1040.  1.050108E-15
1041.  1.055061E-15
1042.  1.058445E-15
1043.  1.060234E-15
1044.  1.060413E-15
1045.  1.058976E-15
1046.  1.055932E-15
1047.  1.051301E-15
1048.  1.045114E-15
1049.  1.037411E-15
1050.  1.028246E-15
1051.  1.017680E-15
1052.  1.005784E-15
1053.  9.926392E-16
1054.  9.783307E-16
1055.  9.629526E-16
1056.  9.466043E-16
1057.  9.293892E-16
1058.  9.114149E-16
1059.  8.927916E-16
1060.  8.736312E-16
1061.  8.540463E-16
1062.  8.341500E-16
1063.  8.140540E-16
1064.  7.938688E-16
1065.  7.737022E-16
1066.  7.536598E-16
1067.  7.338433E-16
1068.  7.143510E-16
1069.  6.952764E-16
1070.  6.767093E-16
1071.  6.587346E-16
1072.  6.414324E-16
1073.  6.248780E-16
1074.  6.091418E-16
1075.  5.942900E-16
1076.  5.803831E-16
1077.  5.674780E-16
1078.  5.556265E-16
1079.  5.448765E-16
1080.  5.352717E-16
1081.  5.268512E-16
1082.  5.196513E-16
1083.  5.137035E-16
1084.  5.090355E-16
1085.  5.056722E-16
1086.  5.036338E-16
1087.  5.029373E-16
1088.  5.035956E-16
1089.  5.056175E-16
1090.  5.090077E-16
1091.  5.137669E-16
1092.  5.198909E-16
1093.  5.273705E-16
1094.  5.361921E-16
1095.  5.463363E-16
1096.  5.577783E-16
1097.  5.704877E-16
1098.  5.844282E-16
1099.  5.995570E-16
1100.  6.158256E-16
1101.  6.331786E-16
1102.  6.515551E-16
1103.  6.708868E-16
1104.  6.911003E-16
1105.  7.121156E-16
1106.  7.338474E-16
1107.  7.562047E-16
1108.  7.790918E-16
1109.  8.024089E-16
1110.  8.260514E-16
1111.  8.499124E-16
1112.  8.738827E-16
1113.  8.978507E-16
1114.  9.217046E-16
1115.  9.453318E-16
1116.  9.686215E-16
1117.  9.914638E-16
1118.  1.013752E-15
1119.  1.035384E-15
1120.  1.056260E-15
1121.  1.076288E-15
1122.  1.095379E-15
1123.  1.113454E-15
1124.  1.130442E-15
1125.  1.146276E-15
1126.  1.160902E-15
1127.  1.174275E-15
1128.  1.186358E-15
1129.  1.197124E-15
1130.  1.206559E-15
1131.  1.214655E-15
1132.  1.221419E-15
1133.  1.226866E-15
1134.  1.231019E-15
1135.  1.233914E-15
1136.  1.235596E-15
1137.  1.236117E-15
1138.  1.235539E-15
1139.  1.233931E-15
1140.  1.231369E-15
1141.  1.227935E-15
1142.  1.223718E-15
1143.  1.218811E-15
1144.  1.213309E-15
1145.  1.207313E-15
1146.  1.200924E-15
1147.  1.194245E-15
1148.  1.187379E-15
1149.  1.180428E-15
1150.  1.173494E-15
1151.  1.166676E-15
1152.  1.160069E-15
1153.  1.153766E-15
1154.  1.147856E-15
1155.  1.142420E-15
1156.  1.137536E-15
1157.  1.133277E-15
1158.  1.129707E-15
1159.  1.126884E-15
1160.  1.124860E-15
1161.  1.123680E-15
1162.  1.123380E-15
1163.  1.123990E-15
1164.  1.125532E-15
1165.  1.128020E-15
1166.  1.131465E-15
1167.  1.135865E-15
1168.  1.141215E-15
1169.  1.147503E-15
1170.  1.154712E-15
1171.  1.162817E-15
1172.  1.171790E-15
1173.  1.181596E-15
1174.  1.192197E-15
1175.  1.203552E-15
1176.  1.215615E-15
1177.  1.228336E-15
1178.  1.241666E-15
1179.  1.255550E-15
1180.  1.269934E-15
1181.  1.284762E-15
1182.  1.299976E-15
1183.  1.315519E-15
1184.  1.331333E-15
1185.  1.347361E-15
1186.  1.363544E-15
1187.  1.379828E-15
1188.  1.396156E-15
1189.  1.412474E-15
1190.  1.428729E-15
1191.  1.444868E-15
1192.  1.460843E-15
1193.  1.476604E-15
1194.  1.492106E-15
1195.  1.507303E-15
1196.  1.522154E-15
1197.  1.536618E-15
1198.  1.550657E-15
1199.  1.564234E-15
1200.  1.577316E-15
1201.  1.589873E-15
1202.  1.601873E-15
1203.  1.613291E-15
1204.  1.624102E-15
1205.  1.634285E-15
1206.  1.643819E-15
1207.  1.652687E-15
1208.  1.660874E-15
1209.  1.668369E-15
1210.  1.675160E-15
1211.  1.681241E-15
1212.  1.686606E-15
1213.  1.691252E-15
1214.  1.695177E-15
1215.  1.698383E-15
1216.  1.700873E-15
1217.  1.702651E-15
1218.  1.703724E-15
1219.  1.704100E-15
1220.  1.703789E-15
1221.  1.702801E-15
1222.  1.701150E-15
1223.  1.698846E-15
1224.  1.695905E-15
1225.  1.692341E-15
1226.  1.688169E-15
1227.  1.683404E-15
1228.  1.678061E-15
1229.  1.672157E-15
1230.  1.665707E-15
1231.  1.658727E-15
1232.  1.651231E-15
1233.  1.643237E-15
1234.  1.634757E-15
1235.  1.625808E-15
1236.  1.616404E-15
1237.  1.606559E-15
1238.  1.596287E-15
1239.  1.585603E-15
1240.  1.574520E-15
1241.  1.563052E-15
1242.  1.551214E-15
1243.  1.539019E-15
1244.  1.526484E-15
1245.  1.513621E-15
1246.  1.500449E-15
1247.  1.486981E-15
1248.  1.473236E-15
1249.  1.459232E-15
1250.  1.444988E-15
1251.  1.430522E-15
1252.  1.415857E-15
1253.  1.401014E-15
1254.  1.386017E-15
1255.  1.370890E-15
1256.  1.355658E-15
1257.  1.340349E-15
1258.  1.324991E-15
1259.  1.309612E-15
1260.  1.294243E-15
1261.  1.278916E-15
1262.  1.263664E-15
1263.  1.248518E-15
1264.  1.233514E-15
1265.  1.218686E-15
1266.  1.204069E-15
1267.  1.189699E-15
1268.  1.175612E-15
1269.  1.161844E-15
1270.  1.148431E-15
1271.  1.135408E-15
1272.  1.122811E-15
1273.  1.110675E-15
1274.  1.099034E-15
1275.  1.087921E-15
1276.  1.077367E-15
1277.  1.067403E-15
1278.  1.058060E-15
1279.  1.049363E-15
1280.  1.041339E-15
1281.  1.034011E-15
1282.  1.027402E-15
1283.  1.021531E-15
1284.  1.016413E-15
1285.  1.012065E-15
1286.  1.008498E-15
1287.  1.005720E-15
1288.  1.003739E-15
1289.  1.002557E-15
1290.  1.002176E-15
1291.  1.002592E-15
1292.  1.003801E-15
1293.  1.005793E-15
1294.  1.008558E-15
1295.  1.012080E-15
1296.  1.016343E-15
1297.  1.021326E-15
1298.  1.027006E-15
1299.  1.033356E-15
1300.  1.040349E-15
1301.  1.047953E-15
1302.  1.056133E-15
1303.  1.064854E-15
1304.  1.074076E-15
1305.  1.083761E-15
1306.  1.093864E-15
1307.  1.104343E-15
1308.  1.115151E-15
1309.  1.126241E-15
1310.  1.137567E-15
1311.  1.149079E-15
1312.  1.160728E-15
1313.  1.172465E-15
1314.  1.184242E-15
1315.  1.196011E-15
1316.  1.207723E-15
1317.  1.219333E-15
1318.  1.230797E-15
1319.  1.242071E-15
1320.  1.253116E-15
1321.  1.263894E-15
1322.  1.274371E-15
1323.  1.284515E-15
1324.  1.294299E-15
1325.  1.303699E-15
1326.  1.312696E-15
1327.  1.321273E-15
1328.  1.329419E-15
1329.  1.337129E-15
1330.  1.344398E-15
1331.  1.351229E-15
1332.  1.357627E-15
1333.  1.363601E-15
1334.  1.369166E-15
1335.  1.374336E-15
1336.  1.379131E-15
1337.  1.383573E-15
1338.  1.387685E-15
1339.  1.391491E-15
1340.  1.395017E-15
1341.  1.398287E-15
1342.  1.401326E-15
1343.  1.404158E-15
1344.  1.406805E-15
1345.  1.409286E-15
1346.  1.411616E-15
1347.  1.413809E-15
1348.  1.415874E-15
1349.  1.417815E-15
1350.  1.419634E-15
1351.  1.421324E-15
1352.  1.422878E-15
1353.  1.424281E-15
1354.  1.425515E-15
1355.  1.426556E-15
1356.  1.427378E-15
1357.  1.427951E-15
1358.  1.428240E-15
1359.  1.428211E-15
1360.  1.427824E-15
1361.  1.427043E-15
1362.  1.425828E-15
1363.  1.424142E-15
1364.  1.421949E-15
1365.  1.419215E-15
1366.  1.415911E-15
1367.  1.412009E-15
1368.  1.407492E-15
1369.  1.402342E-15
1370.  1.396553E-15
1371.  1.390121E-15
1372.  1.383054E-15
1373.  1.375365E-15
1374.  1.367076E-15
1375.  1.358216E-15
1376.  1.348822E-15
1377.  1.338939E-15
1378.  1.328620E-15
1379.  1.317923E-15
1380.  1.306914E-15
1381.  1.295664E-15
1382.  1.284247E-15
1383.  1.272744E-15
1384.  1.261236E-15
1385.  1.249807E-15
1386.  1.238542E-15
1387.  1.227525E-15
1388.  1.216841E-15
1389.  1.206569E-15
1390.  1.196787E-15
1391.  1.187569E-15
1392.  1.178983E-15
1393.  1.171091E-15
1394.  1.163950E-15
1395.  1.157607E-15
1396.  1.152105E-15
1397.  1.147475E-15
1398.  1.143743E-15
1399.  1.140925E-15
1400.  1.139029E-15
1401.  1.138056E-15
1402.  1.137997E-15
1403.  1.138836E-15
1404.  1.140551E-15
1405.  1.143111E-15
1406.  1.146481E-15
1407.  1.150619E-15
1408.  1.155479E-15
1409.  1.161010E-15
1410.  1.167160E-15
1411.  1.173871E-15
1412.  1.181086E-15
1413.  1.188747E-15
1414.  1.196792E-15
1415.  1.205164E-15
1416.  1.213805E-15
1417.  1.222659E-15
1418.  1.231671E-15
1419.  1.240791E-15
1420.  1.249971E-15
1421.  1.259166E-15
1422.  1.268336E-15
1423.  1.277446E-15
1424.  1.286462E-15
1425.  1.295357E-15
1426.  1.304110E-15
1427.  1.312701E-15
1428.  1.321117E-15
1429.  1.329348E-15
1430.  1.337391E-15
1431.  1.345243E-15
1432.  1.352909E-15
1433.  1.360395E-15
1434.  1.367711E-15
1435.  1.374871E-15
1436.  1.381892E-15
1437.  1.388792E-15
1438.  1.395593E-15
1439.  1.402318E-15
1440.  1.408991E-15
1441.  1.415639E-15
1442.  1.422288E-15
1443.  1.428966E-15
1444.  1.435702E-15
1445.  1.442521E-15
1446.  1.449454E-15
1447.  1.456526E-15
1448.  1.463764E-15
1449.  1.471194E-15
1450.  1.478840E-15
1451.  1.486725E-15
1452.  1.494870E-15
1453.  1.503297E-15
1454.  1.512023E-15
1455.  1.521064E-15
1456.  1.530437E-15
1457.  1.540154E-15
1458.  1.550227E-15
1459.  1.560666E-15
1460.  1.571478E-15
1461.  1.582670E-15
1462.  1.594247E-15
1463.  1.606213E-15
1464.  1.618568E-15
1465.  1.631314E-15
1466.  1.644448E-15
1467.  1.657967E-15
1468.  1.671869E-15
1469.  1.686147E-15
1470.  1.700792E-15
1471.  1.715797E-15
1472.  1.731150E-15
1473.  1.746838E-15
1474.  1.762846E-15
1475.  1.779157E-15
1476.  1.795749E-15
1477.  1.812602E-15
1478.  1.829689E-15
1479.  1.846981E-15
1480.  1.864447E-15
1481.  1.882051E-15
1482.  1.899756E-15
1483.  1.917520E-15
1484.  1.935295E-15
1485.  1.953035E-15
1486.  1.970687E-15
1487.  1.988195E-15
1488.  2.005503E-15
1489.  2.022551E-15
1490.  2.039277E-15
1491.  2.055618E-15
1492.  2.071509E-15
1493.  2.086889E-15
1494.  2.101694E-15
1495.  2.115862E-15
1496.  2.129334E-15
1497.  2.142054E-15
1498.  2.153972E-15
1499.  2.165038E-15
1500.  2.175211E-15
1501.  2.184457E-15
1502.  2.192746E-15
1503.  2.200059E-15
1504.  2.206381E-15
1505.  2.211710E-15
1506.  2.216049E-15
1507.  2.219412E-15
1508.  2.221821E-15
1509.  2.223308E-15
1510.  2.223911E-15
1511.  2.223679E-15
1512.  2.222668E-15
1513.  2.220939E-15
1514.  2.218562E-15
1515.  2.215610E-15
1516.  2.212162E-15
1517.  2.208298E-15
1518.  2.204103E-15
1519.  2.199661E-15
1520.  2.195056E-15
1521.  2.190373E-15
1522.  2.185691E-15
1523.  2.181088E-15
1524.  2.176636E-15
1525.  2.172402E-15
1526.  2.168447E-15
1527.  2.164825E-15
1528.  2.161580E-15
1529.  2.158753E-15
1530.  2.156370E-15
1531.  2.154454E-15
1532.  2.153014E-15
1533.  2.152056E-15
1534.  2.151574E-15
1535.  2.151556E-15
1536.  2.151980E-15
1537.  2.152821E-15
1538.  2.154046E-15
1539.  2.155617E-15
1540.  2.157492E-15
1541.  2.159627E-15
1542.  2.161976E-15
1543.  2.164488E-15
1544.  2.167116E-15
1545.  2.169813E-15
1546.  2.172534E-15
1547.  2.175235E-15
1548.  2.177876E-15
1549.  2.180421E-15
1550.  2.182840E-15
1551.  2.185106E-15
1552.  2.187198E-15
1553.  2.189099E-15
1554.  2.190800E-15
1555.  2.192295E-15
1556.  2.193584E-15
1557.  2.194670E-15
1558.  2.195563E-15
1559.  2.196273E-15
1560.  2.196815E-15
1561.  2.197205E-15
1562.  2.197460E-15
1563.  2.197598E-15
1564.  2.197636E-15
1565.  2.197588E-15
1566.  2.197469E-15
1567.  2.197288E-15
1568.  2.197051E-15
1569.  2.196760E-15
1570.  2.196411E-15
1571.  2.195996E-15
1572.  2.195500E-15
1573.  2.194903E-15
1574.  2.194178E-15
1575.  2.193295E-15
1576.  2.192214E-15
1577.  2.190896E-15
1578.  2.189291E-15
1579.  2.187352E-15
1580.  2.185023E-15
1581.  2.182251E-15
1582.  2.178979E-15
1583.  2.175151E-15
1584.  2.170712E-15
1585.  2.165610E-15
1586.  2.159798E-15
1587.  2.153229E-15
1588.  2.145866E-15
1589.  2.137679E-15
1590.  2.128641E-15
1591.  2.118739E-15
1592.  2.107966E-15
1593.  2.096327E-15
1594.  2.083835E-15
1595.  2.070515E-15
1596.  2.056403E-15
1597.  2.041544E-15
1598.  2.025996E-15
1599.  2.009826E-15
1600.  1.993110E-15
1601.  1.975933E-15
1602.  1.958389E-15
1603.  1.940579E-15
1604.  1.922609E-15
1605.  1.904592E-15
1606.  1.886642E-15
1607.  1.868878E-15
1608.  1.851418E-15
1609.  1.834380E-15
1610.  1.817881E-15
1611.  1.802033E-15
1612.  1.786946E-15
1613.  1.772719E-15
1614.  1.759450E-15
1615.  1.747224E-15
1616.  1.736118E-15
1617.  1.726198E-15
1618.  1.717519E-15
1619.  1.710123E-15
1620.  1.704040E-15
1621.  1.699286E-15
1622.  1.695864E-15
1623.  1.693763E-15
1624.  1.692959E-15
1625.  1.693414E-15
1626.  1.695078E-15
1627.  1.697885E-15
1628.  1.701763E-15
1629.  1.706624E-15
1630.  1.712372E-15
1631.  1.718901E-15
1632.  1.726099E-15
1633.  1.733845E-15
1634.  1.742016E-15
1635.  1.750481E-15
1636.  1.759110E-15
1637.  1.767770E-15
1638.  1.776332E-15
1639.  1.784665E-15
1640.  1.792643E-15
1641.  1.800147E-15
1642.  1.807062E-15
1643.  1.813281E-15
1644.  1.818707E-15
1645.  1.823250E-15
1646.  1.826835E-15
1647.  1.829394E-15
1648.  1.830873E-15
1649.  1.831231E-15
1650.  1.830438E-15
1651.  1.828479E-15
1652.  1.825348E-15
1653.  1.821055E-15
1654.  1.815620E-15
1655.  1.809075E-15
1656.  1.801461E-15
1657.  1.792831E-15
1658.  1.783244E-15
1659.  1.772769E-15
1660.  1.761478E-15
1661.  1.749452E-15
1662.  1.736771E-15
1663.  1.723521E-15
1664.  1.709787E-15
1665.  1.695652E-15
1666.  1.681201E-15
1667.  1.666512E-15
1668.  1.651659E-15
1669.  1.636714E-15
1670.  1.621738E-15
1671.  1.606788E-15
1672.  1.591912E-15
1673.  1.577148E-15
1674.  1.562528E-15
1675.  1.548072E-15
1676.  1.533793E-15
1677.  1.519693E-15
1678.  1.505767E-15
1679.  1.492000E-15
1680.  1.478370E-15
1681.  1.464847E-15
1682.  1.451396E-15
1683.  1.437975E-15
1684.  1.424539E-15
1685.  1.411037E-15
1686.  1.397418E-15
1687.  1.383629E-15
1688.  1.369615E-15
1689.  1.355325E-15
1690.  1.340708E-15
1691.  1.325714E-15
1692.  1.310302E-15
1693.  1.294431E-15
1694.  1.278068E-15
1695.  1.261185E-15
1696.  1.243762E-15
1697.  1.225785E-15
1698.  1.207248E-15
1699.  1.188152E-15
1700.  1.168508E-15
1701.  1.148331E-15
1702.  1.127648E-15
1703.  1.106489E-15
1704.  1.084894E-15
1705.  1.062908E-15
1706.  1.040582E-15
1707.  1.017971E-15
1708.  9.951373E-16
1709.  9.721439E-16
1710.  9.490584E-16
1711.  9.259499E-16
1712.  9.028891E-16
1713.  8.799468E-16
1714.  8.571940E-16
1715.  8.346998E-16
1716.  8.125326E-16
1717.  7.907575E-16
1718.  7.694371E-16
1719.  7.486299E-16
1720.  7.283907E-16
1721.  7.087700E-16
1722.  6.898127E-16
1723.  6.715601E-16
1724.  6.540469E-16
1725.  6.373034E-16
1726.  6.213546E-16
1727.  6.062200E-16
1728.  5.919142E-16
1729.  5.784468E-16
1730.  5.658230E-16
1731.  5.540432E-16
1732.  5.431039E-16
1733.  5.329975E-16
1734.  5.237136E-16
1735.  5.152380E-16
1736.  5.075540E-16
1737.  5.006424E-16
1738.  4.944820E-16
1739.  4.890490E-16
1740.  4.843195E-16
1741.  4.802666E-16
1742.  4.768633E-16
1743.  4.740815E-16
1744.  4.718916E-16
1745.  4.702642E-16
1746.  4.691685E-16
1747.  4.685730E-16
1748.  4.684461E-16
1749.  4.687546E-16
1750.  4.694656E-16
1751.  4.705445E-16
1752.  4.719563E-16
1753.  4.736650E-16
1754.  4.756332E-16
1755.  4.778231E-16
1756.  4.801954E-16
1757.  4.827100E-16
1758.  4.853254E-16
1759.  4.879995E-16
1760.  4.906894E-16
1761.  4.933511E-16
1762.  4.959405E-16
1763.  4.984131E-16
1764.  5.007244E-16
1765.  5.028304E-16
1766.  5.046876E-16
1767.  5.062538E-16
1768.  5.074880E-16
1769.  5.083516E-16
1770.  5.088079E-16
1771.  5.088231E-16
1772.  5.083673E-16
1773.  5.074132E-16
1774.  5.059384E-16
1775.  5.039249E-16
1776.  5.013587E-16
1777.  4.982318E-16
1778.  4.945407E-16
1779.  4.902874E-16
1780.  4.854798E-16
1781.  4.801307E-16
1782.  4.742586E-16
1783.  4.678868E-16
1784.  4.610442E-16
1785.  4.537642E-16
1786.  4.460843E-16
1787.  4.380464E-16
1788.  4.296954E-16
1789.  4.210794E-16
1790.  4.122491E-16
1791.  4.032565E-16
1792.  3.941551E-16
1793.  3.849988E-16
1794.  3.758416E-16
1795.  3.667365E-16
1796.  3.577355E-16
1797.  3.488884E-16
1798.  3.402433E-16
1799.  3.318445E-16
1800.  3.237338E-16
1801.  3.159487E-16
1802.  3.085234E-16
1803.  3.014872E-16
1804.  2.948657E-16
1805.  2.886793E-16
1806.  2.829446E-16
1807.  2.776730E-16
1808.  2.728723E-16
1809.  2.685454E-16
1810.  2.646913E-16
1811.  2.613053E-16
1812.  2.583794E-16
1813.  2.559019E-16
1814.  2.538588E-16
1815.  2.522333E-16
1816.  2.510068E-16
1817.  2.501589E-16
1818.  2.496676E-16
1819.  2.495107E-16
1820.  2.496649E-16
1821.  2.501069E-16
1822.  2.508136E-16
1823.  2.517621E-16
1824.  2.529304E-16
1825.  2.542976E-16
1826.  2.558435E-16
1827.  2.575497E-16
1828.  2.593987E-16
1829.  2.613751E-16
1830.  2.634646E-16
1831.  2.656548E-16
1832.  2.679348E-16
1833.  2.702953E-16
1834.  2.727282E-16
1835.  2.752272E-16
1836.  2.777873E-16
1837.  2.804042E-16
1838.  2.830753E-16
1839.  2.857984E-16
1840.  2.885719E-16
1841.  2.913952E-16
1842.  2.942677E-16
1843.  2.971891E-16
1844.  3.001596E-16
1845.  3.031784E-16
1846.  3.062454E-16
1847.  3.093595E-16
1848.  3.125194E-16
1849.  3.157234E-16
1850.  3.189685E-16
1851.  3.222520E-16
1852.  3.255695E-16
1853.  3.289163E-16
1854.  3.322869E-16
1855.  3.356749E-16
1856.  3.390735E-16
1857.  3.424747E-16
1858.  3.458704E-16
1859.  3.492516E-16
1860.  3.526092E-16
1861.  3.559335E-16
1862.  3.592144E-16
1863.  3.624424E-16
1864.  3.656071E-16
1865.  3.686988E-16
1866.  3.717079E-16
1867.  3.746249E-16
1868.  3.774412E-16
1869.  3.801482E-16
1870.  3.827381E-16
1871.  3.852042E-16
1872.  3.875399E-16
1873.  3.897401E-16
1874.  3.918000E-16
1875.  3.937158E-16
1876.  3.954849E-16
1877.  3.971054E-16
1878.  3.985761E-16
1879.  3.998972E-16
1880.  4.010692E-16
1881.  4.020939E-16
1882.  4.029737E-16
1883.  4.037114E-16
1884.  4.043112E-16
1885.  4.047774E-16
1886.  4.051151E-16
1887.  4.053296E-16
1888.  4.054276E-16
1889.  4.054150E-16
1890.  4.052989E-16
1891.  4.050866E-16
1892.  4.047856E-16
1893.  4.044037E-16
1894.  4.039491E-16
1895.  4.034299E-16
1896.  4.028549E-16
1897.  4.022325E-16
1898.  4.015718E-16
1899.  4.008816E-16
1900.  4.001714E-16
1901.  3.994503E-16
1902.  3.987280E-16
1903.  3.980142E-16
1904.  3.973186E-16
1905.  3.966513E-16
1906.  3.960225E-16
1907.  3.954422E-16
1908.  3.949212E-16
1909.  3.944699E-16
1910.  3.940989E-16
1911.  3.938190E-16
1912.  3.936410E-16
1913.  3.935758E-16
1914.  3.936344E-16
1915.  3.938276E-16
1916.  3.941660E-16
1917.  3.946605E-16
1918.  3.953218E-16
1919.  3.961600E-16
1920.  3.971856E-16
1921.  3.984080E-16
1922.  3.998372E-16
1923.  4.014820E-16
1924.  4.033513E-16
1925.  4.054532E-16
1926.  4.077955E-16
1927.  4.103851E-16
1928.  4.132286E-16
1929.  4.163317E-16
1930.  4.196999E-16
1931.  4.233371E-16
1932.  4.272471E-16
1933.  4.314328E-16
1934.  4.358963E-16
1935.  4.406391E-16
1936.  4.456614E-16
1937.  4.509635E-16
1938.  4.565442E-16
1939.  4.624019E-16
1940.  4.685346E-16
1941.  4.749394E-16
1942.  4.816132E-16
1943.  4.885520E-16
1944.  4.957520E-16
1945.  5.032085E-16
1946.  5.109173E-16
1947.  5.188736E-16
1948.  5.270729E-16
1949.  5.355109E-16
1950.  5.441835E-16
1951.  5.530869E-16
1952.  5.622182E-16
1953.  5.715750E-16
1954.  5.811553E-16
1955.  5.909589E-16
1956.  6.009860E-16
1957.  6.112380E-16
1958.  6.217179E-16
1959.  6.324300E-16
1960.  6.433798E-16
1961.  6.545744E-16
1962.  6.660226E-16
1963.  6.777347E-16
1964.  6.897223E-16
1965.  7.019993E-16
1966.  7.145801E-16
1967.  7.274811E-16
1968.  7.407196E-16
1969.  7.543141E-16
1970.  7.682840E-16
1971.  7.826494E-16
1972.  7.974301E-16
1973.  8.126469E-16
1974.  8.283192E-16
1975.  8.444661E-16
1976.  8.611059E-16
1977.  8.782544E-16
1978.  8.959258E-16
1979.  9.141313E-16
1980.  9.328791E-16
1981.  9.521732E-16
1982.  9.720144E-16
1983.  9.923974E-16
1984.  1.013312E-15
1985.  1.034743E-15
1986.  1.056669E-15
1987.  1.079060E-15
1988.  1.101881E-15
1989.  1.125089E-15
1990.  1.148635E-15
1991.  1.172460E-15
1992.  1.196501E-15
1993.  1.220684E-15
1994.  1.244930E-15
1995.  1.269154E-15
1996.  1.293262E-15
1997.  1.317157E-15
1998.  1.340734E-15
1999.  1.363887E-15
2000.  1.386504E-15
2001.  1.408471E-15
2002.  1.429673E-15
2003.  1.449994E-15
2004.  1.469320E-15
2005.  1.487539E-15
2006.  1.504539E-15
2007.  1.520217E-15
2008.  1.534472E-15
2009.  1.547213E-15
2010.  1.558355E-15
2011.  1.567822E-15
2012.  1.575548E-15
2013.  1.581479E-15
2014.  1.585571E-15
2015.  1.587793E-15
2016.  1.588127E-15
2017.  1.586566E-15
2018.  1.583118E-15
2019.  1.577804E-15
2020.  1.570655E-15
2021.  1.561718E-15
2022.  1.551051E-15
2023.  1.538721E-15
2024.  1.524809E-15
2025.  1.509404E-15
2026.  1.492604E-15
2027.  1.474513E-15
2028.  1.455245E-15
2029.  1.434917E-15
2030.  1.413650E-15
2031.  1.391570E-15
2032.  1.368803E-15
2033.  1.345475E-15
2034.  1.321713E-15
2035.  1.297642E-15
2036.  1.273385E-15
2037.  1.249059E-15
2038.  1.224778E-15
2039.  1.200653E-15
2040.  1.176785E-15
2041.  1.153273E-15
2042.  1.130206E-15
2043.  1.107667E-15
2044.  1.085734E-15
2045.  1.064475E-15
2046.  1.043952E-15
2047.  1.024219E-15
2048.  1.005326E-15
2049.  9.873120E-16
2050.  9.702131E-16
2051.  9.540585E-16
2052.  9.388714E-16
2053.  9.246704E-16
2054.  9.114696E-16
2055.  8.992783E-16
2056.  8.881029E-16
2057.  8.779462E-16
2058.  8.688086E-16
2059.  8.606878E-16
2060.  8.535802E-16
2061.  8.474802E-16
2062.  8.423813E-16
2063.  8.382764E-16
2064.  8.351574E-16
2065.  8.330161E-16
2066.  8.318446E-16
2067.  8.316343E-16
2068.  8.323776E-16
2069.  8.340665E-16
2070.  8.366935E-16
2071.  8.402518E-16
2072.  8.447341E-16
2073.  8.501341E-16
2074.  8.564454E-16
2075.  8.636614E-16
2076.  8.717755E-16
2077.  8.807813E-16
2078.  8.906708E-16
2079.  9.014368E-16
2080.  9.130706E-16
2081.  9.255616E-16
2082.  9.388990E-16
2083.  9.530701E-16
2084.  9.680599E-16
2085.  9.838518E-16
2086.  1.000426E-15
2087.  1.017761E-15
2088.  1.035832E-15
2089.  1.054610E-15
2090.  1.074064E-15
2091.  1.094158E-15
2092.  1.114853E-15
2093.  1.136105E-15
2094.  1.157867E-15
2095.  1.180085E-15
2096.  1.202703E-15
2097.  1.225660E-15
2098.  1.248889E-15
2099.  1.272320E-15
2100.  1.295878E-15
2101.  1.319482E-15
2102.  1.343050E-15
2103.  1.366494E-15
2104.  1.389723E-15
2105.  1.412644E-15
2106.  1.435161E-15
2107.  1.457175E-15
2108.  1.478586E-15
2109.  1.499294E-15
2110.  1.519198E-15
2111.  1.538200E-15
2112.  1.556199E-15
2113.  1.573101E-15
2114.  1.588811E-15
2115.  1.603242E-15
2116.  1.616307E-15
2117.  1.627929E-15
2118.  1.638033E-15
2119.  1.646553E-15
2120.  1.653432E-15
2121.  1.658619E-15
2122.  1.662071E-15
2123.  1.663756E-15
2124.  1.663651E-15
2125.  1.661741E-15
2126.  1.658024E-15
2127.  1.652506E-15
2128.  1.645203E-15
2129.  1.636141E-15
2130.  1.625355E-15
2131.  1.612890E-15
2132.  1.598799E-15
2133.  1.583145E-15
2134.  1.565997E-15
2135.  1.547431E-15
2136.  1.527531E-15
2137.  1.506383E-15
2138.  1.484083E-15
2139.  1.460725E-15
2140.  1.436411E-15
2141.  1.411243E-15
2142.  1.385324E-15
2143.  1.358758E-15
2144.  1.331650E-15
2145.  1.304102E-15
2146.  1.276216E-15
2147.  1.248089E-15
2148.  1.219819E-15
2149.  1.191496E-15
2150.  1.163211E-15
2151.  1.135046E-15
2152.  1.107080E-15
2153.  1.079388E-15
2154.  1.052038E-15
2155.  1.025093E-15
2156.  9.986118E-16
2157.  9.726467E-16
2158.  9.472440E-16
2159.  9.224456E-16
2160.  8.982873E-16
2161.  8.748004E-16
2162.  8.520107E-16
2163.  8.299395E-16
2164.  8.086038E-16
2165.  7.880158E-16
2166.  7.681845E-16
2167.  7.491146E-16
2168.  7.308074E-16
2169.  7.132618E-16
2170.  6.964731E-16
2171.  6.804342E-16
2172.  6.651363E-16
2173.  6.505682E-16
2174.  6.367173E-16
2175.  6.235691E-16
2176.  6.111085E-16
2177.  5.993192E-16
2178.  5.881844E-16
2179.  5.776863E-16
2180.  5.678073E-16
2181.  5.585298E-16
2182.  5.498359E-16
2183.  5.417080E-16
2184.  5.341289E-16
2185.  5.270823E-16
2186.  5.205520E-16
2187.  5.145225E-16
2188.  5.089796E-16
2189.  5.039094E-16
2190.  4.992989E-16
2191.  4.951364E-16
2192.  4.914108E-16
2193.  4.881121E-16
2194.  4.852311E-16
2195.  4.827592E-16
2196.  4.806891E-16
2197.  4.790140E-16
2198.  4.777276E-16
2199.  4.768245E-16
2200.  4.762995E-16
2201.  4.761485E-16
2202.  4.763667E-16
2203.  4.769503E-16
2204.  4.778954E-16
2205.  4.791980E-16
2206.  4.808543E-16
2207.  4.828603E-16
2208.  4.852118E-16
2209.  4.879044E-16
2210.  4.909330E-16
2211.  4.942929E-16
2212.  4.979783E-16
2213.  5.019832E-16
2214.  5.063012E-16
2215.  5.109257E-16
2216.  5.158493E-16
2217.  5.210644E-16
2218.  5.265626E-16
2219.  5.323355E-16
2220.  5.383744E-16
2221.  5.446701E-16
2222.  5.512130E-16
2223.  5.579934E-16
2224.  5.650010E-16
2225.  5.722258E-16
2226.  5.796572E-16
2227.  5.872846E-16
2228.  5.950971E-16
2229.  6.030835E-16
2230.  6.112330E-16
2231.  6.195339E-16
2232.  6.279751E-16
2233.  6.365449E-16
2234.  6.452319E-16
2235.  6.540244E-16
2236.  6.629104E-16
2237.  6.718786E-16
2238.  6.809174E-16
2239.  6.900151E-16
2240.  6.991608E-16
2241.  7.083436E-16
2242.  7.175528E-16
2243.  7.267789E-16
2244.  7.360126E-16
2245.  7.452456E-16
2246.  7.544706E-16
2247.  7.636813E-16
2248.  7.728730E-16
2249.  7.820427E-16
2250.  7.911883E-16
2251.  8.003103E-16
2252.  8.094107E-16
2253.  8.184940E-16
2254.  8.275661E-16
2255.  8.366359E-16
2256.  8.457143E-16
2257.  8.548143E-16
2258.  8.639512E-16
2259.  8.731422E-16
2260.  8.824068E-16
2261.  8.917660E-16
2262.  9.012426E-16
2263.  9.108601E-16
2264.  9.206433E-16
2265.  9.306172E-16
2266.  9.408073E-16
2267.  9.512384E-16
2268.  9.619346E-16
2269.  9.729186E-16
2270.  9.842113E-16
2271.  9.958314E-16
2272.  1.007795E-15
2273.  1.020114E-15
2274.  1.032798E-15
2275.  1.045851E-15
2276.  1.059273E-15
2277.  1.073060E-15
2278.  1.087202E-15
2279.  1.101685E-15
2280.  1.116488E-15
2281.  1.131586E-15
2282.  1.146948E-15
2283.  1.162540E-15
2284.  1.178319E-15
2285.  1.194243E-15
2286.  1.210262E-15
2287.  1.226323E-15
2288.  1.242371E-15
2289.  1.258349E-15
2290.  1.274195E-15
2291.  1.289851E-15
2292.  1.305254E-15
2293.  1.320343E-15
2294.  1.335059E-15
2295.  1.349341E-15
2296.  1.363136E-15
2297.  1.376388E-15
2298.  1.389047E-15
2299.  1.401068E-15
2300.  1.412408E-15
2301.  1.423029E-15
2302.  1.432899E-15
2303.  1.441990E-15
2304.  1.450279E-15
2305.  1.457748E-15
2306.  1.464386E-15
2307.  1.470183E-15
2308.  1.475138E-15
2309.  1.479250E-15
2310.  1.482526E-15
2311.  1.484974E-15
2312.  1.486608E-15
2313.  1.487442E-15
2314.  1.487495E-15
2315.  1.486788E-15
2316.  1.485343E-15
2317.  1.483185E-15
2318.  1.480340E-15
2319.  1.476836E-15
2320.  1.472700E-15
2321.  1.467962E-15
2322.  1.462653E-15
2323.  1.456805E-15
2324.  1.450449E-15
2325.  1.443619E-15
2326.  1.436350E-15
2327.  1.428678E-15
2328.  1.420640E-15
2329.  1.412274E-15
2330.  1.403622E-15
2331.  1.394725E-15
2332.  1.385627E-15
2333.  1.376374E-15
2334.  1.367014E-15
2335.  1.357594E-15
2336.  1.348166E-15
2337.  1.338781E-15
2338.  1.329492E-15
2339.  1.320353E-15
2340.  1.311417E-15
2341.  1.302737E-15
2342.  1.294365E-15
2343.  1.286354E-15
2344.  1.278751E-15
2345.  1.271603E-15
2346.  1.264954E-15
2347.  1.258843E-15
2348.  1.253304E-15
2349.  1.248368E-15
2350.  1.244060E-15
2351.  1.240397E-15
2352.  1.237391E-15
2353.  1.235049E-15
2354.  1.233368E-15
2355.  1.232342E-15
2356.  1.231955E-15
2357.  1.232186E-15
2358.  1.233007E-15
2359.  1.234385E-15
2360.  1.236282E-15
2361.  1.238653E-15
2362.  1.241452E-15
2363.  1.244627E-15
2364.  1.248127E-15
2365.  1.251897E-15
2366.  1.255882E-15
2367.  1.260029E-15
2368.  1.264285E-15
2369.  1.268601E-15
2370.  1.272930E-15
2371.  1.277231E-15
2372.  1.281466E-15
2373.  1.285606E-15
2374.  1.289625E-15
2375.  1.293507E-15
2376.  1.297240E-15
2377.  1.300822E-15
2378.  1.304258E-15
2379.  1.307559E-15
2380.  1.310745E-15
2381.  1.313842E-15
2382.  1.316882E-15
2383.  1.319901E-15
2384.  1.322943E-15
2385.  1.326052E-15
2386.  1.329279E-15
2387.  1.332673E-15
2388.  1.336285E-15
2389.  1.340166E-15
2390.  1.344364E-15
2391.  1.348926E-15
2392.  1.353894E-15
2393.  1.359304E-15
2394.  1.365187E-15
2395.  1.371567E-15
2396.  1.378460E-15
2397.  1.385874E-15
2398.  1.393808E-15
2399.  1.402252E-15
2400.  1.411185E-15
2401.  1.420579E-15
2402.  1.430396E-15
2403.  1.440587E-15
2404.  1.451097E-15
2405.  1.461862E-15
2406.  1.472811E-15
2407.  1.483867E-15
2408.  1.494948E-15
2409.  1.505968E-15
2410.  1.516839E-15
2411.  1.527472E-15
2412.  1.537774E-15
2413.  1.547660E-15
2414.  1.557043E-15
2415.  1.565842E-15
2416.  1.573980E-15
2417.  1.581390E-15
2418.  1.588008E-15
2419.  1.593784E-15
2420.  1.598674E-15
2421.  1.602646E-15
2422.  1.605679E-15
2423.  1.607763E-15
2424.  1.608901E-15
2425.  1.609105E-15
2426.  1.608402E-15
2427.  1.606828E-15
2428.  1.604429E-15
2429.  1.601264E-15
2430.  1.597398E-15
2431.  1.592907E-15
2432.  1.587871E-15
2433.  1.582377E-15
2434.  1.576518E-15
2435.  1.570387E-15
2436.  1.564080E-15
2437.  1.557695E-15
2438.  1.551324E-15
2439.  1.545060E-15
2440.  1.538989E-15
2441.  1.533194E-15
2442.  1.527748E-15
2443.  1.522717E-15
2444.  1.518159E-15
2445.  1.514122E-15
2446.  1.510641E-15
2447.  1.507742E-15
2448.  1.505438E-15
2449.  1.503732E-15
2450.  1.502614E-15
2451.  1.502064E-15
2452.  1.502048E-15
2453.  1.502525E-15
2454.  1.503442E-15
2455.  1.504736E-15
2456.  1.506340E-15
2457.  1.508176E-15
2458.  1.510163E-15
2459.  1.512214E-15
2460.  1.514239E-15
2461.  1.516148E-15
2462.  1.517848E-15
2463.  1.519249E-15
2464.  1.520263E-15
2465.  1.520804E-15
2466.  1.520792E-15
2467.  1.520153E-15
2468.  1.518819E-15
2469.  1.516731E-15
2470.  1.513835E-15
2471.  1.510091E-15
2472.  1.505465E-15
2473.  1.499934E-15
2474.  1.493485E-15
2475.  1.486113E-15
2476.  1.477827E-15
2477.  1.468643E-15
2478.  1.458586E-15
2479.  1.447692E-15
2480.  1.436002E-15
2481.  1.423568E-15
2482.  1.410447E-15
2483.  1.396701E-15
2484.  1.382399E-15
2485.  1.367612E-15
2486.  1.352416E-15
2487.  1.336888E-15
2488.  1.321106E-15
2489.  1.305147E-15
2490.  1.289088E-15
2491.  1.273005E-15
2492.  1.256970E-15
2493.  1.241050E-15
2494.  1.225311E-15
2495.  1.209810E-15
2496.  1.194600E-15
2497.  1.179728E-15
2498.  1.165235E-15
2499.  1.151152E-15
2500.  1.137505E-15
2501.  1.124313E-15
2502.  1.111585E-15
2503.  1.099326E-15
2504.  1.087531E-15
2505.  1.076190E-15
2506.  1.065286E-15
2507.  1.054795E-15
2508.  1.044688E-15
2509.  1.034933E-15
2510.  1.025493E-15
2511.  1.016324E-15
2512.  1.007385E-15
2513.  9.986292E-16
2514.  9.900108E-16
2515.  9.814827E-16
2516.  9.729990E-16
2517.  9.645148E-16
2518.  9.559880E-16
2519.  9.473784E-16
2520.  9.386504E-16
2521.  9.297718E-16
2522.  9.207153E-16
2523.  9.114591E-16
2524.  9.019868E-16
2525.  8.922874E-16
2526.  8.823563E-16
2527.  8.721949E-16
2528.  8.618109E-16
2529.  8.512180E-16
2530.  8.404356E-16
2531.  8.294885E-16
2532.  8.184080E-16
2533.  8.072291E-16
2534.  7.959916E-16
2535.  7.847397E-16
2536.  7.735209E-16
2537.  7.623852E-16
2538.  7.513846E-16
2539.  7.405733E-16
2540.  7.300060E-16
2541.  7.197378E-16
2542.  7.098227E-16
2543.  7.003147E-16
2544.  6.912651E-16
2545.  6.827233E-16
2546.  6.747358E-16
2547.  6.673454E-16
2548.  6.605914E-16
2549.  6.545084E-16
2550.  6.491265E-16
2551.  6.444703E-16
2552.  6.405593E-16
2553.  6.374072E-16
2554.  6.350220E-16
2555.  6.334056E-16
2556.  6.325539E-16
2557.  6.324566E-16
2558.  6.330974E-16
2559.  6.344540E-16
2560.  6.364981E-16
2561.  6.391964E-16
2562.  6.425087E-16
2563.  6.463908E-16
2564.  6.507930E-16
2565.  6.556613E-16
2566.  6.609374E-16
2567.  6.665590E-16
2568.  6.724606E-16
2569.  6.785739E-16
2570.  6.848281E-16
2571.  6.911507E-16
2572.  6.974679E-16
2573.  7.037051E-16
2574.  7.097876E-16
2575.  7.156413E-16
2576.  7.211929E-16
2577.  7.263710E-16
2578.  7.311065E-16
2579.  7.353328E-16
2580.  7.389871E-16
2581.  7.420100E-16
2582.  7.443471E-16
2583.  7.459488E-16
2584.  7.467703E-16
2585.  7.467735E-16
2586.  7.459256E-16
2587.  7.442006E-16
2588.  7.415793E-16
2589.  7.380485E-16
2590.  7.336032E-16
2591.  7.282444E-16
2592.  7.219806E-16
2593.  7.148270E-16
2594.  7.068054E-16
2595.  6.979447E-16
2596.  6.882794E-16
2597.  6.778502E-16
2598.  6.667038E-16
2599.  6.548913E-16
2600.  6.424687E-16
2601.  6.294966E-16
2602.  6.160384E-16
2603.  6.021608E-16
2604.  5.879330E-16
2605.  5.734261E-16
2606.  5.587116E-16
2607.  5.438620E-16
2608.  5.289502E-16
2609.  5.140474E-16
2610.  4.992241E-16
2611.  4.845489E-16
2612.  4.700881E-16
2613.  4.559052E-16
2614.  4.420602E-16
2615.  4.286101E-16
2616.  4.156069E-16
2617.  4.030993E-16
2618.  3.911309E-16
2619.  3.797412E-16
2620.  3.689642E-16
2621.  3.588295E-16
2622.  3.493618E-16
2623.  3.405805E-16
2624.  3.325006E-16
2625.  3.251324E-16
2626.  3.184812E-16
2627.  3.125485E-16
2628.  3.073315E-16
2629.  3.028237E-16
2630.  2.990145E-16
2631.  2.958907E-16
2632.  2.934358E-16
2633.  2.916310E-16
2634.  2.904549E-16
2635.  2.898843E-16
2636.  2.898947E-16
2637.  2.904600E-16
2638.  2.915535E-16
2639.  2.931477E-16
2640.  2.952149E-16
2641.  2.977279E-16
2642.  3.006590E-16
2643.  3.039812E-16
2644.  3.076687E-16
2645.  3.116960E-16
2646.  3.160395E-16
2647.  3.206759E-16
2648.  3.255844E-16
2649.  3.307441E-16
2650.  3.361371E-16
2651.  3.417461E-16
2652.  3.475558E-16
2653.  3.535527E-16
2654.  3.597240E-16
2655.  3.660591E-16
2656.  3.725489E-16
2657.  3.791849E-16
2658.  3.859603E-16
2659.  3.928695E-16
2660.  3.999075E-16
2661.  4.070705E-16
2662.  4.143550E-16
2663.  4.217580E-16
2664.  4.292770E-16
2665.  4.369091E-16
2666.  4.446518E-16
2667.  4.525016E-16
2668.  4.604545E-16
2669.  4.685062E-16
2670.  4.766503E-16
2671.  4.848798E-16
2672.  4.931857E-16
2673.  5.015575E-16
2674.  5.099821E-16
2675.  5.184445E-16
2676.  5.269270E-16
2677.  5.354096E-16
2678.  5.438692E-16
2679.  5.522799E-16
2680.  5.606128E-16
2681.  5.688363E-16
2682.  5.769157E-16
2683.  5.848134E-16
2684.  5.924892E-16
2685.  5.999004E-16
2686.  6.070019E-16
2687.  6.137470E-16
2688.  6.200868E-16
2689.  6.259722E-16
2690.  6.313524E-16
2691.  6.361769E-16
2692.  6.403956E-16
2693.  6.439596E-16
2694.  6.468207E-16
2695.  6.489341E-16
2696.  6.502569E-16
2697.  6.507499E-16
2698.  6.503785E-16
2699.  6.491115E-16
2700.  6.469242E-16
2701.  6.437966E-16
2702.  6.397156E-16
2703.  6.346736E-16
2704.  6.286704E-16
2705.  6.217128E-16
2706.  6.138141E-16
2707.  6.049950E-16
2708.  5.952831E-16
2709.  5.847130E-16
2710.  5.733258E-16
2711.  5.611688E-16
2712.  5.482953E-16
2713.  5.347633E-16
2714.  5.206365E-16
2715.  5.059816E-16
2716.  4.908697E-16
2717.  4.753736E-16
2718.  4.595688E-16
2719.  4.435314E-16
2720.  4.273379E-16
2721.  4.110643E-16
2722.  3.947851E-16
2723.  3.785732E-16
2724.  3.624985E-16
2725.  3.466272E-16
2726.  3.310220E-16
2727.  3.157408E-16
2728.  3.008362E-16
2729.  2.863555E-16
2730.  2.723402E-16
2731.  2.588255E-16
2732.  2.458408E-16
2733.  2.334089E-16
2734.  2.215464E-16
2735.  2.102634E-16
2736.  1.995641E-16
2737.  1.894469E-16
2738.  1.799046E-16
2739.  1.709244E-16
2740.  1.624890E-16
2741.  1.545767E-16
2742.  1.471619E-16
2743.  1.402152E-16
2744.  1.337048E-16
2745.  1.275964E-16
2746.  1.218538E-16
2747.  1.164399E-16
2748.  1.113166E-16
2749.  1.064460E-16
2750.  1.017905E-16
2751.  9.731294E-17
2752.  9.297836E-17
2753.  8.875292E-17
2754.  8.460516E-17
2755.  8.050573E-17
2756.  7.642880E-17
2757.  7.235094E-17
2758.  6.825180E-17
2759.  6.411515E-17
2760.  5.992732E-17
2761.  5.567865E-17
2762.  5.136277E-17
2763.  4.697674E-17
2764.  4.252101E-17
2765.  3.799926E-17
2766.  3.341802E-17
2767.  2.878685E-17
2768.  2.411769E-17
2769.  1.942538E-17
2770.  1.472609E-17
2771.  1.003809E-17
2772.  5.381509E-18
2773.  7.770114E-19
2774.  -3.753033E-18
2775.  -8.186421E-18
2776.  -1.250031E-17
2777.  -1.667175E-17
2778.  -2.067814E-17
2779.  -2.449733E-17
2780.  -2.810811E-17
2781.  -3.148955E-17
2782.  -3.462272E-17
2783.  -3.748929E-17
2784.  -4.007242E-17
2785.  -4.235705E-17
2786.  -4.432957E-17
2787.  -4.597798E-17
2788.  -4.729194E-17
2789.  -4.826292E-17
2790.  -4.888406E-17
2791.  -4.915018E-17
2792.  -4.905780E-17
2793.  -4.860474E-17
2794.  -4.779083E-17
2795.  -4.661713E-17
2796.  -4.508606E-17
2797.  -4.320128E-17
2798.  -4.096789E-17
2799.  -3.839205E-17
2800.  -3.548128E-17
2801.  -3.224333E-17
2802.  -2.868772E-17
2803.  -2.482460E-17
2804.  -2.066477E-17
2805.  -1.621986E-17
2806.  -1.150222E-17
2807.  -6.525182E-18
2808.  -1.302324E-18
2809.  4.152081E-18
2810.  9.822891E-18
2811.  1.569446E-17
2812.  2.175077E-17
2813.  2.797505E-17
2814.  3.434982E-17
2815.  4.085753E-17
2816.  4.747952E-17
2817.  5.419714E-17
2818.  6.099085E-17
2819.  6.784067E-17
2820.  7.472646E-17
2821.  8.162757E-17
2822.  8.852284E-17
2823.  9.539105E-17
2824.  1.022106E-16
2825.  1.089596E-16
2826.  1.156166E-16
2827.  1.221594E-16
2828.  1.285665E-16
2829.  1.348164E-16
2830.  1.408879E-16
2831.  1.467601E-16
2832.  1.524128E-16
2833.  1.578264E-16
2834.  1.629818E-16
2835.  1.678610E-16
2836.  1.724469E-16
2837.  1.767234E-16
2838.  1.806757E-16
2839.  1.842901E-16
2840.  1.875544E-16
2841.  1.904577E-16
2842.  1.929907E-16
2843.  1.951456E-16
2844.  1.969162E-16
2845.  1.982980E-16
2846.  1.992883E-16
2847.  1.998858E-16
2848.  2.000910E-16
2849.  1.999066E-16
2850.  1.993360E-16
2851.  1.983852E-16
2852.  1.970614E-16
2853.  1.953734E-16
2854.  1.933315E-16
2855.  1.909475E-16
2856.  1.882345E-16
2857.  1.852072E-16
2858.  1.818810E-16
2859.  1.782727E-16
2860.  1.744001E-16
2861.  1.702818E-16
2862.  1.659375E-16
2863.  1.613870E-16
2864.  1.566508E-16
2865.  1.517506E-16
2866.  1.467073E-16
2867.  1.415425E-16
2868.  1.362780E-16
2869.  1.309354E-16
2870.  1.255361E-16
2871.  1.201013E-16
2872.  1.146517E-16
2873.  1.092077E-16
2874.  1.037888E-16
2875.  9.841410E-17
2876.  9.310165E-17
2877.  8.786899E-17
2878.  8.273237E-17
2879.  7.770711E-17
2880.  7.280752E-17
2881.  6.804699E-17
2882.  6.343725E-17
2883.  5.898921E-17
2884.  5.471239E-17
2885.  5.061525E-17
2886.  4.670451E-17
2887.  4.298643E-17
2888.  3.946514E-17
2889.  3.614431E-17
2890.  3.302585E-17
2891.  3.011064E-17
2892.  2.739879E-17
2893.  2.488880E-17
2894.  2.257823E-17
2895.  2.046383E-17
2896.  1.854133E-17
2897.  1.680579E-17
2898.  1.525110E-17
2899.  1.387031E-17
2900.  1.265627E-17
2901.  1.160096E-17
2902.  1.069608E-17
2903.  9.932311E-18
2904.  9.300430E-18
2905.  8.790687E-18
2906.  8.393125E-18
2907.  8.097434E-18
2908.  7.893279E-18
2909.  7.770516E-18
2910.  7.718311E-18
2911.  7.726309E-18
2912.  7.784440E-18
2913.  7.882254E-18
2914.  8.009754E-18
2915.  8.157054E-18
2916.  8.314710E-18
2917.  8.473488E-18
2918.  8.624412E-18
2919.  8.759050E-18
2920.  8.869208E-18
2921.  8.947443E-18
2922.  8.986563E-18
2923.  8.979881E-18
2924.  8.921469E-18
2925.  8.805983E-18
2926.  8.628486E-18
2927.  8.384898E-18
2928.  8.071635E-18
2929.  7.686180E-18
2930.  7.226437E-18
2931.  6.690910E-18
2932.  6.079229E-18
2933.  5.391874E-18
2934.  4.629600E-18
2935.  3.794388E-18
2936.  2.888539E-18
2937.  1.915844E-18
2938.  8.803706E-19
2939.  -2.134131E-19
2940.  -1.359648E-18
2941.  -2.552154E-18
2942.  -3.784317E-18
2943.  -5.048765E-18
2944.  -6.337575E-18
2945.  -7.642456E-18
2946.  -8.954774E-18
2947.  -1.026611E-17
2948.  -1.156688E-17
2949.  -1.284831E-17
2950.  -1.410092E-17
2951.  -1.531587E-17
2952.  -1.648434E-17
2953.  -1.759742E-17
2954.  -1.864704E-17
2955.  -1.962560E-17
2956.  -2.052552E-17
2957.  -2.134005E-17
2958.  -2.206327E-17
2959.  -2.269000E-17
2960.  -2.321566E-17
2961.  -2.363629E-17
2962.  -2.394914E-17
2963.  -2.415233E-17
2964.  -2.424476E-17
2965.  -2.422605E-17
2966.  -2.409677E-17
2967.  -2.385841E-17
2968.  -2.351337E-17
2969.  -2.306454E-17
2970.  -2.251586E-17
2971.  -2.187159E-17
2972.  -2.113701E-17
2973.  -2.031753E-17
2974.  -1.941944E-17
2975.  -1.844914E-17
2976.  -1.741363E-17
2977.  -1.631980E-17
2978.  -1.517512E-17
2979.  -1.398705E-17
2980.  -1.276293E-17
2981.  -1.151029E-17
2982.  -1.023644E-17
2983.  -8.948585E-18
2984.  -7.653727E-18
2985.  -6.358589E-18
2986.  -5.069699E-18
2987.  -3.793090E-18
2988.  -2.534557E-18
2989.  -1.299298E-18
2990.  -9.224690E-20
2991.  1.081985E-18
2992.  2.219314E-18
2993.  3.316676E-18
2994.  4.370659E-18
2995.  5.378533E-18
2996.  6.338326E-18
2997.  7.248159E-18
2998.  8.107097E-18
2999.  8.913928E-18
3000.  9.668235E-18
3001.  1.036993E-17
3002.  1.101920E-17
3003.  1.161677E-17
3004.  1.216323E-17
3005.  1.265976E-17
3006.  1.310780E-17
3007.  1.350890E-17
3008.  1.386478E-17
3009.  1.417734E-17
3010.  1.444854E-17
3011.  1.468062E-17
3012.  1.487566E-17
3013.  1.503619E-17
3014.  1.516405E-17
3015.  1.526198E-17
3016.  1.533188E-17
3017.  1.537626E-17
3018.  1.539733E-17
3019.  1.539703E-17
3020.  1.537765E-17
3021.  1.534111E-17
3022.  1.528939E-17
3023.  1.522420E-17
3024.  1.514701E-17
3025.  1.506010E-17
3026.  1.496433E-17
3027.  1.486130E-17
3028.  1.475221E-17
3029.  1.463823E-17
3030.  1.452051E-17
3031.  1.440000E-17
3032.  1.427735E-17
3033.  1.415342E-17
3034.  1.402897E-17
3035.  1.390441E-17
3036.  1.378040E-17
3037.  1.365750E-17
3038.  1.353589E-17
3039.  1.341593E-17
3040.  1.329815E-17
3041.  1.318272E-17
3042.  1.307001E-17
3043.  1.296016E-17
3044.  1.285342E-17
3045.  1.275038E-17
3046.  1.265087E-17
3047.  1.255559E-17
3048.  1.246483E-17
3049.  1.237914E-17
3050.  1.229864E-17
3051.  1.222416E-17
3052.  1.215607E-17
3053.  1.209534E-17
3054.  1.204255E-17
3055.  1.199865E-17
3056.  1.196433E-17
3057.  1.194099E-17
3058.  1.192943E-17
3059.  1.193104E-17
3060.  1.194706E-17
3061.  1.197894E-17
3062.  1.202822E-17
3063.  1.209647E-17
3064.  1.218523E-17
3065.  1.229660E-17
3066.  1.243203E-17
3067.  1.259342E-17
3068.  1.278274E-17
3069.  1.300200E-17
3070.  1.325281E-17
3071.  1.353718E-17
3072.  1.385677E-17
3073.  1.421351E-17
3074.  1.460882E-17
3075.  1.504400E-17
3076.  1.552046E-17
3077.  1.603916E-17
3078.  1.660091E-17
3079.  1.720620E-17
3080.  1.785499E-17
3081.  1.854733E-17
3082.  1.928229E-17
3083.  2.005905E-17
3084.  2.087624E-17
3085.  2.173173E-17
3086.  2.262320E-17
3087.  2.354774E-17
3088.  2.450185E-17
3089.  2.548186E-17
3090.  2.648327E-17
3091.  2.750142E-17
3092.  2.853082E-17
3093.  2.956595E-17
3094.  3.060099E-17
3095.  3.162953E-17
3096.  3.264517E-17
3097.  3.364131E-17
3098.  3.461099E-17
3099.  3.554783E-17
3100.  3.644509E-17
3101.  3.729626E-17
3102.  3.809515E-17
3103.  3.883614E-17
3104.  3.951385E-17
3105.  4.012357E-17
3106.  4.066099E-17
3107.  4.112311E-17
3108.  4.150733E-17
3109.  4.181195E-17
3110.  4.203640E-17
3111.  4.218105E-17
3112.  4.224732E-17
3113.  4.223792E-17
3114.  4.215661E-17
3115.  4.200808E-17
3116.  4.179832E-17
3117.  4.153471E-17
3118.  4.122528E-17
3119.  4.087923E-17
3120.  4.050702E-17
3121.  4.011976E-17
3122.  3.972958E-17
3123.  3.934901E-17
3124.  3.899183E-17
3125.  3.867172E-17
3126.  3.840341E-17
3127.  3.820131E-17
3128.  3.808051E-17
3129.  3.805563E-17
3130.  3.814136E-17
3131.  3.835237E-17
3132.  3.870226E-17
3133.  3.920475E-17
3134.  3.987209E-17
3135.  4.071626E-17
3136.  4.174761E-17
3137.  4.297566E-17
3138.  4.440841E-17
3139.  4.605240E-17
3140.  4.791228E-17
3141.  4.999150E-17
3142.  5.229099E-17
3143.  5.481027E-17
3144.  5.754631E-17
3145.  6.049435E-17
3146.  6.364737E-17
3147.  6.699591E-17
3148.  7.052865E-17
3149.  7.423200E-17
3150.  7.808991E-17
3151.  8.208480E-17
3152.  8.619648E-17
3153.  9.040349E-17
3154.  9.468232E-17
3155.  9.900759E-17
3156.  1.033533E-16
3157.  1.076915E-16
3158.  1.119942E-16
3159.  1.162321E-16
3160.  1.203757E-16
3161.  1.243957E-16
3162.  1.282626E-16
3163.  1.319480E-16
3164.  1.354237E-16
3165.  1.386635E-16
3166.  1.416420E-16
3167.  1.443359E-16
3168.  1.467239E-16
3169.  1.487874E-16
3170.  1.505097E-16
3171.  1.518773E-16
3172.  1.528796E-16
3173.  1.535090E-16
3174.  1.537611E-16
3175.  1.536346E-16
3176.  1.531318E-16
3177.  1.522579E-16
3178.  1.510213E-16
3179.  1.494334E-16
3180.  1.475084E-16
3181.  1.452635E-16
3182.  1.427179E-16
3183.  1.398936E-16
3184.  1.368137E-16
3185.  1.335037E-16
3186.  1.299898E-16
3187.  1.262995E-16
3188.  1.224609E-16
3189.  1.185027E-16
3190.  1.144526E-16
3191.  1.103393E-16
3192.  1.061899E-16
3193.  1.020311E-16
3194.  9.788801E-17
3195.  9.378493E-17
3196.  8.974411E-17
3197.  8.578644E-17
3198.  8.193065E-17
3199.  7.819350E-17
3200.  7.458981E-17
3201.  7.113265E-17
3202.  6.783249E-17
3203.  6.469781E-17
3204.  6.173559E-17
3205.  5.895044E-17
3206.  5.634533E-17
3207.  5.392157E-17
3208.  5.167868E-17
3209.  4.961532E-17
3210.  4.772818E-17
3211.  4.601333E-17
3212.  4.446577E-17
3213.  4.307979E-17
3214.  4.184895E-17
3215.  4.076636E-17
3216.  3.982468E-17
3217.  3.901689E-17
3218.  3.833519E-17
3219.  3.777226E-17
3220.  3.732055E-17
3221.  3.697317E-17
3222.  3.672326E-17
3223.  3.656408E-17
3224.  3.648975E-17
3225.  3.649438E-17
3226.  3.657249E-17
3227.  3.671936E-17
3228.  3.693026E-17
3229.  3.720102E-17
3230.  3.752807E-17
3231.  3.790775E-17
3232.  3.833685E-17
3233.  3.881270E-17
3234.  3.933219E-17
3235.  3.989321E-17
3236.  4.049292E-17
3237.  4.112913E-17
3238.  4.179963E-17
3239.  4.250177E-17
3240.  4.323344E-17
3241.  4.399199E-17
3242.  4.477487E-17
3243.  4.557940E-17
3244.  4.640261E-17
3245.  4.724177E-17
3246.  4.809379E-17
3247.  4.895543E-17
3248.  4.982339E-17
3249.  5.069480E-17
3250.  5.156606E-17
3251.  5.243412E-17
3252.  5.329613E-17
3253.  5.414910E-17
3254.  5.499071E-17
3255.  5.581856E-17
3256.  5.663102E-17
3257.  5.742715E-17
3258.  5.820593E-17
3259.  5.896783E-17
3260.  5.971339E-17
3261.  6.044462E-17
3262.  6.116376E-17
3263.  6.187454E-17
3264.  6.258136E-17
3265.  6.328998E-17
3266.  6.400667E-17
3267.  6.473921E-17
3268.  6.549621E-17
3269.  6.628754E-17
3270.  6.712340E-17
3271.  6.801583E-17
3272.  6.897683E-17
3273.  7.001999E-17
3274.  7.115873E-17
3275.  7.240779E-17
3276.  7.378185E-17
3277.  7.529637E-17
3278.  7.696638E-17
3279.  7.880736E-17
3280.  8.083478E-17
3281.  8.306354E-17
3282.  8.550818E-17
3283.  8.818271E-17
3284.  9.110054E-17
3285.  9.427391E-17
3286.  9.771420E-17
3287.  1.014316E-16
3288.  1.054348E-16
3289.  1.097311E-16
3290.  1.143261E-16
3291.  1.192237E-16
3292.  1.244257E-16
3293.  1.299325E-16
3294.  1.357415E-16
3295.  1.418486E-16
3296.  1.482471E-16
3297.  1.549280E-16
3298.  1.618797E-16
3299.  1.690885E-16
3300.  1.765378E-16
3301.  1.842088E-16
3302.  1.920799E-16
3303.  2.001273E-16
3304.  2.083249E-16
3305.  2.166440E-16
3306.  2.250537E-16
3307.  2.335214E-16
3308.  2.420120E-16
3309.  2.504894E-16
3310.  2.589156E-16
3311.  2.672515E-16
3312.  2.754571E-16
3313.  2.834918E-16
3314.  2.913146E-16
3315.  2.988846E-16
3316.  3.061613E-16
3317.  3.131053E-16
3318.  3.196779E-16
3319.  3.258422E-16
3320.  3.315634E-16
3321.  3.368087E-16
3322.  3.415480E-16
3323.  3.457542E-16
3324.  3.494038E-16
3325.  3.524764E-16
3326.  3.549556E-16
3327.  3.568291E-16
3328.  3.580884E-16
3329.  3.587295E-16
3330.  3.587525E-16
3331.  3.581616E-16
3332.  3.569659E-16
3333.  3.551778E-16
3334.  3.528141E-16
3335.  3.498953E-16
3336.  3.464454E-16
3337.  3.424918E-16
3338.  3.380647E-16
3339.  3.331972E-16
3340.  3.279244E-16
3341.  3.222839E-16
3342.  3.163143E-16
3343.  3.100560E-16
3344.  3.035501E-16
3345.  2.968384E-16
3346.  2.899628E-16
3347.  2.829654E-16
3348.  2.758878E-16
3349.  2.687715E-16
3350.  2.616568E-16
3351.  2.545834E-16
3352.  2.475900E-16
3353.  2.407137E-16
3354.  2.339912E-16
3355.  2.274573E-16
3356.  2.211454E-16
3357.  2.150883E-16
3358.  2.093170E-16
3359.  2.038612E-16
3360.  1.987498E-16
3361.  1.940105E-16
3362.  1.896694E-16
3363.  1.857526E-16
3364.  1.822841E-16
3365.  1.792878E-16
3366.  1.767864E-16
3367.  1.748018E-16
3368.  1.733548E-16
3369.  1.724657E-16
3370.  1.721533E-16
3371.  1.724358E-16
3372.  1.733303E-16
3373.  1.748524E-16
3374.  1.770165E-16
3375.  1.798354E-16
3376.  1.833202E-16
3377.  1.874804E-16
3378.  1.923229E-16
3379.  1.978528E-16
3380.  2.040725E-16
3381.  2.109819E-16
3382.  2.185774E-16
3383.  2.268531E-16
3384.  2.357990E-16
3385.  2.454022E-16
3386.  2.556457E-16
3387.  2.665090E-16
3388.  2.779671E-16
3389.  2.899918E-16
3390.  3.025503E-16
3391.  3.156057E-16
3392.  3.291173E-16
3393.  3.430400E-16
3394.  3.573253E-16
3395.  3.719206E-16
3396.  3.867699E-16
3397.  4.018142E-16
3398.  4.169908E-16
3399.  4.322352E-16
3400.  4.474802E-16
3401.  4.626568E-16
3402.  4.776950E-16
3403.  4.925238E-16
3404.  5.070716E-16
3405.  5.212677E-16
3406.  5.350416E-16
3407.  5.483248E-16
3408.  5.610507E-16
3409.  5.731550E-16
3410.  5.845770E-16
3411.  5.952597E-16
3412.  6.051501E-16
3413.  6.142005E-16
3414.  6.223683E-16
3415.  6.296162E-16
3416.  6.359131E-16
3417.  6.412348E-16
3418.  6.455627E-16
3419.  6.488854E-16
3420.  6.511983E-16
3421.  6.525035E-16
3422.  6.528099E-16
3423.  6.521326E-16
3424.  6.504938E-16
3425.  6.479211E-16
3426.  6.444485E-16
3427.  6.401150E-16
3428.  6.349647E-16
3429.  6.290465E-16
3430.  6.224129E-16
3431.  6.151200E-16
3432.  6.072270E-16
3433.  5.987950E-16
3434.  5.898875E-16
3435.  5.805687E-16
3436.  5.709035E-16
3437.  5.609575E-16
3438.  5.507952E-16
3439.  5.404807E-16
3440.  5.300766E-16
3441.  5.196440E-16
3442.  5.092417E-16
3443.  4.989263E-16
3444.  4.887514E-16
3445.  4.787682E-16
3446.  4.690241E-16
3447.  4.595638E-16
3448.  4.504279E-16
3449.  4.416539E-16
3450.  4.332757E-16
3451.  4.253230E-16
3452.  4.178219E-16
3453.  4.107952E-16
3454.  4.042614E-16
3455.  3.982350E-16
3456.  3.927276E-16
3457.  3.877464E-16
3458.  3.832951E-16
3459.  3.793735E-16
3460.  3.759785E-16
3461.  3.731030E-16
3462.  3.707366E-16
3463.  3.688652E-16
3464.  3.674720E-16
3465.  3.665368E-16
3466.  3.660362E-16
3467.  3.659442E-16
3468.  3.662322E-16
3469.  3.668687E-16
3470.  3.678202E-16
3471.  3.690510E-16
3472.  3.705234E-16
3473.  3.721989E-16
3474.  3.740366E-16
3475.  3.759953E-16
3476.  3.780332E-16
3477.  3.801082E-16
3478.  3.821781E-16
3479.  3.842011E-16
3480.  3.861364E-16
3481.  3.879442E-16
3482.  3.895859E-16
3483.  3.910255E-16
3484.  3.922282E-16
3485.  3.931623E-16
3486.  3.937985E-16
3487.  3.941105E-16
3488.  3.940751E-16
3489.  3.936727E-16
3490.  3.928867E-16
3491.  3.917044E-16
3492.  3.901165E-16
3493.  3.881177E-16
3494.  3.857057E-16
3495.  3.828822E-16
3496.  3.796520E-16
3497.  3.760235E-16
3498.  3.720077E-16
3499.  3.676192E-16
3500.  3.628745E-16
3501.  3.577928E-16
3502.  3.523958E-16
3503.  3.467063E-16
3504.  3.407492E-16
3505.  3.345505E-16
3506.  3.281370E-16
3507.  3.215360E-16
3508.  3.147755E-16
3509.  3.078834E-16
3510.  3.008872E-16
3511.  2.938140E-16
3512.  2.866901E-16
3513.  2.795410E-16
3514.  2.723909E-16
3515.  2.652627E-16
3516.  2.581778E-16
3517.  2.511561E-16
3518.  2.442156E-16
3519.  2.373730E-16
3520.  2.306427E-16
3521.  2.240374E-16
3522.  2.175680E-16
3523.  2.112438E-16
3524.  2.050723E-16
3525.  1.990595E-16
3526.  1.932093E-16
3527.  1.875252E-16
3528.  1.820083E-16
3529.  1.766595E-16
3530.  1.714781E-16
3531.  1.664630E-16
3532.  1.616120E-16
3533.  1.569235E-16
3534.  1.523943E-16
3535.  1.480217E-16
3536.  1.438035E-16
3537.  1.397367E-16
3538.  1.358199E-16
3539.  1.320507E-16
3540.  1.284289E-16
3541.  1.249537E-16
3542.  1.216261E-16
3543.  1.184470E-16
3544.  1.154189E-16
3545.  1.125447E-16
3546.  1.098284E-16
3547.  1.072745E-16
3548.  1.048888E-16
3549.  1.026773E-16
3550.  1.006467E-16
3551.  9.880410E-17
3552.  9.715705E-17
3553.  9.571329E-17
3554.  9.448023E-17
3555.  9.346567E-17
3556.  9.267667E-17
3557.  9.212001E-17
3558.  9.180167E-17
3559.  9.172719E-17
3560.  9.190080E-17
3561.  9.232607E-17
3562.  9.300488E-17
3563.  9.393795E-17
3564.  9.512504E-17
3565.  9.656422E-17
3566.  9.825190E-17
3567.  1.001830E-16
3568.  1.023511E-16
3569.  1.047482E-16
3570.  1.073645E-16
3571.  1.101890E-16
3572.  1.132096E-16
3573.  1.164123E-16
3574.  1.197822E-16
3575.  1.233034E-16
3576.  1.269586E-16
3577.  1.307299E-16
3578.  1.345984E-16
3579.  1.385447E-16
3580.  1.425488E-16
3581.  1.465902E-16
3582.  1.506482E-16
3583.  1.547018E-16
3584.  1.587301E-16
3585.  1.627119E-16
3586.  1.666263E-16
3587.  1.704526E-16
3588.  1.741704E-16
3589.  1.777596E-16
3590.  1.812007E-16
3591.  1.844745E-16
3592.  1.875625E-16
3593.  1.904468E-16
3594.  1.931103E-16
3595.  1.955365E-16
3596.  1.977101E-16
3597.  1.996164E-16
3598.  2.012418E-16
3599.  2.025738E-16
3600.  2.036008E-16
3601.  2.043130E-16
3602.  2.047013E-16
3603.  2.047582E-16
3604.  2.044775E-16
3605.  2.038548E-16
3606.  2.028873E-16
3607.  2.015739E-16
3608.  1.999149E-16
3609.  1.979129E-16
3610.  1.955719E-16
3611.  1.928983E-16
3612.  1.898999E-16
3613.  1.865867E-16
3614.  1.829708E-16
3615.  1.790655E-16
3616.  1.748865E-16
3617.  1.704511E-16
3618.  1.657776E-16
3619.  1.608866E-16
3620.  1.557997E-16
3621.  1.505394E-16
3622.  1.451297E-16
3623.  1.395947E-16
3624.  1.339595E-16
3625.  1.282495E-16
3626.  1.224902E-16
3627.  1.167068E-16
3628.  1.109242E-16
3629.  1.051669E-16
3630.  9.945838E-17
3631.  9.382108E-17
3632.  8.827662E-17
3633.  8.284477E-17
3634.  7.754397E-17
3635.  7.239091E-17
3636.  6.740089E-17
3637.  6.258680E-17
3638.  5.796016E-17
3639.  5.353017E-17
3640.  4.930425E-17
3641.  4.528808E-17
3642.  4.148513E-17
3643.  3.789745E-17
3644.  3.452516E-17
3645.  3.136678E-17
3646.  2.841960E-17
3647.  2.567904E-17
3648.  2.313994E-17
3649.  2.079559E-17
3650.  1.863867E-17
3651.  1.666078E-17
3652.  1.485308E-17
3653.  1.320657E-17
3654.  1.171113E-17
3655.  1.035722E-17
3656.  9.134666E-18
3657.  8.033499E-18
3658.  7.043962E-18
3659.  6.156426E-18
3660.  5.361145E-18
3661.  4.649561E-18
3662.  4.012823E-18
3663.  3.442446E-18
3664.  2.931018E-18
3665.  2.471092E-18
3666.  2.055881E-18
3667.  1.678943E-18
3668.  1.334444E-18
3669.  1.016903E-18
3670.  7.217978E-19
3671.  4.442593E-19
3672.  1.803548E-19
3673.  -7.370819E-20
3674.  -3.211140E-19
3675.  -5.650278E-19
3676.  -8.079492E-19
3677.  -1.052154E-18
3678.  -1.299878E-18
3679.  -1.552979E-18
3680.  -1.813023E-18
3681.  -2.081243E-18
3682.  -2.358932E-18
3683.  -2.646984E-18
3684.  -2.946229E-18
3685.  -3.256971E-18
3686.  -3.579638E-18
3687.  -3.914494E-18
3688.  -4.260987E-18
3689.  -4.618983E-18
3690.  -4.987690E-18
3691.  -5.366139E-18
3692.  -5.753378E-18
3693.  -6.147222E-18
3694.  -6.546126E-18
3695.  -6.947741E-18
3696.  -7.349429E-18
3697.  -7.747911E-18
3698.  -8.139619E-18
3699.  -8.520872E-18
3700.  -8.887141E-18
3701.  -9.233430E-18
3702.  -9.554776E-18
3703.  -9.845271E-18
3704.  -1.009907E-17
3705.  -1.030948E-17
3706.  -1.046996E-17
3707.  -1.057335E-17
3708.  -1.061252E-17
3709.  -1.058001E-17
3710.  -1.046838E-17
3711.  -1.027008E-17
3712.  -9.977991E-18
3713.  -9.584641E-18
3714.  -9.083639E-18
3715.  -8.468320E-18
3716.  -7.732828E-18
3717.  -6.872143E-18
3718.  -5.881753E-18
3719.  -4.758362E-18
3720.  -3.499346E-18
3721.  -2.103245E-18
3722.  -5.700084E-19
3723.  1.099278E-18
3724.  2.902196E-18
3725.  4.834965E-18
3726.  6.892381E-18
3727.  9.067603E-18
3728.  1.135249E-17
3729.  1.373782E-17
3730.  1.621245E-17
3731.  1.876414E-17
3732.  2.137964E-17
3733.  2.404453E-17
3734.  2.674348E-17
3735.  2.946027E-17
3736.  3.217801E-17
3737.  3.487962E-17
3738.  3.754729E-17
3739.  4.016369E-17
3740.  4.271139E-17
3741.  4.517313E-17
3742.  4.753241E-17
3743.  4.977343E-17
3744.  5.188131E-17
3745.  5.384222E-17
3746.  5.564352E-17
3747.  5.727409E-17
3748.  5.872442E-17
3749.  5.998638E-17
3750.  6.105375E-17
3751.  6.192196E-17
3752.  6.258818E-17
3753.  6.305158E-17
3754.  6.331280E-17
3755.  6.337444E-17
3756.  6.324058E-17
3757.  6.291731E-17
3758.  6.241151E-17
3759.  6.173177E-17
3760.  6.088815E-17
3761.  5.989124E-17
3762.  5.875306E-17
3763.  5.748590E-17
3764.  5.610284E-17
3765.  5.461761E-17
3766.  5.304390E-17
3767.  5.139524E-17
3768.  4.968578E-17
3769.  4.792899E-17
3770.  4.613803E-17
3771.  4.432574E-17
3772.  4.250415E-17
3773.  4.068492E-17
3774.  3.887871E-17
3775.  3.709538E-17
3776.  3.534413E-17
3777.  3.363289E-17
3778.  3.196898E-17
3779.  3.035837E-17
3780.  2.880663E-17
3781.  2.731811E-17
3782.  2.589589E-17
3783.  2.454280E-17
3784.  2.326032E-17
3785.  2.204949E-17
3786.  2.091026E-17
3787.  1.984215E-17
3788.  1.884400E-17
3789.  1.791412E-17
3790.  1.705014E-17
3791.  1.624921E-17
3792.  1.550853E-17
3793.  1.482456E-17
3794.  1.419361E-17
3795.  1.361179E-17
3796.  1.307507E-17
3797.  1.257950E-17
3798.  1.212100E-17
3799.  1.169525E-17
3800.  1.129831E-17
3801.  1.092617E-17
3802.  1.057514E-17
3803.  1.024139E-17
3804.  9.921490E-18
3805.  9.612468E-18
3806.  9.311109E-18
3807.  9.014802E-18
3808.  8.721245E-18
3809.  8.428307E-18
3810.  8.134239E-18
3811.  7.837650E-18
3812.  7.537582E-18
3813.  7.233326E-18
3814.  6.924397E-18
3815.  6.610881E-18
3816.  6.292949E-18
3817.  5.971398E-18
3818.  5.646930E-18
3819.  5.320737E-18
3820.  4.994070E-18
3821.  4.668818E-18
3822.  4.346459E-18
3823.  4.028911E-18
3824.  3.717964E-18
3825.  3.415863E-18
3826.  3.124446E-18
3827.  2.845534E-18
3828.  2.580957E-18
3829.  2.332580E-18
3830.  2.101690E-18
3831.  1.889672E-18
3832.  1.697482E-18
3833.  1.525909E-18
3834.  1.375402E-18
3835.  1.246096E-18
3836.  1.137744E-18
3837.  1.050003E-18
3838.  9.818251E-19
3839.  9.321993E-19
3840.  8.996354E-19
3841.  8.824737E-19
3842.  8.787487E-19
3843.  8.862694E-19
3844.  9.030676E-19
3845.  9.265995E-19
3846.  9.545079E-19
3847.  9.843563E-19
3848.  1.013909E-18
3849.  1.040899E-18
3850.  1.063132E-18
3851.  1.078855E-18
3852.  1.086415E-18
3853.  1.084508E-18
3854.  1.071894E-18
3855.  1.047970E-18
3856.  1.012189E-18
3857.  9.647054E-19
3858.  9.055829E-19
3859.  8.354054E-19
3860.  7.551209E-19
3861.  6.658456E-19
3862.  5.691389E-19
3863.  4.666655E-19
3864.  3.601985E-19
3865.  2.517542E-19
3866.  1.432682E-19
3867.  3.706654E-20
3868.  -6.487068E-20
3869.  -1.604424E-19
3870.  -2.478136E-19
3871.  -3.249826E-19
3872.  -3.905563E-19
3873.  -4.427863E-19
3874.  -4.807644E-19
3875.  -5.034519E-19
3876.  -5.101375E-19
3877.  -5.006620E-19
3878.  -4.747789E-19
3879.  -4.327857E-19
3880.  -3.754595E-19
3881.  -3.032636E-19
3882.  -2.176064E-19
3883.  -1.196671E-19
3884.  -1.094069E-20
3885.  1.066952E-19
3886.  2.315548E-19
3887.  3.614129E-19
3888.  4.943338E-19
3889.  6.283314E-19
3890.  7.611415E-19
3891.  8.906508E-19
3892.  1.014878E-18
3893.  1.132209E-18
3894.  1.240857E-18
3895.  1.338948E-18
3896.  1.425541E-18
3897.  1.499299E-18
3898.  1.559473E-18
3899.  1.605419E-18
3900.  1.636732E-18
3901.  1.653618E-18
3902.  1.656157E-18
3903.  1.644705E-18
3904.  1.620140E-18
3905.  1.583610E-18
3906.  1.536137E-18
3907.  1.479232E-18
3908.  1.414454E-18
3909.  1.343579E-18
3910.  1.268369E-18
3911.  1.190782E-18
3912.  1.112844E-18
3913.  1.036379E-18
3914.  9.633616E-19
3915.  8.957791E-19
3916.  8.354017E-19
3917.  7.838502E-19
3918.  7.425396E-19
3919.  7.127875E-19
3920.  6.959527E-19
3921.  6.928450E-19
3922.  7.043564E-19
3923.  7.306578E-19
3924.  7.721988E-19
3925.  8.290951E-19
3926.  9.012331E-19
3927.  9.881092E-19
3928.  1.089189E-18
3929.  1.203608E-18
3930.  1.330493E-18
3931.  1.468803E-18
3932.  1.617051E-18
3933.  1.774197E-18
3934.  1.938491E-18
3935.  2.108360E-18
3936.  2.282208E-18
3937.  2.458232E-18
3938.  2.634691E-18
3939.  2.809661E-18
3940.  2.981523E-18
3941.  3.148214E-18
3942.  3.308030E-18
3943.  3.459020E-18
3944.  3.599307E-18
3945.  3.727245E-18
3946.  3.840899E-18
3947.  3.938720E-18
3948.  4.018722E-18
3949.  4.079658E-18
3950.  4.119769E-18
3951.  4.137568E-18
3952.  4.131776E-18
3953.  4.101104E-18
3954.  4.044388E-18
3955.  3.960605E-18
3956.  3.848727E-18
3957.  3.708253E-18
3958.  3.538370E-18
3959.  3.338853E-18
3960.  3.109208E-18
3961.  2.849582E-18
3962.  2.560026E-18
3963.  2.240811E-18
3964.  1.892319E-18
3965.  1.515418E-18
3966.  1.110711E-18
3967.  6.792953E-19
3968.  2.221168E-19
3969.  -2.594298E-19
3970.  -7.641602E-19
3971.  -1.290745E-18
3972.  -1.837702E-18
3973.  -2.403603E-18
3974.  -2.987045E-18
3975.  -3.586878E-18
3976.  -4.201675E-18
3977.  -4.830406E-18
3978.  -5.472202E-18
3979.  -6.126132E-18
3980.  -6.791789E-18
3981.  -7.468725E-18
3982.  -8.156972E-18
3983.  -8.856760E-18
3984.  -9.568588E-18
3985.  -1.029315E-17
3986.  -1.103163E-17
3987.  -1.178545E-17
3988.  -1.255626E-17
3989.  -1.334584E-17
3990.  -1.415624E-17
3991.  -1.498995E-17
3992.  -1.584922E-17
3993.  -1.673670E-17
3994.  -1.765505E-17
3995.  -1.860663E-17
3996.  -1.959411E-17
3997.  -2.061992E-17
3998.  -2.168620E-17
3999.  -2.279493E-17
4000.  -2.394803E-17
4001.  -2.514629E-17
4002.  -2.639114E-17
4003.  -2.768271E-17
4004.  -2.902080E-17
4005.  -3.040496E-17
4006.  -3.183364E-17
4007.  -3.330504E-17
4008.  -3.481675E-17
4009.  -3.636534E-17
4010.  -3.794719E-17
4011.  -3.955758E-17
4012.  -4.119160E-17
4013.  -4.284345E-17
4014.  -4.450695E-17
4015.  -4.617558E-17
4016.  -4.784205E-17
4017.  -4.949895E-17
4018.  -5.113848E-17
4019.  -5.275293E-17
4020.  -5.433396E-17
4021.  -5.587364E-17
4022.  -5.736361E-17
4023.  -5.879636E-17
4024.  -6.016382E-17
4025.  -6.145875E-17
4026.  -6.267379E-17
4027.  -6.380249E-17
4028.  -6.483844E-17
4029.  -6.577593E-17
4030.  -6.660978E-17
4031.  -6.733518E-17
4032.  -6.794824E-17
4033.  -6.844524E-17
4034.  -6.882352E-17
4035.  -6.908036E-17
4036.  -6.921420E-17
4037.  -6.922350E-17
4038.  -6.910753E-17
4039.  -6.886550E-17
4040.  -6.849770E-17
4041.  -6.800421E-17
4042.  -6.738559E-17
4043.  -6.664261E-17
4044.  -6.577621E-17
4045.  -6.478756E-17
4046.  -6.367787E-17
4047.  -6.244882E-17
4048.  -6.110161E-17
4049.  -5.963790E-17
4050.  -5.805926E-17
4051.  -5.636751E-17
4052.  -5.456438E-17
4053.  -5.265165E-17
4054.  -5.063161E-17
4055.  -4.850604E-17
4056.  -4.627777E-17
4057.  -4.394916E-17
4058.  -4.152299E-17
4059.  -3.900260E-17
4060.  -3.639145E-17
4061.  -3.369345E-17
4062.  -3.091313E-17
4063.  -2.805520E-17
4064.  -2.512505E-17
4065.  -2.212855E-17
4066.  -1.907233E-17
4067.  -1.596300E-17
4068.  -1.280826E-17
4069.  -9.616291E-18
4070.  -6.395763E-18
4071.  -3.155372E-18
4072.  9.508073E-20
4073.  3.345667E-18
4074.  6.586034E-18
4075.  9.805841E-18
4076.  1.299423E-17
4077.  1.614073E-17
4078.  1.923453E-17
4079.  2.226505E-17
4080.  2.522177E-17
4081.  2.809528E-17
4082.  3.087589E-17
4083.  3.355506E-17
4084.  3.612472E-17
4085.  3.857800E-17
4086.  4.090900E-17
4087.  4.311296E-17
4088.  4.518644E-17
4089.  4.712708E-17
4090.  4.893444E-17
4091.  5.060929E-17
4092.  5.215394E-17
4093.  5.357267E-17
4094.  5.487088E-17
4095.  5.605598E-17
4096.  5.713667E-17
4097.  5.812316E-17
4098.  5.902703E-17
4099.  5.986125E-17
4100.  6.063997E-17
4101.  6.137815E-17
4102.  6.209159E-17
4103.  6.279683E-17
4104.  6.351037E-17
4105.  6.424920E-17
4106.  6.502992E-17
4107.  6.586904E-17
4108.  6.678222E-17
4109.  6.778439E-17
4110.  6.888896E-17
4111.  7.010836E-17
4112.  7.145316E-17
4113.  7.293214E-17
4114.  7.455220E-17
4115.  7.631771E-17
4116.  7.823093E-17
4117.  8.029176E-17
4118.  8.249754E-17
4119.  8.484264E-17
4120.  8.731970E-17
4121.  8.991817E-17
4122.  9.262528E-17
4123.  9.542616E-17
4124.  9.830345E-17
4125.  1.012379E-16
4126.  1.042086E-16
4127.  1.071930E-16
4128.  1.101673E-16
4129.  1.131066E-16
4130.  1.159855E-16
4131.  1.187783E-16
4132.  1.214589E-16
4133.  1.240017E-16
4134.  1.263818E-16
4135.  1.285748E-16
4136.  1.305579E-16
4137.  1.323095E-16
4138.  1.338100E-16
4139.  1.350413E-16
4140.  1.359879E-16
4141.  1.366366E-16
4142.  1.369765E-16
4143.  1.369995E-16
4144.  1.367000E-16
4145.  1.360753E-16
4146.  1.351254E-16
4147.  1.338530E-16
4148.  1.322632E-16
4149.  1.303643E-16
4150.  1.281665E-16
4151.  1.256826E-16
4152.  1.229275E-16
4153.  1.199182E-16
4154.  1.166733E-16
4155.  1.132134E-16
4156.  1.095599E-16
4157.  1.057360E-16
4158.  1.017656E-16
4159.  9.767318E-17
4160.  9.348400E-17
4161.  8.922376E-17
4162.  8.491777E-17
4163.  8.059188E-17
4164.  7.627120E-17
4165.  7.198077E-17
4166.  6.774486E-17
4167.  6.358716E-17
4168.  5.953060E-17
4169.  5.559685E-17
4170.  5.180698E-17
4171.  4.818082E-17
4172.  4.473675E-17
4173.  4.149241E-17
4174.  3.846394E-17
4175.  3.566610E-17
4176.  3.311237E-17
4177.  3.081515E-17
4178.  2.878543E-17
4179.  2.703255E-17
4180.  2.556475E-17
4181.  2.438923E-17
4182.  2.351141E-17
4183.  2.293579E-17
4184.  2.266510E-17
4185.  2.270092E-17
4186.  2.304386E-17
4187.  2.369268E-17
4188.  2.464528E-17
4189.  2.589778E-17
4190.  2.744510E-17
4191.  2.928057E-17
4192.  3.139629E-17
4193.  3.378312E-17
4194.  3.642971E-17
4195.  3.932397E-17
4196.  4.245185E-17
4197.  4.579766E-17
4198.  4.934462E-17
4199.  5.307399E-17
4200.  5.696575E-17
4201.  6.099842E-17
4202.  6.514912E-17
4203.  6.939374E-17
4204.  7.370676E-17
4205.  7.806213E-17
4206.  8.243227E-17
4207.  8.678944E-17
4208.  9.110504E-17
4209.  9.535058E-17
4210.  9.949735E-17
4211.  1.035169E-16
4212.  1.073814E-16
4213.  1.110638E-16
4214.  1.145380E-16
4215.  1.177798E-16
4216.  1.207663E-16
4217.  1.234764E-16
4218.  1.258913E-16
4219.  1.279952E-16
4220.  1.297740E-16
4221.  1.312169E-16
4222.  1.323158E-16
4223.  1.330658E-16
4224.  1.334646E-16
4225.  1.335133E-16
4226.  1.332157E-16
4227.  1.325783E-16
4228.  1.316108E-16
4229.  1.303251E-16
4230.  1.287355E-16
4231.  1.268581E-16
4232.  1.247113E-16
4233.  1.223145E-16
4234.  1.196886E-16
4235.  1.168554E-16
4236.  1.138371E-16
4237.  1.106562E-16
4238.  1.073353E-16
4239.  1.038964E-16
4240.  1.003610E-16
4241.  9.675015E-17
4242.  9.308336E-17
4243.  8.937892E-17
4244.  8.565407E-17
4245.  8.192461E-17
4246.  7.820459E-17
4247.  7.450649E-17
4248.  7.084141E-17
4249.  6.721894E-17
4250.  6.364682E-17
4251.  6.013196E-17
4252.  5.667954E-17
4253.  5.329359E-17
4254.  4.997757E-17
4255.  4.673340E-17
4256.  4.356269E-17
4257.  4.046628E-17
4258.  3.744459E-17
4259.  3.449792E-17
4260.  3.162602E-17
4261.  2.882898E-17
4262.  2.610681E-17
4263.  2.345951E-17
4264.  2.088773E-17
4265.  1.839201E-17
4266.  1.597375E-17
4267.  1.363442E-17
4268.  1.137617E-17
4269.  9.201728E-18
4270.  7.114276E-18
4271.  5.117190E-18
4272.  3.215256E-18
4273.  1.412806E-18
4274.  -2.847479E-19
4275.  -1.871494E-18
4276.  -3.341130E-18
4277.  -4.686981E-18
4278.  -5.901497E-18
4279.  -6.977295E-18
4280.  -7.905847E-18
4281.  -8.678685E-18
4282.  -9.286709E-18
4283.  -9.720374E-18
4284.  -9.969914E-18
4285.  -1.002478E-17
4286.  -9.874272E-18
4287.  -9.507267E-18
4288.  -8.912132E-18
4289.  -8.076812E-18
4290.  -6.989104E-18
4291.  -5.636012E-18
4292.  -4.004579E-18
4293.  -2.081239E-18
4294.  1.475404E-19
4295.  2.695852E-18
4296.  5.577441E-18
4297.  8.806669E-18
4298.  1.239735E-17
4299.  1.636348E-17
4300.  2.071865E-17
4301.  2.547614E-17
4302.  3.064825E-17
4303.  3.624688E-17
4304.  4.228291E-17
4305.  4.876603E-17
4306.  5.570461E-17
4307.  6.310517E-17
4308.  7.097281E-17
4309.  7.931057E-17
4310.  8.811918E-17
4311.  9.739673E-17
4312.  1.071391E-16
4313.  1.173391E-16
4314.  1.279866E-16
4315.  1.390683E-16
4316.  1.505679E-16
4317.  1.624657E-16
4318.  1.747384E-16
4319.  1.873597E-16
4320.  2.002995E-16
4321.  2.135249E-16
4322.  2.269991E-16
4323.  2.406829E-16
4324.  2.545339E-16
4325.  2.685069E-16
4326.  2.825544E-16
4327.  2.966266E-16
4328.  3.106721E-16
4329.  3.246376E-16
4330.  3.384689E-16
4331.  3.521108E-16
4332.  3.655077E-16
4333.  3.786046E-16
4334.  3.913461E-16
4335.  4.036782E-16
4336.  4.155477E-16
4337.  4.269037E-16
4338.  4.376968E-16
4339.  4.478803E-16
4340.  4.574101E-16
4341.  4.662458E-16
4342.  4.743497E-16
4343.  4.816886E-16
4344.  4.882330E-16
4345.  4.939577E-16
4346.  4.988418E-16
4347.  5.028697E-16
4348.  5.060300E-16
4349.  5.083163E-16
4350.  5.097276E-16
4351.  5.102671E-16
4352.  5.099439E-16
4353.  5.087715E-16
4354.  5.067680E-16
4355.  5.039570E-16
4356.  5.003663E-16
4357.  4.960278E-16
4358.  4.909779E-16
4359.  4.852566E-16
4360.  4.789076E-16
4361.  4.719776E-16
4362.  4.645164E-16
4363.  4.565762E-16
4364.  4.482109E-16
4365.  4.394764E-16
4366.  4.304293E-16
4367.  4.211272E-16
4368.  4.116275E-16
4369.  4.019878E-16
4370.  3.922645E-16
4371.  3.825130E-16
4372.  3.727870E-16
4373.  3.631384E-16
4374.  3.536160E-16
4375.  3.442665E-16
4376.  3.351331E-16
4377.  3.262558E-16
4378.  3.176705E-16
4379.  3.094100E-16
4380.  3.015027E-16
4381.  2.939730E-16
4382.  2.868411E-16
4383.  2.801234E-16
4384.  2.738320E-16
4385.  2.679753E-16
4386.  2.625577E-16
4387.  2.575802E-16
4388.  2.530401E-16
4389.  2.489321E-16
4390.  2.452474E-16
4391.  2.419752E-16
4392.  2.391017E-16
4393.  2.366121E-16
4394.  2.344891E-16
4395.  2.327145E-16
4396.  2.312691E-16
4397.  2.301329E-16
4398.  2.292856E-16
4399.  2.287065E-16
4400.  2.283755E-16
4401.  2.282724E-16
4402.  2.283780E-16
4403.  2.286735E-16
4404.  2.291409E-16
4405.  2.297642E-16
4406.  2.305272E-16
4407.  2.314159E-16
4408.  2.324174E-16
4409.  2.335198E-16
4410.  2.347130E-16
4411.  2.359879E-16
4412.  2.373369E-16
4413.  2.387537E-16
4414.  2.402331E-16
4415.  2.417710E-16
4416.  2.433646E-16
4417.  2.450118E-16
4418.  2.467118E-16
4419.  2.484641E-16
4420.  2.502695E-16
4421.  2.521288E-16
4422.  2.540437E-16
4423.  2.560159E-16
4424.  2.580480E-16
4425.  2.601419E-16
4426.  2.623003E-16
4427.  2.645252E-16
4428.  2.668188E-16
4429.  2.691828E-16
4430.  2.716186E-16
4431.  2.741268E-16
4432.  2.767075E-16
4433.  2.793598E-16
4434.  2.820822E-16
4435.  2.848719E-16
4436.  2.877250E-16
4437.  2.906366E-16
4438.  2.936003E-16
4439.  2.966082E-16
4440.  2.996511E-16
4441.  3.027180E-16
4442.  3.057970E-16
4443.  3.088738E-16
4444.  3.119331E-16
4445.  3.149579E-16
4446.  3.179295E-16
4447.  3.208280E-16
4448.  3.236320E-16
4449.  3.263189E-16
4450.  3.288654E-16
4451.  3.312466E-16
4452.  3.334377E-16
4453.  3.354127E-16
4454.  3.371460E-16
4455.  3.386116E-16
4456.  3.397838E-16
4457.  3.406377E-16
4458.  3.411493E-16
4459.  3.412957E-16
4460.  3.410552E-16
4461.  3.404082E-16
4462.  3.393373E-16
4463.  3.378267E-16
4464.  3.358639E-16
4465.  3.334386E-16
4466.  3.305440E-16
4467.  3.271756E-16
4468.  3.233331E-16
4469.  3.190188E-16
4470.  3.142387E-16
4471.  3.090021E-16
4472.  3.033217E-16
4473.  2.972132E-16
4474.  2.906957E-16
4475.  2.837913E-16
4476.  2.765247E-16
4477.  2.689235E-16
4478.  2.610170E-16
4479.  2.528371E-16
4480.  2.444171E-16
4481.  2.357921E-16
4482.  2.269972E-16
4483.  2.180694E-16
4484.  2.090456E-16
4485.  1.999621E-16
4486.  1.908560E-16
4487.  1.817625E-16
4488.  1.727167E-16
4489.  1.637520E-16
4490.  1.549001E-16
4491.  1.461914E-16
4492.  1.376537E-16
4493.  1.293131E-16
4494.  1.211929E-16
4495.  1.133145E-16
4496.  1.056960E-16
4497.  9.835373E-17
4498.  9.130065E-17
4499.  8.454763E-17
4500.  7.810283E-17
