1.  -1.761917E-22
2.  -1.876353E-22
3.  -8.896175E-23
4.  -1.339371E-22
5.  -4.555960E-23
6.  -9.981561E-23
7.  -5.801960E-23
8.  -1.020839E-22
9.  -1.122455E-22
10.  -7.355278E-23
11.  -6.229708E-23
12.  -1.361828E-22
13.  -1.195097E-22
14.  -7.566056E-23
15.  -9.715512E-23
16.  -8.916580E-23
17.  -8.016363E-23
18.  -8.042093E-23
19.  -9.422222E-23
20.  -1.538920E-22
21.  -6.741319E-23
22.  -4.033610E-23
23.  -1.990790E-22
24.  -7.257071E-23
25.  -1.639162E-22
26.  -7.539714E-23
27.  6.240700E-23
28.  -6.298158E-23
29.  -1.605533E-22
30.  -4.940238E-23
31.  -1.222870E-22
32.  -7.529123E-23
33.  -1.041266E-22
34.  3.560460E-23
35.  -7.159978E-23
36.  -1.533221E-22
37.  -1.496125E-22
38.  -2.186770E-22
39.  -1.910350E-22
40.  -9.580560E-23
41.  -1.630709E-22
42.  -8.796448E-23
43.  -7.103717E-23
44.  -1.075860E-22
45.  -1.336120E-22
46.  -7.227159E-23
47.  -8.128443E-23
48.  -6.746409E-23
49.  -1.879654E-22
50.  -7.026077E-23
51.  -1.329234E-22
52.  -1.505604E-22
53.  -1.064153E-22
54.  -1.496955E-22
55.  -2.961420E-23
56.  -1.718929E-22
57.  -1.170502E-22
58.  -6.117127E-23
59.  -2.735400E-23
60.  -1.166681E-22
61.  -1.951990E-22
62.  -1.787927E-23
63.  -1.496776E-22
64.  -5.426291E-23
65.  -1.128200E-22
66.  -1.534172E-22
67.  -1.887143E-22
68.  -1.855823E-22
69.  -2.966806E-23
70.  -1.173393E-22
71.  -1.454492E-23
72.  -9.873214E-23
73.  -1.249837E-22
74.  -1.447398E-22
75.  -1.026279E-22
76.  -1.473680E-22
77.  -1.855885E-22
78.  -1.610852E-22
79.  -7.974731E-23
80.  -9.266304E-23
81.  -1.733611E-22
82.  -1.948445E-22
83.  -1.018175E-22
84.  -1.230058E-22
85.  -4.972841E-23
86.  -1.267932E-22
87.  -1.099292E-22
88.  -2.195996E-22
89.  -1.101816E-22
90.  -1.404337E-22
91.  -1.048519E-22
92.  -3.109791E-24
93.  -1.097671E-22
94.  -5.911101E-23
95.  -1.184953E-22
96.  -1.178954E-22
97.  -1.054547E-22
98.  -1.464083E-22
99.  -6.836454E-23
100.  -1.470019E-22
101.  -1.825500E-22
102.  -2.482931E-22
103.  -1.000388E-22
104.  -9.463952E-23
105.  -1.122632E-22
106.  -7.241421E-23
107.  -1.305521E-23
108.  -1.696274E-22
109.  -8.792630E-23
110.  -2.083325E-23
111.  -1.034650E-22
112.  -6.978964E-23
113.  -1.420955E-22
114.  -9.601025E-23
115.  -8.831525E-23
116.  -1.515532E-22
117.  -1.033218E-22
118.  -1.862107E-22
119.  -1.494878E-22
120.  -7.783126E-23
121.  -9.943853E-23
122.  -1.479384E-22
123.  -1.400125E-22
124.  -1.251990E-22
125.  -2.017939E-22
126.  -1.151112E-22
127.  -1.134515E-22
128.  -7.267497E-23
129.  -1.240536E-22
130.  -8.384812E-23
131.  -1.484886E-22
132.  -1.306073E-22
133.  -1.963442E-22
134.  -9.803725E-23
135.  -1.573435E-22
136.  -1.112740E-22
137.  -4.503087E-23
138.  -6.880351E-23
139.  -1.348849E-22
140.  -1.807937E-22
141.  -1.189461E-22
142.  -8.201972E-23
143.  -2.325061E-23
144.  -1.675051E-23
145.  -2.198246E-23
146.  -5.178021E-23
147.  -5.325064E-23
148.  -4.604923E-23
149.  1.024651E-23
150.  1.815835E-23
151.  1.050388E-23
152.  -3.888448E-23
153.  1.145010E-23
154.  1.858076E-22
155.  2.068562E-22
156.  1.688251E-22
157.  2.446007E-22
158.  3.432957E-22
159.  4.577265E-22
160.  5.242040E-22
161.  6.203232E-22
162.  7.790770E-22
163.  9.077801E-22
164.  9.945503E-22
165.  1.172506E-21
166.  1.406674E-21
167.  1.663870E-21
168.  2.005463E-21
169.  2.256002E-21
170.  2.682454E-21
171.  3.061895E-21
172.  3.497055E-21
173.  4.057859E-21
174.  4.672067E-21
175.  5.413205E-21
176.  6.283494E-21
177.  7.140990E-21
178.  8.163176E-21
179.  9.343848E-21
180.  1.061082E-20
181.  1.220242E-20
182.  1.384740E-20
183.  1.591727E-20
184.  1.797308E-20
185.  2.047251E-20
186.  2.331724E-20
187.  2.639282E-20
188.  2.999655E-20
189.  3.397311E-20
190.  3.851542E-20
191.  4.350633E-20
192.  4.923276E-20
193.  5.562255E-20
194.  6.270658E-20
195.  7.068964E-20
196.  7.953070E-20
197.  8.958573E-20
198.  1.008829E-19
199.  1.131654E-19
200.  1.270622E-19
201.  1.425628E-19
202.  1.598636E-19
203.  1.790085E-19
204.  2.002045E-19
205.  2.238574E-19
206.  2.499995E-19
207.  2.790806E-19
208.  3.112853E-19
209.  3.468548E-19
210.  3.861331E-19
211.  4.296629E-19
212.  4.775687E-19
213.  5.305110E-19
214.  5.887462E-19
215.  6.529675E-19
216.  7.234348E-19
217.  8.010501E-19
218.  8.862723E-19
219.  9.796819E-19
220.  1.082192E-18
221.  1.194286E-18
222.  1.317288E-18
223.  1.451620E-18
224.  1.598419E-18
225.  1.758639E-18
226.  1.933516E-18
227.  2.124087E-18
228.  2.331668E-18
229.  2.557556E-18
230.  2.803183E-18
231.  3.070076E-18
232.  3.359731E-18
233.  3.674033E-18
234.  4.014753E-18
235.  4.383503E-18
236.  4.782628E-18
237.  5.214164E-18
238.  5.680342E-18
239.  6.183518E-18
240.  6.726374E-18
241.  7.311284E-18
242.  7.941310E-18
243.  8.619023E-18
244.  9.347756E-18
245.  1.013062E-17
246.  1.097094E-17
247.  1.187234E-17
248.  1.283843E-17
249.  1.387285E-17
250.  1.497991E-17
251.  1.616338E-17
252.  1.742782E-17
253.  1.877763E-17
254.  2.021750E-17
255.  2.175207E-17
256.  2.338659E-17
257.  2.512579E-17
258.  2.697524E-17
259.  2.894040E-17
260.  3.102661E-17
261.  3.324002E-17
262.  3.558639E-17
263.  3.807146E-17
264.  4.070173E-17
265.  4.348361E-17
266.  4.642341E-17
267.  4.952773E-17
268.  5.280305E-17
269.  5.625661E-17
270.  5.989512E-17
271.  6.372539E-17
272.  6.775460E-17
273.  7.198986E-17
274.  7.643819E-17
275.  8.110665E-17
276.  8.600291E-17
277.  9.113389E-17
278.  9.650680E-17
279.  1.021287E-16
280.  1.080067E-16
281.  1.141482E-16
282.  1.205598E-16
283.  1.272484E-16
284.  1.342209E-16
285.  1.414836E-16
286.  1.490434E-16
287.  1.569063E-16
288.  1.650783E-16
289.  1.735654E-16
290.  1.823731E-16
291.  1.915067E-16
292.  2.009714E-16
293.  2.107718E-16
294.  2.209125E-16
295.  2.313972E-16
296.  2.422301E-16
297.  2.534141E-16
298.  2.649525E-16
299.  2.768474E-16
300.  2.891009E-16
301.  3.017149E-16
302.  3.146903E-16
303.  3.280276E-16
304.  3.417272E-16
305.  3.557885E-16
306.  3.702107E-16
307.  3.849923E-16
308.  4.001312E-16
309.  4.156248E-16
310.  4.314702E-16
311.  4.476635E-16
312.  4.642003E-16
313.  4.810760E-16
314.  4.982850E-16
315.  5.158215E-16
316.  5.336785E-16
317.  5.518490E-16
318.  5.703257E-16
319.  5.890997E-16
320.  6.081627E-16
321.  6.275050E-16
322.  6.471165E-16
323.  6.669875E-16
324.  6.871066E-16
325.  7.074624E-16
326.  7.280433E-16
327.  7.488369E-16
328.  7.698304E-16
329.  7.910111E-16
330.  8.123652E-16
331.  8.338788E-16
332.  8.555380E-16
333.  8.773281E-16
334.  8.992347E-16
335.  9.212429E-16
336.  9.433372E-16
337.  9.655024E-16
338.  9.877228E-16
339.  1.009983E-15
340.  1.032267E-15
341.  1.054560E-15
342.  1.076845E-15
343.  1.099107E-15
344.  1.121329E-15
345.  1.143496E-15
346.  1.165593E-15
347.  1.187604E-15
348.  1.209513E-15
349.  1.231306E-15
350.  1.252966E-15
351.  1.274480E-15
352.  1.295832E-15
353.  1.317008E-15
354.  1.337995E-15
355.  1.358778E-15
356.  1.379344E-15
357.  1.399680E-15
358.  1.419774E-15
359.  1.439611E-15
360.  1.459182E-15
361.  1.478474E-15
362.  1.497475E-15
363.  1.516176E-15
364.  1.534565E-15
365.  1.552633E-15
366.  1.570369E-15
367.  1.587765E-15
368.  1.604813E-15
369.  1.621503E-15
370.  1.637829E-15
371.  1.653781E-15
372.  1.669354E-15
373.  1.684540E-15
374.  1.699334E-15
375.  1.713729E-15
376.  1.727720E-15
377.  1.741301E-15
378.  1.754469E-15
379.  1.767218E-15
380.  1.779544E-15
381.  1.791444E-15
382.  1.802914E-15
383.  1.813951E-15
384.  1.824552E-15
385.  1.834714E-15
386.  1.844436E-15
387.  1.853715E-15
388.  1.862549E-15
389.  1.870937E-15
390.  1.878877E-15
391.  1.886369E-15
392.  1.893410E-15
393.  1.900002E-15
394.  1.906143E-15
395.  1.911833E-15
396.  1.917071E-15
397.  1.921859E-15
398.  1.926196E-15
399.  1.930082E-15
400.  1.933519E-15
401.  1.936507E-15
402.  1.939048E-15
403.  1.941142E-15
404.  1.942791E-15
405.  1.943997E-15
406.  1.944761E-15
407.  1.945086E-15
408.  1.944974E-15
409.  1.944428E-15
410.  1.943451E-15
411.  1.942045E-15
412.  1.940213E-15
413.  1.937961E-15
414.  1.935291E-15
415.  1.932207E-15
416.  1.928715E-15
417.  1.924818E-15
418.  1.920524E-15
419.  1.915836E-15
420.  1.910761E-15
421.  1.905305E-15
422.  1.899475E-15
423.  1.893277E-15
424.  1.886720E-15
425.  1.879811E-15
426.  1.872559E-15
427.  1.864970E-15
428.  1.857057E-15
429.  1.848827E-15
430.  1.840290E-15
431.  1.831457E-15
432.  1.822339E-15
433.  1.812946E-15
434.  1.803291E-15
435.  1.793385E-15
436.  1.783241E-15
437.  1.772872E-15
438.  1.762290E-15
439.  1.751510E-15
440.  1.740544E-15
441.  1.729408E-15
442.  1.718116E-15
443.  1.706683E-15
444.  1.695124E-15
445.  1.683455E-15
446.  1.671691E-15
447.  1.659848E-15
448.  1.647943E-15
449.  1.635991E-15
450.  1.624009E-15
451.  1.612014E-15
452.  1.600023E-15
453.  1.588052E-15
454.  1.576119E-15
455.  1.564239E-15
456.  1.552430E-15
457.  1.540709E-15
458.  1.529092E-15
459.  1.517596E-15
460.  1.506237E-15
461.  1.495033E-15
462.  1.483997E-15
463.  1.473148E-15
464.  1.462499E-15
465.  1.452068E-15
466.  1.441867E-15
467.  1.431914E-15
468.  1.422220E-15
469.  1.412801E-15
470.  1.403669E-15
471.  1.394839E-15
472.  1.386321E-15
473.  1.378130E-15
474.  1.370274E-15
475.  1.362767E-15
476.  1.355618E-15
477.  1.348836E-15
478.  1.342432E-15
479.  1.336414E-15
480.  1.330790E-15
481.  1.325568E-15
482.  1.320753E-15
483.  1.316353E-15
484.  1.312372E-15
485.  1.308816E-15
486.  1.305688E-15
487.  1.302993E-15
488.  1.300732E-15
489.  1.298909E-15
490.  1.297525E-15
491.  1.296580E-15
492.  1.296075E-15
493.  1.296010E-15
494.  1.296383E-15
495.  1.297192E-15
496.  1.298437E-15
497.  1.300112E-15
498.  1.302216E-15
499.  1.304744E-15
500.  1.307692E-15
501.  1.311053E-15
502.  1.314823E-15
503.  1.318996E-15
504.  1.323564E-15
505.  1.328520E-15
506.  1.333857E-15
507.  1.339565E-15
508.  1.345637E-15
509.  1.352064E-15
510.  1.358835E-15
511.  1.365940E-15
512.  1.373370E-15
513.  1.381112E-15
514.  1.389157E-15
515.  1.397492E-15
516.  1.406104E-15
517.  1.414983E-15
518.  1.424114E-15
519.  1.433485E-15
520.  1.443082E-15
521.  1.452892E-15
522.  1.462899E-15
523.  1.473090E-15
524.  1.483450E-15
525.  1.493963E-15
526.  1.504615E-15
527.  1.515389E-15
528.  1.526269E-15
529.  1.537239E-15
530.  1.548283E-15
531.  1.559383E-15
532.  1.570522E-15
533.  1.581684E-15
534.  1.592850E-15
535.  1.604002E-15
536.  1.615122E-15
537.  1.626193E-15
538.  1.637196E-15
539.  1.648112E-15
540.  1.658922E-15
541.  1.669609E-15
542.  1.680152E-15
543.  1.690532E-15
544.  1.700733E-15
545.  1.710732E-15
546.  1.720513E-15
547.  1.730056E-15
548.  1.739341E-15
549.  1.748352E-15
550.  1.757068E-15
551.  1.765472E-15
552.  1.773545E-15
553.  1.781270E-15
554.  1.788629E-15
555.  1.795605E-15
556.  1.802181E-15
557.  1.808341E-15
558.  1.814069E-15
559.  1.819351E-15
560.  1.824170E-15
561.  1.828514E-15
562.  1.832369E-15
563.  1.835721E-15
564.  1.838560E-15
565.  1.840874E-15
566.  1.842652E-15
567.  1.843886E-15
568.  1.844567E-15
569.  1.844686E-15
570.  1.844238E-15
571.  1.843217E-15
572.  1.841618E-15
573.  1.839437E-15
574.  1.836672E-15
575.  1.833321E-15
576.  1.829385E-15
577.  1.824863E-15
578.  1.819757E-15
579.  1.814071E-15
580.  1.807808E-15
581.  1.800972E-15
582.  1.793572E-15
583.  1.785613E-15
584.  1.777104E-15
585.  1.768055E-15
586.  1.758475E-15
587.  1.748377E-15
588.  1.737772E-15
589.  1.726674E-15
590.  1.715097E-15
591.  1.703057E-15
592.  1.690569E-15
593.  1.677651E-15
594.  1.664319E-15
595.  1.650592E-15
596.  1.636489E-15
597.  1.622030E-15
598.  1.607235E-15
599.  1.592125E-15
600.  1.576720E-15
601.  1.561043E-15
602.  1.545115E-15
603.  1.528958E-15
604.  1.512596E-15
605.  1.496051E-15
606.  1.479347E-15
607.  1.462505E-15
608.  1.445549E-15
609.  1.428502E-15
610.  1.411388E-15
611.  1.394229E-15
612.  1.377048E-15
613.  1.359868E-15
614.  1.342711E-15
615.  1.325599E-15
616.  1.308554E-15
617.  1.291596E-15
618.  1.274749E-15
619.  1.258030E-15
620.  1.241461E-15
621.  1.225061E-15
622.  1.208849E-15
623.  1.192843E-15
624.  1.177061E-15
625.  1.161520E-15
626.  1.146236E-15
627.  1.131225E-15
628.  1.116502E-15
629.  1.102081E-15
630.  1.087976E-15
631.  1.074199E-15
632.  1.060762E-15
633.  1.047677E-15
634.  1.034953E-15
635.  1.022601E-15
636.  1.010628E-15
637.  9.990436E-16
638.  9.878543E-16
639.  9.770662E-16
640.  9.666848E-16
641.  9.567151E-16
642.  9.471609E-16
643.  9.380250E-16
644.  9.293099E-16
645.  9.210173E-16
646.  9.131477E-16
647.  9.057012E-16
648.  8.986770E-16
649.  8.920737E-16
650.  8.858889E-16
651.  8.801200E-16
652.  8.747633E-16
653.  8.698147E-16
654.  8.652691E-16
655.  8.611212E-16
656.  8.573646E-16
657.  8.539929E-16
658.  8.509987E-16
659.  8.483742E-16
660.  8.461111E-16
661.  8.442005E-16
662.  8.426334E-16
663.  8.413994E-16
664.  8.404891E-16
665.  8.398914E-16
666.  8.395955E-16
667.  8.395900E-16
668.  8.398631E-16
669.  8.404032E-16
670.  8.411979E-16
671.  8.422345E-16
672.  8.435005E-16
673.  8.449828E-16
674.  8.466682E-16
675.  8.485435E-16
676.  8.505950E-16
677.  8.528095E-16
678.  8.551730E-16
679.  8.576719E-16
680.  8.602924E-16
681.  8.630206E-16
682.  8.658426E-16
683.  8.687445E-16
684.  8.717125E-16
685.  8.747331E-16
686.  8.777924E-16
687.  8.808768E-16
688.  8.839728E-16
689.  8.870670E-16
690.  8.901463E-16
691.  8.931974E-16
692.  8.962074E-16
693.  8.991640E-16
694.  9.020543E-16
695.  9.048663E-16
696.  9.075878E-16
697.  9.102069E-16
698.  9.127124E-16
699.  9.150930E-16
700.  9.173377E-16
701.  9.194361E-16
702.  9.213777E-16
703.  9.231527E-16
704.  9.247517E-16
705.  9.261656E-16
706.  9.273852E-16
707.  9.284025E-16
708.  9.292093E-16
709.  9.297983E-16
710.  9.301625E-16
711.  9.302946E-16
712.  9.301891E-16
713.  9.298405E-16
714.  9.292430E-16
715.  9.283924E-16
716.  9.272842E-16
717.  9.259152E-16
718.  9.242820E-16
719.  9.223825E-16
720.  9.202144E-16
721.  9.177763E-16
722.  9.150679E-16
723.  9.120885E-16
724.  9.088388E-16
725.  9.053197E-16
726.  9.015330E-16
727.  8.974807E-16
728.  8.931659E-16
729.  8.885920E-16
730.  8.837627E-16
731.  8.786833E-16
732.  8.733585E-16
733.  8.677946E-16
734.  8.619980E-16
735.  8.559755E-16
736.  8.497349E-16
737.  8.432845E-16
738.  8.366325E-16
739.  8.297886E-16
740.  8.227623E-16
741.  8.155637E-16
742.  8.082036E-16
743.  8.006928E-16
744.  7.930430E-16
745.  7.852657E-16
746.  7.773734E-16
747.  7.693782E-16
748.  7.612928E-16
749.  7.531302E-16
750.  7.449036E-16
751.  7.366261E-16
752.  7.283112E-16
753.  7.199722E-16
754.  7.116228E-16
755.  7.032761E-16
756.  6.949459E-16
757.  6.866451E-16
758.  6.783872E-16
759.  6.701854E-16
760.  6.620521E-16
761.  6.539999E-16
762.  6.460412E-16
763.  6.381880E-16
764.  6.304516E-16
765.  6.228434E-16
766.  6.153743E-16
767.  6.080544E-16
768.  6.008933E-16
769.  5.939008E-16
770.  5.870853E-16
771.  5.804551E-16
772.  5.740178E-16
773.  5.677806E-16
774.  5.617499E-16
775.  5.559314E-16
776.  5.503303E-16
777.  5.449515E-16
778.  5.397986E-16
779.  5.348752E-16
780.  5.301838E-16
781.  5.257267E-16
782.  5.215052E-16
783.  5.175202E-16
784.  5.137722E-16
785.  5.102609E-16
786.  5.069853E-16
787.  5.039445E-16
788.  5.011362E-16
789.  4.985586E-16
790.  4.962086E-16
791.  4.940832E-16
792.  4.921790E-16
793.  4.904918E-16
794.  4.890177E-16
795.  4.877521E-16
796.  4.866901E-16
797.  4.858268E-16
798.  4.851571E-16
799.  4.846756E-16
800.  4.843770E-16
801.  4.842556E-16
802.  4.843061E-16
803.  4.845225E-16
804.  4.848995E-16
805.  4.854316E-16
806.  4.861133E-16
807.  4.869391E-16
808.  4.879041E-16
809.  4.890029E-16
810.  4.902312E-16
811.  4.915835E-16
812.  4.930559E-16
813.  4.946441E-16
814.  4.963443E-16
815.  4.981524E-16
816.  5.000655E-16
817.  5.020801E-16
818.  5.041938E-16
819.  5.064038E-16
820.  5.087081E-16
821.  5.111049E-16
822.  5.135923E-16
823.  5.161694E-16
824.  5.188351E-16
825.  5.215888E-16
826.  5.244302E-16
827.  5.273588E-16
828.  5.303752E-16
829.  5.334796E-16
830.  5.366728E-16
831.  5.399553E-16
832.  5.433285E-16
833.  5.467935E-16
834.  5.503516E-16
835.  5.540042E-16
836.  5.577530E-16
837.  5.615999E-16
838.  5.655462E-16
839.  5.695940E-16
840.  5.737450E-16
841.  5.780010E-16
842.  5.823640E-16
843.  5.868353E-16
844.  5.914168E-16
845.  5.961101E-16
846.  6.009164E-16
847.  6.058373E-16
848.  6.108736E-16
849.  6.160265E-16
850.  6.212968E-16
851.  6.266849E-16
852.  6.321911E-16
853.  6.378159E-16
854.  6.435587E-16
855.  6.494193E-16
856.  6.553971E-16
857.  6.614911E-16
858.  6.677001E-16
859.  6.740227E-16
860.  6.804569E-16
861.  6.870006E-16
862.  6.936517E-16
863.  7.004075E-16
864.  7.072648E-16
865.  7.142206E-16
866.  7.212711E-16
867.  7.284129E-16
868.  7.356417E-16
869.  7.429530E-16
870.  7.503424E-16
871.  7.578053E-16
872.  7.653361E-16
873.  7.729297E-16
874.  7.805809E-16
875.  7.882834E-16
876.  7.960314E-16
877.  8.038190E-16
878.  8.116398E-16
879.  8.194871E-16
880.  8.273546E-16
881.  8.352353E-16
882.  8.431223E-16
883.  8.510086E-16
884.  8.588873E-16
885.  8.667507E-16
886.  8.745917E-16
887.  8.824031E-16
888.  8.901772E-16
889.  8.979064E-16
890.  9.055831E-16
891.  9.132001E-16
892.  9.207495E-16
893.  9.282234E-16
894.  9.356146E-16
895.  9.429152E-16
896.  9.501174E-16
897.  9.572137E-16
898.  9.641965E-16
899.  9.710584E-16
900.  9.777913E-16
901.  9.843884E-16
902.  9.908423E-16
903.  9.971450E-16
904.  1.003290E-15
905.  1.009269E-15
906.  1.015077E-15
907.  1.020705E-15
908.  1.026147E-15
909.  1.031396E-15
910.  1.036446E-15
911.  1.041291E-15
912.  1.045923E-15
913.  1.050338E-15
914.  1.054530E-15
915.  1.058492E-15
916.  1.062219E-15
917.  1.065706E-15
918.  1.068949E-15
919.  1.071943E-15
920.  1.074682E-15
921.  1.077164E-15
922.  1.079384E-15
923.  1.081339E-15
924.  1.083026E-15
925.  1.084441E-15
926.  1.085583E-15
927.  1.086449E-15
928.  1.087038E-15
929.  1.087348E-15
930.  1.087378E-15
931.  1.087128E-15
932.  1.086597E-15
933.  1.085787E-15
934.  1.084697E-15
935.  1.083328E-15
936.  1.081684E-15
937.  1.079765E-15
938.  1.077574E-15
939.  1.075114E-15
940.  1.072389E-15
941.  1.069403E-15
942.  1.066159E-15
943.  1.062664E-15
944.  1.058922E-15
945.  1.054940E-15
946.  1.050722E-15
947.  1.046278E-15
948.  1.041613E-15
949.  1.036735E-15
950.  1.031653E-15
951.  1.026375E-15
952.  1.020910E-15
953.  1.015268E-15
954.  1.009458E-15
955.  1.003491E-15
956.  9.973777E-16
957.  9.911283E-16
958.  9.847547E-16
959.  9.782684E-16
960.  9.716813E-16
961.  9.650056E-16
962.  9.582539E-16
963.  9.514389E-16
964.  9.445737E-16
965.  9.376712E-16
966.  9.307448E-16
967.  9.238076E-16
968.  9.168735E-16
969.  9.099560E-16
970.  9.030686E-16
971.  8.962248E-16
972.  8.894384E-16
973.  8.827228E-16
974.  8.760912E-16
975.  8.695570E-16
976.  8.631332E-16
977.  8.568326E-16
978.  8.506678E-16
979.  8.446509E-16
980.  8.387940E-16
981.  8.331084E-16
982.  8.276052E-16
983.  8.222954E-16
984.  8.171883E-16
985.  8.122942E-16
986.  8.076218E-16
987.  8.031793E-16
988.  7.989747E-16
989.  7.950145E-16
990.  7.913055E-16
991.  7.878528E-16
992.  7.846613E-16
993.  7.817346E-16
994.  7.790762E-16
995.  7.766878E-16
996.  7.745710E-16
997.  7.727260E-16
998.  7.711523E-16
999.  7.698484E-16
1000.  7.688122E-16
1001.  7.680399E-16
1002.  7.675276E-16
1003.  7.672700E-16
1004.  7.672607E-16
1005.  7.674931E-16
1006.  7.679590E-16
1007.  7.686499E-16
1008.  7.695560E-16
1009.  7.706671E-16
1010.  7.719717E-16
1011.  7.734581E-16
1012.  7.751137E-16
1013.  7.769252E-16
1014.  7.788788E-16
1015.  7.809601E-16
1016.  7.831545E-16
1017.  7.854463E-16
1018.  7.878204E-16
1019.  7.902607E-16
1020.  7.927511E-16
1021.  7.952751E-16
1022.  7.978171E-16
1023.  8.003602E-16
1024.  8.028884E-16
1025.  8.053857E-16
1026.  8.078363E-16
1027.  8.102246E-16
1028.  8.125356E-16
1029.  8.147546E-16
1030.  8.168678E-16
1031.  8.188611E-16
1032.  8.207220E-16
1033.  8.224386E-16
1034.  8.239995E-16
1035.  8.253942E-16
1036.  8.266133E-16
1037.  8.276484E-16
1038.  8.284920E-16
1039.  8.291376E-16
1040.  8.295800E-16
1041.  8.298151E-16
1042.  8.298397E-16
1043.  8.296522E-16
1044.  8.292519E-16
1045.  8.286396E-16
1046.  8.278169E-16
1047.  8.267869E-16
1048.  8.255539E-16
1049.  8.241236E-16
1050.  8.225023E-16
1051.  8.206978E-16
1052.  8.187192E-16
1053.  8.165762E-16
1054.  8.142802E-16
1055.  8.118428E-16
1056.  8.092771E-16
1057.  8.065970E-16
1058.  8.038169E-16
1059.  8.009523E-16
1060.  7.980191E-16
1061.  7.950339E-16
1062.  7.920141E-16
1063.  7.889770E-16
1064.  7.859409E-16
1065.  7.829234E-16
1066.  7.799435E-16
1067.  7.770195E-16
1068.  7.741698E-16
1069.  7.714128E-16
1070.  7.687671E-16
1071.  7.662504E-16
1072.  7.638806E-16
1073.  7.616748E-16
1074.  7.596500E-16
1075.  7.578224E-16
1076.  7.562073E-16
1077.  7.548199E-16
1078.  7.536741E-16
1079.  7.527832E-16
1080.  7.521593E-16
1081.  7.518141E-16
1082.  7.517575E-16
1083.  7.519991E-16
1084.  7.525470E-16
1085.  7.534081E-16
1086.  7.545884E-16
1087.  7.560927E-16
1088.  7.579243E-16
1089.  7.600858E-16
1090.  7.625777E-16
1091.  7.654005E-16
1092.  7.685526E-16
1093.  7.720318E-16
1094.  7.758340E-16
1095.  7.799546E-16
1096.  7.843878E-16
1097.  7.891264E-16
1098.  7.941627E-16
1099.  7.994877E-16
1100.  8.050912E-16
1101.  8.109628E-16
1102.  8.170908E-16
1103.  8.234628E-16
1104.  8.300658E-16
1105.  8.368864E-16
1106.  8.439105E-16
1107.  8.511231E-16
1108.  8.585095E-16
1109.  8.660546E-16
1110.  8.737426E-16
1111.  8.815580E-16
1112.  8.894851E-16
1113.  8.975081E-16
1114.  9.056115E-16
1115.  9.137798E-16
1116.  9.219977E-16
1117.  9.302503E-16
1118.  9.385235E-16
1119.  9.468028E-16
1120.  9.550751E-16
1121.  9.633269E-16
1122.  9.715462E-16
1123.  9.797213E-16
1124.  9.878412E-16
1125.  9.958959E-16
1126.  1.003876E-15
1127.  1.011773E-15
1128.  1.019580E-15
1129.  1.027289E-15
1130.  1.034895E-15
1131.  1.042393E-15
1132.  1.049778E-15
1133.  1.057049E-15
1134.  1.064203E-15
1135.  1.071238E-15
1136.  1.078155E-15
1137.  1.084953E-15
1138.  1.091635E-15
1139.  1.098203E-15
1140.  1.104659E-15
1141.  1.111008E-15
1142.  1.117253E-15
1143.  1.123401E-15
1144.  1.129456E-15
1145.  1.135425E-15
1146.  1.141314E-15
1147.  1.147132E-15
1148.  1.152885E-15
1149.  1.158581E-15
1150.  1.164228E-15
1151.  1.169835E-15
1152.  1.175410E-15
1153.  1.180961E-15
1154.  1.186497E-15
1155.  1.192026E-15
1156.  1.197556E-15
1157.  1.203096E-15
1158.  1.208653E-15
1159.  1.214234E-15
1160.  1.219847E-15
1161.  1.225498E-15
1162.  1.231193E-15
1163.  1.236938E-15
1164.  1.242738E-15
1165.  1.248597E-15
1166.  1.254520E-15
1167.  1.260509E-15
1168.  1.266567E-15
1169.  1.272696E-15
1170.  1.278897E-15
1171.  1.285169E-15
1172.  1.291513E-15
1173.  1.297928E-15
1174.  1.304411E-15
1175.  1.310960E-15
1176.  1.317571E-15
1177.  1.324240E-15
1178.  1.330962E-15
1179.  1.337731E-15
1180.  1.344541E-15
1181.  1.351385E-15
1182.  1.358255E-15
1183.  1.365144E-15
1184.  1.372041E-15
1185.  1.378938E-15
1186.  1.385825E-15
1187.  1.392692E-15
1188.  1.399528E-15
1189.  1.406321E-15
1190.  1.413061E-15
1191.  1.419736E-15
1192.  1.426333E-15
1193.  1.432841E-15
1194.  1.439248E-15
1195.  1.445540E-15
1196.  1.451706E-15
1197.  1.457732E-15
1198.  1.463609E-15
1199.  1.469321E-15
1200.  1.474859E-15
1201.  1.480209E-15
1202.  1.485360E-15
1203.  1.490301E-15
1204.  1.495021E-15
1205.  1.499508E-15
1206.  1.503754E-15
1207.  1.507747E-15
1208.  1.511478E-15
1209.  1.514938E-15
1210.  1.518120E-15
1211.  1.521014E-15
1212.  1.523615E-15
1213.  1.525914E-15
1214.  1.527906E-15
1215.  1.529586E-15
1216.  1.530949E-15
1217.  1.531990E-15
1218.  1.532706E-15
1219.  1.533094E-15
1220.  1.533153E-15
1221.  1.532880E-15
1222.  1.532276E-15
1223.  1.531339E-15
1224.  1.530071E-15
1225.  1.528474E-15
1226.  1.526549E-15
1227.  1.524300E-15
1228.  1.521729E-15
1229.  1.518841E-15
1230.  1.515641E-15
1231.  1.512134E-15
1232.  1.508327E-15
1233.  1.504226E-15
1234.  1.499839E-15
1235.  1.495173E-15
1236.  1.490238E-15
1237.  1.485042E-15
1238.  1.479596E-15
1239.  1.473908E-15
1240.  1.467991E-15
1241.  1.461855E-15
1242.  1.455512E-15
1243.  1.448974E-15
1244.  1.442252E-15
1245.  1.435361E-15
1246.  1.428313E-15
1247.  1.421122E-15
1248.  1.413800E-15
1249.  1.406364E-15
1250.  1.398825E-15
1251.  1.391199E-15
1252.  1.383501E-15
1253.  1.375745E-15
1254.  1.367945E-15
1255.  1.360117E-15
1256.  1.352275E-15
1257.  1.344434E-15
1258.  1.336610E-15
1259.  1.328816E-15
1260.  1.321067E-15
1261.  1.313378E-15
1262.  1.305763E-15
1263.  1.298236E-15
1264.  1.290811E-15
1265.  1.283501E-15
1266.  1.276321E-15
1267.  1.269282E-15
1268.  1.262397E-15
1269.  1.255679E-15
1270.  1.249139E-15
1271.  1.242789E-15
1272.  1.236639E-15
1273.  1.230700E-15
1274.  1.224981E-15
1275.  1.219492E-15
1276.  1.214242E-15
1277.  1.209238E-15
1278.  1.204489E-15
1279.  1.200000E-15
1280.  1.195779E-15
1281.  1.191830E-15
1282.  1.188159E-15
1283.  1.184770E-15
1284.  1.181665E-15
1285.  1.178849E-15
1286.  1.176324E-15
1287.  1.174090E-15
1288.  1.172148E-15
1289.  1.170499E-15
1290.  1.169141E-15
1291.  1.168074E-15
1292.  1.167295E-15
1293.  1.166802E-15
1294.  1.166592E-15
1295.  1.166659E-15
1296.  1.167000E-15
1297.  1.167610E-15
1298.  1.168481E-15
1299.  1.169609E-15
1300.  1.170986E-15
1301.  1.172605E-15
1302.  1.174457E-15
1303.  1.176535E-15
1304.  1.178828E-15
1305.  1.181329E-15
1306.  1.184026E-15
1307.  1.186911E-15
1308.  1.189972E-15
1309.  1.193198E-15
1310.  1.196580E-15
1311.  1.200105E-15
1312.  1.203763E-15
1313.  1.207541E-15
1314.  1.211428E-15
1315.  1.215412E-15
1316.  1.219482E-15
1317.  1.223624E-15
1318.  1.227828E-15
1319.  1.232081E-15
1320.  1.236371E-15
1321.  1.240687E-15
1322.  1.245017E-15
1323.  1.249349E-15
1324.  1.253673E-15
1325.  1.257976E-15
1326.  1.262248E-15
1327.  1.266478E-15
1328.  1.270656E-15
1329.  1.274771E-15
1330.  1.278813E-15
1331.  1.282774E-15
1332.  1.286644E-15
1333.  1.290414E-15
1334.  1.294075E-15
1335.  1.297620E-15
1336.  1.301041E-15
1337.  1.304331E-15
1338.  1.307482E-15
1339.  1.310490E-15
1340.  1.313348E-15
1341.  1.316050E-15
1342.  1.318592E-15
1343.  1.320969E-15
1344.  1.323178E-15
1345.  1.325216E-15
1346.  1.327079E-15
1347.  1.328765E-15
1348.  1.330272E-15
1349.  1.331600E-15
1350.  1.332748E-15
1351.  1.333715E-15
1352.  1.334502E-15
1353.  1.335109E-15
1354.  1.335539E-15
1355.  1.335792E-15
1356.  1.335873E-15
1357.  1.335783E-15
1358.  1.335526E-15
1359.  1.335106E-15
1360.  1.334528E-15
1361.  1.333796E-15
1362.  1.332917E-15
1363.  1.331895E-15
1364.  1.330738E-15
1365.  1.329452E-15
1366.  1.328045E-15
1367.  1.326523E-15
1368.  1.324896E-15
1369.  1.323170E-15
1370.  1.321356E-15
1371.  1.319462E-15
1372.  1.317496E-15
1373.  1.315469E-15
1374.  1.313390E-15
1375.  1.311270E-15
1376.  1.309118E-15
1377.  1.306944E-15
1378.  1.304759E-15
1379.  1.302573E-15
1380.  1.300397E-15
1381.  1.298241E-15
1382.  1.296116E-15
1383.  1.294032E-15
1384.  1.291999E-15
1385.  1.290028E-15
1386.  1.288129E-15
1387.  1.286311E-15
1388.  1.284584E-15
1389.  1.282959E-15
1390.  1.281444E-15
1391.  1.280048E-15
1392.  1.278781E-15
1393.  1.277649E-15
1394.  1.276662E-15
1395.  1.275828E-15
1396.  1.275153E-15
1397.  1.274644E-15
1398.  1.274308E-15
1399.  1.274151E-15
1400.  1.274179E-15
1401.  1.274397E-15
1402.  1.274809E-15
1403.  1.275421E-15
1404.  1.276237E-15
1405.  1.277258E-15
1406.  1.278490E-15
1407.  1.279934E-15
1408.  1.281593E-15
1409.  1.283468E-15
1410.  1.285561E-15
1411.  1.287873E-15
1412.  1.290405E-15
1413.  1.293157E-15
1414.  1.296129E-15
1415.  1.299321E-15
1416.  1.302731E-15
1417.  1.306360E-15
1418.  1.310206E-15
1419.  1.314267E-15
1420.  1.318542E-15
1421.  1.323030E-15
1422.  1.327727E-15
1423.  1.332632E-15
1424.  1.337743E-15
1425.  1.343056E-15
1426.  1.348570E-15
1427.  1.354282E-15
1428.  1.360189E-15
1429.  1.366288E-15
1430.  1.372576E-15
1431.  1.379050E-15
1432.  1.385708E-15
1433.  1.392546E-15
1434.  1.399562E-15
1435.  1.406751E-15
1436.  1.414112E-15
1437.  1.421641E-15
1438.  1.429335E-15
1439.  1.437192E-15
1440.  1.445207E-15
1441.  1.453377E-15
1442.  1.461700E-15
1443.  1.470173E-15
1444.  1.478792E-15
1445.  1.487553E-15
1446.  1.496454E-15
1447.  1.505490E-15
1448.  1.514659E-15
1449.  1.523956E-15
1450.  1.533379E-15
1451.  1.542922E-15
1452.  1.552582E-15
1453.  1.562355E-15
1454.  1.572237E-15
1455.  1.582222E-15
1456.  1.592306E-15
1457.  1.602485E-15
1458.  1.612752E-15
1459.  1.623103E-15
1460.  1.633533E-15
1461.  1.644034E-15
1462.  1.654602E-15
1463.  1.665231E-15
1464.  1.675912E-15
1465.  1.686640E-15
1466.  1.697409E-15
1467.  1.708210E-15
1468.  1.719036E-15
1469.  1.729880E-15
1470.  1.740734E-15
1471.  1.751590E-15
1472.  1.762440E-15
1473.  1.773276E-15
1474.  1.784088E-15
1475.  1.794869E-15
1476.  1.805610E-15
1477.  1.816302E-15
1478.  1.826937E-15
1479.  1.837504E-15
1480.  1.847997E-15
1481.  1.858406E-15
1482.  1.868722E-15
1483.  1.878938E-15
1484.  1.889043E-15
1485.  1.899030E-15
1486.  1.908891E-15
1487.  1.918618E-15
1488.  1.928202E-15
1489.  1.937638E-15
1490.  1.946916E-15
1491.  1.956031E-15
1492.  1.964976E-15
1493.  1.973744E-15
1494.  1.982330E-15
1495.  1.990729E-15
1496.  1.998934E-15
1497.  2.006942E-15
1498.  2.014749E-15
1499.  2.022350E-15
1500.  2.029743E-15
1501.  2.036925E-15
1502.  2.043893E-15
1503.  2.050646E-15
1504.  2.057181E-15
1505.  2.063500E-15
1506.  2.069599E-15
1507.  2.075481E-15
1508.  2.081145E-15
1509.  2.086593E-15
1510.  2.091825E-15
1511.  2.096844E-15
1512.  2.101651E-15
1513.  2.106248E-15
1514.  2.110640E-15
1515.  2.114828E-15
1516.  2.118816E-15
1517.  2.122609E-15
1518.  2.126209E-15
1519.  2.129620E-15
1520.  2.132848E-15
1521.  2.135896E-15
1522.  2.138769E-15
1523.  2.141471E-15
1524.  2.144008E-15
1525.  2.146383E-15
1526.  2.148601E-15
1527.  2.150667E-15
1528.  2.152585E-15
1529.  2.154360E-15
1530.  2.155996E-15
1531.  2.157496E-15
1532.  2.158865E-15
1533.  2.160107E-15
1534.  2.161225E-15
1535.  2.162222E-15
1536.  2.163101E-15
1537.  2.163864E-15
1538.  2.164515E-15
1539.  2.165055E-15
1540.  2.165486E-15
1541.  2.165810E-15
1542.  2.166028E-15
1543.  2.166140E-15
1544.  2.166147E-15
1545.  2.166050E-15
1546.  2.165848E-15
1547.  2.165541E-15
1548.  2.165128E-15
1549.  2.164609E-15
1550.  2.163983E-15
1551.  2.163247E-15
1552.  2.162400E-15
1553.  2.161441E-15
1554.  2.160367E-15
1555.  2.159177E-15
1556.  2.157868E-15
1557.  2.156437E-15
1558.  2.154883E-15
1559.  2.153202E-15
1560.  2.151392E-15
1561.  2.149451E-15
1562.  2.147376E-15
1563.  2.145164E-15
1564.  2.142814E-15
1565.  2.140324E-15
1566.  2.137689E-15
1567.  2.134910E-15
1568.  2.131985E-15
1569.  2.128912E-15
1570.  2.125689E-15
1571.  2.122317E-15
1572.  2.118794E-15
1573.  2.115119E-15
1574.  2.111295E-15
1575.  2.107320E-15
1576.  2.103195E-15
1577.  2.098923E-15
1578.  2.094504E-15
1579.  2.089940E-15
1580.  2.085235E-15
1581.  2.080390E-15
1582.  2.075411E-15
1583.  2.070299E-15
1584.  2.065060E-15
1585.  2.059697E-15
1586.  2.054218E-15
1587.  2.048625E-15
1588.  2.042926E-15
1589.  2.037127E-15
1590.  2.031233E-15
1591.  2.025252E-15
1592.  2.019191E-15
1593.  2.013058E-15
1594.  2.006859E-15
1595.  2.000602E-15
1596.  1.994297E-15
1597.  1.987949E-15
1598.  1.981567E-15
1599.  1.975160E-15
1600.  1.968736E-15
1601.  1.962302E-15
1602.  1.955866E-15
1603.  1.949437E-15
1604.  1.943020E-15
1605.  1.936625E-15
1606.  1.930258E-15
1607.  1.923926E-15
1608.  1.917634E-15
1609.  1.911390E-15
1610.  1.905198E-15
1611.  1.899063E-15
1612.  1.892990E-15
1613.  1.886984E-15
1614.  1.881046E-15
1615.  1.875181E-15
1616.  1.869390E-15
1617.  1.863675E-15
1618.  1.858037E-15
1619.  1.852476E-15
1620.  1.846991E-15
1621.  1.841582E-15
1622.  1.836247E-15
1623.  1.830982E-15
1624.  1.825786E-15
1625.  1.820654E-15
1626.  1.815582E-15
1627.  1.810565E-15
1628.  1.805597E-15
1629.  1.800673E-15
1630.  1.795784E-15
1631.  1.790925E-15
1632.  1.786086E-15
1633.  1.781261E-15
1634.  1.776441E-15
1635.  1.771615E-15
1636.  1.766777E-15
1637.  1.761914E-15
1638.  1.757019E-15
1639.  1.752080E-15
1640.  1.747089E-15
1641.  1.742033E-15
1642.  1.736905E-15
1643.  1.731692E-15
1644.  1.726384E-15
1645.  1.720972E-15
1646.  1.715446E-15
1647.  1.709796E-15
1648.  1.704011E-15
1649.  1.698083E-15
1650.  1.692003E-15
1651.  1.685761E-15
1652.  1.679350E-15
1653.  1.672761E-15
1654.  1.665986E-15
1655.  1.659019E-15
1656.  1.651853E-15
1657.  1.644481E-15
1658.  1.636897E-15
1659.  1.629097E-15
1660.  1.621075E-15
1661.  1.612828E-15
1662.  1.604351E-15
1663.  1.595642E-15
1664.  1.586698E-15
1665.  1.577517E-15
1666.  1.568098E-15
1667.  1.558439E-15
1668.  1.548541E-15
1669.  1.538403E-15
1670.  1.528026E-15
1671.  1.517413E-15
1672.  1.506563E-15
1673.  1.495480E-15
1674.  1.484166E-15
1675.  1.472625E-15
1676.  1.460861E-15
1677.  1.448878E-15
1678.  1.436680E-15
1679.  1.424272E-15
1680.  1.411662E-15
1681.  1.398853E-15
1682.  1.385853E-15
1683.  1.372669E-15
1684.  1.359307E-15
1685.  1.345776E-15
1686.  1.332083E-15
1687.  1.318237E-15
1688.  1.304245E-15
1689.  1.290118E-15
1690.  1.275864E-15
1691.  1.261492E-15
1692.  1.247012E-15
1693.  1.232435E-15
1694.  1.217771E-15
1695.  1.203029E-15
1696.  1.188221E-15
1697.  1.173358E-15
1698.  1.158450E-15
1699.  1.143508E-15
1700.  1.128544E-15
1701.  1.113569E-15
1702.  1.098594E-15
1703.  1.083631E-15
1704.  1.068692E-15
1705.  1.053788E-15
1706.  1.038930E-15
1707.  1.024129E-15
1708.  1.009399E-15
1709.  9.947483E-16
1710.  9.801895E-16
1711.  9.657338E-16
1712.  9.513914E-16
1713.  9.371735E-16
1714.  9.230904E-16
1715.  9.091517E-16
1716.  8.953678E-16
1717.  8.817482E-16
1718.  8.683019E-16
1719.  8.550380E-16
1720.  8.419646E-16
1721.  8.290898E-16
1722.  8.164212E-16
1723.  8.039660E-16
1724.  7.917304E-16
1725.  7.797210E-16
1726.  7.679428E-16
1727.  7.564014E-16
1728.  7.451006E-16
1729.  7.340446E-16
1730.  7.232367E-16
1731.  7.126794E-16
1732.  7.023750E-16
1733.  6.923247E-16
1734.  6.825295E-16
1735.  6.729896E-16
1736.  6.637047E-16
1737.  6.546739E-16
1738.  6.458956E-16
1739.  6.373676E-16
1740.  6.290875E-16
1741.  6.210520E-16
1742.  6.132570E-16
1743.  6.056989E-16
1744.  5.983722E-16
1745.  5.912724E-16
1746.  5.843934E-16
1747.  5.777296E-16
1748.  5.712742E-16
1749.  5.650207E-16
1750.  5.589620E-16
1751.  5.530907E-16
1752.  5.473994E-16
1753.  5.418801E-16
1754.  5.365251E-16
1755.  5.313263E-16
1756.  5.262754E-16
1757.  5.213644E-16
1758.  5.165851E-16
1759.  5.119292E-16
1760.  5.073887E-16
1761.  5.029556E-16
1762.  4.986218E-16
1763.  4.943797E-16
1764.  4.902219E-16
1765.  4.861409E-16
1766.  4.821298E-16
1767.  4.781819E-16
1768.  4.742905E-16
1769.  4.704498E-16
1770.  4.666541E-16
1771.  4.628978E-16
1772.  4.591760E-16
1773.  4.554843E-16
1774.  4.518184E-16
1775.  4.481748E-16
1776.  4.445500E-16
1777.  4.409415E-16
1778.  4.373469E-16
1779.  4.337641E-16
1780.  4.301918E-16
1781.  4.266290E-16
1782.  4.230751E-16
1783.  4.195300E-16
1784.  4.159940E-16
1785.  4.124677E-16
1786.  4.089522E-16
1787.  4.054491E-16
1788.  4.019599E-16
1789.  3.984871E-16
1790.  3.950328E-16
1791.  3.916001E-16
1792.  3.881915E-16
1793.  3.848107E-16
1794.  3.814609E-16
1795.  3.781459E-16
1796.  3.748693E-16
1797.  3.716352E-16
1798.  3.684476E-16
1799.  3.653105E-16
1800.  3.622282E-16
1801.  3.592048E-16
1802.  3.562447E-16
1803.  3.533519E-16
1804.  3.505305E-16
1805.  3.477846E-16
1806.  3.451183E-16
1807.  3.425351E-16
1808.  3.400389E-16
1809.  3.376334E-16
1810.  3.353217E-16
1811.  3.331071E-16
1812.  3.309924E-16
1813.  3.289806E-16
1814.  3.270739E-16
1815.  3.252748E-16
1816.  3.235853E-16
1817.  3.220071E-16
1818.  3.205416E-16
1819.  3.191900E-16
1820.  3.179534E-16
1821.  3.168323E-16
1822.  3.158271E-16
1823.  3.149379E-16
1824.  3.141647E-16
1825.  3.135067E-16
1826.  3.129637E-16
1827.  3.125342E-16
1828.  3.122173E-16
1829.  3.120115E-16
1830.  3.119149E-16
1831.  3.119258E-16
1832.  3.120420E-16
1833.  3.122611E-16
1834.  3.125806E-16
1835.  3.129976E-16
1836.  3.135094E-16
1837.  3.141129E-16
1838.  3.148048E-16
1839.  3.155820E-16
1840.  3.164407E-16
1841.  3.173775E-16
1842.  3.183890E-16
1843.  3.194711E-16
1844.  3.206203E-16
1845.  3.218326E-16
1846.  3.231041E-16
1847.  3.244310E-16
1848.  3.258094E-16
1849.  3.272355E-16
1850.  3.287052E-16
1851.  3.302147E-16
1852.  3.317603E-16
1853.  3.333381E-16
1854.  3.349444E-16
1855.  3.365758E-16
1856.  3.382286E-16
1857.  3.398993E-16
1858.  3.415847E-16
1859.  3.432814E-16
1860.  3.449865E-16
1861.  3.466970E-16
1862.  3.484099E-16
1863.  3.501227E-16
1864.  3.518328E-16
1865.  3.535379E-16
1866.  3.552358E-16
1867.  3.569245E-16
1868.  3.586021E-16
1869.  3.602670E-16
1870.  3.619177E-16
1871.  3.635532E-16
1872.  3.651720E-16
1873.  3.667737E-16
1874.  3.683573E-16
1875.  3.699226E-16
1876.  3.714692E-16
1877.  3.729972E-16
1878.  3.745066E-16
1879.  3.759981E-16
1880.  3.774721E-16
1881.  3.789296E-16
1882.  3.803714E-16
1883.  3.817990E-16
1884.  3.832139E-16
1885.  3.846173E-16
1886.  3.860115E-16
1887.  3.873986E-16
1888.  3.887806E-16
1889.  3.901601E-16
1890.  3.915397E-16
1891.  3.929223E-16
1892.  3.943109E-16
1893.  3.957086E-16
1894.  3.971187E-16
1895.  3.985450E-16
1896.  3.999908E-16
1897.  4.014601E-16
1898.  4.029568E-16
1899.  4.044851E-16
1900.  4.060489E-16
1901.  4.076527E-16
1902.  4.093010E-16
1903.  4.109983E-16
1904.  4.127491E-16
1905.  4.145582E-16
1906.  4.164303E-16
1907.  4.183704E-16
1908.  4.203832E-16
1909.  4.224738E-16
1910.  4.246471E-16
1911.  4.269082E-16
1912.  4.292621E-16
1913.  4.317137E-16
1914.  4.342685E-16
1915.  4.369311E-16
1916.  4.397068E-16
1917.  4.426005E-16
1918.  4.456174E-16
1919.  4.487623E-16
1920.  4.520401E-16
1921.  4.554558E-16
1922.  4.590140E-16
1923.  4.627197E-16
1924.  4.665772E-16
1925.  4.705915E-16
1926.  4.747667E-16
1927.  4.791072E-16
1928.  4.836176E-16
1929.  4.883016E-16
1930.  4.931634E-16
1931.  4.982070E-16
1932.  5.034358E-16
1933.  5.088536E-16
1934.  5.144636E-16
1935.  5.202692E-16
1936.  5.262733E-16
1937.  5.324789E-16
1938.  5.388882E-16
1939.  5.455042E-16
1940.  5.523285E-16
1941.  5.593634E-16
1942.  5.666104E-16
1943.  5.740711E-16
1944.  5.817461E-16
1945.  5.896369E-16
1946.  5.977437E-16
1947.  6.060667E-16
1948.  6.146056E-16
1949.  6.233601E-16
1950.  6.323294E-16
1951.  6.415120E-16
1952.  6.509066E-16
1953.  6.605108E-16
1954.  6.703223E-16
1955.  6.803382E-16
1956.  6.905550E-16
1957.  7.009691E-16
1958.  7.115758E-16
1959.  7.223704E-16
1960.  7.333478E-16
1961.  7.445017E-16
1962.  7.558260E-16
1963.  7.673137E-16
1964.  7.789571E-16
1965.  7.907482E-16
1966.  8.026786E-16
1967.  8.147389E-16
1968.  8.269193E-16
1969.  8.392093E-16
1970.  8.515983E-16
1971.  8.640750E-16
1972.  8.766266E-16
1973.  8.892411E-16
1974.  9.019050E-16
1975.  9.146052E-16
1976.  9.273268E-16
1977.  9.400558E-16
1978.  9.527768E-16
1979.  9.654742E-16
1980.  9.781320E-16
1981.  9.907341E-16
1982.  1.003264E-15
1983.  1.015704E-15
1984.  1.028037E-15
1985.  1.040246E-15
1986.  1.052314E-15
1987.  1.064222E-15
1988.  1.075952E-15
1989.  1.087488E-15
1990.  1.098810E-15
1991.  1.109901E-15
1992.  1.120745E-15
1993.  1.131322E-15
1994.  1.141618E-15
1995.  1.151613E-15
1996.  1.161293E-15
1997.  1.170642E-15
1998.  1.179643E-15
1999.  1.188283E-15
2000.  1.196548E-15
2001.  1.204423E-15
2002.  1.211897E-15
2003.  1.218958E-15
2004.  1.225594E-15
2005.  1.231796E-15
2006.  1.237556E-15
2007.  1.242864E-15
2008.  1.247715E-15
2009.  1.252102E-15
2010.  1.256022E-15
2011.  1.259470E-15
2012.  1.262446E-15
2013.  1.264947E-15
2014.  1.266976E-15
2015.  1.268532E-15
2016.  1.269620E-15
2017.  1.270244E-15
2018.  1.270409E-15
2019.  1.270123E-15
2020.  1.269393E-15
2021.  1.268230E-15
2022.  1.266644E-15
2023.  1.264646E-15
2024.  1.262252E-15
2025.  1.259474E-15
2026.  1.256328E-15
2027.  1.252830E-15
2028.  1.249000E-15
2029.  1.244854E-15
2030.  1.240412E-15
2031.  1.235695E-15
2032.  1.230724E-15
2033.  1.225521E-15
2034.  1.220107E-15
2035.  1.214507E-15
2036.  1.208744E-15
2037.  1.202841E-15
2038.  1.196824E-15
2039.  1.190715E-15
2040.  1.184541E-15
2041.  1.178327E-15
2042.  1.172096E-15
2043.  1.165874E-15
2044.  1.159686E-15
2045.  1.153556E-15
2046.  1.147508E-15
2047.  1.141565E-15
2048.  1.135752E-15
2049.  1.130090E-15
2050.  1.124603E-15
2051.  1.119311E-15
2052.  1.114235E-15
2053.  1.109396E-15
2054.  1.104812E-15
2055.  1.100500E-15
2056.  1.096480E-15
2057.  1.092766E-15
2058.  1.089374E-15
2059.  1.086317E-15
2060.  1.083609E-15
2061.  1.081260E-15
2062.  1.079281E-15
2063.  1.077681E-15
2064.  1.076468E-15
2065.  1.075648E-15
2066.  1.075225E-15
2067.  1.075205E-15
2068.  1.075588E-15
2069.  1.076376E-15
2070.  1.077569E-15
2071.  1.079164E-15
2072.  1.081158E-15
2073.  1.083547E-15
2074.  1.086325E-15
2075.  1.089484E-15
2076.  1.093016E-15
2077.  1.096912E-15
2078.  1.101159E-15
2079.  1.105746E-15
2080.  1.110659E-15
2081.  1.115884E-15
2082.  1.121404E-15
2083.  1.127202E-15
2084.  1.133262E-15
2085.  1.139563E-15
2086.  1.146086E-15
2087.  1.152811E-15
2088.  1.159716E-15
2089.  1.166778E-15
2090.  1.173975E-15
2091.  1.181284E-15
2092.  1.188680E-15
2093.  1.196139E-15
2094.  1.203637E-15
2095.  1.211147E-15
2096.  1.218644E-15
2097.  1.226103E-15
2098.  1.233498E-15
2099.  1.240803E-15
2100.  1.247993E-15
2101.  1.255042E-15
2102.  1.261925E-15
2103.  1.268616E-15
2104.  1.275092E-15
2105.  1.281327E-15
2106.  1.287299E-15
2107.  1.292984E-15
2108.  1.298360E-15
2109.  1.303405E-15
2110.  1.308098E-15
2111.  1.312421E-15
2112.  1.316351E-15
2113.  1.319874E-15
2114.  1.322971E-15
2115.  1.325627E-15
2116.  1.327826E-15
2117.  1.329556E-15
2118.  1.330803E-15
2119.  1.331558E-15
2120.  1.331810E-15
2121.  1.331552E-15
2122.  1.330776E-15
2123.  1.329476E-15
2124.  1.327649E-15
2125.  1.325291E-15
2126.  1.322401E-15
2127.  1.318980E-15
2128.  1.315029E-15
2129.  1.310549E-15
2130.  1.305547E-15
2131.  1.300027E-15
2132.  1.293996E-15
2133.  1.287461E-15
2134.  1.280434E-15
2135.  1.272923E-15
2136.  1.264941E-15
2137.  1.256500E-15
2138.  1.247616E-15
2139.  1.238302E-15
2140.  1.228574E-15
2141.  1.218450E-15
2142.  1.207948E-15
2143.  1.197084E-15
2144.  1.185880E-15
2145.  1.174354E-15
2146.  1.162527E-15
2147.  1.150420E-15
2148.  1.138055E-15
2149.  1.125453E-15
2150.  1.112636E-15
2151.  1.099626E-15
2152.  1.086447E-15
2153.  1.073120E-15
2154.  1.059668E-15
2155.  1.046114E-15
2156.  1.032481E-15
2157.  1.018790E-15
2158.  1.005064E-15
2159.  9.913242E-16
2160.  9.775929E-16
2161.  9.638913E-16
2162.  9.502397E-16
2163.  9.366586E-16
2164.  9.231681E-16
2165.  9.097870E-16
2166.  8.965344E-16
2167.  8.834279E-16
2168.  8.704853E-16
2169.  8.577235E-16
2170.  8.451584E-16
2171.  8.328053E-16
2172.  8.206791E-16
2173.  8.087935E-16
2174.  7.971619E-16
2175.  7.857967E-16
2176.  7.747095E-16
2177.  7.639113E-16
2178.  7.534122E-16
2179.  7.432216E-16
2180.  7.333482E-16
2181.  7.238000E-16
2182.  7.145841E-16
2183.  7.057070E-16
2184.  6.971745E-16
2185.  6.889915E-16
2186.  6.811628E-16
2187.  6.736919E-16
2188.  6.665820E-16
2189.  6.598355E-16
2190.  6.534545E-16
2191.  6.474402E-16
2192.  6.417935E-16
2193.  6.365147E-16
2194.  6.316034E-16
2195.  6.270591E-16
2196.  6.228807E-16
2197.  6.190664E-16
2198.  6.156143E-16
2199.  6.125220E-16
2200.  6.097870E-16
2201.  6.074061E-16
2202.  6.053757E-16
2203.  6.036923E-16
2204.  6.023521E-16
2205.  6.013509E-16
2206.  6.006842E-16
2207.  6.003474E-16
2208.  6.003359E-16
2209.  6.006445E-16
2210.  6.012682E-16
2211.  6.022018E-16
2212.  6.034400E-16
2213.  6.049775E-16
2214.  6.068086E-16
2215.  6.089278E-16
2216.  6.113295E-16
2217.  6.140081E-16
2218.  6.169579E-16
2219.  6.201731E-16
2220.  6.236483E-16
2221.  6.273776E-16
2222.  6.313555E-16
2223.  6.355765E-16
2224.  6.400347E-16
2225.  6.447247E-16
2226.  6.496413E-16
2227.  6.547788E-16
2228.  6.601321E-16
2229.  6.656955E-16
2230.  6.714642E-16
2231.  6.774328E-16
2232.  6.835964E-16
2233.  6.899498E-16
2234.  6.964884E-16
2235.  7.032071E-16
2236.  7.101011E-16
2237.  7.171657E-16
2238.  7.243964E-16
2239.  7.317884E-16
2240.  7.393374E-16
2241.  7.470387E-16
2242.  7.548877E-16
2243.  7.628803E-16
2244.  7.710120E-16
2245.  7.792783E-16
2246.  7.876748E-16
2247.  7.961971E-16
2248.  8.048411E-16
2249.  8.136019E-16
2250.  8.224753E-16
2251.  8.314568E-16
2252.  8.405416E-16
2253.  8.497251E-16
2254.  8.590027E-16
2255.  8.683695E-16
2256.  8.778205E-16
2257.  8.873506E-16
2258.  8.969545E-16
2259.  9.066274E-16
2260.  9.163630E-16
2261.  9.261564E-16
2262.  9.360013E-16
2263.  9.458919E-16
2264.  9.558219E-16
2265.  9.657851E-16
2266.  9.757750E-16
2267.  9.857849E-16
2268.  9.958075E-16
2269.  1.005836E-15
2270.  1.015863E-15
2271.  1.025882E-15
2272.  1.035883E-15
2273.  1.045861E-15
2274.  1.055805E-15
2275.  1.065710E-15
2276.  1.075565E-15
2277.  1.085363E-15
2278.  1.095096E-15
2279.  1.104753E-15
2280.  1.114328E-15
2281.  1.123810E-15
2282.  1.133192E-15
2283.  1.142464E-15
2284.  1.151617E-15
2285.  1.160643E-15
2286.  1.169533E-15
2287.  1.178278E-15
2288.  1.186870E-15
2289.  1.195300E-15
2290.  1.203560E-15
2291.  1.211642E-15
2292.  1.219538E-15
2293.  1.227241E-15
2294.  1.234743E-15
2295.  1.242038E-15
2296.  1.249118E-15
2297.  1.255978E-15
2298.  1.262612E-15
2299.  1.269014E-15
2300.  1.275179E-15
2301.  1.281103E-15
2302.  1.286782E-15
2303.  1.292213E-15
2304.  1.297392E-15
2305.  1.302317E-15
2306.  1.306986E-15
2307.  1.311398E-15
2308.  1.315553E-15
2309.  1.319450E-15
2310.  1.323090E-15
2311.  1.326474E-15
2312.  1.329604E-15
2313.  1.332482E-15
2314.  1.335112E-15
2315.  1.337496E-15
2316.  1.339639E-15
2317.  1.341545E-15
2318.  1.343221E-15
2319.  1.344671E-15
2320.  1.345902E-15
2321.  1.346921E-15
2322.  1.347736E-15
2323.  1.348353E-15
2324.  1.348782E-15
2325.  1.349031E-15
2326.  1.349109E-15
2327.  1.349025E-15
2328.  1.348789E-15
2329.  1.348411E-15
2330.  1.347901E-15
2331.  1.347270E-15
2332.  1.346527E-15
2333.  1.345685E-15
2334.  1.344752E-15
2335.  1.343742E-15
2336.  1.342663E-15
2337.  1.341528E-15
2338.  1.340347E-15
2339.  1.339131E-15
2340.  1.337890E-15
2341.  1.336636E-15
2342.  1.335378E-15
2343.  1.334127E-15
2344.  1.332893E-15
2345.  1.331685E-15
2346.  1.330514E-15
2347.  1.329387E-15
2348.  1.328314E-15
2349.  1.327304E-15
2350.  1.326365E-15
2351.  1.325504E-15
2352.  1.324728E-15
2353.  1.324045E-15
2354.  1.323462E-15
2355.  1.322984E-15
2356.  1.322617E-15
2357.  1.322366E-15
2358.  1.322237E-15
2359.  1.322232E-15
2360.  1.322357E-15
2361.  1.322615E-15
2362.  1.323009E-15
2363.  1.323540E-15
2364.  1.324212E-15
2365.  1.325025E-15
2366.  1.325982E-15
2367.  1.327082E-15
2368.  1.328326E-15
2369.  1.329713E-15
2370.  1.331244E-15
2371.  1.332917E-15
2372.  1.334731E-15
2373.  1.336684E-15
2374.  1.338773E-15
2375.  1.340997E-15
2376.  1.343352E-15
2377.  1.345836E-15
2378.  1.348444E-15
2379.  1.351173E-15
2380.  1.354018E-15
2381.  1.356975E-15
2382.  1.360039E-15
2383.  1.363205E-15
2384.  1.366468E-15
2385.  1.369822E-15
2386.  1.373261E-15
2387.  1.376780E-15
2388.  1.380371E-15
2389.  1.384029E-15
2390.  1.387748E-15
2391.  1.391519E-15
2392.  1.395338E-15
2393.  1.399195E-15
2394.  1.403085E-15
2395.  1.407001E-15
2396.  1.410934E-15
2397.  1.414878E-15
2398.  1.418826E-15
2399.  1.422770E-15
2400.  1.426703E-15
2401.  1.430617E-15
2402.  1.434506E-15
2403.  1.438362E-15
2404.  1.442178E-15
2405.  1.445947E-15
2406.  1.449662E-15
2407.  1.453317E-15
2408.  1.456905E-15
2409.  1.460419E-15
2410.  1.463853E-15
2411.  1.467201E-15
2412.  1.470457E-15
2413.  1.473616E-15
2414.  1.476672E-15
2415.  1.479619E-15
2416.  1.482453E-15
2417.  1.485169E-15
2418.  1.487762E-15
2419.  1.490228E-15
2420.  1.492564E-15
2421.  1.494765E-15
2422.  1.496827E-15
2423.  1.498748E-15
2424.  1.500524E-15
2425.  1.502153E-15
2426.  1.503631E-15
2427.  1.504957E-15
2428.  1.506129E-15
2429.  1.507143E-15
2430.  1.508000E-15
2431.  1.508696E-15
2432.  1.509231E-15
2433.  1.509603E-15
2434.  1.509811E-15
2435.  1.509854E-15
2436.  1.509731E-15
2437.  1.509442E-15
2438.  1.508985E-15
2439.  1.508359E-15
2440.  1.507565E-15
2441.  1.506602E-15
2442.  1.505469E-15
2443.  1.504165E-15
2444.  1.502690E-15
2445.  1.501044E-15
2446.  1.499227E-15
2447.  1.497236E-15
2448.  1.495073E-15
2449.  1.492737E-15
2450.  1.490227E-15
2451.  1.487543E-15
2452.  1.484684E-15
2453.  1.481650E-15
2454.  1.478440E-15
2455.  1.475053E-15
2456.  1.471491E-15
2457.  1.467750E-15
2458.  1.463833E-15
2459.  1.459738E-15
2460.  1.455464E-15
2461.  1.451012E-15
2462.  1.446382E-15
2463.  1.441573E-15
2464.  1.436586E-15
2465.  1.431420E-15
2466.  1.426077E-15
2467.  1.420556E-15
2468.  1.414859E-15
2469.  1.408987E-15
2470.  1.402939E-15
2471.  1.396718E-15
2472.  1.390325E-15
2473.  1.383762E-15
2474.  1.377031E-15
2475.  1.370133E-15
2476.  1.363072E-15
2477.  1.355849E-15
2478.  1.348469E-15
2479.  1.340934E-15
2480.  1.333247E-15
2481.  1.325412E-15
2482.  1.317434E-15
2483.  1.309316E-15
2484.  1.301062E-15
2485.  1.292678E-15
2486.  1.284169E-15
2487.  1.275539E-15
2488.  1.266793E-15
2489.  1.257938E-15
2490.  1.248980E-15
2491.  1.239923E-15
2492.  1.230774E-15
2493.  1.221540E-15
2494.  1.212226E-15
2495.  1.202840E-15
2496.  1.193388E-15
2497.  1.183876E-15
2498.  1.174312E-15
2499.  1.164702E-15
2500.  1.155053E-15
2501.  1.145372E-15
2502.  1.135667E-15
2503.  1.125943E-15
2504.  1.116209E-15
2505.  1.106472E-15
2506.  1.096737E-15
2507.  1.087013E-15
2508.  1.077306E-15
2509.  1.067623E-15
2510.  1.057970E-15
2511.  1.048356E-15
2512.  1.038785E-15
2513.  1.029265E-15
2514.  1.019803E-15
2515.  1.010404E-15
2516.  1.001075E-15
2517.  9.918218E-16
2518.  9.826508E-16
2519.  9.735674E-16
2520.  9.645774E-16
2521.  9.556863E-16
2522.  9.468995E-16
2523.  9.382223E-16
2524.  9.296594E-16
2525.  9.212159E-16
2526.  9.128963E-16
2527.  9.047049E-16
2528.  8.966457E-16
2529.  8.887229E-16
2530.  8.809400E-16
2531.  8.733003E-16
2532.  8.658073E-16
2533.  8.584632E-16
2534.  8.512709E-16
2535.  8.442326E-16
2536.  8.373503E-16
2537.  8.306253E-16
2538.  8.240590E-16
2539.  8.176522E-16
2540.  8.114055E-16
2541.  8.053186E-16
2542.  7.993919E-16
2543.  7.936242E-16
2544.  7.880147E-16
2545.  7.825619E-16
2546.  7.772638E-16
2547.  7.721181E-16
2548.  7.671223E-16
2549.  7.622730E-16
2550.  7.575668E-16
2551.  7.529998E-16
2552.  7.485673E-16
2553.  7.442653E-16
2554.  7.400878E-16
2555.  7.360298E-16
2556.  7.320854E-16
2557.  7.282480E-16
2558.  7.245115E-16
2559.  7.208691E-16
2560.  7.173132E-16
2561.  7.138370E-16
2562.  7.104326E-16
2563.  7.070921E-16
2564.  7.038078E-16
2565.  7.005715E-16
2566.  6.973749E-16
2567.  6.942099E-16
2568.  6.910685E-16
2569.  6.879417E-16
2570.  6.848220E-16
2571.  6.817010E-16
2572.  6.785707E-16
2573.  6.754231E-16
2574.  6.722510E-16
2575.  6.690468E-16
2576.  6.658029E-16
2577.  6.625135E-16
2578.  6.591715E-16
2579.  6.557713E-16
2580.  6.523070E-16
2581.  6.487734E-16
2582.  6.451660E-16
2583.  6.414807E-16
2584.  6.377138E-16
2585.  6.338624E-16
2586.  6.299239E-16
2587.  6.258965E-16
2588.  6.217788E-16
2589.  6.175705E-16
2590.  6.132713E-16
2591.  6.088820E-16
2592.  6.044037E-16
2593.  5.998387E-16
2594.  5.951891E-16
2595.  5.904584E-16
2596.  5.856502E-16
2597.  5.807689E-16
2598.  5.758195E-16
2599.  5.708075E-16
2600.  5.657389E-16
2601.  5.606202E-16
2602.  5.554588E-16
2603.  5.502618E-16
2604.  5.450372E-16
2605.  5.397936E-16
2606.  5.345391E-16
2607.  5.292831E-16
2608.  5.240346E-16
2609.  5.188031E-16
2610.  5.135983E-16
2611.  5.084298E-16
2612.  5.033076E-16
2613.  4.982415E-16
2614.  4.932417E-16
2615.  4.883179E-16
2616.  4.834803E-16
2617.  4.787382E-16
2618.  4.741012E-16
2619.  4.695792E-16
2620.  4.651807E-16
2621.  4.609152E-16
2622.  4.567908E-16
2623.  4.528160E-16
2624.  4.489986E-16
2625.  4.453461E-16
2626.  4.418658E-16
2627.  4.385637E-16
2628.  4.354463E-16
2629.  4.325191E-16
2630.  4.297871E-16
2631.  4.272547E-16
2632.  4.249263E-16
2633.  4.228046E-16
2634.  4.208929E-16
2635.  4.191933E-16
2636.  4.177072E-16
2637.  4.164357E-16
2638.  4.153789E-16
2639.  4.145366E-16
2640.  4.139082E-16
2641.  4.134919E-16
2642.  4.132857E-16
2643.  4.132869E-16
2644.  4.134921E-16
2645.  4.138972E-16
2646.  4.144983E-16
2647.  4.152897E-16
2648.  4.162666E-16
2649.  4.174221E-16
2650.  4.187498E-16
2651.  4.202427E-16
2652.  4.218932E-16
2653.  4.236931E-16
2654.  4.256340E-16
2655.  4.277069E-16
2656.  4.299025E-16
2657.  4.322109E-16
2658.  4.346226E-16
2659.  4.371266E-16
2660.  4.397128E-16
2661.  4.423697E-16
2662.  4.450866E-16
2663.  4.478520E-16
2664.  4.506542E-16
2665.  4.534817E-16
2666.  4.563226E-16
2667.  4.591648E-16
2668.  4.619964E-16
2669.  4.648053E-16
2670.  4.675796E-16
2671.  4.703071E-16
2672.  4.729761E-16
2673.  4.755744E-16
2674.  4.780904E-16
2675.  4.805125E-16
2676.  4.828293E-16
2677.  4.850296E-16
2678.  4.871023E-16
2679.  4.890367E-16
2680.  4.908226E-16
2681.  4.924497E-16
2682.  4.939085E-16
2683.  4.951897E-16
2684.  4.962842E-16
2685.  4.971838E-16
2686.  4.978804E-16
2687.  4.983666E-16
2688.  4.986353E-16
2689.  4.986801E-16
2690.  4.984950E-16
2691.  4.980751E-16
2692.  4.974152E-16
2693.  4.965114E-16
2694.  4.953601E-16
2695.  4.939585E-16
2696.  4.923045E-16
2697.  4.903961E-16
2698.  4.882325E-16
2699.  4.858137E-16
2700.  4.831395E-16
2701.  4.802110E-16
2702.  4.770301E-16
2703.  4.735986E-16
2704.  4.699195E-16
2705.  4.659963E-16
2706.  4.618331E-16
2707.  4.574342E-16
2708.  4.528049E-16
2709.  4.479509E-16
2710.  4.428784E-16
2711.  4.375940E-16
2712.  4.321049E-16
2713.  4.264187E-16
2714.  4.205433E-16
2715.  4.144871E-16
2716.  4.082586E-16
2717.  4.018670E-16
2718.  3.953216E-16
2719.  3.886316E-16
2720.  3.818071E-16
2721.  3.748578E-16
2722.  3.677936E-16
2723.  3.606250E-16
2724.  3.533619E-16
2725.  3.460148E-16
2726.  3.385937E-16
2727.  3.311091E-16
2728.  3.235711E-16
2729.  3.159897E-16
2730.  3.083752E-16
2731.  3.007372E-16
2732.  2.930856E-16
2733.  2.854299E-16
2734.  2.777794E-16
2735.  2.701434E-16
2736.  2.625306E-16
2737.  2.549496E-16
2738.  2.474089E-16
2739.  2.399165E-16
2740.  2.324803E-16
2741.  2.251078E-16
2742.  2.178062E-16
2743.  2.105823E-16
2744.  2.034428E-16
2745.  1.963941E-16
2746.  1.894419E-16
2747.  1.825921E-16
2748.  1.758498E-16
2749.  1.692206E-16
2750.  1.627087E-16
2751.  1.563190E-16
2752.  1.500555E-16
2753.  1.439224E-16
2754.  1.379232E-16
2755.  1.320613E-16
2756.  1.263402E-16
2757.  1.207626E-16
2758.  1.153313E-16
2759.  1.100491E-16
2760.  1.049182E-16
2761.  9.994077E-17
2762.  9.511887E-17
2763.  9.045420E-17
2764.  8.594871E-17
2765.  8.160366E-17
2766.  7.742048E-17
2767.  7.340073E-17
2768.  6.954494E-17
2769.  6.585453E-17
2770.  6.233028E-17
2771.  5.897295E-17
2772.  5.578302E-17
2773.  5.276104E-17
2774.  4.990753E-17
2775.  4.722256E-17
2776.  4.470653E-17
2777.  4.235912E-17
2778.  4.018058E-17
2779.  3.817049E-17
2780.  3.632850E-17
2781.  3.465425E-17
2782.  3.314691E-17
2783.  3.180576E-17
2784.  3.062998E-17
2785.  2.961834E-17
2786.  2.876969E-17
2787.  2.808244E-17
2788.  2.755510E-17
2789.  2.718580E-17
2790.  2.697255E-17
2791.  2.691319E-17
2792.  2.700531E-17
2793.  2.724631E-17
2794.  2.763350E-17
2795.  2.816366E-17
2796.  2.883357E-17
2797.  2.963997E-17
2798.  3.057900E-17
2799.  3.164685E-17
2800.  3.283926E-17
2801.  3.415209E-17
2802.  3.558072E-17
2803.  3.712036E-17
2804.  3.876607E-17
2805.  4.051264E-17
2806.  4.235465E-17
2807.  4.428669E-17
2808.  4.630294E-17
2809.  4.839756E-17
2810.  5.056434E-17
2811.  5.279723E-17
2812.  5.508978E-17
2813.  5.743577E-17
2814.  5.982823E-17
2815.  6.226089E-17
2816.  6.472674E-17
2817.  6.721908E-17
2818.  6.973123E-17
2819.  7.225609E-17
2820.  7.478700E-17
2821.  7.731693E-17
2822.  7.983904E-17
2823.  8.234674E-17
2824.  8.483333E-17
2825.  8.729187E-17
2826.  8.971621E-17
2827.  9.209975E-17
2828.  9.443622E-17
2829.  9.671958E-17
2830.  9.894386E-17
2831.  1.011034E-16
2832.  1.031926E-16
2833.  1.052063E-16
2834.  1.071392E-16
2835.  1.089867E-16
2836.  1.107442E-16
2837.  1.124073E-16
2838.  1.139721E-16
2839.  1.154350E-16
2840.  1.167928E-16
2841.  1.180421E-16
2842.  1.191803E-16
2843.  1.202050E-16
2844.  1.211143E-16
2845.  1.219063E-16
2846.  1.225796E-16
2847.  1.231332E-16
2848.  1.235666E-16
2849.  1.238792E-16
2850.  1.240710E-16
2851.  1.241424E-16
2852.  1.240940E-16
2853.  1.239267E-16
2854.  1.236418E-16
2855.  1.232410E-16
2856.  1.227258E-16
2857.  1.220988E-16
2858.  1.213621E-16
2859.  1.205186E-16
2860.  1.195709E-16
2861.  1.185224E-16
2862.  1.173766E-16
2863.  1.161368E-16
2864.  1.148066E-16
2865.  1.133903E-16
2866.  1.118919E-16
2867.  1.103154E-16
2868.  1.086653E-16
2869.  1.069460E-16
2870.  1.051619E-16
2871.  1.033177E-16
2872.  1.014180E-16
2873.  9.946746E-17
2874.  9.747058E-17
2875.  9.543222E-17
2876.  9.335668E-17
2877.  9.124898E-17
2878.  8.911336E-17
2879.  8.695456E-17
2880.  8.477657E-17
2881.  8.258413E-17
2882.  8.038124E-17
2883.  7.817185E-17
2884.  7.596022E-17
2885.  7.374985E-17
2886.  7.154447E-17
2887.  6.934777E-17
2888.  6.716292E-17
2889.  6.499304E-17
2890.  6.284129E-17
2891.  6.071042E-17
2892.  5.860302E-17
2893.  5.652154E-17
2894.  5.446808E-17
2895.  5.244508E-17
2896.  5.045403E-17
2897.  4.849684E-17
2898.  4.657510E-17
2899.  4.468986E-17
2900.  4.284237E-17
2901.  4.103365E-17
2902.  3.926456E-17
2903.  3.753559E-17
2904.  3.584738E-17
2905.  3.420014E-17
2906.  3.259411E-17
2907.  3.102937E-17
2908.  2.950586E-17
2909.  2.802328E-17
2910.  2.658137E-17
2911.  2.517996E-17
2912.  2.381832E-17
2913.  2.249594E-17
2914.  2.121228E-17
2915.  1.996656E-17
2916.  1.875806E-17
2917.  1.758591E-17
2918.  1.644940E-17
2919.  1.534755E-17
2920.  1.427961E-17
2921.  1.324473E-17
2922.  1.224190E-17
2923.  1.127025E-17
2924.  1.032900E-17
2925.  9.417190E-18
2926.  8.534128E-18
2927.  7.678982E-18
2928.  6.850847E-18
2929.  6.049272E-18
2930.  5.273244E-18
2931.  4.522436E-18
2932.  3.796058E-18
2933.  3.093721E-18
2934.  2.414753E-18
2935.  1.758848E-18
2936.  1.125573E-18
2937.  5.147338E-19
2938.  -7.413556E-20
2939.  -6.411487E-19
2940.  -1.186565E-18
2941.  -1.710417E-18
2942.  -2.212848E-18
2943.  -2.693853E-18
2944.  -3.153464E-18
2945.  -3.591782E-18
2946.  -4.008449E-18
2947.  -4.403695E-18
2948.  -4.777250E-18
2949.  -5.129091E-18
2950.  -5.458914E-18
2951.  -5.766617E-18
2952.  -6.052093E-18
2953.  -6.315196E-18
2954.  -6.555646E-18
2955.  -6.773450E-18
2956.  -6.968368E-18
2957.  -7.140395E-18
2958.  -7.289396E-18
2959.  -7.415241E-18
2960.  -7.517938E-18
2961.  -7.597340E-18
2962.  -7.653681E-18
2963.  -7.686951E-18
2964.  -7.697205E-18
2965.  -7.684711E-18
2966.  -7.649531E-18
2967.  -7.591927E-18
2968.  -7.512248E-18
2969.  -7.410640E-18
2970.  -7.287790E-18
2971.  -7.143820E-18
2972.  -6.979393E-18
2973.  -6.794932E-18
2974.  -6.591084E-18
2975.  -6.368347E-18
2976.  -6.127526E-18
2977.  -5.869162E-18
2978.  -5.594157E-18
2979.  -5.303159E-18
2980.  -4.996858E-18
2981.  -4.676369E-18
2982.  -4.342422E-18
2983.  -3.995956E-18
2984.  -3.637851E-18
2985.  -3.268879E-18
2986.  -2.890281E-18
2987.  -2.502762E-18
2988.  -2.107413E-18
2989.  -1.705284E-18
2990.  -1.297135E-18
2991.  -8.840723E-19
2992.  -4.670688E-19
2993.  -4.691276E-20
2994.  3.753382E-19
2995.  7.988940E-19
2996.  1.222700E-18
2997.  1.645947E-18
2998.  2.067686E-18
2999.  2.487437E-18
3000.  2.904229E-18
3001.  3.317292E-18
3002.  3.725870E-18
3003.  4.129499E-18
3004.  4.527295E-18
3005.  4.918906E-18
3006.  5.303668E-18
3007.  5.681162E-18
3008.  6.050871E-18
3009.  6.412495E-18
3010.  6.765624E-18
3011.  7.109898E-18
3012.  7.445191E-18
3013.  7.771221E-18
3014.  8.087666E-18
3015.  8.394704E-18
3016.  8.692280E-18
3017.  8.980068E-18
3018.  9.258275E-18
3019.  9.526890E-18
3020.  9.786256E-18
3021.  1.003632E-17
3022.  1.027721E-17
3023.  1.050937E-17
3024.  1.073275E-17
3025.  1.094795E-17
3026.  1.115516E-17
3027.  1.135472E-17
3028.  1.154713E-17
3029.  1.173273E-17
3030.  1.191190E-17
3031.  1.208527E-17
3032.  1.225316E-17
3033.  1.241605E-17
3034.  1.257468E-17
3035.  1.272925E-17
3036.  1.288063E-17
3037.  1.302923E-17
3038.  1.317543E-17
3039.  1.332001E-17
3040.  1.346348E-17
3041.  1.360645E-17
3042.  1.374939E-17
3043.  1.389299E-17
3044.  1.403765E-17
3045.  1.418398E-17
3046.  1.433250E-17
3047.  1.448385E-17
3048.  1.463844E-17
3049.  1.479687E-17
3050.  1.495954E-17
3051.  1.512694E-17
3052.  1.529954E-17
3053.  1.547782E-17
3054.  1.566218E-17
3055.  1.585297E-17
3056.  1.605055E-17
3057.  1.625532E-17
3058.  1.646763E-17
3059.  1.668780E-17
3060.  1.691598E-17
3061.  1.715260E-17
3062.  1.739770E-17
3063.  1.765155E-17
3064.  1.791450E-17
3065.  1.818650E-17
3066.  1.846778E-17
3067.  1.875833E-17
3068.  1.905835E-17
3069.  1.936792E-17
3070.  1.968692E-17
3071.  2.001562E-17
3072.  2.035374E-17
3073.  2.070154E-17
3074.  2.105881E-17
3075.  2.142555E-17
3076.  2.180169E-17
3077.  2.218710E-17
3078.  2.258188E-17
3079.  2.298584E-17
3080.  2.339915E-17
3081.  2.382129E-17
3082.  2.425262E-17
3083.  2.469278E-17
3084.  2.514183E-17
3085.  2.559961E-17
3086.  2.606621E-17
3087.  2.654177E-17
3088.  2.702584E-17
3089.  2.751887E-17
3090.  2.802077E-17
3091.  2.853148E-17
3092.  2.905123E-17
3093.  2.958003E-17
3094.  3.011810E-17
3095.  3.066564E-17
3096.  3.122299E-17
3097.  3.179017E-17
3098.  3.236746E-17
3099.  3.295537E-17
3100.  3.355409E-17
3101.  3.416409E-17
3102.  3.478559E-17
3103.  3.541934E-17
3104.  3.606550E-17
3105.  3.672476E-17
3106.  3.739735E-17
3107.  3.808419E-17
3108.  3.878562E-17
3109.  3.950215E-17
3110.  4.023438E-17
3111.  4.098280E-17
3112.  4.174805E-17
3113.  4.253069E-17
3114.  4.333123E-17
3115.  4.415010E-17
3116.  4.498785E-17
3117.  4.584496E-17
3118.  4.672187E-17
3119.  4.761873E-17
3120.  4.853599E-17
3121.  4.947392E-17
3122.  5.043259E-17
3123.  5.141217E-17
3124.  5.241274E-17
3125.  5.343410E-17
3126.  5.447616E-17
3127.  5.553864E-17
3128.  5.662121E-17
3129.  5.772346E-17
3130.  5.884458E-17
3131.  5.998419E-17
3132.  6.114112E-17
3133.  6.231471E-17
3134.  6.350373E-17
3135.  6.470716E-17
3136.  6.592332E-17
3137.  6.715120E-17
3138.  6.838892E-17
3139.  6.963483E-17
3140.  7.088725E-17
3141.  7.214414E-17
3142.  7.340352E-17
3143.  7.466315E-17
3144.  7.592089E-17
3145.  7.717426E-17
3146.  7.842098E-17
3147.  7.965838E-17
3148.  8.088415E-17
3149.  8.209527E-17
3150.  8.328932E-17
3151.  8.446358E-17
3152.  8.561534E-17
3153.  8.674165E-17
3154.  8.784000E-17
3155.  8.890740E-17
3156.  8.994135E-17
3157.  9.093897E-17
3158.  9.189799E-17
3159.  9.281536E-17
3160.  9.368900E-17
3161.  9.451629E-17
3162.  9.529506E-17
3163.  9.602291E-17
3164.  9.669815E-17
3165.  9.731854E-17
3166.  9.788251E-17
3167.  9.838844E-17
3168.  9.883477E-17
3169.  9.922033E-17
3170.  9.954387E-17
3171.  9.980470E-17
3172.  1.000022E-16
3173.  1.001355E-16
3174.  1.002046E-16
3175.  1.002093E-16
3176.  1.001497E-16
3177.  1.000263E-16
3178.  9.983938E-17
3179.  9.958979E-17
3180.  9.927851E-17
3181.  9.890652E-17
3182.  9.847524E-17
3183.  9.798620E-17
3184.  9.744123E-17
3185.  9.684204E-17
3186.  9.619068E-17
3187.  9.548929E-17
3188.  9.474047E-17
3189.  9.394657E-17
3190.  9.311008E-17
3191.  9.223380E-17
3192.  9.132065E-17
3193.  9.037353E-17
3194.  8.939543E-17
3195.  8.838942E-17
3196.  8.735866E-17
3197.  8.630632E-17
3198.  8.523562E-17
3199.  8.414971E-17
3200.  8.305192E-17
3201.  8.194550E-17
3202.  8.083357E-17
3203.  7.971931E-17
3204.  7.860594E-17
3205.  7.749649E-17
3206.  7.639406E-17
3207.  7.530160E-17
3208.  7.422209E-17
3209.  7.315825E-17
3210.  7.211290E-17
3211.  7.108872E-17
3212.  7.008824E-17
3213.  6.911374E-17
3214.  6.816784E-17
3215.  6.725251E-17
3216.  6.637010E-17
3217.  6.552250E-17
3218.  6.471172E-17
3219.  6.393931E-17
3220.  6.320737E-17
3221.  6.251702E-17
3222.  6.187018E-17
3223.  6.126787E-17
3224.  6.071158E-17
3225.  6.020238E-17
3226.  5.974133E-17
3227.  5.932952E-17
3228.  5.896793E-17
3229.  5.865724E-17
3230.  5.839833E-17
3231.  5.819193E-17
3232.  5.803893E-17
3233.  5.793942E-17
3234.  5.789437E-17
3235.  5.790432E-17
3236.  5.796958E-17
3237.  5.809079E-17
3238.  5.826851E-17
3239.  5.850295E-17
3240.  5.879466E-17
3241.  5.914413E-17
3242.  5.955187E-17
3243.  6.001815E-17
3244.  6.054376E-17
3245.  6.112868E-17
3246.  6.177383E-17
3247.  6.247951E-17
3248.  6.324649E-17
3249.  6.407493E-17
3250.  6.496583E-17
3251.  6.591952E-17
3252.  6.693667E-17
3253.  6.801792E-17
3254.  6.916379E-17
3255.  7.037510E-17
3256.  7.165246E-17
3257.  7.299635E-17
3258.  7.440754E-17
3259.  7.588677E-17
3260.  7.743436E-17
3261.  7.905113E-17
3262.  8.073759E-17
3263.  8.249415E-17
3264.  8.432139E-17
3265.  8.621950E-17
3266.  8.818899E-17
3267.  9.022989E-17
3268.  9.234265E-17
3269.  9.452699E-17
3270.  9.678292E-17
3271.  9.911037E-17
3272.  1.015091E-16
3273.  1.039783E-16
3274.  1.065175E-16
3275.  1.091259E-16
3276.  1.118027E-16
3277.  1.145465E-16
3278.  1.173563E-16
3279.  1.202301E-16
3280.  1.231667E-16
3281.  1.261638E-16
3282.  1.292194E-16
3283.  1.323312E-16
3284.  1.354965E-16
3285.  1.387125E-16
3286.  1.419762E-16
3287.  1.452844E-16
3288.  1.486336E-16
3289.  1.520202E-16
3290.  1.554403E-16
3291.  1.588898E-16
3292.  1.623642E-16
3293.  1.658594E-16
3294.  1.693705E-16
3295.  1.728928E-16
3296.  1.764212E-16
3297.  1.799509E-16
3298.  1.834764E-16
3299.  1.869925E-16
3300.  1.904937E-16
3301.  1.939746E-16
3302.  1.974297E-16
3303.  2.008534E-16
3304.  2.042403E-16
3305.  2.075847E-16
3306.  2.108812E-16
3307.  2.141244E-16
3308.  2.173089E-16
3309.  2.204297E-16
3310.  2.234818E-16
3311.  2.264600E-16
3312.  2.293598E-16
3313.  2.321770E-16
3314.  2.349071E-16
3315.  2.375464E-16
3316.  2.400911E-16
3317.  2.425379E-16
3318.  2.448840E-16
3319.  2.471266E-16
3320.  2.492637E-16
3321.  2.512932E-16
3322.  2.532141E-16
3323.  2.550252E-16
3324.  2.567258E-16
3325.  2.583161E-16
3326.  2.597965E-16
3327.  2.611678E-16
3328.  2.624312E-16
3329.  2.635890E-16
3330.  2.646431E-16
3331.  2.655964E-16
3332.  2.664525E-16
3333.  2.672148E-16
3334.  2.678876E-16
3335.  2.684757E-16
3336.  2.689843E-16
3337.  2.694187E-16
3338.  2.697852E-16
3339.  2.700900E-16
3340.  2.703398E-16
3341.  2.705416E-16
3342.  2.707031E-16
3343.  2.708319E-16
3344.  2.709358E-16
3345.  2.710232E-16
3346.  2.711023E-16
3347.  2.711817E-16
3348.  2.712702E-16
3349.  2.713765E-16
3350.  2.715095E-16
3351.  2.716779E-16
3352.  2.718907E-16
3353.  2.721566E-16
3354.  2.724842E-16
3355.  2.728823E-16
3356.  2.733589E-16
3357.  2.739224E-16
3358.  2.745806E-16
3359.  2.753409E-16
3360.  2.762109E-16
3361.  2.771971E-16
3362.  2.783062E-16
3363.  2.795443E-16
3364.  2.809168E-16
3365.  2.824288E-16
3366.  2.840850E-16
3367.  2.858892E-16
3368.  2.878448E-16
3369.  2.899547E-16
3370.  2.922212E-16
3371.  2.946455E-16
3372.  2.972288E-16
3373.  2.999712E-16
3374.  3.028725E-16
3375.  3.059312E-16
3376.  3.091458E-16
3377.  3.125137E-16
3378.  3.160317E-16
3379.  3.196961E-16
3380.  3.235024E-16
3381.  3.274456E-16
3382.  3.315197E-16
3383.  3.357185E-16
3384.  3.400350E-16
3385.  3.444617E-16
3386.  3.489905E-16
3387.  3.536129E-16
3388.  3.583197E-16
3389.  3.631015E-16
3390.  3.679486E-16
3391.  3.728504E-16
3392.  3.777965E-16
3393.  3.827760E-16
3394.  3.877778E-16
3395.  3.927904E-16
3396.  3.978025E-16
3397.  4.028026E-16
3398.  4.077789E-16
3399.  4.127199E-16
3400.  4.176139E-16
3401.  4.224493E-16
3402.  4.272150E-16
3403.  4.318997E-16
3404.  4.364924E-16
3405.  4.409823E-16
3406.  4.453591E-16
3407.  4.496129E-16
3408.  4.537341E-16
3409.  4.577132E-16
3410.  4.615418E-16
3411.  4.652114E-16
3412.  4.687146E-16
3413.  4.720442E-16
3414.  4.751936E-16
3415.  4.781568E-16
3416.  4.809288E-16
3417.  4.835047E-16
3418.  4.858806E-16
3419.  4.880533E-16
3420.  4.900198E-16
3421.  4.917785E-16
3422.  4.933281E-16
3423.  4.946678E-16
3424.  4.957978E-16
3425.  4.967186E-16
3426.  4.974316E-16
3427.  4.979389E-16
3428.  4.982429E-16
3429.  4.983468E-16
3430.  4.982543E-16
3431.  4.979696E-16
3432.  4.974974E-16
3433.  4.968427E-16
3434.  4.960114E-16
3435.  4.950093E-16
3436.  4.938428E-16
3437.  4.925184E-16
3438.  4.910434E-16
3439.  4.894245E-16
3440.  4.876693E-16
3441.  4.857853E-16
3442.  4.837800E-16
3443.  4.816613E-16
3444.  4.794367E-16
3445.  4.771141E-16
3446.  4.747010E-16
3447.  4.722048E-16
3448.  4.696334E-16
3449.  4.669939E-16
3450.  4.642933E-16
3451.  4.615385E-16
3452.  4.587360E-16
3453.  4.558923E-16
3454.  4.530137E-16
3455.  4.501053E-16
3456.  4.471730E-16
3457.  4.442215E-16
3458.  4.412556E-16
3459.  4.382795E-16
3460.  4.352970E-16
3461.  4.323115E-16
3462.  4.293262E-16
3463.  4.263437E-16
3464.  4.233660E-16
3465.  4.203953E-16
3466.  4.174328E-16
3467.  4.144797E-16
3468.  4.115364E-16
3469.  4.086033E-16
3470.  4.056806E-16
3471.  4.027679E-16
3472.  3.998643E-16
3473.  3.969691E-16
3474.  3.940810E-16
3475.  3.911986E-16
3476.  3.883200E-16
3477.  3.854437E-16
3478.  3.825675E-16
3479.  3.796890E-16
3480.  3.768064E-16
3481.  3.739169E-16
3482.  3.710182E-16
3483.  3.681082E-16
3484.  3.651837E-16
3485.  3.622429E-16
3486.  3.592831E-16
3487.  3.563020E-16
3488.  3.532974E-16
3489.  3.502670E-16
3490.  3.472088E-16
3491.  3.441213E-16
3492.  3.410021E-16
3493.  3.378505E-16
3494.  3.346646E-16
3495.  3.314434E-16
3496.  3.281861E-16
3497.  3.248921E-16
3498.  3.215611E-16
3499.  3.181928E-16
3500.  3.147873E-16
3501.  3.113450E-16
3502.  3.078666E-16
3503.  3.043529E-16
3504.  3.008050E-16
3505.  2.972247E-16
3506.  2.936130E-16
3507.  2.899725E-16
3508.  2.863049E-16
3509.  2.826127E-16
3510.  2.788986E-16
3511.  2.751654E-16
3512.  2.714160E-16
3513.  2.676538E-16
3514.  2.638819E-16
3515.  2.601043E-16
3516.  2.563243E-16
3517.  2.525459E-16
3518.  2.487731E-16
3519.  2.450099E-16
3520.  2.412603E-16
3521.  2.375288E-16
3522.  2.338195E-16
3523.  2.301365E-16
3524.  2.264844E-16
3525.  2.228674E-16
3526.  2.192898E-16
3527.  2.157560E-16
3528.  2.122701E-16
3529.  2.088361E-16
3530.  2.054585E-16
3531.  2.021411E-16
3532.  1.988877E-16
3533.  1.957020E-16
3534.  1.925881E-16
3535.  1.895490E-16
3536.  1.865883E-16
3537.  1.837090E-16
3538.  1.809145E-16
3539.  1.782070E-16
3540.  1.755895E-16
3541.  1.730644E-16
3542.  1.706338E-16
3543.  1.682995E-16
3544.  1.660634E-16
3545.  1.639269E-16
3546.  1.618913E-16
3547.  1.599576E-16
3548.  1.581264E-16
3549.  1.563983E-16
3550.  1.547734E-16
3551.  1.532518E-16
3552.  1.518332E-16
3553.  1.505169E-16
3554.  1.493019E-16
3555.  1.481876E-16
3556.  1.471724E-16
3557.  1.462546E-16
3558.  1.454323E-16
3559.  1.447036E-16
3560.  1.440661E-16
3561.  1.435170E-16
3562.  1.430537E-16
3563.  1.426729E-16
3564.  1.423716E-16
3565.  1.421462E-16
3566.  1.419928E-16
3567.  1.419078E-16
3568.  1.418873E-16
3569.  1.419266E-16
3570.  1.420217E-16
3571.  1.421678E-16
3572.  1.423604E-16
3573.  1.425949E-16
3574.  1.428660E-16
3575.  1.431691E-16
3576.  1.434990E-16
3577.  1.438508E-16
3578.  1.442191E-16
3579.  1.445989E-16
3580.  1.449850E-16
3581.  1.453722E-16
3582.  1.457555E-16
3583.  1.461297E-16
3584.  1.464896E-16
3585.  1.468306E-16
3586.  1.471476E-16
3587.  1.474357E-16
3588.  1.476905E-16
3589.  1.479074E-16
3590.  1.480821E-16
3591.  1.482101E-16
3592.  1.482880E-16
3593.  1.483112E-16
3594.  1.482768E-16
3595.  1.481809E-16
3596.  1.480207E-16
3597.  1.477930E-16
3598.  1.474950E-16
3599.  1.471247E-16
3600.  1.466796E-16
3601.  1.461579E-16
3602.  1.455581E-16
3603.  1.448786E-16
3604.  1.441185E-16
3605.  1.432770E-16
3606.  1.423535E-16
3607.  1.413478E-16
3608.  1.402602E-16
3609.  1.390906E-16
3610.  1.378400E-16
3611.  1.365090E-16
3612.  1.350989E-16
3613.  1.336110E-16
3614.  1.320469E-16
3615.  1.304087E-16
3616.  1.286983E-16
3617.  1.269180E-16
3618.  1.250702E-16
3619.  1.231581E-16
3620.  1.211840E-16
3621.  1.191514E-16
3622.  1.170633E-16
3623.  1.149229E-16
3624.  1.127340E-16
3625.  1.104999E-16
3626.  1.082245E-16
3627.  1.059113E-16
3628.  1.035643E-16
3629.  1.011871E-16
3630.  9.878400E-17
3631.  9.635844E-17
3632.  9.391467E-17
3633.  9.145638E-17
3634.  8.898740E-17
3635.  8.651160E-17
3636.  8.403297E-17
3637.  8.155496E-17
3638.  7.908115E-17
3639.  7.661514E-17
3640.  7.416067E-17
3641.  7.172071E-17
3642.  6.929849E-17
3643.  6.689745E-17
3644.  6.452013E-17
3645.  6.216964E-17
3646.  5.984861E-17
3647.  5.755956E-17
3648.  5.530498E-17
3649.  5.308699E-17
3650.  5.090777E-17
3651.  4.876922E-17
3652.  4.667334E-17
3653.  4.462138E-17
3654.  4.261519E-17
3655.  4.065576E-17
3656.  3.874478E-17
3657.  3.688273E-17
3658.  3.507108E-17
3659.  3.331018E-17
3660.  3.160092E-17
3661.  2.994379E-17
3662.  2.833908E-17
3663.  2.678718E-17
3664.  2.528845E-17
3665.  2.384257E-17
3666.  2.245004E-17
3667.  2.111047E-17
3668.  1.982380E-17
3669.  1.858982E-17
3670.  1.740822E-17
3671.  1.627863E-17
3672.  1.520096E-17
3673.  1.417423E-17
3674.  1.319818E-17
3675.  1.227252E-17
3676.  1.139656E-17
3677.  1.056974E-17
3678.  9.791562E-18
3679.  9.061413E-18
3680.  8.378733E-18
3681.  7.742723E-18
3682.  7.153068E-18
3683.  6.609108E-18
3684.  6.110410E-18
3685.  5.655991E-18
3686.  5.245656E-18
3687.  4.878646E-18
3688.  4.554454E-18
3689.  4.272635E-18
3690.  4.032550E-18
3691.  3.833729E-18
3692.  3.675660E-18
3693.  3.557808E-18
3694.  3.479551E-18
3695.  3.440430E-18
3696.  3.440092E-18
3697.  3.477733E-18
3698.  3.552909E-18
3699.  3.665208E-18
3700.  3.813958E-18
3701.  3.998640E-18
3702.  4.218457E-18
3703.  4.472855E-18
3704.  4.761214E-18
3705.  5.082834E-18
3706.  5.436878E-18
3707.  5.822694E-18
3708.  6.239206E-18
3709.  6.685803E-18
3710.  7.161336E-18
3711.  7.665006E-18
3712.  8.195600E-18
3713.  8.752160E-18
3714.  9.333425E-18
3715.  9.938368E-18
3716.  1.056544E-17
3717.  1.121351E-17
3718.  1.188099E-17
3719.  1.256661E-17
3720.  1.326898E-17
3721.  1.398613E-17
3722.  1.471686E-17
3723.  1.545948E-17
3724.  1.621192E-17
3725.  1.697283E-17
3726.  1.774019E-17
3727.  1.851207E-17
3728.  1.928702E-17
3729.  2.006293E-17
3730.  2.083792E-17
3731.  2.161009E-17
3732.  2.237745E-17
3733.  2.313829E-17
3734.  2.389056E-17
3735.  2.463236E-17
3736.  2.536202E-17
3737.  2.607745E-17
3738.  2.677694E-17
3739.  2.745880E-17
3740.  2.812134E-17
3741.  2.876273E-17
3742.  2.938152E-17
3743.  2.997605E-17
3744.  3.054502E-17
3745.  3.108692E-17
3746.  3.160048E-17
3747.  3.208456E-17
3748.  3.253799E-17
3749.  3.295976E-17
3750.  3.334888E-17
3751.  3.370464E-17
3752.  3.402628E-17
3753.  3.431326E-17
3754.  3.456498E-17
3755.  3.478115E-17
3756.  3.496144E-17
3757.  3.510569E-17
3758.  3.521395E-17
3759.  3.528615E-17
3760.  3.532255E-17
3761.  3.532343E-17
3762.  3.528905E-17
3763.  3.521992E-17
3764.  3.511677E-17
3765.  3.498013E-17
3766.  3.481069E-17
3767.  3.460932E-17
3768.  3.437706E-17
3769.  3.411482E-17
3770.  3.382356E-17
3771.  3.350449E-17
3772.  3.315875E-17
3773.  3.278765E-17
3774.  3.239229E-17
3775.  3.197406E-17
3776.  3.153428E-17
3777.  3.107430E-17
3778.  3.059551E-17
3779.  3.009920E-17
3780.  2.958701E-17
3781.  2.906009E-17
3782.  2.851983E-17
3783.  2.796777E-17
3784.  2.740528E-17
3785.  2.683353E-17
3786.  2.625410E-17
3787.  2.566803E-17
3788.  2.507681E-17
3789.  2.448149E-17
3790.  2.388339E-17
3791.  2.328367E-17
3792.  2.268335E-17
3793.  2.208350E-17
3794.  2.148528E-17
3795.  2.088953E-17
3796.  2.029726E-17
3797.  1.970918E-17
3798.  1.912632E-17
3799.  1.854926E-17
3800.  1.797884E-17
3801.  1.741555E-17
3802.  1.686020E-17
3803.  1.631328E-17
3804.  1.577525E-17
3805.  1.524657E-17
3806.  1.472761E-17
3807.  1.421880E-17
3808.  1.372047E-17
3809.  1.323284E-17
3810.  1.275612E-17
3811.  1.229060E-17
3812.  1.183640E-17
3813.  1.139352E-17
3814.  1.096216E-17
3815.  1.054229E-17
3816.  1.013406E-17
3817.  9.737377E-18
3818.  9.352198E-18
3819.  8.978401E-18
3820.  8.616021E-18
3821.  8.264965E-18
3822.  7.925095E-18
3823.  7.596191E-18
3824.  7.278159E-18
3825.  6.970869E-18
3826.  6.674012E-18
3827.  6.387648E-18
3828.  6.111381E-18
3829.  5.845065E-18
3830.  5.588481E-18
3831.  5.341377E-18
3832.  5.103661E-18
3833.  4.875078E-18
3834.  4.655339E-18
3835.  4.444250E-18
3836.  4.241489E-18
3837.  4.047084E-18
3838.  3.860562E-18
3839.  3.681839E-18
3840.  3.510582E-18
3841.  3.346831E-18
3842.  3.190011E-18
3843.  3.040185E-18
3844.  2.897093E-18
3845.  2.760331E-18
3846.  2.629950E-18
3847.  2.505719E-18
3848.  2.387397E-18
3849.  2.274723E-18
3850.  2.167668E-18
3851.  2.065966E-18
3852.  1.969427E-18
3853.  1.877978E-18
3854.  1.791289E-18
3855.  1.709452E-18
3856.  1.632094E-18
3857.  1.559135E-18
3858.  1.490495E-18
3859.  1.425951E-18
3860.  1.365378E-18
3861.  1.308639E-18
3862.  1.255639E-18
3863.  1.206198E-18
3864.  1.160354E-18
3865.  1.117798E-18
3866.  1.078456E-18
3867.  1.042285E-18
3868.  1.009177E-18
3869.  9.789685E-19
3870.  9.515232E-19
3871.  9.268247E-19
3872.  9.048022E-19
3873.  8.852073E-19
3874.  8.680690E-19
3875.  8.532866E-19
3876.  8.407939E-19
3877.  8.304238E-19
3878.  8.221580E-19
3879.  8.158749E-19
3880.  8.114164E-19
3881.  8.088545E-19
3882.  8.080736E-19
3883.  8.090055E-19
3884.  8.114317E-19
3885.  8.153711E-19
3886.  8.209103E-19
3887.  8.276907E-19
3888.  8.358562E-19
3889.  8.452124E-19
3890.  8.556205E-19
3891.  8.672234E-19
3892.  8.797811E-19
3893.  8.933774E-19
3894.  9.077450E-19
3895.  9.229421E-19
3896.  9.389052E-19
3897.  9.554524E-19
3898.  9.725460E-19
3899.  9.902376E-19
3900.  1.008203E-18
3901.  1.026632E-18
3902.  1.045217E-18
3903.  1.064087E-18
3904.  1.082906E-18
3905.  1.101805E-18
3906.  1.120560E-18
3907.  1.138966E-18
3908.  1.157265E-18
3909.  1.174989E-18
3910.  1.192119E-18
3911.  1.208662E-18
3912.  1.224354E-18
3913.  1.239076E-18
3914.  1.252807E-18
3915.  1.265221E-18
3916.  1.276213E-18
3917.  1.285598E-18
3918.  1.293243E-18
3919.  1.299035E-18
3920.  1.302609E-18
3921.  1.303870E-18
3922.  1.302669E-18
3923.  1.298564E-18
3924.  1.291551E-18
3925.  1.281205E-18
3926.  1.267439E-18
3927.  1.249819E-18
3928.  1.228272E-18
3929.  1.202262E-18
3930.  1.171725E-18
3931.  1.136292E-18
3932.  1.095653E-18
3933.  1.049526E-18
3934.  9.974026E-19
3935.  9.391782E-19
3936.  8.744582E-19
3937.  8.027959E-19
3938.  7.240079E-19
3939.  6.376047E-19
3940.  5.432493E-19
3941.  4.406576E-19
3942.  3.293771E-19
3943.  2.090214E-19
3944.  7.931293E-20
3945.  -6.010334E-20
3946.  -2.096808E-19
3947.  -3.697995E-19
3948.  -5.406454E-19
3949.  -7.228271E-19
3950.  -9.164659E-19
3951.  -1.122097E-18
3952.  -1.339883E-18
3953.  -1.570243E-18
3954.  -1.813666E-18
3955.  -2.070144E-18
3956.  -2.340238E-18
3957.  -2.624046E-18
3958.  -2.921987E-18
3959.  -3.234270E-18
3960.  -3.561153E-18
3961.  -3.902766E-18
3962.  -4.259450E-18
3963.  -4.631236E-18
3964.  -5.018555E-18
3965.  -5.421274E-18
3966.  -5.839651E-18
3967.  -6.273724E-18
3968.  -6.723547E-18
3969.  -7.189323E-18
3970.  -7.670831E-18
3971.  -8.168261E-18
3972.  -8.681393E-18
3973.  -9.210335E-18
3974.  -9.754795E-18
3975.  -1.031473E-17
3976.  -1.088991E-17
3977.  -1.148009E-17
3978.  -1.208502E-17
3979.  -1.270444E-17
3980.  -1.333801E-17
3981.  -1.398535E-17
3982.  -1.464600E-17
3983.  -1.531949E-17
3984.  -1.600526E-17
3985.  -1.670275E-17
3986.  -1.741144E-17
3987.  -1.813067E-17
3988.  -1.885957E-17
3989.  -1.959764E-17
3990.  -2.034383E-17
3991.  -2.109750E-17
3992.  -2.185755E-17
3993.  -2.262313E-17
3994.  -2.339324E-17
3995.  -2.416684E-17
3996.  -2.494280E-17
3997.  -2.571990E-17
3998.  -2.649711E-17
3999.  -2.727305E-17
4000.  -2.804647E-17
4001.  -2.881602E-17
4002.  -2.958046E-17
4003.  -3.033831E-17
4004.  -3.108806E-17
4005.  -3.182823E-17
4006.  -3.255743E-17
4007.  -3.327399E-17
4008.  -3.397641E-17
4009.  -3.466301E-17
4010.  -3.533226E-17
4011.  -3.598251E-17
4012.  -3.661209E-17
4013.  -3.721945E-17
4014.  -3.780277E-17
4015.  -3.836055E-17
4016.  -3.889115E-17
4017.  -3.939263E-17
4018.  -3.986371E-17
4019.  -4.030271E-17
4020.  -4.070788E-17
4021.  -4.107765E-17
4022.  -4.141081E-17
4023.  -4.170552E-17
4024.  -4.196050E-17
4025.  -4.217423E-17
4026.  -4.234545E-17
4027.  -4.247283E-17
4028.  -4.255519E-17
4029.  -4.259124E-17
4030.  -4.258002E-17
4031.  -4.252047E-17
4032.  -4.241151E-17
4033.  -4.225241E-17
4034.  -4.204230E-17
4035.  -4.178061E-17
4036.  -4.146651E-17
4037.  -4.109971E-17
4038.  -4.067977E-17
4039.  -4.020626E-17
4040.  -3.967890E-17
4041.  -3.909780E-17
4042.  -3.846286E-17
4043.  -3.777397E-17
4044.  -3.703150E-17
4045.  -3.623578E-17
4046.  -3.538698E-17
4047.  -3.448581E-17
4048.  -3.353283E-17
4049.  -3.252845E-17
4050.  -3.147379E-17
4051.  -3.036955E-17
4052.  -2.921665E-17
4053.  -2.801607E-17
4054.  -2.676924E-17
4055.  -2.547695E-17
4056.  -2.414079E-17
4057.  -2.276204E-17
4058.  -2.134183E-17
4059.  -1.988212E-17
4060.  -1.838392E-17
4061.  -1.684910E-17
4062.  -1.527928E-17
4063.  -1.367610E-17
4064.  -1.204108E-17
4065.  -1.037603E-17
4066.  -8.682891E-18
4067.  -6.963029E-18
4068.  -5.218462E-18
4069.  -3.450969E-18
4070.  -1.662230E-18
4071.  1.459127E-19
4072.  1.971745E-18
4073.  3.813533E-18
4074.  5.669430E-18
4075.  7.537784E-18
4076.  9.417008E-18
4077.  1.130527E-17
4078.  1.320114E-17
4079.  1.510260E-17
4080.  1.700860E-17
4081.  1.891725E-17
4082.  2.082721E-17
4083.  2.273701E-17
4084.  2.464516E-17
4085.  2.655023E-17
4086.  2.845102E-17
4087.  3.034615E-17
4088.  3.223435E-17
4089.  3.411431E-17
4090.  3.598486E-17
4091.  3.784486E-17
4092.  3.969299E-17
4093.  4.152832E-17
4094.  4.334971E-17
4095.  4.515580E-17
4096.  4.694576E-17
4097.  4.871845E-17
4098.  5.047273E-17
4099.  5.220756E-17
4100.  5.392193E-17
4101.  5.561458E-17
4102.  5.728479E-17
4103.  5.893121E-17
4104.  6.055268E-17
4105.  6.214829E-17
4106.  6.371686E-17
4107.  6.525709E-17
4108.  6.676801E-17
4109.  6.824836E-17
4110.  6.969694E-17
4111.  7.111258E-17
4112.  7.249396E-17
4113.  7.383998E-17
4114.  7.514928E-17
4115.  7.642060E-17
4116.  7.765262E-17
4117.  7.884401E-17
4118.  7.999384E-17
4119.  8.110045E-17
4120.  8.216294E-17
4121.  8.317972E-17
4122.  8.414981E-17
4123.  8.507197E-17
4124.  8.594508E-17
4125.  8.676806E-17
4126.  8.753992E-17
4127.  8.825967E-17
4128.  8.892642E-17
4129.  8.953936E-17
4130.  9.009770E-17
4131.  9.060109E-17
4132.  9.104868E-17
4133.  9.144044E-17
4134.  9.177585E-17
4135.  9.205476E-17
4136.  9.227740E-17
4137.  9.244357E-17
4138.  9.255399E-17
4139.  9.260875E-17
4140.  9.260875E-17
4141.  9.255446E-17
4142.  9.244719E-17
4143.  9.228760E-17
4144.  9.207746E-17
4145.  9.181796E-17
4146.  9.151060E-17
4147.  9.115743E-17
4148.  9.076033E-17
4149.  9.032137E-17
4150.  8.984289E-17
4151.  8.932710E-17
4152.  8.877691E-17
4153.  8.819476E-17
4154.  8.758348E-17
4155.  8.694612E-17
4156.  8.628558E-17
4157.  8.560519E-17
4158.  8.490804E-17
4159.  8.419744E-17
4160.  8.347663E-17
4161.  8.274906E-17
4162.  8.201815E-17
4163.  8.128720E-17
4164.  8.055969E-17
4165.  7.983898E-17
4166.  7.912835E-17
4167.  7.843106E-17
4168.  7.775037E-17
4169.  7.708926E-17
4170.  7.645086E-17
4171.  7.583794E-17
4172.  7.525329E-17
4173.  7.469947E-17
4174.  7.417899E-17
4175.  7.369403E-17
4176.  7.324671E-17
4177.  7.283876E-17
4178.  7.247198E-17
4179.  7.214763E-17
4180.  7.186713E-17
4181.  7.163110E-17
4182.  7.144063E-17
4183.  7.129606E-17
4184.  7.119754E-17
4185.  7.114502E-17
4186.  7.113826E-17
4187.  7.117678E-17
4188.  7.125986E-17
4189.  7.138626E-17
4190.  7.155486E-17
4191.  7.176402E-17
4192.  7.201204E-17
4193.  7.229715E-17
4194.  7.261684E-17
4195.  7.296900E-17
4196.  7.335096E-17
4197.  7.375989E-17
4198.  7.419305E-17
4199.  7.464718E-17
4200.  7.511938E-17
4201.  7.560604E-17
4202.  7.610387E-17
4203.  7.660941E-17
4204.  7.711911E-17
4205.  7.762927E-17
4206.  7.813641E-17
4207.  7.863665E-17
4208.  7.912658E-17
4209.  7.960245E-17
4210.  8.006061E-17
4211.  8.049763E-17
4212.  8.091020E-17
4213.  8.129491E-17
4214.  8.164836E-17
4215.  8.196756E-17
4216.  8.224965E-17
4217.  8.249172E-17
4218.  8.269112E-17
4219.  8.284546E-17
4220.  8.295250E-17
4221.  8.301017E-17
4222.  8.301675E-17
4223.  8.297046E-17
4224.  8.287010E-17
4225.  8.271461E-17
4226.  8.250294E-17
4227.  8.223458E-17
4228.  8.190924E-17
4229.  8.152674E-17
4230.  8.108742E-17
4231.  8.059154E-17
4232.  8.003988E-17
4233.  7.943355E-17
4234.  7.877362E-17
4235.  7.806180E-17
4236.  7.729957E-17
4237.  7.648919E-17
4238.  7.563294E-17
4239.  7.473304E-17
4240.  7.379265E-17
4241.  7.281444E-17
4242.  7.180172E-17
4243.  7.075786E-17
4244.  6.968651E-17
4245.  6.859136E-17
4246.  6.747666E-17
4247.  6.634630E-17
4248.  6.520501E-17
4249.  6.405679E-17
4250.  6.290656E-17
4251.  6.175910E-17
4252.  6.061925E-17
4253.  5.949207E-17
4254.  5.838266E-17
4255.  5.729612E-17
4256.  5.623796E-17
4257.  5.521336E-17
4258.  5.422772E-17
4259.  5.328661E-17
4260.  5.239534E-17
4261.  5.155966E-17
4262.  5.078493E-17
4263.  5.007654E-17
4264.  4.944027E-17
4265.  4.888134E-17
4266.  4.840541E-17
4267.  4.801766E-17
4268.  4.772357E-17
4269.  4.752809E-17
4270.  4.743673E-17
4271.  4.745430E-17
4272.  4.758590E-17
4273.  4.783629E-17
4274.  4.821003E-17
4275.  4.871162E-17
4276.  4.934558E-17
4277.  5.011599E-17
4278.  5.102678E-17
4279.  5.208177E-17
4280.  5.328446E-17
4281.  5.463812E-17
4282.  5.614588E-17
4283.  5.781044E-17
4284.  5.963438E-17
4285.  6.161994E-17
4286.  6.376897E-17
4287.  6.608300E-17
4288.  6.856349E-17
4289.  7.121117E-17
4290.  7.402676E-17
4291.  7.701023E-17
4292.  8.016170E-17
4293.  8.348042E-17
4294.  8.696538E-17
4295.  9.061544E-17
4296.  9.442868E-17
4297.  9.840278E-17
4298.  1.025353E-16
4299.  1.068232E-16
4300.  1.112629E-16
4301.  1.158504E-16
4302.  1.205816E-16
4303.  1.254514E-16
4304.  1.304548E-16
4305.  1.355862E-16
4306.  1.408394E-16
4307.  1.462080E-16
4308.  1.516850E-16
4309.  1.572633E-16
4310.  1.629352E-16
4311.  1.686927E-16
4312.  1.745274E-16
4313.  1.804306E-16
4314.  1.863934E-16
4315.  1.924065E-16
4316.  1.984603E-16
4317.  2.045451E-16
4318.  2.106508E-16
4319.  2.167672E-16
4320.  2.228842E-16
4321.  2.289911E-16
4322.  2.350774E-16
4323.  2.411325E-16
4324.  2.471458E-16
4325.  2.531066E-16
4326.  2.590045E-16
4327.  2.648287E-16
4328.  2.705690E-16
4329.  2.762151E-16
4330.  2.817567E-16
4331.  2.871844E-16
4332.  2.924882E-16
4333.  2.976589E-16
4334.  3.026877E-16
4335.  3.075657E-16
4336.  3.122847E-16
4337.  3.168370E-16
4338.  3.212149E-16
4339.  3.254118E-16
4340.  3.294212E-16
4341.  3.332370E-16
4342.  3.368540E-16
4343.  3.402672E-16
4344.  3.434725E-16
4345.  3.464664E-16
4346.  3.492455E-16
4347.  3.518077E-16
4348.  3.541508E-16
4349.  3.562739E-16
4350.  3.581764E-16
4351.  3.598582E-16
4352.  3.613201E-16
4353.  3.625635E-16
4354.  3.635900E-16
4355.  3.644023E-16
4356.  3.650034E-16
4357.  3.653969E-16
4358.  3.655873E-16
4359.  3.655788E-16
4360.  3.653771E-16
4361.  3.649876E-16
4362.  3.644167E-16
4363.  3.636706E-16
4364.  3.627567E-16
4365.  3.616821E-16
4366.  3.604547E-16
4367.  3.590823E-16
4368.  3.575734E-16
4369.  3.559362E-16
4370.  3.541797E-16
4371.  3.523126E-16
4372.  3.503439E-16
4373.  3.482827E-16
4374.  3.461384E-16
4375.  3.439199E-16
4376.  3.416366E-16
4377.  3.392973E-16
4378.  3.369115E-16
4379.  3.344880E-16
4380.  3.320357E-16
4381.  3.295634E-16
4382.  3.270793E-16
4383.  3.245917E-16
4384.  3.221091E-16
4385.  3.196389E-16
4386.  3.171885E-16
4387.  3.147655E-16
4388.  3.123766E-16
4389.  3.100283E-16
4390.  3.077268E-16
4391.  3.054779E-16
4392.  3.032870E-16
4393.  3.011594E-16
4394.  2.990996E-16
4395.  2.971118E-16
4396.  2.952000E-16
4397.  2.933675E-16
4398.  2.916176E-16
4399.  2.899526E-16
4400.  2.883751E-16
4401.  2.868866E-16
4402.  2.854885E-16
4403.  2.841821E-16
4404.  2.829677E-16
4405.  2.818460E-16
4406.  2.808163E-16
4407.  2.798784E-16
4408.  2.790313E-16
4409.  2.782739E-16
4410.  2.776045E-16
4411.  2.770213E-16
4412.  2.765221E-16
4413.  2.761044E-16
4414.  2.757653E-16
4415.  2.755017E-16
4416.  2.753104E-16
4417.  2.751876E-16
4418.  2.751297E-16
4419.  2.751324E-16
4420.  2.751914E-16
4421.  2.753026E-16
4422.  2.754609E-16
4423.  2.756616E-16
4424.  2.758999E-16
4425.  2.761704E-16
4426.  2.764680E-16
4427.  2.767874E-16
4428.  2.771231E-16
4429.  2.774695E-16
4430.  2.778212E-16
4431.  2.781723E-16
4432.  2.785173E-16
4433.  2.788504E-16
4434.  2.791660E-16
4435.  2.794584E-16
4436.  2.797219E-16
4437.  2.799508E-16
4438.  2.801397E-16
4439.  2.802829E-16
4440.  2.803753E-16
4441.  2.804113E-16
4442.  2.803856E-16
4443.  2.802936E-16
4444.  2.801301E-16
4445.  2.798905E-16
4446.  2.795701E-16
4447.  2.791646E-16
4448.  2.786699E-16
4449.  2.780819E-16
4450.  2.773969E-16
4451.  2.766115E-16
4452.  2.757225E-16
4453.  2.747268E-16
4454.  2.736221E-16
4455.  2.724054E-16
4456.  2.710749E-16
4457.  2.696291E-16
4458.  2.680661E-16
4459.  2.663848E-16
4460.  2.645847E-16
4461.  2.626649E-16
4462.  2.606254E-16
4463.  2.584664E-16
4464.  2.561879E-16
4465.  2.537916E-16
4466.  2.512777E-16
4467.  2.486481E-16
4468.  2.459049E-16
4469.  2.430496E-16
4470.  2.400851E-16
4471.  2.370136E-16
4472.  2.338386E-16
4473.  2.305635E-16
4474.  2.271914E-16
4475.  2.237263E-16
4476.  2.201723E-16
4477.  2.165340E-16
4478.  2.128155E-16
4479.  2.090216E-16
4480.  2.051575E-16
4481.  2.012282E-16
4482.  1.972388E-16
4483.  1.931948E-16
4484.  1.891015E-16
4485.  1.849646E-16
4486.  1.807900E-16
4487.  1.765829E-16
4488.  1.723494E-16
4489.  1.680952E-16
4490.  1.638260E-16
4491.  1.595476E-16
4492.  1.552657E-16
4493.  1.509859E-16
4494.  1.467136E-16
4495.  1.424547E-16
4496.  1.382140E-16
4497.  1.339969E-16
4498.  1.298088E-16
4499.  1.256544E-16
4500.  1.215383E-16
