1.  -6.719274E-23
2.  -5.647065E-23
3.  -2.119816E-23
4.  -6.579503E-23
5.  -1.091799E-22
6.  1.397535E-23
7.  -5.596539E-23
8.  2.474341E-23
9.  -8.482187E-23
10.  -9.982120E-24
11.  -7.518002E-24
12.  -2.520009E-23
13.  -3.253084E-23
14.  -5.681901E-23
15.  -5.189657E-24
16.  9.125121E-23
17.  -2.055741E-23
18.  -7.306749E-23
19.  -5.008330E-23
20.  -4.570339E-23
21.  5.318867E-23
22.  -8.130715E-23
23.  -3.148507E-23
24.  -7.285253E-23
25.  -8.554086E-24
26.  1.072144E-23
27.  -3.440042E-23
28.  -5.860633E-23
29.  -3.568821E-23
30.  -4.951679E-23
31.  -2.186566E-23
32.  3.391963E-24
33.  -6.715993E-23
34.  4.566707E-23
35.  -1.179143E-22
36.  5.932916E-24
37.  8.973204E-24
38.  -7.760163E-23
39.  -8.959416E-23
40.  7.272144E-23
41.  -4.298410E-23
42.  -1.529286E-23
43.  1.633573E-25
44.  -1.211127E-23
45.  -3.229294E-23
46.  -4.051781E-23
47.  9.935375E-24
48.  -4.622418E-23
49.  5.368735E-24
50.  -4.974948E-23
51.  -1.649451E-23
52.  -3.810938E-23
53.  -7.302839E-23
54.  -7.783213E-23
55.  8.772358E-23
56.  -1.127959E-22
57.  -8.705163E-23
58.  -1.340594E-23
59.  -4.252739E-23
60.  -1.040039E-22
61.  -3.171760E-23
62.  2.069160E-23
63.  -5.196799E-23
64.  3.475999E-23
65.  -3.084414E-23
66.  -1.129689E-22
67.  -8.843186E-23
68.  -3.488515E-23
69.  1.357845E-23
70.  -5.790804E-23
71.  -3.346580E-23
72.  -3.961288E-23
73.  -1.186255E-23
74.  7.470879E-24
75.  2.003224E-24
76.  -1.958791E-23
77.  -2.361476E-23
78.  -2.014708E-23
79.  1.231469E-24
80.  9.096386E-23
81.  -7.266505E-23
82.  -1.936973E-23
83.  -1.904058E-24
84.  -3.646015E-23
85.  5.738500E-23
86.  -4.566401E-23
87.  -6.557580E-24
88.  -4.148214E-23
89.  -4.120012E-24
90.  -2.388850E-23
91.  -3.547962E-23
92.  2.486038E-23
93.  9.166374E-24
94.  -1.051239E-23
95.  -3.675428E-23
96.  1.907065E-23
97.  -1.406843E-23
98.  -7.416042E-23
99.  7.759132E-23
100.  -7.317301E-23
101.  -4.049036E-23
102.  -5.618002E-24
103.  -5.187619E-23
104.  -1.122136E-24
105.  -5.596819E-23
106.  -9.057812E-23
107.  3.784040E-24
108.  -1.201497E-24
109.  -5.447077E-23
110.  -2.815709E-23
111.  6.748754E-23
112.  3.543270E-23
113.  -3.907931E-23
114.  -5.930160E-23
115.  3.217913E-23
116.  -3.173870E-23
117.  2.776700E-23
118.  -7.662793E-23
119.  3.020586E-23
120.  2.176742E-23
121.  5.765664E-23
122.  2.831572E-23
123.  4.179171E-24
124.  5.011505E-23
125.  6.677458E-23
126.  1.189957E-23
127.  8.742290E-23
128.  1.664268E-22
129.  6.809108E-23
130.  8.534488E-23
131.  1.302873E-22
132.  1.581295E-22
133.  1.815877E-22
134.  2.714445E-22
135.  3.216580E-22
136.  3.505158E-22
137.  4.066660E-22
138.  4.494349E-22
139.  5.424031E-22
140.  6.200250E-22
141.  6.918642E-22
142.  7.265621E-22
143.  1.024307E-21
144.  1.190824E-21
145.  1.200349E-21
146.  1.379793E-21
147.  1.572669E-21
148.  1.884637E-21
149.  2.101742E-21
150.  2.256610E-21
151.  2.653118E-21
152.  3.005865E-21
153.  3.330815E-21
154.  3.879481E-21
155.  4.324625E-21
156.  4.954363E-21
157.  5.619936E-21
158.  6.249749E-21
159.  7.205410E-21
160.  8.066549E-21
161.  9.052937E-21
162.  1.022876E-20
163.  1.146948E-20
164.  1.289308E-20
165.  1.445072E-20
166.  1.631077E-20
167.  1.819920E-20
168.  2.047681E-20
169.  2.288751E-20
170.  2.563612E-20
171.  2.868773E-20
172.  3.212174E-20
173.  3.583590E-20
174.  4.005228E-20
175.  4.468903E-20
176.  4.975614E-20
177.  5.548110E-20
178.  6.177587E-20
179.  6.877137E-20
180.  7.655559E-20
181.  8.508218E-20
182.  9.446324E-20
183.  1.049671E-19
184.  1.163934E-19
185.  1.290076E-19
186.  1.429964E-19
187.  1.582925E-19
188.  1.751548E-19
189.  1.937060E-19
190.  2.141144E-19
191.  2.364160E-19
192.  2.610355E-19
193.  2.878677E-19
194.  3.172748E-19
195.  3.495366E-19
196.  3.848560E-19
197.  4.233617E-19
198.  4.656352E-19
199.  5.115543E-19
200.  5.617436E-19
201.  6.165248E-19
202.  6.762338E-19
203.  7.412229E-19
204.  8.119227E-19
205.  8.888148E-19
206.  9.724108E-19
207.  1.063232E-18
208.  1.161835E-18
209.  1.268731E-18
210.  1.384599E-18
211.  1.510147E-18
212.  1.646085E-18
213.  1.793296E-18
214.  1.952238E-18
215.  2.124023E-18
216.  2.309431E-18
217.  2.509745E-18
218.  2.725682E-18
219.  2.958215E-18
220.  3.209040E-18
221.  3.478681E-18
222.  3.768838E-18
223.  4.080792E-18
224.  4.415714E-18
225.  4.775285E-18
226.  5.161145E-18
227.  5.574928E-18
228.  6.018168E-18
229.  6.492760E-18
230.  7.000716E-18
231.  7.543962E-18
232.  8.124422E-18
233.  8.744495E-18
234.  9.406422E-18
235.  1.011236E-17
236.  1.086493E-17
237.  1.166667E-17
238.  1.252032E-17
239.  1.342855E-17
240.  1.439421E-17
241.  1.542048E-17
242.  1.651031E-17
243.  1.766698E-17
244.  1.889373E-17
245.  2.019413E-17
246.  2.157145E-17
247.  2.302983E-17
248.  2.457259E-17
249.  2.620359E-17
250.  2.792726E-17
251.  2.974734E-17
252.  3.166796E-17
253.  3.369371E-17
254.  3.582879E-17
255.  3.807771E-17
256.  4.044530E-17
257.  4.293591E-17
258.  4.555451E-17
259.  4.830603E-17
260.  5.119524E-17
261.  5.422733E-17
262.  5.740734E-17
263.  6.074028E-17
264.  6.423149E-17
265.  6.788619E-17
266.  7.170972E-17
267.  7.570732E-17
268.  7.988443E-17
269.  8.424633E-17
270.  8.879847E-17
271.  9.354637E-17
272.  9.849535E-17
273.  1.036504E-16
274.  1.090171E-16
275.  1.146007E-16
276.  1.204067E-16
277.  1.264399E-16
278.  1.327053E-16
279.  1.392084E-16
280.  1.459535E-16
281.  1.529456E-16
282.  1.601897E-16
283.  1.676897E-16
284.  1.754504E-16
285.  1.834756E-16
286.  1.917696E-16
287.  2.003364E-16
288.  2.091791E-16
289.  2.183012E-16
290.  2.277064E-16
291.  2.373970E-16
292.  2.473761E-16
293.  2.576458E-16
294.  2.682083E-16
295.  2.790654E-16
296.  2.902189E-16
297.  3.016696E-16
298.  3.134188E-16
299.  3.254666E-16
300.  3.378137E-16
301.  3.504596E-16
302.  3.634041E-16
303.  3.766459E-16
304.  3.901842E-16
305.  4.040173E-16
306.  4.181429E-16
307.  4.325590E-16
308.  4.472628E-16
309.  4.622510E-16
310.  4.775199E-16
311.  4.930656E-16
312.  5.088838E-16
313.  5.249697E-16
314.  5.413183E-16
315.  5.579239E-16
316.  5.747804E-16
317.  5.918815E-16
318.  6.092207E-16
319.  6.267908E-16
320.  6.445844E-16
321.  6.625935E-16
322.  6.808097E-16
323.  6.992251E-16
324.  7.178304E-16
325.  7.366165E-16
326.  7.555739E-16
327.  7.746929E-16
328.  7.939634E-16
329.  8.133749E-16
330.  8.329171E-16
331.  8.525788E-16
332.  8.723493E-16
333.  8.922169E-16
334.  9.121706E-16
335.  9.321985E-16
336.  9.522889E-16
337.  9.724296E-16
338.  9.926087E-16
339.  1.012814E-15
340.  1.033033E-15
341.  1.053255E-15
342.  1.073465E-15
343.  1.093652E-15
344.  1.113804E-15
345.  1.133907E-15
346.  1.153951E-15
347.  1.173921E-15
348.  1.193807E-15
349.  1.213595E-15
350.  1.233274E-15
351.  1.252831E-15
352.  1.272254E-15
353.  1.291533E-15
354.  1.310655E-15
355.  1.329608E-15
356.  1.348382E-15
357.  1.366964E-15
358.  1.385345E-15
359.  1.403514E-15
360.  1.421460E-15
361.  1.439172E-15
362.  1.456642E-15
363.  1.473858E-15
364.  1.490811E-15
365.  1.507493E-15
366.  1.523895E-15
367.  1.540006E-15
368.  1.555820E-15
369.  1.571327E-15
370.  1.586521E-15
371.  1.601394E-15
372.  1.615937E-15
373.  1.630145E-15
374.  1.644010E-15
375.  1.657526E-15
376.  1.670688E-15
377.  1.683489E-15
378.  1.695924E-15
379.  1.707987E-15
380.  1.719674E-15
381.  1.730980E-15
382.  1.741902E-15
383.  1.752434E-15
384.  1.762573E-15
385.  1.772317E-15
386.  1.781661E-15
387.  1.790602E-15
388.  1.799139E-15
389.  1.807269E-15
390.  1.814991E-15
391.  1.822301E-15
392.  1.829199E-15
393.  1.835685E-15
394.  1.841756E-15
395.  1.847413E-15
396.  1.852654E-15
397.  1.857481E-15
398.  1.861893E-15
399.  1.865891E-15
400.  1.869476E-15
401.  1.872648E-15
402.  1.875409E-15
403.  1.877762E-15
404.  1.879706E-15
405.  1.881245E-15
406.  1.882382E-15
407.  1.883119E-15
408.  1.883458E-15
409.  1.883404E-15
410.  1.882960E-15
411.  1.882130E-15
412.  1.880917E-15
413.  1.879327E-15
414.  1.877365E-15
415.  1.875035E-15
416.  1.872342E-15
417.  1.869293E-15
418.  1.865893E-15
419.  1.862149E-15
420.  1.858066E-15
421.  1.853653E-15
422.  1.848916E-15
423.  1.843863E-15
424.  1.838501E-15
425.  1.832838E-15
426.  1.826884E-15
427.  1.820645E-15
428.  1.814133E-15
429.  1.807355E-15
430.  1.800321E-15
431.  1.793041E-15
432.  1.785526E-15
433.  1.777784E-15
434.  1.769828E-15
435.  1.761668E-15
436.  1.753315E-15
437.  1.744780E-15
438.  1.736075E-15
439.  1.727212E-15
440.  1.718202E-15
441.  1.709059E-15
442.  1.699794E-15
443.  1.690419E-15
444.  1.680947E-15
445.  1.671393E-15
446.  1.661767E-15
447.  1.652083E-15
448.  1.642355E-15
449.  1.632596E-15
450.  1.622818E-15
451.  1.613036E-15
452.  1.603262E-15
453.  1.593510E-15
454.  1.583794E-15
455.  1.574125E-15
456.  1.564519E-15
457.  1.554987E-15
458.  1.545544E-15
459.  1.536201E-15
460.  1.526972E-15
461.  1.517870E-15
462.  1.508906E-15
463.  1.500094E-15
464.  1.491445E-15
465.  1.482971E-15
466.  1.474685E-15
467.  1.466596E-15
468.  1.458717E-15
469.  1.451058E-15
470.  1.443630E-15
471.  1.436442E-15
472.  1.429505E-15
473.  1.422828E-15
474.  1.416420E-15
475.  1.410289E-15
476.  1.404445E-15
477.  1.398894E-15
478.  1.393644E-15
479.  1.388703E-15
480.  1.384076E-15
481.  1.379770E-15
482.  1.375790E-15
483.  1.372141E-15
484.  1.368829E-15
485.  1.365856E-15
486.  1.363228E-15
487.  1.360946E-15
488.  1.359013E-15
489.  1.357433E-15
490.  1.356205E-15
491.  1.355332E-15
492.  1.354813E-15
493.  1.354650E-15
494.  1.354840E-15
495.  1.355385E-15
496.  1.356281E-15
497.  1.357527E-15
498.  1.359120E-15
499.  1.361058E-15
500.  1.363337E-15
501.  1.365953E-15
502.  1.368902E-15
503.  1.372177E-15
504.  1.375775E-15
505.  1.379689E-15
506.  1.383913E-15
507.  1.388439E-15
508.  1.393261E-15
509.  1.398371E-15
510.  1.403760E-15
511.  1.409421E-15
512.  1.415343E-15
513.  1.421518E-15
514.  1.427936E-15
515.  1.434587E-15
516.  1.441460E-15
517.  1.448544E-15
518.  1.455827E-15
519.  1.463299E-15
520.  1.470947E-15
521.  1.478759E-15
522.  1.486723E-15
523.  1.494825E-15
524.  1.503053E-15
525.  1.511392E-15
526.  1.519831E-15
527.  1.528353E-15
528.  1.536946E-15
529.  1.545595E-15
530.  1.554286E-15
531.  1.563004E-15
532.  1.571734E-15
533.  1.580462E-15
534.  1.589171E-15
535.  1.597848E-15
536.  1.606477E-15
537.  1.615042E-15
538.  1.623528E-15
539.  1.631921E-15
540.  1.640204E-15
541.  1.648363E-15
542.  1.656382E-15
543.  1.664246E-15
544.  1.671940E-15
545.  1.679449E-15
546.  1.686759E-15
547.  1.693855E-15
548.  1.700721E-15
549.  1.707345E-15
550.  1.713713E-15
551.  1.719810E-15
552.  1.725623E-15
553.  1.731140E-15
554.  1.736347E-15
555.  1.741233E-15
556.  1.745786E-15
557.  1.749993E-15
558.  1.753845E-15
559.  1.757330E-15
560.  1.760438E-15
561.  1.763161E-15
562.  1.765489E-15
563.  1.767414E-15
564.  1.768928E-15
565.  1.770023E-15
566.  1.770694E-15
567.  1.770934E-15
568.  1.770738E-15
569.  1.770102E-15
570.  1.769021E-15
571.  1.767493E-15
572.  1.765514E-15
573.  1.763084E-15
574.  1.760201E-15
575.  1.756864E-15
576.  1.753076E-15
577.  1.748835E-15
578.  1.744145E-15
579.  1.739008E-15
580.  1.733428E-15
581.  1.727408E-15
582.  1.720954E-15
583.  1.714070E-15
584.  1.706764E-15
585.  1.699043E-15
586.  1.690914E-15
587.  1.682385E-15
588.  1.673466E-15
589.  1.664166E-15
590.  1.654496E-15
591.  1.644466E-15
592.  1.634088E-15
593.  1.623374E-15
594.  1.612336E-15
595.  1.600988E-15
596.  1.589343E-15
597.  1.577415E-15
598.  1.565219E-15
599.  1.552768E-15
600.  1.540080E-15
601.  1.527168E-15
602.  1.514049E-15
603.  1.500738E-15
604.  1.487252E-15
605.  1.473608E-15
606.  1.459822E-15
607.  1.445911E-15
608.  1.431892E-15
609.  1.417781E-15
610.  1.403595E-15
611.  1.389352E-15
612.  1.375067E-15
613.  1.360759E-15
614.  1.346444E-15
615.  1.332137E-15
616.  1.317857E-15
617.  1.303618E-15
618.  1.289436E-15
619.  1.275328E-15
620.  1.261309E-15
621.  1.247393E-15
622.  1.233596E-15
623.  1.219932E-15
624.  1.206415E-15
625.  1.193058E-15
626.  1.179875E-15
627.  1.166878E-15
628.  1.154079E-15
629.  1.141491E-15
630.  1.129124E-15
631.  1.116989E-15
632.  1.105096E-15
633.  1.093455E-15
634.  1.082075E-15
635.  1.070964E-15
636.  1.060130E-15
637.  1.049581E-15
638.  1.039323E-15
639.  1.029362E-15
640.  1.019704E-15
641.  1.010355E-15
642.  1.001317E-15
643.  9.925945E-16
644.  9.841912E-16
645.  9.761094E-16
646.  9.683511E-16
647.  9.609172E-16
648.  9.538088E-16
649.  9.470258E-16
650.  9.405680E-16
651.  9.344345E-16
652.  9.286234E-16
653.  9.231331E-16
654.  9.179607E-16
655.  9.131032E-16
656.  9.085570E-16
657.  9.043176E-16
658.  9.003808E-16
659.  8.967415E-16
660.  8.933940E-16
661.  8.903327E-16
662.  8.875508E-16
663.  8.850419E-16
664.  8.827987E-16
665.  8.808134E-16
666.  8.790785E-16
667.  8.775856E-16
668.  8.763264E-16
669.  8.752920E-16
670.  8.744731E-16
671.  8.738607E-16
672.  8.734449E-16
673.  8.732160E-16
674.  8.731641E-16
675.  8.732791E-16
676.  8.735504E-16
677.  8.739676E-16
678.  8.745202E-16
679.  8.751973E-16
680.  8.759883E-16
681.  8.768824E-16
682.  8.778684E-16
683.  8.789356E-16
684.  8.800731E-16
685.  8.812697E-16
686.  8.825147E-16
687.  8.837974E-16
688.  8.851067E-16
689.  8.864320E-16
690.  8.877627E-16
691.  8.890885E-16
692.  8.903989E-16
693.  8.916834E-16
694.  8.929325E-16
695.  8.941360E-16
696.  8.952844E-16
697.  8.963680E-16
698.  8.973780E-16
699.  8.983051E-16
700.  8.991407E-16
701.  8.998766E-16
702.  9.005040E-16
703.  9.010159E-16
704.  9.014044E-16
705.  9.016623E-16
706.  9.017824E-16
707.  9.017587E-16
708.  9.015848E-16
709.  9.012551E-16
710.  9.007638E-16
711.  9.001061E-16
712.  8.992776E-16
713.  8.982738E-16
714.  8.970911E-16
715.  8.957257E-16
716.  8.941751E-16
717.  8.924367E-16
718.  8.905080E-16
719.  8.883878E-16
720.  8.860748E-16
721.  8.835682E-16
722.  8.808676E-16
723.  8.779731E-16
724.  8.748852E-16
725.  8.716052E-16
726.  8.681343E-16
727.  8.644743E-16
728.  8.606277E-16
729.  8.565972E-16
730.  8.523860E-16
731.  8.479974E-16
732.  8.434357E-16
733.  8.387051E-16
734.  8.338103E-16
735.  8.287567E-16
736.  8.235492E-16
737.  8.181942E-16
738.  8.126977E-16
739.  8.070661E-16
740.  8.013061E-16
741.  7.954251E-16
742.  7.894300E-16
743.  7.833288E-16
744.  7.771290E-16
745.  7.708388E-16
746.  7.644662E-16
747.  7.580199E-16
748.  7.515084E-16
749.  7.449401E-16
750.  7.383239E-16
751.  7.316688E-16
752.  7.249835E-16
753.  7.182771E-16
754.  7.115586E-16
755.  7.048369E-16
756.  6.981207E-16
757.  6.914194E-16
758.  6.847414E-16
759.  6.780958E-16
760.  6.714909E-16
761.  6.649352E-16
762.  6.584371E-16
763.  6.520049E-16
764.  6.456464E-16
765.  6.393692E-16
766.  6.331811E-16
767.  6.270893E-16
768.  6.211008E-16
769.  6.152224E-16
770.  6.094605E-16
771.  6.038213E-16
772.  5.983107E-16
773.  5.929344E-16
774.  5.876975E-16
775.  5.826049E-16
776.  5.776612E-16
777.  5.728707E-16
778.  5.682374E-16
779.  5.637646E-16
780.  5.594559E-16
781.  5.553138E-16
782.  5.513412E-16
783.  5.475401E-16
784.  5.439125E-16
785.  5.404599E-16
786.  5.371835E-16
787.  5.340844E-16
788.  5.311633E-16
789.  5.284206E-16
790.  5.258561E-16
791.  5.234697E-16
792.  5.212613E-16
793.  5.192298E-16
794.  5.173747E-16
795.  5.156946E-16
796.  5.141884E-16
797.  5.128546E-16
798.  5.116914E-16
799.  5.106972E-16
800.  5.098701E-16
801.  5.092078E-16
802.  5.087085E-16
803.  5.083696E-16
804.  5.081892E-16
805.  5.081645E-16
806.  5.082934E-16
807.  5.085733E-16
808.  5.090020E-16
809.  5.095766E-16
810.  5.102951E-16
811.  5.111548E-16
812.  5.121535E-16
813.  5.132887E-16
814.  5.145582E-16
815.  5.159597E-16
816.  5.174911E-16
817.  5.191504E-16
818.  5.209354E-16
819.  5.228441E-16
820.  5.248751E-16
821.  5.270263E-16
822.  5.292961E-16
823.  5.316831E-16
824.  5.341857E-16
825.  5.368026E-16
826.  5.395327E-16
827.  5.423746E-16
828.  5.453272E-16
829.  5.483898E-16
830.  5.515614E-16
831.  5.548410E-16
832.  5.582281E-16
833.  5.617218E-16
834.  5.653214E-16
835.  5.690266E-16
836.  5.728365E-16
837.  5.767509E-16
838.  5.807690E-16
839.  5.848905E-16
840.  5.891150E-16
841.  5.934418E-16
842.  5.978705E-16
843.  6.024005E-16
844.  6.070313E-16
845.  6.117622E-16
846.  6.165929E-16
847.  6.215222E-16
848.  6.265495E-16
849.  6.316739E-16
850.  6.368943E-16
851.  6.422098E-16
852.  6.476191E-16
853.  6.531212E-16
854.  6.587141E-16
855.  6.643968E-16
856.  6.701672E-16
857.  6.760238E-16
858.  6.819644E-16
859.  6.879869E-16
860.  6.940893E-16
861.  7.002687E-16
862.  7.065229E-16
863.  7.128490E-16
864.  7.192438E-16
865.  7.257046E-16
866.  7.322279E-16
867.  7.388105E-16
868.  7.454485E-16
869.  7.521383E-16
870.  7.588762E-16
871.  7.656577E-16
872.  7.724788E-16
873.  7.793350E-16
874.  7.862218E-16
875.  7.931344E-16
876.  8.000683E-16
877.  8.070182E-16
878.  8.139790E-16
879.  8.209456E-16
880.  8.279126E-16
881.  8.348745E-16
882.  8.418258E-16
883.  8.487609E-16
884.  8.556740E-16
885.  8.625590E-16
886.  8.694103E-16
887.  8.762219E-16
888.  8.829875E-16
889.  8.897012E-16
890.  8.963569E-16
891.  9.029486E-16
892.  9.094695E-16
893.  9.159141E-16
894.  9.222757E-16
895.  9.285485E-16
896.  9.347261E-16
897.  9.408022E-16
898.  9.467711E-16
899.  9.526263E-16
900.  9.583619E-16
901.  9.639723E-16
902.  9.694511E-16
903.  9.747927E-16
904.  9.799915E-16
905.  9.850418E-16
906.  9.899383E-16
907.  9.946754E-16
908.  9.992481E-16
909.  1.003651E-15
910.  1.007880E-15
911.  1.011929E-15
912.  1.015795E-15
913.  1.019473E-15
914.  1.022958E-15
915.  1.026246E-15
916.  1.029335E-15
917.  1.032221E-15
918.  1.034899E-15
919.  1.037367E-15
920.  1.039623E-15
921.  1.041663E-15
922.  1.043486E-15
923.  1.045089E-15
924.  1.046471E-15
925.  1.047630E-15
926.  1.048566E-15
927.  1.049276E-15
928.  1.049762E-15
929.  1.050022E-15
930.  1.050057E-15
931.  1.049867E-15
932.  1.049454E-15
933.  1.048818E-15
934.  1.047960E-15
935.  1.046883E-15
936.  1.045588E-15
937.  1.044079E-15
938.  1.042357E-15
939.  1.040427E-15
940.  1.038292E-15
941.  1.035955E-15
942.  1.033421E-15
943.  1.030694E-15
944.  1.027780E-15
945.  1.024682E-15
946.  1.021408E-15
947.  1.017963E-15
948.  1.014353E-15
949.  1.010584E-15
950.  1.006663E-15
951.  1.002598E-15
952.  9.983945E-16
953.  9.940615E-16
954.  9.896062E-16
955.  9.850366E-16
956.  9.803610E-16
957.  9.755881E-16
958.  9.707261E-16
959.  9.657840E-16
960.  9.607706E-16
961.  9.556954E-16
962.  9.505668E-16
963.  9.453946E-16
964.  9.401883E-16
965.  9.349568E-16
966.  9.297097E-16
967.  9.244562E-16
968.  9.192063E-16
969.  9.139691E-16
970.  9.087536E-16
971.  9.035692E-16
972.  8.984250E-16
973.  8.933301E-16
974.  8.882932E-16
975.  8.833228E-16
976.  8.784276E-16
977.  8.736154E-16
978.  8.688947E-16
979.  8.642726E-16
980.  8.597567E-16
981.  8.553541E-16
982.  8.510713E-16
983.  8.469149E-16
984.  8.428905E-16
985.  8.390040E-16
986.  8.352602E-16
987.  8.316640E-16
988.  8.282197E-16
989.  8.249307E-16
990.  8.218007E-16
991.  8.188324E-16
992.  8.160278E-16
993.  8.133890E-16
994.  8.109171E-16
995.  8.086130E-16
996.  8.064766E-16
997.  8.045080E-16
998.  8.027062E-16
999.  8.010697E-16
1000.  7.995968E-16
1001.  7.982851E-16
1002.  7.971317E-16
1003.  7.961330E-16
1004.  7.952857E-16
1005.  7.945848E-16
1006.  7.940259E-16
1007.  7.936039E-16
1008.  7.933128E-16
1009.  7.931468E-16
1010.  7.930996E-16
1011.  7.931644E-16
1012.  7.933342E-16
1013.  7.936017E-16
1014.  7.939593E-16
1015.  7.943995E-16
1016.  7.949141E-16
1017.  7.954947E-16
1018.  7.961336E-16
1019.  7.968223E-16
1020.  7.975522E-16
1021.  7.983152E-16
1022.  7.991028E-16
1023.  7.999070E-16
1024.  8.007193E-16
1025.  8.015317E-16
1026.  8.023363E-16
1027.  8.031257E-16
1028.  8.038922E-16
1029.  8.046288E-16
1030.  8.053287E-16
1031.  8.059853E-16
1032.  8.065926E-16
1033.  8.071449E-16
1034.  8.076370E-16
1035.  8.080640E-16
1036.  8.084220E-16
1037.  8.087065E-16
1038.  8.089148E-16
1039.  8.090440E-16
1040.  8.090920E-16
1041.  8.090571E-16
1042.  8.089384E-16
1043.  8.087355E-16
1044.  8.084486E-16
1045.  8.080786E-16
1046.  8.076266E-16
1047.  8.070949E-16
1048.  8.064857E-16
1049.  8.058029E-16
1050.  8.050495E-16
1051.  8.042298E-16
1052.  8.033491E-16
1053.  8.024126E-16
1054.  8.014258E-16
1055.  8.003954E-16
1056.  7.993281E-16
1057.  7.982308E-16
1058.  7.971116E-16
1059.  7.959777E-16
1060.  7.948379E-16
1061.  7.937006E-16
1062.  7.925744E-16
1063.  7.914686E-16
1064.  7.903923E-16
1065.  7.893545E-16
1066.  7.883648E-16
1067.  7.874327E-16
1068.  7.865675E-16
1069.  7.857787E-16
1070.  7.850755E-16
1071.  7.844674E-16
1072.  7.839633E-16
1073.  7.835723E-16
1074.  7.833026E-16
1075.  7.831629E-16
1076.  7.831613E-16
1077.  7.833054E-16
1078.  7.836026E-16
1079.  7.840602E-16
1080.  7.846841E-16
1081.  7.854809E-16
1082.  7.864561E-16
1083.  7.876147E-16
1084.  7.889614E-16
1085.  7.905002E-16
1086.  7.922344E-16
1087.  7.941673E-16
1088.  7.963009E-16
1089.  7.986372E-16
1090.  8.011772E-16
1091.  8.039216E-16
1092.  8.068705E-16
1093.  8.100230E-16
1094.  8.133785E-16
1095.  8.169348E-16
1096.  8.206897E-16
1097.  8.246408E-16
1098.  8.287845E-16
1099.  8.331171E-16
1100.  8.376342E-16
1101.  8.423312E-16
1102.  8.472030E-16
1103.  8.522438E-16
1104.  8.574481E-16
1105.  8.628091E-16
1106.  8.683208E-16
1107.  8.739760E-16
1108.  8.797676E-16
1109.  8.856888E-16
1110.  8.917314E-16
1111.  8.978884E-16
1112.  9.041518E-16
1113.  9.105139E-16
1114.  9.169673E-16
1115.  9.235035E-16
1116.  9.301153E-16
1117.  9.367949E-16
1118.  9.435346E-16
1119.  9.503271E-16
1120.  9.571649E-16
1121.  9.640412E-16
1122.  9.709491E-16
1123.  9.778820E-16
1124.  9.848331E-16
1125.  9.917971E-16
1126.  9.987677E-16
1127.  1.005740E-15
1128.  1.012708E-15
1129.  1.019668E-15
1130.  1.026615E-15
1131.  1.033545E-15
1132.  1.040454E-15
1133.  1.047340E-15
1134.  1.054200E-15
1135.  1.061030E-15
1136.  1.067830E-15
1137.  1.074596E-15
1138.  1.081329E-15
1139.  1.088026E-15
1140.  1.094688E-15
1141.  1.101314E-15
1142.  1.107904E-15
1143.  1.114458E-15
1144.  1.120976E-15
1145.  1.127460E-15
1146.  1.133912E-15
1147.  1.140331E-15
1148.  1.146719E-15
1149.  1.153079E-15
1150.  1.159411E-15
1151.  1.165719E-15
1152.  1.172003E-15
1153.  1.178265E-15
1154.  1.184509E-15
1155.  1.190735E-15
1156.  1.196946E-15
1157.  1.203145E-15
1158.  1.209331E-15
1159.  1.215509E-15
1160.  1.221678E-15
1161.  1.227841E-15
1162.  1.233999E-15
1163.  1.240154E-15
1164.  1.246305E-15
1165.  1.252454E-15
1166.  1.258601E-15
1167.  1.264747E-15
1168.  1.270890E-15
1169.  1.277031E-15
1170.  1.283169E-15
1171.  1.289303E-15
1172.  1.295432E-15
1173.  1.301553E-15
1174.  1.307664E-15
1175.  1.313764E-15
1176.  1.319849E-15
1177.  1.325917E-15
1178.  1.331963E-15
1179.  1.337984E-15
1180.  1.343977E-15
1181.  1.349935E-15
1182.  1.355856E-15
1183.  1.361733E-15
1184.  1.367562E-15
1185.  1.373337E-15
1186.  1.379051E-15
1187.  1.384700E-15
1188.  1.390277E-15
1189.  1.395774E-15
1190.  1.401187E-15
1191.  1.406508E-15
1192.  1.411729E-15
1193.  1.416845E-15
1194.  1.421848E-15
1195.  1.426730E-15
1196.  1.431486E-15
1197.  1.436106E-15
1198.  1.440586E-15
1199.  1.444916E-15
1200.  1.449091E-15
1201.  1.453103E-15
1202.  1.456947E-15
1203.  1.460613E-15
1204.  1.464098E-15
1205.  1.467394E-15
1206.  1.470495E-15
1207.  1.473395E-15
1208.  1.476089E-15
1209.  1.478571E-15
1210.  1.480838E-15
1211.  1.482883E-15
1212.  1.484703E-15
1213.  1.486294E-15
1214.  1.487652E-15
1215.  1.488774E-15
1216.  1.489657E-15
1217.  1.490300E-15
1218.  1.490699E-15
1219.  1.490854E-15
1220.  1.490764E-15
1221.  1.490428E-15
1222.  1.489845E-15
1223.  1.489017E-15
1224.  1.487944E-15
1225.  1.486627E-15
1226.  1.485069E-15
1227.  1.483271E-15
1228.  1.481236E-15
1229.  1.478967E-15
1230.  1.476468E-15
1231.  1.473743E-15
1232.  1.470796E-15
1233.  1.467633E-15
1234.  1.464259E-15
1235.  1.460679E-15
1236.  1.456900E-15
1237.  1.452929E-15
1238.  1.448772E-15
1239.  1.444436E-15
1240.  1.439931E-15
1241.  1.435262E-15
1242.  1.430440E-15
1243.  1.425473E-15
1244.  1.420368E-15
1245.  1.415137E-15
1246.  1.409788E-15
1247.  1.404330E-15
1248.  1.398774E-15
1249.  1.393129E-15
1250.  1.387407E-15
1251.  1.381617E-15
1252.  1.375769E-15
1253.  1.369875E-15
1254.  1.363944E-15
1255.  1.357987E-15
1256.  1.352015E-15
1257.  1.346039E-15
1258.  1.340069E-15
1259.  1.334116E-15
1260.  1.328189E-15
1261.  1.322300E-15
1262.  1.316459E-15
1263.  1.310675E-15
1264.  1.304959E-15
1265.  1.299320E-15
1266.  1.293768E-15
1267.  1.288312E-15
1268.  1.282961E-15
1269.  1.277723E-15
1270.  1.272608E-15
1271.  1.267624E-15
1272.  1.262776E-15
1273.  1.258075E-15
1274.  1.253526E-15
1275.  1.249137E-15
1276.  1.244913E-15
1277.  1.240860E-15
1278.  1.236985E-15
1279.  1.233291E-15
1280.  1.229784E-15
1281.  1.226468E-15
1282.  1.223347E-15
1283.  1.220423E-15
1284.  1.217700E-15
1285.  1.215180E-15
1286.  1.212865E-15
1287.  1.210757E-15
1288.  1.208855E-15
1289.  1.207162E-15
1290.  1.205676E-15
1291.  1.204398E-15
1292.  1.203326E-15
1293.  1.202459E-15
1294.  1.201795E-15
1295.  1.201332E-15
1296.  1.201068E-15
1297.  1.200998E-15
1298.  1.201121E-15
1299.  1.201431E-15
1300.  1.201925E-15
1301.  1.202598E-15
1302.  1.203444E-15
1303.  1.204460E-15
1304.  1.205638E-15
1305.  1.206973E-15
1306.  1.208459E-15
1307.  1.210089E-15
1308.  1.211856E-15
1309.  1.213754E-15
1310.  1.215775E-15
1311.  1.217912E-15
1312.  1.220158E-15
1313.  1.222503E-15
1314.  1.224942E-15
1315.  1.227465E-15
1316.  1.230065E-15
1317.  1.232734E-15
1318.  1.235463E-15
1319.  1.238244E-15
1320.  1.241070E-15
1321.  1.243932E-15
1322.  1.246821E-15
1323.  1.249731E-15
1324.  1.252653E-15
1325.  1.255578E-15
1326.  1.258501E-15
1327.  1.261411E-15
1328.  1.264304E-15
1329.  1.267170E-15
1330.  1.270004E-15
1331.  1.272798E-15
1332.  1.275545E-15
1333.  1.278240E-15
1334.  1.280876E-15
1335.  1.283447E-15
1336.  1.285948E-15
1337.  1.288373E-15
1338.  1.290717E-15
1339.  1.292977E-15
1340.  1.295147E-15
1341.  1.297224E-15
1342.  1.299204E-15
1343.  1.301083E-15
1344.  1.302860E-15
1345.  1.304530E-15
1346.  1.306093E-15
1347.  1.307545E-15
1348.  1.308887E-15
1349.  1.310117E-15
1350.  1.311233E-15
1351.  1.312237E-15
1352.  1.313127E-15
1353.  1.313905E-15
1354.  1.314571E-15
1355.  1.315127E-15
1356.  1.315574E-15
1357.  1.315914E-15
1358.  1.316149E-15
1359.  1.316283E-15
1360.  1.316317E-15
1361.  1.316256E-15
1362.  1.316102E-15
1363.  1.315860E-15
1364.  1.315535E-15
1365.  1.315130E-15
1366.  1.314651E-15
1367.  1.314102E-15
1368.  1.313489E-15
1369.  1.312817E-15
1370.  1.312093E-15
1371.  1.311321E-15
1372.  1.310509E-15
1373.  1.309662E-15
1374.  1.308787E-15
1375.  1.307891E-15
1376.  1.306980E-15
1377.  1.306061E-15
1378.  1.305141E-15
1379.  1.304228E-15
1380.  1.303326E-15
1381.  1.302445E-15
1382.  1.301591E-15
1383.  1.300771E-15
1384.  1.299992E-15
1385.  1.299262E-15
1386.  1.298586E-15
1387.  1.297971E-15
1388.  1.297426E-15
1389.  1.296956E-15
1390.  1.296568E-15
1391.  1.296267E-15
1392.  1.296061E-15
1393.  1.295956E-15
1394.  1.295958E-15
1395.  1.296072E-15
1396.  1.296304E-15
1397.  1.296659E-15
1398.  1.297143E-15
1399.  1.297760E-15
1400.  1.298516E-15
1401.  1.299414E-15
1402.  1.300459E-15
1403.  1.301656E-15
1404.  1.303007E-15
1405.  1.304517E-15
1406.  1.306189E-15
1407.  1.308026E-15
1408.  1.310030E-15
1409.  1.312204E-15
1410.  1.314551E-15
1411.  1.317073E-15
1412.  1.319771E-15
1413.  1.322647E-15
1414.  1.325703E-15
1415.  1.328939E-15
1416.  1.332357E-15
1417.  1.335956E-15
1418.  1.339738E-15
1419.  1.343703E-15
1420.  1.347850E-15
1421.  1.352180E-15
1422.  1.356692E-15
1423.  1.361386E-15
1424.  1.366260E-15
1425.  1.371313E-15
1426.  1.376545E-15
1427.  1.381954E-15
1428.  1.387539E-15
1429.  1.393298E-15
1430.  1.399229E-15
1431.  1.405330E-15
1432.  1.411599E-15
1433.  1.418033E-15
1434.  1.424631E-15
1435.  1.431389E-15
1436.  1.438306E-15
1437.  1.445377E-15
1438.  1.452600E-15
1439.  1.459973E-15
1440.  1.467491E-15
1441.  1.475151E-15
1442.  1.482951E-15
1443.  1.490885E-15
1444.  1.498951E-15
1445.  1.507145E-15
1446.  1.515463E-15
1447.  1.523900E-15
1448.  1.532453E-15
1449.  1.541116E-15
1450.  1.549887E-15
1451.  1.558759E-15
1452.  1.567729E-15
1453.  1.576792E-15
1454.  1.585942E-15
1455.  1.595175E-15
1456.  1.604486E-15
1457.  1.613869E-15
1458.  1.623319E-15
1459.  1.632830E-15
1460.  1.642398E-15
1461.  1.652017E-15
1462.  1.661680E-15
1463.  1.671382E-15
1464.  1.681117E-15
1465.  1.690879E-15
1466.  1.700662E-15
1467.  1.710460E-15
1468.  1.720267E-15
1469.  1.730076E-15
1470.  1.739882E-15
1471.  1.749678E-15
1472.  1.759457E-15
1473.  1.769215E-15
1474.  1.778943E-15
1475.  1.788636E-15
1476.  1.798287E-15
1477.  1.807891E-15
1478.  1.817441E-15
1479.  1.826930E-15
1480.  1.836354E-15
1481.  1.845705E-15
1482.  1.854978E-15
1483.  1.864166E-15
1484.  1.873265E-15
1485.  1.882268E-15
1486.  1.891170E-15
1487.  1.899966E-15
1488.  1.908651E-15
1489.  1.917219E-15
1490.  1.925665E-15
1491.  1.933986E-15
1492.  1.942175E-15
1493.  1.950230E-15
1494.  1.958146E-15
1495.  1.965919E-15
1496.  1.973546E-15
1497.  1.981022E-15
1498.  1.988346E-15
1499.  1.995514E-15
1500.  2.002523E-15
1501.  2.009371E-15
1502.  2.016056E-15
1503.  2.022576E-15
1504.  2.028928E-15
1505.  2.035112E-15
1506.  2.041126E-15
1507.  2.046969E-15
1508.  2.052640E-15
1509.  2.058139E-15
1510.  2.063466E-15
1511.  2.068619E-15
1512.  2.073600E-15
1513.  2.078408E-15
1514.  2.083044E-15
1515.  2.087508E-15
1516.  2.091802E-15
1517.  2.095925E-15
1518.  2.099879E-15
1519.  2.103666E-15
1520.  2.107286E-15
1521.  2.110740E-15
1522.  2.114031E-15
1523.  2.117160E-15
1524.  2.120128E-15
1525.  2.122937E-15
1526.  2.125589E-15
1527.  2.128085E-15
1528.  2.130427E-15
1529.  2.132617E-15
1530.  2.134656E-15
1531.  2.136547E-15
1532.  2.138291E-15
1533.  2.139890E-15
1534.  2.141345E-15
1535.  2.142658E-15
1536.  2.143830E-15
1537.  2.144862E-15
1538.  2.145758E-15
1539.  2.146516E-15
1540.  2.147139E-15
1541.  2.147627E-15
1542.  2.147983E-15
1543.  2.148206E-15
1544.  2.148298E-15
1545.  2.148259E-15
1546.  2.148091E-15
1547.  2.147793E-15
1548.  2.147367E-15
1549.  2.146812E-15
1550.  2.146130E-15
1551.  2.145320E-15
1552.  2.144383E-15
1553.  2.143320E-15
1554.  2.142130E-15
1555.  2.140813E-15
1556.  2.139371E-15
1557.  2.137802E-15
1558.  2.136108E-15
1559.  2.134288E-15
1560.  2.132343E-15
1561.  2.130273E-15
1562.  2.128078E-15
1563.  2.125758E-15
1564.  2.123314E-15
1565.  2.120747E-15
1566.  2.118057E-15
1567.  2.115245E-15
1568.  2.112311E-15
1569.  2.109257E-15
1570.  2.106083E-15
1571.  2.102790E-15
1572.  2.099381E-15
1573.  2.095856E-15
1574.  2.092216E-15
1575.  2.088464E-15
1576.  2.084601E-15
1577.  2.080630E-15
1578.  2.076553E-15
1579.  2.072371E-15
1580.  2.068088E-15
1581.  2.063706E-15
1582.  2.059228E-15
1583.  2.054657E-15
1584.  2.049995E-15
1585.  2.045248E-15
1586.  2.040416E-15
1587.  2.035505E-15
1588.  2.030518E-15
1589.  2.025457E-15
1590.  2.020328E-15
1591.  2.015134E-15
1592.  2.009879E-15
1593.  2.004566E-15
1594.  1.999200E-15
1595.  1.993785E-15
1596.  1.988325E-15
1597.  1.982824E-15
1598.  1.977285E-15
1599.  1.971713E-15
1600.  1.966112E-15
1601.  1.960484E-15
1602.  1.954835E-15
1603.  1.949166E-15
1604.  1.943482E-15
1605.  1.937786E-15
1606.  1.932081E-15
1607.  1.926370E-15
1608.  1.920654E-15
1609.  1.914938E-15
1610.  1.909222E-15
1611.  1.903509E-15
1612.  1.897801E-15
1613.  1.892098E-15
1614.  1.886402E-15
1615.  1.880714E-15
1616.  1.875033E-15
1617.  1.869361E-15
1618.  1.863698E-15
1619.  1.858042E-15
1620.  1.852393E-15
1621.  1.846750E-15
1622.  1.841112E-15
1623.  1.835476E-15
1624.  1.829841E-15
1625.  1.824205E-15
1626.  1.818564E-15
1627.  1.812916E-15
1628.  1.807259E-15
1629.  1.801587E-15
1630.  1.795897E-15
1631.  1.790187E-15
1632.  1.784450E-15
1633.  1.778683E-15
1634.  1.772882E-15
1635.  1.767040E-15
1636.  1.761154E-15
1637.  1.755218E-15
1638.  1.749227E-15
1639.  1.743176E-15
1640.  1.737059E-15
1641.  1.730870E-15
1642.  1.724604E-15
1643.  1.718255E-15
1644.  1.711818E-15
1645.  1.705288E-15
1646.  1.698658E-15
1647.  1.691923E-15
1648.  1.685078E-15
1649.  1.678117E-15
1650.  1.671036E-15
1651.  1.663828E-15
1652.  1.656490E-15
1653.  1.649018E-15
1654.  1.641405E-15
1655.  1.633648E-15
1656.  1.625744E-15
1657.  1.617687E-15
1658.  1.609476E-15
1659.  1.601106E-15
1660.  1.592575E-15
1661.  1.583880E-15
1662.  1.575018E-15
1663.  1.565989E-15
1664.  1.556790E-15
1665.  1.547419E-15
1666.  1.537877E-15
1667.  1.528162E-15
1668.  1.518274E-15
1669.  1.508214E-15
1670.  1.497981E-15
1671.  1.487577E-15
1672.  1.477003E-15
1673.  1.466261E-15
1674.  1.455352E-15
1675.  1.444278E-15
1676.  1.433044E-15
1677.  1.421651E-15
1678.  1.410103E-15
1679.  1.398403E-15
1680.  1.386557E-15
1681.  1.374567E-15
1682.  1.362439E-15
1683.  1.350179E-15
1684.  1.337790E-15
1685.  1.325279E-15
1686.  1.312652E-15
1687.  1.299915E-15
1688.  1.287074E-15
1689.  1.274136E-15
1690.  1.261108E-15
1691.  1.247997E-15
1692.  1.234810E-15
1693.  1.221554E-15
1694.  1.208238E-15
1695.  1.194868E-15
1696.  1.181454E-15
1697.  1.168002E-15
1698.  1.154522E-15
1699.  1.141021E-15
1700.  1.127507E-15
1701.  1.113989E-15
1702.  1.100475E-15
1703.  1.086973E-15
1704.  1.073492E-15
1705.  1.060041E-15
1706.  1.046627E-15
1707.  1.033258E-15
1708.  1.019943E-15
1709.  1.006690E-15
1710.  9.935065E-16
1711.  9.804005E-16
1712.  9.673792E-16
1713.  9.544504E-16
1714.  9.416213E-16
1715.  9.288989E-16
1716.  9.162902E-16
1717.  9.038015E-16
1718.  8.914397E-16
1719.  8.792104E-16
1720.  8.671195E-16
1721.  8.551729E-16
1722.  8.433755E-16
1723.  8.317324E-16
1724.  8.202481E-16
1725.  8.089271E-16
1726.  7.977730E-16
1727.  7.867902E-16
1728.  7.759814E-16
1729.  7.653496E-16
1730.  7.548977E-16
1731.  7.446274E-16
1732.  7.345411E-16
1733.  7.246401E-16
1734.  7.149255E-16
1735.  7.053984E-16
1736.  6.960592E-16
1737.  6.869078E-16
1738.  6.779444E-16
1739.  6.691681E-16
1740.  6.605784E-16
1741.  6.521739E-16
1742.  6.439531E-16
1743.  6.359145E-16
1744.  6.280558E-16
1745.  6.203748E-16
1746.  6.128691E-16
1747.  6.055358E-16
1748.  5.983716E-16
1749.  5.913738E-16
1750.  5.845388E-16
1751.  5.778628E-16
1752.  5.713425E-16
1753.  5.649736E-16
1754.  5.587522E-16
1755.  5.526744E-16
1756.  5.467359E-16
1757.  5.409325E-16
1758.  5.352599E-16
1759.  5.297138E-16
1760.  5.242897E-16
1761.  5.189836E-16
1762.  5.137910E-16
1763.  5.087078E-16
1764.  5.037296E-16
1765.  4.988526E-16
1766.  4.940725E-16
1767.  4.893855E-16
1768.  4.847877E-16
1769.  4.802755E-16
1770.  4.758454E-16
1771.  4.714941E-16
1772.  4.672183E-16
1773.  4.630150E-16
1774.  4.588813E-16
1775.  4.548146E-16
1776.  4.508124E-16
1777.  4.468725E-16
1778.  4.429926E-16
1779.  4.391711E-16
1780.  4.354062E-16
1781.  4.316966E-16
1782.  4.280411E-16
1783.  4.244384E-16
1784.  4.208879E-16
1785.  4.173889E-16
1786.  4.139410E-16
1787.  4.105440E-16
1788.  4.071977E-16
1789.  4.039024E-16
1790.  4.006583E-16
1791.  3.974659E-16
1792.  3.943258E-16
1793.  3.912387E-16
1794.  3.882055E-16
1795.  3.852274E-16
1796.  3.823054E-16
1797.  3.794405E-16
1798.  3.766342E-16
1799.  3.738879E-16
1800.  3.712030E-16
1801.  3.685809E-16
1802.  3.660232E-16
1803.  3.635316E-16
1804.  3.611076E-16
1805.  3.587526E-16
1806.  3.564683E-16
1807.  3.542563E-16
1808.  3.521179E-16
1809.  3.500549E-16
1810.  3.480685E-16
1811.  3.461602E-16
1812.  3.443311E-16
1813.  3.425826E-16
1814.  3.409156E-16
1815.  3.393314E-16
1816.  3.378307E-16
1817.  3.364144E-16
1818.  3.350832E-16
1819.  3.338376E-16
1820.  3.326781E-16
1821.  3.316050E-16
1822.  3.306187E-16
1823.  3.297190E-16
1824.  3.289060E-16
1825.  3.281793E-16
1826.  3.275386E-16
1827.  3.269835E-16
1828.  3.265135E-16
1829.  3.261275E-16
1830.  3.258249E-16
1831.  3.256047E-16
1832.  3.254655E-16
1833.  3.254062E-16
1834.  3.254255E-16
1835.  3.255219E-16
1836.  3.256937E-16
1837.  3.259392E-16
1838.  3.262568E-16
1839.  3.266444E-16
1840.  3.271001E-16
1841.  3.276221E-16
1842.  3.282080E-16
1843.  3.288556E-16
1844.  3.295630E-16
1845.  3.303278E-16
1846.  3.311477E-16
1847.  3.320204E-16
1848.  3.329435E-16
1849.  3.339147E-16
1850.  3.349317E-16
1851.  3.359921E-16
1852.  3.370937E-16
1853.  3.382340E-16
1854.  3.394108E-16
1855.  3.406220E-16
1856.  3.418652E-16
1857.  3.431383E-16
1858.  3.444394E-16
1859.  3.457663E-16
1860.  3.471171E-16
1861.  3.484901E-16
1862.  3.498833E-16
1863.  3.512952E-16
1864.  3.527241E-16
1865.  3.541687E-16
1866.  3.556276E-16
1867.  3.570995E-16
1868.  3.585834E-16
1869.  3.600781E-16
1870.  3.615831E-16
1871.  3.630974E-16
1872.  3.646204E-16
1873.  3.661519E-16
1874.  3.676914E-16
1875.  3.692388E-16
1876.  3.707940E-16
1877.  3.723575E-16
1878.  3.739292E-16
1879.  3.755096E-16
1880.  3.770995E-16
1881.  3.786994E-16
1882.  3.803104E-16
1883.  3.819334E-16
1884.  3.835699E-16
1885.  3.852208E-16
1886.  3.868879E-16
1887.  3.885728E-16
1888.  3.902772E-16
1889.  3.920031E-16
1890.  3.937526E-16
1891.  3.955278E-16
1892.  3.973309E-16
1893.  3.991646E-16
1894.  4.010315E-16
1895.  4.029340E-16
1896.  4.048752E-16
1897.  4.068579E-16
1898.  4.088851E-16
1899.  4.109600E-16
1900.  4.130857E-16
1901.  4.152656E-16
1902.  4.175030E-16
1903.  4.198015E-16
1904.  4.221645E-16
1905.  4.245956E-16
1906.  4.270985E-16
1907.  4.296768E-16
1908.  4.323344E-16
1909.  4.350748E-16
1910.  4.379021E-16
1911.  4.408198E-16
1912.  4.438319E-16
1913.  4.469422E-16
1914.  4.501547E-16
1915.  4.534728E-16
1916.  4.569006E-16
1917.  4.604417E-16
1918.  4.640999E-16
1919.  4.678789E-16
1920.  4.717821E-16
1921.  4.758134E-16
1922.  4.799760E-16
1923.  4.842734E-16
1924.  4.887088E-16
1925.  4.932855E-16
1926.  4.980066E-16
1927.  5.028750E-16
1928.  5.078935E-16
1929.  5.130649E-16
1930.  5.183916E-16
1931.  5.238761E-16
1932.  5.295207E-16
1933.  5.353274E-16
1934.  5.412979E-16
1935.  5.474341E-16
1936.  5.537370E-16
1937.  5.602084E-16
1938.  5.668491E-16
1939.  5.736596E-16
1940.  5.806408E-16
1941.  5.877927E-16
1942.  5.951155E-16
1943.  6.026087E-16
1944.  6.102719E-16
1945.  6.181042E-16
1946.  6.261043E-16
1947.  6.342711E-16
1948.  6.426026E-16
1949.  6.510965E-16
1950.  6.597508E-16
1951.  6.685624E-16
1952.  6.775283E-16
1953.  6.866450E-16
1954.  6.959086E-16
1955.  7.053151E-16
1956.  7.148599E-16
1957.  7.245381E-16
1958.  7.343442E-16
1959.  7.442729E-16
1960.  7.543179E-16
1961.  7.644731E-16
1962.  7.747316E-16
1963.  7.850864E-16
1964.  7.955297E-16
1965.  8.060541E-16
1966.  8.166514E-16
1967.  8.273129E-16
1968.  8.380299E-16
1969.  8.487933E-16
1970.  8.595935E-16
1971.  8.704209E-16
1972.  8.812653E-16
1973.  8.921166E-16
1974.  9.029642E-16
1975.  9.137971E-16
1976.  9.246045E-16
1977.  9.353753E-16
1978.  9.460981E-16
1979.  9.567614E-16
1980.  9.673533E-16
1981.  9.778625E-16
1982.  9.882770E-16
1983.  9.985850E-16
1984.  1.008775E-15
1985.  1.018835E-15
1986.  1.028752E-15
1987.  1.038516E-15
1988.  1.048115E-15
1989.  1.057537E-15
1990.  1.066772E-15
1991.  1.075807E-15
1992.  1.084633E-15
1993.  1.093238E-15
1994.  1.101612E-15
1995.  1.109747E-15
1996.  1.117631E-15
1997.  1.125256E-15
1998.  1.132613E-15
1999.  1.139695E-15
2000.  1.146493E-15
2001.  1.153000E-15
2002.  1.159209E-15
2003.  1.165115E-15
2004.  1.170712E-15
2005.  1.175995E-15
2006.  1.180961E-15
2007.  1.185605E-15
2008.  1.189925E-15
2009.  1.193918E-15
2010.  1.197585E-15
2011.  1.200923E-15
2012.  1.203933E-15
2013.  1.206617E-15
2014.  1.208975E-15
2015.  1.211010E-15
2016.  1.212726E-15
2017.  1.214125E-15
2018.  1.215214E-15
2019.  1.215998E-15
2020.  1.216482E-15
2021.  1.216674E-15
2022.  1.216581E-15
2023.  1.216212E-15
2024.  1.215576E-15
2025.  1.214683E-15
2026.  1.213542E-15
2027.  1.212165E-15
2028.  1.210564E-15
2029.  1.208750E-15
2030.  1.206736E-15
2031.  1.204535E-15
2032.  1.202160E-15
2033.  1.199626E-15
2034.  1.196947E-15
2035.  1.194137E-15
2036.  1.191211E-15
2037.  1.188185E-15
2038.  1.185073E-15
2039.  1.181890E-15
2040.  1.178654E-15
2041.  1.175378E-15
2042.  1.172078E-15
2043.  1.168771E-15
2044.  1.165471E-15
2045.  1.162194E-15
2046.  1.158954E-15
2047.  1.155768E-15
2048.  1.152648E-15
2049.  1.149610E-15
2050.  1.146667E-15
2051.  1.143832E-15
2052.  1.141119E-15
2053.  1.138541E-15
2054.  1.136108E-15
2055.  1.133833E-15
2056.  1.131726E-15
2057.  1.129797E-15
2058.  1.128055E-15
2059.  1.126511E-15
2060.  1.125170E-15
2061.  1.124041E-15
2062.  1.123129E-15
2063.  1.122442E-15
2064.  1.121982E-15
2065.  1.121755E-15
2066.  1.121763E-15
2067.  1.122009E-15
2068.  1.122493E-15
2069.  1.123217E-15
2070.  1.124179E-15
2071.  1.125380E-15
2072.  1.126815E-15
2073.  1.128483E-15
2074.  1.130379E-15
2075.  1.132499E-15
2076.  1.134836E-15
2077.  1.137385E-15
2078.  1.140139E-15
2079.  1.143088E-15
2080.  1.146225E-15
2081.  1.149539E-15
2082.  1.153021E-15
2083.  1.156659E-15
2084.  1.160442E-15
2085.  1.164357E-15
2086.  1.168393E-15
2087.  1.172534E-15
2088.  1.176768E-15
2089.  1.181081E-15
2090.  1.185456E-15
2091.  1.189880E-15
2092.  1.194337E-15
2093.  1.198811E-15
2094.  1.203286E-15
2095.  1.207746E-15
2096.  1.212175E-15
2097.  1.216555E-15
2098.  1.220872E-15
2099.  1.225107E-15
2100.  1.229245E-15
2101.  1.233270E-15
2102.  1.237166E-15
2103.  1.240915E-15
2104.  1.244503E-15
2105.  1.247914E-15
2106.  1.251133E-15
2107.  1.254146E-15
2108.  1.256937E-15
2109.  1.259494E-15
2110.  1.261802E-15
2111.  1.263849E-15
2112.  1.265623E-15
2113.  1.267112E-15
2114.  1.268306E-15
2115.  1.269193E-15
2116.  1.269764E-15
2117.  1.270012E-15
2118.  1.269926E-15
2119.  1.269500E-15
2120.  1.268729E-15
2121.  1.267605E-15
2122.  1.266124E-15
2123.  1.264283E-15
2124.  1.262077E-15
2125.  1.259505E-15
2126.  1.256565E-15
2127.  1.253257E-15
2128.  1.249581E-15
2129.  1.245538E-15
2130.  1.241130E-15
2131.  1.236360E-15
2132.  1.231232E-15
2133.  1.225750E-15
2134.  1.219919E-15
2135.  1.213746E-15
2136.  1.207238E-15
2137.  1.200401E-15
2138.  1.193245E-15
2139.  1.185778E-15
2140.  1.178009E-15
2141.  1.169950E-15
2142.  1.161611E-15
2143.  1.153004E-15
2144.  1.144140E-15
2145.  1.135032E-15
2146.  1.125692E-15
2147.  1.116135E-15
2148.  1.106374E-15
2149.  1.096422E-15
2150.  1.086295E-15
2151.  1.076007E-15
2152.  1.065573E-15
2153.  1.055008E-15
2154.  1.044327E-15
2155.  1.033545E-15
2156.  1.022679E-15
2157.  1.011742E-15
2158.  1.000752E-15
2159.  9.897231E-16
2160.  9.786705E-16
2161.  9.676102E-16
2162.  9.565571E-16
2163.  9.455259E-16
2164.  9.345317E-16
2165.  9.235886E-16
2166.  9.127117E-16
2167.  9.019142E-16
2168.  8.912104E-16
2169.  8.806135E-16
2170.  8.701365E-16
2171.  8.597923E-16
2172.  8.495931E-16
2173.  8.395507E-16
2174.  8.296766E-16
2175.  8.199823E-16
2176.  8.104779E-16
2177.  8.011737E-16
2178.  7.920795E-16
2179.  7.832046E-16
2180.  7.745577E-16
2181.  7.661470E-16
2182.  7.579804E-16
2183.  7.500651E-16
2184.  7.424081E-16
2185.  7.350156E-16
2186.  7.278937E-16
2187.  7.210477E-16
2188.  7.144827E-16
2189.  7.082028E-16
2190.  7.022122E-16
2191.  6.965146E-16
2192.  6.911129E-16
2193.  6.860099E-16
2194.  6.812081E-16
2195.  6.767089E-16
2196.  6.725142E-16
2197.  6.686248E-16
2198.  6.650416E-16
2199.  6.617644E-16
2200.  6.587942E-16
2201.  6.561297E-16
2202.  6.537706E-16
2203.  6.517160E-16
2204.  6.499646E-16
2205.  6.485147E-16
2206.  6.473645E-16
2207.  6.465121E-16
2208.  6.459549E-16
2209.  6.456907E-16
2210.  6.457166E-16
2211.  6.460294E-16
2212.  6.466264E-16
2213.  6.475040E-16
2214.  6.486588E-16
2215.  6.500870E-16
2216.  6.517851E-16
2217.  6.537490E-16
2218.  6.559749E-16
2219.  6.584583E-16
2220.  6.611953E-16
2221.  6.641815E-16
2222.  6.674124E-16
2223.  6.708836E-16
2224.  6.745906E-16
2225.  6.785287E-16
2226.  6.826933E-16
2227.  6.870795E-16
2228.  6.916828E-16
2229.  6.964984E-16
2230.  7.015214E-16
2231.  7.067468E-16
2232.  7.121698E-16
2233.  7.177856E-16
2234.  7.235889E-16
2235.  7.295753E-16
2236.  7.357394E-16
2237.  7.420761E-16
2238.  7.485805E-16
2239.  7.552478E-16
2240.  7.620725E-16
2241.  7.690495E-16
2242.  7.761738E-16
2243.  7.834403E-16
2244.  7.908436E-16
2245.  7.983787E-16
2246.  8.060402E-16
2247.  8.138224E-16
2248.  8.217207E-16
2249.  8.297290E-16
2250.  8.378424E-16
2251.  8.460552E-16
2252.  8.543617E-16
2253.  8.627565E-16
2254.  8.712339E-16
2255.  8.797882E-16
2256.  8.884137E-16
2257.  8.971045E-16
2258.  9.058545E-16
2259.  9.146584E-16
2260.  9.235094E-16
2261.  9.324020E-16
2262.  9.413299E-16
2263.  9.502869E-16
2264.  9.592667E-16
2265.  9.682631E-16
2266.  9.772698E-16
2267.  9.862801E-16
2268.  9.952879E-16
2269.  1.004287E-15
2270.  1.013269E-15
2271.  1.022230E-15
2272.  1.031162E-15
2273.  1.040059E-15
2274.  1.048913E-15
2275.  1.057719E-15
2276.  1.066470E-15
2277.  1.075159E-15
2278.  1.083780E-15
2279.  1.092326E-15
2280.  1.100791E-15
2281.  1.109168E-15
2282.  1.117452E-15
2283.  1.125635E-15
2284.  1.133712E-15
2285.  1.141677E-15
2286.  1.149524E-15
2287.  1.157246E-15
2288.  1.164840E-15
2289.  1.172298E-15
2290.  1.179617E-15
2291.  1.186790E-15
2292.  1.193814E-15
2293.  1.200683E-15
2294.  1.207393E-15
2295.  1.213940E-15
2296.  1.220321E-15
2297.  1.226531E-15
2298.  1.232567E-15
2299.  1.238426E-15
2300.  1.244107E-15
2301.  1.249605E-15
2302.  1.254919E-15
2303.  1.260048E-15
2304.  1.264990E-15
2305.  1.269744E-15
2306.  1.274310E-15
2307.  1.278686E-15
2308.  1.282874E-15
2309.  1.286872E-15
2310.  1.290683E-15
2311.  1.294307E-15
2312.  1.297746E-15
2313.  1.301001E-15
2314.  1.304075E-15
2315.  1.306970E-15
2316.  1.309689E-15
2317.  1.312236E-15
2318.  1.314612E-15
2319.  1.316824E-15
2320.  1.318874E-15
2321.  1.320767E-15
2322.  1.322508E-15
2323.  1.324101E-15
2324.  1.325553E-15
2325.  1.326868E-15
2326.  1.328053E-15
2327.  1.329113E-15
2328.  1.330054E-15
2329.  1.330882E-15
2330.  1.331605E-15
2331.  1.332228E-15
2332.  1.332759E-15
2333.  1.333204E-15
2334.  1.333571E-15
2335.  1.333866E-15
2336.  1.334096E-15
2337.  1.334269E-15
2338.  1.334391E-15
2339.  1.334469E-15
2340.  1.334512E-15
2341.  1.334525E-15
2342.  1.334515E-15
2343.  1.334490E-15
2344.  1.334457E-15
2345.  1.334421E-15
2346.  1.334390E-15
2347.  1.334370E-15
2348.  1.334366E-15
2349.  1.334386E-15
2350.  1.334435E-15
2351.  1.334519E-15
2352.  1.334642E-15
2353.  1.334810E-15
2354.  1.335028E-15
2355.  1.335301E-15
2356.  1.335634E-15
2357.  1.336030E-15
2358.  1.336492E-15
2359.  1.337025E-15
2360.  1.337633E-15
2361.  1.338317E-15
2362.  1.339081E-15
2363.  1.339927E-15
2364.  1.340858E-15
2365.  1.341874E-15
2366.  1.342977E-15
2367.  1.344169E-15
2368.  1.345451E-15
2369.  1.346822E-15
2370.  1.348283E-15
2371.  1.349834E-15
2372.  1.351475E-15
2373.  1.353205E-15
2374.  1.355023E-15
2375.  1.356928E-15
2376.  1.358917E-15
2377.  1.360991E-15
2378.  1.363145E-15
2379.  1.365379E-15
2380.  1.367689E-15
2381.  1.370073E-15
2382.  1.372528E-15
2383.  1.375051E-15
2384.  1.377637E-15
2385.  1.380284E-15
2386.  1.382987E-15
2387.  1.385743E-15
2388.  1.388547E-15
2389.  1.391396E-15
2390.  1.394284E-15
2391.  1.397208E-15
2392.  1.400161E-15
2393.  1.403141E-15
2394.  1.406141E-15
2395.  1.409156E-15
2396.  1.412182E-15
2397.  1.415214E-15
2398.  1.418247E-15
2399.  1.421274E-15
2400.  1.424291E-15
2401.  1.427293E-15
2402.  1.430275E-15
2403.  1.433231E-15
2404.  1.436155E-15
2405.  1.439044E-15
2406.  1.441891E-15
2407.  1.444693E-15
2408.  1.447442E-15
2409.  1.450136E-15
2410.  1.452768E-15
2411.  1.455334E-15
2412.  1.457829E-15
2413.  1.460248E-15
2414.  1.462588E-15
2415.  1.464843E-15
2416.  1.467009E-15
2417.  1.469082E-15
2418.  1.471058E-15
2419.  1.472932E-15
2420.  1.474702E-15
2421.  1.476363E-15
2422.  1.477911E-15
2423.  1.479344E-15
2424.  1.480657E-15
2425.  1.481848E-15
2426.  1.482913E-15
2427.  1.483849E-15
2428.  1.484654E-15
2429.  1.485325E-15
2430.  1.485859E-15
2431.  1.486253E-15
2432.  1.486506E-15
2433.  1.486616E-15
2434.  1.486579E-15
2435.  1.486394E-15
2436.  1.486060E-15
2437.  1.485574E-15
2438.  1.484935E-15
2439.  1.484141E-15
2440.  1.483192E-15
2441.  1.482084E-15
2442.  1.480818E-15
2443.  1.479392E-15
2444.  1.477805E-15
2445.  1.476057E-15
2446.  1.474146E-15
2447.  1.472071E-15
2448.  1.469833E-15
2449.  1.467431E-15
2450.  1.464864E-15
2451.  1.462132E-15
2452.  1.459234E-15
2453.  1.456171E-15
2454.  1.452943E-15
2455.  1.449548E-15
2456.  1.445989E-15
2457.  1.442265E-15
2458.  1.438377E-15
2459.  1.434325E-15
2460.  1.430109E-15
2461.  1.425731E-15
2462.  1.421191E-15
2463.  1.416490E-15
2464.  1.411630E-15
2465.  1.406611E-15
2466.  1.401435E-15
2467.  1.396103E-15
2468.  1.390617E-15
2469.  1.384980E-15
2470.  1.379191E-15
2471.  1.373255E-15
2472.  1.367172E-15
2473.  1.360946E-15
2474.  1.354578E-15
2475.  1.348071E-15
2476.  1.341428E-15
2477.  1.334652E-15
2478.  1.327746E-15
2479.  1.320713E-15
2480.  1.313556E-15
2481.  1.306279E-15
2482.  1.298885E-15
2483.  1.291379E-15
2484.  1.283763E-15
2485.  1.276042E-15
2486.  1.268221E-15
2487.  1.260303E-15
2488.  1.252292E-15
2489.  1.244194E-15
2490.  1.236013E-15
2491.  1.227754E-15
2492.  1.219420E-15
2493.  1.211018E-15
2494.  1.202552E-15
2495.  1.194028E-15
2496.  1.185450E-15
2497.  1.176824E-15
2498.  1.168155E-15
2499.  1.159448E-15
2500.  1.150708E-15
2501.  1.141942E-15
2502.  1.133155E-15
2503.  1.124351E-15
2504.  1.115536E-15
2505.  1.106717E-15
2506.  1.097897E-15
2507.  1.089083E-15
2508.  1.080280E-15
2509.  1.071494E-15
2510.  1.062729E-15
2511.  1.053991E-15
2512.  1.045284E-15
2513.  1.036615E-15
2514.  1.027988E-15
2515.  1.019408E-15
2516.  1.010880E-15
2517.  1.002408E-15
2518.  9.939969E-16
2519.  9.856512E-16
2520.  9.773750E-16
2521.  9.691727E-16
2522.  9.610478E-16
2523.  9.530046E-16
2524.  9.450463E-16
2525.  9.371766E-16
2526.  9.293987E-16
2527.  9.217154E-16
2528.  9.141296E-16
2529.  9.066442E-16
2530.  8.992610E-16
2531.  8.919826E-16
2532.  8.848110E-16
2533.  8.777475E-16
2534.  8.707939E-16
2535.  8.639511E-16
2536.  8.572203E-16
2537.  8.506022E-16
2538.  8.440971E-16
2539.  8.377054E-16
2540.  8.314267E-16
2541.  8.252610E-16
2542.  8.192077E-16
2543.  8.132659E-16
2544.  8.074344E-16
2545.  8.017120E-16
2546.  7.960974E-16
2547.  7.905882E-16
2548.  7.851827E-16
2549.  7.798790E-16
2550.  7.746739E-16
2551.  7.695651E-16
2552.  7.645496E-16
2553.  7.596244E-16
2554.  7.547860E-16
2555.  7.500312E-16
2556.  7.453563E-16
2557.  7.407573E-16
2558.  7.362308E-16
2559.  7.317722E-16
2560.  7.273777E-16
2561.  7.230433E-16
2562.  7.187644E-16
2563.  7.145368E-16
2564.  7.103562E-16
2565.  7.062180E-16
2566.  7.021180E-16
2567.  6.980517E-16
2568.  6.940150E-16
2569.  6.900033E-16
2570.  6.860125E-16
2571.  6.820387E-16
2572.  6.780778E-16
2573.  6.741257E-16
2574.  6.701787E-16
2575.  6.662336E-16
2576.  6.622864E-16
2577.  6.583344E-16
2578.  6.543744E-16
2579.  6.504037E-16
2580.  6.464198E-16
2581.  6.424201E-16
2582.  6.384030E-16
2583.  6.343664E-16
2584.  6.303091E-16
2585.  6.262299E-16
2586.  6.221276E-16
2587.  6.180021E-16
2588.  6.138528E-16
2589.  6.096802E-16
2590.  6.054842E-16
2591.  6.012658E-16
2592.  5.970259E-16
2593.  5.927658E-16
2594.  5.884872E-16
2595.  5.841921E-16
2596.  5.798827E-16
2597.  5.755615E-16
2598.  5.712315E-16
2599.  5.668955E-16
2600.  5.625574E-16
2601.  5.582202E-16
2602.  5.538884E-16
2603.  5.495658E-16
2604.  5.452565E-16
2605.  5.409654E-16
2606.  5.366969E-16
2607.  5.324558E-16
2608.  5.282473E-16
2609.  5.240764E-16
2610.  5.199481E-16
2611.  5.158677E-16
2612.  5.118406E-16
2613.  5.078720E-16
2614.  5.039677E-16
2615.  5.001321E-16
2616.  4.963715E-16
2617.  4.926904E-16
2618.  4.890943E-16
2619.  4.855883E-16
2620.  4.821770E-16
2621.  4.788654E-16
2622.  4.756584E-16
2623.  4.725601E-16
2624.  4.695747E-16
2625.  4.667064E-16
2626.  4.639589E-16
2627.  4.613356E-16
2628.  4.588401E-16
2629.  4.564750E-16
2630.  4.542431E-16
2631.  4.521469E-16
2632.  4.501881E-16
2633.  4.483685E-16
2634.  4.466894E-16
2635.  4.451521E-16
2636.  4.437567E-16
2637.  4.425037E-16
2638.  4.413929E-16
2639.  4.404236E-16
2640.  4.395953E-16
2641.  4.389064E-16
2642.  4.383554E-16
2643.  4.379400E-16
2644.  4.376581E-16
2645.  4.375065E-16
2646.  4.374824E-16
2647.  4.375819E-16
2648.  4.378015E-16
2649.  4.381365E-16
2650.  4.385825E-16
2651.  4.391346E-16
2652.  4.397875E-16
2653.  4.405359E-16
2654.  4.413733E-16
2655.  4.422943E-16
2656.  4.432922E-16
2657.  4.443602E-16
2658.  4.454915E-16
2659.  4.466793E-16
2660.  4.479160E-16
2661.  4.491942E-16
2662.  4.505062E-16
2663.  4.518445E-16
2664.  4.532011E-16
2665.  4.545679E-16
2666.  4.559370E-16
2667.  4.573002E-16
2668.  4.586492E-16
2669.  4.599761E-16
2670.  4.612725E-16
2671.  4.625306E-16
2672.  4.637419E-16
2673.  4.648987E-16
2674.  4.659930E-16
2675.  4.670168E-16
2676.  4.679626E-16
2677.  4.688229E-16
2678.  4.695904E-16
2679.  4.702574E-16
2680.  4.708176E-16
2681.  4.712639E-16
2682.  4.715900E-16
2683.  4.717896E-16
2684.  4.718567E-16
2685.  4.717858E-16
2686.  4.715714E-16
2687.  4.712086E-16
2688.  4.706925E-16
2689.  4.700189E-16
2690.  4.691839E-16
2691.  4.681838E-16
2692.  4.670154E-16
2693.  4.656755E-16
2694.  4.641620E-16
2695.  4.624727E-16
2696.  4.606059E-16
2697.  4.585601E-16
2698.  4.563348E-16
2699.  4.539291E-16
2700.  4.513433E-16
2701.  4.485773E-16
2702.  4.456320E-16
2703.  4.425085E-16
2704.  4.392081E-16
2705.  4.357328E-16
2706.  4.320848E-16
2707.  4.282667E-16
2708.  4.242814E-16
2709.  4.201322E-16
2710.  4.158226E-16
2711.  4.113565E-16
2712.  4.067385E-16
2713.  4.019727E-16
2714.  3.970641E-16
2715.  3.920176E-16
2716.  3.868388E-16
2717.  3.815330E-16
2718.  3.761062E-16
2719.  3.705642E-16
2720.  3.649133E-16
2721.  3.591596E-16
2722.  3.533097E-16
2723.  3.473702E-16
2724.  3.413479E-16
2725.  3.352495E-16
2726.  3.290818E-16
2727.  3.228520E-16
2728.  3.165670E-16
2729.  3.102337E-16
2730.  3.038594E-16
2731.  2.974510E-16
2732.  2.910156E-16
2733.  2.845603E-16
2734.  2.780917E-16
2735.  2.716172E-16
2736.  2.651434E-16
2737.  2.586771E-16
2738.  2.522249E-16
2739.  2.457935E-16
2740.  2.393891E-16
2741.  2.330183E-16
2742.  2.266873E-16
2743.  2.204020E-16
2744.  2.141683E-16
2745.  2.079921E-16
2746.  2.018788E-16
2747.  1.958341E-16
2748.  1.898629E-16
2749.  1.839706E-16
2750.  1.781620E-16
2751.  1.724419E-16
2752.  1.668145E-16
2753.  1.612845E-16
2754.  1.558561E-16
2755.  1.505329E-16
2756.  1.453191E-16
2757.  1.402181E-16
2758.  1.352331E-16
2759.  1.303678E-16
2760.  1.256248E-16
2761.  1.210071E-16
2762.  1.165174E-16
2763.  1.121580E-16
2764.  1.079314E-16
2765.  1.038396E-16
2766.  9.988419E-17
2767.  9.606730E-17
2768.  9.239032E-17
2769.  8.885468E-17
2770.  8.546146E-17
2771.  8.221171E-17
2772.  7.910623E-17
2773.  7.614566E-17
2774.  7.333061E-17
2775.  7.066125E-17
2776.  6.813786E-17
2777.  6.576013E-17
2778.  6.352803E-17
2779.  6.144126E-17
2780.  5.949914E-17
2781.  5.770117E-17
2782.  5.604607E-17
2783.  5.453316E-17
2784.  5.316117E-17
2785.  5.192862E-17
2786.  5.083405E-17
2787.  4.987576E-17
2788.  4.905188E-17
2789.  4.836045E-17
2790.  4.779910E-17
2791.  4.736566E-17
2792.  4.705760E-17
2793.  4.687236E-17
2794.  4.680697E-17
2795.  4.685875E-17
2796.  4.702434E-17
2797.  4.730071E-17
2798.  4.768441E-17
2799.  4.817202E-17
2800.  4.875977E-17
2801.  4.944398E-17
2802.  5.022081E-17
2803.  5.108612E-17
2804.  5.203600E-17
2805.  5.306612E-17
2806.  5.417215E-17
2807.  5.534976E-17
2808.  5.659441E-17
2809.  5.790152E-17
2810.  5.926642E-17
2811.  6.068452E-17
2812.  6.215091E-17
2813.  6.366103E-17
2814.  6.520989E-17
2815.  6.679251E-17
2816.  6.840410E-17
2817.  7.003992E-17
2818.  7.169491E-17
2819.  7.336420E-17
2820.  7.504310E-17
2821.  7.672652E-17
2822.  7.840972E-17
2823.  8.008821E-17
2824.  8.175718E-17
2825.  8.341185E-17
2826.  8.504790E-17
2827.  8.666087E-17
2828.  8.824658E-17
2829.  8.980043E-17
2830.  9.131864E-17
2831.  9.279717E-17
2832.  9.423206E-17
2833.  9.561979E-17
2834.  9.695679E-17
2835.  9.823969E-17
2836.  9.946516E-17
2837.  1.006303E-16
2838.  1.017322E-16
2839.  1.027682E-16
2840.  1.037358E-16
2841.  1.046328E-16
2842.  1.054570E-16
2843.  1.062066E-16
2844.  1.068798E-16
2845.  1.074752E-16
2846.  1.079916E-16
2847.  1.084277E-16
2848.  1.087830E-16
2849.  1.090566E-16
2850.  1.092480E-16
2851.  1.093572E-16
2852.  1.093839E-16
2853.  1.093285E-16
2854.  1.091911E-16
2855.  1.089724E-16
2856.  1.086732E-16
2857.  1.082942E-16
2858.  1.078366E-16
2859.  1.073016E-16
2860.  1.066907E-16
2861.  1.060054E-16
2862.  1.052473E-16
2863.  1.044186E-16
2864.  1.035209E-16
2865.  1.025566E-16
2866.  1.015277E-16
2867.  1.004366E-16
2868.  9.928564E-17
2869.  9.807746E-17
2870.  9.681467E-17
2871.  9.549979E-17
2872.  9.413553E-17
2873.  9.272478E-17
2874.  9.127021E-17
2875.  8.977480E-17
2876.  8.824122E-17
2877.  8.667253E-17
2878.  8.507136E-17
2879.  8.344078E-17
2880.  8.178360E-17
2881.  8.010261E-17
2882.  7.840080E-17
2883.  7.668058E-17
2884.  7.494502E-17
2885.  7.319658E-17
2886.  7.143802E-17
2887.  6.967186E-17
2888.  6.790060E-17
2889.  6.612658E-17
2890.  6.435231E-17
2891.  6.257997E-17
2892.  6.081184E-17
2893.  5.904990E-17
2894.  5.729615E-17
2895.  5.555258E-17
2896.  5.382101E-17
2897.  5.210319E-17
2898.  5.040074E-17
2899.  4.871518E-17
2900.  4.704800E-17
2901.  4.540043E-17
2902.  4.377396E-17
2903.  4.216952E-17
2904.  4.058834E-17
2905.  3.903117E-17
2906.  3.749907E-17
2907.  3.599287E-17
2908.  3.451321E-17
2909.  3.306079E-17
2910.  3.163604E-17
2911.  3.023959E-17
2912.  2.887173E-17
2913.  2.753280E-17
2914.  2.622320E-17
2915.  2.494311E-17
2916.  2.369254E-17
2917.  2.247172E-17
2918.  2.128069E-17
2919.  2.011938E-17
2920.  1.898785E-17
2921.  1.788603E-17
2922.  1.681379E-17
2923.  1.577098E-17
2924.  1.475738E-17
2925.  1.377294E-17
2926.  1.281731E-17
2927.  1.189031E-17
2928.  1.099180E-17
2929.  1.012142E-17
2930.  9.278852E-18
2931.  8.463878E-18
2932.  7.676420E-18
2933.  6.915870E-18
2934.  6.182066E-18
2935.  5.474743E-18
2936.  4.793605E-18
2937.  4.138476E-18
2938.  3.508973E-18
2939.  2.904820E-18
2940.  2.325826E-18
2941.  1.771662E-18
2942.  1.242190E-18
2943.  7.369683E-19
2944.  2.558976E-19
2945.  -2.012598E-19
2946.  -6.347575E-19
2947.  -1.044798E-18
2948.  -1.431566E-18
2949.  -1.795635E-18
2950.  -2.136787E-18
2951.  -2.455355E-18
2952.  -2.751624E-18
2953.  -3.025802E-18
2954.  -3.278198E-18
2955.  -3.508865E-18
2956.  -3.718153E-18
2957.  -3.906256E-18
2958.  -4.073373E-18
2959.  -4.219866E-18
2960.  -4.346033E-18
2961.  -4.452020E-18
2962.  -4.538095E-18
2963.  -4.604662E-18
2964.  -4.651951E-18
2965.  -4.680296E-18
2966.  -4.690122E-18
2967.  -4.681810E-18
2968.  -4.655541E-18
2969.  -4.611689E-18
2970.  -4.550969E-18
2971.  -4.473423E-18
2972.  -4.379798E-18
2973.  -4.270385E-18
2974.  -4.145643E-18
2975.  -4.006123E-18
2976.  -3.852135E-18
2977.  -3.684334E-18
2978.  -3.503451E-18
2979.  -3.309687E-18
2980.  -3.103738E-18
2981.  -2.886073E-18
2982.  -2.657488E-18
2983.  -2.418306E-18
2984.  -2.169208E-18
2985.  -1.910871E-18
2986.  -1.643695E-18
2987.  -1.368370E-18
2988.  -1.085795E-18
2989.  -7.960427E-19
2990.  -5.000830E-19
2991.  -1.983885E-19
2992.  1.084053E-19
2993.  4.199119E-19
2994.  7.351559E-19
2995.  1.053818E-18
2996.  1.375318E-18
2997.  1.698963E-18
2998.  2.024534E-18
2999.  2.351236E-18
3000.  2.678689E-18
3001.  3.006289E-18
3002.  3.333666E-18
3003.  3.660385E-18
3004.  3.985872E-18
3005.  4.309891E-18
3006.  4.632012E-18
3007.  4.951793E-18
3008.  5.269123E-18
3009.  5.583400E-18
3010.  5.894594E-18
3011.  6.202069E-18
3012.  6.506111E-18
3013.  6.806208E-18
3014.  7.102160E-18
3015.  7.394034E-18
3016.  7.681482E-18
3017.  7.964408E-18
3018.  8.242899E-18
3019.  8.516900E-18
3020.  8.786306E-18
3021.  9.051147E-18
3022.  9.311486E-18
3023.  9.567310E-18
3024.  9.818812E-18
3025.  1.006608E-17
3026.  1.030900E-17
3027.  1.054812E-17
3028.  1.078344E-17
3029.  1.101503E-17
3030.  1.124326E-17
3031.  1.146828E-17
3032.  1.169032E-17
3033.  1.190956E-17
3034.  1.212640E-17
3035.  1.234112E-17
3036.  1.255386E-17
3037.  1.276531E-17
3038.  1.297527E-17
3039.  1.318430E-17
3040.  1.339284E-17
3041.  1.360099E-17
3042.  1.380928E-17
3043.  1.401803E-17
3044.  1.422743E-17
3045.  1.443791E-17
3046.  1.464976E-17
3047.  1.486337E-17
3048.  1.507921E-17
3049.  1.529735E-17
3050.  1.551834E-17
3051.  1.574241E-17
3052.  1.596977E-17
3053.  1.620096E-17
3054.  1.643620E-17
3055.  1.667573E-17
3056.  1.691989E-17
3057.  1.716890E-17
3058.  1.742320E-17
3059.  1.768285E-17
3060.  1.794830E-17
3061.  1.821967E-17
3062.  1.849720E-17
3063.  1.878116E-17
3064.  1.907172E-17
3065.  1.936928E-17
3066.  1.967380E-17
3067.  1.998564E-17
3068.  2.030498E-17
3069.  2.063188E-17
3070.  2.096665E-17
3071.  2.130940E-17
3072.  2.166021E-17
3073.  2.201940E-17
3074.  2.238705E-17
3075.  2.276320E-17
3076.  2.314830E-17
3077.  2.354213E-17
3078.  2.394495E-17
3079.  2.435703E-17
3080.  2.477850E-17
3081.  2.520916E-17
3082.  2.564961E-17
3083.  2.609970E-17
3084.  2.655970E-17
3085.  2.702962E-17
3086.  2.750978E-17
3087.  2.800017E-17
3088.  2.850104E-17
3089.  2.901250E-17
3090.  2.953471E-17
3091.  3.006781E-17
3092.  3.061209E-17
3093.  3.116744E-17
3094.  3.173438E-17
3095.  3.231267E-17
3096.  3.290280E-17
3097.  3.350482E-17
3098.  3.411896E-17
3099.  3.474529E-17
3100.  3.538401E-17
3101.  3.603544E-17
3102.  3.669941E-17
3103.  3.737633E-17
3104.  3.806626E-17
3105.  3.876929E-17
3106.  3.948554E-17
3107.  4.021521E-17
3108.  4.095837E-17
3109.  4.171488E-17
3110.  4.248507E-17
3111.  4.326873E-17
3112.  4.406598E-17
3113.  4.487684E-17
3114.  4.570119E-17
3115.  4.653887E-17
3116.  4.738977E-17
3117.  4.825386E-17
3118.  4.913084E-17
3119.  5.002041E-17
3120.  5.092257E-17
3121.  5.183661E-17
3122.  5.276231E-17
3123.  5.369930E-17
3124.  5.464700E-17
3125.  5.560503E-17
3126.  5.657261E-17
3127.  5.754928E-17
3128.  5.853421E-17
3129.  5.952675E-17
3130.  6.052599E-17
3131.  6.153136E-17
3132.  6.254154E-17
3133.  6.355583E-17
3134.  6.457301E-17
3135.  6.559229E-17
3136.  6.661225E-17
3137.  6.763189E-17
3138.  6.865004E-17
3139.  6.966511E-17
3140.  7.067625E-17
3141.  7.168175E-17
3142.  7.268029E-17
3143.  7.367051E-17
3144.  7.465112E-17
3145.  7.562018E-17
3146.  7.657664E-17
3147.  7.751889E-17
3148.  7.844517E-17
3149.  7.935426E-17
3150.  8.024435E-17
3151.  8.111411E-17
3152.  8.196206E-17
3153.  8.278654E-17
3154.  8.358607E-17
3155.  8.435924E-17
3156.  8.510478E-17
3157.  8.582097E-17
3158.  8.650661E-17
3159.  8.716060E-17
3160.  8.778150E-17
3161.  8.836810E-17
3162.  8.891936E-17
3163.  8.943413E-17
3164.  8.991162E-17
3165.  9.035070E-17
3166.  9.075066E-17
3167.  9.111083E-17
3168.  9.143058E-17
3169.  9.170913E-17
3170.  9.194631E-17
3171.  9.214169E-17
3172.  9.229497E-17
3173.  9.240599E-17
3174.  9.247480E-17
3175.  9.250133E-17
3176.  9.248597E-17
3177.  9.242891E-17
3178.  9.233042E-17
3179.  9.219116E-17
3180.  9.201174E-17
3181.  9.179277E-17
3182.  9.153504E-17
3183.  9.123954E-17
3184.  9.090742E-17
3185.  9.053957E-17
3186.  9.013729E-17
3187.  8.970183E-17
3188.  8.923470E-17
3189.  8.873726E-17
3190.  8.821104E-17
3191.  8.765758E-17
3192.  8.707883E-17
3193.  8.647635E-17
3194.  8.585191E-17
3195.  8.520744E-17
3196.  8.454496E-17
3197.  8.386617E-17
3198.  8.317333E-17
3199.  8.246820E-17
3200.  8.175316E-17
3201.  8.102985E-17
3202.  8.030072E-17
3203.  7.956779E-17
3204.  7.883325E-17
3205.  7.809893E-17
3206.  7.736704E-17
3207.  7.663989E-17
3208.  7.591937E-17
3209.  7.520761E-17
3210.  7.450672E-17
3211.  7.381856E-17
3212.  7.314535E-17
3213.  7.248892E-17
3214.  7.185122E-17
3215.  7.123425E-17
3216.  7.063972E-17
3217.  7.006962E-17
3218.  6.952562E-17
3219.  6.900949E-17
3220.  6.852305E-17
3221.  6.806775E-17
3222.  6.764524E-17
3223.  6.725708E-17
3224.  6.690496E-17
3225.  6.659008E-17
3226.  6.631393E-17
3227.  6.607796E-17
3228.  6.588339E-17
3229.  6.573156E-17
3230.  6.562357E-17
3231.  6.556069E-17
3232.  6.554410E-17
3233.  6.557477E-17
3234.  6.565375E-17
3235.  6.578215E-17
3236.  6.596085E-17
3237.  6.619073E-17
3238.  6.647270E-17
3239.  6.680759E-17
3240.  6.719622E-17
3241.  6.763925E-17
3242.  6.813755E-17
3243.  6.869161E-17
3244.  6.930219E-17
3245.  6.996998E-17
3246.  7.069514E-17
3247.  7.147865E-17
3248.  7.232094E-17
3249.  7.322209E-17
3250.  7.418272E-17
3251.  7.520338E-17
3252.  7.628396E-17
3253.  7.742503E-17
3254.  7.862669E-17
3255.  7.988921E-17
3256.  8.121247E-17
3257.  8.259666E-17
3258.  8.404168E-17
3259.  8.554772E-17
3260.  8.711441E-17
3261.  8.874155E-17
3262.  9.042895E-17
3263.  9.217619E-17
3264.  9.398293E-17
3265.  9.584858E-17
3266.  9.777259E-17
3267.  9.975432E-17
3268.  1.017931E-16
3269.  1.038878E-16
3270.  1.060377E-16
3271.  1.082419E-16
3272.  1.104989E-16
3273.  1.128076E-16
3274.  1.151668E-16
3275.  1.175748E-16
3276.  1.200304E-16
3277.  1.225316E-16
3278.  1.250767E-16
3279.  1.276641E-16
3280.  1.302914E-16
3281.  1.329569E-16
3282.  1.356581E-16
3283.  1.383930E-16
3284.  1.411590E-16
3285.  1.439537E-16
3286.  1.467744E-16
3287.  1.496186E-16
3288.  1.524835E-16
3289.  1.553663E-16
3290.  1.582639E-16
3291.  1.611736E-16
3292.  1.640922E-16
3293.  1.670167E-16
3294.  1.699438E-16
3295.  1.728707E-16
3296.  1.757939E-16
3297.  1.787102E-16
3298.  1.816164E-16
3299.  1.845096E-16
3300.  1.873862E-16
3301.  1.902433E-16
3302.  1.930775E-16
3303.  1.958859E-16
3304.  1.986655E-16
3305.  2.014133E-16
3306.  2.041263E-16
3307.  2.068020E-16
3308.  2.094374E-16
3309.  2.120302E-16
3310.  2.145779E-16
3311.  2.170782E-16
3312.  2.195289E-16
3313.  2.219282E-16
3314.  2.242742E-16
3315.  2.265654E-16
3316.  2.288003E-16
3317.  2.309777E-16
3318.  2.330967E-16
3319.  2.351565E-16
3320.  2.371565E-16
3321.  2.390963E-16
3322.  2.409760E-16
3323.  2.427959E-16
3324.  2.445561E-16
3325.  2.462575E-16
3326.  2.479008E-16
3327.  2.494874E-16
3328.  2.510185E-16
3329.  2.524958E-16
3330.  2.539215E-16
3331.  2.552974E-16
3332.  2.566263E-16
3333.  2.579103E-16
3334.  2.591525E-16
3335.  2.603560E-16
3336.  2.615241E-16
3337.  2.626602E-16
3338.  2.637679E-16
3339.  2.648512E-16
3340.  2.659140E-16
3341.  2.669602E-16
3342.  2.679944E-16
3343.  2.690209E-16
3344.  2.700440E-16
3345.  2.710684E-16
3346.  2.720986E-16
3347.  2.731395E-16
3348.  2.741956E-16
3349.  2.752716E-16
3350.  2.763721E-16
3351.  2.775019E-16
3352.  2.786655E-16
3353.  2.798675E-16
3354.  2.811123E-16
3355.  2.824041E-16
3356.  2.837471E-16
3357.  2.851455E-16
3358.  2.866030E-16
3359.  2.881231E-16
3360.  2.897096E-16
3361.  2.913654E-16
3362.  2.930937E-16
3363.  2.948973E-16
3364.  2.967784E-16
3365.  2.987392E-16
3366.  3.007817E-16
3367.  3.029074E-16
3368.  3.051174E-16
3369.  3.074128E-16
3370.  3.097941E-16
3371.  3.122614E-16
3372.  3.148148E-16
3373.  3.174535E-16
3374.  3.201769E-16
3375.  3.229837E-16
3376.  3.258723E-16
3377.  3.288407E-16
3378.  3.318868E-16
3379.  3.350080E-16
3380.  3.382012E-16
3381.  3.414632E-16
3382.  3.447902E-16
3383.  3.481785E-16
3384.  3.516236E-16
3385.  3.551212E-16
3386.  3.586665E-16
3387.  3.622542E-16
3388.  3.658794E-16
3389.  3.695362E-16
3390.  3.732191E-16
3391.  3.769221E-16
3392.  3.806391E-16
3393.  3.843640E-16
3394.  3.880904E-16
3395.  3.918118E-16
3396.  3.955219E-16
3397.  3.992139E-16
3398.  4.028813E-16
3399.  4.065175E-16
3400.  4.101159E-16
3401.  4.136700E-16
3402.  4.171733E-16
3403.  4.206195E-16
3404.  4.240022E-16
3405.  4.273153E-16
3406.  4.305527E-16
3407.  4.337087E-16
3408.  4.367776E-16
3409.  4.397541E-16
3410.  4.426326E-16
3411.  4.454087E-16
3412.  4.480775E-16
3413.  4.506342E-16
3414.  4.530751E-16
3415.  4.553961E-16
3416.  4.575939E-16
3417.  4.596650E-16
3418.  4.616068E-16
3419.  4.634163E-16
3420.  4.650918E-16
3421.  4.666309E-16
3422.  4.680324E-16
3423.  4.692948E-16
3424.  4.704175E-16
3425.  4.713997E-16
3426.  4.722412E-16
3427.  4.729422E-16
3428.  4.735031E-16
3429.  4.739244E-16
3430.  4.742074E-16
3431.  4.743532E-16
3432.  4.743634E-16
3433.  4.742400E-16
3434.  4.739848E-16
3435.  4.736004E-16
3436.  4.730893E-16
3437.  4.724540E-16
3438.  4.716977E-16
3439.  4.708234E-16
3440.  4.698344E-16
3441.  4.687338E-16
3442.  4.675255E-16
3443.  4.662129E-16
3444.  4.647999E-16
3445.  4.632898E-16
3446.  4.616866E-16
3447.  4.599944E-16
3448.  4.582166E-16
3449.  4.563572E-16
3450.  4.544203E-16
3451.  4.524093E-16
3452.  4.503278E-16
3453.  4.481798E-16
3454.  4.459689E-16
3455.  4.436983E-16
3456.  4.413715E-16
3457.  4.389919E-16
3458.  4.365624E-16
3459.  4.340862E-16
3460.  4.315664E-16
3461.  4.290053E-16
3462.  4.264058E-16
3463.  4.237704E-16
3464.  4.211012E-16
3465.  4.184004E-16
3466.  4.156701E-16
3467.  4.129121E-16
3468.  4.101280E-16
3469.  4.073193E-16
3470.  4.044875E-16
3471.  4.016338E-16
3472.  3.987593E-16
3473.  3.958650E-16
3474.  3.929516E-16
3475.  3.900199E-16
3476.  3.870705E-16
3477.  3.841040E-16
3478.  3.811206E-16
3479.  3.781207E-16
3480.  3.751046E-16
3481.  3.720725E-16
3482.  3.690243E-16
3483.  3.659602E-16
3484.  3.628803E-16
3485.  3.597846E-16
3486.  3.566729E-16
3487.  3.535454E-16
3488.  3.504021E-16
3489.  3.472429E-16
3490.  3.440677E-16
3491.  3.408769E-16
3492.  3.376705E-16
3493.  3.344484E-16
3494.  3.312111E-16
3495.  3.279587E-16
3496.  3.246916E-16
3497.  3.214104E-16
3498.  3.181155E-16
3499.  3.148073E-16
3500.  3.114868E-16
3501.  3.081546E-16
3502.  3.048116E-16
3503.  3.014590E-16
3504.  2.980976E-16
3505.  2.947290E-16
3506.  2.913541E-16
3507.  2.879745E-16
3508.  2.845916E-16
3509.  2.812071E-16
3510.  2.778229E-16
3511.  2.744404E-16
3512.  2.710617E-16
3513.  2.676888E-16
3514.  2.643237E-16
3515.  2.609686E-16
3516.  2.576256E-16
3517.  2.542971E-16
3518.  2.509852E-16
3519.  2.476925E-16
3520.  2.444213E-16
3521.  2.411741E-16
3522.  2.379534E-16
3523.  2.347613E-16
3524.  2.316009E-16
3525.  2.284744E-16
3526.  2.253842E-16
3527.  2.223329E-16
3528.  2.193229E-16
3529.  2.163565E-16
3530.  2.134361E-16
3531.  2.105643E-16
3532.  2.077429E-16
3533.  2.049744E-16
3534.  2.022607E-16
3535.  1.996039E-16
3536.  1.970058E-16
3537.  1.944683E-16
3538.  1.919931E-16
3539.  1.895818E-16
3540.  1.872360E-16
3541.  1.849567E-16
3542.  1.827453E-16
3543.  1.806028E-16
3544.  1.785303E-16
3545.  1.765283E-16
3546.  1.745975E-16
3547.  1.727384E-16
3548.  1.709513E-16
3549.  1.692365E-16
3550.  1.675936E-16
3551.  1.660227E-16
3552.  1.645233E-16
3553.  1.630950E-16
3554.  1.617370E-16
3555.  1.604486E-16
3556.  1.592289E-16
3557.  1.580763E-16
3558.  1.569896E-16
3559.  1.559676E-16
3560.  1.550085E-16
3561.  1.541106E-16
3562.  1.532718E-16
3563.  1.524902E-16
3564.  1.517634E-16
3565.  1.510893E-16
3566.  1.504653E-16
3567.  1.498891E-16
3568.  1.493577E-16
3569.  1.488686E-16
3570.  1.484189E-16
3571.  1.480054E-16
3572.  1.476255E-16
3573.  1.472758E-16
3574.  1.469533E-16
3575.  1.466548E-16
3576.  1.463771E-16
3577.  1.461170E-16
3578.  1.458710E-16
3579.  1.456362E-16
3580.  1.454090E-16
3581.  1.451862E-16
3582.  1.449646E-16
3583.  1.447410E-16
3584.  1.445121E-16
3585.  1.442747E-16
3586.  1.440260E-16
3587.  1.437627E-16
3588.  1.434822E-16
3589.  1.431811E-16
3590.  1.428570E-16
3591.  1.425073E-16
3592.  1.421292E-16
3593.  1.417202E-16
3594.  1.412782E-16
3595.  1.408008E-16
3596.  1.402862E-16
3597.  1.397319E-16
3598.  1.391366E-16
3599.  1.384985E-16
3600.  1.378161E-16
3601.  1.370880E-16
3602.  1.363130E-16
3603.  1.354902E-16
3604.  1.346186E-16
3605.  1.336974E-16
3606.  1.327263E-16
3607.  1.317047E-16
3608.  1.306325E-16
3609.  1.295096E-16
3610.  1.283360E-16
3611.  1.271121E-16
3612.  1.258383E-16
3613.  1.245151E-16
3614.  1.231432E-16
3615.  1.217234E-16
3616.  1.202568E-16
3617.  1.187444E-16
3618.  1.171876E-16
3619.  1.155878E-16
3620.  1.139464E-16
3621.  1.122648E-16
3622.  1.105451E-16
3623.  1.087888E-16
3624.  1.069981E-16
3625.  1.051747E-16
3626.  1.033207E-16
3627.  1.014383E-16
3628.  9.952980E-17
3629.  9.759723E-17
3630.  9.564292E-17
3631.  9.366920E-17
3632.  9.167855E-17
3633.  8.967320E-17
3634.  8.765563E-17
3635.  8.562821E-17
3636.  8.359328E-17
3637.  8.155334E-17
3638.  7.951070E-17
3639.  7.746763E-17
3640.  7.542676E-17
3641.  7.339000E-17
3642.  7.135987E-17
3643.  6.933881E-17
3644.  6.732861E-17
3645.  6.533155E-17
3646.  6.334954E-17
3647.  6.138494E-17
3648.  5.943954E-17
3649.  5.751515E-17
3650.  5.561379E-17
3651.  5.373697E-17
3652.  5.188645E-17
3653.  5.006379E-17
3654.  4.827056E-17
3655.  4.650823E-17
3656.  4.477821E-17
3657.  4.308158E-17
3658.  4.141979E-17
3659.  3.979377E-17
3660.  3.820464E-17
3661.  3.665345E-17
3662.  3.514097E-17
3663.  3.366791E-17
3664.  3.223534E-17
3665.  3.084375E-17
3666.  2.949364E-17
3667.  2.818561E-17
3668.  2.692026E-17
3669.  2.569764E-17
3670.  2.451854E-17
3671.  2.338292E-17
3672.  2.229106E-17
3673.  2.124305E-17
3674.  2.023900E-17
3675.  1.927899E-17
3676.  1.836301E-17
3677.  1.749106E-17
3678.  1.666287E-17
3679.  1.587860E-17
3680.  1.513785E-17
3681.  1.444019E-17
3682.  1.378571E-17
3683.  1.317405E-17
3684.  1.260472E-17
3685.  1.207732E-17
3686.  1.159162E-17
3687.  1.114701E-17
3688.  1.074325E-17
3689.  1.037957E-17
3690.  1.005561E-17
3691.  9.770890E-18
3692.  9.524622E-18
3693.  9.316338E-18
3694.  9.145291E-18
3695.  9.010990E-18
3696.  8.912558E-18
3697.  8.849517E-18
3698.  8.820931E-18
3699.  8.826094E-18
3700.  8.864254E-18
3701.  8.934686E-18
3702.  9.036295E-18
3703.  9.168334E-18
3704.  9.330022E-18
3705.  9.520414E-18
3706.  9.738481E-18
3707.  9.983311E-18
3708.  1.025390E-17
3709.  1.054931E-17
3710.  1.086839E-17
3711.  1.121008E-17
3712.  1.157332E-17
3713.  1.195716E-17
3714.  1.236022E-17
3715.  1.278149E-17
3716.  1.321983E-17
3717.  1.367380E-17
3718.  1.414240E-17
3719.  1.462441E-17
3720.  1.511852E-17
3721.  1.562344E-17
3722.  1.613792E-17
3723.  1.666069E-17
3724.  1.719056E-17
3725.  1.772603E-17
3726.  1.826593E-17
3727.  1.880892E-17
3728.  1.935361E-17
3729.  1.989883E-17
3730.  2.044328E-17
3731.  2.098564E-17
3732.  2.152469E-17
3733.  2.205900E-17
3734.  2.258744E-17
3735.  2.310881E-17
3736.  2.362189E-17
3737.  2.412546E-17
3738.  2.461843E-17
3739.  2.509962E-17
3740.  2.556805E-17
3741.  2.602249E-17
3742.  2.646228E-17
3743.  2.688592E-17
3744.  2.729304E-17
3745.  2.768237E-17
3746.  2.805333E-17
3747.  2.840501E-17
3748.  2.873669E-17
3749.  2.904772E-17
3750.  2.933748E-17
3751.  2.960550E-17
3752.  2.985112E-17
3753.  3.007403E-17
3754.  3.027379E-17
3755.  3.045008E-17
3756.  3.060263E-17
3757.  3.073131E-17
3758.  3.083582E-17
3759.  3.091611E-17
3760.  3.097239E-17
3761.  3.100450E-17
3762.  3.101253E-17
3763.  3.099673E-17
3764.  3.095707E-17
3765.  3.089409E-17
3766.  3.080789E-17
3767.  3.069895E-17
3768.  3.056765E-17
3769.  3.041453E-17
3770.  3.023987E-17
3771.  3.004442E-17
3772.  2.982872E-17
3773.  2.959329E-17
3774.  2.933892E-17
3775.  2.906614E-17
3776.  2.877567E-17
3777.  2.846840E-17
3778.  2.814503E-17
3779.  2.780620E-17
3780.  2.745287E-17
3781.  2.708581E-17
3782.  2.670576E-17
3783.  2.631374E-17
3784.  2.591026E-17
3785.  2.549648E-17
3786.  2.507305E-17
3787.  2.464088E-17
3788.  2.420090E-17
3789.  2.375381E-17
3790.  2.330037E-17
3791.  2.284147E-17
3792.  2.237794E-17
3793.  2.191053E-17
3794.  2.144004E-17
3795.  2.096715E-17
3796.  2.049269E-17
3797.  2.001714E-17
3798.  1.954152E-17
3799.  1.906622E-17
3800.  1.859200E-17
3801.  1.811943E-17
3802.  1.764903E-17
3803.  1.718142E-17
3804.  1.671723E-17
3805.  1.625691E-17
3806.  1.580083E-17
3807.  1.534947E-17
3808.  1.490339E-17
3809.  1.446286E-17
3810.  1.402815E-17
3811.  1.359989E-17
3812.  1.317815E-17
3813.  1.276337E-17
3814.  1.235558E-17
3815.  1.195527E-17
3816.  1.156252E-17
3817.  1.117762E-17
3818.  1.080042E-17
3819.  1.043154E-17
3820.  1.007074E-17
3821.  9.718216E-18
3822.  9.374133E-18
3823.  9.038381E-18
3824.  8.711156E-18
3825.  8.392424E-18
3826.  8.082183E-18
3827.  7.780428E-18
3828.  7.487097E-18
3829.  7.202238E-18
3830.  6.925727E-18
3831.  6.657573E-18
3832.  6.397627E-18
3833.  6.145853E-18
3834.  5.902095E-18
3835.  5.666356E-18
3836.  5.438447E-18
3837.  5.218376E-18
3838.  5.005910E-18
3839.  4.800831E-18
3840.  4.603168E-18
3841.  4.412829E-18
3842.  4.229504E-18
3843.  4.053137E-18
3844.  3.883635E-18
3845.  3.720756E-18
3846.  3.564272E-18
3847.  3.414282E-18
3848.  3.270535E-18
3849.  3.132793E-18
3850.  3.000924E-18
3851.  2.874776E-18
3852.  2.754343E-18
3853.  2.639340E-18
3854.  2.529623E-18
3855.  2.425094E-18
3856.  2.325498E-18
3857.  2.230827E-18
3858.  2.140963E-18
3859.  2.055652E-18
3860.  1.974726E-18
3861.  1.898196E-18
3862.  1.825780E-18
3863.  1.757434E-18
3864.  1.693016E-18
3865.  1.632382E-18
3866.  1.575409E-18
3867.  1.521968E-18
3868.  1.471949E-18
3869.  1.425251E-18
3870.  1.381693E-18
3871.  1.341183E-18
3872.  1.303737E-18
3873.  1.269066E-18
3874.  1.237087E-18
3875.  1.207758E-18
3876.  1.180947E-18
3877.  1.156574E-18
3878.  1.134394E-18
3879.  1.114469E-18
3880.  1.096678E-18
3881.  1.080904E-18
3882.  1.066956E-18
3883.  1.054807E-18
3884.  1.044422E-18
3885.  1.035594E-18
3886.  1.028201E-18
3887.  1.022247E-18
3888.  1.017672E-18
3889.  1.014200E-18
3890.  1.011864E-18
3891.  1.010558E-18
3892.  1.010001E-18
3893.  1.010374E-18
3894.  1.011335E-18
3895.  1.012926E-18
3896.  1.014952E-18
3897.  1.017377E-18
3898.  1.019987E-18
3899.  1.022809E-18
3900.  1.025649E-18
3901.  1.028335E-18
3902.  1.030720E-18
3903.  1.032779E-18
3904.  1.034359E-18
3905.  1.035264E-18
3906.  1.035526E-18
3907.  1.034799E-18
3908.  1.033080E-18
3909.  1.030118E-18
3910.  1.025753E-18
3911.  1.019928E-18
3912.  1.012434E-18
3913.  1.002996E-18
3914.  9.916237E-19
3915.  9.780046E-19
3916.  9.620303E-19
3917.  9.435516E-19
3918.  9.222252E-19
3919.  8.979301E-19
3920.  8.704638E-19
3921.  8.396205E-19
3922.  8.052051E-19
3923.  7.669773E-19
3924.  7.247379E-19
3925.  6.781758E-19
3926.  6.271843E-19
3927.  5.714533E-19
3928.  5.107758E-19
3929.  4.448421E-19
3930.  3.734187E-19
3931.  2.963524E-19
3932.  2.132443E-19
3933.  1.240195E-19
3934.  2.827512E-20
3935.  -7.418814E-20
3936.  -1.836588E-19
3937.  -3.005361E-19
3938.  -4.247336E-19
3939.  -5.568177E-19
3940.  -6.968784E-19
3941.  -8.452873E-19
3942.  -1.002259E-18
3943.  -1.168027E-18
3944.  -1.342871E-18
3945.  -1.526965E-18
3946.  -1.720641E-18
3947.  -1.924046E-18
3948.  -2.137532E-18
3949.  -2.361199E-18
3950.  -2.595320E-18
3951.  -2.840090E-18
3952.  -3.095613E-18
3953.  -3.362190E-18
3954.  -3.640021E-18
3955.  -3.929158E-18
3956.  -4.229669E-18
3957.  -4.541931E-18
3958.  -4.865954E-18
3959.  -5.201810E-18
3960.  -5.549463E-18
3961.  -5.909090E-18
3962.  -6.280824E-18
3963.  -6.664581E-18
3964.  -7.060243E-18
3965.  -7.468139E-18
3966.  -7.887874E-18
3967.  -8.319580E-18
3968.  -8.763071E-18
3969.  -9.218230E-18
3970.  -9.685049E-18
3971.  -1.016317E-17
3972.  -1.065244E-17
3973.  -1.115279E-17
3974.  -1.166391E-17
3975.  -1.218524E-17
3976.  -1.271687E-17
3977.  -1.325817E-17
3978.  -1.380883E-17
3979.  -1.436861E-17
3980.  -1.493685E-17
3981.  -1.551302E-17
3982.  -1.609686E-17
3983.  -1.668767E-17
3984.  -1.728495E-17
3985.  -1.788802E-17
3986.  -1.849628E-17
3987.  -1.910903E-17
3988.  -1.972547E-17
3989.  -2.034510E-17
3990.  -2.096701E-17
3991.  -2.159035E-17
3992.  -2.221434E-17
3993.  -2.283798E-17
3994.  -2.346079E-17
3995.  -2.408131E-17
3996.  -2.469895E-17
3997.  -2.531260E-17
3998.  -2.592132E-17
3999.  -2.652396E-17
4000.  -2.711951E-17
4001.  -2.770702E-17
4002.  -2.828535E-17
4003.  -2.885331E-17
4004.  -2.940989E-17
4005.  -2.995383E-17
4006.  -3.048417E-17
4007.  -3.099960E-17
4008.  -3.149893E-17
4009.  -3.198109E-17
4010.  -3.244485E-17
4011.  -3.288902E-17
4012.  -3.331262E-17
4013.  -3.371428E-17
4014.  -3.409289E-17
4015.  -3.444743E-17
4016.  -3.477657E-17
4017.  -3.507922E-17
4018.  -3.535449E-17
4019.  -3.560106E-17
4020.  -3.581803E-17
4021.  -3.600441E-17
4022.  -3.615903E-17
4023.  -3.628103E-17
4024.  -3.636943E-17
4025.  -3.642342E-17
4026.  -3.644209E-17
4027.  -3.642460E-17
4028.  -3.637018E-17
4029.  -3.627814E-17
4030.  -3.614773E-17
4031.  -3.597855E-17
4032.  -3.576970E-17
4033.  -3.552088E-17
4034.  -3.523153E-17
4035.  -3.490149E-17
4036.  -3.452985E-17
4037.  -3.411689E-17
4038.  -3.366213E-17
4039.  -3.316534E-17
4040.  -3.262654E-17
4041.  -3.204565E-17
4042.  -3.142270E-17
4043.  -3.075765E-17
4044.  -3.005076E-17
4045.  -2.930223E-17
4046.  -2.851227E-17
4047.  -2.768124E-17
4048.  -2.680958E-17
4049.  -2.589752E-17
4050.  -2.494591E-17
4051.  -2.395501E-17
4052.  -2.292545E-17
4053.  -2.185820E-17
4054.  -2.075361E-17
4055.  -1.961283E-17
4056.  -1.843640E-17
4057.  -1.722530E-17
4058.  -1.598045E-17
4059.  -1.470280E-17
4060.  -1.339342E-17
4061.  -1.205309E-17
4062.  -1.068336E-17
4063.  -9.285064E-18
4064.  -7.859203E-18
4065.  -6.407230E-18
4066.  -4.930306E-18
4067.  -3.429523E-18
4068.  -1.906134E-18
4069.  -3.616678E-19
4070.  1.202695E-18
4071.  2.785864E-18
4072.  4.386293E-18
4073.  6.002749E-18
4074.  7.633856E-18
4075.  9.278225E-18
4076.  1.093443E-17
4077.  1.260120E-17
4078.  1.427734E-17
4079.  1.596108E-17
4080.  1.765147E-17
4081.  1.934679E-17
4082.  2.104599E-17
4083.  2.274748E-17
4084.  2.445008E-17
4085.  2.615214E-17
4086.  2.785266E-17
4087.  2.955011E-17
4088.  3.124325E-17
4089.  3.293071E-17
4090.  3.461120E-17
4091.  3.628351E-17
4092.  3.794628E-17
4093.  3.959821E-17
4094.  4.123796E-17
4095.  4.286439E-17
4096.  4.447621E-17
4097.  4.607227E-17
4098.  4.765132E-17
4099.  4.921208E-17
4100.  5.075347E-17
4101.  5.227430E-17
4102.  5.377332E-17
4103.  5.524950E-17
4104.  5.670174E-17
4105.  5.812877E-17
4106.  5.952967E-17
4107.  6.090328E-17
4108.  6.224862E-17
4109.  6.356470E-17
4110.  6.485046E-17
4111.  6.610490E-17
4112.  6.732723E-17
4113.  6.851637E-17
4114.  6.967153E-17
4115.  7.079190E-17
4116.  7.187670E-17
4117.  7.292504E-17
4118.  7.393638E-17
4119.  7.490979E-17
4120.  7.584491E-17
4121.  7.674091E-17
4122.  7.759737E-17
4123.  7.841384E-17
4124.  7.918993E-17
4125.  7.992522E-17
4126.  8.061946E-17
4127.  8.127223E-17
4128.  8.188369E-17
4129.  8.245354E-17
4130.  8.298167E-17
4131.  8.346832E-17
4132.  8.391358E-17
4133.  8.431753E-17
4134.  8.468070E-17
4135.  8.500321E-17
4136.  8.528559E-17
4137.  8.552834E-17
4138.  8.573212E-17
4139.  8.589762E-17
4140.  8.602558E-17
4141.  8.611691E-17
4142.  8.617247E-17
4143.  8.619324E-17
4144.  8.618061E-17
4145.  8.613544E-17
4146.  8.605898E-17
4147.  8.595275E-17
4148.  8.581794E-17
4149.  8.565622E-17
4150.  8.546875E-17
4151.  8.525745E-17
4152.  8.502372E-17
4153.  8.476922E-17
4154.  8.449578E-17
4155.  8.420529E-17
4156.  8.389906E-17
4157.  8.357929E-17
4158.  8.324752E-17
4159.  8.290583E-17
4160.  8.255577E-17
4161.  8.219928E-17
4162.  8.183836E-17
4163.  8.147456E-17
4164.  8.110979E-17
4165.  8.074573E-17
4166.  8.038398E-17
4167.  8.002644E-17
4168.  7.967470E-17
4169.  7.933006E-17
4170.  7.899419E-17
4171.  7.866854E-17
4172.  7.835432E-17
4173.  7.805288E-17
4174.  7.776543E-17
4175.  7.749285E-17
4176.  7.723634E-17
4177.  7.699655E-17
4178.  7.677440E-17
4179.  7.657047E-17
4180.  7.638544E-17
4181.  7.621941E-17
4182.  7.607305E-17
4183.  7.594629E-17
4184.  7.583937E-17
4185.  7.575214E-17
4186.  7.568430E-17
4187.  7.563581E-17
4188.  7.560607E-17
4189.  7.559455E-17
4190.  7.560067E-17
4191.  7.562374E-17
4192.  7.566281E-17
4193.  7.571674E-17
4194.  7.578475E-17
4195.  7.586558E-17
4196.  7.595796E-17
4197.  7.606055E-17
4198.  7.617199E-17
4199.  7.629078E-17
4200.  7.641548E-17
4201.  7.654440E-17
4202.  7.667597E-17
4203.  7.680850E-17
4204.  7.694038E-17
4205.  7.706970E-17
4206.  7.719504E-17
4207.  7.731434E-17
4208.  7.742616E-17
4209.  7.752885E-17
4210.  7.762040E-17
4211.  7.769948E-17
4212.  7.776449E-17
4213.  7.781381E-17
4214.  7.784590E-17
4215.  7.785935E-17
4216.  7.785315E-17
4217.  7.782574E-17
4218.  7.777611E-17
4219.  7.770319E-17
4220.  7.760609E-17
4221.  7.748397E-17
4222.  7.733613E-17
4223.  7.716191E-17
4224.  7.696108E-17
4225.  7.673322E-17
4226.  7.647819E-17
4227.  7.619611E-17
4228.  7.588701E-17
4229.  7.555123E-17
4230.  7.518918E-17
4231.  7.480165E-17
4232.  7.438922E-17
4233.  7.395291E-17
4234.  7.349381E-17
4235.  7.301317E-17
4236.  7.251253E-17
4237.  7.199332E-17
4238.  7.145734E-17
4239.  7.090642E-17
4240.  7.034279E-17
4241.  6.976838E-17
4242.  6.918576E-17
4243.  6.859724E-17
4244.  6.800558E-17
4245.  6.741337E-17
4246.  6.682357E-17
4247.  6.623920E-17
4248.  6.566334E-17
4249.  6.509917E-17
4250.  6.454992E-17
4251.  6.401913E-17
4252.  6.351015E-17
4253.  6.302672E-17
4254.  6.257221E-17
4255.  6.215051E-17
4256.  6.176529E-17
4257.  6.142021E-17
4258.  6.111921E-17
4259.  6.086607E-17
4260.  6.066461E-17
4261.  6.051862E-17
4262.  6.043191E-17
4263.  6.040848E-17
4264.  6.045187E-17
4265.  6.056589E-17
4266.  6.075425E-17
4267.  6.102049E-17
4268.  6.136828E-17
4269.  6.180099E-17
4270.  6.232196E-17
4271.  6.293440E-17
4272.  6.364173E-17
4273.  6.444671E-17
4274.  6.535229E-17
4275.  6.636129E-17
4276.  6.747621E-17
4277.  6.869952E-17
4278.  7.003334E-17
4279.  7.147995E-17
4280.  7.304103E-17
4281.  7.471832E-17
4282.  7.651313E-17
4283.  7.842701E-17
4284.  8.046069E-17
4285.  8.261499E-17
4286.  8.489044E-17
4287.  8.728738E-17
4288.  8.980572E-17
4289.  9.244535E-17
4290.  9.520566E-17
4291.  9.808601E-17
4292.  1.010853E-16
4293.  1.042022E-16
4294.  1.074352E-16
4295.  1.107823E-16
4296.  1.142415E-16
4297.  1.178102E-16
4298.  1.214859E-16
4299.  1.252656E-16
4300.  1.291460E-16
4301.  1.331237E-16
4302.  1.371948E-16
4303.  1.413552E-16
4304.  1.456008E-16
4305.  1.499270E-16
4306.  1.543290E-16
4307.  1.588018E-16
4308.  1.633404E-16
4309.  1.679389E-16
4310.  1.725921E-16
4311.  1.772940E-16
4312.  1.820387E-16
4313.  1.868199E-16
4314.  1.916315E-16
4315.  1.964669E-16
4316.  2.013196E-16
4317.  2.061832E-16
4318.  2.110506E-16
4319.  2.159152E-16
4320.  2.207702E-16
4321.  2.256088E-16
4322.  2.304237E-16
4323.  2.352086E-16
4324.  2.399563E-16
4325.  2.446600E-16
4326.  2.493130E-16
4327.  2.539088E-16
4328.  2.584406E-16
4329.  2.629022E-16
4330.  2.672871E-16
4331.  2.715893E-16
4332.  2.758027E-16
4333.  2.799215E-16
4334.  2.839404E-16
4335.  2.878537E-16
4336.  2.916565E-16
4337.  2.953440E-16
4338.  2.989113E-16
4339.  3.023544E-16
4340.  3.056693E-16
4341.  3.088521E-16
4342.  3.118996E-16
4343.  3.148084E-16
4344.  3.175762E-16
4345.  3.202002E-16
4346.  3.226787E-16
4347.  3.250098E-16
4348.  3.271923E-16
4349.  3.292250E-16
4350.  3.311075E-16
4351.  3.328392E-16
4352.  3.344205E-16
4353.  3.358517E-16
4354.  3.371336E-16
4355.  3.382673E-16
4356.  3.392543E-16
4357.  3.400964E-16
4358.  3.407956E-16
4359.  3.413544E-16
4360.  3.417755E-16
4361.  3.420619E-16
4362.  3.422171E-16
4363.  3.422444E-16
4364.  3.421477E-16
4365.  3.419311E-16
4366.  3.415988E-16
4367.  3.411553E-16
4368.  3.406051E-16
4369.  3.399533E-16
4370.  3.392047E-16
4371.  3.383645E-16
4372.  3.374378E-16
4373.  3.364301E-16
4374.  3.353467E-16
4375.  3.341931E-16
4376.  3.329748E-16
4377.  3.316974E-16
4378.  3.303663E-16
4379.  3.289871E-16
4380.  3.275655E-16
4381.  3.261067E-16
4382.  3.246162E-16
4383.  3.230992E-16
4384.  3.215611E-16
4385.  3.200069E-16
4386.  3.184416E-16
4387.  3.168702E-16
4388.  3.152970E-16
4389.  3.137269E-16
4390.  3.121641E-16
4391.  3.106128E-16
4392.  3.090767E-16
4393.  3.075599E-16
4394.  3.060659E-16
4395.  3.045978E-16
4396.  3.031589E-16
4397.  3.017519E-16
4398.  3.003793E-16
4399.  2.990436E-16
4400.  2.977470E-16
4401.  2.964910E-16
4402.  2.952775E-16
4403.  2.941077E-16
4404.  2.929827E-16
4405.  2.919035E-16
4406.  2.908702E-16
4407.  2.898834E-16
4408.  2.889433E-16
4409.  2.880494E-16
4410.  2.872015E-16
4411.  2.863989E-16
4412.  2.856407E-16
4413.  2.849259E-16
4414.  2.842528E-16
4415.  2.836202E-16
4416.  2.830261E-16
4417.  2.824688E-16
4418.  2.819461E-16
4419.  2.814555E-16
4420.  2.809949E-16
4421.  2.805614E-16
4422.  2.801522E-16
4423.  2.797644E-16
4424.  2.793952E-16
4425.  2.790412E-16
4426.  2.786993E-16
4427.  2.783659E-16
4428.  2.780380E-16
4429.  2.777118E-16
4430.  2.773835E-16
4431.  2.770500E-16
4432.  2.767075E-16
4433.  2.763521E-16
4434.  2.759805E-16
4435.  2.755889E-16
4436.  2.751737E-16
4437.  2.747312E-16
4438.  2.742578E-16
4439.  2.737499E-16
4440.  2.732043E-16
4441.  2.726174E-16
4442.  2.719858E-16
4443.  2.713063E-16
4444.  2.705762E-16
4445.  2.697918E-16
4446.  2.689506E-16
4447.  2.680499E-16
4448.  2.670869E-16
4449.  2.660590E-16
4450.  2.649640E-16
4451.  2.637999E-16
4452.  2.625645E-16
4453.  2.612559E-16
4454.  2.598727E-16
4455.  2.584131E-16
4456.  2.568762E-16
4457.  2.552606E-16
4458.  2.535656E-16
4459.  2.517905E-16
4460.  2.499349E-16
4461.  2.479982E-16
4462.  2.459808E-16
4463.  2.438823E-16
4464.  2.417032E-16
4465.  2.394443E-16
4466.  2.371060E-16
4467.  2.346893E-16
4468.  2.321957E-16
4469.  2.296259E-16
4470.  2.269817E-16
4471.  2.242648E-16
4472.  2.214772E-16
4473.  2.186206E-16
4474.  2.156976E-16
4475.  2.127101E-16
4476.  2.096611E-16
4477.  2.065529E-16
4478.  2.033884E-16
4479.  2.001705E-16
4480.  1.969023E-16
4481.  1.935868E-16
4482.  1.902274E-16
4483.  1.868274E-16
4484.  1.833903E-16
4485.  1.799193E-16
4486.  1.764181E-16
4487.  1.728905E-16
4488.  1.693397E-16
4489.  1.657697E-16
4490.  1.621842E-16
4491.  1.585865E-16
4492.  1.549807E-16
4493.  1.513701E-16
4494.  1.477588E-16
4495.  1.441500E-16
4496.  1.405476E-16
4497.  1.369548E-16
4498.  1.333753E-16
4499.  1.298126E-16
4500.  1.262697E-16
