1.  -8.926789E-23
2.  -7.442826E-23
3.  -4.278192E-23
4.  -1.158845E-22
5.  -7.299579E-23
6.  6.953341E-23
7.  -6.490026E-23
8.  -6.800966E-23
9.  -8.486797E-23
10.  -1.416259E-22
11.  -4.495280E-23
12.  -7.515232E-23
13.  -1.290949E-22
14.  -2.218561E-23
15.  -1.247309E-22
16.  7.593968E-23
17.  -2.417352E-23
18.  3.289258E-23
19.  -2.000648E-23
20.  -1.765992E-22
21.  -1.071054E-22
22.  -6.985668E-23
23.  2.084287E-24
24.  -4.610387E-23
25.  -4.085809E-24
26.  -1.107265E-22
27.  -4.117357E-23
28.  -3.023768E-23
29.  3.801357E-24
30.  -2.454026E-23
31.  -8.136569E-23
32.  9.690232E-23
33.  -6.814125E-23
34.  -6.488515E-23
35.  -4.313759E-23
36.  -1.275113E-22
37.  -6.805861E-23
38.  -1.386311E-22
39.  -7.475349E-23
40.  3.482542E-23
41.  1.516613E-24
42.  -6.318473E-23
43.  -1.300361E-22
44.  3.889608E-23
45.  -5.959442E-23
46.  -3.692402E-23
47.  -1.373071E-22
48.  -8.459192E-23
49.  -1.390568E-22
50.  -8.951140E-23
51.  -3.136379E-23
52.  -1.520012E-22
53.  -8.500929E-24
54.  -1.441304E-22
55.  -6.648050E-23
56.  -3.875956E-23
57.  -1.231011E-22
58.  -9.887319E-23
59.  -1.461855E-22
60.  -1.399789E-22
61.  -1.077373E-22
62.  -1.816340E-22
63.  -1.483820E-22
64.  5.233120E-24
65.  -1.460308E-22
66.  -2.268094E-22
67.  3.065419E-25
68.  -6.425648E-23
69.  -1.358135E-22
70.  -1.022221E-22
71.  -1.579811E-23
72.  5.883623E-23
73.  -7.741477E-23
74.  -5.853853E-23
75.  -3.272750E-23
76.  -1.394930E-22
77.  -8.004712E-23
78.  -2.014623E-23
79.  -1.428585E-22
80.  3.776610E-23
81.  -4.118572E-23
82.  -5.974023E-23
83.  -9.159545E-23
84.  -1.673856E-22
85.  -3.901092E-23
86.  -6.744387E-23
87.  -3.832452E-23
88.  -1.249724E-22
89.  -7.224598E-23
90.  -2.995902E-23
91.  -1.005296E-22
92.  -3.805787E-23
93.  -5.344179E-23
94.  -1.451886E-24
95.  2.729800E-24
96.  4.968183E-23
97.  -1.338392E-22
98.  -1.381475E-22
99.  8.940946E-23
100.  -1.803684E-22
101.  -3.560489E-23
102.  -1.144100E-22
103.  -1.163121E-22
104.  -9.509371E-23
105.  6.541873E-23
106.  -1.246209E-22
107.  -9.893756E-23
108.  -5.896889E-23
109.  -1.447087E-23
110.  5.448050E-23
111.  -1.023179E-22
112.  6.264518E-23
113.  -2.096097E-23
114.  -5.422852E-23
115.  1.189806E-22
116.  -1.935032E-22
117.  -8.980379E-23
118.  -6.462638E-23
119.  -4.519339E-23
120.  -1.572024E-23
121.  2.069683E-23
122.  -1.182707E-22
123.  -1.522779E-24
124.  -1.394725E-22
125.  -1.176804E-23
126.  -4.428524E-23
127.  -5.717112E-23
128.  -2.469518E-23
129.  -7.034580E-23
130.  -1.002483E-22
131.  -1.173649E-22
132.  -2.052511E-22
133.  -1.514636E-22
134.  -1.908228E-23
135.  -9.815238E-23
136.  -1.687124E-23
137.  -3.827087E-23
138.  -1.346071E-22
139.  -1.529303E-22
140.  -1.260609E-22
141.  -1.171594E-22
142.  -1.308116E-22
143.  -9.078574E-23
144.  -8.425602E-23
145.  -1.120516E-22
146.  -6.739749E-23
147.  -9.876070E-23
148.  -1.747152E-22
149.  -1.732648E-22
150.  -6.665308E-23
151.  -1.649422E-23
152.  -1.561461E-22
153.  -4.831790E-23
154.  -9.011967E-23
155.  -1.413945E-22
156.  -1.092498E-22
157.  -6.334484E-23
158.  -1.056525E-22
159.  -5.157555E-23
160.  -1.536753E-22
161.  -1.918782E-22
162.  -2.216848E-22
163.  -5.429841E-23
164.  -1.977244E-22
165.  -1.896773E-22
166.  -8.861134E-23
167.  -6.984035E-23
168.  -1.204136E-22
169.  2.226691E-23
170.  -1.110722E-22
171.  -1.691050E-22
172.  -9.053139E-23
173.  -1.044385E-22
174.  -5.592203E-23
175.  -1.126421E-22
176.  -1.486105E-22
177.  -5.710496E-23
178.  -1.194197E-22
179.  -5.377200E-23
180.  -2.176086E-22
181.  -7.222345E-23
182.  -8.576873E-23
183.  -9.207571E-23
184.  -4.721829E-23
185.  -6.154784E-23
186.  -1.470684E-22
187.  -9.017617E-23
188.  -1.594204E-22
189.  -1.096868E-22
190.  -1.019654E-22
191.  -1.157236E-22
192.  -1.308317E-22
193.  -9.806753E-23
194.  -8.034913E-23
195.  -9.805311E-23
196.  -1.756772E-22
197.  -1.839063E-23
198.  -1.398493E-23
199.  4.646396E-23
200.  -1.033386E-22
201.  1.089264E-23
202.  -5.522912E-23
203.  -5.534805E-23
204.  -1.602494E-22
205.  -1.162387E-22
206.  -1.062176E-22
207.  -1.771035E-22
208.  -7.797081E-23
209.  -1.127080E-22
210.  -8.092737E-23
211.  -7.867209E-23
212.  -2.215123E-22
213.  -8.884290E-23
214.  -1.581681E-22
215.  -1.255083E-22
216.  -1.686066E-22
217.  -6.859972E-23
218.  -8.253792E-23
219.  -1.615802E-22
220.  -1.261851E-22
221.  -2.262556E-23
222.  -9.201315E-23
223.  -4.055945E-23
224.  3.276834E-25
225.  -1.004590E-22
226.  -2.458492E-22
227.  -6.450381E-23
228.  -2.208138E-22
229.  -1.797854E-22
230.  -2.033049E-22
231.  -1.666104E-22
232.  -1.196194E-22
233.  -6.244833E-23
234.  -9.532267E-23
235.  -1.512542E-22
236.  -1.333454E-22
237.  -7.949693E-23
238.  -9.551543E-23
239.  -1.962745E-22
240.  -1.116970E-22
241.  -1.368838E-22
242.  -1.835962E-22
243.  6.742202E-24
244.  -1.300025E-22
245.  -7.962079E-23
246.  -1.555129E-22
247.  -1.656395E-22
248.  -4.288845E-23
249.  -9.005849E-23
250.  -1.421234E-22
251.  -8.652910E-23
252.  -3.740566E-23
253.  -1.792968E-22
254.  -1.768019E-22
255.  -2.001891E-22
256.  -1.938062E-22
257.  -1.253343E-22
258.  -1.673184E-22
259.  -1.665973E-22
260.  -2.019100E-22
261.  -1.744320E-22
262.  -4.251533E-23
263.  -1.466649E-22
264.  -2.734540E-23
265.  -2.137330E-23
266.  -1.289773E-22
267.  -9.429545E-23
268.  -1.908113E-22
269.  -1.510843E-22
270.  -7.856580E-23
271.  -2.354519E-22
272.  -4.923316E-24
273.  -8.893079E-23
274.  -1.137269E-22
275.  -2.305937E-22
276.  -1.782919E-22
277.  -1.590074E-22
278.  -1.549686E-22
279.  -1.954124E-23
280.  -2.082948E-22
281.  -4.397788E-23
282.  -6.648800E-23
283.  -1.443940E-22
284.  -6.238023E-23
285.  -8.300718E-23
286.  -1.007836E-22
287.  -9.552545E-23
288.  -1.057598E-22
289.  -1.382756E-22
290.  -1.815160E-22
291.  -2.146782E-23
292.  1.226910E-22
293.  1.981702E-21
294.  1.031566E-20
295.  4.388076E-20
296.  1.641783E-19
297.  5.415645E-19
298.  1.581395E-18
299.  4.095236E-18
300.  9.423792E-18
301.  1.931029E-17
302.  3.532418E-17
303.  5.786557E-17
304.  8.520758E-17
305.  1.133101E-16
306.  1.368735E-16
307.  1.513017E-16
308.  1.545399E-16
309.  1.477781E-16
310.  1.347535E-16
311.  1.202219E-16
312.  1.084387E-16
313.  1.022238E-16
314.  1.027336E-16
315.  1.097889E-16
316.  1.225413E-16
317.  1.402439E-16
318.  1.628692E-16
319.  1.913212E-16
320.  2.271155E-16
321.  2.716377E-16
322.  3.253266E-16
323.  3.871843E-16
324.  4.548299E-16
325.  5.250164E-16
326.  5.942943E-16
327.  6.595129E-16
328.  7.180223E-16
329.  7.676516E-16
330.  8.066415E-16
331.  8.337048E-16
332.  8.482767E-16
333.  8.509000E-16
334.  8.435570E-16
335.  8.297465E-16
336.  8.141902E-16
337.  8.022361E-16
338.  7.991463E-16
339.  8.094276E-16
340.  8.362876E-16
341.  8.812294E-16
342.  9.438202E-16
343.  1.021717E-15
344.  1.110950E-15
345.  1.206395E-15
346.  1.302289E-15
347.  1.392727E-15
348.  1.472169E-15
349.  1.536059E-15
350.  1.581515E-15
351.  1.607897E-15
352.  1.616996E-15
353.  1.612737E-15
354.  1.600461E-15
355.  1.586002E-15
356.  1.574715E-15
357.  1.570655E-15
358.  1.576056E-15
359.  1.591288E-15
360.  1.615284E-15
361.  1.646271E-15
362.  1.682499E-15
363.  1.722773E-15
364.  1.766633E-15
365.  1.814155E-15
366.  1.865379E-15
367.  1.919582E-15
368.  1.974732E-15
369.  2.027481E-15
370.  2.073757E-15
371.  2.109674E-15
372.  2.132392E-15
373.  2.140706E-15
374.  2.135323E-15
375.  2.118842E-15
376.  2.095337E-15
377.  2.069536E-15
378.  2.045781E-15
379.  2.027136E-15
380.  2.014939E-15
381.  2.008778E-15
382.  2.006790E-15
383.  2.006167E-15
384.  2.003897E-15
385.  1.997624E-15
386.  1.986381E-15
387.  1.970889E-15
388.  1.953367E-15
389.  1.937038E-15
390.  1.925572E-15
391.  1.922556E-15
392.  1.930952E-15
393.  1.952525E-15
394.  1.987404E-15
395.  2.033962E-15
396.  2.089057E-15
397.  2.148483E-15
398.  2.207435E-15
399.  2.260938E-15
400.  2.304343E-15
401.  2.333861E-15
402.  2.347032E-15
403.  2.342916E-15
404.  2.322035E-15
405.  2.286218E-15
406.  2.238473E-15
407.  2.182810E-15
408.  2.123878E-15
409.  2.066415E-15
410.  2.014697E-15
411.  1.972143E-15
412.  1.941120E-15
413.  1.922896E-15
414.  1.917719E-15
415.  1.925053E-15
416.  1.943909E-15
417.  1.973079E-15
418.  2.011153E-15
419.  2.056357E-15
420.  2.106462E-15
421.  2.158888E-15
422.  2.210937E-15
423.  2.260003E-15
424.  2.303715E-15
425.  2.340092E-15
426.  2.367769E-15
427.  2.386190E-15
428.  2.395615E-15
429.  2.396930E-15
430.  2.391372E-15
431.  2.380243E-15
432.  2.364537E-15
433.  2.344440E-15
434.  2.318918E-15
435.  2.285712E-15
436.  2.241944E-15
437.  2.185127E-15
438.  2.114120E-15
439.  2.029639E-15
440.  1.934261E-15
441.  1.832087E-15
442.  1.728240E-15
443.  1.628219E-15
444.  1.537162E-15
445.  1.459173E-15
446.  1.396998E-15
447.  1.352134E-15
448.  1.325189E-15
449.  1.316129E-15
450.  1.324198E-15
451.  1.347560E-15
452.  1.382999E-15
453.  1.425950E-15
454.  1.471037E-15
455.  1.513007E-15
456.  1.547743E-15
457.  1.572935E-15
458.  1.588050E-15
459.  1.593658E-15
460.  1.590525E-15
461.  1.579061E-15
462.  1.559372E-15
463.  1.531767E-15
464.  1.497261E-15
465.  1.457744E-15
466.  1.415772E-15
467.  1.374087E-15
468.  1.335013E-15
469.  1.299856E-15
470.  1.268476E-15
471.  1.239281E-15
472.  1.209731E-15
473.  1.177220E-15
474.  1.139998E-15
475.  1.097772E-15
476.  1.051815E-15
477.  1.004603E-15
478.  9.591572E-16
479.  9.183154E-16
480.  8.841721E-16
481.  8.578272E-16
482.  8.394314E-16
483.  8.283872E-16
484.  8.235538E-16
485.  8.234091E-16
486.  8.262086E-16
487.  8.302038E-16
488.  8.338809E-16
489.  8.361414E-16
490.  8.363712E-16
491.  8.344295E-16
492.  8.306303E-16
493.  8.257576E-16
494.  8.210669E-16
495.  8.182273E-16
496.  8.192091E-16
497.  8.261748E-16
498.  8.413941E-16
499.  8.671006E-16
500.  9.051720E-16
501.  9.565943E-16
502.  1.020815E-15
503.  1.095217E-15
504.  1.174958E-15
505.  1.253366E-15
506.  1.322916E-15
507.  1.376614E-15
508.  1.409398E-15
509.  1.419137E-15
510.  1.406932E-15
511.  1.376787E-15
512.  1.334865E-15
513.  1.288597E-15
514.  1.245716E-15
515.  1.213290E-15
516.  1.196799E-15
517.  1.199459E-15
518.  1.221889E-15
519.  1.262180E-15
520.  1.316283E-15
521.  1.378677E-15
522.  1.443232E-15
523.  1.504170E-15
524.  1.556875E-15
525.  1.598387E-15
526.  1.627518E-15
527.  1.644678E-15
528.  1.651526E-15
529.  1.650478E-15
530.  1.644107E-15
531.  1.634557E-15
532.  1.623173E-15
533.  1.610463E-15
534.  1.596306E-15
535.  1.580240E-15
536.  1.561681E-15
537.  1.540098E-15
538.  1.515234E-15
539.  1.487401E-15
540.  1.457734E-15
541.  1.428282E-15
542.  1.401910E-15
543.  1.382059E-15
544.  1.372410E-15
545.  1.376392E-15
546.  1.396536E-15
547.  1.433827E-15
548.  1.487332E-15
549.  1.554304E-15
550.  1.630672E-15
551.  1.711743E-15
552.  1.792905E-15
553.  1.870249E-15
554.  1.941059E-15
555.  2.004005E-15
556.  2.058985E-15
557.  2.106676E-15
558.  2.148049E-15
559.  2.184052E-15
560.  2.215445E-15
561.  2.242704E-15
562.  2.265992E-15
563.  2.285264E-15
564.  2.300559E-15
565.  2.312344E-15
566.  2.321759E-15
567.  2.330707E-15
568.  2.341856E-15
569.  2.358507E-15
570.  2.384175E-15
571.  2.421764E-15
572.  2.472571E-15
573.  2.535586E-15
574.  2.607435E-15
575.  2.682917E-15
576.  2.755786E-15
577.  2.819458E-15
578.  2.867562E-15
579.  2.894401E-15
580.  2.895385E-15
581.  2.867447E-15
582.  2.809493E-15
583.  2.722888E-15
584.  2.611762E-15
585.  2.482810E-15
586.  2.344337E-15
587.  2.204772E-15
588.  2.071233E-15
589.  1.948719E-15
590.  1.840093E-15
591.  1.746567E-15
592.  1.668251E-15
593.  1.604517E-15
594.  1.554209E-15
595.  1.515794E-15
596.  1.487498E-15
597.  1.467395E-15
598.  1.453526E-15
599.  1.444171E-15
600.  1.438270E-15
601.  1.435775E-15
602.  1.437671E-15
603.  1.445528E-15
604.  1.460754E-15
605.  1.483828E-15
606.  1.513779E-15
607.  1.548036E-15
608.  1.582722E-15
609.  1.613336E-15
610.  1.635695E-15
611.  1.646777E-15
612.  1.645161E-15
613.  1.630898E-15
614.  1.604918E-15
615.  1.568251E-15
616.  1.521358E-15
617.  1.463825E-15
618.  1.394543E-15
619.  1.312353E-15
620.  1.216911E-15
621.  1.109412E-15
622.  9.928810E-16
623.  8.719773E-16
624.  7.524621E-16
625.  6.405225E-16
626.  5.420869E-16
627.  4.621926E-16
628.  4.044714E-16
629.  3.708255E-16
630.  3.613276E-16
631.  3.743132E-16
632.  4.065920E-16
633.  4.537401E-16
634.  5.104783E-16
635.  5.711564E-16
636.  6.303087E-16
637.  6.831771E-16
638.  7.260935E-16
639.  7.566742E-16
640.  7.738647E-16
641.  7.778821E-16
642.  7.700742E-16
643.  7.526851E-16
644.  7.285548E-16
645.  7.008103E-16
646.  6.725913E-16
647.  6.468135E-16
648.  6.259581E-16
649.  6.119088E-16
650.  6.058746E-16
651.  6.083857E-16
652.  6.192886E-16
653.  6.376791E-16
654.  6.618115E-16
655.  6.891169E-16
656.  7.164478E-16
657.  7.405343E-16
658.  7.585127E-16
659.  7.683416E-16
660.  7.689880E-16
661.  7.603533E-16
662.  7.430005E-16
663.  7.178050E-16
664.  6.856850E-16
665.  6.475255E-16
666.  6.043125E-16
667.  5.573767E-16
668.  5.086149E-16
669.  4.606014E-16
670.  4.165695E-16
671.  3.802621E-16
672.  3.556387E-16
673.  3.464378E-16
674.  3.556385E-16
675.  3.849161E-16
676.  4.342079E-16
677.  5.014833E-16
678.  5.827757E-16
679.  6.725380E-16
680.  7.643399E-16
681.  8.518438E-16
682.  9.298626E-16
683.  9.951914E-16
684.  1.046942E-15
685.  1.086295E-15
686.  1.115810E-15
687.  1.138584E-15
688.  1.157499E-15
689.  1.174720E-15
690.  1.191481E-15
691.  1.208109E-15
692.  1.224174E-15
693.  1.238642E-15
694.  1.249946E-15
695.  1.256088E-15
696.  1.254890E-15
697.  1.244463E-15
698.  1.223764E-15
699.  1.193047E-15
700.  1.154073E-15
701.  1.110001E-15
702.  1.064948E-15
703.  1.023232E-15
704.  9.884369E-16
705.  9.626028E-16
706.  9.458800E-16
707.  9.367793E-16
708.  9.328384E-16
709.  9.313791E-16
710.  9.300801E-16
711.  9.272916E-16
712.  9.221341E-16
713.  9.144354E-16
714.  9.045604E-16
715.  8.932159E-16
716.  8.813347E-16
717.  8.700844E-16
718.  8.609328E-16
719.  8.556516E-16
720.  8.561901E-16
721.  8.644320E-16
722.  8.818844E-16
723.  9.093235E-16
724.  9.464454E-16
725.  9.916581E-16
726.  1.042202E-15
727.  1.094701E-15
728.  1.145989E-15
729.  1.193894E-15
730.  1.237587E-15
731.  1.277396E-15
732.  1.314197E-15
733.  1.348693E-15
734.  1.380838E-15
735.  1.409561E-15
736.  1.432851E-15
737.  1.448183E-15
738.  1.453163E-15
739.  1.446118E-15
740.  1.426410E-15
741.  1.394400E-15
742.  1.351165E-15
743.  1.298180E-15
744.  1.237076E-15
745.  1.169518E-15
746.  1.097195E-15
747.  1.021913E-15
748.  9.456881E-16
749.  8.707422E-16
750.  7.993322E-16
751.  7.334629E-16
752.  6.746253E-16
753.  6.236341E-16
754.  5.805390E-16
755.  5.445403E-16
756.  5.139362E-16
757.  4.862445E-16
758.  4.586422E-16
759.  4.287220E-16
760.  3.953364E-16
761.  3.591724E-16
762.  3.227396E-16
763.  2.896856E-16
764.  2.636443E-16
765.  2.470324E-16
766.  2.402251E-16
767.  2.413857E-16
768.  2.469837E-16
769.  2.528153E-16
770.  2.552004E-16
771.  2.519793E-16
772.  2.429842E-16
773.  2.298350E-16
774.  2.151647E-16
775.  2.016135E-16
776.  1.910103E-16
777.  1.840339E-16
778.  1.804116E-16
779.  1.794825E-16
780.  1.808543E-16
781.  1.848861E-16
782.  1.928130E-16
783.  2.064527E-16
784.  2.275657E-16
785.  2.570752E-16
786.  2.944194E-16
787.  3.372818E-16
788.  3.818197E-16
789.  4.233395E-16
790.  4.572329E-16
791.  4.799096E-16
792.  4.894819E-16
793.  4.860294E-16
794.  4.713987E-16
795.  4.486558E-16
796.  4.214311E-16
797.  3.934174E-16
798.  3.681381E-16
799.  3.488822E-16
800.  3.385664E-16
801.  3.393602E-16
802.  3.521400E-16
803.  3.760465E-16
804.  4.084309E-16
805.  4.453003E-16
806.  4.821251E-16
807.  5.147643E-16
808.  5.402413E-16
809.  5.571886E-16
810.  5.658630E-16
811.  5.677513E-16
812.  5.649368E-16
813.  5.594909E-16
814.  5.531243E-16
815.  5.471700E-16
816.  5.427849E-16
817.  5.411619E-16
818.  5.435908E-16
819.  5.512887E-16
820.  5.650462E-16
821.  5.848089E-16
822.  6.093617E-16
823.  6.362837E-16
824.  6.622429E-16
825.  6.835772E-16
826.  6.969956E-16
827.  7.002091E-16
828.  6.923622E-16
829.  6.742047E-16
830.  6.479817E-16
831.  6.170350E-16
832.  5.851666E-16
833.  5.559048E-16
834.  5.318817E-16
835.  5.144893E-16
836.  5.038480E-16
837.  4.990165E-16
838.  4.983192E-16
839.  4.997081E-16
840.  5.011040E-16
841.  5.006791E-16
842.  4.970613E-16
843.  4.894710E-16
844.  4.778104E-16
845.  4.627051E-16
846.  4.454513E-16
847.  4.278247E-16
848.  4.117544E-16
849.  3.989255E-16
850.  3.904241E-16
851.  3.865141E-16
852.  3.866217E-16
853.  3.895548E-16
854.  3.939079E-16
855.  3.985379E-16
856.  4.029480E-16
857.  4.074680E-16
858.  4.132122E-16
859.  4.218584E-16
860.  4.352907E-16
861.  4.551103E-16
862.  4.820353E-16
863.  5.153197E-16
864.  5.524564E-16
865.  5.894397E-16
866.  6.216880E-16
867.  6.453953E-16
868.  6.587897E-16
869.  6.627184E-16
870.  6.602387E-16
871.  6.554058E-16
872.  6.518706E-16
873.  6.519971E-16
874.  6.568689E-16
875.  6.669877E-16
876.  6.830857E-16
877.  7.064963E-16
878.  7.388991E-16
879.  7.816579E-16
880.  8.351489E-16
881.  8.983574E-16
882.  9.688064E-16
883.  1.042741E-15
884.  1.115501E-15
885.  1.182073E-15
886.  1.237741E-15
887.  1.278735E-15
888.  1.302689E-15
889.  1.308843E-15
890.  1.298005E-15
891.  1.272335E-15
892.  1.234981E-15
893.  1.189603E-15
894.  1.139881E-15
895.  1.089137E-15
896.  1.040105E-15
897.  9.947965E-16
898.  9.543914E-16
899.  9.191755E-16
900.  8.886500E-16
901.  8.618690E-16
902.  8.379242E-16
903.  8.164152E-16
904.  7.977596E-16
905.  7.832718E-16
906.  7.749772E-16
907.  7.751493E-16
908.  7.856336E-16
909.  8.071746E-16
910.  8.390154E-16
911.  8.789630E-16
912.  9.238801E-16
913.  9.704069E-16
914.  1.015686E-15
915.  1.057931E-15
916.  1.096705E-15
917.  1.132837E-15
918.  1.167948E-15
919.  1.203774E-15
920.  1.241575E-15
921.  1.281837E-15
922.  1.324298E-15
923.  1.368123E-15
924.  1.412072E-15
925.  1.454621E-15
926.  1.494161E-15
927.  1.529291E-15
928.  1.559122E-15
929.  1.583421E-15
930.  1.602493E-15
931.  1.616852E-15
932.  1.626798E-15
933.  1.632018E-15
934.  1.631361E-15
935.  1.622909E-15
936.  1.604425E-15
937.  1.574051E-15
938.  1.530974E-15
939.  1.475789E-15
940.  1.410474E-15
941.  1.338138E-15
942.  1.262670E-15
943.  1.188340E-15
944.  1.119348E-15
945.  1.059344E-15
946.  1.011006E-15
947.  9.757597E-16
948.  9.536083E-16
949.  9.430815E-16
950.  9.413596E-16
951.  9.446893E-16
952.  9.490908E-16
953.  9.511945E-16
954.  9.489277E-16
955.  9.418680E-16
956.  9.312098E-16
957.  9.194164E-16
958.  9.096323E-16
959.  9.049649E-16
960.  9.077911E-16
961.  9.192743E-16
962.  9.392009E-16
963.  9.661167E-16
964.  9.976485E-16
965.  1.030934E-15
966.  1.063100E-15
967.  1.091722E-15
968.  1.115136E-15
969.  1.132480E-15
970.  1.143492E-15
971.  1.148171E-15
972.  1.146471E-15
973.  1.138097E-15
974.  1.122417E-15
975.  1.098511E-15
976.  1.065409E-15
977.  1.022506E-15
978.  9.700749E-16
979.  9.096305E-16
980.  8.439692E-16
981.  7.768270E-16
982.  7.122586E-16
983.  6.539301E-16
984.  6.044915E-16
985.  5.651594E-16
986.  5.356111E-16
987.  5.142271E-16
988.  4.986271E-16
989.  4.863331E-16
990.  4.753563E-16
991.  4.645515E-16
992.  4.536808E-16
993.  4.432240E-16
994.  4.340188E-16
995.  4.268535E-16
996.  4.221293E-16
997.  4.196991E-16
998.  4.188875E-16
999.  4.186519E-16
1000.  4.177878E-16
1001.  4.151216E-16
1002.  4.096781E-16
1003.  4.008286E-16
1004.  3.884151E-16
1005.  3.728385E-16
1006.  3.550865E-16
1007.  3.366718E-16
1008.  3.194462E-16
1009.  3.052830E-16
1010.  2.957018E-16
1011.  2.915911E-16
1012.  2.931718E-16
1013.  3.002300E-16
1014.  3.124773E-16
1015.  3.298277E-16
1016.  3.524402E-16
1017.  3.805162E-16
1018.  4.139707E-16
1019.  4.521233E-16
1020.  4.935533E-16
1021.  5.362200E-16
1022.  5.778816E-16
1023.  6.167302E-16
1024.  6.520124E-16
1025.  6.843614E-16
1026.  7.156797E-16
1027.  7.486448E-16
1028.  7.860909E-16
1029.  8.305088E-16
1030.  8.837465E-16
1031.  9.468615E-16
1032.  1.020051E-15
1033.  1.102630E-15
1034.  1.193067E-15
1035.  1.289045E-15
1036.  1.387551E-15
1037.  1.485073E-15
1038.  1.577965E-15
1039.  1.662951E-15
1040.  1.737517E-15
1041.  1.799946E-15
1042.  1.848918E-15
1043.  1.882939E-15
1044.  1.899957E-15
1045.  1.897438E-15
1046.  1.872914E-15
1047.  1.824826E-15
1048.  1.753361E-15
1049.  1.660955E-15
1050.  1.552219E-15
1051.  1.433292E-15
1052.  1.310863E-15
1053.  1.191252E-15
1054.  1.079775E-15
1055.  9.804120E-16
1056.  8.956658E-16
1057.  8.265259E-16
1058.  7.725768E-16
1059.  7.322382E-16
1060.  7.030750E-16
1061.  6.820738E-16
1062.  6.658573E-16
1063.  6.509254E-16
1064.  6.340363E-16
1065.  6.127333E-16
1066.  5.858795E-16
1067.  5.539491E-16
1068.  5.188794E-16
1069.  4.834640E-16
1070.  4.504843E-16
1071.  4.219252E-16
1072.  3.985895E-16
1073.  3.802310E-16
1074.  3.660744E-16
1075.  3.554135E-16
1076.  3.479785E-16
1077.  3.439426E-16
1078.  3.436284E-16
1079.  3.471150E-16
1080.  3.539425E-16
1081.  3.630257E-16
1082.  3.727948E-16
1083.  3.814967E-16
1084.  3.875460E-16
1085.  3.897928E-16
1086.  3.876245E-16
1087.  3.809180E-16
1088.  3.699389E-16
1089.  3.552915E-16
1090.  3.379149E-16
1091.  3.190347E-16
1092.  2.999791E-16
1093.  2.818927E-16
1094.  2.654954E-16
1095.  2.510454E-16
1096.  2.385462E-16
1097.  2.280851E-16
1098.  2.201300E-16
1099.  2.156408E-16
1100.  2.159482E-16
1101.  2.224495E-16
1102.  2.362343E-16
1103.  2.577933E-16
1104.  2.869422E-16
1105.  3.230068E-16
1106.  3.651945E-16
1107.  4.129704E-16
1108.  4.662608E-16
1109.  5.254092E-16
1110.  5.909286E-16
1111.  6.631925E-16
1112.  7.421877E-16
1113.  8.274146E-16
1114.  9.179324E-16
1115.  1.012477E-15
1116.  1.109546E-15
1117.  1.207356E-15
1118.  1.303708E-15
1119.  1.395874E-15
1120.  1.480634E-15
1121.  1.554502E-15
1122.  1.614062E-15
1123.  1.656351E-15
1124.  1.679325E-15
1125.  1.682457E-15
1126.  1.667370E-15
1127.  1.638175E-15
1128.  1.601185E-15
1129.  1.563942E-15
1130.  1.533825E-15
1131.  1.516666E-15
1132.  1.515667E-15
1133.  1.530813E-15
1134.  1.558875E-15
1135.  1.594022E-15
1136.  1.628928E-15
1137.  1.656040E-15
1138.  1.668738E-15
1139.  1.662168E-15
1140.  1.633817E-15
1141.  1.583814E-15
1142.  1.514898E-15
1143.  1.431980E-15
1144.  1.341326E-15
1145.  1.249584E-15
1146.  1.162892E-15
1147.  1.086197E-15
1148.  1.022841E-15
1149.  9.743926E-16
1150.  9.407260E-16
1151.  9.202926E-16
1152.  9.104800E-16
1153.  9.079872E-16
1154.  9.092249E-16
1155.  9.107910E-16
1156.  9.099946E-16
1157.  9.052927E-16
1158.  8.964594E-16
1159.  8.844243E-16
1160.  8.708449E-16
1161.  8.575489E-16
1162.  8.459940E-16
1163.  8.368850E-16
1164.  8.300972E-16
1165.  8.249788E-16
1166.  8.209405E-16
1167.  8.180720E-16
1168.  8.174834E-16
1169.  8.212176E-16
1170.  8.317974E-16
1171.  8.516055E-16
1172.  8.822956E-16
1173.  9.243534E-16
1174.  9.768721E-16
1175.  1.037602E-15
1176.  1.103288E-15
1177.  1.170226E-15
1178.  1.234840E-15
1179.  1.294099E-15
1180.  1.345718E-15
1181.  1.388177E-15
1182.  1.420668E-15
1183.  1.442969E-15
1184.  1.455296E-15
1185.  1.458203E-15
1186.  1.452671E-15
1187.  1.440364E-15
1188.  1.423893E-15
1189.  1.406862E-15
1190.  1.393580E-15
1191.  1.388492E-15
1192.  1.395436E-15
1193.  1.416816E-15
1194.  1.452856E-15
1195.  1.501180E-15
1196.  1.557026E-15
1197.  1.614181E-15
1198.  1.666362E-15
1199.  1.708595E-15
1200.  1.738174E-15
1201.  1.755014E-15
1202.  1.761413E-15
1203.  1.761302E-15
1204.  1.759161E-15
1205.  1.758910E-15
1206.  1.763126E-15
1207.  1.772776E-15
1208.  1.787402E-15
1209.  1.805532E-15
1210.  1.825168E-15
1211.  1.844312E-15
1212.  1.861482E-15
1213.  1.876067E-15
1214.  1.888325E-15
1215.  1.898985E-15
1216.  1.908646E-15
1217.  1.917278E-15
1218.  1.924008E-15
1219.  1.927176E-15
1220.  1.924580E-15
1221.  1.913877E-15
1222.  1.893201E-15
1223.  1.861897E-15
1224.  1.821113E-15
1225.  1.773931E-15
1226.  1.724916E-15
1227.  1.679232E-15
1228.  1.641580E-15
1229.  1.615184E-15
1230.  1.601056E-15
1231.  1.597793E-15
1232.  1.602139E-15
1233.  1.610184E-15
1234.  1.618758E-15
1235.  1.626392E-15
1236.  1.633472E-15
1237.  1.641649E-15
1238.  1.652794E-15
1239.  1.667896E-15
1240.  1.686207E-15
1241.  1.704943E-15
1242.  1.719725E-15
1243.  1.725701E-15
1244.  1.718939E-15
1245.  1.697587E-15
1246.  1.662413E-15
1247.  1.616664E-15
1248.  1.565355E-15
1249.  1.514163E-15
1250.  1.468172E-15
1251.  1.430772E-15
1252.  1.403080E-15
1253.  1.384066E-15
1254.  1.371315E-15
1255.  1.362085E-15
1256.  1.354210E-15
1257.  1.346520E-15
1258.  1.338640E-15
1259.  1.330331E-15
1260.  1.320803E-15
1261.  1.308492E-15
1262.  1.291518E-15
1263.  1.268695E-15
1264.  1.240487E-15
1265.  1.209287E-15
1266.  1.178659E-15
1267.  1.151774E-15
1268.  1.129873E-15
1269.  1.111716E-15
1270.  1.094442E-15
1271.  1.075362E-15
1272.  1.053513E-15
1273.  1.029992E-15
1274.  1.006988E-15
1275.  9.863262E-16
1276.  9.684797E-16
1277.  9.525163E-16
1278.  9.367716E-16
1279.  9.197217E-16
1280.  9.006199E-16
1281.  8.797177E-16
1282.  8.581238E-16
1283.  8.374398E-16
1284.  8.193188E-16
1285.  8.050544E-16
1286.  7.952916E-16
1287.  7.899595E-16
1288.  7.884556E-16
1289.  7.899892E-16
1290.  7.939019E-16
1291.  7.998031E-16
1292.  8.075084E-16
1293.  8.169013E-16
1294.  8.278456E-16
1295.  8.401832E-16
1296.  8.537772E-16
1297.  8.685615E-16
1298.  8.845842E-16
1299.  9.020025E-16
1300.  9.209719E-16
1301.  9.414263E-16
1302.  9.628827E-16
1303.  9.844689E-16
1304.  1.005238E-15
1305.  1.024601E-15
1306.  1.042571E-15
1307.  1.059649E-15
1308.  1.076415E-15
1309.  1.093126E-15
1310.  1.109546E-15
1311.  1.125072E-15
1312.  1.139005E-15
1313.  1.150803E-15
1314.  1.160206E-15
1315.  1.167275E-15
1316.  1.172424E-15
1317.  1.176504E-15
1318.  1.180885E-15
1319.  1.187489E-15
1320.  1.198676E-15
1321.  1.216955E-15
1322.  1.244586E-15
1323.  1.283166E-15
1324.  1.333319E-15
1325.  1.394469E-15
1326.  1.464632E-15
1327.  1.540250E-15
1328.  1.616196E-15
1329.  1.686180E-15
1330.  1.743603E-15
1331.  1.782667E-15
1332.  1.799399E-15
1333.  1.792330E-15
1334.  1.762710E-15
1335.  1.714237E-15
1336.  1.652365E-15
1337.  1.583325E-15
1338.  1.513147E-15
1339.  1.446966E-15
1340.  1.388715E-15
1341.  1.341068E-15
1342.  1.305431E-15
1343.  1.281914E-15
1344.  1.269355E-15
1345.  1.265505E-15
1346.  1.267364E-15
1347.  1.271596E-15
1348.  1.274987E-15
1349.  1.274917E-15
1350.  1.269799E-15
1351.  1.259334E-15
1352.  1.244477E-15
1353.  1.227144E-15
1354.  1.209798E-15
1355.  1.195083E-15
1356.  1.185539E-15
1357.  1.183380E-15
1358.  1.190294E-15
1359.  1.207370E-15
1360.  1.235203E-15
1361.  1.274117E-15
1362.  1.324327E-15
1363.  1.385850E-15
1364.  1.458215E-15
1365.  1.540133E-15
1366.  1.629331E-15
1367.  1.722558E-15
1368.  1.815690E-15
1369.  1.903859E-15
1370.  1.981673E-15
1371.  2.043569E-15
1372.  2.084288E-15
1373.  2.099394E-15
1374.  2.085814E-15
1375.  2.042405E-15
1376.  1.970429E-15
1377.  1.873722E-15
1378.  1.758347E-15
1379.  1.631791E-15
1380.  1.501926E-15
1381.  1.376068E-15
1382.  1.260222E-15
1383.  1.158593E-15
1384.  1.073338E-15
1385.  1.004644E-15
1386.  9.511051E-16
1387.  9.102879E-16
1388.  8.793084E-16
1389.  8.553083E-16
1390.  8.358090E-16
1391.  8.189457E-16
1392.  8.035526E-16
1393.  7.890822E-16
1394.  7.754131E-16
1395.  7.626604E-16
1396.  7.510688E-16
1397.  7.409945E-16
1398.  7.329415E-16
1399.  7.276524E-16
1400.  7.262739E-16
1401.  7.305268E-16
1402.  7.427091E-16
1403.  7.653292E-16
1404.  8.003471E-16
1405.  8.482765E-16
1406.  9.075669E-16
1407.  9.746029E-16
1408.  1.044378E-15
1409.  1.111599E-15
1410.  1.171851E-15
1411.  1.222470E-15
1412.  1.262902E-15
1413.  1.294499E-15
1414.  1.319815E-15
1415.  1.341676E-15
1416.  1.362324E-15
1417.  1.382857E-15
1418.  1.403026E-15
1419.  1.421374E-15
1420.  1.435654E-15
1421.  1.443520E-15
1422.  1.443323E-15
1423.  1.434755E-15
1424.  1.419070E-15
1425.  1.398795E-15
1426.  1.377084E-15
1427.  1.356994E-15
1428.  1.340904E-15
1429.  1.330218E-15
1430.  1.325401E-15
1431.  1.326281E-15
1432.  1.332424E-15
1433.  1.343339E-15
1434.  1.358407E-15
1435.  1.376642E-15
1436.  1.396573E-15
1437.  1.416397E-15
1438.  1.434380E-15
1439.  1.449305E-15
1440.  1.460768E-15
1441.  1.469245E-15
1442.  1.475891E-15
1443.  1.482096E-15
1444.  1.488906E-15
1445.  1.496512E-15
1446.  1.504055E-15
1447.  1.509805E-15
1448.  1.511582E-15
1449.  1.507218E-15
1450.  1.494943E-15
1451.  1.473737E-15
1452.  1.443673E-15
1453.  1.406185E-15
1454.  1.364092E-15
1455.  1.321291E-15
1456.  1.282177E-15
1457.  1.250989E-15
1458.  1.231245E-15
1459.  1.225394E-15
1460.  1.234702E-15
1461.  1.259402E-15
1462.  1.299044E-15
1463.  1.352864E-15
1464.  1.419934E-15
1465.  1.498926E-15
1466.  1.587608E-15
1467.  1.682362E-15
1468.  1.778039E-15
1469.  1.868290E-15
1470.  1.946299E-15
1471.  2.005789E-15
1472.  2.042080E-15
1473.  2.052934E-15
1474.  2.038905E-15
1475.  2.003059E-15
1476.  1.950225E-15
1477.  1.886128E-15
1478.  1.816713E-15
1479.  1.747700E-15
1480.  1.684270E-15
1481.  1.630797E-15
1482.  1.590648E-15
1483.  1.566106E-15
1484.  1.558365E-15
1485.  1.567581E-15
1486.  1.592991E-15
1487.  1.633178E-15
1488.  1.686441E-15
1489.  1.751075E-15
1490.  1.825343E-15
1491.  1.907162E-15
1492.  1.993754E-15
1493.  2.081589E-15
1494.  2.166776E-15
1495.  2.245785E-15
1496.  2.316269E-15
1497.  2.377683E-15
1498.  2.431445E-15
1499.  2.480463E-15
1500.  2.528081E-15
1501.  2.576863E-15
1502.  2.627714E-15
1503.  2.679728E-15
1504.  2.730640E-15
1505.  2.777497E-15
1506.  2.817151E-15
1507.  2.846512E-15
1508.  2.862716E-15
1509.  2.863365E-15
1510.  2.846782E-15
1511.  2.812171E-15
1512.  2.759640E-15
1513.  2.690227E-15
1514.  2.605986E-15
1515.  2.510002E-15
1516.  2.406194E-15
1517.  2.298892E-15
1518.  2.192376E-15
1519.  2.090528E-15
1520.  1.996606E-15
1521.  1.913058E-15
1522.  1.841424E-15
1523.  1.782400E-15
1524.  1.736080E-15
1525.  1.702213E-15
1526.  1.680308E-15
1527.  1.669576E-15
1528.  1.668904E-15
1529.  1.676959E-15
1530.  1.692421E-15
1531.  1.714169E-15
1532.  1.741353E-15
1533.  1.773360E-15
1534.  1.809703E-15
1535.  1.849845E-15
1536.  1.892974E-15
1537.  1.937920E-15
1538.  1.983374E-15
1539.  2.028372E-15
1540.  2.072797E-15
1541.  2.117527E-15
1542.  2.164136E-15
1543.  2.214283E-15
1544.  2.269007E-15
1545.  2.328088E-15
1546.  2.389598E-15
1547.  2.449876E-15
1548.  2.504126E-15
1549.  2.547639E-15
1550.  2.577195E-15
1551.  2.592013E-15
1552.  2.593772E-15
1553.  2.585739E-15
1554.  2.571465E-15
1555.  2.553601E-15
1556.  2.533182E-15
1557.  2.509482E-15
1558.  2.480421E-15
1559.  2.443419E-15
1560.  2.396454E-15
1561.  2.338882E-15
1562.  2.271729E-15
1563.  2.197437E-15
1564.  2.119378E-15
1565.  2.041417E-15
1566.  1.967573E-15
1567.  1.901646E-15
1568.  1.846776E-15
1569.  1.805051E-15
1570.  1.777322E-15
1571.  1.763278E-15
1572.  1.761710E-15
1573.  1.770913E-15
1574.  1.789201E-15
1575.  1.815373E-15
1576.  1.848938E-15
1577.  1.889918E-15
1578.  1.938364E-15
1579.  1.993919E-15
1580.  2.055694E-15
1581.  2.122494E-15
1582.  2.193147E-15
1583.  2.266761E-15
1584.  2.342805E-15
1585.  2.420975E-15
1586.  2.500795E-15
1587.  2.580989E-15
1588.  2.658873E-15
1589.  2.730150E-15
1590.  2.789312E-15
1591.  2.830531E-15
1592.  2.848742E-15
1593.  2.840644E-15
1594.  2.805480E-15
1595.  2.745417E-15
1596.  2.665289E-15
1597.  2.571604E-15
1598.  2.471089E-15
1599.  2.369349E-15
1600.  2.270146E-15
1601.  2.175443E-15
1602.  2.085906E-15
1603.  2.001511E-15
1604.  1.921966E-15
1605.  1.846938E-15
1606.  1.776126E-15
1607.  1.709265E-15
1608.  1.646080E-15
1609.  1.586313E-15
1610.  1.529875E-15
1611.  1.477062E-15
1612.  1.428625E-15
1613.  1.385510E-15
1614.  1.348338E-15
1615.  1.316894E-15
1616.  1.289943E-15
1617.  1.265486E-15
1618.  1.241361E-15
1619.  1.215988E-15
1620.  1.189020E-15
1621.  1.161712E-15
1622.  1.136787E-15
1623.  1.117808E-15
1624.  1.108271E-15
1625.  1.110774E-15
1626.  1.126598E-15
1627.  1.155750E-15
1628.  1.197344E-15
1629.  1.250069E-15
1630.  1.312557E-15
1631.  1.383471E-15
1632.  1.461282E-15
1633.  1.543847E-15
1634.  1.628138E-15
1635.  1.710427E-15
1636.  1.786997E-15
1637.  1.855069E-15
1638.  1.913523E-15
1639.  1.963140E-15
1640.  2.006373E-15
1641.  2.046764E-15
1642.  2.088159E-15
1643.  2.133838E-15
1644.  2.185796E-15
1645.  2.244359E-15
1646.  2.308197E-15
1647.  2.374585E-15
1648.  2.439670E-15
1649.  2.498700E-15
1650.  2.546373E-15
1651.  2.577489E-15
1652.  2.587824E-15
1653.  2.574895E-15
1654.  2.538255E-15
1655.  2.479290E-15
1656.  2.400768E-15
1657.  2.306414E-15
1658.  2.200599E-15
1659.  2.088030E-15
1660.  1.973364E-15
1661.  1.860780E-15
1662.  1.753575E-15
1663.  1.653879E-15
1664.  1.562571E-15
1665.  1.479514E-15
1666.  1.404114E-15
1667.  1.335993E-15
1668.  1.275406E-15
1669.  1.223166E-15
1670.  1.180147E-15
1671.  1.146747E-15
1672.  1.122647E-15
1673.  1.107041E-15
1674.  1.099171E-15
1675.  1.098893E-15
1676.  1.106991E-15
1677.  1.125011E-15
1678.  1.154589E-15
1679.  1.196461E-15
1680.  1.249566E-15
1681.  1.310682E-15
1682.  1.374814E-15
1683.  1.436203E-15
1684.  1.489584E-15
1685.  1.531284E-15
1686.  1.559893E-15
1687.  1.576400E-15
1688.  1.583762E-15
1689.  1.586026E-15
1690.  1.587287E-15
1691.  1.590786E-15
1692.  1.598361E-15
1693.  1.610242E-15
1694.  1.625060E-15
1695.  1.640041E-15
1696.  1.651435E-15
1697.  1.655200E-15
1698.  1.647789E-15
1699.  1.626775E-15
1700.  1.591139E-15
1701.  1.541252E-15
1702.  1.478704E-15
1703.  1.406114E-15
1704.  1.326862E-15
1705.  1.244648E-15
1706.  1.162872E-15
1707.  1.084025E-15
1708.  1.009331E-15
1709.  9.388107E-16
1710.  8.717470E-16
1711.  8.073735E-16
1712.  7.455275E-16
1713.  6.870086E-16
1714.  6.334679E-16
1715.  5.868548E-16
1716.  5.486408E-16
1717.  5.191647E-16
1718.  4.973762E-16
1719.  4.810642E-16
1720.  4.674493E-16
1721.  4.539017E-16
1722.  4.385441E-16
1723.  4.205693E-16
1724.  4.002098E-16
1725.  3.784454E-16
1726.  3.566349E-16
1727.  3.362732E-16
1728.  3.189505E-16
1729.  3.064144E-16
1730.  3.005433E-16
1731.  3.030876E-16
1732.  3.151918E-16
1733.  3.368535E-16
1734.  3.665445E-16
1735.  4.011898E-16
1736.  4.365979E-16
1737.  4.682838E-16
1738.  4.924575E-16
1739.  5.068557E-16
1740.  5.111276E-16
1741.  5.066687E-16
1742.  4.960061E-16
1743.  4.819976E-16
1744.  4.671282E-16
1745.  4.531098E-16
1746.  4.408414E-16
1747.  4.306331E-16
1748.  4.225056E-16
1749.  4.163715E-16
1750.  4.120046E-16
1751.  4.088595E-16
1752.  4.059343E-16
1753.  4.018800E-16
1754.  3.954253E-16
1755.  3.859729E-16
1756.  3.740816E-16
1757.  3.615694E-16
1758.  3.511337E-16
1759.  3.455952E-16
1760.  3.470237E-16
1761.  3.560671E-16
1762.  3.717532E-16
1763.  3.918673E-16
1764.  4.137761E-16
1765.  4.353778E-16
1766.  4.558139E-16
1767.  4.757200E-16
1768.  4.969808E-16
1769.  5.221197E-16
1770.  5.535046E-16
1771.  5.925541E-16
1772.  6.391419E-16
1773.  6.913798E-16
1774.  7.458648E-16
1775.  7.983264E-16
1776.  8.444575E-16
1777.  8.806739E-16
1778.  9.046039E-16
1779.  9.152106E-16
1780.  9.125693E-16
1781.  8.974348E-16
1782.  8.708143E-16
1783.  8.337353E-16
1784.  7.872590E-16
1785.  7.326321E-16
1786.  6.714189E-16
1787.  6.055320E-16
1788.  5.371810E-16
1789.  4.687814E-16
1790.  4.028146E-16
1791.  3.416014E-16
1792.  2.869978E-16
1793.  2.401066E-16
1794.  2.011434E-16
1795.  1.695418E-16
1796.  1.442631E-16
1797.  1.241641E-16
1798.  1.082440E-16
1799.  9.567638E-17
1800.  8.567367E-17
1801.  7.735115E-17
1802.  6.977618E-17
1803.  6.227767E-17
1804.  5.490859E-17
1805.  4.879387E-17
1806.  4.607406E-17
1807.  4.931587E-17
1808.  6.054572E-17
1809.  8.030827E-17
1810.  1.072118E-16
1811.  1.382423E-16
1812.  1.697737E-16
1813.  1.988536E-16
1814.  2.241677E-16
1815.  2.461969E-16
1816.  2.664625E-16
1817.  2.862472E-16
1818.  3.054868E-16
1819.  3.224315E-16
1820.  3.342307E-16
1821.  3.380927E-16
1822.  3.324232E-16
1823.  3.174686E-16
1824.  2.953051E-16
1825.  2.693012E-16
1826.  2.433328E-16
1827.  2.210183E-16
1828.  2.051586E-16
1829.  1.974532E-16
1830.  1.984522E-16
1831.  2.076661E-16
1832.  2.237502E-16
1833.  2.447339E-16
1834.  2.682958E-16
1835.  2.920651E-16
1836.  3.139019E-16
1837.  3.320879E-16
1838.  3.453934E-16
1839.  3.530548E-16
1840.  3.547339E-16
1841.  3.505062E-16
1842.  3.408768E-16
1843.  3.267803E-16
1844.  3.095237E-16
1845.  2.906716E-16
1846.  2.718905E-16
1847.  2.547802E-16
1848.  2.407125E-16
1849.  2.306959E-16
1850.  2.252884E-16
1851.  2.245739E-16
1852.  2.282020E-16
1853.  2.355057E-16
1854.  2.456929E-16
1855.  2.580851E-16
1856.  2.723244E-16
1857.  2.884359E-16
1858.  3.066760E-16
1859.  3.272054E-16
1860.  3.497329E-16
1861.  3.733079E-16
1862.  3.963789E-16
1863.  4.171194E-16
1864.  4.339087E-16
1865.  4.457981E-16
1866.  4.527826E-16
1867.  4.557714E-16
1868.  4.562609E-16
1869.  4.558434E-16
1870.  4.557229E-16
1871.  4.563766E-16
1872.  4.574449E-16
1873.  4.579018E-16
1874.  4.565162E-16
1875.  4.524719E-16
1876.  4.458407E-16
1877.  4.375967E-16
1878.  4.291326E-16
1879.  4.216035E-16
1880.  4.155407E-16
1881.  4.109262E-16
1882.  4.075503E-16
1883.  4.053064E-16
1884.  4.042250E-16
1885.  4.043135E-16
1886.  4.054082E-16
1887.  4.071737E-16
1888.  4.092358E-16
1889.  4.113252E-16
1890.  4.133337E-16
1891.  4.152619E-16
1892.  4.171203E-16
1893.  4.188504E-16
1894.  4.202997E-16
1895.  4.212577E-16
1896.  4.215273E-16
1897.  4.209964E-16
1898.  4.196689E-16
1899.  4.176300E-16
1900.  4.149760E-16
1901.  4.117704E-16
1902.  4.080710E-16
1903.  4.040007E-16
1904.  3.997890E-16
1905.  3.957302E-16
1906.  3.920741E-16
1907.  3.889236E-16
1908.  3.861993E-16
1909.  3.836959E-16
1910.  3.811992E-16
1911.  3.786102E-16
1912.  3.760040E-16
1913.  3.735810E-16
1914.  3.715346E-16
1915.  3.699230E-16
1916.  3.686291E-16
1917.  3.674409E-16
1918.  3.661846E-16
1919.  3.648292E-16
1920.  3.635004E-16
1921.  3.624073E-16
1922.  3.617293E-16
1923.  3.615217E-16
1924.  3.616912E-16
1925.  3.620516E-16
1926.  3.624200E-16
1927.  3.626988E-16
1928.  3.628948E-16
1929.  3.630843E-16
1930.  3.633664E-16
1931.  3.638328E-16
1932.  3.645530E-16
1933.  3.655744E-16
1934.  3.669337E-16
1935.  3.686955E-16
1936.  3.710119E-16
1937.  3.741771E-16
1938.  3.786424E-16
1939.  3.849475E-16
1940.  3.935390E-16
1941.  4.045146E-16
1942.  4.174369E-16
1943.  4.313965E-16
1944.  4.453694E-16
1945.  4.586760E-16
1946.  4.712358E-16
1947.  4.834473E-16
1948.  4.958064E-16
1949.  5.085425E-16
1950.  5.214874E-16
1951.  5.341972E-16
1952.  5.462038E-16
1953.  5.572249E-16
1954.  5.672364E-16
1955.  5.764183E-16
1956.  5.850752E-16
1957.  5.936094E-16
1958.  6.024857E-16
1959.  6.120948E-16
1960.  6.225276E-16
1961.  6.334635E-16
1962.  6.443621E-16
1963.  6.548861E-16
1964.  6.652392E-16
1965.  6.761447E-16
1966.  6.884925E-16
1967.  7.029100E-16
1968.  7.194568E-16
1969.  7.374862E-16
1970.  7.556913E-16
1971.  7.724278E-16
1972.  7.863098E-16
1973.  7.968128E-16
1974.  8.044707E-16
1975.  8.105175E-16
1976.  8.162367E-16
1977.  8.224602E-16
1978.  8.294341E-16
1979.  8.369405E-16
1980.  8.444738E-16
1981.  8.514219E-16
1982.  8.573033E-16
1983.  8.620133E-16
1984.  8.659153E-16
1985.  8.696669E-16
1986.  8.739155E-16
1987.  8.791369E-16
1988.  8.857830E-16
1989.  8.946058E-16
1990.  9.068032E-16
1991.  9.237177E-16
1992.  9.461665E-16
1993.  9.738540E-16
1994.  1.005363E-15
1995.  1.038822E-15
1996.  1.072853E-15
1997.  1.107202E-15
1998.  1.142754E-15
1999.  1.181044E-15
2000.  1.223634E-15
2001.  1.271696E-15
2002.  1.325952E-15
2003.  1.386969E-15
2004.  1.455583E-15
2005.  1.533178E-15
2006.  1.621539E-15
2007.  1.722302E-15
2008.  1.836154E-15
2009.  1.962068E-15
2010.  2.096694E-15
2011.  2.234093E-15
2012.  2.365990E-15
2013.  2.482730E-15
2014.  2.574842E-15
2015.  2.634798E-15
2016.  2.658382E-15
2017.  2.645301E-15
2018.  2.598949E-15
2019.  2.525443E-15
2020.  2.432070E-15
2021.  2.325478E-15
2022.  2.210234E-15
2023.  2.088496E-15
2024.  1.961093E-15
2025.  1.829455E-15
2026.  1.697162E-15
2027.  1.569988E-15
2028.  1.454339E-15
2029.  1.355037E-15
2030.  1.273760E-15
2031.  1.208909E-15
2032.  1.156697E-15
2033.  1.112709E-15
2034.  1.073236E-15
2035.  1.036009E-15
2036.  1.000327E-15
2037.  9.666706E-16
2038.  9.360591E-16
2039.  9.094209E-16
2040.  8.871955E-16
2041.  8.692417E-16
2042.  8.549723E-16
2043.  8.435832E-16
2044.  8.342748E-16
2045.  8.264023E-16
2046.  8.195213E-16
2047.  8.133366E-16
2048.  8.076097E-16
2049.  8.021035E-16
2050.  7.965893E-16
2051.  7.908959E-16
2052.  7.849435E-16
2053.  7.787378E-16
2054.  7.723209E-16
2055.  7.657049E-16
2056.  7.588332E-16
2057.  7.516183E-16
2058.  7.440569E-16
2059.  7.363326E-16
2060.  7.287844E-16
2061.  7.217207E-16
2062.  7.152046E-16
2063.  7.090076E-16
2064.  7.028025E-16
2065.  6.964645E-16
2066.  6.902596E-16
2067.  6.847899E-16
2068.  6.807593E-16
2069.  6.787166E-16
2070.  6.789079E-16
2071.  6.812583E-16
2072.  6.854566E-16
2073.  6.911031E-16
2074.  6.978854E-16
2075.  7.057259E-16
2076.  7.148066E-16
2077.  7.254311E-16
2078.  7.377852E-16
2079.  7.517554E-16
2080.  7.669403E-16
2081.  7.828470E-16
2082.  7.991179E-16
2083.  8.156163E-16
2084.  8.323373E-16
2085.  8.492719E-16
2086.  8.663689E-16
2087.  8.836227E-16
2088.  9.011613E-16
2089.  9.192116E-16
2090.  9.379374E-16
2091.  9.572762E-16
2092.  9.769003E-16
2093.  9.963589E-16
2094.  1.015346E-15
2095.  1.033985E-15
2096.  1.052999E-15
2097.  1.073657E-15
2098.  1.097448E-15
2099.  1.125568E-15
2100.  1.158396E-15
2101.  1.195213E-15
2102.  1.234327E-15
2103.  1.273660E-15
2104.  1.311582E-15
2105.  1.347628E-15
2106.  1.382703E-15
2107.  1.418684E-15
2108.  1.457696E-15
2109.  1.501495E-15
2110.  1.551179E-15
2111.  1.607083E-15
2112.  1.668585E-15
2113.  1.733883E-15
2114.  1.800117E-15
2115.  1.864145E-15
2116.  1.923752E-15
2117.  1.978615E-15
2118.  2.030374E-15
2119.  2.081741E-15
2120.  2.135139E-15
2121.  2.191543E-15
2122.  2.249905E-15
2123.  2.307156E-15
2124.  2.358624E-15
2125.  2.398753E-15
2126.  2.422005E-15
2127.  2.423779E-15
2128.  2.401131E-15
2129.  2.353220E-15
2130.  2.281536E-15
2131.  2.189951E-15
2132.  2.084484E-15
2133.  1.972598E-15
2134.  1.862020E-15
2135.  1.759405E-15
2136.  1.669280E-15
2137.  1.593584E-15
2138.  1.531822E-15
2139.  1.481576E-15
2140.  1.439225E-15
2141.  1.400737E-15
2142.  1.362471E-15
2143.  1.321830E-15
2144.  1.277585E-15
2145.  1.229817E-15
2146.  1.179594E-15
2147.  1.128564E-15
2148.  1.078583E-15
2149.  1.031407E-15
2150.  9.884432E-16
2151.  9.505660E-16
2152.  9.180222E-16
2153.  8.903976E-16
2154.  8.666675E-16
2155.  8.453669E-16
2156.  8.249155E-16
2157.  8.040396E-16
2158.  7.821329E-16
2159.  7.593929E-16
2160.  7.366751E-16
2161.  7.151529E-16
2162.  6.959167E-16
2163.  6.796337E-16
2164.  6.663277E-16
2165.  6.553183E-16
2166.  6.453283E-16
2167.  6.347272E-16
2168.  6.218565E-16
2169.  6.053975E-16
2170.  5.847622E-16
2171.  5.604226E-16
2172.  5.340083E-16
2173.  5.079932E-16
2174.  4.849644E-16
2175.  4.667393E-16
2176.  4.537590E-16
2177.  4.450901E-16
2178.  4.390546E-16
2179.  4.341817E-16
2180.  4.300111E-16
2181.  4.273741E-16
2182.  4.280241E-16
2183.  4.337764E-16
2184.  4.455097E-16
2185.  4.624486E-16
2186.  4.820637E-16
2187.  5.006755E-16
2188.  5.145527E-16
2189.  5.210616E-16
2190.  5.194015E-16
2191.  5.106626E-16
2192.  4.972398E-16
2193.  4.818953E-16
2194.  4.668689E-16
2195.  4.533738E-16
2196.  4.416287E-16
2197.  4.313190E-16
2198.  4.221866E-16
2199.  4.144129E-16
2200.  4.085995E-16
2201.  4.054036E-16
2202.  4.050725E-16
2203.  4.071398E-16
2204.  4.104121E-16
2205.  4.132190E-16
2206.  4.138229E-16
2207.  4.108980E-16
2208.  4.039911E-16
2209.  3.938431E-16
2210.  3.824096E-16
2211.  3.724770E-16
2212.  3.669401E-16
2213.  3.680028E-16
2214.  3.766181E-16
2215.  3.923839E-16
2216.  4.138731E-16
2217.  4.391888E-16
2218.  4.664528E-16
2219.  4.940327E-16
2220.  5.205001E-16
2221.  5.445043E-16
2222.  5.647812E-16
2223.  5.803911E-16
2224.  5.910707E-16
2225.  5.974644E-16
2226.  6.010609E-16
2227.  6.038258E-16
2228.  6.076579E-16
2229.  6.138547E-16
2230.  6.227363E-16
2231.  6.335457E-16
2232.  6.446594E-16
2233.  6.540527E-16
2234.  6.598628E-16
2235.  6.608386E-16
2236.  6.565555E-16
2237.  6.474134E-16
2238.  6.345567E-16
2239.  6.198327E-16
2240.  6.057702E-16
2241.  5.954530E-16
2242.  5.921552E-16
2243.  5.987159E-16
2244.  6.167736E-16
2245.  6.461036E-16
2246.  6.843583E-16
2247.  7.274466E-16
2248.  7.705597E-16
2249.  8.095274E-16
2250.  8.419685E-16
2251.  8.677521E-16
2252.  8.886098E-16
2253.  9.071390E-16
2254.  9.256488E-16
2255.  9.452913E-16
2256.  9.657251E-16
2257.  9.853515E-16
2258.  1.001976E-15
2259.  1.013615E-15
2260.  1.019131E-15
2261.  1.018471E-15
2262.  1.012500E-15
2263.  1.002586E-15
2264.  9.901474E-16
2265.  9.763213E-16
2266.  9.618271E-16
2267.  9.470393E-16
2268.  9.322053E-16
2269.  9.176643E-16
2270.  9.039034E-16
2271.  8.914179E-16
2272.  8.805059E-16
2273.  8.711878E-16
2274.  8.633166E-16
2275.  8.567604E-16
2276.  8.514986E-16
2277.  8.476044E-16
2278.  8.452282E-16
2279.  8.446805E-16
2280.  8.465534E-16
2281.  8.517158E-16
2282.  8.611018E-16
2283.  8.754137E-16
2284.  8.949686E-16
2285.  9.198130E-16
2286.  9.500257E-16
2287.  9.860266E-16
2288.  1.028708E-15
2289.  1.079270E-15
2290.  1.138726E-15
2291.  1.207247E-15
2292.  1.283785E-15
2293.  1.366371E-15
2294.  1.453030E-15
2295.  1.542599E-15
2296.  1.634647E-15
2297.  1.728368E-15
2298.  1.821231E-15
2299.  1.908477E-15
2300.  1.983864E-15
2301.  2.041160E-15
2302.  2.075460E-15
2303.  2.083818E-15
2304.  2.065300E-15
2305.  2.020880E-15
2306.  1.953415E-15
2307.  1.867625E-15
2308.  1.769877E-15
2309.  1.667678E-15
2310.  1.568873E-15
2311.  1.480636E-15
2312.  1.408413E-15
2313.  1.355131E-15
2314.  1.320970E-15
2315.  1.303808E-15
2316.  1.300149E-15
2317.  1.306128E-15
2318.  1.318302E-15
2319.  1.334044E-15
2320.  1.351564E-15
2321.  1.369667E-15
2322.  1.387436E-15
2323.  1.404117E-15
2324.  1.419365E-15
2325.  1.433784E-15
2326.  1.449361E-15
2327.  1.469332E-15
2328.  1.497290E-15
2329.  1.535782E-15
2330.  1.584956E-15
2331.  1.641793E-15
2332.  1.700203E-15
2333.  1.751912E-15
2334.  1.787945E-15
2335.  1.800393E-15
2336.  1.784060E-15
2337.  1.737580E-15
2338.  1.663682E-15
2339.  1.568600E-15
2340.  1.460858E-15
2341.  1.349793E-15
2342.  1.244039E-15
2343.  1.150207E-15
2344.  1.071974E-15
2345.  1.009833E-15
2346.  9.615994E-16
2347.  9.235039E-16
2348.  8.915325E-16
2349.  8.626280E-16
2350.  8.354642E-16
2351.  8.106359E-16
2352.  7.902551E-16
2353.  7.771036E-16
2354.  7.736537E-16
2355.  7.812900E-16
2356.  7.999439E-16
2357.  8.281598E-16
2358.  8.634763E-16
2359.  9.029992E-16
2360.  9.440549E-16
2361.  9.847841E-16
2362.  1.024509E-15
2363.  1.063747E-15
2364.  1.103924E-15
2365.  1.146924E-15
2366.  1.194665E-15
2367.  1.248735E-15
2368.  1.310069E-15
2369.  1.378677E-15
2370.  1.453474E-15
2371.  1.532249E-15
2372.  1.611740E-15
2373.  1.687758E-15
2374.  1.755369E-15
2375.  1.809303E-15
2376.  1.844676E-15
2377.  1.857950E-15
2378.  1.847771E-15
2379.  1.815295E-15
2380.  1.763849E-15
2381.  1.698074E-15
2382.  1.622898E-15
2383.  1.542684E-15
2384.  1.460777E-15
2385.  1.379532E-15
2386.  1.300755E-15
2387.  1.226247E-15
2388.  1.158076E-15
2389.  1.098369E-15
2390.  1.048752E-15
2391.  1.009852E-15
2392.  9.811835E-16
2393.  9.614760E-16
2394.  9.491898E-16
2395.  9.429651E-16
2396.  9.418600E-16
2397.  9.453831E-16
2398.  9.533647E-16
2399.  9.657264E-16
2400.  9.822673E-16
2401.  1.002600E-15
2402.  1.026290E-15
2403.  1.053125E-15
2404.  1.083330E-15
2405.  1.117650E-15
2406.  1.157323E-15
2407.  1.203987E-15
2408.  1.259502E-15
2409.  1.325559E-15
2410.  1.403079E-15
2411.  1.491647E-15
2412.  1.589351E-15
2413.  1.693154E-15
2414.  1.799546E-15
2415.  1.905057E-15
2416.  2.006416E-15
2417.  2.100444E-15
2418.  2.183884E-15
2419.  2.253349E-15
2420.  2.305479E-15
2421.  2.337414E-15
2422.  2.347515E-15
2423.  2.336022E-15
2424.  2.305259E-15
2425.  2.259163E-15
2426.  2.202336E-15
2427.  2.139058E-15
2428.  2.072594E-15
2429.  2.004891E-15
2430.  1.936593E-15
2431.  1.867296E-15
2432.  1.796056E-15
2433.  1.722019E-15
2434.  1.644963E-15
2435.  1.565530E-15
2436.  1.485132E-15
2437.  1.405701E-15
2438.  1.329441E-15
2439.  1.258616E-15
2440.  1.195287E-15
2441.  1.140984E-15
2442.  1.096411E-15
2443.  1.061316E-15
2444.  1.034591E-15
2445.  1.014605E-15
2446.  9.996937E-16
2447.  9.887024E-16
2448.  9.814073E-16
2449.  9.785954E-16
2450.  9.817387E-16
2451.  9.924249E-16
2452.  1.011856E-15
2453.  1.040648E-15
2454.  1.078917E-15
2455.  1.126490E-15
2456.  1.183084E-15
2457.  1.248438E-15
2458.  1.322420E-15
2459.  1.405065E-15
2460.  1.496459E-15
2461.  1.596431E-15
2462.  1.704101E-15
2463.  1.817359E-15
2464.  1.932374E-15
2465.  2.043288E-15
2466.  2.142351E-15
2467.  2.220788E-15
2468.  2.270372E-15
2469.  2.285313E-15
2470.  2.263773E-15
2471.  2.208456E-15
2472.  2.126091E-15
2473.  2.026073E-15
2474.  1.918697E-15
2475.  1.813400E-15
2476.  1.717366E-15
2477.  1.634781E-15
2478.  1.566880E-15
2479.  1.512717E-15
2480.  1.470293E-15
2481.  1.437607E-15
2482.  1.413278E-15
2483.  1.396609E-15
2484.  1.387144E-15
2485.  1.383906E-15
2486.  1.384646E-15
2487.  1.385536E-15
2488.  1.381618E-15
2489.  1.367954E-15
2490.  1.341041E-15
2491.  1.299871E-15
2492.  1.246221E-15
2493.  1.184093E-15
2494.  1.118584E-15
2495.  1.054567E-15
2496.  9.955960E-16
2497.  9.433546E-16
2498.  8.978005E-16
2499.  8.578827E-16
2500.  8.224709E-16
2501.  7.910700E-16
2502.  7.640504E-16
2503.  7.424063E-16
2504.  7.272487E-16
2505.  7.193099E-16
2506.  7.186752E-16
2507.  7.248506E-16
2508.  7.371427E-16
2509.  7.551866E-16
2510.  7.793588E-16
2511.  8.108433E-16
2512.  8.512669E-16
2513.  9.020103E-16
2514.  9.634070E-16
2515.  1.034069E-15
2516.  1.110525E-15
2517.  1.187339E-15
2518.  1.257772E-15
2519.  1.314894E-15
2520.  1.352860E-15
2521.  1.367986E-15
2522.  1.359320E-15
2523.  1.328641E-15
2524.  1.279955E-15
2525.  1.218694E-15
2526.  1.150777E-15
2527.  1.081740E-15
2528.  1.016125E-15
2529.  9.572230E-16
2530.  9.070903E-16
2531.  8.666313E-16
2532.  8.355891E-16
2533.  8.125038E-16
2534.  7.948433E-16
2535.  7.794558E-16
2536.  7.632653E-16
2537.  7.439389E-16
2538.  7.202524E-16
2539.  6.920433E-16
2540.  6.598533E-16
2541.  6.244905E-16
2542.  5.867516E-16
2543.  5.474570E-16
2544.  5.077547E-16
2545.  4.694487E-16
2546.  4.350302E-16
2547.  4.072233E-16
2548.  3.881703E-16
2549.  3.786514E-16
2550.  3.777657E-16
2551.  3.832632E-16
2552.  3.923758E-16
2553.  4.027422E-16
2554.  4.130032E-16
2555.  4.228334E-16
2556.  4.324764E-16
2557.  4.420987E-16
2558.  4.513624E-16
2559.  4.594625E-16
2560.  4.655828E-16
2561.  4.694766E-16
2562.  4.718265E-16
2563.  4.741960E-16
2564.  4.786364E-16
2565.  4.871667E-16
2566.  5.013397E-16
2567.  5.219981E-16
2568.  5.491910E-16
2569.  5.821724E-16
2570.  6.194367E-16
2571.  6.588111E-16
2572.  6.976705E-16
2573.  7.333285E-16
2574.  7.635863E-16
2575.  7.873183E-16
2576.  8.048741E-16
2577.  8.180813E-16
2578.  8.297850E-16
2579.  8.430797E-16
2580.  8.605447E-16
2581.  8.837259E-16
2582.  9.129389E-16
2583.  9.473134E-16
2584.  9.849888E-16
2585.  1.023413E-15
2586.  1.059720E-15
2587.  1.091121E-15
2588.  1.115257E-15
2589.  1.130470E-15
2590.  1.136002E-15
2591.  1.132039E-15
2592.  1.119517E-15
2593.  1.099665E-15
2594.  1.073481E-15
2595.  1.041433E-15
2596.  1.003541E-15
2597.  9.597759E-16
2598.  9.104930E-16
2599.  8.566546E-16
2600.  7.997745E-16
2601.  7.416615E-16
2602.  6.841120E-16
2603.  6.286819E-16
2604.  5.766071E-16
2605.  5.288459E-16
2606.  4.861205E-16
2607.  4.488388E-16
2608.  4.168762E-16
2609.  3.893705E-16
2610.  3.647460E-16
2611.  3.410772E-16
2612.  3.166988E-16
2613.  2.908102E-16
2614.  2.638201E-16
2615.  2.372996E-16
2616.  2.135533E-16
2617.  1.949136E-16
2618.  1.829344E-16
2619.  1.777109E-16
2620.  1.775703E-16
2621.  1.793375E-16
2622.  1.791976E-16
2623.  1.739310E-16
2624.  1.620766E-16
2625.  1.445383E-16
2626.  1.243378E-16
2627.  1.055946E-16
2628.  9.216760E-17
2629.  8.652899E-17
2630.  8.929805E-17
2631.  9.949696E-17
2632.  1.152539E-16
2633.  1.345383E-16
2634.  1.556152E-16
2635.  1.771662E-16
2636.  1.982361E-16
2637.  2.182094E-16
2638.  2.368882E-16
2639.  2.545828E-16
2640.  2.720452E-16
2641.  2.901628E-16
2642.  3.094815E-16
2643.  3.297591E-16
2644.  3.497848E-16
2645.  3.675998E-16
2646.  3.810818E-16
2647.  3.886511E-16
2648.  3.897806E-16
2649.  3.850747E-16
2650.  3.759278E-16
2651.  3.639835E-16
2652.  3.506861E-16
2653.  3.371059E-16
2654.  3.240318E-16
2655.  3.122056E-16
2656.  3.025294E-16
2657.  2.961153E-16
2658.  2.941340E-16
2659.  2.975190E-16
2660.  3.066692E-16
2661.  3.213071E-16
2662.  3.405769E-16
2663.  3.633151E-16
2664.  3.883392E-16
2665.  4.145930E-16
2666.  4.411161E-16
2667.  4.669353E-16
2668.  4.910255E-16
2669.  5.124216E-16
2670.  5.304300E-16
2671.  5.448095E-16
2672.  5.557816E-16
2673.  5.638304E-16
2674.  5.693616E-16
2675.  5.723859E-16
2676.  5.723987E-16
2677.  5.685410E-16
2678.  5.599733E-16
2679.  5.462939E-16
2680.  5.278354E-16
2681.  5.057617E-16
2682.  4.819895E-16
2683.  4.589700E-16
2684.  4.393600E-16
2685.  4.256431E-16
2686.  4.198083E-16
2687.  4.231969E-16
2688.  4.365406E-16
2689.  4.601004E-16
2690.  4.937681E-16
2691.  5.370716E-16
2692.  5.891024E-16
2693.  6.484342E-16
2694.  7.130850E-16
2695.  7.805761E-16
2696.  8.481387E-16
2697.  9.130854E-16
2698.  9.732504E-16
2699.  1.027295E-15
2700.  1.074699E-15
2701.  1.115427E-15
2702.  1.149421E-15
2703.  1.176123E-15
2704.  1.194147E-15
2705.  1.201128E-15
2706.  1.193778E-15
2707.  1.168217E-15
2708.  1.120690E-15
2709.  1.048767E-15
2710.  9.529743E-16
2711.  8.383999E-16
2712.  7.153111E-16
2713.  5.977625E-16
2714.  5.000190E-16
2715.  4.320501E-16
2716.  3.962609E-16
2717.  3.870955E-16
2718.  3.935076E-16
2719.  4.028237E-16
2720.  4.041932E-16
2721.  3.905810E-16
2722.  3.592563E-16
2723.  3.112910E-16
2724.  2.506024E-16
2725.  1.828484E-16
2726.  1.143116E-16
2727.  5.086163E-17
2728.  -2.891417E-18
2729.  -4.411699E-17
2730.  -7.186062E-17
2731.  -8.671128E-17
2732.  -9.018358E-17
2733.  -8.408819E-17
2734.  -7.017868E-17
2735.  -5.020153E-17
2736.  -2.621292E-17
2737.  -8.254425E-19
2738.  2.292716E-17
2739.  4.219137E-17
2740.  5.514453E-17
2741.  6.169728E-17
2742.  6.368331E-17
2743.  6.438673E-17
2744.  6.752897E-17
2745.  7.604114E-17
2746.  9.104189E-17
2747.  1.113772E-16
2748.  1.339046E-16
2749.  1.544533E-16
2750.  1.691435E-16
2751.  1.755984E-16
2752.  1.736191E-16
2753.  1.651044E-16
2754.  1.533027E-16
2755.  1.417483E-16
2756.  1.333184E-16
2757.  1.297202E-16
2758.  1.314438E-16
2759.  1.379653E-16
2760.  1.479196E-16
2761.  1.591513E-16
2762.  1.688232E-16
2763.  1.738733E-16
2764.  1.719022E-16
2765.  1.621462E-16
2766.  1.459259E-16
2767.  1.261103E-16
2768.  1.057080E-16
2769.  8.629082E-17
2770.  6.715561E-17
2771.  4.576682E-17
2772.  1.929514E-17
2773.  -1.356808E-17
2774.  -5.149677E-17
2775.  -9.069181E-17
2776.  -1.261747E-16
2777.  -1.535342E-16
2778.  -1.703168E-16
2779.  -1.765741E-16
2780.  -1.745159E-16
2781.  -1.675609E-16
2782.  -1.592044E-16
2783.  -1.520751E-16
2784.  -1.474155E-16
2785.  -1.450407E-16
2786.  -1.436775E-16
2787.  -1.415178E-16
2788.  -1.368352E-16
2789.  -1.285585E-16
2790.  -1.167107E-16
2791.  -1.025985E-16
2792.  -8.861898E-17
2793.  -7.763122E-17
2794.  -7.201836E-17
2795.  -7.276563E-17
2796.  -7.895970E-17
2797.  -8.799778E-17
2798.  -9.648979E-17
2799.  -1.014933E-16
2800.  -1.015396E-16
2801.  -9.698944E-17
2802.  -8.959633E-17
2803.  -8.154674E-17
2804.  -7.447946E-17
2805.  -6.894273E-17
2806.  -6.445627E-17
2807.  -6.001958E-17
2808.  -5.470691E-17
2809.  -4.802067E-17
2810.  -3.987226E-17
2811.  -3.030768E-17
2812.  -1.924517E-17
2813.  -6.460719E-18
2814.  8.132852E-18
2815.  2.410176E-17
2816.  4.029871E-17
2817.  5.507476E-17
2818.  6.684198E-17
2819.  7.469773E-17
2820.  7.875561E-17
2821.  7.999520E-17
2822.  7.974311E-17
2823.  7.911724E-17
2824.  7.877111E-17
2825.  7.906184E-17
2826.  8.048318E-17
2827.  8.404211E-17
2828.  9.130981E-17
2829.  1.040799E-16
2830.  1.237746E-16
2831.  1.508365E-16
2832.  1.843158E-16
2833.  2.217845E-16
2834.  2.596232E-16
2835.  2.936540E-16
2836.  3.200036E-16
2837.  3.359845E-16
2838.  3.407249E-16
2839.  3.353196E-16
2840.  3.224320E-16
2841.  3.054957E-16
2842.  2.878555E-16
2843.  2.721926E-16
2844.  2.603866E-16
2845.  2.536633E-16
2846.  2.526924E-16
2847.  2.574168E-16
2848.  2.667060E-16
2849.  2.782061E-16
2850.  2.887258E-16
2851.  2.951608E-16
2852.  2.955513E-16
2853.  2.897171E-16
2854.  2.791365E-16
2855.  2.661954E-16
2856.  2.532706E-16
2857.  2.421118E-16
2858.  2.336817E-16
2859.  2.282643E-16
2860.  2.255522E-16
2861.  2.245978E-16
2862.  2.237789E-16
2863.  2.210233E-16
2864.  2.143754E-16
2865.  2.027120E-16
2866.  1.862460E-16
2867.  1.665291E-16
2868.  1.459215E-16
2869.  1.267656E-16
2870.  1.106348E-16
2871.  9.795082E-17
2872.  8.806429E-17
2873.  7.969292E-17
2874.  7.150951E-17
2875.  6.266223E-17
2876.  5.305338E-17
2877.  4.329269E-17
2878.  3.434806E-17
2879.  2.705624E-17
2880.  2.171809E-17
2881.  1.797302E-17
2882.  1.498929E-17
2883.  1.184332E-17
2884.  7.883150E-18
2885.  2.918278E-18
2886.  -2.797545E-18
2887.  -8.718347E-18
2888.  -1.421675E-17
2889.  -1.880216E-17
2890.  -2.230303E-17
2891.  -2.494314E-17
2892.  -2.723101E-17
2893.  -2.966268E-17
2894.  -3.236912E-17
2895.  -3.490575E-17
2896.  -3.632661E-17
2897.  -3.552700E-17
2898.  -3.170586E-17
2899.  -2.475154E-17
2900.  -1.541950E-17
2901.  -5.244435E-18
2902.  3.799438E-18
2903.  9.827381E-18
2904.  1.162905E-17
2905.  9.103393E-18
2906.  3.349426E-18
2907.  -3.667273E-18
2908.  -9.754549E-18
2909.  -1.317562E-17
2910.  -1.310480E-17
2911.  -9.718416E-18
2912.  -3.954975E-18
2913.  2.910929E-18
2914.  9.694633E-18
2915.  1.557578E-17
2916.  2.015095E-17
2917.  2.331711E-17
2918.  2.512514E-17
2919.  2.572505E-17
2920.  2.539308E-17
2921.  2.453566E-17
2922.  2.359156E-17
2923.  2.288098E-17
2924.  2.252118E-17
2925.  2.246832E-17
2926.  2.262963E-17
2927.  2.294068E-17
2928.  2.335927E-17
2929.  2.381449E-17
2930.  2.417861E-17
2931.  2.430308E-17
2932.  2.409345E-17
2933.  2.358236E-17
2934.  2.295313E-17
2935.  2.249883E-17
2936.  2.253070E-17
2937.  2.328151E-17
2938.  2.484885E-17
2939.  2.718403E-17
2940.  3.008220E-17
2941.  3.313700E-17
2942.  3.567685E-17
2943.  3.677167E-17
2944.  3.538875E-17
2945.  3.069954E-17
2946.  2.244996E-17
2947.  1.125590E-17
2948.  -1.324503E-18
2949.  -1.308890E-17
2950.  -2.189971E-17
2951.  -2.661361E-17
2952.  -2.779709E-17
2953.  -2.775995E-17
2954.  -2.973530E-17
2955.  -3.651543E-17
2956.  -4.918117E-17
2957.  -6.653698E-17
2958.  -8.550050E-17
2959.  -1.022203E-16
2960.  -1.133940E-16
2961.  -1.172414E-16
2962.  -1.138326E-16
2963.  -1.047811E-16
2964.  -9.253828E-17
2965.  -7.957189E-17
2966.  -6.766349E-17
2967.  -5.747942E-17
2968.  -4.852606E-17
2969.  -3.953530E-17
2970.  -2.920494E-17
2971.  -1.704922E-17
2972.  -3.990913E-18
2973.  7.652676E-18
2974.  1.490022E-17
2975.  1.531814E-17
2976.  8.181748E-18
2977.  -4.984097E-18
2978.  -2.078417E-17
2979.  -3.509354E-17
2980.  -4.443900E-17
2981.  -4.700363E-17
2982.  -4.288033E-17
2983.  -3.359252E-17
2984.  -2.124392E-17
2985.  -7.774589E-18
2986.  5.353930E-18
2987.  1.705290E-17
2988.  2.637214E-17
2989.  3.247842E-17
2990.  3.492971E-17
2991.  3.401430E-17
2992.  3.080110E-17
2993.  2.677205E-17
2994.  2.324817E-17
2995.  2.097028E-17
2996.  2.003337E-17
2997.  2.010649E-17
2998.  2.071997E-17
2999.  2.146342E-17
3000.  2.206566E-17
3001.  2.239563E-17
3002.  2.242703E-17
3003.  2.218600E-17
3004.  2.170832E-17
3005.  2.103304E-17
3006.  2.022717E-17
3007.  1.940531E-17
3008.  1.870566E-17
3009.  1.822848E-17
3010.  1.798315E-17
3011.  1.789058E-17
3012.  1.784480E-17
3013.  1.778706E-17
3014.  1.773548E-17
3015.  1.775333E-17
3016.  1.788303E-17
3017.  1.809495E-17
3018.  1.828796E-17
3019.  1.833163E-17
3020.  1.812308E-17
3021.  1.762415E-17
3022.  1.686746E-17
3023.  1.593715E-17
3024.  1.494103E-17
3025.  1.398492E-17
3026.  1.315361E-17
3027.  1.249644E-17
3028.  1.201865E-17
3029.  1.168959E-17
3030.  1.146895E-17
3031.  1.133841E-17
3032.  1.131655E-17
3033.  1.143861E-17
3034.  1.172111E-17
3035.  1.213115E-17
3036.  1.258376E-17
3037.  1.297339E-17
3038.  1.322397E-17
3039.  1.333338E-17
3040.  1.337990E-17
3041.  1.347801E-17
3042.  1.370545E-17
3043.  1.404467E-17
3044.  1.438292E-17
3045.  1.456854E-17
3046.  1.449224E-17
3047.  1.414214E-17
3048.  1.360253E-17
3049.  1.300692E-17
3050.  1.247593E-17
3051.  1.207755E-17
3052.  1.182079E-17
3053.  1.167678E-17
3054.  1.160173E-17
3055.  1.155212E-17
3056.  1.148650E-17
3057.  1.135937E-17
3058.  1.111965E-17
3059.  1.072474E-17
3060.  1.016884E-17
3061.  9.511608E-18
3062.  8.881091E-18
3063.  8.436784E-18
3064.  8.309939E-18
3065.  8.552139E-18
3066.  9.119286E-18
3067.  9.890410E-18
3068.  1.070039E-17
3069.  1.137591E-17
3070.  1.177282E-17
3071.  1.181730E-17
3072.  1.152899E-17
3073.  1.101401E-17
3074.  1.041952E-17
3075.  9.877587E-18
3076.  9.465021E-18
3077.  9.197397E-18
3078.  9.048137E-18
3079.  8.976418E-18
3080.  8.947548E-18
3081.  8.940187E-18
3082.  8.947503E-18
3083.  8.975512E-18
3084.  9.042074E-18
3085.  9.172574E-18
3086.  9.388790E-18
3087.  9.689301E-18
3088.  1.003060E-17
3089.  1.032765E-17
3090.  1.047910E-17
3091.  1.040461E-17
3092.  1.006409E-17
3093.  9.435166E-18
3094.  8.475073E-18
3095.  7.133283E-18
3096.  5.484810E-18
3097.  3.969800E-18
3098.  3.592946E-18
3099.  5.845294E-18
3100.  1.220883E-17
3101.  2.339400E-17
3102.  3.873963E-17
3103.  5.620361E-17
3104.  7.302083E-17
3105.  8.668059E-17
3106.  9.572384E-17
3107.  1.000477E-16
3108.  1.007105E-16
3109.  9.941759E-17
3110.  9.788576E-17
3111.  9.727684E-17
3112.  9.788289E-17
3113.  9.919271E-17
3114.  1.002970E-16
3115.  1.003824E-16
3116.  9.899638E-17
3117.  9.593965E-17
3118.  9.095816E-17
3119.  8.358473E-17
3120.  7.334296E-17
3121.  6.018718E-17
3122.  4.483175E-17
3123.  2.871858E-17
3124.  1.365747E-17
3125.  1.372739E-18
3126.  -6.848618E-18
3127.  -1.037509E-17
3128.  -9.358498E-18
3129.  -4.781105E-18
3130.  1.655406E-18
3131.  7.874108E-18
3132.  1.196553E-17
3133.  1.277264E-17
3134.  1.028561E-17
3135.  5.659278E-18
3136.  7.869420E-19
3137.  -2.453582E-18
3138.  -2.997603E-18
3139.  -1.072685E-18
3140.  1.902623E-18
3141.  3.988419E-18
3142.  3.640272E-18
3143.  3.987634E-19
3144.  -4.974881E-18
3145.  -1.092171E-17
3146.  -1.576538E-17
3147.  -1.826708E-17
3148.  -1.782168E-17
3149.  -1.432138E-17
3150.  -7.906381E-18
3151.  1.168148E-18
3152.  1.248336E-17
3153.  2.534663E-17
3154.  3.881291E-17
3155.  5.189799E-17
3156.  6.385396E-17
3157.  7.431319E-17
3158.  8.323223E-17
3159.  9.075773E-17
3160.  9.719237E-17
3161.  1.031024E-16
3162.  1.094426E-16
3163.  1.175331E-16
3164.  1.288390E-16
3165.  1.446450E-16
3166.  1.657589E-16
3167.  1.923334E-16
3168.  2.238163E-16
3169.  2.590159E-16
3170.  2.962498E-16
3171.  3.335444E-16
3172.  3.688159E-16
3173.  3.999677E-16
3174.  4.248951E-16
3175.  4.414616E-16
3176.  4.475663E-16
3177.  4.413930E-16
3178.  4.218533E-16
3179.  3.891432E-16
3180.  3.452294E-16
3181.  2.939886E-16
3182.  2.407239E-16
3183.  1.909884E-16
3184.  1.490298E-16
3185.  1.165174E-16
3186.  9.221895E-17
3187.  7.286495E-17
3188.  5.482318E-17
3189.  3.576104E-17
3190.  1.552485E-17
3191.  -4.083317E-18
3192.  -2.036261E-17
3193.  -3.097978E-17
3194.  -3.485044E-17
3195.  -3.236366E-17
3196.  -2.505070E-17
3197.  -1.499282E-17
3198.  -4.240849E-18
3199.  5.608032E-18
3200.  1.364142E-17
3201.  1.966764E-17
3202.  2.405570E-17
3203.  2.742523E-17
3204.  3.029087E-17
3205.  3.281609E-17
3206.  3.479890E-17
3207.  3.589270E-17
3208.  3.591989E-17
3209.  3.506016E-17
3210.  3.378995E-17
3211.  3.263053E-17
3212.  3.189779E-17
3213.  3.162133E-17
3214.  3.163607E-17
3215.  3.173832E-17
3216.  3.178230E-17
3217.  3.169635E-17
3218.  3.146252E-17
3219.  3.110946E-17
3220.  3.071815E-17
3221.  3.041181E-17
3222.  3.031689E-17
3223.  3.051145E-17
3224.  3.099075E-17
3225.  3.167025E-17
3226.  3.241884E-17
3227.  3.310916E-17
3228.  3.365520E-17
3229.  3.403043E-17
3230.  3.425716E-17
3231.  3.438508E-17
3232.  3.446887E-17
3233.  3.455814E-17
3234.  3.469581E-17
3235.  3.491741E-17
3236.  3.524264E-17
3237.  3.566676E-17
3238.  3.616014E-17
3239.  3.668316E-17
3240.  3.720672E-17
3241.  3.772212E-17
3242.  3.822928E-17
3243.  3.872019E-17
3244.  3.917298E-17
3245.  3.956955E-17
3246.  3.991410E-17
3247.  4.022448E-17
3248.  4.048673E-17
3249.  4.059325E-17
3250.  4.031689E-17
3251.  3.936655E-17
3252.  3.754451E-17
3253.  3.496009E-17
3254.  3.218030E-17
3255.  3.017898E-17
3256.  3.003919E-17
3257.  3.253283E-17
3258.  3.782943E-17
3259.  4.553208E-17
3260.  5.502973E-17
3261.  6.592988E-17
3262.  7.827744E-17
3263.  9.240521E-17
3264.  1.084861E-16
3265.  1.260225E-16
3266.  1.435277E-16
3267.  1.585884E-16
3268.  1.683609E-16
3269.  1.704047E-16
3270.  1.635742E-16
3271.  1.485613E-16
3272.  1.277463E-16
3273.  1.043211E-16
3274.  8.108130E-17
3275.  5.951843E-17
3276.  3.971023E-17
3277.  2.102413E-17
3278.  3.159225E-18
3279.  -1.314040E-17
3280.  -2.613120E-17
3281.  -3.381701E-17
3282.  -3.493100E-17
3283.  -2.959045E-17
3284.  -1.930764E-17
3285.  -6.419984E-18
3286.  6.738871E-18
3287.  1.855172E-17
3288.  2.848080E-17
3289.  3.701867E-17
3290.  4.530441E-17
3291.  5.455365E-17
3292.  6.549666E-17
3293.  7.802507E-17
3294.  9.118669E-17
3295.  1.035260E-16
3296.  1.136122E-16
3297.  1.205214E-16
3298.  1.241048E-16
3299.  1.250211E-16
3300.  1.246030E-16
3301.  1.246222E-16
3302.  1.269447E-16
3303.  1.330641E-16
3304.  1.435894E-16
3305.  1.578752E-16
3306.  1.740234E-16
3307.  1.893521E-16
3308.  2.012294E-16
3309.  2.079673E-16
3310.  2.094280E-16
3311.  2.071169E-16
3312.  2.037579E-16
3313.  2.025551E-16
3314.  2.064332E-16
3315.  2.174875E-16
3316.  2.367470E-16
3317.  2.642375E-16
3318.  2.992671E-16
3319.  3.408244E-16
3320.  3.879207E-16
3321.  4.396821E-16
3322.  4.950803E-16
3323.  5.524249E-16
3324.  6.089674E-16
3325.  6.609875E-16
3326.  7.044619E-16
3327.  7.360226E-16
3328.  7.537118E-16
3329.  7.571674E-16
3330.  7.472259E-16
3331.  7.252597E-16
3332.  6.926651E-16
3333.  6.507757E-16
3334.  6.011776E-16
3335.  5.461339E-16
3336.  4.887472E-16
3337.  4.326354E-16
3338.  3.812104E-16
3339.  3.368815E-16
3340.  3.005480E-16
3341.  2.715746E-16
3342.  2.482186E-16
3343.  2.283295E-16
3344.  2.100997E-16
3345.  1.926699E-16
3346.  1.764199E-16
3347.  1.628114E-16
3348.  1.537737E-16
3349.  1.508072E-16
3350.  1.541753E-16
3351.  1.625844E-16
3352.  1.735419E-16
3353.  1.842316E-16
3354.  1.924575E-16
3355.  1.971760E-16
3356.  1.983925E-16
3357.  1.965826E-16
3358.  1.920669E-16
3359.  1.847797E-16
3360.  1.745836E-16
3361.  1.619020E-16
3362.  1.481780E-16
3363.  1.357490E-16
3364.  1.270745E-16
3365.  1.236707E-16
3366.  1.253033E-16
3367.  1.298648E-16
3368.  1.340131E-16
3369.  1.342867E-16
3370.  1.282210E-16
3371.  1.150503E-16
3372.  9.582270E-17
3373.  7.302244E-17
3374.  4.993350E-17
3375.  2.993103E-17
3376.  1.576335E-17
3377.  8.863615E-18
3378.  8.860860E-18
3379.  1.361157E-17
3380.  1.999317E-17
3381.  2.530495E-17
3382.  2.864678E-17
3383.  3.147482E-17
3384.  3.692175E-17
3385.  4.819567E-17
3386.  6.694964E-17
3387.  9.252527E-17
3388.  1.224056E-16
3389.  1.534787E-16
3390.  1.832951E-16
3391.  2.106369E-16
3392.  2.352334E-16
3393.  2.570128E-16
3394.  2.755065E-16
3395.  2.898534E-16
3396.  2.994175E-16
3397.  3.046113E-16
3398.  3.073674E-16
3399.  3.109038E-16
3400.  3.188562E-16
3401.  3.342415E-16
3402.  3.587823E-16
3403.  3.928359E-16
3404.  4.357523E-16
3405.  4.862773E-16
3406.  5.427456E-16
3407.  6.031196E-16
3408.  6.651028E-16
3409.  7.264512E-16
3410.  7.853626E-16
3411.  8.406906E-16
3412.  8.918405E-16
3413.  9.384172E-16
3414.  9.798631E-16
3415.  1.015332E-15
3416.  1.043899E-15
3417.  1.064986E-15
3418.  1.078697E-15
3419.  1.085792E-15
3420.  1.087250E-15
3421.  1.083714E-15
3422.  1.075179E-15
3423.  1.061041E-15
3424.  1.040303E-15
3425.  1.011745E-15
3426.  9.740881E-16
3427.  9.264268E-16
3428.  8.689892E-16
3429.  8.038591E-16
3430.  7.350891E-16
3431.  6.678963E-16
3432.  6.072149E-16
3433.  5.562570E-16
3434.  5.157193E-16
3435.  4.839083E-16
3436.  4.576602E-16
3437.  4.336551E-16
3438.  4.096423E-16
3439.  3.851792E-16
3440.  3.616853E-16
3441.  3.418654E-16
3442.  3.287411E-16
3443.  3.246067E-16
3444.  3.301862E-16
3445.  3.442228E-16
3446.  3.636573E-16
3447.  3.844030E-16
3448.  4.024766E-16
3449.  4.149889E-16
3450.  4.205383E-16
3451.  4.189135E-16
3452.  4.104772E-16
3453.  3.957724E-16
3454.  3.755906E-16
3455.  3.512701E-16
3456.  3.247893E-16
3457.  2.984462E-16
3458.  2.743025E-16
3459.  2.537402E-16
3460.  2.373350E-16
3461.  2.249933E-16
3462.  2.162017E-16
3463.  2.102779E-16
3464.  2.065901E-16
3465.  2.047073E-16
3466.  2.044310E-16
3467.  2.057113E-16
3468.  2.085323E-16
3469.  2.128637E-16
3470.  2.186995E-16
3471.  2.261207E-16
3472.  2.353050E-16
3473.  2.464862E-16
3474.  2.599237E-16
3475.  2.759371E-16
3476.  2.949839E-16
3477.  3.176731E-16
3478.  3.446018E-16
3479.  3.760111E-16
3480.  4.114363E-16
3481.  4.496230E-16
3482.  4.888336E-16
3483.  5.273773E-16
3484.  5.640013E-16
3485.  5.978838E-16
3486.  6.282466E-16
3487.  6.538522E-16
3488.  6.726907E-16
3489.  6.820958E-16
3490.  6.793773E-16
3491.  6.628462E-16
3492.  6.328157E-16
3493.  5.920318E-16
3494.  5.451724E-16
3495.  4.976009E-16
3496.  4.540205E-16
3497.  4.176844E-16
3498.  3.903298E-16
3499.  3.724840E-16
3500.  3.636608E-16
3501.  3.623085E-16
3502.  3.657605E-16
3503.  3.705319E-16
3504.  3.730302E-16
3505.  3.704264E-16
3506.  3.613136E-16
3507.  3.459203E-16
3508.  3.258546E-16
3509.  3.035117E-16
3510.  2.813568E-16
3511.  2.613144E-16
3512.  2.444620E-16
3513.  2.310869E-16
3514.  2.209995E-16
3515.  2.138679E-16
3516.  2.093715E-16
3517.  2.071090E-16
3518.  2.063705E-16
3519.  2.059662E-16
3520.  2.042757E-16
3521.  1.995584E-16
3522.  1.904291E-16
3523.  1.763181E-16
3524.  1.577433E-16
3525.  1.362960E-16
3526.  1.143345E-16
3527.  9.445376E-17
3528.  7.886856E-17
3529.  6.890825E-17
3530.  6.482090E-17
3531.  6.597450E-17
3532.  7.135293E-17
3533.  8.009411E-17
3534.  9.180618E-17
3535.  1.065172E-16
3536.  1.242747E-16
3537.  1.445582E-16
3538.  1.657996E-16
3539.  1.853546E-16
3540.  2.001246E-16
3541.  2.076326E-16
3542.  2.070042E-16
3543.  1.992733E-16
3544.  1.868464E-16
3545.  1.724737E-16
3546.  1.583161E-16
3547.  1.454793E-16
3548.  1.340164E-16
3549.  1.231673E-16
3550.  1.116382E-16
3551.  9.791277E-17
3552.  8.069169E-17
3553.  5.947444E-17
3554.  3.510683E-17
3555.  9.956260E-18
3556.  -1.255462E-17
3557.  -2.900977E-17
3558.  -3.721261E-17
3559.  -3.696101E-17
3560.  -3.001087E-17
3561.  -1.932793E-17
3562.  -8.071913E-18
3563.  1.226103E-18
3564.  7.103786E-18
3565.  9.292363E-18
3566.  8.653901E-18
3567.  6.968232E-18
3568.  6.523342E-18
3569.  9.532509E-18
3570.  1.753749E-17
3571.  3.102569E-17
3572.  4.940429E-17
3573.  7.127852E-17
3574.  9.484922E-17
3575.  1.182399E-16
3576.  1.397037E-16
3577.  1.577836E-16
3578.  1.715115E-16
3579.  1.806112E-16
3580.  1.855362E-16
3581.  1.871808E-16
3582.  1.863317E-16
3583.  1.832099E-16
3584.  1.775287E-16
3585.  1.692011E-16
3586.  1.592892E-16
3587.  1.504783E-16
3588.  1.465854E-16
3589.  1.512773E-16
3590.  1.667141E-16
3591.  1.927867E-16
3592.  2.271026E-16
3593.  2.654361E-16
3594.  3.023560E-16
3595.  3.320245E-16
3596.  3.492866E-16
3597.  3.509476E-16
3598.  3.368191E-16
3599.  3.100007E-16
3600.  2.761021E-16
3601.  2.415770E-16
3602.  2.117519E-16
3603.  1.893440E-16
3604.  1.741219E-16
3605.  1.638856E-16
3606.  1.563720E-16
3607.  1.512147E-16
3608.  1.510176E-16
3609.  1.608864E-16
3610.  1.863663E-16
3611.  2.304457E-16
3612.  2.908996E-16
3613.  3.593832E-16
3614.  4.230727E-16
3615.  4.684713E-16
3616.  4.858236E-16
3617.  4.722145E-16
3618.  4.320643E-16
3619.  3.750181E-16
3620.  3.123505E-16
3621.  2.534491E-16
3622.  2.036137E-16
3623.  1.636548E-16
3624.  1.310207E-16
3625.  1.017034E-16
3626.  7.210073E-17
3627.  4.025916E-17
3628.  6.301337E-18
3629.  -2.785481E-17
3630.  -5.921262E-17
3631.  -8.453753E-17
3632.  -1.010582E-16
3633.  -1.069257E-16
3634.  -1.015075E-16
3635.  -8.564690E-17
3636.  -6.184953E-17
3637.  -3.414126E-17
3638.  -7.333269E-18
3639.  1.422238E-17
3640.  2.788450E-17
3641.  3.333268E-17
3642.  3.223231E-17
3643.  2.720508E-17
3644.  2.070854E-17
3645.  1.435979E-17
3646.  8.856604E-18
3647.  4.297649E-18
3648.  5.733751E-19
3649.  -2.386042E-18
3650.  -4.547042E-18
3651.  -5.816026E-18
3652.  -6.109622E-18
3653.  -5.416300E-18
3654.  -3.843059E-18
3655.  -1.642353E-18
3656.  8.042702E-19
3657.  3.062439E-18
3658.  4.762613E-18
3659.  5.706957E-18
3660.  5.906612E-18
3661.  5.534315E-18
3662.  4.822513E-18
3663.  3.970168E-18
3664.  3.097681E-18
3665.  2.257014E-18
3666.  1.468104E-18
3667.  7.506828E-19
3668.  1.363615E-19
3669.  -3.391454E-19
3670.  -6.473812E-19
3671.  -7.783299E-19
3672.  -7.437722E-19
3673.  -5.763941E-19
3674.  -3.251454E-19
3675.  -4.725559E-20
3676.  2.020977E-19
3677.  3.831722E-19
3678.  4.786252E-19
3679.  4.975784E-19
3680.  4.668844E-19
3681.  4.194771E-19
3682.  3.779916E-19
3683.  3.432906E-19
3684.  2.902659E-19
3685.  1.753286E-19
3686.  -4.867959E-20
3687.  -4.138149E-19
3688.  -9.217083E-19
3689.  -1.540733E-18
3690.  -2.213901E-18
3691.  -2.876898E-18
3692.  -3.475998E-18
3693.  -3.980995E-18
3694.  -4.389521E-18
3695.  -4.720490E-18
3696.  -5.001859E-18
3697.  -5.259248E-18
3698.  -5.510070E-18
3699.  -5.765541E-18
3700.  -6.036139E-18
3701.  -6.335253E-18
3702.  -6.672512E-18
3703.  -7.045361E-18
3704.  -7.429934E-18
3705.  -7.785007E-18
3706.  -8.062784E-18
3707.  -8.221651E-18
3708.  -8.236151E-18
3709.  -8.105503E-18
3710.  -7.864401E-18
3711.  -7.597854E-18
3712.  -7.453510E-18
3713.  -7.636394E-18
3714.  -8.384344E-18
3715.  -9.922200E-18
3716.  -1.241065E-17
3717.  -1.590694E-17
3718.  -2.034782E-17
3719.  -2.556650E-17
3720.  -3.133604E-17
3721.  -3.743214E-17
3722.  -4.368802E-17
3723.  -5.001765E-17
3724.  -5.639089E-17
3725.  -6.276575E-17
3726.  -6.900486E-17
3727.  -7.480851E-17
3728.  -7.969238E-17
3729.  -8.301615E-17
3730.  -8.405807E-17
3731.  -8.211462E-17
3732.  -7.661612E-17
3733.  -6.723349E-17
3734.  -5.396332E-17
3735.  -3.716105E-17
3736.  -1.750681E-17
3737.  4.103329E-18
3738.  2.672037E-17
3739.  4.951657E-17
3740.  7.191369E-17
3741.  9.361881E-17
3742.  1.145513E-16
3743.  1.346933E-16
3744.  1.539265E-16
3745.  1.719124E-16
3746.  1.880515E-16
3747.  2.015106E-16
3748.  2.112950E-16
3749.  2.163388E-16
3750.  2.156091E-16
3751.  2.082526E-16
3752.  1.938337E-16
3753.  1.726766E-16
3754.  1.462145E-16
3755.  1.171440E-16
3756.  8.916850E-17
3757.  6.625146E-17
3758.  5.152733E-17
3759.  4.623539E-17
3760.  4.916854E-17
3761.  5.700968E-17
3762.  6.554587E-17
3763.  7.122837E-17
3764.  7.227121E-17
3765.  6.874996E-17
3766.  6.183372E-17
3767.  5.283712E-17
3768.  4.275487E-17
3769.  3.237605E-17
3770.  2.254248E-17
3771.  1.408472E-17
3772.  7.435022E-18
3773.  2.365712E-18
3774.  -1.745030E-18
3775.  -5.229472E-18
3776.  -7.611081E-18
3777.  -7.790733E-18
3778.  -4.921547E-18
3779.  6.581663E-19
3780.  7.176207E-18
3781.  1.212417E-17
3782.  1.347711E-17
3783.  1.067677E-17
3784.  4.847985E-18
3785.  -1.734832E-18
3786.  -6.516550E-18
3787.  -7.434896E-18
3788.  -3.415829E-18
3789.  5.366135E-18
3790.  1.739966E-17
3791.  2.997468E-17
3792.  3.968660E-17
3793.  4.335005E-17
3794.  3.911993E-17
3795.  2.736152E-17
3796.  1.077331E-17
3797.  -6.442359E-18
3798.  -2.005642E-17
3799.  -2.722530E-17
3800.  -2.713995E-17
3801.  -2.070971E-17
3802.  -9.688343E-18
3803.  4.054170E-18
3804.  1.867835E-17
3805.  3.209352E-17
3806.  4.182242E-17
3807.  4.548671E-17
3808.  4.182647E-17
3809.  3.160825E-17
3810.  1.769382E-17
3811.  4.039061E-18
3812.  -5.892182E-18
3813.  -1.041563E-17
3814.  -9.945929E-18
3815.  -6.311676E-18
3816.  -1.597069E-18
3817.  2.806848E-18
3818.  6.540882E-18
3819.  1.002137E-17
3820.  1.388802E-17
3821.  1.850989E-17
3822.  2.377505E-17
3823.  2.918928E-17
3824.  3.412112E-17
3825.  3.796226E-17
3826.  4.007809E-17
3827.  3.963546E-17
3828.  3.555678E-17
3829.  2.681968E-17
3830.  1.308733E-17
3831.  -4.653597E-18
3832.  -2.391390E-17
3833.  -4.130157E-17
3834.  -5.377268E-17
3835.  -5.993029E-17
3836.  -6.059818E-17
3837.  -5.821880E-17
3838.  -5.532544E-17
3839.  -5.295496E-17
3840.  -4.999146E-17
3841.  -4.391552E-17
3842.  -3.260127E-17
3843.  -1.612378E-17
3844.  2.549102E-18
3845.  1.853280E-17
3846.  2.726793E-17
3847.  2.685002E-17
3848.  1.916215E-17
3849.  9.187187E-18
3850.  2.886032E-18
3851.  4.741863E-18
3852.  1.609368E-17
3853.  3.482876E-17
3854.  5.631325E-17
3855.  7.501547E-17
3856.  8.619876E-17
3857.  8.718194E-17
3858.  7.784100E-17
3859.  6.025505E-17
3860.  3.770165E-17
3861.  1.349590E-17
3862.  -9.773218E-18
3863.  -3.033377E-17
3864.  -4.683830E-17
3865.  -5.799824E-17
3866.  -6.267152E-17
3867.  -6.042421E-17
3868.  -5.216416E-17
3869.  -4.031046E-17
3870.  -2.822132E-17
3871.  -1.904182E-17
3872.  -1.450931E-17
3873.  -1.432202E-17
3874.  -1.640775E-17
3875.  -1.796304E-17
3876.  -1.672494E-17
3877.  -1.182994E-17
3878.  -3.883961E-18
3879.  5.654888E-18
3880.  1.529625E-17
3881.  2.400241E-17
3882.  3.110746E-17
3883.  3.587551E-17
3884.  3.717908E-17
3885.  3.368884E-17
3886.  2.457818E-17
3887.  1.031587E-17
3888.  -7.022989E-18
3889.  -2.421875E-17
3890.  -3.792417E-17
3891.  -4.566504E-17
3892.  -4.635879E-17
3893.  -4.031410E-17
3894.  -2.901520E-17
3895.  -1.491356E-17
3896.  -1.076665E-18
3897.  9.596246E-18
3898.  1.552478E-17
3899.  1.731810E-17
3900.  1.759935E-17
3901.  1.964589E-17
3902.  2.559519E-17
3903.  3.534397E-17
3904.  4.675714E-17
3905.  5.689284E-17
3906.  6.333840E-17
3907.  6.486412E-17
3908.  6.121000E-17
3909.  5.243998E-17
3910.  3.850975E-17
3911.  1.944429E-17
3912.  -3.997030E-18
3913.  -2.969705E-17
3914.  -5.416464E-17
3915.  -7.333733E-17
3916.  -8.388953E-17
3917.  -8.439309E-17
3918.  -7.572563E-17
3919.  -6.053831E-17
3920.  -4.212042E-17
3921.  -2.331769E-17
3922.  -6.050695E-18
3923.  8.499365E-18
3924.  1.946144E-17
3925.  2.614334E-17
3926.  2.835608E-17
3927.  2.683730E-17
3928.  2.324218E-17
3929.  1.949704E-17
3930.  1.686820E-17
3931.  1.538042E-17
3932.  1.402755E-17
3933.  1.166043E-17
3934.  7.945995E-18
3935.  3.714494E-18
3936.  4.381029E-19
3937.  -7.755277E-19
3938.  5.658625E-20
3939.  1.798675E-18
3940.  2.893984E-18
3941.  2.209062E-18
3942.  -4.811328E-19
3943.  -4.473345E-18
3944.  -8.367373E-18
3945.  -1.038481E-17
3946.  -8.847385E-18
3947.  -2.907950E-18
3948.  6.685566E-18
3949.  1.733336E-17
3950.  2.528883E-17
3951.  2.721810E-17
3952.  2.184851E-17
3953.  1.073246E-17
3954.  -2.389568E-18
3955.  -1.328647E-17
3956.  -1.901542E-17
3957.  -1.882142E-17
3958.  -1.384097E-17
3959.  -6.052337E-18
3960.  2.759052E-18
3961.  1.149127E-17
3962.  1.966152E-17
3963.  2.711891E-17
3964.  3.385032E-17
3965.  3.992794E-17
3966.  4.543254E-17
3967.  5.019282E-17
3968.  5.338207E-17
3969.  5.325377E-17
3970.  4.737479E-17
3971.  3.355556E-17
3972.  1.127771E-17
3973.  -1.704197E-17
3974.  -4.582374E-17
3975.  -6.769130E-17
3976.  -7.615878E-17
3977.  -6.847394E-17
3978.  -4.711000E-17
3979.  -1.900262E-17
3980.  7.157169E-18
3981.  2.419152E-17
3982.  2.868033E-17
3983.  2.135034E-17
3984.  5.889466E-18
3985.  -1.282690E-17
3986.  -3.018284E-17
3987.  -4.260872E-17
3988.  -4.789465E-17
3989.  -4.534402E-17
3990.  -3.587239E-17
3991.  -2.193462E-17
3992.  -7.128459E-18
3993.  4.563191E-18
3994.  9.773060E-18
3995.  6.767309E-18
3996.  -3.827401E-18
3997.  -1.889653E-17
3998.  -3.351078E-17
3999.  -4.234395E-17
4000.  -4.147856E-17
4001.  -3.000980E-17
4002.  -1.081020E-17
4003.  1.001856E-17
4004.  2.506132E-17
4005.  2.834521E-17
4006.  1.787154E-17
4007.  -3.269134E-18
4008.  -2.788216E-17
4009.  -4.745111E-17
4010.  -5.548752E-17
4011.  -4.993043E-17
4012.  -3.361352E-17
4013.  -1.281201E-17
4014.  5.283904E-18
4015.  1.506858E-17
4016.  1.417815E-17
4017.  3.948927E-18
4018.  -1.134531E-17
4019.  -2.627617E-17
4020.  -3.658146E-17
4021.  -4.116565E-17
4022.  -4.277633E-17
4023.  -4.678758E-17
4024.  -5.850746E-17
4025.  -8.038708E-17
4026.  -1.106669E-16
4027.  -1.441368E-16
4028.  -1.743762E-16
4029.  -1.960678E-16
4030.  -2.062543E-16
4031.  -2.043640E-16
4032.  -1.916158E-16
4033.  -1.704618E-16
4034.  -1.442371E-16
4035.  -1.167491E-16
4036.  -9.157348E-17
4037.  -7.119766E-17
4038.  -5.646377E-17
4039.  -4.668573E-17
4040.  -4.038424E-17
4041.  -3.616786E-17
4042.  -3.323145E-17
4043.  -3.133619E-17
4044.  -3.055632E-17
4045.  -3.116574E-17
4046.  -3.370770E-17
4047.  -3.895235E-17
4048.  -4.746773E-17
4049.  -5.890954E-17
4050.  -7.151459E-17
4051.  -8.232373E-17
4052.  -8.827464E-17
4053.  -8.772338E-17
4054.  -8.157682E-17
4055.  -7.329628E-17
4056.  -6.759258E-17
4057.  -6.834068E-17
4058.  -7.669730E-17
4059.  -9.034944E-17
4060.  -1.042926E-16
4061.  -1.128125E-16
4062.  -1.117843E-16
4063.  -1.002633E-16
4064.  -8.070029E-17
4065.  -5.776395E-17
4066.  -3.635066E-17
4067.  -1.966844E-17
4068.  -8.166339E-18
4069.  2.823614E-19
4070.  9.032040E-18
4071.  2.070112E-17
4072.  3.546268E-17
4073.  5.046214E-17
4074.  6.080386E-17
4075.  6.177065E-17
4076.  5.120364E-17
4077.  3.079676E-17
4078.  5.646852E-18
4079.  -1.761469E-17
4080.  -3.309785E-17
4081.  -3.733402E-17
4082.  -2.988902E-17
4083.  -1.298803E-17
4084.  9.501878E-18
4085.  3.335443E-17
4086.  5.519784E-17
4087.  7.337397E-17
4088.  8.821827E-17
4089.  1.016480E-16
4090.  1.161256E-16
4091.  1.333297E-16
4092.  1.530890E-16
4093.  1.731174E-16
4094.  1.897360E-16
4095.  1.992305E-16
4096.  1.991417E-16
4097.  1.888982E-16
4098.  1.696895E-16
4099.  1.439866E-16
4100.  1.151870E-16
4101.  8.743541E-17
4102.  6.516884E-17
4103.  5.193402E-17
4104.  4.871601E-17
4105.  5.282377E-17
4106.  5.847357E-17
4107.  5.924241E-17
4108.  5.117713E-17
4109.  3.467232E-17
4110.  1.392407E-17
4111.  -5.639660E-18
4112.  -2.026762E-17
4113.  -2.938382E-17
4114.  -3.502226E-17
4115.  -3.988940E-17
4116.  -4.542059E-17
4117.  -5.092337E-17
4118.  -5.406823E-17
4119.  -5.223152E-17
4120.  -4.388314E-17
4121.  -2.934663E-17
4122.  -1.063744E-17
4123.  9.464723E-18
4124.  2.859466E-17
4125.  4.559532E-17
4126.  6.053899E-17
4127.  7.412159E-17
4128.  8.699329E-17
4129.  9.955030E-17
4130.  1.122233E-16
4131.  1.258023E-16
4132.  1.413076E-16
4133.  1.594028E-16
4134.  1.798601E-16
4135.  2.016321E-16
4136.  2.235608E-16
4137.  2.451434E-16
4138.  2.666517E-16
4139.  2.884214E-16
4140.  3.098342E-16
4141.  3.288307E-16
4142.  3.424258E-16
4143.  3.479698E-16
4144.  3.443554E-16
4145.  3.323978E-16
4146.  3.141820E-16
4147.  2.918750E-16
4148.  2.668392E-16
4149.  2.395916E-16
4150.  2.104521E-16
4151.  1.801909E-16
4152.  1.501032E-16
4153.  1.215498E-16
4154.  9.553014E-17
4155.  7.275112E-17
4156.  5.406977E-17
4157.  4.073923E-17
4158.  3.404759E-17
4159.  3.455521E-17
4160.  4.154703E-17
4161.  5.314668E-17
4162.  6.696435E-17
4163.  8.073927E-17
4164.  9.253079E-17
4165.  1.004951E-16
4166.  1.026922E-16
4167.  9.738504E-17
4168.  8.387442E-17
4169.  6.336822E-17
4170.  3.914039E-17
4171.  1.554532E-17
4172.  -3.795407E-18
4173.  -1.765298E-17
4174.  -2.765056E-17
4175.  -3.714958E-17
4176.  -4.913565E-17
4177.  -6.429422E-17
4178.  -8.038803E-17
4179.  -9.334615E-17
4180.  -9.949111E-17
4181.  -9.759357E-17
4182.  -8.945397E-17
4183.  -7.862707E-17
4184.  -6.814896E-17
4185.  -5.879706E-17
4186.  -4.896953E-17
4187.  -3.611203E-17
4188.  -1.864807E-17
4189.  2.764795E-18
4190.  2.522138E-17
4191.  4.458495E-17
4192.  5.688186E-17
4193.  5.950503E-17
4194.  5.195875E-17
4195.  3.610364E-17
4196.  1.586052E-17
4197.  -3.679791E-18
4198.  -1.761490E-17
4199.  -2.262447E-17
4200.  -1.781380E-17
4201.  -4.674266E-18
4202.  1.366814E-17
4203.  3.338708E-17
4204.  5.060895E-17
4205.  6.174924E-17
4206.  6.386168E-17
4207.  5.531398E-17
4208.  3.668821E-17
4209.  1.136935E-17
4210.  -1.477422E-17
4211.  -3.478358E-17
4212.  -4.259973E-17
4213.  -3.476744E-17
4214.  -1.107125E-17
4215.  2.612579E-17
4216.  7.342938E-17
4217.  1.280383E-16
4218.  1.886638E-16
4219.  2.553339E-16
4220.  3.281932E-16
4221.  4.058457E-16
4222.  4.840274E-16
4223.  5.553188E-16
4224.  6.102368E-16
4225.  6.394688E-16
4226.  6.364494E-16
4227.  5.992638E-16
4228.  5.311286E-16
4229.  4.393467E-16
4230.  3.333087E-16
4231.  2.224281E-16
4232.  1.147503E-16
4233.  1.647291E-17
4234.  -6.787848E-17
4235.  -1.351176E-16
4236.  -1.832611E-16
4237.  -2.115857E-16
4238.  -2.205918E-16
4239.  -2.116470E-16
4240.  -1.864398E-16
4241.  -1.467097E-16
4242.  -9.463495E-17
4243.  -3.372237E-17
4244.  3.055321E-17
4245.  9.117583E-17
4246.  1.412448E-16
4247.  1.760914E-16
4248.  1.946267E-16
4249.  1.990985E-16
4250.  1.934239E-16
4251.  1.811282E-16
4252.  1.641092E-16
4253.  1.428549E-16
4254.  1.177747E-16
4255.  9.053299E-17
4256.  6.421649E-17
4257.  4.195507E-17
4258.  2.484292E-17
4259.  1.079522E-17
4260.  -4.405025E-18
4261.  -2.411725E-17
4262.  -4.775360E-17
4263.  -6.982374E-17
4264.  -8.208314E-17
4265.  -7.771228E-17
4266.  -5.513804E-17
4267.  -1.938279E-17
4268.  1.969566E-17
4269.  5.129466E-17
4270.  6.779089E-17
4271.  6.722485E-17
4272.  5.314585E-17
4273.  3.217490E-17
4274.  1.080097E-17
4275.  -6.895114E-18
4276.  -1.975351E-17
4277.  -2.864172E-17
4278.  -3.512457E-17
4279.  -4.047857E-17
4280.  -4.526958E-17
4281.  -4.934257E-17
4282.  -5.202441E-17
4283.  -5.247253E-17
4284.  -5.017420E-17
4285.  -4.550573E-17
4286.  -4.007020E-17
4287.  -3.643938E-17
4288.  -3.714806E-17
4289.  -4.331061E-17
4290.  -5.366089E-17
4291.  -6.474171E-17
4292.  -7.228696E-17
4293.  -7.305100E-17
4294.  -6.607299E-17
4295.  -5.282395E-17
4296.  -3.642171E-17
4297.  -2.052324E-17
4298.  -8.383279E-18
4299.  -2.199988E-18
4300.  -2.658910E-18
4301.  -8.688489E-18
4302.  -1.761644E-17
4303.  -2.590260E-17
4304.  -3.032680E-17
4305.  -2.916406E-17
4306.  -2.275303E-17
4307.  -1.313784E-17
4308.  -2.970803E-18
4309.  5.702816E-18
4310.  1.210639E-17
4311.  1.656213E-17
4312.  1.978861E-17
4313.  2.227465E-17
4314.  2.415499E-17
4315.  2.549137E-17
4316.  2.651273E-17
4317.  2.751465E-17
4318.  2.854199E-17
4319.  2.923306E-17
4320.  2.901842E-17
4321.  2.750732E-17
4322.  2.476707E-17
4323.  2.141905E-17
4324.  1.878603E-17
4325.  1.936516E-17
4326.  2.752161E-17
4327.  4.977319E-17
4328.  9.383821E-17
4329.  1.661134E-16
4330.  2.683175E-16
4331.  3.949342E-16
4332.  5.330760E-16
4333.  6.652617E-16
4334.  7.740534E-16
4335.  8.466135E-16
4336.  8.774829E-16
4337.  8.689417E-16
4338.  8.293396E-16
4339.  7.703211E-16
4340.  7.039291E-16
4341.  6.404023E-16
4342.  5.871444E-16
4343.  5.488343E-16
4344.  5.281073E-16
4345.  5.260182E-16
4346.  5.418336E-16
4347.  5.723649E-16
4348.  6.115885E-16
4349.  6.512850E-16
4350.  6.828946E-16
4351.  7.001021E-16
4352.  7.011761E-16
4353.  6.900368E-16
4354.  6.754146E-16
4355.  6.681435E-16
4356.  6.773607E-16
4357.  7.068771E-16
4358.  7.530389E-16
4359.  8.049945E-16
4360.  8.475271E-16
4361.  8.656891E-16
4362.  8.496719E-16
4363.  7.980136E-16
4364.  7.177818E-16
4365.  6.216741E-16
4366.  5.234341E-16
4367.  4.336772E-16
4368.  3.577644E-16
4369.  2.961397E-16
4370.  2.463709E-16
4371.  2.055738E-16
4372.  1.720685E-16
4373.  1.457230E-16
4374.  1.271507E-16
4375.  1.164264E-16
4376.  1.120903E-16
4377.  1.109933E-16
4378.  1.091260E-16
4379.  1.031674E-16
4380.  9.214631E-17
4381.  7.843279E-17
4382.  6.739746E-17
4383.  6.558554E-17
4384.  7.797043E-17
4385.  1.054283E-16
4386.  1.436343E-16
4387.  1.840592E-16
4388.  2.168722E-16
4389.  2.346686E-16
4390.  2.354321E-16
4391.  2.232749E-16
4392.  2.064390E-16
4393.  1.934173E-16
4394.  1.891625E-16
4395.  1.933925E-16
4396.  2.018239E-16
4397.  2.094121E-16
4398.  2.134975E-16
4399.  2.149588E-16
4400.  2.169110E-16
4401.  2.221333E-16
4402.  2.310951E-16
4403.  2.417769E-16
4404.  2.511331E-16
4405.  2.570377E-16
4406.  2.594911E-16
4407.  2.605025E-16
4408.  2.628264E-16
4409.  2.682229E-16
4410.  2.760835E-16
4411.  2.831543E-16
4412.  2.846704E-16
4413.  2.765388E-16
4414.  2.575593E-16
4415.  2.305172E-16
4416.  2.014936E-16
4417.  1.776799E-16
4418.  1.647370E-16
4419.  1.649069E-16
4420.  1.765997E-16
4421.  1.954257E-16
4422.  2.160304E-16
4423.  2.339134E-16
4424.  2.466214E-16
4425.  2.540839E-16
4426.  2.581825E-16
4427.  2.618062E-16
4428.  2.677249E-16
4429.  2.776042E-16
4430.  2.914250E-16
4431.  3.074322E-16
4432.  3.225905E-16
4433.  3.333987E-16
4434.  3.368332E-16
4435.  3.311607E-16
4436.  3.163998E-16
4437.  2.943329E-16
4438.  2.681320E-16
4439.  2.417512E-16
4440.  2.192454E-16
4441.  2.041115E-16
4442.  1.987403E-16
4443.  2.040480E-16
4444.  2.193184E-16
4445.  2.422225E-16
4446.  2.690177E-16
4447.  2.950552E-16
4448.  3.157560E-16
4449.  3.279635E-16
4450.  3.311335E-16
4451.  3.276260E-16
4452.  3.217210E-16
4453.  3.177619E-16
4454.  3.184492E-16
4455.  3.242355E-16
4456.  3.340643E-16
4457.  3.468312E-16
4458.  3.625581E-16
4459.  3.825430E-16
4460.  4.084582E-16
4461.  4.409840E-16
4462.  4.787793E-16
4463.  5.183125E-16
4464.  5.545870E-16
4465.  5.824035E-16
4466.  5.976592E-16
4467.  5.982593E-16
4468.  5.844208E-16
4469.  5.583778E-16
4470.  5.237462E-16
4471.  4.848750E-16
4472.  4.463882E-16
4473.  4.128118E-16
4474.  3.880113E-16
4475.  3.742761E-16
4476.  3.712792E-16
4477.  3.755019E-16
4478.  3.807393E-16
4479.  3.798200E-16
4480.  3.669338E-16
4481.  3.394596E-16
4482.  2.984153E-16
4483.  2.475035E-16
4484.  1.916010E-16
4485.  1.356616E-16
4486.  8.431821E-17
4487.  4.166529E-17
4488.  1.064422E-17
4489.  -7.850639E-18
4490.  -1.539200E-17
4491.  -1.539767E-17
4492.  -1.173496E-17
4493.  -7.406622E-18
4494.  -3.990676E-18
4495.  -1.861070E-18
4496.  -7.563762E-19
4497.  -2.691428E-19
4498.  -8.389780E-20
4499.  -2.288166E-20
4500.  -5.370894E-21
