1.  -1.032454E-22
2.  -1.415689E-22
3.  -1.623999E-23
4.  -5.393691E-23
5.  -5.084929E-23
6.  6.783417E-23
7.  1.501334E-23
8.  -8.572601E-23
9.  -1.498329E-22
10.  -3.829101E-23
11.  4.710270E-24
12.  -5.342898E-23
13.  9.343458E-25
14.  -9.965535E-24
15.  6.751460E-23
16.  -8.394826E-23
17.  -1.031091E-22
18.  1.259865E-23
19.  8.884117E-23
20.  -3.907558E-23
21.  4.685689E-23
22.  2.134480E-23
23.  5.843623E-23
24.  -1.734371E-23
25.  -1.022388E-23
26.  -3.736432E-23
27.  -2.856043E-23
28.  -6.345998E-23
29.  -9.073522E-23
30.  2.155420E-24
31.  -2.713259E-23
32.  -1.501798E-22
33.  -9.230152E-23
34.  -5.755506E-23
35.  -2.995991E-23
36.  -1.315619E-22
37.  -1.062916E-22
38.  4.579114E-23
39.  -9.106139E-23
40.  -7.463617E-23
41.  -1.061253E-22
42.  -1.593123E-22
43.  -3.494449E-23
44.  -2.496016E-23
45.  -9.652824E-24
46.  1.324973E-23
47.  -7.681576E-23
48.  -2.220110E-22
49.  -6.144620E-23
50.  5.536466E-24
51.  9.877637E-24
52.  -8.515995E-23
53.  -6.157688E-23
54.  -3.234643E-23
55.  1.234136E-23
56.  -4.521318E-23
57.  -5.046828E-23
58.  -9.502453E-23
59.  -1.110556E-22
60.  -7.313232E-23
61.  -1.146620E-22
62.  -3.032686E-23
63.  -6.916732E-23
64.  -3.176162E-23
65.  -1.605008E-22
66.  -1.468722E-22
67.  -1.799352E-22
68.  -9.063994E-23
69.  -2.809782E-23
70.  6.040608E-24
71.  -1.241344E-22
72.  -6.333906E-23
73.  -1.769822E-22
74.  -9.593683E-23
75.  -1.635151E-26
76.  -1.509074E-22
77.  -5.406350E-23
78.  -8.229334E-23
79.  3.368658E-23
80.  -1.386300E-22
81.  -1.267293E-22
82.  -1.944886E-22
83.  -1.612985E-22
84.  -2.014257E-22
85.  -4.970884E-24
86.  -6.870128E-23
87.  -1.214109E-23
88.  -2.844856E-22
89.  -5.891507E-23
90.  -1.550315E-23
91.  -1.715642E-22
92.  -7.729743E-23
93.  -1.132482E-22
94.  -5.727458E-23
95.  -5.876797E-23
96.  -1.171695E-22
97.  -2.435413E-23
98.  -5.091296E-23
99.  -7.140931E-23
100.  -2.074514E-22
101.  -1.517456E-22
102.  -1.082646E-22
103.  -1.312463E-22
104.  -7.345252E-23
105.  -2.889300E-23
106.  -6.629898E-23
107.  -2.402364E-23
108.  -1.122915E-22
109.  5.035062E-23
110.  3.053518E-23
111.  2.331655E-23
112.  -1.949072E-23
113.  -1.385291E-22
114.  2.352141E-23
115.  1.108993E-22
116.  -8.218743E-23
117.  -1.158762E-22
118.  -3.802021E-23
119.  -2.468561E-23
120.  -1.757861E-22
121.  -6.906776E-23
122.  -1.165604E-22
123.  -3.463907E-23
124.  -1.829654E-23
125.  -2.079938E-23
126.  -1.139845E-22
127.  -8.918162E-24
128.  -1.587149E-22
129.  -1.100582E-22
130.  -1.623694E-22
131.  -9.230525E-23
132.  -1.762779E-22
133.  -1.984089E-22
134.  -2.804699E-23
135.  2.093102E-23
136.  -8.012573E-23
137.  -1.573189E-22
138.  -1.225510E-22
139.  -7.045148E-23
140.  -1.448553E-22
141.  -1.211653E-22
142.  -2.606479E-23
143.  -1.253271E-23
144.  -1.129302E-23
145.  -1.430656E-22
146.  -1.074395E-22
147.  -5.960069E-23
148.  -4.198287E-23
149.  -9.692532E-23
150.  -6.838925E-24
151.  -1.016330E-23
152.  -1.255873E-22
153.  -1.419875E-22
154.  1.894561E-23
155.  -5.048371E-24
156.  -3.424875E-23
157.  -1.233487E-22
158.  -9.098420E-23
159.  2.345225E-23
160.  -2.551505E-22
161.  -1.298449E-22
162.  -1.645652E-22
163.  1.189911E-23
164.  -8.415149E-23
165.  -1.543606E-22
166.  -3.694420E-23
167.  -1.020536E-22
168.  -1.194170E-22
169.  -6.589770E-23
170.  -5.403500E-23
171.  -6.145625E-23
172.  -8.104658E-23
173.  -1.047006E-22
174.  -1.345855E-23
175.  -7.199483E-23
176.  -1.634115E-22
177.  -1.631931E-22
178.  -1.908032E-22
179.  -5.453405E-23
180.  -8.838204E-23
181.  -2.086710E-22
182.  -1.689237E-22
183.  -6.375273E-23
184.  -1.261411E-22
185.  -1.212506E-22
186.  -2.076975E-22
187.  -1.352713E-22
188.  -1.068442E-22
189.  -1.077027E-22
190.  -9.412664E-23
191.  -1.547510E-22
192.  -1.307953E-22
193.  -1.166343E-22
194.  -1.632511E-22
195.  -9.126444E-23
196.  -2.702172E-23
197.  -2.792214E-23
198.  2.667151E-23
199.  -2.879682E-23
200.  -1.079331E-22
201.  -2.036286E-22
202.  -1.036111E-22
203.  -6.284899E-24
204.  -1.084372E-22
205.  -1.126576E-22
206.  -1.279246E-22
207.  -1.216119E-22
208.  -1.694588E-22
209.  -8.876356E-23
210.  -1.570803E-22
211.  -9.210225E-23
212.  -1.637261E-22
213.  -1.578841E-22
214.  -7.632499E-23
215.  -5.975015E-23
216.  -1.832805E-22
217.  -3.533324E-23
218.  -2.672733E-23
219.  -1.351024E-22
220.  -4.279519E-23
221.  -9.070419E-23
222.  -9.735816E-23
223.  -1.593836E-23
224.  -2.048467E-22
225.  -1.243292E-22
226.  -1.498016E-22
227.  -1.492931E-22
228.  -1.925517E-22
229.  -2.691865E-22
230.  -9.952123E-23
231.  -1.076289E-22
232.  -1.986331E-22
233.  -2.151478E-22
234.  -1.697496E-22
235.  -9.922359E-23
236.  -1.547851E-22
237.  8.006957E-24
238.  -5.838547E-23
239.  -1.350681E-22
240.  -2.501994E-22
241.  -1.875935E-22
242.  -2.309181E-22
243.  -4.987989E-23
244.  -1.102388E-22
245.  -2.741872E-22
246.  -1.732742E-22
247.  -1.022314E-22
248.  -2.564402E-22
249.  -1.507599E-22
250.  -1.611980E-22
251.  -1.301770E-22
252.  -8.806062E-23
253.  -1.031128E-22
254.  -2.284312E-22
255.  -1.556811E-22
256.  -1.812762E-22
257.  -1.867336E-22
258.  -2.313908E-22
259.  -2.090078E-22
260.  -2.386697E-22
261.  -2.305554E-22
262.  -1.736735E-23
263.  -9.294290E-23
264.  -2.031455E-22
265.  -1.962906E-22
266.  -1.328940E-22
267.  -7.467593E-23
268.  -2.116685E-22
269.  -1.808383E-22
270.  -1.265050E-22
271.  -9.315462E-23
272.  -7.926016E-23
273.  -1.413128E-22
274.  -1.311048E-22
275.  -1.380553E-22
276.  -1.681705E-22
277.  -1.261724E-22
278.  -1.047340E-22
279.  -8.062411E-24
280.  -1.460318E-22
281.  -1.592166E-22
282.  -9.420083E-23
283.  -1.685794E-22
284.  -5.446476E-23
285.  -1.003875E-22
286.  -6.787820E-23
287.  1.501284E-23
288.  -1.757405E-22
289.  -1.029402E-22
290.  -9.815266E-23
291.  -1.865677E-22
292.  -7.625569E-23
293.  -2.832460E-22
294.  -4.398064E-24
295.  -2.863880E-22
296.  -6.994611E-23
297.  -3.307573E-22
298.  1.520273E-22
299.  -3.066121E-22
300.  6.489811E-21
301.  1.604946E-19
302.  2.134943E-18
303.  1.485267E-17
304.  5.724838E-17
305.  1.317831E-16
306.  1.989035E-16
307.  2.200063E-16
308.  2.010499E-16
309.  1.662614E-16
310.  1.302176E-16
311.  1.001747E-16
312.  8.044872E-17
313.  7.288179E-17
314.  7.759433E-17
315.  9.266891E-17
316.  1.136288E-16
317.  1.348956E-16
318.  1.529051E-16
319.  1.693917E-16
320.  1.916639E-16
321.  2.293330E-16
322.  2.879542E-16
323.  3.644346E-16
324.  4.494925E-16
325.  5.331502E-16
326.  6.106718E-16
327.  6.821719E-16
328.  7.465427E-16
329.  8.016496E-16
330.  8.454345E-16
331.  8.769901E-16
332.  8.948704E-16
333.  8.941237E-16
334.  8.732604E-16
335.  8.381693E-16
336.  8.000663E-16
337.  7.696751E-16
338.  7.516436E-16
339.  7.495081E-16
340.  7.683432E-16
341.  8.133889E-16
342.  8.862869E-16
343.  9.811677E-16
344.  1.090154E-15
345.  1.205698E-15
346.  1.319513E-15
347.  1.427979E-15
348.  1.528316E-15
349.  1.609168E-15
350.  1.659193E-15
351.  1.675152E-15
352.  1.664544E-15
353.  1.639491E-15
354.  1.605709E-15
355.  1.569137E-15
356.  1.538942E-15
357.  1.525667E-15
358.  1.535549E-15
359.  1.562438E-15
360.  1.597150E-15
361.  1.634338E-15
362.  1.674079E-15
363.  1.717499E-15
364.  1.759670E-15
365.  1.799475E-15
366.  1.843148E-15
367.  1.900658E-15
368.  1.975359E-15
369.  2.053093E-15
370.  2.117018E-15
371.  2.159498E-15
372.  2.183835E-15
373.  2.194505E-15
374.  2.184374E-15
375.  2.149308E-15
376.  2.097802E-15
377.  2.048376E-15
378.  2.016620E-15
379.  2.000066E-15
380.  1.991155E-15
381.  1.988206E-15
382.  1.995593E-15
383.  2.014180E-15
384.  2.030012E-15
385.  2.029084E-15
386.  2.008672E-15
387.  1.978299E-15
388.  1.949794E-15
389.  1.923359E-15
390.  1.898888E-15
391.  1.881953E-15
392.  1.878031E-15
393.  1.895982E-15
394.  1.941501E-15
395.  2.005590E-15
396.  2.076243E-15
397.  2.147422E-15
398.  2.220604E-15
399.  2.296056E-15
400.  2.359823E-15
401.  2.397925E-15
402.  2.407192E-15
403.  2.396004E-15
404.  2.373230E-15
405.  2.333314E-15
406.  2.271189E-15
407.  2.192469E-15
408.  2.111634E-15
409.  2.041972E-15
410.  1.982957E-15
411.  1.932419E-15
412.  1.893690E-15
413.  1.873915E-15
414.  1.876860E-15
415.  1.893650E-15
416.  1.915413E-15
417.  1.941814E-15
418.  1.980430E-15
419.  2.036936E-15
420.  2.102331E-15
421.  2.164909E-15
422.  2.220221E-15
423.  2.273174E-15
424.  2.328444E-15
425.  2.376143E-15
426.  2.405626E-15
427.  2.416184E-15
428.  2.417457E-15
429.  2.418410E-15
430.  2.412733E-15
431.  2.394315E-15
432.  2.367494E-15
433.  2.344846E-15
434.  2.334187E-15
435.  2.323240E-15
436.  2.296034E-15
437.  2.244578E-15
438.  2.165983E-15
439.  2.067882E-15
440.  1.960694E-15
441.  1.843638E-15
442.  1.717167E-15
443.  1.591325E-15
444.  1.481877E-15
445.  1.400087E-15
446.  1.342089E-15
447.  1.299533E-15
448.  1.269294E-15
449.  1.255727E-15
450.  1.265921E-15
451.  1.299724E-15
452.  1.352519E-15
453.  1.417582E-15
454.  1.487262E-15
455.  1.551512E-15
456.  1.595789E-15
457.  1.613893E-15
458.  1.612983E-15
459.  1.608319E-15
460.  1.609664E-15
461.  1.609040E-15
462.  1.594160E-15
463.  1.560699E-15
464.  1.514759E-15
465.  1.465765E-15
466.  1.414895E-15
467.  1.362170E-15
468.  1.312332E-15
469.  1.273900E-15
470.  1.252293E-15
471.  1.240758E-15
472.  1.227666E-15
473.  1.203680E-15
474.  1.165898E-15
475.  1.117235E-15
476.  1.059613E-15
477.  9.972758E-16
478.  9.377038E-16
479.  8.886547E-16
480.  8.542362E-16
481.  8.312557E-16
482.  8.157641E-16
483.  8.067818E-16
484.  8.057983E-16
485.  8.133745E-16
486.  8.247549E-16
487.  8.351019E-16
488.  8.421010E-16
489.  8.442620E-16
490.  8.434602E-16
491.  8.422385E-16
492.  8.382032E-16
493.  8.290318E-16
494.  8.162786E-16
495.  8.051447E-16
496.  8.006781E-16
497.  8.026560E-16
498.  8.102611E-16
499.  8.256787E-16
500.  8.546981E-16
501.  9.037503E-16
502.  9.744192E-16
503.  1.065128E-15
504.  1.170372E-15
505.  1.281362E-15
506.  1.385570E-15
507.  1.464300E-15
508.  1.503939E-15
509.  1.502987E-15
510.  1.470901E-15
511.  1.419273E-15
512.  1.352350E-15
513.  1.276234E-15
514.  1.203175E-15
515.  1.147778E-15
516.  1.121157E-15
517.  1.124649E-15
518.  1.155451E-15
519.  1.209841E-15
520.  1.284510E-15
521.  1.374013E-15
522.  1.464747E-15
523.  1.543017E-15
524.  1.601766E-15
525.  1.642926E-15
526.  1.671161E-15
527.  1.683634E-15
528.  1.678984E-15
529.  1.662504E-15
530.  1.644539E-15
531.  1.633203E-15
532.  1.625124E-15
533.  1.615620E-15
534.  1.603418E-15
535.  1.586859E-15
536.  1.568902E-15
537.  1.552787E-15
538.  1.532239E-15
539.  1.501181E-15
540.  1.460851E-15
541.  1.419063E-15
542.  1.383493E-15
543.  1.353345E-15
544.  1.328529E-15
545.  1.315660E-15
546.  1.326509E-15
547.  1.369699E-15
548.  1.439899E-15
549.  1.525274E-15
550.  1.616695E-15
551.  1.712334E-15
552.  1.811405E-15
553.  1.903137E-15
554.  1.977113E-15
555.  2.032013E-15
556.  2.077268E-15
557.  2.123285E-15
558.  2.166504E-15
559.  2.200319E-15
560.  2.224739E-15
561.  2.248038E-15
562.  2.277262E-15
563.  2.304228E-15
564.  2.319350E-15
565.  2.322295E-15
566.  2.322383E-15
567.  2.328175E-15
568.  2.333752E-15
569.  2.334044E-15
570.  2.335984E-15
571.  2.357793E-15
572.  2.414981E-15
573.  2.500536E-15
574.  2.596937E-15
575.  2.691097E-15
576.  2.781655E-15
577.  2.869961E-15
578.  2.942370E-15
579.  2.984590E-15
580.  2.991814E-15
581.  2.968422E-15
582.  2.916345E-15
583.  2.822438E-15
584.  2.682964E-15
585.  2.512974E-15
586.  2.332419E-15
587.  2.164087E-15
588.  2.022524E-15
589.  1.901739E-15
590.  1.792885E-15
591.  1.695831E-15
592.  1.616823E-15
593.  1.560222E-15
594.  1.519165E-15
595.  1.486042E-15
596.  1.459619E-15
597.  1.444076E-15
598.  1.441604E-15
599.  1.443437E-15
600.  1.439693E-15
601.  1.427988E-15
602.  1.415833E-15
603.  1.414654E-15
604.  1.427568E-15
605.  1.453255E-15
606.  1.490371E-15
607.  1.538991E-15
608.  1.596415E-15
609.  1.649748E-15
610.  1.685578E-15
611.  1.697311E-15
612.  1.688108E-15
613.  1.666284E-15
614.  1.633959E-15
615.  1.592614E-15
616.  1.545679E-15
617.  1.495871E-15
618.  1.440423E-15
619.  1.367363E-15
620.  1.268785E-15
621.  1.146905E-15
622.  1.010576E-15
623.  8.695117E-16
624.  7.286130E-16
625.  5.940786E-16
626.  4.755875E-16
627.  3.821712E-16
628.  3.191873E-16
629.  2.869951E-16
630.  2.840697E-16
631.  3.081084E-16
632.  3.550302E-16
633.  4.204417E-16
634.  4.988850E-16
635.  5.813564E-16
636.  6.579849E-16
637.  7.215109E-16
638.  7.701008E-16
639.  8.045017E-16
640.  8.220758E-16
641.  8.207286E-16
642.  8.024412E-16
643.  7.732560E-16
644.  7.393921E-16
645.  7.022917E-16
646.  6.634311E-16
647.  6.271967E-16
648.  5.993105E-16
649.  5.834123E-16
650.  5.779067E-16
651.  5.804195E-16
652.  5.910310E-16
653.  6.123864E-16
654.  6.462055E-16
655.  6.881415E-16
656.  7.305043E-16
657.  7.658105E-16
658.  7.901449E-16
659.  8.029032E-16
660.  8.024297E-16
661.  7.888446E-16
662.  7.652436E-16
663.  7.361403E-16
664.  7.040871E-16
665.  6.663291E-16
666.  6.203627E-16
667.  5.670009E-16
668.  5.094830E-16
669.  4.515865E-16
670.  3.953782E-16
671.  3.442333E-16
672.  3.039861E-16
673.  2.815050E-16
674.  2.829776E-16
675.  3.115008E-16
676.  3.672270E-16
677.  4.477137E-16
678.  5.490299E-16
679.  6.649010E-16
680.  7.844550E-16
681.  8.956523E-16
682.  9.874060E-16
683.  1.051794E-15
684.  1.091647E-15
685.  1.117189E-15
686.  1.134225E-15
687.  1.145923E-15
688.  1.155923E-15
689.  1.169105E-15
690.  1.188475E-15
691.  1.209638E-15
692.  1.228132E-15
693.  1.243921E-15
694.  1.260534E-15
695.  1.278924E-15
696.  1.290518E-15
697.  1.286337E-15
698.  1.263533E-15
699.  1.225626E-15
700.  1.177408E-15
701.  1.118469E-15
702.  1.051893E-15
703.  9.887733E-16
704.  9.430685E-16
705.  9.219435E-16
706.  9.190818E-16
707.  9.237911E-16
708.  9.290446E-16
709.  9.337178E-16
710.  9.387207E-16
711.  9.401989E-16
712.  9.343803E-16
713.  9.217803E-16
714.  9.071666E-16
715.  8.948752E-16
716.  8.827220E-16
717.  8.676729E-16
718.  8.504397E-16
719.  8.359993E-16
720.  8.301556E-16
721.  8.337341E-16
722.  8.464852E-16
723.  8.704039E-16
724.  9.100479E-16
725.  9.678637E-16
726.  1.037310E-15
727.  1.108008E-15
728.  1.170168E-15
729.  1.216658E-15
730.  1.250934E-15
731.  1.282998E-15
732.  1.316227E-15
733.  1.349935E-15
734.  1.383832E-15
735.  1.419784E-15
736.  1.457721E-15
737.  1.488144E-15
738.  1.500877E-15
739.  1.492019E-15
740.  1.465890E-15
741.  1.429583E-15
742.  1.382679E-15
743.  1.323895E-15
744.  1.255659E-15
745.  1.182809E-15
746.  1.108466E-15
747.  1.029294E-15
748.  9.439793E-16
749.  8.572124E-16
750.  7.765435E-16
751.  7.072915E-16
752.  6.480869E-16
753.  5.965647E-16
754.  5.531426E-16
755.  5.202541E-16
756.  4.992927E-16
757.  4.863208E-16
758.  4.740180E-16
759.  4.539841E-16
760.  4.196348E-16
761.  3.703528E-16
762.  3.124545E-16
763.  2.578413E-16
764.  2.182545E-16
765.  2.001892E-16
766.  2.036334E-16
767.  2.229543E-16
768.  2.498816E-16
769.  2.749135E-16
770.  2.886432E-16
771.  2.847355E-16
772.  2.632282E-16
773.  2.320886E-16
774.  2.023099E-16
775.  1.817989E-16
776.  1.726806E-16
777.  1.718019E-16
778.  1.748398E-16
779.  1.785802E-16
780.  1.803208E-16
781.  1.788692E-16
782.  1.763397E-16
783.  1.780524E-16
784.  1.908146E-16
785.  2.196665E-16
786.  2.658839E-16
787.  3.260195E-16
788.  3.919516E-16
789.  4.540999E-16
790.  5.035660E-16
791.  5.340012E-16
792.  5.423123E-16
793.  5.283445E-16
794.  4.975186E-16
795.  4.587630E-16
796.  4.200019E-16
797.  3.848285E-16
798.  3.518567E-16
799.  3.209370E-16
800.  2.969926E-16
801.  2.885883E-16
802.  3.030691E-16
803.  3.402855E-16
804.  3.924486E-16
805.  4.490797E-16
806.  5.025225E-16
807.  5.477130E-16
808.  5.787865E-16
809.  5.922240E-16
810.  5.897864E-16
811.  5.786439E-16
812.  5.672734E-16
813.  5.588020E-16
814.  5.519438E-16
815.  5.444143E-16
816.  5.361955E-16
817.  5.295664E-16
818.  5.260427E-16
819.  5.279673E-16
820.  5.384631E-16
821.  5.604415E-16
822.  5.947089E-16
823.  6.367895E-16
824.  6.796314E-16
825.  7.156015E-16
826.  7.375423E-16
827.  7.432070E-16
828.  7.335512E-16
829.  7.076566E-16
830.  6.668723E-16
831.  6.174659E-16
832.  5.690078E-16
833.  5.302367E-16
834.  5.038205E-16
835.  4.885073E-16
836.  4.822168E-16
837.  4.837595E-16
838.  4.918260E-16
839.  5.021236E-16
840.  5.101411E-16
841.  5.134430E-16
842.  5.120033E-16
843.  5.061332E-16
844.  4.936534E-16
845.  4.734682E-16
846.  4.477427E-16
847.  4.209997E-16
848.  3.977997E-16
849.  3.803170E-16
850.  3.702856E-16
851.  3.689193E-16
852.  3.756017E-16
853.  3.873784E-16
854.  3.988123E-16
855.  4.056847E-16
856.  4.072433E-16
857.  4.060730E-16
858.  4.056665E-16
859.  4.073922E-16
860.  4.126781E-16
861.  4.247875E-16
862.  4.488434E-16
863.  4.891959E-16
864.  5.446397E-16
865.  6.075765E-16
866.  6.642551E-16
867.  7.003996E-16
868.  7.085965E-16
869.  6.904919E-16
870.  6.592003E-16
871.  6.334965E-16
872.  6.258796E-16
873.  6.349725E-16
874.  6.488843E-16
875.  6.589370E-16
876.  6.655399E-16
877.  6.750524E-16
878.  6.970914E-16
879.  7.383928E-16
880.  7.975733E-16
881.  8.700563E-16
882.  9.519748E-16
883.  1.041544E-15
884.  1.135517E-15
885.  1.223435E-15
886.  1.294093E-15
887.  1.340967E-15
888.  1.364718E-15
889.  1.368898E-15
890.  1.351631E-15
891.  1.312735E-15
892.  1.258065E-15
893.  1.197579E-15
894.  1.139278E-15
895.  1.082487E-15
896.  1.025987E-15
897.  9.731312E-16
898.  9.301328E-16
899.  9.004587E-16
900.  8.788633E-16
901.  8.582813E-16
902.  8.355704E-16
903.  8.120789E-16
904.  7.902096E-16
905.  7.688095E-16
906.  7.484963E-16
907.  7.350248E-16
908.  7.377553E-16
909.  7.634821E-16
910.  8.088241E-16
911.  8.645285E-16
912.  9.224549E-16
913.  9.794907E-16
914.  1.034030E-15
915.  1.079809E-15
916.  1.112640E-15
917.  1.135513E-15
918.  1.158150E-15
919.  1.189779E-15
920.  1.229860E-15
921.  1.274342E-15
922.  1.320362E-15
923.  1.365409E-15
924.  1.412118E-15
925.  1.463562E-15
926.  1.513333E-15
927.  1.553258E-15
928.  1.580407E-15
929.  1.599109E-15
930.  1.615546E-15
931.  1.628399E-15
932.  1.636450E-15
933.  1.641898E-15
934.  1.648619E-15
935.  1.656114E-15
936.  1.652192E-15
937.  1.625901E-15
938.  1.576070E-15
939.  1.510040E-15
940.  1.435691E-15
941.  1.352411E-15
942.  1.260745E-15
943.  1.167630E-15
944.  1.083353E-15
945.  1.015837E-15
946.  9.647210E-16
947.  9.283441E-16
948.  9.079255E-16
949.  9.061601E-16
950.  9.223914E-16
951.  9.469564E-16
952.  9.674963E-16
953.  9.759214E-16
954.  9.721132E-16
955.  9.602026E-16
956.  9.405568E-16
957.  9.144098E-16
958.  8.879681E-16
959.  8.710954E-16
960.  8.712746E-16
961.  8.871093E-16
962.  9.139027E-16
963.  9.484560E-16
964.  9.901140E-16
965.  1.037147E-15
966.  1.081507E-15
967.  1.115628E-15
968.  1.137469E-15
969.  1.151150E-15
970.  1.161572E-15
971.  1.166952E-15
972.  1.165556E-15
973.  1.158434E-15
974.  1.145203E-15
975.  1.126363E-15
976.  1.101069E-15
977.  1.062422E-15
978.  1.005574E-15
979.  9.322219E-16
980.  8.494223E-16
981.  7.660055E-16
982.  6.871434E-16
983.  6.175285E-16
984.  5.623381E-16
985.  5.250500E-16
986.  5.052935E-16
987.  4.971163E-16
988.  4.933358E-16
989.  4.886591E-16
990.  4.807175E-16
991.  4.694534E-16
992.  4.549107E-16
993.  4.387696E-16
994.  4.241236E-16
995.  4.142963E-16
996.  4.112324E-16
997.  4.132017E-16
998.  4.171797E-16
999.  4.209395E-16
1000.  4.238167E-16
1001.  4.254309E-16
1002.  4.232930E-16
1003.  4.152909E-16
1004.  4.012255E-16
1005.  3.824594E-16
1006.  3.603683E-16
1007.  3.349075E-16
1008.  3.080755E-16
1009.  2.851266E-16
1010.  2.716885E-16
1011.  2.700893E-16
1012.  2.773622E-16
1013.  2.884084E-16
1014.  3.001707E-16
1015.  3.139858E-16
1016.  3.333899E-16
1017.  3.599574E-16
1018.  3.942434E-16
1019.  4.366315E-16
1020.  4.859481E-16
1021.  5.400150E-16
1022.  5.942870E-16
1023.  6.403841E-16
1024.  6.723037E-16
1025.  6.916952E-16
1026.  7.077316E-16
1027.  7.300799E-16
1028.  7.612790E-16
1029.  8.006056E-16
1030.  8.485920E-16
1031.  9.090629E-16
1032.  9.857774E-16
1033.  1.075828E-15
1034.  1.173831E-15
1035.  1.276548E-15
1036.  1.385285E-15
1037.  1.500284E-15
1038.  1.611392E-15
1039.  1.706402E-15
1040.  1.779611E-15
1041.  1.836454E-15
1042.  1.886925E-15
1043.  1.930291E-15
1044.  1.960001E-15
1045.  1.969493E-15
1046.  1.955243E-15
1047.  1.913961E-15
1048.  1.836777E-15
1049.  1.722987E-15
1050.  1.583992E-15
1051.  1.436598E-15
1052.  1.294507E-15
1053.  1.160490E-15
1054.  1.035910E-15
1055.  9.259900E-16
1056.  8.370976E-16
1057.  7.724477E-16
1058.  7.277342E-16
1059.  6.968301E-16
1060.  6.760266E-16
1061.  6.643532E-16
1062.  6.608303E-16
1063.  6.601603E-16
1064.  6.559091E-16
1065.  6.421739E-16
1066.  6.137006E-16
1067.  5.707085E-16
1068.  5.194225E-16
1069.  4.679961E-16
1070.  4.253399E-16
1071.  3.965660E-16
1072.  3.801592E-16
1073.  3.706522E-16
1074.  3.616326E-16
1075.  3.502376E-16
1076.  3.381843E-16
1077.  3.294903E-16
1078.  3.273800E-16
1079.  3.322126E-16
1080.  3.433104E-16
1081.  3.592211E-16
1082.  3.773045E-16
1083.  3.938636E-16
1084.  4.043231E-16
1085.  4.065794E-16
1086.  4.020445E-16
1087.  3.938170E-16
1088.  3.832200E-16
1089.  3.677456E-16
1090.  3.454953E-16
1091.  3.184223E-16
1092.  2.918968E-16
1093.  2.712360E-16
1094.  2.571117E-16
1095.  2.465448E-16
1096.  2.361498E-16
1097.  2.244946E-16
1098.  2.124630E-16
1099.  2.017856E-16
1100.  1.950181E-16
1101.  1.952566E-16
1102.  2.058845E-16
1103.  2.294090E-16
1104.  2.647919E-16
1105.  3.076414E-16
1106.  3.530488E-16
1107.  3.994487E-16
1108.  4.489303E-16
1109.  5.040490E-16
1110.  5.670141E-16
1111.  6.386086E-16
1112.  7.194453E-16
1113.  8.096293E-16
1114.  9.057583E-16
1115.  1.004954E-15
1116.  1.106004E-15
1117.  1.207261E-15
1118.  1.310396E-15
1119.  1.416427E-15
1120.  1.517227E-15
1121.  1.603136E-15
1122.  1.669591E-15
1123.  1.718806E-15
1124.  1.752191E-15
1125.  1.759521E-15
1126.  1.731452E-15
1127.  1.671416E-15
1128.  1.597257E-15
1129.  1.530125E-15
1130.  1.479142E-15
1131.  1.448549E-15
1132.  1.443958E-15
1133.  1.470890E-15
1134.  1.527580E-15
1135.  1.597778E-15
1136.  1.662790E-15
1137.  1.710663E-15
1138.  1.738212E-15
1139.  1.744197E-15
1140.  1.719525E-15
1141.  1.658502E-15
1142.  1.565799E-15
1143.  1.454652E-15
1144.  1.339730E-15
1145.  1.227604E-15
1146.  1.123291E-15
1147.  1.033601E-15
1148.  9.651074E-16
1149.  9.208506E-16
1150.  8.961547E-16
1151.  8.851345E-16
1152.  8.847652E-16
1153.  8.944259E-16
1154.  9.117325E-16
1155.  9.275152E-16
1156.  9.329078E-16
1157.  9.254006E-16
1158.  9.091938E-16
1159.  8.899472E-16
1160.  8.686238E-16
1161.  8.470210E-16
1162.  8.300881E-16
1163.  8.226686E-16
1164.  8.247326E-16
1165.  8.285970E-16
1166.  8.272186E-16
1167.  8.191188E-16
1168.  8.067974E-16
1169.  7.973095E-16
1170.  7.981757E-16
1171.  8.117481E-16
1172.  8.391707E-16
1173.  8.822770E-16
1174.  9.428278E-16
1175.  1.019383E-15
1176.  1.103052E-15
1177.  1.183858E-15
1178.  1.255897E-15
1179.  1.319704E-15
1180.  1.377459E-15
1181.  1.424444E-15
1182.  1.456092E-15
1183.  1.473225E-15
1184.  1.481929E-15
1185.  1.486839E-15
1186.  1.482446E-15
1187.  1.463107E-15
1188.  1.430587E-15
1189.  1.394340E-15
1190.  1.365195E-15
1191.  1.346284E-15
1192.  1.340090E-15
1193.  1.352879E-15
1194.  1.393314E-15
1195.  1.464819E-15
1196.  1.554862E-15
1197.  1.643100E-15
1198.  1.713364E-15
1199.  1.761991E-15
1200.  1.792137E-15
1201.  1.800662E-15
1202.  1.787190E-15
1203.  1.761007E-15
1204.  1.738564E-15
1205.  1.732642E-15
1206.  1.740461E-15
1207.  1.754872E-15
1208.  1.773031E-15
1209.  1.797466E-15
1210.  1.829289E-15
1211.  1.859015E-15
1212.  1.878970E-15
1213.  1.888843E-15
1214.  1.890614E-15
1215.  1.893016E-15
1216.  1.904769E-15
1217.  1.921176E-15
1218.  1.934295E-15
1219.  1.941546E-15
1220.  1.946493E-15
1221.  1.950584E-15
1222.  1.941835E-15
1223.  1.908694E-15
1224.  1.850965E-15
1225.  1.780257E-15
1226.  1.711093E-15
1227.  1.648139E-15
1228.  1.594580E-15
1229.  1.557900E-15
1230.  1.547834E-15
1231.  1.567284E-15
1232.  1.600985E-15
1233.  1.627921E-15
1234.  1.637147E-15
1235.  1.633913E-15
1236.  1.629966E-15
1237.  1.628382E-15
1238.  1.630412E-15
1239.  1.641070E-15
1240.  1.667623E-15
1241.  1.711128E-15
1242.  1.756334E-15
1243.  1.783852E-15
1244.  1.782367E-15
1245.  1.753661E-15
1246.  1.705827E-15
1247.  1.640807E-15
1248.  1.563120E-15
1249.  1.484914E-15
1250.  1.421844E-15
1251.  1.384217E-15
1252.  1.368128E-15
1253.  1.364765E-15
1254.  1.366600E-15
1255.  1.367909E-15
1256.  1.363641E-15
1257.  1.349544E-15
1258.  1.332094E-15
1259.  1.322294E-15
1260.  1.321670E-15
1261.  1.325270E-15
1262.  1.324240E-15
1263.  1.305733E-15
1264.  1.265156E-15
1265.  1.208749E-15
1266.  1.149550E-15
1267.  1.105904E-15
1268.  1.093554E-15
1269.  1.111611E-15
1270.  1.129755E-15
1271.  1.113746E-15
1272.  1.065213E-15
1273.  1.013778E-15
1274.  9.816131E-16
1275.  9.670579E-16
1276.  9.601165E-16
1277.  9.556205E-16
1278.  9.483362E-16
1279.  9.339601E-16
1280.  9.114534E-16
1281.  8.837262E-16
1282.  8.553840E-16
1283.  8.278896E-16
1284.  8.031160E-16
1285.  7.845771E-16
1286.  7.758259E-16
1287.  7.772995E-16
1288.  7.830756E-16
1289.  7.872813E-16
1290.  7.888579E-16
1291.  7.918774E-16
1292.  8.006305E-16
1293.  8.129738E-16
1294.  8.250429E-16
1295.  8.360642E-16
1296.  8.489413E-16
1297.  8.659025E-16
1298.  8.833460E-16
1299.  8.980705E-16
1300.  9.118113E-16
1301.  9.307353E-16
1302.  9.592354E-16
1303.  9.917487E-16
1304.  1.018676E-15
1305.  1.034939E-15
1306.  1.044419E-15
1307.  1.055324E-15
1308.  1.070735E-15
1309.  1.090887E-15
1310.  1.113634E-15
1311.  1.133181E-15
1312.  1.147492E-15
1313.  1.159014E-15
1314.  1.168234E-15
1315.  1.175297E-15
1316.  1.179033E-15
1317.  1.178982E-15
1318.  1.177675E-15
1319.  1.175905E-15
1320.  1.175938E-15
1321.  1.182723E-15
1322.  1.203022E-15
1323.  1.241427E-15
1324.  1.294795E-15
1325.  1.359583E-15
1326.  1.435773E-15
1327.  1.526295E-15
1328.  1.629952E-15
1329.  1.732098E-15
1330.  1.814976E-15
1331.  1.867178E-15
1332.  1.887307E-15
1333.  1.877801E-15
1334.  1.835016E-15
1335.  1.761245E-15
1336.  1.669246E-15
1337.  1.575807E-15
1338.  1.492667E-15
1339.  1.418896E-15
1340.  1.352319E-15
1341.  1.296208E-15
1342.  1.257511E-15
1343.  1.240602E-15
1344.  1.239889E-15
1345.  1.247638E-15
1346.  1.259516E-15
1347.  1.274812E-15
1348.  1.291737E-15
1349.  1.301364E-15
1350.  1.296641E-15
1351.  1.277895E-15
1352.  1.252063E-15
1353.  1.226638E-15
1354.  1.201964E-15
1355.  1.178560E-15
1356.  1.160122E-15
1357.  1.149727E-15
1358.  1.152643E-15
1359.  1.172619E-15
1360.  1.204606E-15
1361.  1.242597E-15
1362.  1.286568E-15
1363.  1.343526E-15
1364.  1.420491E-15
1365.  1.513849E-15
1366.  1.615299E-15
1367.  1.718687E-15
1368.  1.824335E-15
1369.  1.933149E-15
1370.  2.034568E-15
1371.  2.115761E-15
1372.  2.169123E-15
1373.  2.194411E-15
1374.  2.191896E-15
1375.  2.151085E-15
1376.  2.064993E-15
1377.  1.939346E-15
1378.  1.790622E-15
1379.  1.636546E-15
1380.  1.483586E-15
1381.  1.336223E-15
1382.  1.202939E-15
1383.  1.093244E-15
1384.  1.012127E-15
1385.  9.542459E-16
1386.  9.117725E-16
1387.  8.802182E-16
1388.  8.584576E-16
1389.  8.450814E-16
1390.  8.338311E-16
1391.  8.195890E-16
1392.  8.021752E-16
1393.  7.852984E-16
1394.  7.721980E-16
1395.  7.606900E-16
1396.  7.480962E-16
1397.  7.347902E-16
1398.  7.239823E-16
1399.  7.183470E-16
1400.  7.155060E-16
1401.  7.125701E-16
1402.  7.105388E-16
1403.  7.168878E-16
1404.  7.431717E-16
1405.  7.957909E-16
1406.  8.732021E-16
1407.  9.660587E-16
1408.  1.059884E-15
1409.  1.144686E-15
1410.  1.216056E-15
1411.  1.268427E-15
1412.  1.299565E-15
1413.  1.313992E-15
1414.  1.322693E-15
1415.  1.336383E-15
1416.  1.355730E-15
1417.  1.377907E-15
1418.  1.401941E-15
1419.  1.429411E-15
1420.  1.459322E-15
1421.  1.480798E-15
1422.  1.483492E-15
1423.  1.465600E-15
1424.  1.434674E-15
1425.  1.401023E-15
1426.  1.367867E-15
1427.  1.337901E-15
1428.  1.315978E-15
1429.  1.306234E-15
1430.  1.308417E-15
1431.  1.314827E-15
1432.  1.320305E-15
1433.  1.326618E-15
1434.  1.340531E-15
1435.  1.366652E-15
1436.  1.398734E-15
1437.  1.427859E-15
1438.  1.449251E-15
1439.  1.464153E-15
1440.  1.475268E-15
1441.  1.479494E-15
1442.  1.476544E-15
1443.  1.472195E-15
1444.  1.475090E-15
1445.  1.489956E-15
1446.  1.509783E-15
1447.  1.525399E-15
1448.  1.532448E-15
1449.  1.532548E-15
1450.  1.527540E-15
1451.  1.510862E-15
1452.  1.477519E-15
1453.  1.428955E-15
1454.  1.368846E-15
1455.  1.306385E-15
1456.  1.252289E-15
1457.  1.209895E-15
1458.  1.181222E-15
1459.  1.170266E-15
1460.  1.180975E-15
1461.  1.213285E-15
1462.  1.259677E-15
1463.  1.314403E-15
1464.  1.377926E-15
1465.  1.456543E-15
1466.  1.556108E-15
1467.  1.671731E-15
1468.  1.792752E-15
1469.  1.907815E-15
1470.  2.009995E-15
1471.  2.093366E-15
1472.  2.143252E-15
1473.  2.149380E-15
1474.  2.114708E-15
1475.  2.054086E-15
1476.  1.982996E-15
1477.  1.903385E-15
1478.  1.815373E-15
1479.  1.725321E-15
1480.  1.644551E-15
1481.  1.582793E-15
1482.  1.538985E-15
1483.  1.510462E-15
1484.  1.498882E-15
1485.  1.509543E-15
1486.  1.545191E-15
1487.  1.597552E-15
1488.  1.656967E-15
1489.  1.720251E-15
1490.  1.793043E-15
1491.  1.882892E-15
1492.  1.986124E-15
1493.  2.093023E-15
1494.  2.193119E-15
1495.  2.281835E-15
1496.  2.358878E-15
1497.  2.416869E-15
1498.  2.453130E-15
1499.  2.476643E-15
1500.  2.505606E-15
1501.  2.554360E-15
1502.  2.617369E-15
1503.  2.684316E-15
1504.  2.747890E-15
1505.  2.800112E-15
1506.  2.844257E-15
1507.  2.887357E-15
1508.  2.919171E-15
1509.  2.926437E-15
1510.  2.905975E-15
1511.  2.866340E-15
1512.  2.816196E-15
1513.  2.747289E-15
1514.  2.652030E-15
1515.  2.535099E-15
1516.  2.411057E-15
1517.  2.292885E-15
1518.  2.178152E-15
1519.  2.064200E-15
1520.  1.956822E-15
1521.  1.866326E-15
1522.  1.798644E-15
1523.  1.746060E-15
1524.  1.700527E-15
1525.  1.662365E-15
1526.  1.638815E-15
1527.  1.635217E-15
1528.  1.644655E-15
1529.  1.658470E-15
1530.  1.674168E-15
1531.  1.695857E-15
1532.  1.727400E-15
1533.  1.763106E-15
1534.  1.798144E-15
1535.  1.834536E-15
1536.  1.879644E-15
1537.  1.936977E-15
1538.  1.995287E-15
1539.  2.042433E-15
1540.  2.076778E-15
1541.  2.108414E-15
1542.  2.148668E-15
1543.  2.195945E-15
1544.  2.247334E-15
1545.  2.305728E-15
1546.  2.378098E-15
1547.  2.465194E-15
1548.  2.549710E-15
1549.  2.613395E-15
1550.  2.646150E-15
1551.  2.643766E-15
1552.  2.619406E-15
1553.  2.594316E-15
1554.  2.573060E-15
1555.  2.552298E-15
1556.  2.531934E-15
1557.  2.517107E-15
1558.  2.508764E-15
1559.  2.490273E-15
1560.  2.446177E-15
1561.  2.375839E-15
1562.  2.292197E-15
1563.  2.208706E-15
1564.  2.123352E-15
1565.  2.032033E-15
1566.  1.939077E-15
1567.  1.856823E-15
1568.  1.796735E-15
1569.  1.756848E-15
1570.  1.731775E-15
1571.  1.720136E-15
1572.  1.724721E-15
1573.  1.746340E-15
1574.  1.774935E-15
1575.  1.801148E-15
1576.  1.825103E-15
1577.  1.857268E-15
1578.  1.908541E-15
1579.  1.974630E-15
1580.  2.044763E-15
1581.  2.112909E-15
1582.  2.183090E-15
1583.  2.261287E-15
1584.  2.341037E-15
1585.  2.415752E-15
1586.  2.488146E-15
1587.  2.569812E-15
1588.  2.667974E-15
1589.  2.768786E-15
1590.  2.853353E-15
1591.  2.910643E-15
1592.  2.940362E-15
1593.  2.943190E-15
1594.  2.906502E-15
1595.  2.824022E-15
1596.  2.706495E-15
1597.  2.577174E-15
1598.  2.457553E-15
1599.  2.350013E-15
1600.  2.251361E-15
1601.  2.159713E-15
1602.  2.070282E-15
1603.  1.984704E-15
1604.  1.908001E-15
1605.  1.836165E-15
1606.  1.765040E-15
1607.  1.695524E-15
1608.  1.632296E-15
1609.  1.578344E-15
1610.  1.526470E-15
1611.  1.469874E-15
1612.  1.410162E-15
1613.  1.357115E-15
1614.  1.320425E-15
1615.  1.297931E-15
1616.  1.282165E-15
1617.  1.267355E-15
1618.  1.251380E-15
1619.  1.232493E-15
1620.  1.203863E-15
1621.  1.162879E-15
1622.  1.116429E-15
1623.  1.077949E-15
1624.  1.059354E-15
1625.  1.061961E-15
1626.  1.081793E-15
1627.  1.115454E-15
1628.  1.162638E-15
1629.  1.222951E-15
1630.  1.290107E-15
1631.  1.360065E-15
1632.  1.436159E-15
1633.  1.526245E-15
1634.  1.631585E-15
1635.  1.737838E-15
1636.  1.828844E-15
1637.  1.897482E-15
1638.  1.948191E-15
1639.  1.989050E-15
1640.  2.019840E-15
1641.  2.042142E-15
1642.  2.064309E-15
1643.  2.099164E-15
1644.  2.154808E-15
1645.  2.223740E-15
1646.  2.297824E-15
1647.  2.374770E-15
1648.  2.451051E-15
1649.  2.527499E-15
1650.  2.602632E-15
1651.  2.658701E-15
1652.  2.678528E-15
1653.  2.658356E-15
1654.  2.608674E-15
1655.  2.542067E-15
1656.  2.455923E-15
1657.  2.347000E-15
1658.  2.220851E-15
1659.  2.089227E-15
1660.  1.962293E-15
1661.  1.839607E-15
1662.  1.722506E-15
1663.  1.617464E-15
1664.  1.530193E-15
1665.  1.459413E-15
1666.  1.392671E-15
1667.  1.321408E-15
1668.  1.249097E-15
1669.  1.186457E-15
1670.  1.141943E-15
1671.  1.113789E-15
1672.  1.097098E-15
1673.  1.087792E-15
1674.  1.083031E-15
1675.  1.081395E-15
1676.  1.081128E-15
1677.  1.085450E-15
1678.  1.102436E-15
1679.  1.141937E-15
1680.  1.209398E-15
1681.  1.297153E-15
1682.  1.389813E-15
1683.  1.472563E-15
1684.  1.538759E-15
1685.  1.587262E-15
1686.  1.612747E-15
1687.  1.613614E-15
1688.  1.597339E-15
1689.  1.578555E-15
1690.  1.569955E-15
1691.  1.571308E-15
1692.  1.578754E-15
1693.  1.591944E-15
1694.  1.614549E-15
1695.  1.647531E-15
1696.  1.679984E-15
1697.  1.700046E-15
1698.  1.701127E-15
1699.  1.679208E-15
1700.  1.638201E-15
1701.  1.584843E-15
1702.  1.517015E-15
1703.  1.432315E-15
1704.  1.334954E-15
1705.  1.235115E-15
1706.  1.143355E-15
1707.  1.062262E-15
1708.  9.911730E-16
1709.  9.278046E-16
1710.  8.681334E-16
1711.  8.083646E-16
1712.  7.442542E-16
1713.  6.757783E-16
1714.  6.083227E-16
1715.  5.504273E-16
1716.  5.097533E-16
1717.  4.870544E-16
1718.  4.775262E-16
1719.  4.745594E-16
1720.  4.727124E-16
1721.  4.677750E-16
1722.  4.550247E-16
1723.  4.328350E-16
1724.  4.044911E-16
1725.  3.758472E-16
1726.  3.509764E-16
1727.  3.290796E-16
1728.  3.079329E-16
1729.  2.875484E-16
1730.  2.716561E-16
1731.  2.661948E-16
1732.  2.753893E-16
1733.  3.009218E-16
1734.  3.418883E-16
1735.  3.948532E-16
1736.  4.526802E-16
1737.  5.037769E-16
1738.  5.377973E-16
1739.  5.505017E-16
1740.  5.446581E-16
1741.  5.266010E-16
1742.  5.019292E-16
1743.  4.772486E-16
1744.  4.580860E-16
1745.  4.444938E-16
1746.  4.342186E-16
1747.  4.258770E-16
1748.  4.178466E-16
1749.  4.097545E-16
1750.  4.034002E-16
1751.  4.020768E-16
1752.  4.072093E-16
1753.  4.140136E-16
1754.  4.147396E-16
1755.  4.042443E-16
1756.  3.831530E-16
1757.  3.566946E-16
1758.  3.310622E-16
1759.  3.132946E-16
1760.  3.099568E-16
1761.  3.244429E-16
1762.  3.546100E-16
1763.  3.919459E-16
1764.  4.261410E-16
1765.  4.504746E-16
1766.  4.651914E-16
1767.  4.751658E-16
1768.  4.846030E-16
1769.  4.976854E-16
1770.  5.194512E-16
1771.  5.556313E-16
1772.  6.099090E-16
1773.  6.789205E-16
1774.  7.537616E-16
1775.  8.240421E-16
1776.  8.831793E-16
1777.  9.280581E-16
1778.  9.542637E-16
1779.  9.603918E-16
1780.  9.498815E-16
1781.  9.290806E-16
1782.  9.021670E-16
1783.  8.658498E-16
1784.  8.164777E-16
1785.  7.549867E-16
1786.  6.859908E-16
1787.  6.139751E-16
1788.  5.391582E-16
1789.  4.620292E-16
1790.  3.859847E-16
1791.  3.158652E-16
1792.  2.562185E-16
1793.  2.092505E-16
1794.  1.750728E-16
1795.  1.509021E-16
1796.  1.316513E-16
1797.  1.140401E-16
1798.  9.815222E-17
1799.  8.543942E-17
1800.  7.729735E-17
1801.  7.389828E-17
1802.  7.319029E-17
1803.  7.081128E-17
1804.  6.182243E-17
1805.  4.498001E-17
1806.  2.535809E-17
1807.  1.265233E-17
1808.  1.689510E-17
1809.  4.322521E-17
1810.  8.843654E-17
1811.  1.423282E-16
1812.  1.926750E-16
1813.  2.292141E-16
1814.  2.466187E-16
1815.  2.492706E-16
1816.  2.515510E-16
1817.  2.683862E-16
1818.  3.023103E-16
1819.  3.414894E-16
1820.  3.711550E-16
1821.  3.823992E-16
1822.  3.735658E-16
1823.  3.476094E-16
1824.  3.092610E-16
1825.  2.658618E-16
1826.  2.254257E-16
1827.  1.936173E-16
1828.  1.733871E-16
1829.  1.653076E-16
1830.  1.688431E-16
1831.  1.828247E-16
1832.  2.058862E-16
1833.  2.361430E-16
1834.  2.697489E-16
1835.  3.018845E-16
1836.  3.287111E-16
1837.  3.492266E-16
1838.  3.641812E-16
1839.  3.731455E-16
1840.  3.754462E-16
1841.  3.704346E-16
1842.  3.573167E-16
1843.  3.376800E-16
1844.  3.147912E-16
1845.  2.903496E-16
1846.  2.656827E-16
1847.  2.430330E-16
1848.  2.250884E-16
1849.  2.136781E-16
1850.  2.085434E-16
1851.  2.090712E-16
1852.  2.151729E-16
1853.  2.265557E-16
1854.  2.415154E-16
1855.  2.567048E-16
1856.  2.699358E-16
1857.  2.818031E-16
1858.  2.955736E-16
1859.  3.150341E-16
1860.  3.412344E-16
1861.  3.724516E-16
1862.  4.047269E-16
1863.  4.338592E-16
1864.  4.564358E-16
1865.  4.688028E-16
1866.  4.699513E-16
1867.  4.630851E-16
1868.  4.545865E-16
1869.  4.499644E-16
1870.  4.491381E-16
1871.  4.500901E-16
1872.  4.539375E-16
1873.  4.635803E-16
1874.  4.749281E-16
1875.  4.745487E-16
1876.  4.561272E-16
1877.  4.307740E-16
1878.  4.146774E-16
1879.  4.119368E-16
1880.  4.138740E-16
1881.  4.123757E-16
1882.  4.063704E-16
1883.  3.998453E-16
1884.  3.971532E-16
1885.  3.988801E-16
1886.  4.034875E-16
1887.  4.085707E-16
1888.  4.113564E-16
1889.  4.119850E-16
1890.  4.128566E-16
1891.  4.146424E-16
1892.  4.169585E-16
1893.  4.192492E-16
1894.  4.214393E-16
1895.  4.238970E-16
1896.  4.255273E-16
1897.  4.250065E-16
1898.  4.218526E-16
1899.  4.177205E-16
1900.  4.153580E-16
1901.  4.142728E-16
1902.  4.116411E-16
1903.  4.057327E-16
1904.  3.983195E-16
1905.  3.926593E-16
1906.  3.891367E-16
1907.  3.867525E-16
1908.  3.850524E-16
1909.  3.842377E-16
1910.  3.836976E-16
1911.  3.809623E-16
1912.  3.755879E-16
1913.  3.701448E-16
1914.  3.674791E-16
1915.  3.680631E-16
1916.  3.694035E-16
1917.  3.695030E-16
1918.  3.678928E-16
1919.  3.652108E-16
1920.  3.625708E-16
1921.  3.601468E-16
1922.  3.585904E-16
1923.  3.589215E-16
1924.  3.612611E-16
1925.  3.638902E-16
1926.  3.641651E-16
1927.  3.627302E-16
1928.  3.621274E-16
1929.  3.628190E-16
1930.  3.633633E-16
1931.  3.628762E-16
1932.  3.628609E-16
1933.  3.642753E-16
1934.  3.663621E-16
1935.  3.682614E-16
1936.  3.693166E-16
1937.  3.707232E-16
1938.  3.739836E-16
1939.  3.778608E-16
1940.  3.818143E-16
1941.  3.904950E-16
1942.  4.096285E-16
1943.  4.365089E-16
1944.  4.580918E-16
1945.  4.665265E-16
1946.  4.695577E-16
1947.  4.776300E-16
1948.  4.915890E-16
1949.  5.064718E-16
1950.  5.215014E-16
1951.  5.384776E-16
1952.  5.536186E-16
1953.  5.624270E-16
1954.  5.674377E-16
1955.  5.756506E-16
1956.  5.880967E-16
1957.  5.971886E-16
1958.  5.995055E-16
1959.  6.015946E-16
1960.  6.129278E-16
1961.  6.351384E-16
1962.  6.567465E-16
1963.  6.649084E-16
1964.  6.614479E-16
1965.  6.629913E-16
1966.  6.790288E-16
1967.  6.983326E-16
1968.  7.109745E-16
1969.  7.262503E-16
1970.  7.563204E-16
1971.  7.927467E-16
1972.  8.136835E-16
1973.  8.127775E-16
1974.  8.033418E-16
1975.  8.011461E-16
1976.  8.106077E-16
1977.  8.227082E-16
1978.  8.290482E-16
1979.  8.324311E-16
1980.  8.421845E-16
1981.  8.589309E-16
1982.  8.701248E-16
1983.  8.689264E-16
1984.  8.626944E-16
1985.  8.618579E-16
1986.  8.685202E-16
1987.  8.772947E-16
1988.  8.857605E-16
1989.  8.922933E-16
1990.  8.925504E-16
1991.  8.927624E-16
1992.  9.114606E-16
1993.  9.558342E-16
1994.  1.010138E-15
1995.  1.052617E-15
1996.  1.079953E-15
1997.  1.104398E-15
1998.  1.132535E-15
1999.  1.164465E-15
2000.  1.201284E-15
2001.  1.247903E-15
2002.  1.307035E-15
2003.  1.371836E-15
2004.  1.435731E-15
2005.  1.500030E-15
2006.  1.574795E-15
2007.  1.670806E-15
2008.  1.787825E-15
2009.  1.921648E-15
2010.  2.070006E-15
2011.  2.234263E-15
2012.  2.410357E-15
2013.  2.575183E-15
2014.  2.701548E-15
2015.  2.772869E-15
2016.  2.790590E-15
2017.  2.765020E-15
2018.  2.696073E-15
2019.  2.586947E-15
2020.  2.453819E-15
2021.  2.321767E-15
2022.  2.209690E-15
2023.  2.110990E-15
2024.  2.004053E-15
2025.  1.866197E-15
2026.  1.692699E-15
2027.  1.512514E-15
2028.  1.366442E-15
2029.  1.272677E-15
2030.  1.215243E-15
2031.  1.172235E-15
2032.  1.137744E-15
2033.  1.108689E-15
2034.  1.078238E-15
2035.  1.040890E-15
2036.  9.964729E-16
2037.  9.526568E-16
2038.  9.178066E-16
2039.  8.921005E-16
2040.  8.724205E-16
2041.  8.568610E-16
2042.  8.455606E-16
2043.  8.386677E-16
2044.  8.326186E-16
2045.  8.249802E-16
2046.  8.165502E-16
2047.  8.101060E-16
2048.  8.069663E-16
2049.  8.036067E-16
2050.  7.979950E-16
2051.  7.916226E-16
2052.  7.860226E-16
2053.  7.802763E-16
2054.  7.721946E-16
2055.  7.642118E-16
2056.  7.591331E-16
2057.  7.552274E-16
2058.  7.488225E-16
2059.  7.373136E-16
2060.  7.236343E-16
2061.  7.138839E-16
2062.  7.114548E-16
2063.  7.128369E-16
2064.  7.095864E-16
2065.  6.993888E-16
2066.  6.870255E-16
2067.  6.774943E-16
2068.  6.723938E-16
2069.  6.702450E-16
2070.  6.709107E-16
2071.  6.745215E-16
2072.  6.807156E-16
2073.  6.893328E-16
2074.  6.980836E-16
2075.  7.047776E-16
2076.  7.093135E-16
2077.  7.154562E-16
2078.  7.282297E-16
2079.  7.470207E-16
2080.  7.678061E-16
2081.  7.864557E-16
2082.  8.000846E-16
2083.  8.118689E-16
2084.  8.282066E-16
2085.  8.492223E-16
2086.  8.698299E-16
2087.  8.856498E-16
2088.  8.984085E-16
2089.  9.137156E-16
2090.  9.330890E-16
2091.  9.553649E-16
2092.  9.781377E-16
2093.  9.999991E-16
2094.  1.020967E-15
2095.  1.038425E-15
2096.  1.051390E-15
2097.  1.062584E-15
2098.  1.077798E-15
2099.  1.102531E-15
2100.  1.137419E-15
2101.  1.182499E-15
2102.  1.235128E-15
2103.  1.288265E-15
2104.  1.333091E-15
2105.  1.361550E-15
2106.  1.377838E-15
2107.  1.397952E-15
2108.  1.435226E-15
2109.  1.486028E-15
2110.  1.534897E-15
2111.  1.581257E-15
2112.  1.639642E-15
2113.  1.719707E-15
2114.  1.814079E-15
2115.  1.900217E-15
2116.  1.961340E-15
2117.  1.996983E-15
2118.  2.022977E-15
2119.  2.059628E-15
2120.  2.112599E-15
2121.  2.176817E-15
2122.  2.244716E-15
2123.  2.315578E-15
2124.  2.391499E-15
2125.  2.459795E-15
2126.  2.502895E-15
2127.  2.511081E-15
2128.  2.487598E-15
2129.  2.439006E-15
2130.  2.359578E-15
2131.  2.246795E-15
2132.  2.109264E-15
2133.  1.959693E-15
2134.  1.817910E-15
2135.  1.701834E-15
2136.  1.612205E-15
2137.  1.542644E-15
2138.  1.489278E-15
2139.  1.451889E-15
2140.  1.428947E-15
2141.  1.409489E-15
2142.  1.381968E-15
2143.  1.341518E-15
2144.  1.291613E-15
2145.  1.238885E-15
2146.  1.183662E-15
2147.  1.125584E-15
2148.  1.067394E-15
2149.  1.013897E-15
2150.  9.690696E-16
2151.  9.315345E-16
2152.  8.997247E-16
2153.  8.740578E-16
2154.  8.558519E-16
2155.  8.443380E-16
2156.  8.327885E-16
2157.  8.148694E-16
2158.  7.892608E-16
2159.  7.598024E-16
2160.  7.316761E-16
2161.  7.059103E-16
2162.  6.829968E-16
2163.  6.649921E-16
2164.  6.542635E-16
2165.  6.504900E-16
2166.  6.482607E-16
2167.  6.432679E-16
2168.  6.349925E-16
2169.  6.235718E-16
2170.  6.061126E-16
2171.  5.770381E-16
2172.  5.363640E-16
2173.  4.921581E-16
2174.  4.561771E-16
2175.  4.369338E-16
2176.  4.338175E-16
2177.  4.398846E-16
2178.  4.460097E-16
2179.  4.443308E-16
2180.  4.335642E-16
2181.  4.185973E-16
2182.  4.057361E-16
2183.  4.020679E-16
2184.  4.137424E-16
2185.  4.428806E-16
2186.  4.844134E-16
2187.  5.255457E-16
2188.  5.533966E-16
2189.  5.612361E-16
2190.  5.501824E-16
2191.  5.265159E-16
2192.  4.972805E-16
2193.  4.706495E-16
2194.  4.527073E-16
2195.  4.438977E-16
2196.  4.400240E-16
2197.  4.346318E-16
2198.  4.240187E-16
2199.  4.092513E-16
2200.  3.955701E-16
2201.  3.892665E-16
2202.  3.921787E-16
2203.  4.013061E-16
2204.  4.118746E-16
2205.  4.212850E-16
2206.  4.287138E-16
2207.  4.310503E-16
2208.  4.242907E-16
2209.  4.062787E-16
2210.  3.795590E-16
2211.  3.525626E-16
2212.  3.352065E-16
2213.  3.337407E-16
2214.  3.477752E-16
2215.  3.731086E-16
2216.  4.049854E-16
2217.  4.379000E-16
2218.  4.681260E-16
2219.  4.957364E-16
2220.  5.242706E-16
2221.  5.556568E-16
2222.  5.847467E-16
2223.  6.043153E-16
2224.  6.113371E-16
2225.  6.089245E-16
2226.  6.028522E-16
2227.  5.965477E-16
2228.  5.936173E-16
2229.  5.978684E-16
2230.  6.099404E-16
2231.  6.288756E-16
2232.  6.517956E-16
2233.  6.716293E-16
2234.  6.820880E-16
2235.  6.814400E-16
2236.  6.729355E-16
2237.  6.609328E-16
2238.  6.450215E-16
2239.  6.234851E-16
2240.  5.974967E-16
2241.  5.723877E-16
2242.  5.554661E-16
2243.  5.519096E-16
2244.  5.663858E-16
2245.  6.026671E-16
2246.  6.605749E-16
2247.  7.319522E-16
2248.  8.001581E-16
2249.  8.502965E-16
2250.  8.770292E-16
2251.  8.865647E-16
2252.  8.907623E-16
2253.  8.973972E-16
2254.  9.109179E-16
2255.  9.330091E-16
2256.  9.629854E-16
2257.  9.972105E-16
2258.  1.026419E-15
2259.  1.042714E-15
2260.  1.044262E-15
2261.  1.035750E-15
2262.  1.023582E-15
2263.  1.008689E-15
2264.  9.914511E-16
2265.  9.743206E-16
2266.  9.603417E-16
2267.  9.497010E-16
2268.  9.364366E-16
2269.  9.171552E-16
2270.  8.959383E-16
2271.  8.805417E-16
2272.  8.739835E-16
2273.  8.699454E-16
2274.  8.628365E-16
2275.  8.531953E-16
2276.  8.442856E-16
2277.  8.407383E-16
2278.  8.429520E-16
2279.  8.436817E-16
2280.  8.390786E-16
2281.  8.343694E-16
2282.  8.386179E-16
2283.  8.560255E-16
2284.  8.811492E-16
2285.  9.074169E-16
2286.  9.342845E-16
2287.  9.672255E-16
2288.  1.008634E-15
2289.  1.051689E-15
2290.  1.097056E-15
2291.  1.161819E-15
2292.  1.259329E-15
2293.  1.373238E-15
2294.  1.468901E-15
2295.  1.537902E-15
2296.  1.605193E-15
2297.  1.699028E-15
2298.  1.823903E-15
2299.  1.954566E-15
2300.  2.060473E-15
2301.  2.126956E-15
2302.  2.160378E-15
2303.  2.171892E-15
2304.  2.156788E-15
2305.  2.106531E-15
2306.  2.020777E-15
2307.  1.909665E-15
2308.  1.786731E-15
2309.  1.657094E-15
2310.  1.527755E-15
2311.  1.412629E-15
2312.  1.327163E-15
2313.  1.279612E-15
2314.  1.262879E-15
2315.  1.264427E-15
2316.  1.275090E-15
2317.  1.291738E-15
2318.  1.313395E-15
2319.  1.334230E-15
2320.  1.351022E-15
2321.  1.366586E-15
2322.  1.386723E-15
2323.  1.412794E-15
2324.  1.435164E-15
2325.  1.445391E-15
2326.  1.444022E-15
2327.  1.438419E-15
2328.  1.444609E-15
2329.  1.478533E-15
2330.  1.541396E-15
2331.  1.624216E-15
2332.  1.714974E-15
2333.  1.803467E-15
2334.  1.878061E-15
2335.  1.918048E-15
2336.  1.907200E-15
2337.  1.843516E-15
2338.  1.739171E-15
2339.  1.611211E-15
2340.  1.468919E-15
2341.  1.322385E-15
2342.  1.186865E-15
2343.  1.077711E-15
2344.  1.003273E-15
2345.  9.582928E-16
2346.  9.314618E-16
2347.  9.122738E-16
2348.  8.937172E-16
2349.  8.714599E-16
2350.  8.406940E-16
2351.  8.020323E-16
2352.  7.635021E-16
2353.  7.363027E-16
2354.  7.284102E-16
2355.  7.394346E-16
2356.  7.654353E-16
2357.  8.028868E-16
2358.  8.499211E-16
2359.  9.035593E-16
2360.  9.554056E-16
2361.  9.981547E-16
2362.  1.031031E-15
2363.  1.060405E-15
2364.  1.093788E-15
2365.  1.131745E-15
2366.  1.173341E-15
2367.  1.220538E-15
2368.  1.278893E-15
2369.  1.352517E-15
2370.  1.436891E-15
2371.  1.526690E-15
2372.  1.618709E-15
2373.  1.708223E-15
2374.  1.794009E-15
2375.  1.873176E-15
2376.  1.930701E-15
2377.  1.951732E-15
2378.  1.931853E-15
2379.  1.879277E-15
2380.  1.807531E-15
2381.  1.722780E-15
2382.  1.630601E-15
2383.  1.538280E-15
2384.  1.452253E-15
2385.  1.374294E-15
2386.  1.296483E-15
2387.  1.212983E-15
2388.  1.128048E-15
2389.  1.054492E-15
2390.  1.004005E-15
2391.  9.744396E-16
2392.  9.558562E-16
2393.  9.414837E-16
2394.  9.318979E-16
2395.  9.295941E-16
2396.  9.312473E-16
2397.  9.334938E-16
2398.  9.374879E-16
2399.  9.480315E-16
2400.  9.684170E-16
2401.  9.947436E-16
2402.  1.021785E-15
2403.  1.046936E-15
2404.  1.071728E-15
2405.  1.101018E-15
2406.  1.137526E-15
2407.  1.181077E-15
2408.  1.227451E-15
2409.  1.278574E-15
2410.  1.350028E-15
2411.  1.452484E-15
2412.  1.575078E-15
2413.  1.694030E-15
2414.  1.802646E-15
2415.  1.913701E-15
2416.  2.028806E-15
2417.  2.135716E-15
2418.  2.225272E-15
2419.  2.302325E-15
2420.  2.372020E-15
2421.  2.420632E-15
2422.  2.433825E-15
2423.  2.409940E-15
2424.  2.354633E-15
2425.  2.283742E-15
2426.  2.213314E-15
2427.  2.143476E-15
2428.  2.071051E-15
2429.  1.998411E-15
2430.  1.931912E-15
2431.  1.873966E-15
2432.  1.813651E-15
2433.  1.741036E-15
2434.  1.656198E-15
2435.  1.567256E-15
2436.  1.482083E-15
2437.  1.398605E-15
2438.  1.314325E-15
2439.  1.232372E-15
2440.  1.159996E-15
2441.  1.103700E-15
2442.  1.062326E-15
2443.  1.032488E-15
2444.  1.012029E-15
2445.  1.000154E-15
2446.  9.947388E-16
2447.  9.881749E-16
2448.  9.752720E-16
2449.  9.591544E-16
2450.  9.503985E-16
2451.  9.584423E-16
2452.  9.814866E-16
2453.  1.012983E-15
2454.  1.050068E-15
2455.  1.096183E-15
2456.  1.155548E-15
2457.  1.224922E-15
2458.  1.299288E-15
2459.  1.377427E-15
2460.  1.464326E-15
2461.  1.565950E-15
2462.  1.679736E-15
2463.  1.801372E-15
2464.  1.929239E-15
2465.  2.064908E-15
2466.  2.204396E-15
2467.  2.326376E-15
2468.  2.407403E-15
2469.  2.432439E-15
2470.  2.394681E-15
2471.  2.305031E-15
2472.  2.184133E-15
2473.  2.044267E-15
2474.  1.898056E-15
2475.  1.762275E-15
2476.  1.652384E-15
2477.  1.575252E-15
2478.  1.522127E-15
2479.  1.481356E-15
2480.  1.446604E-15
2481.  1.417103E-15
2482.  1.393810E-15
2483.  1.374067E-15
2484.  1.359370E-15
2485.  1.355850E-15
2486.  1.369100E-15
2487.  1.397194E-15
2488.  1.424042E-15
2489.  1.430780E-15
2490.  1.406304E-15
2491.  1.352158E-15
2492.  1.278460E-15
2493.  1.192855E-15
2494.  1.104056E-15
2495.  1.023137E-15
2496.  9.593823E-16
2497.  9.154388E-16
2498.  8.833665E-16
2499.  8.529828E-16
2500.  8.186499E-16
2501.  7.814290E-16
2502.  7.469234E-16
2503.  7.188148E-16
2504.  6.995124E-16
2505.  6.908438E-16
2506.  6.940207E-16
2507.  7.080250E-16
2508.  7.268731E-16
2509.  7.449803E-16
2510.  7.614756E-16
2511.  7.814160E-16
2512.  8.125287E-16
2513.  8.588436E-16
2514.  9.219511E-16
2515.  1.001825E-15
2516.  1.097573E-15
2517.  1.204108E-15
2518.  1.306863E-15
2519.  1.390209E-15
2520.  1.443015E-15
2521.  1.458380E-15
2522.  1.438975E-15
2523.  1.392639E-15
2524.  1.322808E-15
2525.  1.236053E-15
2526.  1.144612E-15
2527.  1.060451E-15
2528.  9.893440E-16
2529.  9.280199E-16
2530.  8.738329E-16
2531.  8.294113E-16
2532.  8.002318E-16
2533.  7.888767E-16
2534.  7.889436E-16
2535.  7.898894E-16
2536.  7.827862E-16
2537.  7.646809E-16
2538.  7.380815E-16
2539.  7.047842E-16
2540.  6.670740E-16
2541.  6.283162E-16
2542.  5.911076E-16
2543.  5.546572E-16
2544.  5.132533E-16
2545.  4.638230E-16
2546.  4.115538E-16
2547.  3.677588E-16
2548.  3.430257E-16
2549.  3.403828E-16
2550.  3.550932E-16
2551.  3.776520E-16
2552.  3.988823E-16
2553.  4.132805E-16
2554.  4.192697E-16
2555.  4.207424E-16
2556.  4.244656E-16
2557.  4.355916E-16
2558.  4.538362E-16
2559.  4.719644E-16
2560.  4.821798E-16
2561.  4.817748E-16
2562.  4.742302E-16
2563.  4.659351E-16
2564.  4.614816E-16
2565.  4.645803E-16
2566.  4.773815E-16
2567.  4.985657E-16
2568.  5.271964E-16
2569.  5.643501E-16
2570.  6.092698E-16
2571.  6.589322E-16
2572.  7.088884E-16
2573.  7.553756E-16
2574.  7.944967E-16
2575.  8.195807E-16
2576.  8.275267E-16
2577.  8.231020E-16
2578.  8.176011E-16
2579.  8.214493E-16
2580.  8.363231E-16
2581.  8.599846E-16
2582.  8.912280E-16
2583.  9.313023E-16
2584.  9.804412E-16
2585.  1.032188E-15
2586.  1.078938E-15
2587.  1.116605E-15
2588.  1.145795E-15
2589.  1.167032E-15
2590.  1.174161E-15
2591.  1.163084E-15
2592.  1.138198E-15
2593.  1.110010E-15
2594.  1.085725E-15
2595.  1.060777E-15
2596.  1.027494E-15
2597.  9.824612E-16
2598.  9.277649E-16
2599.  8.677004E-16
2600.  8.034349E-16
2601.  7.373937E-16
2602.  6.738595E-16
2603.  6.159075E-16
2604.  5.638829E-16
2605.  5.147498E-16
2606.  4.676589E-16
2607.  4.260754E-16
2608.  3.948145E-16
2609.  3.756289E-16
2610.  3.637193E-16
2611.  3.509622E-16
2612.  3.309179E-16
2613.  3.022228E-16
2614.  2.675722E-16
2615.  2.299992E-16
2616.  1.936909E-16
2617.  1.646865E-16
2618.  1.486824E-16
2619.  1.489445E-16
2620.  1.642707E-16
2621.  1.877651E-16
2622.  2.084480E-16
2623.  2.144771E-16
2624.  1.983058E-16
2625.  1.616692E-16
2626.  1.155350E-16
2627.  7.495823E-17
2628.  5.150843E-17
2629.  4.876102E-17
2630.  6.277045E-17
2631.  8.562088E-17
2632.  1.099631E-16
2633.  1.323070E-16
2634.  1.539631E-16
2635.  1.777337E-16
2636.  2.032108E-16
2637.  2.268720E-16
2638.  2.451827E-16
2639.  2.578252E-16
2640.  2.681470E-16
2641.  2.804064E-16
2642.  2.981882E-16
2643.  3.229888E-16
2644.  3.536320E-16
2645.  3.854200E-16
2646.  4.097889E-16
2647.  4.194397E-16
2648.  4.133561E-16
2649.  3.976304E-16
2650.  3.801625E-16
2651.  3.642200E-16
2652.  3.497137E-16
2653.  3.357651E-16
2654.  3.219760E-16
2655.  3.084014E-16
2656.  2.945669E-16
2657.  2.816695E-16
2658.  2.731892E-16
2659.  2.733479E-16
2660.  2.846061E-16
2661.  3.053292E-16
2662.  3.316657E-16
2663.  3.595804E-16
2664.  3.861355E-16
2665.  4.121799E-16
2666.  4.406160E-16
2667.  4.713223E-16
2668.  5.014056E-16
2669.  5.270128E-16
2670.  5.458634E-16
2671.  5.582020E-16
2672.  5.647881E-16
2673.  5.680650E-16
2674.  5.713453E-16
2675.  5.770811E-16
2676.  5.844775E-16
2677.  5.877831E-16
2678.  5.819170E-16
2679.  5.658903E-16
2680.  5.423712E-16
2681.  5.145183E-16
2682.  4.825468E-16
2683.  4.479656E-16
2684.  4.163252E-16
2685.  3.947711E-16
2686.  3.871729E-16
2687.  3.915546E-16
2688.  4.050182E-16
2689.  4.272897E-16
2690.  4.605850E-16
2691.  5.067713E-16
2692.  5.640510E-16
2693.  6.293709E-16
2694.  7.006929E-16
2695.  7.779256E-16
2696.  8.592707E-16
2697.  9.364172E-16
2698.  1.001101E-15
2699.  1.051288E-15
2700.  1.092529E-15
2701.  1.131699E-15
2702.  1.168069E-15
2703.  1.198385E-15
2704.  1.221487E-15
2705.  1.238881E-15
2706.  1.249200E-15
2707.  1.241407E-15
2708.  1.206078E-15
2709.  1.142804E-15
2710.  1.051118E-15
2711.  9.161848E-16
2712.  7.222972E-16
2713.  5.006498E-16
2714.  3.285846E-16
2715.  2.598391E-16
2716.  2.817191E-16
2717.  3.453705E-16
2718.  4.103722E-16
2719.  4.565760E-16
2720.  4.755112E-16
2721.  4.648118E-16
2722.  4.256525E-16
2723.  3.603994E-16
2724.  2.755882E-16
2725.  1.818960E-16
2726.  9.014204E-17
2727.  9.156135E-18
2728.  -5.460691E-17
2729.  -9.700430E-17
2730.  -1.175370E-16
2731.  -1.207532E-16
2732.  -1.143923E-16
2733.  -1.044177E-16
2734.  -9.115976E-17
2735.  -7.019287E-17
2736.  -3.820720E-17
2737.  2.311157E-18
2738.  4.354243E-17
2739.  7.551374E-17
2740.  9.065056E-17
2741.  8.760919E-17
2742.  7.144962E-17
2743.  5.124558E-17
2744.  3.741993E-17
2745.  3.853402E-17
2746.  5.862908E-17
2747.  9.585410E-17
2748.  1.421666E-16
2749.  1.851479E-16
2750.  2.125705E-16
2751.  2.181587E-16
2752.  2.033598E-16
2753.  1.752153E-16
2754.  1.443544E-16
2755.  1.208096E-16
2756.  1.097124E-16
2757.  1.099723E-16
2758.  1.164111E-16
2759.  1.252133E-16
2760.  1.370847E-16
2761.  1.554180E-16
2762.  1.814916E-16
2763.  2.079280E-16
2764.  2.185694E-16
2765.  2.014681E-16
2766.  1.605261E-16
2767.  1.128225E-16
2768.  7.727145E-17
2769.  6.398271E-17
2770.  6.926861E-17
2771.  7.712085E-17
2772.  6.707563E-17
2773.  2.658692E-17
2774.  -3.939215E-17
2775.  -1.114940E-16
2776.  -1.700732E-16
2777.  -2.055389E-16
2778.  -2.173395E-16
2779.  -2.092252E-16
2780.  -1.882943E-16
2781.  -1.638160E-16
2782.  -1.442483E-16
2783.  -1.344199E-16
2784.  -1.341133E-16
2785.  -1.397588E-16
2786.  -1.470449E-16
2787.  -1.527195E-16
2788.  -1.542524E-16
2789.  -1.485706E-16
2790.  -1.332425E-16
2791.  -1.083167E-16
2792.  -7.795571E-17
2793.  -5.068460E-17
2794.  -3.611347E-17
2795.  -4.033304E-17
2796.  -6.236680E-17
2797.  -9.368333E-17
2798.  -1.215082E-16
2799.  -1.344173E-16
2800.  -1.280429E-16
2801.  -1.073446E-16
2802.  -8.344452E-17
2803.  -6.655696E-17
2804.  -6.061625E-17
2805.  -6.312864E-17
2806.  -6.790514E-17
2807.  -6.903776E-17
2808.  -6.379280E-17
2809.  -5.305034E-17
2810.  -4.054200E-17
2811.  -3.024460E-17
2812.  -2.323559E-17
2813.  -1.655597E-17
2814.  -4.682937E-18
2815.  1.621580E-17
2816.  4.404230E-17
2817.  7.126933E-17
2818.  8.973564E-17
2819.  9.521127E-17
2820.  8.953433E-17
2821.  7.966980E-17
2822.  7.318433E-17
2823.  7.363853E-17
2824.  7.871664E-17
2825.  8.241864E-17
2826.  8.081459E-17
2827.  7.538790E-17
2828.  7.160476E-17
2829.  7.563319E-17
2830.  9.171227E-17
2831.  1.213456E-16
2832.  1.635117E-16
2833.  2.154445E-16
2834.  2.721049E-16
2835.  3.251357E-16
2836.  3.652661E-16
2837.  3.855322E-16
2838.  3.840129E-16
2839.  3.638562E-16
2840.  3.316634E-16
2841.  2.981880E-16
2842.  2.732200E-16
2843.  2.581980E-16
2844.  2.474756E-16
2845.  2.365542E-16
2846.  2.283428E-16
2847.  2.303308E-16
2848.  2.479639E-16
2849.  2.790160E-16
2850.  3.119757E-16
2851.  3.322861E-16
2852.  3.307043E-16
2853.  3.095132E-16
2854.  2.808173E-16
2855.  2.563950E-16
2856.  2.412593E-16
2857.  2.330937E-16
2858.  2.258884E-16
2859.  2.175342E-16
2860.  2.127487E-16
2861.  2.166488E-16
2862.  2.281153E-16
2863.  2.395294E-16
2864.  2.419787E-16
2865.  2.299571E-16
2866.  2.032143E-16
2867.  1.678123E-16
2868.  1.332092E-16
2869.  1.071682E-16
2870.  9.226139E-17
2871.  8.584745E-17
2872.  8.380678E-17
2873.  8.282788E-17
2874.  7.981798E-17
2875.  7.167810E-17
2876.  5.722250E-17
2877.  3.932431E-17
2878.  2.345570E-17
2879.  1.414124E-17
2880.  1.252287E-17
2881.  1.589013E-17
2882.  1.942539E-17
2883.  1.904261E-17
2884.  1.374169E-17
2885.  5.817822E-18
2886.  -2.067117E-18
2887.  -9.794067E-18
2888.  -1.831015E-17
2889.  -2.602864E-17
2890.  -2.939145E-17
2891.  -2.734349E-17
2892.  -2.332941E-17
2893.  -2.241738E-17
2894.  -2.741889E-17
2895.  -3.694082E-17
2896.  -4.622060E-17
2897.  -5.045203E-17
2898.  -4.737485E-17
2899.  -3.727938E-17
2900.  -2.170070E-17
2901.  -2.646735E-18
2902.  1.673633E-17
2903.  3.140893E-17
2904.  3.570417E-17
2905.  2.697475E-17
2906.  8.506325E-18
2907.  -1.186079E-17
2908.  -2.643498E-17
2909.  -3.145593E-17
2910.  -2.781602E-17
2911.  -1.863353E-17
2912.  -6.303375E-18
2913.  7.007317E-18
2914.  1.746963E-17
2915.  2.192533E-17
2916.  2.256899E-17
2917.  2.508703E-17
2918.  3.040071E-17
2919.  3.277525E-17
2920.  2.863425E-17
2921.  2.209655E-17
2922.  1.905644E-17
2923.  2.039761E-17
2924.  2.287581E-17
2925.  2.362688E-17
2926.  2.250807E-17
2927.  2.142797E-17
2928.  2.203502E-17
2929.  2.390013E-17
2930.  2.549739E-17
2931.  2.621073E-17
2932.  2.619925E-17
2933.  2.522394E-17
2934.  2.289915E-17
2935.  2.001968E-17
2936.  1.848079E-17
2937.  1.954212E-17
2938.  2.266427E-17
2939.  2.592480E-17
2940.  2.814017E-17
2941.  3.099374E-17
2942.  3.726762E-17
2943.  4.568557E-17
2944.  5.015836E-17
2945.  4.668757E-17
2946.  3.708539E-17
2947.  2.284133E-17
2948.  1.312711E-18
2949.  -2.672489E-17
2950.  -5.048885E-17
2951.  -5.674464E-17
2952.  -4.250674E-17
2953.  -1.781739E-17
2954.  1.507872E-18
2955.  2.692000E-18
2956.  -1.849173E-17
2957.  -5.669710E-17
2958.  -9.970884E-17
2959.  -1.338976E-16
2960.  -1.506321E-16
2961.  -1.493971E-16
2962.  -1.350926E-16
2963.  -1.135429E-16
2964.  -8.995510E-17
2965.  -6.866961E-17
2966.  -5.327367E-17
2967.  -4.613683E-17
2968.  -4.639758E-17
2969.  -4.909851E-17
2970.  -4.697760E-17
2971.  -3.395436E-17
2972.  -8.678161E-18
2973.  2.338492E-17
2974.  5.060370E-17
2975.  5.982271E-17
2976.  4.422251E-17
2977.  8.624734E-18
2978.  -3.330826E-17
2979.  -6.669046E-17
2980.  -8.194431E-17
2981.  -7.784781E-17
2982.  -6.007728E-17
2983.  -3.713522E-17
2984.  -1.680671E-17
2985.  -2.814233E-18
2986.  6.982509E-18
2987.  1.850946E-17
2988.  3.543204E-17
2989.  5.243432E-17
2990.  5.753121E-17
2991.  4.601947E-17
2992.  2.785809E-17
2993.  1.620613E-17
2994.  1.417487E-17
2995.  1.645246E-17
2996.  1.833321E-17
2997.  1.924054E-17
2998.  2.049626E-17
2999.  2.258940E-17
3000.  2.423390E-17
3001.  2.398536E-17
3002.  2.253893E-17
3003.  2.191433E-17
3004.  2.250688E-17
3005.  2.270126E-17
3006.  2.123506E-17
3007.  1.867626E-17
3008.  1.661461E-17
3009.  1.616557E-17
3010.  1.723435E-17
3011.  1.866970E-17
3012.  1.921716E-17
3013.  1.844623E-17
3014.  1.700720E-17
3015.  1.621445E-17
3016.  1.679887E-17
3017.  1.815929E-17
3018.  1.924088E-17
3019.  1.965284E-17
3020.  1.954014E-17
3021.  1.882407E-17
3022.  1.742197E-17
3023.  1.585246E-17
3024.  1.469504E-17
3025.  1.372982E-17
3026.  1.242676E-17
3027.  1.121102E-17
3028.  1.108919E-17
3029.  1.185696E-17
3030.  1.209910E-17
3031.  1.125534E-17
3032.  1.037495E-17
3033.  1.040171E-17
3034.  1.101108E-17
3035.  1.169359E-17
3036.  1.266825E-17
3037.  1.401174E-17
3038.  1.484430E-17
3039.  1.429581E-17
3040.  1.283381E-17
3041.  1.181430E-17
3042.  1.212850E-17
3043.  1.363937E-17
3044.  1.545669E-17
3045.  1.656288E-17
3046.  1.636572E-17
3047.  1.501683E-17
3048.  1.331118E-17
3049.  1.207772E-17
3050.  1.159754E-17
3051.  1.156378E-17
3052.  1.157572E-17
3053.  1.154426E-17
3054.  1.155629E-17
3055.  1.159992E-17
3056.  1.159326E-17
3057.  1.152431E-17
3058.  1.152812E-17
3059.  1.166237E-17
3060.  1.146283E-17
3061.  1.019249E-17
3062.  7.975005E-18
3063.  6.237044E-18
3064.  6.214428E-18
3065.  7.440920E-18
3066.  8.649570E-18
3067.  9.573943E-18
3068.  1.084840E-17
3069.  1.255737E-17
3070.  1.383970E-17
3071.  1.385817E-17
3072.  1.259141E-17
3073.  1.081920E-17
3074.  9.489534E-18
3075.  8.955888E-18
3076.  8.910302E-18
3077.  8.937209E-18
3078.  8.917910E-18
3079.  8.920245E-18
3080.  8.947508E-18
3081.  8.950810E-18
3082.  8.918268E-18
3083.  8.901588E-18
3084.  8.944286E-18
3085.  8.965292E-18
3086.  8.885085E-18
3087.  8.927619E-18
3088.  9.611631E-18
3089.  1.100207E-17
3090.  1.213208E-17
3091.  1.194225E-17
3092.  1.064858E-17
3093.  9.401176E-18
3094.  8.809432E-18
3095.  8.684003E-18
3096.  8.732776E-18
3097.  7.597696E-18
3098.  1.767501E-18
3099.  -9.791701E-18
3100.  -1.787577E-17
3101.  -7.184895E-18
3102.  2.567802E-17
3103.  6.539169E-17
3104.  9.485409E-17
3105.  1.103420E-16
3106.  1.162728E-16
3107.  1.152670E-16
3108.  1.077543E-16
3109.  9.643462E-17
3110.  8.700560E-17
3111.  8.485031E-17
3112.  9.155911E-17
3113.  1.029312E-16
3114.  1.112835E-16
3115.  1.107287E-16
3116.  1.018940E-16
3117.  9.331942E-17
3118.  9.317112E-17
3119.  9.765936E-17
3120.  9.364315E-17
3121.  7.444647E-17
3122.  4.703736E-17
3123.  2.167038E-17
3124.  1.896923E-18
3125.  -1.343911E-17
3126.  -2.465010E-17
3127.  -2.981572E-17
3128.  -2.662769E-17
3129.  -1.485375E-17
3130.  2.464762E-18
3131.  1.981705E-17
3132.  3.115849E-17
3133.  3.245618E-17
3134.  2.355051E-17
3135.  7.669120E-18
3136.  -1.001353E-17
3137.  -2.275649E-17
3138.  -2.363099E-17
3139.  -1.047057E-17
3140.  9.637806E-18
3141.  2.408949E-17
3142.  2.469614E-17
3143.  1.263983E-17
3144.  -5.045730E-18
3145.  -2.086527E-17
3146.  -2.984911E-17
3147.  -3.079580E-17
3148.  -2.625458E-17
3149.  -2.046670E-17
3150.  -1.555882E-17
3151.  -9.372158E-18
3152.  2.363072E-18
3153.  2.142676E-17
3154.  4.390037E-17
3155.  6.199828E-17
3156.  7.148575E-17
3157.  7.667051E-17
3158.  8.465000E-17
3159.  9.564471E-17
3160.  1.039587E-16
3161.  1.063563E-16
3162.  1.051071E-16
3163.  1.052755E-16
3164.  1.110731E-16
3165.  1.243203E-16
3166.  1.451034E-16
3167.  1.732424E-16
3168.  2.089434E-16
3169.  2.509805E-16
3170.  2.963353E-16
3171.  3.413761E-16
3172.  3.824891E-16
3173.  4.181742E-16
3174.  4.487087E-16
3175.  4.736394E-16
3176.  4.891363E-16
3177.  4.892226E-16
3178.  4.719184E-16
3179.  4.372934E-16
3180.  3.830010E-16
3181.  3.085103E-16
3182.  2.225509E-16
3183.  1.441183E-16
3184.  9.177917E-17
3185.  7.199826E-17
3186.  7.585915E-17
3187.  8.458267E-17
3188.  8.071955E-17
3189.  5.695655E-17
3190.  1.833809E-17
3191.  -2.204423E-17
3192.  -5.145062E-17
3193.  -6.378480E-17
3194.  -6.061507E-17
3195.  -4.807923E-17
3196.  -3.187022E-17
3197.  -1.448898E-17
3198.  2.666327E-18
3199.  1.659576E-17
3200.  2.444419E-17
3201.  2.660229E-17
3202.  2.597689E-17
3203.  2.532328E-17
3204.  2.671198E-17
3205.  3.170962E-17
3206.  3.949703E-17
3207.  4.516245E-17
3208.  4.348079E-17
3209.  3.569708E-17
3210.  2.879560E-17
3211.  2.742302E-17
3212.  2.998432E-17
3213.  3.243491E-17
3214.  3.281845E-17
3215.  3.191388E-17
3216.  3.147647E-17
3217.  3.212753E-17
3218.  3.271991E-17
3219.  3.207842E-17
3220.  3.049240E-17
3221.  2.911327E-17
3222.  2.863595E-17
3223.  2.900932E-17
3224.  3.004596E-17
3225.  3.153533E-17
3226.  3.305593E-17
3227.  3.413674E-17
3228.  3.456414E-17
3229.  3.454914E-17
3230.  3.440730E-17
3231.  3.434245E-17
3232.  3.443343E-17
3233.  3.454368E-17
3234.  3.451985E-17
3235.  3.439365E-17
3236.  3.449222E-17
3237.  3.517481E-17
3238.  3.627453E-17
3239.  3.720968E-17
3240.  3.754943E-17
3241.  3.747832E-17
3242.  3.766717E-17
3243.  3.857056E-17
3244.  3.988565E-17
3245.  4.058449E-17
3246.  4.009992E-17
3247.  3.941077E-17
3248.  3.977398E-17
3249.  4.091557E-17
3250.  4.193847E-17
3251.  4.288494E-17
3252.  4.352802E-17
3253.  4.123600E-17
3254.  3.318951E-17
3255.  2.175278E-17
3256.  1.428184E-17
3257.  1.658765E-17
3258.  2.835003E-17
3259.  4.411528E-17
3260.  5.749879E-17
3261.  6.580181E-17
3262.  7.177580E-17
3263.  8.069059E-17
3264.  9.619492E-17
3265.  1.187584E-16
3266.  1.460740E-16
3267.  1.746791E-16
3268.  1.998663E-16
3269.  2.135635E-16
3270.  2.065322E-16
3271.  1.758616E-16
3272.  1.307410E-16
3273.  8.767025E-17
3274.  5.906756E-17
3275.  4.681328E-17
3276.  4.236594E-17
3277.  3.303241E-17
3278.  1.129871E-17
3279.  -2.034801E-17
3280.  -5.114589E-17
3281.  -6.873180E-17
3282.  -6.728149E-17
3283.  -5.003882E-17
3284.  -2.498905E-17
3285.  -1.436208E-19
3286.  1.920762E-17
3287.  3.144638E-17
3288.  3.734968E-17
3289.  3.870523E-17
3290.  3.870016E-17
3291.  4.197704E-17
3292.  5.254761E-17
3293.  7.132277E-17
3294.  9.487085E-17
3295.  1.163932E-16
3296.  1.300615E-16
3297.  1.350746E-16
3298.  1.347409E-16
3299.  1.316658E-16
3300.  1.257288E-16
3301.  1.174457E-16
3302.  1.103222E-16
3303.  1.098774E-16
3304.  1.209032E-16
3305.  1.443182E-16
3306.  1.760086E-16
3307.  2.075969E-16
3308.  2.299513E-16
3309.  2.374362E-16
3310.  2.297295E-16
3311.  2.121244E-16
3312.  1.929357E-16
3313.  1.798062E-16
3314.  1.772006E-16
3315.  1.861574E-16
3316.  2.066679E-16
3317.  2.383713E-16
3318.  2.799817E-16
3319.  3.281929E-16
3320.  3.776248E-16
3321.  4.259584E-16
3322.  4.778496E-16
3323.  5.414448E-16
3324.  6.176171E-16
3325.  6.942869E-16
3326.  7.559081E-16
3327.  7.929740E-16
3328.  8.054922E-16
3329.  7.994052E-16
3330.  7.800564E-16
3331.  7.530336E-16
3332.  7.209759E-16
3333.  6.809645E-16
3334.  6.283627E-16
3335.  5.609289E-16
3336.  4.840969E-16
3337.  4.090859E-16
3338.  3.464140E-16
3339.  3.010664E-16
3340.  2.711638E-16
3341.  2.522978E-16
3342.  2.400056E-16
3343.  2.294527E-16
3344.  2.166037E-16
3345.  1.986792E-16
3346.  1.744331E-16
3347.  1.470171E-16
3348.  1.243871E-16
3349.  1.157648E-16
3350.  1.263478E-16
3351.  1.524552E-16
3352.  1.826272E-16
3353.  2.048289E-16
3354.  2.135503E-16
3355.  2.108045E-16
3356.  2.026535E-16
3357.  1.961798E-16
3358.  1.954503E-16
3359.  1.979377E-16
3360.  1.948133E-16
3361.  1.776863E-16
3362.  1.478605E-16
3363.  1.161011E-16
3364.  9.475726E-17
3365.  9.135547E-17
3366.  1.058480E-16
3367.  1.311450E-16
3368.  1.556850E-16
3369.  1.684300E-16
3370.  1.636086E-16
3371.  1.418264E-16
3372.  1.091156E-16
3373.  7.317040E-17
3374.  3.867702E-17
3375.  7.210980E-18
3376.  -1.796583E-17
3377.  -2.936664E-17
3378.  -2.032812E-17
3379.  7.417196E-18
3380.  4.043588E-17
3381.  5.873390E-17
3382.  5.044993E-17
3383.  2.348934E-17
3384.  -2.960639E-19
3385.  -9.733617E-19
3386.  2.819499E-17
3387.  7.828514E-17
3388.  1.316062E-16
3389.  1.734261E-16
3390.  1.998594E-16
3391.  2.171371E-16
3392.  2.346426E-16
3393.  2.582823E-16
3394.  2.868830E-16
3395.  3.134352E-16
3396.  3.287938E-16
3397.  3.265131E-16
3398.  3.091787E-16
3399.  2.887707E-16
3400.  2.806050E-16
3401.  2.939346E-16
3402.  3.261357E-16
3403.  3.681777E-16
3404.  4.134324E-16
3405.  4.631998E-16
3406.  5.238896E-16
3407.  5.965390E-16
3408.  6.729538E-16
3409.  7.421497E-16
3410.  8.010266E-16
3411.  8.539585E-16
3412.  9.033943E-16
3413.  9.500459E-16
3414.  9.944711E-16
3415.  1.037183E-15
3416.  1.075053E-15
3417.  1.098533E-15
3418.  1.103377E-15
3419.  1.096577E-15
3420.  1.091083E-15
3421.  1.094005E-15
3422.  1.096769E-15
3423.  1.086236E-15
3424.  1.060406E-15
3425.  1.031312E-15
3426.  1.007083E-15
3427.  9.746913E-16
3428.  9.158394E-16
3429.  8.279277E-16
3430.  7.261049E-16
3431.  6.312436E-16
3432.  5.565270E-16
3433.  5.063840E-16
3434.  4.785897E-16
3435.  4.663995E-16
3436.  4.603131E-16
3437.  4.490710E-16
3438.  4.257281E-16
3439.  3.910646E-16
3440.  3.513302E-16
3441.  3.153559E-16
3442.  2.907853E-16
3443.  2.815593E-16
3444.  2.898300E-16
3445.  3.164737E-16
3446.  3.586439E-16
3447.  4.053335E-16
3448.  4.384099E-16
3449.  4.474512E-16
3450.  4.397800E-16
3451.  4.309816E-16
3452.  4.274916E-16
3453.  4.210945E-16
3454.  4.002120E-16
3455.  3.623910E-16
3456.  3.183393E-16
3457.  2.823652E-16
3458.  2.580426E-16
3459.  2.396357E-16
3460.  2.234180E-16
3461.  2.116862E-16
3462.  2.067845E-16
3463.  2.059925E-16
3464.  2.047368E-16
3465.  2.011567E-16
3466.  1.977341E-16
3467.  1.986262E-16
3468.  2.041810E-16
3469.  2.106618E-16
3470.  2.153145E-16
3471.  2.200374E-16
3472.  2.281099E-16
3473.  2.393797E-16
3474.  2.525165E-16
3475.  2.680274E-16
3476.  2.864971E-16
3477.  3.058467E-16
3478.  3.252636E-16
3479.  3.522942E-16
3480.  3.953180E-16
3481.  4.497648E-16
3482.  5.007011E-16
3483.  5.393331E-16
3484.  5.712063E-16
3485.  6.040720E-16
3486.  6.373765E-16
3487.  6.684622E-16
3488.  6.970344E-16
3489.  7.210941E-16
3490.  7.353953E-16
3491.  7.284656E-16
3492.  6.877880E-16
3493.  6.156093E-16
3494.  5.333994E-16
3495.  4.662330E-16
3496.  4.215181E-16
3497.  3.901421E-16
3498.  3.628396E-16
3499.  3.391597E-16
3500.  3.278921E-16
3501.  3.366068E-16
3502.  3.605983E-16
3503.  3.857692E-16
3504.  4.003745E-16
3505.  4.014424E-16
3506.  3.896104E-16
3507.  3.657408E-16
3508.  3.331446E-16
3509.  2.976521E-16
3510.  2.664262E-16
3511.  2.444171E-16
3512.  2.314662E-16
3513.  2.231416E-16
3514.  2.148334E-16
3515.  2.063175E-16
3516.  2.001072E-16
3517.  1.979582E-16
3518.  2.005229E-16
3519.  2.073350E-16
3520.  2.157309E-16
3521.  2.197473E-16
3522.  2.138202E-16
3523.  1.971042E-16
3524.  1.717726E-16
3525.  1.404387E-16
3526.  1.062043E-16
3527.  7.430992E-17
3528.  5.155179E-17
3529.  4.248403E-17
3530.  4.640671E-17
3531.  5.707714E-17
3532.  6.711358E-17
3533.  7.461832E-17
3534.  8.332204E-17
3535.  9.564176E-17
3536.  1.101552E-16
3537.  1.288257E-16
3538.  1.594549E-16
3539.  2.023144E-16
3540.  2.405726E-16
3541.  2.544616E-16
3542.  2.403247E-16
3543.  2.109957E-16
3544.  1.823642E-16
3545.  1.622793E-16
3546.  1.495497E-16
3547.  1.394355E-16
3548.  1.299454E-16
3549.  1.223844E-16
3550.  1.169582E-16
3551.  1.112679E-16
3552.  1.014347E-16
3553.  8.288229E-17
3554.  5.109915E-17
3555.  5.754769E-18
3556.  -4.260974E-17
3557.  -7.545489E-17
3558.  -8.122017E-17
3559.  -6.415664E-17
3560.  -3.746583E-17
3561.  -1.283636E-17
3562.  4.761982E-18
3563.  1.642245E-17
3564.  2.382189E-17
3565.  2.510314E-17
3566.  1.773755E-17
3567.  3.756689E-18
3568.  -9.956864E-18
3569.  -1.554789E-17
3570.  -8.224123E-18
3571.  1.142638E-17
3572.  3.855538E-17
3573.  6.790577E-17
3574.  9.655617E-17
3575.  1.240499E-16
3576.  1.507393E-16
3577.  1.750390E-16
3578.  1.930968E-16
3579.  2.008924E-16
3580.  1.971297E-16
3581.  1.871309E-16
3582.  1.810806E-16
3583.  1.851843E-16
3584.  1.950948E-16
3585.  1.965628E-16
3586.  1.750486E-16
3587.  1.337396E-16
3588.  9.881341E-17
3589.  9.562901E-17
3590.  1.233712E-16
3591.  1.639697E-16
3592.  2.086286E-16
3593.  2.613300E-16
3594.  3.226957E-16
3595.  3.814896E-16
3596.  4.202980E-16
3597.  4.263306E-16
3598.  3.967869E-16
3599.  3.393805E-16
3600.  2.693553E-16
3601.  2.042892E-16
3602.  1.606801E-16
3603.  1.473307E-16
3604.  1.580491E-16
3605.  1.737772E-16
3606.  1.763556E-16
3607.  1.607294E-16
3608.  1.324877E-16
3609.  1.022928E-16
3610.  8.956398E-17
3611.  1.224582E-16
3612.  2.187177E-16
3613.  3.634271E-16
3614.  5.130867E-16
3615.  6.179039E-16
3616.  6.438815E-16
3617.  5.906537E-16
3618.  4.871532E-16
3619.  3.694985E-16
3620.  2.652752E-16
3621.  1.904443E-16
3622.  1.504177E-16
3623.  1.367659E-16
3624.  1.306716E-16
3625.  1.172371E-16
3626.  9.277011E-17
3627.  5.849050E-17
3628.  1.439003E-17
3629.  -3.666861E-17
3630.  -8.474288E-17
3631.  -1.194573E-16
3632.  -1.385364E-16
3633.  -1.456488E-16
3634.  -1.423635E-16
3635.  -1.249061E-16
3636.  -8.751844E-17
3637.  -3.174167E-17
3638.  2.589081E-17
3639.  6.306861E-17
3640.  7.054992E-17
3641.  5.668632E-17
3642.  3.644226E-17
3643.  2.095454E-17
3644.  1.333367E-17
3645.  1.026383E-17
3646.  7.476424E-18
3647.  3.408638E-18
3648.  -1.180010E-18
3649.  -5.055699E-18
3650.  -7.629270E-18
3651.  -9.027068E-18
3652.  -9.523646E-18
3653.  -9.065773E-18
3654.  -7.193670E-18
3655.  -3.471212E-18
3656.  1.666641E-18
3657.  6.549773E-18
3658.  9.303325E-18
3659.  9.352909E-18
3660.  7.652198E-18
3661.  5.655747E-18
3662.  4.293141E-18
3663.  3.611887E-18
3664.  3.106914E-18
3665.  2.373012E-18
3666.  1.409893E-18
3667.  4.202079E-19
3668.  -4.146422E-19
3669.  -9.996820E-19
3670.  -1.317025E-18
3671.  -1.392670E-18
3672.  -1.254658E-18
3673.  -9.235372E-19
3674.  -4.317801E-19
3675.  1.298725E-19
3676.  6.060820E-19
3677.  8.595426E-19
3678.  8.622543E-19
3679.  6.874665E-19
3680.  4.439710E-19
3681.  2.351241E-19
3682.  1.460880E-19
3683.  2.183025E-19
3684.  4.176384E-19
3685.  6.204843E-19
3686.  6.440003E-19
3687.  3.274052E-19
3688.  -3.720634E-19
3689.  -1.340171E-18
3690.  -2.369251E-18
3691.  -3.275623E-18
3692.  -3.969193E-18
3693.  -4.435926E-18
3694.  -4.700585E-18
3695.  -4.819350E-18
3696.  -4.919074E-18
3697.  -5.153142E-18
3698.  -5.529774E-18
3699.  -5.880669E-18
3700.  -6.051409E-18
3701.  -6.109204E-18
3702.  -6.291429E-18
3703.  -6.773507E-18
3704.  -7.504768E-18
3705.  -8.200109E-18
3706.  -8.596811E-18
3707.  -8.711510E-18
3708.  -8.716374E-18
3709.  -8.664388E-18
3710.  -8.405242E-18
3711.  -7.769544E-18
3712.  -6.797453E-18
3713.  -5.840499E-18
3714.  -5.491380E-18
3715.  -6.279268E-18
3716.  -8.482808E-18
3717.  -1.221120E-17
3718.  -1.742972E-17
3719.  -2.384451E-17
3720.  -3.084851E-17
3721.  -3.779101E-17
3722.  -4.421606E-17
3723.  -5.001370E-17
3724.  -5.568017E-17
3725.  -6.190212E-17
3726.  -6.898874E-17
3727.  -7.664715E-17
3728.  -8.399966E-17
3729.  -9.011095E-17
3730.  -9.400002E-17
3731.  -9.445499E-17
3732.  -9.053530E-17
3733.  -8.162739E-17
3734.  -6.720555E-17
3735.  -4.756697E-17
3736.  -2.399652E-17
3737.  1.829509E-18
3738.  2.813361E-17
3739.  5.323747E-17
3740.  7.601387E-17
3741.  9.641730E-17
3742.  1.157375E-16
3743.  1.355507E-16
3744.  1.560934E-16
3745.  1.764322E-16
3746.  1.953931E-16
3747.  2.123770E-16
3748.  2.264646E-16
3749.  2.351680E-16
3750.  2.368190E-16
3751.  2.319618E-16
3752.  2.207991E-16
3753.  1.998191E-16
3754.  1.644797E-16
3755.  1.176587E-16
3756.  6.959556E-17
3757.  2.950213E-17
3758.  3.469687E-18
3759.  -9.636565E-19
3760.  2.178337E-17
3761.  6.265060E-17
3762.  9.774429E-17
3763.  1.075694E-16
3764.  9.248253E-17
3765.  6.922156E-17
3766.  5.541409E-17
3767.  5.452792E-17
3768.  5.362984E-17
3769.  3.934433E-17
3770.  1.456870E-17
3771.  -5.261535E-18
3772.  -8.604372E-18
3773.  1.987418E-18
3774.  1.171196E-17
3775.  6.247368E-18
3776.  -1.393260E-17
3777.  -3.320576E-17
3778.  -3.442067E-17
3779.  -1.261944E-17
3780.  1.997449E-17
3781.  4.238341E-17
3782.  4.267238E-17
3783.  2.579563E-17
3784.  4.179899E-18
3785.  -1.338488E-17
3786.  -2.402229E-17
3787.  -2.794630E-17
3788.  -2.508909E-17
3789.  -1.368123E-17
3790.  7.627629E-18
3791.  3.636749E-17
3792.  6.537759E-17
3793.  8.474697E-17
3794.  8.455485E-17
3795.  5.901420E-17
3796.  1.330420E-17
3797.  -3.429362E-17
3798.  -6.310773E-17
3799.  -6.488336E-17
3800.  -4.716933E-17
3801.  -2.521820E-17
3802.  -1.034759E-17
3803.  -1.849205E-18
3804.  1.042077E-17
3805.  3.423210E-17
3806.  6.551486E-17
3807.  8.876334E-17
3808.  8.713490E-17
3809.  5.631467E-17
3810.  9.870598E-18
3811.  -2.953038E-17
3812.  -4.506108E-17
3813.  -3.578175E-17
3814.  -1.521134E-17
3815.  1.461630E-18
3816.  8.811629E-18
3817.  9.693288E-18
3818.  7.603845E-18
3819.  4.929859E-18
3820.  5.415848E-18
3821.  1.238640E-17
3822.  2.408038E-17
3823.  3.455457E-17
3824.  3.992708E-17
3825.  4.138831E-17
3826.  4.269430E-17
3827.  4.647772E-17
3828.  5.150350E-17
3829.  5.225800E-17
3830.  4.123213E-17
3831.  1.330930E-17
3832.  -2.847691E-17
3833.  -7.122599E-17
3834.  -9.806618E-17
3835.  -9.750779E-17
3836.  -7.233137E-17
3837.  -4.150464E-17
3838.  -2.684222E-17
3839.  -3.626812E-17
3840.  -6.072841E-17
3841.  -8.177656E-17
3842.  -8.087700E-17
3843.  -4.810603E-17
3844.  9.913143E-18
3845.  6.808190E-17
3846.  9.597449E-17
3847.  7.986060E-17
3848.  3.173014E-17
3849.  -2.107437E-17
3850.  -5.265021E-17
3851.  -5.125469E-17
3852.  -2.170978E-17
3853.  2.319808E-17
3854.  7.149407E-17
3855.  1.130075E-16
3856.  1.376672E-16
3857.  1.377687E-16
3858.  1.125331E-16
3859.  7.113405E-17
3860.  2.960909E-17
3861.  -1.654853E-19
3862.  -1.892572E-17
3863.  -3.573145E-17
3864.  -5.701344E-17
3865.  -8.045312E-17
3866.  -9.646138E-17
3867.  -9.523876E-17
3868.  -7.432371E-17
3869.  -4.065272E-17
3870.  -6.791025E-18
3871.  1.469879E-17
3872.  1.625804E-17
3873.  -8.197735E-19
3874.  -2.563752E-17
3875.  -4.305545E-17
3876.  -4.321569E-17
3877.  -2.704106E-17
3878.  -3.913396E-18
3879.  1.520985E-17
3880.  2.476363E-17
3881.  2.722845E-17
3882.  2.975331E-17
3883.  3.819782E-17
3884.  5.196879E-17
3885.  6.272018E-17
3886.  5.891266E-17
3887.  3.373786E-17
3888.  -7.753098E-18
3889.  -4.865515E-17
3890.  -7.201637E-17
3891.  -7.460915E-17
3892.  -6.631491E-17
3893.  -5.719532E-17
3894.  -4.696348E-17
3895.  -2.588105E-17
3896.  1.143604E-17
3897.  4.961836E-17
3898.  5.959785E-17
3899.  3.230306E-17
3900.  -6.339983E-18
3901.  -2.288782E-17
3902.  -6.776924E-18
3903.  2.900452E-17
3904.  6.407579E-17
3905.  8.436561E-17
3906.  8.719327E-17
3907.  7.867505E-17
3908.  6.824318E-17
3909.  6.197772E-17
3910.  5.783372E-17
3911.  4.693858E-17
3912.  1.999614E-17
3913.  -2.451117E-17
3914.  -7.611216E-17
3915.  -1.178254E-16
3916.  -1.364975E-16
3917.  -1.282887E-16
3918.  -9.885013E-17
3919.  -6.065688E-17
3920.  -2.826196E-17
3921.  -1.058234E-17
3922.  -2.811887E-18
3923.  9.647799E-18
3924.  3.247235E-17
3925.  5.284200E-17
3926.  5.506267E-17
3927.  3.851745E-17
3928.  1.565380E-17
3929.  1.591646E-19
3930.  -5.838816E-19
3931.  1.213756E-17
3932.  2.852461E-17
3933.  3.413472E-17
3934.  2.051506E-17
3935.  -4.926389E-18
3936.  -2.386134E-17
3937.  -2.301364E-17
3938.  -4.594069E-18
3939.  1.545362E-17
3940.  2.096650E-17
3941.  1.157039E-17
3942.  9.304670E-19
3943.  -3.136760E-18
3944.  -7.548610E-18
3945.  -1.964507E-17
3946.  -3.371271E-17
3947.  -3.544456E-17
3948.  -1.478183E-17
3949.  2.439866E-17
3950.  6.373364E-17
3951.  8.108858E-17
3952.  6.428447E-17
3953.  1.964736E-17
3954.  -2.885928E-17
3955.  -5.578254E-17
3956.  -5.352872E-17
3957.  -3.349603E-17
3958.  -1.224793E-17
3959.  4.103668E-19
3960.  5.543628E-18
3961.  1.051699E-17
3962.  1.970559E-17
3963.  3.083887E-17
3964.  3.932594E-17
3965.  4.319330E-17
3966.  4.432662E-17
3967.  4.675430E-17
3968.  5.375412E-17
3969.  6.559354E-17
3970.  7.790109E-17
3971.  8.099725E-17
3972.  6.195182E-17
3973.  1.117813E-17
3974.  -6.566917E-17
3975.  -1.409400E-16
3976.  -1.781335E-16
3977.  -1.559269E-16
3978.  -8.206198E-17
3979.  9.473290E-18
3980.  7.744216E-17
3981.  9.923233E-17
3982.  8.040982E-17
3983.  4.261907E-17
3984.  5.607167E-18
3985.  -2.372768E-17
3986.  -4.872042E-17
3987.  -7.061150E-17
3988.  -8.285210E-17
3989.  -7.850299E-17
3990.  -5.804860E-17
3991.  -2.780052E-17
3992.  5.029291E-18
3993.  3.362692E-17
3994.  5.080574E-17
3995.  4.963021E-17
3996.  2.649120E-17
3997.  -1.447710E-17
3998.  -6.002993E-17
3999.  -9.345787E-17
4000.  -1.024623E-16
4001.  -8.179690E-17
4002.  -3.291835E-17
4003.  3.316673E-17
4004.  9.300643E-17
4005.  1.180426E-16
4006.  9.151692E-17
4007.  2.057329E-17
4008.  -6.494315E-17
4009.  -1.270163E-16
4010.  -1.408890E-16
4011.  -1.072556E-16
4012.  -4.696039E-17
4013.  1.349556E-17
4014.  5.540491E-17
4015.  7.227542E-17
4016.  6.423631E-17
4017.  3.294495E-17
4018.  -1.537911E-17
4019.  -6.514949E-17
4020.  -9.398484E-17
4021.  -8.426505E-17
4022.  -3.956383E-17
4023.  9.038308E-18
4024.  2.188587E-17
4025.  -1.938110E-17
4026.  -9.912128E-17
4027.  -1.795503E-16
4028.  -2.288567E-16
4029.  -2.440125E-16
4030.  -2.432585E-16
4031.  -2.388107E-16
4032.  -2.255068E-16
4033.  -1.953931E-16
4034.  -1.508700E-16
4035.  -1.018874E-16
4036.  -6.038860E-17
4037.  -3.666501E-17
4038.  -3.413297E-17
4039.  -4.375200E-17
4040.  -4.772269E-17
4041.  -3.738562E-17
4042.  -2.387068E-17
4043.  -2.200035E-17
4044.  -2.991616E-17
4045.  -3.441230E-17
4046.  -2.981379E-17
4047.  -2.281846E-17
4048.  -2.375273E-17
4049.  -3.927431E-17
4050.  -6.971898E-17
4051.  -1.067618E-16
4052.  -1.332525E-16
4053.  -1.326037E-16
4054.  -1.026832E-16
4055.  -5.862712E-17
4056.  -2.286125E-17
4057.  -1.298256E-17
4058.  -3.514045E-17
4059.  -8.243786E-17
4060.  -1.362282E-16
4061.  -1.725520E-16
4062.  -1.746354E-16
4063.  -1.424842E-16
4064.  -9.020351E-17
4065.  -3.656288E-17
4066.  2.419369E-18
4067.  1.861290E-17
4068.  1.336743E-17
4069.  -4.380622E-18
4070.  -2.052673E-17
4071.  -1.930217E-17
4072.  9.299128E-18
4073.  6.079883E-17
4074.  1.141367E-16
4075.  1.392285E-16
4076.  1.154071E-16
4077.  5.209537E-17
4078.  -1.661678E-17
4079.  -6.407337E-17
4080.  -8.694686E-17
4081.  -8.947929E-17
4082.  -7.057110E-17
4083.  -3.213808E-17
4084.  1.338001E-17
4085.  5.233420E-17
4086.  8.002544E-17
4087.  9.665783E-17
4088.  1.008044E-16
4089.  9.461596E-17
4090.  9.034625E-17
4091.  1.031013E-16
4092.  1.377456E-16
4093.  1.847809E-16
4094.  2.270069E-16
4095.  2.488888E-16
4096.  2.437934E-16
4097.  2.177967E-16
4098.  1.850391E-16
4099.  1.556851E-16
4100.  1.253375E-16
4101.  8.128861E-17
4102.  2.540359E-17
4103.  -1.721699E-17
4104.  -1.768090E-17
4105.  3.088715E-17
4106.  1.007764E-16
4107.  1.421625E-16
4108.  1.223058E-16
4109.  5.398958E-17
4110.  -2.004847E-17
4111.  -6.249933E-17
4112.  -6.275327E-17
4113.  -3.787117E-17
4114.  -1.569967E-17
4115.  -1.375500E-17
4116.  -3.204841E-17
4117.  -5.915726E-17
4118.  -8.126908E-17
4119.  -8.886153E-17
4120.  -7.841599E-17
4121.  -5.044322E-17
4122.  -1.023916E-17
4123.  2.886580E-17
4124.  5.160661E-17
4125.  5.569682E-17
4126.  5.511639E-17
4127.  6.497910E-17
4128.  8.718588E-17
4129.  1.103373E-16
4130.  1.211589E-16
4131.  1.187543E-16
4132.  1.180862E-16
4133.  1.357993E-16
4134.  1.729601E-16
4135.  2.146557E-16
4136.  2.428224E-16
4137.  2.510413E-16
4138.  2.525655E-16
4139.  2.678943E-16
4140.  3.038205E-16
4141.  3.488786E-16
4142.  3.848366E-16
4143.  3.983925E-16
4144.  3.844505E-16
4145.  3.488037E-16
4146.  3.092309E-16
4147.  2.839415E-16
4148.  2.739523E-16
4149.  2.606622E-16
4150.  2.275366E-16
4151.  1.782958E-16
4152.  1.311343E-16
4153.  1.022087E-16
4154.  9.018984E-17
4155.  7.612186E-17
4156.  4.620833E-17
4157.  1.080883E-17
4158.  -7.380459E-18
4159.  1.285983E-18
4160.  2.750934E-17
4161.  5.552917E-17
4162.  7.524169E-17
4163.  8.684392E-17
4164.  9.710857E-17
4165.  1.111837E-16
4166.  1.276452E-16
4167.  1.379942E-16
4168.  1.296493E-16
4169.  9.380596E-17
4170.  3.495791E-17
4171.  -2.454638E-17
4172.  -5.567301E-17
4173.  -4.844723E-17
4174.  -2.247423E-17
4175.  -5.255044E-18
4176.  -9.836175E-18
4177.  -3.808138E-17
4178.  -8.786398E-17
4179.  -1.425649E-16
4180.  -1.674949E-16
4181.  -1.409824E-16
4182.  -8.432843E-17
4183.  -4.150962E-17
4184.  -3.530488E-17
4185.  -5.470565E-17
4186.  -7.472936E-17
4187.  -7.588630E-17
4188.  -5.112472E-17
4189.  -6.689790E-18
4190.  4.171467E-17
4191.  7.857398E-17
4192.  9.807435E-17
4193.  1.027429E-16
4194.  9.291775E-17
4195.  6.372502E-17
4196.  1.620073E-17
4197.  -3.486481E-17
4198.  -6.905632E-17
4199.  -7.387500E-17
4200.  -5.173200E-17
4201.  -1.700142E-17
4202.  1.580285E-17
4203.  4.218640E-17
4204.  6.583004E-17
4205.  8.952957E-17
4206.  1.086476E-16
4207.  1.106410E-16
4208.  8.318989E-17
4209.  2.683865E-17
4210.  -4.157731E-17
4211.  -9.739015E-17
4212.  -1.206204E-16
4213.  -1.048870E-16
4214.  -5.773104E-17
4215.  5.263362E-18
4216.  6.869963E-17
4217.  1.245885E-16
4218.  1.744065E-16
4219.  2.262895E-16
4220.  2.909305E-16
4221.  3.762318E-16
4222.  4.832314E-16
4223.  6.020647E-16
4224.  7.096609E-16
4225.  7.775311E-16
4226.  7.835408E-16
4227.  7.235676E-16
4228.  6.131958E-16
4229.  4.754521E-16
4230.  3.319048E-16
4231.  1.974000E-16
4232.  7.753059E-17
4233.  -2.843509E-17
4234.  -1.222490E-16
4235.  -2.012561E-16
4236.  -2.570739E-16
4237.  -2.820374E-16
4238.  -2.772846E-16
4239.  -2.531389E-16
4240.  -2.223885E-16
4241.  -1.897016E-16
4242.  -1.450890E-16
4243.  -7.137208E-17
4244.  3.400553E-17
4245.  1.454988E-16
4246.  2.268798E-16
4247.  2.593625E-16
4248.  2.493250E-16
4249.  2.182070E-16
4250.  1.893254E-16
4251.  1.756217E-16
4252.  1.748628E-16
4253.  1.730108E-16
4254.  1.521488E-16
4255.  1.029580E-16
4256.  3.595481E-17
4257.  -1.776493E-17
4258.  -2.641904E-17
4259.  1.087125E-17
4260.  5.518352E-17
4261.  5.531696E-17
4262.  -1.200920E-17
4263.  -1.173515E-16
4264.  -1.946605E-16
4265.  -1.971738E-16
4266.  -1.323499E-16
4267.  -3.492091E-17
4268.  6.849807E-17
4269.  1.519318E-16
4270.  1.787711E-16
4271.  1.338251E-16
4272.  5.401140E-17
4273.  -5.124607E-18
4274.  -2.532862E-17
4275.  -2.640308E-17
4276.  -2.758394E-17
4277.  -3.111236E-17
4278.  -3.432790E-17
4279.  -3.840093E-17
4280.  -4.465501E-17
4281.  -5.180324E-17
4282.  -5.841970E-17
4283.  -6.418982E-17
4284.  -6.710574E-17
4285.  -6.179553E-17
4286.  -4.351132E-17
4287.  -1.546208E-17
4288.  6.061899E-18
4289.  -8.960709E-19
4290.  -4.143118E-17
4291.  -9.197751E-17
4292.  -1.211172E-16
4293.  -1.175025E-16
4294.  -9.144304E-17
4295.  -5.881300E-17
4296.  -2.960886E-17
4297.  -5.394364E-18
4298.  1.534931E-17
4299.  2.949857E-17
4300.  2.956674E-17
4301.  1.147532E-17
4302.  -1.980677E-17
4303.  -5.131453E-17
4304.  -6.832256E-17
4305.  -6.260456E-17
4306.  -3.737436E-17
4307.  -5.219284E-18
4308.  1.889230E-17
4309.  2.596038E-17
4310.  1.834009E-17
4311.  8.826745E-18
4312.  1.153458E-17
4313.  2.665241E-17
4314.  3.757625E-17
4315.  3.190715E-17
4316.  1.905220E-17
4317.  1.668064E-17
4318.  2.705384E-17
4319.  3.802827E-17
4320.  4.035258E-17
4321.  3.442259E-17
4322.  2.541382E-17
4323.  1.836923E-17
4324.  1.598670E-17
4325.  1.577820E-17
4326.  9.270289E-18
4327.  -7.861683E-18
4328.  -1.940740E-17
4329.  1.165166E-17
4330.  1.208574E-16
4331.  3.152982E-16
4332.  5.587205E-16
4333.  7.856948E-16
4334.  9.454082E-16
4335.  1.025614E-15
4336.  1.034282E-15
4337.  9.831893E-16
4338.  8.882318E-16
4339.  7.739320E-16
4340.  6.678703E-16
4341.  5.872647E-16
4342.  5.344866E-16
4343.  4.987578E-16
4344.  4.700340E-16
4345.  4.548279E-16
4346.  4.695479E-16
4347.  5.218473E-16
4348.  6.017137E-16
4349.  6.887930E-16
4350.  7.604088E-16
4351.  7.946727E-16
4352.  7.799203E-16
4353.  7.216874E-16
4354.  6.431939E-16
4355.  5.781916E-16
4356.  5.575193E-16
4357.  5.987016E-16
4358.  6.976559E-16
4359.  8.293294E-16
4360.  9.582859E-16
4361.  1.042253E-15
4362.  1.038131E-15
4363.  9.327209E-16
4364.  7.620715E-16
4365.  5.865478E-16
4366.  4.481250E-16
4367.  3.551757E-16
4368.  2.988750E-16
4369.  2.653759E-16
4370.  2.377215E-16
4371.  2.019216E-16
4372.  1.565313E-16
4373.  1.138089E-16
4374.  8.712603E-17
4375.  8.087191E-17
4376.  9.207960E-17
4377.  1.140689E-16
4378.  1.366360E-16
4379.  1.463188E-16
4380.  1.310789E-16
4381.  8.785532E-17
4382.  2.998862E-17
4383.  -1.318124E-17
4384.  -1.390696E-17
4385.  3.515853E-17
4386.  1.214494E-16
4387.  2.224118E-16
4388.  3.086064E-16
4389.  3.470319E-16
4390.  3.193568E-16
4391.  2.407217E-16
4392.  1.540888E-16
4393.  1.056914E-16
4394.  1.185169E-16
4395.  1.783240E-16
4396.  2.429744E-16
4397.  2.705814E-16
4398.  2.475881E-16
4399.  1.984555E-16
4400.  1.674610E-16
4401.  1.799388E-16
4402.  2.222807E-16
4403.  2.637289E-16
4404.  2.853107E-16
4405.  2.850333E-16
4406.  2.701031E-16
4407.  2.501672E-16
4408.  2.346302E-16
4409.  2.339936E-16
4410.  2.568455E-16
4411.  2.999612E-16
4412.  3.412453E-16
4413.  3.506436E-16
4414.  3.145359E-16
4415.  2.448582E-16
4416.  1.683009E-16
4417.  1.116573E-16
4418.  9.145077E-17
4419.  1.094975E-16
4420.  1.529479E-16
4421.  2.018457E-16
4422.  2.412809E-16
4423.  2.660033E-16
4424.  2.759056E-16
4425.  2.717115E-16
4426.  2.580481E-16
4427.  2.451621E-16
4428.  2.424576E-16
4429.  2.534253E-16
4430.  2.760930E-16
4431.  3.063537E-16
4432.  3.388665E-16
4433.  3.656583E-16
4434.  3.784531E-16
4435.  3.718751E-16
4436.  3.466878E-16
4437.  3.098834E-16
4438.  2.688893E-16
4439.  2.279502E-16
4440.  1.901894E-16
4441.  1.627529E-16
4442.  1.546420E-16
4443.  1.665767E-16
4444.  1.905267E-16
4445.  2.214840E-16
4446.  2.628338E-16
4447.  3.148006E-16
4448.  3.633416E-16
4449.  3.873702E-16
4450.  3.746093E-16
4451.  3.338035E-16
4452.  2.922722E-16
4453.  2.752048E-16
4454.  2.880527E-16
4455.  3.172304E-16
4456.  3.433797E-16
4457.  3.553687E-16
4458.  3.551765E-16
4459.  3.541074E-16
4460.  3.674462E-16
4461.  4.050813E-16
4462.  4.636334E-16
4463.  5.293503E-16
4464.  5.888403E-16
4465.  6.351442E-16
4466.  6.608764E-16
4467.  6.579901E-16
4468.  6.281070E-16
4469.  5.831893E-16
4470.  5.351001E-16
4471.  4.859233E-16
4472.  4.336638E-16
4473.  3.819353E-16
4474.  3.391407E-16
4475.  3.158495E-16
4476.  3.210787E-16
4477.  3.566397E-16
4478.  4.096981E-16
4479.  4.506663E-16
4480.  4.502433E-16
4481.  4.013210E-16
4482.  3.232365E-16
4483.  2.457505E-16
4484.  1.856529E-16
4485.  1.340655E-16
4486.  6.855713E-17
4487.  -1.138118E-17
4488.  -6.568549E-17
4489.  -6.305972E-17
4490.  -3.068137E-17
4491.  -8.181771E-18
4492.  -1.175571E-18
4493.  -8.965934E-20
4494.  -2.619181E-21
4495.  -8.008649E-22
4496.  5.532768E-22
4497.  -5.495615E-22
4498.  4.651566E-22
4499.  -4.380262E-22
4500.  4.326123E-22
