1.  3.501575E-21
2.  3.722356E-21
3.  3.981919E-21
4.  4.311349E-21
5.  4.672503E-21
6.  4.956560E-21
7.  5.302387E-21
8.  5.611969E-21
9.  6.025463E-21
10.  6.415673E-21
11.  6.982698E-21
12.  7.419114E-21
13.  7.950864E-21
14.  8.369128E-21
15.  8.978889E-21
16.  9.617403E-21
17.  1.014989E-20
18.  1.089410E-20
19.  1.156401E-20
20.  1.236061E-20
21.  1.317343E-20
22.  1.394200E-20
23.  1.493393E-20
24.  1.589654E-20
25.  1.688132E-20
26.  1.802817E-20
27.  1.923184E-20
28.  2.042652E-20
29.  2.169346E-20
30.  2.306623E-20
31.  2.455158E-20
32.  2.610703E-20
33.  2.765393E-20
34.  2.939746E-20
35.  3.131201E-20
36.  3.321948E-20
37.  3.527130E-20
38.  3.742120E-20
39.  3.970672E-20
40.  4.222618E-20
41.  4.475666E-20
42.  4.749375E-20
43.  5.038930E-20
44.  5.340546E-20
45.  5.663853E-20
46.  6.006083E-20
47.  6.365061E-20
48.  6.742429E-20
49.  7.140385E-20
50.  7.567073E-20
51.  8.005776E-20
52.  8.485886E-20
53.  8.989540E-20
54.  9.506355E-20
55.  1.006750E-19
56.  1.064827E-19
57.  1.126671E-19
58.  1.192580E-19
59.  1.260732E-19
60.  1.332579E-19
61.  1.409684E-19
62.  1.490475E-19
63.  1.573989E-19
64.  1.663820E-19
65.  1.757161E-19
66.  1.855395E-19
67.  1.959529E-19
68.  2.069091E-19
69.  2.185128E-19
70.  2.305208E-19
71.  2.433586E-19
72.  2.567424E-19
73.  2.707791E-19
74.  2.856197E-19
75.  3.012256E-19
76.  3.175552E-19
77.  3.346923E-19
78.  3.527830E-19
79.  3.718113E-19
80.  3.917526E-19
81.  4.125798E-19
82.  4.345118E-19
83.  4.576271E-19
84.  4.817498E-19
85.  5.071334E-19
86.  5.336970E-19
87.  5.615266E-19
88.  5.907189E-19
89.  6.214318E-19
90.  6.534994E-19
91.  6.870695E-19
92.  7.225084E-19
93.  7.593718E-19
94.  7.980483E-19
95.  8.385623E-19
96.  8.810013E-19
97.  9.252757E-19
98.  9.716564E-19
99.  1.020322E-18
100.  1.071132E-18
101.  1.124298E-18
102.  1.179860E-18
103.  1.238021E-18
104.  1.298791E-18
105.  1.362227E-18
106.  1.428591E-18
107.  1.497922E-18
108.  1.570334E-18
109.  1.645959E-18
110.  1.724895E-18
111.  1.807328E-18
112.  1.893369E-18
113.  1.983066E-18
114.  2.076642E-18
115.  2.174517E-18
116.  2.276247E-18
117.  2.382554E-18
118.  2.493259E-18
119.  2.608691E-18
120.  2.729066E-18
121.  2.854392E-18
122.  2.984999E-18
123.  3.121018E-18
124.  3.262780E-18
125.  3.410296E-18
126.  3.563844E-18
127.  3.723601E-18
128.  3.889978E-18
129.  4.062885E-18
130.  4.242866E-18
131.  4.430069E-18
132.  4.624719E-18
133.  4.827060E-18
134.  5.037424E-18
135.  5.255925E-18
136.  5.483095E-18
137.  5.718986E-18
138.  5.963985E-18
139.  6.218508E-18
140.  6.482615E-18
141.  6.756882E-18
142.  7.041544E-18
143.  7.336905E-18
144.  7.643342E-18
145.  7.961149E-18
146.  8.290778E-18
147.  8.632499E-18
148.  8.986821E-18
149.  9.354060E-18
150.  9.734649E-18
151.  1.012894E-17
152.  1.053740E-17
153.  1.096045E-17
154.  1.139868E-17
155.  1.185216E-17
156.  1.232160E-17
157.  1.280760E-17
158.  1.331040E-17
159.  1.383055E-17
160.  1.436844E-17
161.  1.492484E-17
162.  1.550015E-17
163.  1.609487E-17
164.  1.670956E-17
165.  1.734478E-17
166.  1.800098E-17
167.  1.867897E-17
168.  1.937912E-17
169.  2.010206E-17
170.  2.084847E-17
171.  2.161903E-17
172.  2.241406E-17
173.  2.323453E-17
174.  2.408086E-17
175.  2.495373E-17
176.  2.585399E-17
177.  2.678217E-17
178.  2.773895E-17
179.  2.872506E-17
180.  2.974128E-17
181.  3.078822E-17
182.  3.186653E-17
183.  3.297725E-17
184.  3.412082E-17
185.  3.529810E-17
186.  3.650995E-17
187.  3.775697E-17
188.  3.904007E-17
189.  4.036004E-17
190.  4.171761E-17
191.  4.311373E-17
192.  4.454894E-17
193.  4.602432E-17
194.  4.754053E-17
195.  4.909865E-17
196.  5.069933E-17
197.  5.234342E-17
198.  5.403200E-17
199.  5.576561E-17
200.  5.754532E-17
201.  5.937198E-17
202.  6.124640E-17
203.  6.316973E-17
204.  6.514243E-17
205.  6.716577E-17
206.  6.924047E-17
207.  7.136748E-17
208.  7.354771E-17
209.  7.578197E-17
210.  7.807124E-17
211.  8.041658E-17
212.  8.281864E-17
213.  8.527862E-17
214.  8.779694E-17
215.  9.037496E-17
216.  9.301346E-17
217.  9.571327E-17
218.  9.847540E-17
219.  1.013007E-16
220.  1.041902E-16
221.  1.071445E-16
222.  1.101646E-16
223.  1.132514E-16
224.  1.164059E-16
225.  1.196287E-16
226.  1.229208E-16
227.  1.262831E-16
228.  1.297164E-16
229.  1.332213E-16
230.  1.367990E-16
231.  1.404501E-16
232.  1.441754E-16
233.  1.479756E-16
234.  1.518516E-16
235.  1.558041E-16
236.  1.598338E-16
237.  1.639415E-16
238.  1.681277E-16
239.  1.723934E-16
240.  1.767390E-16
241.  1.811651E-16
242.  1.856726E-16
243.  1.902619E-16
244.  1.949336E-16
245.  1.996884E-16
246.  2.045265E-16
247.  2.094488E-16
248.  2.144556E-16
249.  2.195473E-16
250.  2.247245E-16
251.  2.299874E-16
252.  2.353365E-16
253.  2.407721E-16
254.  2.462947E-16
255.  2.519043E-16
256.  2.576015E-16
257.  2.633860E-16
258.  2.692584E-16
259.  2.752189E-16
260.  2.812673E-16
261.  2.874040E-16
262.  2.936291E-16
263.  2.999421E-16
264.  3.063435E-16
265.  3.128331E-16
266.  3.194107E-16
267.  3.260763E-16
268.  3.328296E-16
269.  3.396704E-16
270.  3.465987E-16
271.  3.536139E-16
272.  3.607159E-16
273.  3.679040E-16
274.  3.751781E-16
275.  3.825375E-16
276.  3.899822E-16
277.  3.975110E-16
278.  4.051236E-16
279.  4.128196E-16
280.  4.205978E-16
281.  4.284580E-16
282.  4.363992E-16
283.  4.444205E-16
284.  4.525212E-16
285.  4.607004E-16
286.  4.689571E-16
287.  4.772903E-16
288.  4.856990E-16
289.  4.941820E-16
290.  5.027385E-16
291.  5.113671E-16
292.  5.200666E-16
293.  5.288358E-16
294.  5.376732E-16
295.  5.465778E-16
296.  5.555481E-16
297.  5.645825E-16
298.  5.736797E-16
299.  5.828382E-16
300.  5.920563E-16
301.  6.013326E-16
302.  6.106653E-16
303.  6.200527E-16
304.  6.294932E-16
305.  6.389850E-16
306.  6.485262E-16
307.  6.581153E-16
308.  6.677502E-16
309.  6.774291E-16
310.  6.871497E-16
311.  6.969103E-16
312.  7.067091E-16
313.  7.165437E-16
314.  7.264122E-16
315.  7.363125E-16
316.  7.462424E-16
317.  7.561998E-16
318.  7.661825E-16
319.  7.761883E-16
320.  7.862150E-16
321.  7.962602E-16
322.  8.063215E-16
323.  8.163969E-16
324.  8.264841E-16
325.  8.365806E-16
326.  8.466840E-16
327.  8.567919E-16
328.  8.669020E-16
329.  8.770118E-16
330.  8.871190E-16
331.  8.972212E-16
332.  9.073159E-16
333.  9.174004E-16
334.  9.274727E-16
335.  9.375303E-16
336.  9.475704E-16
337.  9.575904E-16
338.  9.675884E-16
339.  9.775617E-16
340.  9.875077E-16
341.  9.974244E-16
342.  1.007309E-15
343.  1.017159E-15
344.  1.026972E-15
345.  1.036745E-15
346.  1.046477E-15
347.  1.056165E-15
348.  1.065806E-15
349.  1.075399E-15
350.  1.084940E-15
351.  1.094428E-15
352.  1.103859E-15
353.  1.113233E-15
354.  1.122547E-15
355.  1.131798E-15
356.  1.140985E-15
357.  1.150104E-15
358.  1.159155E-15
359.  1.168134E-15
360.  1.177041E-15
361.  1.185872E-15
362.  1.194626E-15
363.  1.203302E-15
364.  1.211896E-15
365.  1.220407E-15
366.  1.228834E-15
367.  1.237174E-15
368.  1.245427E-15
369.  1.253589E-15
370.  1.261660E-15
371.  1.269638E-15
372.  1.277522E-15
373.  1.285309E-15
374.  1.292999E-15
375.  1.300590E-15
376.  1.308081E-15
377.  1.315471E-15
378.  1.322757E-15
379.  1.329940E-15
380.  1.337018E-15
381.  1.343990E-15
382.  1.350855E-15
383.  1.357613E-15
384.  1.364261E-15
385.  1.370800E-15
386.  1.377228E-15
387.  1.383546E-15
388.  1.389752E-15
389.  1.395846E-15
390.  1.401827E-15
391.  1.407695E-15
392.  1.413450E-15
393.  1.419091E-15
394.  1.424617E-15
395.  1.430030E-15
396.  1.435327E-15
397.  1.440511E-15
398.  1.445580E-15
399.  1.450535E-15
400.  1.455375E-15
401.  1.460101E-15
402.  1.464714E-15
403.  1.469212E-15
404.  1.473598E-15
405.  1.477870E-15
406.  1.482031E-15
407.  1.486079E-15
408.  1.490016E-15
409.  1.493843E-15
410.  1.497560E-15
411.  1.501167E-15
412.  1.504666E-15
413.  1.508058E-15
414.  1.511343E-15
415.  1.514522E-15
416.  1.517597E-15
417.  1.520568E-15
418.  1.523437E-15
419.  1.526204E-15
420.  1.528871E-15
421.  1.531439E-15
422.  1.533909E-15
423.  1.536283E-15
424.  1.538562E-15
425.  1.540748E-15
426.  1.542841E-15
427.  1.544843E-15
428.  1.546756E-15
429.  1.548581E-15
430.  1.550320E-15
431.  1.551974E-15
432.  1.553545E-15
433.  1.555034E-15
434.  1.556444E-15
435.  1.557775E-15
436.  1.559030E-15
437.  1.560210E-15
438.  1.561317E-15
439.  1.562353E-15
440.  1.563319E-15
441.  1.564216E-15
442.  1.565048E-15
443.  1.565815E-15
444.  1.566520E-15
445.  1.567163E-15
446.  1.567748E-15
447.  1.568275E-15
448.  1.568746E-15
449.  1.569164E-15
450.  1.569529E-15
451.  1.569844E-15
452.  1.570109E-15
453.  1.570329E-15
454.  1.570503E-15
455.  1.570632E-15
456.  1.570721E-15
457.  1.570768E-15
458.  1.570778E-15
459.  1.570750E-15
460.  1.570686E-15
461.  1.570589E-15
462.  1.570459E-15
463.  1.570298E-15
464.  1.570108E-15
465.  1.569889E-15
466.  1.569645E-15
467.  1.569375E-15
468.  1.569081E-15
469.  1.568764E-15
470.  1.568426E-15
471.  1.568068E-15
472.  1.567691E-15
473.  1.567297E-15
474.  1.566885E-15
475.  1.566459E-15
476.  1.566017E-15
477.  1.565562E-15
478.  1.565095E-15
479.  1.564616E-15
480.  1.564126E-15
481.  1.563626E-15
482.  1.563116E-15
483.  1.562598E-15
484.  1.562072E-15
485.  1.561539E-15
486.  1.560999E-15
487.  1.560452E-15
488.  1.559900E-15
489.  1.559343E-15
490.  1.558780E-15
491.  1.558213E-15
492.  1.557642E-15
493.  1.557066E-15
494.  1.556486E-15
495.  1.555903E-15
496.  1.555316E-15
497.  1.554725E-15
498.  1.554130E-15
499.  1.553532E-15
500.  1.552929E-15
501.  1.552323E-15
502.  1.551712E-15
503.  1.551097E-15
504.  1.550477E-15
505.  1.549852E-15
506.  1.549222E-15
507.  1.548586E-15
508.  1.547943E-15
509.  1.547294E-15
510.  1.546637E-15
511.  1.545973E-15
512.  1.545300E-15
513.  1.544618E-15
514.  1.543927E-15
515.  1.543225E-15
516.  1.542512E-15
517.  1.541787E-15
518.  1.541049E-15
519.  1.540298E-15
520.  1.539533E-15
521.  1.538752E-15
522.  1.537956E-15
523.  1.537143E-15
524.  1.536312E-15
525.  1.535462E-15
526.  1.534592E-15
527.  1.533702E-15
528.  1.532791E-15
529.  1.531856E-15
530.  1.530899E-15
531.  1.529916E-15
532.  1.528908E-15
533.  1.527874E-15
534.  1.526812E-15
535.  1.525721E-15
536.  1.524601E-15
537.  1.523450E-15
538.  1.522267E-15
539.  1.521052E-15
540.  1.519803E-15
541.  1.518519E-15
542.  1.517200E-15
543.  1.515844E-15
544.  1.514451E-15
545.  1.513019E-15
546.  1.511548E-15
547.  1.510036E-15
548.  1.508483E-15
549.  1.506888E-15
550.  1.505250E-15
551.  1.503568E-15
552.  1.501841E-15
553.  1.500070E-15
554.  1.498251E-15
555.  1.496386E-15
556.  1.494474E-15
557.  1.492513E-15
558.  1.490503E-15
559.  1.488444E-15
560.  1.486334E-15
561.  1.484174E-15
562.  1.481963E-15
563.  1.479700E-15
564.  1.477384E-15
565.  1.475017E-15
566.  1.472596E-15
567.  1.470122E-15
568.  1.467595E-15
569.  1.465014E-15
570.  1.462379E-15
571.  1.459689E-15
572.  1.456945E-15
573.  1.454147E-15
574.  1.451295E-15
575.  1.448387E-15
576.  1.445426E-15
577.  1.442409E-15
578.  1.439339E-15
579.  1.436214E-15
580.  1.433035E-15
581.  1.429802E-15
582.  1.426516E-15
583.  1.423176E-15
584.  1.419783E-15
585.  1.416338E-15
586.  1.412841E-15
587.  1.409292E-15
588.  1.405692E-15
589.  1.402040E-15
590.  1.398339E-15
591.  1.394589E-15
592.  1.390789E-15
593.  1.386941E-15
594.  1.383045E-15
595.  1.379103E-15
596.  1.375114E-15
597.  1.371081E-15
598.  1.367002E-15
599.  1.362881E-15
600.  1.358716E-15
601.  1.354509E-15
602.  1.350262E-15
603.  1.345975E-15
604.  1.341649E-15
605.  1.337285E-15
606.  1.332884E-15
607.  1.328446E-15
608.  1.323975E-15
609.  1.319469E-15
610.  1.314931E-15
611.  1.310361E-15
612.  1.305761E-15
613.  1.301132E-15
614.  1.296475E-15
615.  1.291790E-15
616.  1.287080E-15
617.  1.282346E-15
618.  1.277588E-15
619.  1.272808E-15
620.  1.268007E-15
621.  1.263186E-15
622.  1.258346E-15
623.  1.253490E-15
624.  1.248617E-15
625.  1.243729E-15
626.  1.238827E-15
627.  1.233913E-15
628.  1.228988E-15
629.  1.224052E-15
630.  1.219108E-15
631.  1.214155E-15
632.  1.209196E-15
633.  1.204232E-15
634.  1.199263E-15
635.  1.194291E-15
636.  1.189317E-15
637.  1.184342E-15
638.  1.179367E-15
639.  1.174393E-15
640.  1.169422E-15
641.  1.164454E-15
642.  1.159490E-15
643.  1.154531E-15
644.  1.149579E-15
645.  1.144634E-15
646.  1.139697E-15
647.  1.134769E-15
648.  1.129851E-15
649.  1.124944E-15
650.  1.120048E-15
651.  1.115166E-15
652.  1.110296E-15
653.  1.105441E-15
654.  1.100600E-15
655.  1.095776E-15
656.  1.090967E-15
657.  1.086175E-15
658.  1.081401E-15
659.  1.076646E-15
660.  1.071909E-15
661.  1.067192E-15
662.  1.062495E-15
663.  1.057818E-15
664.  1.053162E-15
665.  1.048528E-15
666.  1.043916E-15
667.  1.039327E-15
668.  1.034760E-15
669.  1.030217E-15
670.  1.025697E-15
671.  1.021201E-15
672.  1.016729E-15
673.  1.012282E-15
674.  1.007860E-15
675.  1.003463E-15
676.  9.990910E-16
677.  9.947447E-16
678.  9.904242E-16
679.  9.861296E-16
680.  9.818611E-16
681.  9.776187E-16
682.  9.734027E-16
683.  9.692132E-16
684.  9.650500E-16
685.  9.609137E-16
686.  9.568038E-16
687.  9.527206E-16
688.  9.486644E-16
689.  9.446346E-16
690.  9.406320E-16
691.  9.366558E-16
692.  9.327066E-16
693.  9.287841E-16
694.  9.248882E-16
695.  9.210194E-16
696.  9.171768E-16
697.  9.133610E-16
698.  9.095717E-16
699.  9.058092E-16
700.  9.020727E-16
701.  8.983629E-16
702.  8.946792E-16
703.  8.910221E-16
704.  8.873910E-16
705.  8.837861E-16
706.  8.802073E-16
707.  8.766545E-16
708.  8.731278E-16
709.  8.696269E-16
710.  8.661520E-16
711.  8.627028E-16
712.  8.592795E-16
713.  8.558820E-16
714.  8.525101E-16
715.  8.491640E-16
716.  8.458437E-16
717.  8.425491E-16
718.  8.392801E-16
719.  8.360369E-16
720.  8.328195E-16
721.  8.296278E-16
722.  8.264621E-16
723.  8.233222E-16
724.  8.202083E-16
725.  8.171204E-16
726.  8.140587E-16
727.  8.110231E-16
728.  8.080141E-16
729.  8.050313E-16
730.  8.020753E-16
731.  7.991461E-16
732.  7.962438E-16
733.  7.933686E-16
734.  7.905206E-16
735.  7.877003E-16
736.  7.849076E-16
737.  7.821428E-16
738.  7.794064E-16
739.  7.766983E-16
740.  7.740190E-16
741.  7.713687E-16
742.  7.687475E-16
743.  7.661561E-16
744.  7.635947E-16
745.  7.610633E-16
746.  7.585627E-16
747.  7.560930E-16
748.  7.536547E-16
749.  7.512479E-16
750.  7.488731E-16
751.  7.465309E-16
752.  7.442216E-16
753.  7.419453E-16
754.  7.397029E-16
755.  7.374945E-16
756.  7.353206E-16
757.  7.331818E-16
758.  7.310783E-16
759.  7.290108E-16
760.  7.269795E-16
761.  7.249850E-16
762.  7.230276E-16
763.  7.211083E-16
764.  7.192269E-16
765.  7.173842E-16
766.  7.155806E-16
767.  7.138166E-16
768.  7.120927E-16
769.  7.104093E-16
770.  7.087669E-16
771.  7.071661E-16
772.  7.056072E-16
773.  7.040905E-16
774.  7.026170E-16
775.  7.011866E-16
776.  6.998000E-16
777.  6.984577E-16
778.  6.971599E-16
779.  6.959072E-16
780.  6.947001E-16
781.  6.935388E-16
782.  6.924238E-16
783.  6.913555E-16
784.  6.903341E-16
785.  6.893602E-16
786.  6.884340E-16
787.  6.875560E-16
788.  6.867264E-16
789.  6.859455E-16
790.  6.852136E-16
791.  6.845312E-16
792.  6.838982E-16
793.  6.833150E-16
794.  6.827819E-16
795.  6.822990E-16
796.  6.818666E-16
797.  6.814847E-16
798.  6.811536E-16
799.  6.808735E-16
800.  6.806443E-16
801.  6.804662E-16
802.  6.803394E-16
803.  6.802637E-16
804.  6.802392E-16
805.  6.802661E-16
806.  6.803442E-16
807.  6.804733E-16
808.  6.806538E-16
809.  6.808851E-16
810.  6.811674E-16
811.  6.815004E-16
812.  6.818841E-16
813.  6.823182E-16
814.  6.828024E-16
815.  6.833366E-16
816.  6.839206E-16
817.  6.845539E-16
818.  6.852364E-16
819.  6.859677E-16
820.  6.867474E-16
821.  6.875751E-16
822.  6.884503E-16
823.  6.893727E-16
824.  6.903418E-16
825.  6.913572E-16
826.  6.924183E-16
827.  6.935244E-16
828.  6.946752E-16
829.  6.958701E-16
830.  6.971082E-16
831.  6.983892E-16
832.  6.997123E-16
833.  7.010768E-16
834.  7.024820E-16
835.  7.039273E-16
836.  7.054118E-16
837.  7.069348E-16
838.  7.084954E-16
839.  7.100928E-16
840.  7.117265E-16
841.  7.133951E-16
842.  7.150982E-16
843.  7.168347E-16
844.  7.186037E-16
845.  7.204043E-16
846.  7.222355E-16
847.  7.240966E-16
848.  7.259862E-16
849.  7.279035E-16
850.  7.298475E-16
851.  7.318175E-16
852.  7.338117E-16
853.  7.358299E-16
854.  7.378705E-16
855.  7.399325E-16
856.  7.420149E-16
857.  7.441166E-16
858.  7.462367E-16
859.  7.483738E-16
860.  7.505268E-16
861.  7.526947E-16
862.  7.548764E-16
863.  7.570706E-16
864.  7.592761E-16
865.  7.614920E-16
866.  7.637172E-16
867.  7.659504E-16
868.  7.681903E-16
869.  7.704360E-16
870.  7.726863E-16
871.  7.749399E-16
872.  7.771958E-16
873.  7.794529E-16
874.  7.817098E-16
875.  7.839655E-16
876.  7.862192E-16
877.  7.884692E-16
878.  7.907148E-16
879.  7.929547E-16
880.  7.951878E-16
881.  7.974130E-16
882.  7.996293E-16
883.  8.018356E-16
884.  8.040308E-16
885.  8.062138E-16
886.  8.083837E-16
887.  8.105394E-16
888.  8.126798E-16
889.  8.148040E-16
890.  8.169110E-16
891.  8.189999E-16
892.  8.210697E-16
893.  8.231195E-16
894.  8.251483E-16
895.  8.271552E-16
896.  8.291394E-16
897.  8.311002E-16
898.  8.330364E-16
899.  8.349474E-16
900.  8.368324E-16
901.  8.386906E-16
902.  8.405216E-16
903.  8.423240E-16
904.  8.440976E-16
905.  8.458414E-16
906.  8.475552E-16
907.  8.492381E-16
908.  8.508893E-16
909.  8.525086E-16
910.  8.540953E-16
911.  8.556488E-16
912.  8.571688E-16
913.  8.586544E-16
914.  8.601056E-16
915.  8.615219E-16
916.  8.629028E-16
917.  8.642481E-16
918.  8.655574E-16
919.  8.668302E-16
920.  8.680665E-16
921.  8.692659E-16
922.  8.704282E-16
923.  8.715533E-16
924.  8.726409E-16
925.  8.736909E-16
926.  8.747033E-16
927.  8.756780E-16
928.  8.766147E-16
929.  8.775136E-16
930.  8.783748E-16
931.  8.791981E-16
932.  8.799837E-16
933.  8.807316E-16
934.  8.814419E-16
935.  8.821149E-16
936.  8.827507E-16
937.  8.833495E-16
938.  8.839113E-16
939.  8.844367E-16
940.  8.849257E-16
941.  8.853788E-16
942.  8.857960E-16
943.  8.861780E-16
944.  8.865251E-16
945.  8.868374E-16
946.  8.871156E-16
947.  8.873603E-16
948.  8.875715E-16
949.  8.877499E-16
950.  8.878961E-16
951.  8.880106E-16
952.  8.880937E-16
953.  8.881462E-16
954.  8.881687E-16
955.  8.881618E-16
956.  8.881259E-16
957.  8.880619E-16
958.  8.879702E-16
959.  8.878518E-16
960.  8.877070E-16
961.  8.875368E-16
962.  8.873419E-16
963.  8.871229E-16
964.  8.868808E-16
965.  8.866160E-16
966.  8.863294E-16
967.  8.860220E-16
968.  8.856941E-16
969.  8.853472E-16
970.  8.849816E-16
971.  8.845984E-16
972.  8.841981E-16
973.  8.837820E-16
974.  8.833505E-16
975.  8.829050E-16
976.  8.824458E-16
977.  8.819741E-16
978.  8.814908E-16
979.  8.809966E-16
980.  8.804924E-16
981.  8.799794E-16
982.  8.794579E-16
983.  8.789295E-16
984.  8.783948E-16
985.  8.778546E-16
986.  8.773097E-16
987.  8.767616E-16
988.  8.762106E-16
989.  8.756577E-16
990.  8.751041E-16
991.  8.745506E-16
992.  8.739981E-16
993.  8.734474E-16
994.  8.728993E-16
995.  8.723549E-16
996.  8.718152E-16
997.  8.712809E-16
998.  8.707529E-16
999.  8.702320E-16
1000.  8.697193E-16
1001.  8.692158E-16
1002.  8.687219E-16
1003.  8.682387E-16
1004.  8.677673E-16
1005.  8.673082E-16
1006.  8.668622E-16
1007.  8.664306E-16
1008.  8.660137E-16
1009.  8.656126E-16
1010.  8.652280E-16
1011.  8.648610E-16
1012.  8.645120E-16
1013.  8.641819E-16
1014.  8.638718E-16
1015.  8.635821E-16
1016.  8.633136E-16
1017.  8.630671E-16
1018.  8.628433E-16
1019.  8.626432E-16
1020.  8.624672E-16
1021.  8.623160E-16
1022.  8.621906E-16
1023.  8.620915E-16
1024.  8.620192E-16
1025.  8.619746E-16
1026.  8.619584E-16
1027.  8.619710E-16
1028.  8.620132E-16
1029.  8.620856E-16
1030.  8.621887E-16
1031.  8.623233E-16
1032.  8.624896E-16
1033.  8.626886E-16
1034.  8.629205E-16
1035.  8.631861E-16
1036.  8.634859E-16
1037.  8.638202E-16
1038.  8.641896E-16
1039.  8.645946E-16
1040.  8.650358E-16
1041.  8.655133E-16
1042.  8.660280E-16
1043.  8.665799E-16
1044.  8.671696E-16
1045.  8.677976E-16
1046.  8.684643E-16
1047.  8.691698E-16
1048.  8.699146E-16
1049.  8.706992E-16
1050.  8.715236E-16
1051.  8.723883E-16
1052.  8.732936E-16
1053.  8.742398E-16
1054.  8.752271E-16
1055.  8.762556E-16
1056.  8.773257E-16
1057.  8.784376E-16
1058.  8.795915E-16
1059.  8.807877E-16
1060.  8.820260E-16
1061.  8.833069E-16
1062.  8.846304E-16
1063.  8.859966E-16
1064.  8.874056E-16
1065.  8.888573E-16
1066.  8.903522E-16
1067.  8.918901E-16
1068.  8.934711E-16
1069.  8.950949E-16
1070.  8.967616E-16
1071.  8.984717E-16
1072.  9.002244E-16
1073.  9.020202E-16
1074.  9.038587E-16
1075.  9.057401E-16
1076.  9.076638E-16
1077.  9.096304E-16
1078.  9.116389E-16
1079.  9.136898E-16
1080.  9.157826E-16
1081.  9.179171E-16
1082.  9.200934E-16
1083.  9.223108E-16
1084.  9.245691E-16
1085.  9.268684E-16
1086.  9.292081E-16
1087.  9.315878E-16
1088.  9.340073E-16
1089.  9.364665E-16
1090.  9.389646E-16
1091.  9.415015E-16
1092.  9.440766E-16
1093.  9.466895E-16
1094.  9.493399E-16
1095.  9.520273E-16
1096.  9.547511E-16
1097.  9.575108E-16
1098.  9.603060E-16
1099.  9.631362E-16
1100.  9.660007E-16
1101.  9.688990E-16
1102.  9.718305E-16
1103.  9.747946E-16
1104.  9.777907E-16
1105.  9.808180E-16
1106.  9.838760E-16
1107.  9.869641E-16
1108.  9.900814E-16
1109.  9.932276E-16
1110.  9.964013E-16
1111.  9.996022E-16
1112.  1.002829E-15
1113.  1.006082E-15
1114.  1.009360E-15
1115.  1.012662E-15
1116.  1.015987E-15
1117.  1.019334E-15
1118.  1.022704E-15
1119.  1.026093E-15
1120.  1.029503E-15
1121.  1.032931E-15
1122.  1.036377E-15
1123.  1.039841E-15
1124.  1.043321E-15
1125.  1.046816E-15
1126.  1.050325E-15
1127.  1.053848E-15
1128.  1.057384E-15
1129.  1.060930E-15
1130.  1.064488E-15
1131.  1.068054E-15
1132.  1.071630E-15
1133.  1.075212E-15
1134.  1.078801E-15
1135.  1.082396E-15
1136.  1.085996E-15
1137.  1.089598E-15
1138.  1.093203E-15
1139.  1.096810E-15
1140.  1.100416E-15
1141.  1.104022E-15
1142.  1.107626E-15
1143.  1.111228E-15
1144.  1.114825E-15
1145.  1.118418E-15
1146.  1.122005E-15
1147.  1.125584E-15
1148.  1.129156E-15
1149.  1.132718E-15
1150.  1.136271E-15
1151.  1.139812E-15
1152.  1.143341E-15
1153.  1.146856E-15
1154.  1.150357E-15
1155.  1.153843E-15
1156.  1.157313E-15
1157.  1.160765E-15
1158.  1.164199E-15
1159.  1.167614E-15
1160.  1.171008E-15
1161.  1.174381E-15
1162.  1.177732E-15
1163.  1.181060E-15
1164.  1.184363E-15
1165.  1.187641E-15
1166.  1.190893E-15
1167.  1.194118E-15
1168.  1.197316E-15
1169.  1.200484E-15
1170.  1.203623E-15
1171.  1.206732E-15
1172.  1.209810E-15
1173.  1.212855E-15
1174.  1.215867E-15
1175.  1.218846E-15
1176.  1.221791E-15
1177.  1.224700E-15
1178.  1.227573E-15
1179.  1.230410E-15
1180.  1.233209E-15
1181.  1.235971E-15
1182.  1.238694E-15
1183.  1.241377E-15
1184.  1.244021E-15
1185.  1.246625E-15
1186.  1.249187E-15
1187.  1.251708E-15
1188.  1.254187E-15
1189.  1.256624E-15
1190.  1.259018E-15
1191.  1.261368E-15
1192.  1.263674E-15
1193.  1.265937E-15
1194.  1.268155E-15
1195.  1.270327E-15
1196.  1.272455E-15
1197.  1.274538E-15
1198.  1.276574E-15
1199.  1.278565E-15
1200.  1.280510E-15
1201.  1.282408E-15
1202.  1.284260E-15
1203.  1.286065E-15
1204.  1.287824E-15
1205.  1.289535E-15
1206.  1.291200E-15
1207.  1.292819E-15
1208.  1.294390E-15
1209.  1.295915E-15
1210.  1.297393E-15
1211.  1.298824E-15
1212.  1.300209E-15
1213.  1.301547E-15
1214.  1.302840E-15
1215.  1.304086E-15
1216.  1.305287E-15
1217.  1.306442E-15
1218.  1.307552E-15
1219.  1.308617E-15
1220.  1.309638E-15
1221.  1.310614E-15
1222.  1.311546E-15
1223.  1.312435E-15
1224.  1.313281E-15
1225.  1.314084E-15
1226.  1.314845E-15
1227.  1.315564E-15
1228.  1.316242E-15
1229.  1.316879E-15
1230.  1.317477E-15
1231.  1.318035E-15
1232.  1.318554E-15
1233.  1.319034E-15
1234.  1.319477E-15
1235.  1.319883E-15
1236.  1.320252E-15
1237.  1.320586E-15
1238.  1.320884E-15
1239.  1.321149E-15
1240.  1.321379E-15
1241.  1.321577E-15
1242.  1.321743E-15
1243.  1.321877E-15
1244.  1.321981E-15
1245.  1.322055E-15
1246.  1.322101E-15
1247.  1.322118E-15
1248.  1.322108E-15
1249.  1.322071E-15
1250.  1.322009E-15
1251.  1.321921E-15
1252.  1.321810E-15
1253.  1.321677E-15
1254.  1.321520E-15
1255.  1.321343E-15
1256.  1.321145E-15
1257.  1.320928E-15
1258.  1.320691E-15
1259.  1.320438E-15
1260.  1.320167E-15
1261.  1.319880E-15
1262.  1.319579E-15
1263.  1.319263E-15
1264.  1.318934E-15
1265.  1.318592E-15
1266.  1.318240E-15
1267.  1.317876E-15
1268.  1.317503E-15
1269.  1.317121E-15
1270.  1.316732E-15
1271.  1.316335E-15
1272.  1.315932E-15
1273.  1.315524E-15
1274.  1.315112E-15
1275.  1.314696E-15
1276.  1.314277E-15
1277.  1.313857E-15
1278.  1.313436E-15
1279.  1.313014E-15
1280.  1.312594E-15
1281.  1.312174E-15
1282.  1.311757E-15
1283.  1.311344E-15
1284.  1.310934E-15
1285.  1.310529E-15
1286.  1.310129E-15
1287.  1.309736E-15
1288.  1.309350E-15
1289.  1.308971E-15
1290.  1.308601E-15
1291.  1.308240E-15
1292.  1.307889E-15
1293.  1.307549E-15
1294.  1.307220E-15
1295.  1.306903E-15
1296.  1.306599E-15
1297.  1.306308E-15
1298.  1.306031E-15
1299.  1.305768E-15
1300.  1.305521E-15
1301.  1.305290E-15
1302.  1.305075E-15
1303.  1.304877E-15
1304.  1.304697E-15
1305.  1.304535E-15
1306.  1.304392E-15
1307.  1.304268E-15
1308.  1.304164E-15
1309.  1.304080E-15
1310.  1.304017E-15
1311.  1.303975E-15
1312.  1.303956E-15
1313.  1.303958E-15
1314.  1.303984E-15
1315.  1.304032E-15
1316.  1.304104E-15
1317.  1.304201E-15
1318.  1.304322E-15
1319.  1.304468E-15
1320.  1.304640E-15
1321.  1.304837E-15
1322.  1.305061E-15
1323.  1.305312E-15
1324.  1.305589E-15
1325.  1.305894E-15
1326.  1.306227E-15
1327.  1.306587E-15
1328.  1.306977E-15
1329.  1.307395E-15
1330.  1.307842E-15
1331.  1.308320E-15
1332.  1.308826E-15
1333.  1.309364E-15
1334.  1.309931E-15
1335.  1.310530E-15
1336.  1.311160E-15
1337.  1.311821E-15
1338.  1.312514E-15
1339.  1.313239E-15
1340.  1.313997E-15
1341.  1.314787E-15
1342.  1.315610E-15
1343.  1.316467E-15
1344.  1.317357E-15
1345.  1.318280E-15
1346.  1.319238E-15
1347.  1.320230E-15
1348.  1.321257E-15
1349.  1.322319E-15
1350.  1.323416E-15
1351.  1.324548E-15
1352.  1.325716E-15
1353.  1.326920E-15
1354.  1.328160E-15
1355.  1.329437E-15
1356.  1.330750E-15
1357.  1.332100E-15
1358.  1.333487E-15
1359.  1.334912E-15
1360.  1.336374E-15
1361.  1.337874E-15
1362.  1.339412E-15
1363.  1.340989E-15
1364.  1.342604E-15
1365.  1.344258E-15
1366.  1.345950E-15
1367.  1.347682E-15
1368.  1.349453E-15
1369.  1.351264E-15
1370.  1.353114E-15
1371.  1.355005E-15
1372.  1.356935E-15
1373.  1.358906E-15
1374.  1.360917E-15
1375.  1.362969E-15
1376.  1.365062E-15
1377.  1.367195E-15
1378.  1.369370E-15
1379.  1.371586E-15
1380.  1.373843E-15
1381.  1.376142E-15
1382.  1.378482E-15
1383.  1.380865E-15
1384.  1.383289E-15
1385.  1.385754E-15
1386.  1.388262E-15
1387.  1.390812E-15
1388.  1.393404E-15
1389.  1.396038E-15
1390.  1.398714E-15
1391.  1.401432E-15
1392.  1.404193E-15
1393.  1.406996E-15
1394.  1.409841E-15
1395.  1.412728E-15
1396.  1.415657E-15
1397.  1.418628E-15
1398.  1.421642E-15
1399.  1.424697E-15
1400.  1.427794E-15
1401.  1.430932E-15
1402.  1.434113E-15
1403.  1.437334E-15
1404.  1.440597E-15
1405.  1.443901E-15
1406.  1.447245E-15
1407.  1.450631E-15
1408.  1.454056E-15
1409.  1.457522E-15
1410.  1.461028E-15
1411.  1.464573E-15
1412.  1.468157E-15
1413.  1.471781E-15
1414.  1.475443E-15
1415.  1.479143E-15
1416.  1.482880E-15
1417.  1.486656E-15
1418.  1.490468E-15
1419.  1.494317E-15
1420.  1.498202E-15
1421.  1.502122E-15
1422.  1.506077E-15
1423.  1.510067E-15
1424.  1.514091E-15
1425.  1.518147E-15
1426.  1.522237E-15
1427.  1.526359E-15
1428.  1.530512E-15
1429.  1.534696E-15
1430.  1.538910E-15
1431.  1.543154E-15
1432.  1.547426E-15
1433.  1.551726E-15
1434.  1.556054E-15
1435.  1.560407E-15
1436.  1.564786E-15
1437.  1.569190E-15
1438.  1.573618E-15
1439.  1.578069E-15
1440.  1.582541E-15
1441.  1.587035E-15
1442.  1.591549E-15
1443.  1.596082E-15
1444.  1.600634E-15
1445.  1.605203E-15
1446.  1.609788E-15
1447.  1.614389E-15
1448.  1.619003E-15
1449.  1.623632E-15
1450.  1.628271E-15
1451.  1.632922E-15
1452.  1.637583E-15
1453.  1.642253E-15
1454.  1.646930E-15
1455.  1.651614E-15
1456.  1.656303E-15
1457.  1.660996E-15
1458.  1.665692E-15
1459.  1.670390E-15
1460.  1.675088E-15
1461.  1.679786E-15
1462.  1.684481E-15
1463.  1.689174E-15
1464.  1.693862E-15
1465.  1.698543E-15
1466.  1.703219E-15
1467.  1.707886E-15
1468.  1.712543E-15
1469.  1.717189E-15
1470.  1.721823E-15
1471.  1.726444E-15
1472.  1.731050E-15
1473.  1.735640E-15
1474.  1.740213E-15
1475.  1.744767E-15
1476.  1.749300E-15
1477.  1.753812E-15
1478.  1.758302E-15
1479.  1.762767E-15
1480.  1.767208E-15
1481.  1.771622E-15
1482.  1.776007E-15
1483.  1.780364E-15
1484.  1.784689E-15
1485.  1.788983E-15
1486.  1.793244E-15
1487.  1.797470E-15
1488.  1.801661E-15
1489.  1.805814E-15
1490.  1.809929E-15
1491.  1.814005E-15
1492.  1.818039E-15
1493.  1.822032E-15
1494.  1.825981E-15
1495.  1.829886E-15
1496.  1.833745E-15
1497.  1.837557E-15
1498.  1.841320E-15
1499.  1.845035E-15
1500.  1.848699E-15
1501.  1.852311E-15
1502.  1.855871E-15
1503.  1.859376E-15
1504.  1.862827E-15
1505.  1.866221E-15
1506.  1.869558E-15
1507.  1.872837E-15
1508.  1.876056E-15
1509.  1.879216E-15
1510.  1.882313E-15
1511.  1.885349E-15
1512.  1.888321E-15
1513.  1.891229E-15
1514.  1.894071E-15
1515.  1.896848E-15
1516.  1.899557E-15
1517.  1.902198E-15
1518.  1.904771E-15
1519.  1.907273E-15
1520.  1.909706E-15
1521.  1.912067E-15
1522.  1.914356E-15
1523.  1.916572E-15
1524.  1.918715E-15
1525.  1.920783E-15
1526.  1.922777E-15
1527.  1.924694E-15
1528.  1.926536E-15
1529.  1.928300E-15
1530.  1.929987E-15
1531.  1.931596E-15
1532.  1.933125E-15
1533.  1.934576E-15
1534.  1.935947E-15
1535.  1.937237E-15
1536.  1.938446E-15
1537.  1.939575E-15
1538.  1.940621E-15
1539.  1.941585E-15
1540.  1.942467E-15
1541.  1.943266E-15
1542.  1.943981E-15
1543.  1.944612E-15
1544.  1.945160E-15
1545.  1.945623E-15
1546.  1.946002E-15
1547.  1.946296E-15
1548.  1.946504E-15
1549.  1.946627E-15
1550.  1.946665E-15
1551.  1.946617E-15
1552.  1.946483E-15
1553.  1.946262E-15
1554.  1.945956E-15
1555.  1.945563E-15
1556.  1.945084E-15
1557.  1.944519E-15
1558.  1.943866E-15
1559.  1.943127E-15
1560.  1.942301E-15
1561.  1.941389E-15
1562.  1.940389E-15
1563.  1.939303E-15
1564.  1.938131E-15
1565.  1.936872E-15
1566.  1.935526E-15
1567.  1.934093E-15
1568.  1.932575E-15
1569.  1.930970E-15
1570.  1.929278E-15
1571.  1.927501E-15
1572.  1.925638E-15
1573.  1.923689E-15
1574.  1.921654E-15
1575.  1.919534E-15
1576.  1.917329E-15
1577.  1.915038E-15
1578.  1.912663E-15
1579.  1.910203E-15
1580.  1.907659E-15
1581.  1.905030E-15
1582.  1.902318E-15
1583.  1.899522E-15
1584.  1.896642E-15
1585.  1.893680E-15
1586.  1.890635E-15
1587.  1.887508E-15
1588.  1.884298E-15
1589.  1.881006E-15
1590.  1.877634E-15
1591.  1.874179E-15
1592.  1.870645E-15
1593.  1.867029E-15
1594.  1.863334E-15
1595.  1.859559E-15
1596.  1.855704E-15
1597.  1.851771E-15
1598.  1.847759E-15
1599.  1.843670E-15
1600.  1.839502E-15
1601.  1.835257E-15
1602.  1.830936E-15
1603.  1.826537E-15
1604.  1.822064E-15
1605.  1.817514E-15
1606.  1.812889E-15
1607.  1.808190E-15
1608.  1.803417E-15
1609.  1.798570E-15
1610.  1.793650E-15
1611.  1.788658E-15
1612.  1.783593E-15
1613.  1.778457E-15
1614.  1.773250E-15
1615.  1.767972E-15
1616.  1.762624E-15
1617.  1.757206E-15
1618.  1.751721E-15
1619.  1.746166E-15
1620.  1.740543E-15
1621.  1.734853E-15
1622.  1.729097E-15
1623.  1.723275E-15
1624.  1.717387E-15
1625.  1.711434E-15
1626.  1.705417E-15
1627.  1.699337E-15
1628.  1.693194E-15
1629.  1.686988E-15
1630.  1.680720E-15
1631.  1.674392E-15
1632.  1.668003E-15
1633.  1.661555E-15
1634.  1.655047E-15
1635.  1.648482E-15
1636.  1.641858E-15
1637.  1.635178E-15
1638.  1.628442E-15
1639.  1.621650E-15
1640.  1.614804E-15
1641.  1.607904E-15
1642.  1.600950E-15
1643.  1.593944E-15
1644.  1.586887E-15
1645.  1.579779E-15
1646.  1.572621E-15
1647.  1.565414E-15
1648.  1.558159E-15
1649.  1.550856E-15
1650.  1.543506E-15
1651.  1.536111E-15
1652.  1.528671E-15
1653.  1.521187E-15
1654.  1.513659E-15
1655.  1.506090E-15
1656.  1.498479E-15
1657.  1.490828E-15
1658.  1.483137E-15
1659.  1.475408E-15
1660.  1.467641E-15
1661.  1.459838E-15
1662.  1.451999E-15
1663.  1.444126E-15
1664.  1.436219E-15
1665.  1.428279E-15
1666.  1.420308E-15
1667.  1.412306E-15
1668.  1.404275E-15
1669.  1.396215E-15
1670.  1.388128E-15
1671.  1.380015E-15
1672.  1.371876E-15
1673.  1.363713E-15
1674.  1.355527E-15
1675.  1.347319E-15
1676.  1.339091E-15
1677.  1.330842E-15
1678.  1.322575E-15
1679.  1.314290E-15
1680.  1.305989E-15
1681.  1.297673E-15
1682.  1.289343E-15
1683.  1.281000E-15
1684.  1.272645E-15
1685.  1.264280E-15
1686.  1.255905E-15
1687.  1.247522E-15
1688.  1.239132E-15
1689.  1.230737E-15
1690.  1.222337E-15
1691.  1.213933E-15
1692.  1.205527E-15
1693.  1.197120E-15
1694.  1.188714E-15
1695.  1.180308E-15
1696.  1.171906E-15
1697.  1.163507E-15
1698.  1.155113E-15
1699.  1.146726E-15
1700.  1.138346E-15
1701.  1.129975E-15
1702.  1.121614E-15
1703.  1.113263E-15
1704.  1.104925E-15
1705.  1.096601E-15
1706.  1.088292E-15
1707.  1.079998E-15
1708.  1.071721E-15
1709.  1.063463E-15
1710.  1.055224E-15
1711.  1.047006E-15
1712.  1.038810E-15
1713.  1.030637E-15
1714.  1.022488E-15
1715.  1.014364E-15
1716.  1.006267E-15
1717.  9.981970E-16
1718.  9.901562E-16
1719.  9.821453E-16
1720.  9.741652E-16
1721.  9.662173E-16
1722.  9.583024E-16
1723.  9.504219E-16
1724.  9.425767E-16
1725.  9.347678E-16
1726.  9.269962E-16
1727.  9.192635E-16
1728.  9.115701E-16
1729.  9.039170E-16
1730.  8.963057E-16
1731.  8.887366E-16
1732.  8.812113E-16
1733.  8.737303E-16
1734.  8.662945E-16
1735.  8.589051E-16
1736.  8.515629E-16
1737.  8.442689E-16
1738.  8.370237E-16
1739.  8.298284E-16
1740.  8.226839E-16
1741.  8.155910E-16
1742.  8.085502E-16
1743.  8.015627E-16
1744.  7.946291E-16
1745.  7.877502E-16
1746.  7.809269E-16
1747.  7.741598E-16
1748.  7.674495E-16
1749.  7.607969E-16
1750.  7.542025E-16
1751.  7.476672E-16
1752.  7.411916E-16
1753.  7.347762E-16
1754.  7.284215E-16
1755.  7.221285E-16
1756.  7.158973E-16
1757.  7.097289E-16
1758.  7.036235E-16
1759.  6.975819E-16
1760.  6.916045E-16
1761.  6.856917E-16
1762.  6.798441E-16
1763.  6.740620E-16
1764.  6.683461E-16
1765.  6.626966E-16
1766.  6.571139E-16
1767.  6.515984E-16
1768.  6.461507E-16
1769.  6.407709E-16
1770.  6.354594E-16
1771.  6.302164E-16
1772.  6.250426E-16
1773.  6.199379E-16
1774.  6.149025E-16
1775.  6.099372E-16
1776.  6.050418E-16
1777.  6.002164E-16
1778.  5.954617E-16
1779.  5.907775E-16
1780.  5.861642E-16
1781.  5.816217E-16
1782.  5.771506E-16
1783.  5.727507E-16
1784.  5.684220E-16
1785.  5.641650E-16
1786.  5.599795E-16
1787.  5.558657E-16
1788.  5.518239E-16
1789.  5.478538E-16
1790.  5.439556E-16
1791.  5.401293E-16
1792.  5.363750E-16
1793.  5.326927E-16
1794.  5.290823E-16
1795.  5.255440E-16
1796.  5.220778E-16
1797.  5.186833E-16
1798.  5.153608E-16
1799.  5.121103E-16
1800.  5.089314E-16
1801.  5.058246E-16
1802.  5.027893E-16
1803.  4.998257E-16
1804.  4.969338E-16
1805.  4.941132E-16
1806.  4.913640E-16
1807.  4.886862E-16
1808.  4.860794E-16
1809.  4.835438E-16
1810.  4.810791E-16
1811.  4.786852E-16
1812.  4.763620E-16
1813.  4.741094E-16
1814.  4.719272E-16
1815.  4.698153E-16
1816.  4.677735E-16
1817.  4.658017E-16
1818.  4.638997E-16
1819.  4.620674E-16
1820.  4.603048E-16
1821.  4.586113E-16
1822.  4.569870E-16
1823.  4.554318E-16
1824.  4.539454E-16
1825.  4.525277E-16
1826.  4.511786E-16
1827.  4.498975E-16
1828.  4.486848E-16
1829.  4.475400E-16
1830.  4.464630E-16
1831.  4.454537E-16
1832.  4.445116E-16
1833.  4.436369E-16
1834.  4.428293E-16
1835.  4.420884E-16
1836.  4.414143E-16
1837.  4.408067E-16
1838.  4.402654E-16
1839.  4.397903E-16
1840.  4.393809E-16
1841.  4.390373E-16
1842.  4.387596E-16
1843.  4.385470E-16
1844.  4.383997E-16
1845.  4.383173E-16
1846.  4.382997E-16
1847.  4.383469E-16
1848.  4.384583E-16
1849.  4.386342E-16
1850.  4.388740E-16
1851.  4.391777E-16
1852.  4.395450E-16
1853.  4.399760E-16
1854.  4.404700E-16
1855.  4.410274E-16
1856.  4.416475E-16
1857.  4.423303E-16
1858.  4.430757E-16
1859.  4.438834E-16
1860.  4.447533E-16
1861.  4.456850E-16
1862.  4.466784E-16
1863.  4.477333E-16
1864.  4.488496E-16
1865.  4.500267E-16
1866.  4.512650E-16
1867.  4.525638E-16
1868.  4.539230E-16
1869.  4.553425E-16
1870.  4.568218E-16
1871.  4.583610E-16
1872.  4.599596E-16
1873.  4.616175E-16
1874.  4.633345E-16
1875.  4.651102E-16
1876.  4.669444E-16
1877.  4.688370E-16
1878.  4.707875E-16
1879.  4.727957E-16
1880.  4.748613E-16
1881.  4.769841E-16
1882.  4.791637E-16
1883.  4.814000E-16
1884.  4.836924E-16
1885.  4.860407E-16
1886.  4.884447E-16
1887.  4.909040E-16
1888.  4.934183E-16
1889.  4.959870E-16
1890.  4.986101E-16
1891.  5.012870E-16
1892.  5.040174E-16
1893.  5.068008E-16
1894.  5.096369E-16
1895.  5.125254E-16
1896.  5.154656E-16
1897.  5.184573E-16
1898.  5.215001E-16
1899.  5.245932E-16
1900.  5.277366E-16
1901.  5.309295E-16
1902.  5.341715E-16
1903.  5.374620E-16
1904.  5.408006E-16
1905.  5.441868E-16
1906.  5.476199E-16
1907.  5.510995E-16
1908.  5.546250E-16
1909.  5.581958E-16
1910.  5.618113E-16
1911.  5.654709E-16
1912.  5.691739E-16
1913.  5.729196E-16
1914.  5.767078E-16
1915.  5.805373E-16
1916.  5.844076E-16
1917.  5.883181E-16
1918.  5.922680E-16
1919.  5.962566E-16
1920.  6.002832E-16
1921.  6.043470E-16
1922.  6.084473E-16
1923.  6.125832E-16
1924.  6.167540E-16
1925.  6.209589E-16
1926.  6.251970E-16
1927.  6.294677E-16
1928.  6.337697E-16
1929.  6.381026E-16
1930.  6.424653E-16
1931.  6.468571E-16
1932.  6.512769E-16
1933.  6.557237E-16
1934.  6.601970E-16
1935.  6.646954E-16
1936.  6.692183E-16
1937.  6.737644E-16
1938.  6.783332E-16
1939.  6.829233E-16
1940.  6.875338E-16
1941.  6.921639E-16
1942.  6.968124E-16
1943.  7.014786E-16
1944.  7.061611E-16
1945.  7.108590E-16
1946.  7.155711E-16
1947.  7.202966E-16
1948.  7.250345E-16
1949.  7.297834E-16
1950.  7.345426E-16
1951.  7.393108E-16
1952.  7.440870E-16
1953.  7.488700E-16
1954.  7.536590E-16
1955.  7.584527E-16
1956.  7.632500E-16
1957.  7.680499E-16
1958.  7.728512E-16
1959.  7.776530E-16
1960.  7.824540E-16
1961.  7.872532E-16
1962.  7.920496E-16
1963.  7.968419E-16
1964.  8.016291E-16
1965.  8.064101E-16
1966.  8.111840E-16
1967.  8.159494E-16
1968.  8.207055E-16
1969.  8.254508E-16
1970.  8.301848E-16
1971.  8.349062E-16
1972.  8.396139E-16
1973.  8.443068E-16
1974.  8.489840E-16
1975.  8.536444E-16
1976.  8.582868E-16
1977.  8.629106E-16
1978.  8.675144E-16
1979.  8.720974E-16
1980.  8.766585E-16
1981.  8.811970E-16
1982.  8.857114E-16
1983.  8.902013E-16
1984.  8.946656E-16
1985.  8.991032E-16
1986.  9.035134E-16
1987.  9.078950E-16
1988.  9.122475E-16
1989.  9.165697E-16
1990.  9.208610E-16
1991.  9.251203E-16
1992.  9.293470E-16
1993.  9.335401E-16
1994.  9.376989E-16
1995.  9.418227E-16
1996.  9.459108E-16
1997.  9.499621E-16
1998.  9.539759E-16
1999.  9.579520E-16
2000.  9.618893E-16
2001.  9.657871E-16
2002.  9.696448E-16
2003.  9.734617E-16
2004.  9.772372E-16
2005.  9.809709E-16
2006.  9.846618E-16
2007.  9.883096E-16
2008.  9.919137E-16
2009.  9.954736E-16
2010.  9.989885E-16
2011.  1.002458E-15
2012.  1.005882E-15
2013.  1.009260E-15
2014.  1.012591E-15
2015.  1.015875E-15
2016.  1.019111E-15
2017.  1.022299E-15
2018.  1.025439E-15
2019.  1.028529E-15
2020.  1.031571E-15
2021.  1.034564E-15
2022.  1.037506E-15
2023.  1.040398E-15
2024.  1.043240E-15
2025.  1.046031E-15
2026.  1.048772E-15
2027.  1.051461E-15
2028.  1.054098E-15
2029.  1.056684E-15
2030.  1.059217E-15
2031.  1.061699E-15
2032.  1.064128E-15
2033.  1.066504E-15
2034.  1.068829E-15
2035.  1.071099E-15
2036.  1.073318E-15
2037.  1.075483E-15
2038.  1.077594E-15
2039.  1.079653E-15
2040.  1.081657E-15
2041.  1.083609E-15
2042.  1.085506E-15
2043.  1.087350E-15
2044.  1.089140E-15
2045.  1.090877E-15
2046.  1.092559E-15
2047.  1.094187E-15
2048.  1.095762E-15
2049.  1.097282E-15
2050.  1.098749E-15
2051.  1.100161E-15
2052.  1.101520E-15
2053.  1.102824E-15
2054.  1.104075E-15
2055.  1.105271E-15
2056.  1.106414E-15
2057.  1.107502E-15
2058.  1.108537E-15
2059.  1.109518E-15
2060.  1.110445E-15
2061.  1.111318E-15
2062.  1.112138E-15
2063.  1.112904E-15
2064.  1.113617E-15
2065.  1.114276E-15
2066.  1.114881E-15
2067.  1.115434E-15
2068.  1.115933E-15
2069.  1.116379E-15
2070.  1.116772E-15
2071.  1.117113E-15
2072.  1.117401E-15
2073.  1.117636E-15
2074.  1.117818E-15
2075.  1.117949E-15
2076.  1.118027E-15
2077.  1.118053E-15
2078.  1.118028E-15
2079.  1.117951E-15
2080.  1.117822E-15
2081.  1.117642E-15
2082.  1.117411E-15
2083.  1.117130E-15
2084.  1.116797E-15
2085.  1.116414E-15
2086.  1.115982E-15
2087.  1.115499E-15
2088.  1.114966E-15
2089.  1.114385E-15
2090.  1.113754E-15
2091.  1.113075E-15
2092.  1.112347E-15
2093.  1.111571E-15
2094.  1.110747E-15
2095.  1.109876E-15
2096.  1.108958E-15
2097.  1.107993E-15
2098.  1.106982E-15
2099.  1.105926E-15
2100.  1.104823E-15
2101.  1.103676E-15
2102.  1.102485E-15
2103.  1.101249E-15
2104.  1.099970E-15
2105.  1.098648E-15
2106.  1.097284E-15
2107.  1.095877E-15
2108.  1.094429E-15
2109.  1.092941E-15
2110.  1.091413E-15
2111.  1.089844E-15
2112.  1.088238E-15
2113.  1.086592E-15
2114.  1.084910E-15
2115.  1.083191E-15
2116.  1.081436E-15
2117.  1.079645E-15
2118.  1.077820E-15
2119.  1.075961E-15
2120.  1.074070E-15
2121.  1.072146E-15
2122.  1.070191E-15
2123.  1.068206E-15
2124.  1.066191E-15
2125.  1.064148E-15
2126.  1.062078E-15
2127.  1.059981E-15
2128.  1.057858E-15
2129.  1.055711E-15
2130.  1.053540E-15
2131.  1.051347E-15
2132.  1.049132E-15
2133.  1.046897E-15
2134.  1.044643E-15
2135.  1.042371E-15
2136.  1.040082E-15
2137.  1.037777E-15
2138.  1.035458E-15
2139.  1.033125E-15
2140.  1.030780E-15
2141.  1.028424E-15
2142.  1.026059E-15
2143.  1.023685E-15
2144.  1.021304E-15
2145.  1.018918E-15
2146.  1.016526E-15
2147.  1.014132E-15
2148.  1.011736E-15
2149.  1.009340E-15
2150.  1.006944E-15
2151.  1.004551E-15
2152.  1.002162E-15
2153.  9.997769E-16
2154.  9.973990E-16
2155.  9.950290E-16
2156.  9.926682E-16
2157.  9.903181E-16
2158.  9.879801E-16
2159.  9.856558E-16
2160.  9.833466E-16
2161.  9.810537E-16
2162.  9.787785E-16
2163.  9.765227E-16
2164.  9.742876E-16
2165.  9.720746E-16
2166.  9.698853E-16
2167.  9.677210E-16
2168.  9.655828E-16
2169.  9.634724E-16
2170.  9.613915E-16
2171.  9.593410E-16
2172.  9.573224E-16
2173.  9.553371E-16
2174.  9.533865E-16
2175.  9.514720E-16
2176.  9.495948E-16
2177.  9.477560E-16
2178.  9.459573E-16
2179.  9.441998E-16
2180.  9.424849E-16
2181.  9.408135E-16
2182.  9.391872E-16
2183.  9.376067E-16
2184.  9.360737E-16
2185.  9.345892E-16
2186.  9.331542E-16
2187.  9.317697E-16
2188.  9.304371E-16
2189.  9.291573E-16
2190.  9.279314E-16
2191.  9.267602E-16
2192.  9.256448E-16
2193.  9.245860E-16
2194.  9.235850E-16
2195.  9.226425E-16
2196.  9.217590E-16
2197.  9.209359E-16
2198.  9.201736E-16
2199.  9.194729E-16
2200.  9.188347E-16
2201.  9.182595E-16
2202.  9.177477E-16
2203.  9.173003E-16
2204.  9.169176E-16
2205.  9.166004E-16
2206.  9.163486E-16
2207.  9.161633E-16
2208.  9.160445E-16
2209.  9.159930E-16
2210.  9.160086E-16
2211.  9.160918E-16
2212.  9.162430E-16
2213.  9.164623E-16
2214.  9.167499E-16
2215.  9.171058E-16
2216.  9.175304E-16
2217.  9.180232E-16
2218.  9.185850E-16
2219.  9.192150E-16
2220.  9.199136E-16
2221.  9.206806E-16
2222.  9.215158E-16
2223.  9.224191E-16
2224.  9.233902E-16
2225.  9.244291E-16
2226.  9.255351E-16
2227.  9.267080E-16
2228.  9.279477E-16
2229.  9.292536E-16
2230.  9.306251E-16
2231.  9.320619E-16
2232.  9.335637E-16
2233.  9.351296E-16
2234.  9.367591E-16
2235.  9.384517E-16
2236.  9.402068E-16
2237.  9.420234E-16
2238.  9.439011E-16
2239.  9.458391E-16
2240.  9.478368E-16
2241.  9.498930E-16
2242.  9.520071E-16
2243.  9.541784E-16
2244.  9.564059E-16
2245.  9.586884E-16
2246.  9.610255E-16
2247.  9.634157E-16
2248.  9.658586E-16
2249.  9.683526E-16
2250.  9.708973E-16
2251.  9.734913E-16
2252.  9.761335E-16
2253.  9.788230E-16
2254.  9.815585E-16
2255.  9.843391E-16
2256.  9.871635E-16
2257.  9.900307E-16
2258.  9.929397E-16
2259.  9.958888E-16
2260.  9.988772E-16
2261.  1.001904E-15
2262.  1.004967E-15
2263.  1.008066E-15
2264.  1.011199E-15
2265.  1.014366E-15
2266.  1.017564E-15
2267.  1.020793E-15
2268.  1.024052E-15
2269.  1.027339E-15
2270.  1.030653E-15
2271.  1.033992E-15
2272.  1.037357E-15
2273.  1.040744E-15
2274.  1.044153E-15
2275.  1.047583E-15
2276.  1.051033E-15
2277.  1.054501E-15
2278.  1.057986E-15
2279.  1.061486E-15
2280.  1.065002E-15
2281.  1.068530E-15
2282.  1.072071E-15
2283.  1.075623E-15
2284.  1.079184E-15
2285.  1.082754E-15
2286.  1.086332E-15
2287.  1.089916E-15
2288.  1.093505E-15
2289.  1.097097E-15
2290.  1.100693E-15
2291.  1.104290E-15
2292.  1.107889E-15
2293.  1.111486E-15
2294.  1.115082E-15
2295.  1.118676E-15
2296.  1.122266E-15
2297.  1.125851E-15
2298.  1.129431E-15
2299.  1.133004E-15
2300.  1.136569E-15
2301.  1.140126E-15
2302.  1.143673E-15
2303.  1.147210E-15
2304.  1.150735E-15
2305.  1.154249E-15
2306.  1.157749E-15
2307.  1.161235E-15
2308.  1.164706E-15
2309.  1.168162E-15
2310.  1.171602E-15
2311.  1.175024E-15
2312.  1.178428E-15
2313.  1.181813E-15
2314.  1.185180E-15
2315.  1.188526E-15
2316.  1.191851E-15
2317.  1.195154E-15
2318.  1.198436E-15
2319.  1.201694E-15
2320.  1.204929E-15
2321.  1.208140E-15
2322.  1.211327E-15
2323.  1.214488E-15
2324.  1.217623E-15
2325.  1.220732E-15
2326.  1.223814E-15
2327.  1.226869E-15
2328.  1.229896E-15
2329.  1.232895E-15
2330.  1.235864E-15
2331.  1.238805E-15
2332.  1.241716E-15
2333.  1.244596E-15
2334.  1.247446E-15
2335.  1.250265E-15
2336.  1.253053E-15
2337.  1.255808E-15
2338.  1.258532E-15
2339.  1.261223E-15
2340.  1.263881E-15
2341.  1.266506E-15
2342.  1.269097E-15
2343.  1.271655E-15
2344.  1.274178E-15
2345.  1.276666E-15
2346.  1.279120E-15
2347.  1.281539E-15
2348.  1.283922E-15
2349.  1.286270E-15
2350.  1.288581E-15
2351.  1.290856E-15
2352.  1.293095E-15
2353.  1.295296E-15
2354.  1.297461E-15
2355.  1.299588E-15
2356.  1.301678E-15
2357.  1.303730E-15
2358.  1.305743E-15
2359.  1.307719E-15
2360.  1.309655E-15
2361.  1.311553E-15
2362.  1.313411E-15
2363.  1.315231E-15
2364.  1.317010E-15
2365.  1.318750E-15
2366.  1.320449E-15
2367.  1.322108E-15
2368.  1.323726E-15
2369.  1.325304E-15
2370.  1.326840E-15
2371.  1.328335E-15
2372.  1.329788E-15
2373.  1.331200E-15
2374.  1.332569E-15
2375.  1.333895E-15
2376.  1.335179E-15
2377.  1.336420E-15
2378.  1.337617E-15
2379.  1.338772E-15
2380.  1.339882E-15
2381.  1.340948E-15
2382.  1.341970E-15
2383.  1.342947E-15
2384.  1.343879E-15
2385.  1.344766E-15
2386.  1.345607E-15
2387.  1.346403E-15
2388.  1.347152E-15
2389.  1.347855E-15
2390.  1.348511E-15
2391.  1.349120E-15
2392.  1.349683E-15
2393.  1.350197E-15
2394.  1.350663E-15
2395.  1.351081E-15
2396.  1.351451E-15
2397.  1.351772E-15
2398.  1.352044E-15
2399.  1.352266E-15
2400.  1.352438E-15
2401.  1.352561E-15
2402.  1.352633E-15
2403.  1.352654E-15
2404.  1.352624E-15
2405.  1.352544E-15
2406.  1.352411E-15
2407.  1.352227E-15
2408.  1.351991E-15
2409.  1.351702E-15
2410.  1.351360E-15
2411.  1.350966E-15
2412.  1.350518E-15
2413.  1.350017E-15
2414.  1.349462E-15
2415.  1.348852E-15
2416.  1.348189E-15
2417.  1.347471E-15
2418.  1.346698E-15
2419.  1.345870E-15
2420.  1.344987E-15
2421.  1.344049E-15
2422.  1.343055E-15
2423.  1.342005E-15
2424.  1.340899E-15
2425.  1.339737E-15
2426.  1.338518E-15
2427.  1.337243E-15
2428.  1.335911E-15
2429.  1.334523E-15
2430.  1.333077E-15
2431.  1.331575E-15
2432.  1.330015E-15
2433.  1.328398E-15
2434.  1.326724E-15
2435.  1.324993E-15
2436.  1.323204E-15
2437.  1.321358E-15
2438.  1.319455E-15
2439.  1.317494E-15
2440.  1.315476E-15
2441.  1.313401E-15
2442.  1.311268E-15
2443.  1.309078E-15
2444.  1.306831E-15
2445.  1.304527E-15
2446.  1.302166E-15
2447.  1.299748E-15
2448.  1.297274E-15
2449.  1.294743E-15
2450.  1.292156E-15
2451.  1.289513E-15
2452.  1.286815E-15
2453.  1.284060E-15
2454.  1.281250E-15
2455.  1.278386E-15
2456.  1.275466E-15
2457.  1.272492E-15
2458.  1.269464E-15
2459.  1.266383E-15
2460.  1.263247E-15
2461.  1.260059E-15
2462.  1.256818E-15
2463.  1.253525E-15
2464.  1.250181E-15
2465.  1.246785E-15
2466.  1.243338E-15
2467.  1.239841E-15
2468.  1.236294E-15
2469.  1.232697E-15
2470.  1.229052E-15
2471.  1.225359E-15
2472.  1.221618E-15
2473.  1.217831E-15
2474.  1.213996E-15
2475.  1.210116E-15
2476.  1.206191E-15
2477.  1.202221E-15
2478.  1.198208E-15
2479.  1.194151E-15
2480.  1.190052E-15
2481.  1.185911E-15
2482.  1.181729E-15
2483.  1.177507E-15
2484.  1.173245E-15
2485.  1.168945E-15
2486.  1.164606E-15
2487.  1.160231E-15
2488.  1.155818E-15
2489.  1.151371E-15
2490.  1.146888E-15
2491.  1.142372E-15
2492.  1.137823E-15
2493.  1.133241E-15
2494.  1.128628E-15
2495.  1.123984E-15
2496.  1.119311E-15
2497.  1.114609E-15
2498.  1.109880E-15
2499.  1.105123E-15
2500.  1.100340E-15
2501.  1.095532E-15
2502.  1.090700E-15
2503.  1.085844E-15
2504.  1.080966E-15
2505.  1.076066E-15
2506.  1.071146E-15
2507.  1.066207E-15
2508.  1.061248E-15
2509.  1.056272E-15
2510.  1.051279E-15
2511.  1.046270E-15
2512.  1.041246E-15
2513.  1.036209E-15
2514.  1.031158E-15
2515.  1.026095E-15
2516.  1.021020E-15
2517.  1.015936E-15
2518.  1.010842E-15
2519.  1.005739E-15
2520.  1.000629E-15
2521.  9.955127E-16
2522.  9.903905E-16
2523.  9.852634E-16
2524.  9.801325E-16
2525.  9.749987E-16
2526.  9.698628E-16
2527.  9.647256E-16
2528.  9.595881E-16
2529.  9.544512E-16
2530.  9.493158E-16
2531.  9.441823E-16
2532.  9.390524E-16
2533.  9.339261E-16
2534.  9.288047E-16
2535.  9.236888E-16
2536.  9.185795E-16
2537.  9.134773E-16
2538.  9.083831E-16
2539.  9.032975E-16
2540.  8.982217E-16
2541.  8.931562E-16
2542.  8.881016E-16
2543.  8.830590E-16
2544.  8.780287E-16
2545.  8.730117E-16
2546.  8.680087E-16
2547.  8.630201E-16
2548.  8.580470E-16
2549.  8.530898E-16
2550.  8.481491E-16
2551.  8.432257E-16
2552.  8.383202E-16
2553.  8.334330E-16
2554.  8.285649E-16
2555.  8.237163E-16
2556.  8.188881E-16
2557.  8.140804E-16
2558.  8.092940E-16
2559.  8.045296E-16
2560.  7.997872E-16
2561.  7.950678E-16
2562.  7.903715E-16
2563.  7.856989E-16
2564.  7.810504E-16
2565.  7.764265E-16
2566.  7.718276E-16
2567.  7.672541E-16
2568.  7.627065E-16
2569.  7.581849E-16
2570.  7.536898E-16
2571.  7.492214E-16
2572.  7.447803E-16
2573.  7.403665E-16
2574.  7.359805E-16
2575.  7.316225E-16
2576.  7.272927E-16
2577.  7.229913E-16
2578.  7.187187E-16
2579.  7.144751E-16
2580.  7.102605E-16
2581.  7.060752E-16
2582.  7.019194E-16
2583.  6.977932E-16
2584.  6.936966E-16
2585.  6.896298E-16
2586.  6.855930E-16
2587.  6.815861E-16
2588.  6.776094E-16
2589.  6.736629E-16
2590.  6.697463E-16
2591.  6.658599E-16
2592.  6.620038E-16
2593.  6.581778E-16
2594.  6.543820E-16
2595.  6.506162E-16
2596.  6.468803E-16
2597.  6.431745E-16
2598.  6.394986E-16
2599.  6.358524E-16
2600.  6.322358E-16
2601.  6.286489E-16
2602.  6.250913E-16
2603.  6.215630E-16
2604.  6.180636E-16
2605.  6.145931E-16
2606.  6.111513E-16
2607.  6.077379E-16
2608.  6.043529E-16
2609.  6.009957E-16
2610.  5.976663E-16
2611.  5.943643E-16
2612.  5.910896E-16
2613.  5.878417E-16
2614.  5.846206E-16
2615.  5.814256E-16
2616.  5.782567E-16
2617.  5.751135E-16
2618.  5.719953E-16
2619.  5.689023E-16
2620.  5.658337E-16
2621.  5.627894E-16
2622.  5.597689E-16
2623.  5.567718E-16
2624.  5.537979E-16
2625.  5.508463E-16
2626.  5.479171E-16
2627.  5.450095E-16
2628.  5.421233E-16
2629.  5.392581E-16
2630.  5.364130E-16
2631.  5.335881E-16
2632.  5.307826E-16
2633.  5.279961E-16
2634.  5.252281E-16
2635.  5.224783E-16
2636.  5.197461E-16
2637.  5.170308E-16
2638.  5.143322E-16
2639.  5.116496E-16
2640.  5.089827E-16
2641.  5.063309E-16
2642.  5.036935E-16
2643.  5.010703E-16
2644.  4.984605E-16
2645.  4.958639E-16
2646.  4.932799E-16
2647.  4.907077E-16
2648.  4.881472E-16
2649.  4.855975E-16
2650.  4.830584E-16
2651.  4.805292E-16
2652.  4.780095E-16
2653.  4.754988E-16
2654.  4.729963E-16
2655.  4.705021E-16
2656.  4.680152E-16
2657.  4.655352E-16
2658.  4.630618E-16
2659.  4.605943E-16
2660.  4.581324E-16
2661.  4.556756E-16
2662.  4.532232E-16
2663.  4.507751E-16
2664.  4.483306E-16
2665.  4.458893E-16
2666.  4.434509E-16
2667.  4.410149E-16
2668.  4.385808E-16
2669.  4.361484E-16
2670.  4.337171E-16
2671.  4.312865E-16
2672.  4.288565E-16
2673.  4.264265E-16
2674.  4.239961E-16
2675.  4.215650E-16
2676.  4.191332E-16
2677.  4.166999E-16
2678.  4.142650E-16
2679.  4.118283E-16
2680.  4.093894E-16
2681.  4.069481E-16
2682.  4.045041E-16
2683.  4.020572E-16
2684.  3.996072E-16
2685.  3.971538E-16
2686.  3.946969E-16
2687.  3.922363E-16
2688.  3.897718E-16
2689.  3.873033E-16
2690.  3.848306E-16
2691.  3.823536E-16
2692.  3.798724E-16
2693.  3.773867E-16
2694.  3.748964E-16
2695.  3.724015E-16
2696.  3.699021E-16
2697.  3.673979E-16
2698.  3.648892E-16
2699.  3.623758E-16
2700.  3.598578E-16
2701.  3.573352E-16
2702.  3.548082E-16
2703.  3.522766E-16
2704.  3.497408E-16
2705.  3.472006E-16
2706.  3.446564E-16
2707.  3.421082E-16
2708.  3.395561E-16
2709.  3.370003E-16
2710.  3.344410E-16
2711.  3.318785E-16
2712.  3.293129E-16
2713.  3.267444E-16
2714.  3.241731E-16
2715.  3.215996E-16
2716.  3.190239E-16
2717.  3.164463E-16
2718.  3.138671E-16
2719.  3.112867E-16
2720.  3.087054E-16
2721.  3.061232E-16
2722.  3.035409E-16
2723.  3.009585E-16
2724.  2.983765E-16
2725.  2.957952E-16
2726.  2.932151E-16
2727.  2.906363E-16
2728.  2.880597E-16
2729.  2.854850E-16
2730.  2.829131E-16
2731.  2.803443E-16
2732.  2.777790E-16
2733.  2.752175E-16
2734.  2.726604E-16
2735.  2.701082E-16
2736.  2.675610E-16
2737.  2.650194E-16
2738.  2.624841E-16
2739.  2.599551E-16
2740.  2.574332E-16
2741.  2.549186E-16
2742.  2.524120E-16
2743.  2.499136E-16
2744.  2.474240E-16
2745.  2.449436E-16
2746.  2.424728E-16
2747.  2.400122E-16
2748.  2.375621E-16
2749.  2.351230E-16
2750.  2.326952E-16
2751.  2.302793E-16
2752.  2.278758E-16
2753.  2.254849E-16
2754.  2.231073E-16
2755.  2.207431E-16
2756.  2.183929E-16
2757.  2.160571E-16
2758.  2.137358E-16
2759.  2.114299E-16
2760.  2.091395E-16
2761.  2.068649E-16
2762.  2.046066E-16
2763.  2.023648E-16
2764.  2.001401E-16
2765.  1.979327E-16
2766.  1.957427E-16
2767.  1.935709E-16
2768.  1.914171E-16
2769.  1.892819E-16
2770.  1.871656E-16
2771.  1.850683E-16
2772.  1.829902E-16
2773.  1.809318E-16
2774.  1.788932E-16
2775.  1.768746E-16
2776.  1.748763E-16
2777.  1.728983E-16
2778.  1.709410E-16
2779.  1.690044E-16
2780.  1.670887E-16
2781.  1.651941E-16
2782.  1.633207E-16
2783.  1.614686E-16
2784.  1.596381E-16
2785.  1.578288E-16
2786.  1.560413E-16
2787.  1.542753E-16
2788.  1.525311E-16
2789.  1.508085E-16
2790.  1.491076E-16
2791.  1.474285E-16
2792.  1.457712E-16
2793.  1.441354E-16
2794.  1.425215E-16
2795.  1.409290E-16
2796.  1.393582E-16
2797.  1.378088E-16
2798.  1.362808E-16
2799.  1.347742E-16
2800.  1.332887E-16
2801.  1.318243E-16
2802.  1.303809E-16
2803.  1.289581E-16
2804.  1.275561E-16
2805.  1.261745E-16
2806.  1.248132E-16
2807.  1.234720E-16
2808.  1.221507E-16
2809.  1.208490E-16
2810.  1.195669E-16
2811.  1.183039E-16
2812.  1.170600E-16
2813.  1.158349E-16
2814.  1.146282E-16
2815.  1.134398E-16
2816.  1.122694E-16
2817.  1.111167E-16
2818.  1.099814E-16
2819.  1.088633E-16
2820.  1.077620E-16
2821.  1.066772E-16
2822.  1.056086E-16
2823.  1.045562E-16
2824.  1.035193E-16
2825.  1.024976E-16
2826.  1.014910E-16
2827.  1.004991E-16
2828.  9.952151E-17
2829.  9.855791E-17
2830.  9.760801E-17
2831.  9.667152E-17
2832.  9.574798E-17
2833.  9.483725E-17
2834.  9.393889E-17
2835.  9.305245E-17
2836.  9.217779E-17
2837.  9.131447E-17
2838.  9.046223E-17
2839.  8.962073E-17
2840.  8.878959E-17
2841.  8.796853E-17
2842.  8.715723E-17
2843.  8.635533E-17
2844.  8.556264E-17
2845.  8.477859E-17
2846.  8.400316E-17
2847.  8.323589E-17
2848.  8.247651E-17
2849.  8.172472E-17
2850.  8.098021E-17
2851.  8.024273E-17
2852.  7.951204E-17
2853.  7.878779E-17
2854.  7.806981E-17
2855.  7.735779E-17
2856.  7.665131E-17
2857.  7.595041E-17
2858.  7.525464E-17
2859.  7.456390E-17
2860.  7.387782E-17
2861.  7.319623E-17
2862.  7.251902E-17
2863.  7.184598E-17
2864.  7.117673E-17
2865.  7.051117E-17
2866.  6.984924E-17
2867.  6.919050E-17
2868.  6.853504E-17
2869.  6.788256E-17
2870.  6.723299E-17
2871.  6.658615E-17
2872.  6.594183E-17
2873.  6.530002E-17
2874.  6.466048E-17
2875.  6.402330E-17
2876.  6.338811E-17
2877.  6.275502E-17
2878.  6.212384E-17
2879.  6.149457E-17
2880.  6.086697E-17
2881.  6.024116E-17
2882.  5.961704E-17
2883.  5.899445E-17
2884.  5.837347E-17
2885.  5.775402E-17
2886.  5.713606E-17
2887.  5.651968E-17
2888.  5.590465E-17
2889.  5.529111E-17
2890.  5.467906E-17
2891.  5.406841E-17
2892.  5.345940E-17
2893.  5.285179E-17
2894.  5.224562E-17
2895.  5.164108E-17
2896.  5.103813E-17
2897.  5.043680E-17
2898.  4.983723E-17
2899.  4.923930E-17
2900.  4.864308E-17
2901.  4.804889E-17
2902.  4.745652E-17
2903.  4.686623E-17
2904.  4.627799E-17
2905.  4.569190E-17
2906.  4.510795E-17
2907.  4.452643E-17
2908.  4.394721E-17
2909.  4.337061E-17
2910.  4.279654E-17
2911.  4.222524E-17
2912.  4.165677E-17
2913.  4.109108E-17
2914.  4.052855E-17
2915.  3.996912E-17
2916.  3.941291E-17
2917.  3.886008E-17
2918.  3.831070E-17
2919.  3.776496E-17
2920.  3.722287E-17
2921.  3.668460E-17
2922.  3.615039E-17
2923.  3.562001E-17
2924.  3.509411E-17
2925.  3.457234E-17
2926.  3.405504E-17
2927.  3.354220E-17
2928.  3.303420E-17
2929.  3.253085E-17
2930.  3.203243E-17
2931.  3.153903E-17
2932.  3.105075E-17
2933.  3.056777E-17
2934.  3.009013E-17
2935.  2.961798E-17
2936.  2.915147E-17
2937.  2.869060E-17
2938.  2.823557E-17
2939.  2.778638E-17
2940.  2.734334E-17
2941.  2.690633E-17
2942.  2.647567E-17
2943.  2.605121E-17
2944.  2.563320E-17
2945.  2.522171E-17
2946.  2.481698E-17
2947.  2.441871E-17
2948.  2.402731E-17
2949.  2.364273E-17
2950.  2.326519E-17
2951.  2.289466E-17
2952.  2.253117E-17
2953.  2.217491E-17
2954.  2.182588E-17
2955.  2.148410E-17
2956.  2.114982E-17
2957.  2.082280E-17
2958.  2.050335E-17
2959.  2.019150E-17
2960.  1.988714E-17
2961.  1.959051E-17
2962.  1.930158E-17
2963.  1.902029E-17
2964.  1.874678E-17
2965.  1.848114E-17
2966.  1.822317E-17
2967.  1.797333E-17
2968.  1.773125E-17
2969.  1.749713E-17
2970.  1.727073E-17
2971.  1.705254E-17
2972.  1.684224E-17
2973.  1.663993E-17
2974.  1.644555E-17
2975.  1.625931E-17
2976.  1.608103E-17
2977.  1.591075E-17
2978.  1.574851E-17
2979.  1.559411E-17
2980.  1.544791E-17
2981.  1.530955E-17
2982.  1.517925E-17
2983.  1.505694E-17
2984.  1.494255E-17
2985.  1.483597E-17
2986.  1.473746E-17
2987.  1.464688E-17
2988.  1.456404E-17
2989.  1.448905E-17
2990.  1.442192E-17
2991.  1.436267E-17
2992.  1.431094E-17
2993.  1.426704E-17
2994.  1.423089E-17
2995.  1.420230E-17
2996.  1.418131E-17
2997.  1.416792E-17
2998.  1.416209E-17
2999.  1.416369E-17
3000.  1.417278E-17
3001.  1.418926E-17
3002.  1.421301E-17
3003.  1.424413E-17
3004.  1.428258E-17
3005.  1.432805E-17
3006.  1.438085E-17
3007.  1.444075E-17
3008.  1.450766E-17
3009.  1.458147E-17
3010.  1.466233E-17
3011.  1.475004E-17
3012.  1.484459E-17
3013.  1.494594E-17
3014.  1.505398E-17
3015.  1.516867E-17
3016.  1.529004E-17
3017.  1.541793E-17
3018.  1.555230E-17
3019.  1.569307E-17
3020.  1.584032E-17
3021.  1.599384E-17
3022.  1.615357E-17
3023.  1.631950E-17
3024.  1.649165E-17
3025.  1.666982E-17
3026.  1.685403E-17
3027.  1.704416E-17
3028.  1.724014E-17
3029.  1.744204E-17
3030.  1.764970E-17
3031.  1.786306E-17
3032.  1.808208E-17
3033.  1.830671E-17
3034.  1.853674E-17
3035.  1.877229E-17
3036.  1.901322E-17
3037.  1.925954E-17
3038.  1.951110E-17
3039.  1.976787E-17
3040.  2.002981E-17
3041.  2.029687E-17
3042.  2.056900E-17
3043.  2.084597E-17
3044.  2.112786E-17
3045.  2.141466E-17
3046.  2.170610E-17
3047.  2.200229E-17
3048.  2.230320E-17
3049.  2.260859E-17
3050.  2.291857E-17
3051.  2.323298E-17
3052.  2.355175E-17
3053.  2.387482E-17
3054.  2.420226E-17
3055.  2.453381E-17
3056.  2.486949E-17
3057.  2.520919E-17
3058.  2.555290E-17
3059.  2.590045E-17
3060.  2.625205E-17
3061.  2.660724E-17
3062.  2.696626E-17
3063.  2.732896E-17
3064.  2.769517E-17
3065.  2.806501E-17
3066.  2.843814E-17
3067.  2.881470E-17
3068.  2.919456E-17
3069.  2.957769E-17
3070.  2.996390E-17
3071.  3.035337E-17
3072.  3.074578E-17
3073.  3.114111E-17
3074.  3.153937E-17
3075.  3.194036E-17
3076.  3.234402E-17
3077.  3.275052E-17
3078.  3.315941E-17
3079.  3.357093E-17
3080.  3.398489E-17
3081.  3.440113E-17
3082.  3.481970E-17
3083.  3.524044E-17
3084.  3.566336E-17
3085.  3.608828E-17
3086.  3.651520E-17
3087.  3.694399E-17
3088.  3.737463E-17
3089.  3.780697E-17
3090.  3.824112E-17
3091.  3.867669E-17
3092.  3.911387E-17
3093.  3.955243E-17
3094.  3.999234E-17
3095.  4.043363E-17
3096.  4.087600E-17
3097.  4.131965E-17
3098.  4.176414E-17
3099.  4.220966E-17
3100.  4.265623E-17
3101.  4.310350E-17
3102.  4.355145E-17
3103.  4.400015E-17
3104.  4.444948E-17
3105.  4.489933E-17
3106.  4.534955E-17
3107.  4.580016E-17
3108.  4.625108E-17
3109.  4.670219E-17
3110.  4.715355E-17
3111.  4.760502E-17
3112.  4.805643E-17
3113.  4.850792E-17
3114.  4.895927E-17
3115.  4.941042E-17
3116.  4.986143E-17
3117.  5.031202E-17
3118.  5.076242E-17
3119.  5.121240E-17
3120.  5.166193E-17
3121.  5.211089E-17
3122.  5.255933E-17
3123.  5.300722E-17
3124.  5.345442E-17
3125.  5.390089E-17
3126.  5.434676E-17
3127.  5.479174E-17
3128.  5.523607E-17
3129.  5.567945E-17
3130.  5.612191E-17
3131.  5.656362E-17
3132.  5.700429E-17
3133.  5.744405E-17
3134.  5.788287E-17
3135.  5.832074E-17
3136.  5.875762E-17
3137.  5.919349E-17
3138.  5.962837E-17
3139.  6.006226E-17
3140.  6.049504E-17
3141.  6.092697E-17
3142.  6.135783E-17
3143.  6.178780E-17
3144.  6.221677E-17
3145.  6.264480E-17
3146.  6.307179E-17
3147.  6.349810E-17
3148.  6.392349E-17
3149.  6.434798E-17
3150.  6.477172E-17
3151.  6.519479E-17
3152.  6.561715E-17
3153.  6.603893E-17
3154.  6.646010E-17
3155.  6.688069E-17
3156.  6.730091E-17
3157.  6.772078E-17
3158.  6.814020E-17
3159.  6.855954E-17
3160.  6.897874E-17
3161.  6.939781E-17
3162.  6.981694E-17
3163.  7.023621E-17
3164.  7.065566E-17
3165.  7.107547E-17
3166.  7.149577E-17
3167.  7.191668E-17
3168.  7.233818E-17
3169.  7.276042E-17
3170.  7.318371E-17
3171.  7.360796E-17
3172.  7.403332E-17
3173.  7.446016E-17
3174.  7.488835E-17
3175.  7.531816E-17
3176.  7.574971E-17
3177.  7.618314E-17
3178.  7.661867E-17
3179.  7.705640E-17
3180.  7.749646E-17
3181.  7.793907E-17
3182.  7.838448E-17
3183.  7.883265E-17
3184.  7.928394E-17
3185.  7.973847E-17
3186.  8.019631E-17
3187.  8.065773E-17
3188.  8.112297E-17
3189.  8.159216E-17
3190.  8.206549E-17
3191.  8.254312E-17
3192.  8.302532E-17
3193.  8.351218E-17
3194.  8.400400E-17
3195.  8.450085E-17
3196.  8.500305E-17
3197.  8.551073E-17
3198.  8.602416E-17
3199.  8.654354E-17
3200.  8.706893E-17
3201.  8.760061E-17
3202.  8.813885E-17
3203.  8.868375E-17
3204.  8.923558E-17
3205.  8.979462E-17
3206.  9.036081E-17
3207.  9.093460E-17
3208.  9.151611E-17
3209.  9.210549E-17
3210.  9.270300E-17
3211.  9.330882E-17
3212.  9.392306E-17
3213.  9.454606E-17
3214.  9.517795E-17
3215.  9.581897E-17
3216.  9.646918E-17
3217.  9.712886E-17
3218.  9.779819E-17
3219.  9.847723E-17
3220.  9.916634E-17
3221.  9.986563E-17
3222.  1.005752E-16
3223.  1.012953E-16
3224.  1.020261E-16
3225.  1.027677E-16
3226.  1.035202E-16
3227.  1.042840E-16
3228.  1.050590E-16
3229.  1.058455E-16
3230.  1.066435E-16
3231.  1.074532E-16
3232.  1.082750E-16
3233.  1.091085E-16
3234.  1.099543E-16
3235.  1.108122E-16
3236.  1.116824E-16
3237.  1.125652E-16
3238.  1.134605E-16
3239.  1.143685E-16
3240.  1.152893E-16
3241.  1.162228E-16
3242.  1.171693E-16
3243.  1.181288E-16
3244.  1.191015E-16
3245.  1.200871E-16
3246.  1.210861E-16
3247.  1.220983E-16
3248.  1.231239E-16
3249.  1.241627E-16
3250.  1.252151E-16
3251.  1.262809E-16
3252.  1.273601E-16
3253.  1.284529E-16
3254.  1.295591E-16
3255.  1.306787E-16
3256.  1.318121E-16
3257.  1.329589E-16
3258.  1.341191E-16
3259.  1.352930E-16
3260.  1.364804E-16
3261.  1.376811E-16
3262.  1.388953E-16
3263.  1.401229E-16
3264.  1.413639E-16
3265.  1.426182E-16
3266.  1.438857E-16
3267.  1.451664E-16
3268.  1.464603E-16
3269.  1.477672E-16
3270.  1.490871E-16
3271.  1.504200E-16
3272.  1.517657E-16
3273.  1.531240E-16
3274.  1.544950E-16
3275.  1.558784E-16
3276.  1.572745E-16
3277.  1.586827E-16
3278.  1.601033E-16
3279.  1.615358E-16
3280.  1.629803E-16
3281.  1.644367E-16
3282.  1.659047E-16
3283.  1.673842E-16
3284.  1.688751E-16
3285.  1.703774E-16
3286.  1.718906E-16
3287.  1.734149E-16
3288.  1.749498E-16
3289.  1.764954E-16
3290.  1.780514E-16
3291.  1.796176E-16
3292.  1.811939E-16
3293.  1.827800E-16
3294.  1.843759E-16
3295.  1.859813E-16
3296.  1.875960E-16
3297.  1.892197E-16
3298.  1.908524E-16
3299.  1.924937E-16
3300.  1.941434E-16
3301.  1.958016E-16
3302.  1.974677E-16
3303.  1.991416E-16
3304.  2.008232E-16
3305.  2.025120E-16
3306.  2.042081E-16
3307.  2.059109E-16
3308.  2.076205E-16
3309.  2.093364E-16
3310.  2.110585E-16
3311.  2.127866E-16
3312.  2.145203E-16
3313.  2.162594E-16
3314.  2.180037E-16
3315.  2.197527E-16
3316.  2.215065E-16
3317.  2.232646E-16
3318.  2.250268E-16
3319.  2.267927E-16
3320.  2.285623E-16
3321.  2.303350E-16
3322.  2.321107E-16
3323.  2.338890E-16
3324.  2.356699E-16
3325.  2.374526E-16
3326.  2.392373E-16
3327.  2.410235E-16
3328.  2.428108E-16
3329.  2.445990E-16
3330.  2.463878E-16
3331.  2.481768E-16
3332.  2.499659E-16
3333.  2.517547E-16
3334.  2.535425E-16
3335.  2.553296E-16
3336.  2.571152E-16
3337.  2.588992E-16
3338.  2.606812E-16
3339.  2.624609E-16
3340.  2.642380E-16
3341.  2.660121E-16
3342.  2.677828E-16
3343.  2.695498E-16
3344.  2.713128E-16
3345.  2.730715E-16
3346.  2.748253E-16
3347.  2.765740E-16
3348.  2.783174E-16
3349.  2.800550E-16
3350.  2.817863E-16
3351.  2.835111E-16
3352.  2.852290E-16
3353.  2.869395E-16
3354.  2.886424E-16
3355.  2.903374E-16
3356.  2.920238E-16
3357.  2.937015E-16
3358.  2.953700E-16
3359.  2.970289E-16
3360.  2.986779E-16
3361.  3.003165E-16
3362.  3.019444E-16
3363.  3.035612E-16
3364.  3.051663E-16
3365.  3.067598E-16
3366.  3.083408E-16
3367.  3.099091E-16
3368.  3.114643E-16
3369.  3.130060E-16
3370.  3.145338E-16
3371.  3.160473E-16
3372.  3.175459E-16
3373.  3.190296E-16
3374.  3.204978E-16
3375.  3.219500E-16
3376.  3.233859E-16
3377.  3.248050E-16
3378.  3.262072E-16
3379.  3.275916E-16
3380.  3.289583E-16
3381.  3.303066E-16
3382.  3.316362E-16
3383.  3.329467E-16
3384.  3.342377E-16
3385.  3.355087E-16
3386.  3.367595E-16
3387.  3.379897E-16
3388.  3.391987E-16
3389.  3.403862E-16
3390.  3.415521E-16
3391.  3.426958E-16
3392.  3.438169E-16
3393.  3.449149E-16
3394.  3.459899E-16
3395.  3.470410E-16
3396.  3.480681E-16
3397.  3.490711E-16
3398.  3.500492E-16
3399.  3.510024E-16
3400.  3.519301E-16
3401.  3.528321E-16
3402.  3.537081E-16
3403.  3.545578E-16
3404.  3.553808E-16
3405.  3.561768E-16
3406.  3.569456E-16
3407.  3.576869E-16
3408.  3.584003E-16
3409.  3.590857E-16
3410.  3.597428E-16
3411.  3.603712E-16
3412.  3.609707E-16
3413.  3.615412E-16
3414.  3.620823E-16
3415.  3.625938E-16
3416.  3.630757E-16
3417.  3.635274E-16
3418.  3.639491E-16
3419.  3.643404E-16
3420.  3.647011E-16
3421.  3.650312E-16
3422.  3.653304E-16
3423.  3.655987E-16
3424.  3.658359E-16
3425.  3.660417E-16
3426.  3.662162E-16
3427.  3.663594E-16
3428.  3.664708E-16
3429.  3.665509E-16
3430.  3.665991E-16
3431.  3.666157E-16
3432.  3.666004E-16
3433.  3.665533E-16
3434.  3.664744E-16
3435.  3.663636E-16
3436.  3.662212E-16
3437.  3.660467E-16
3438.  3.658406E-16
3439.  3.656027E-16
3440.  3.653332E-16
3441.  3.650319E-16
3442.  3.646991E-16
3443.  3.643349E-16
3444.  3.639392E-16
3445.  3.635124E-16
3446.  3.630544E-16
3447.  3.625655E-16
3448.  3.620458E-16
3449.  3.614953E-16
3450.  3.609143E-16
3451.  3.603030E-16
3452.  3.596615E-16
3453.  3.589902E-16
3454.  3.582891E-16
3455.  3.575587E-16
3456.  3.567990E-16
3457.  3.560102E-16
3458.  3.551927E-16
3459.  3.543468E-16
3460.  3.534725E-16
3461.  3.525706E-16
3462.  3.516410E-16
3463.  3.506843E-16
3464.  3.497004E-16
3465.  3.486900E-16
3466.  3.476532E-16
3467.  3.465906E-16
3468.  3.455025E-16
3469.  3.443890E-16
3470.  3.432506E-16
3471.  3.420880E-16
3472.  3.409011E-16
3473.  3.396905E-16
3474.  3.384569E-16
3475.  3.372002E-16
3476.  3.359211E-16
3477.  3.346200E-16
3478.  3.332971E-16
3479.  3.319532E-16
3480.  3.305886E-16
3481.  3.292036E-16
3482.  3.277987E-16
3483.  3.263746E-16
3484.  3.249313E-16
3485.  3.234695E-16
3486.  3.219899E-16
3487.  3.204927E-16
3488.  3.189784E-16
3489.  3.174474E-16
3490.  3.159003E-16
3491.  3.143375E-16
3492.  3.127593E-16
3493.  3.111668E-16
3494.  3.095597E-16
3495.  3.079389E-16
3496.  3.063050E-16
3497.  3.046580E-16
3498.  3.029987E-16
3499.  3.013277E-16
3500.  2.996453E-16
3501.  2.979518E-16
3502.  2.962479E-16
3503.  2.945342E-16
3504.  2.928108E-16
3505.  2.910783E-16
3506.  2.893375E-16
3507.  2.875884E-16
3508.  2.858315E-16
3509.  2.840676E-16
3510.  2.822968E-16
3511.  2.805198E-16
3512.  2.787368E-16
3513.  2.769484E-16
3514.  2.751548E-16
3515.  2.733569E-16
3516.  2.715547E-16
3517.  2.697486E-16
3518.  2.679393E-16
3519.  2.661271E-16
3520.  2.643123E-16
3521.  2.624953E-16
3522.  2.606766E-16
3523.  2.588563E-16
3524.  2.570351E-16
3525.  2.552132E-16
3526.  2.533911E-16
3527.  2.515689E-16
3528.  2.497472E-16
3529.  2.479261E-16
3530.  2.461061E-16
3531.  2.442875E-16
3532.  2.424705E-16
3533.  2.406555E-16
3534.  2.388428E-16
3535.  2.370327E-16
3536.  2.352254E-16
3537.  2.334212E-16
3538.  2.316204E-16
3539.  2.298233E-16
3540.  2.280300E-16
3541.  2.262410E-16
3542.  2.244563E-16
3543.  2.226761E-16
3544.  2.209009E-16
3545.  2.191305E-16
3546.  2.173654E-16
3547.  2.156057E-16
3548.  2.138517E-16
3549.  2.121033E-16
3550.  2.103611E-16
3551.  2.086250E-16
3552.  2.068951E-16
3553.  2.051717E-16
3554.  2.034549E-16
3555.  2.017447E-16
3556.  2.000412E-16
3557.  1.983449E-16
3558.  1.966555E-16
3559.  1.949734E-16
3560.  1.932986E-16
3561.  1.916311E-16
3562.  1.899711E-16
3563.  1.883186E-16
3564.  1.866738E-16
3565.  1.850367E-16
3566.  1.834073E-16
3567.  1.817858E-16
3568.  1.801721E-16
3569.  1.785663E-16
3570.  1.769686E-16
3571.  1.753786E-16
3572.  1.737969E-16
3573.  1.722234E-16
3574.  1.706578E-16
3575.  1.691003E-16
3576.  1.675510E-16
3577.  1.660099E-16
3578.  1.644769E-16
3579.  1.629522E-16
3580.  1.614356E-16
3581.  1.599272E-16
3582.  1.584270E-16
3583.  1.569351E-16
3584.  1.554512E-16
3585.  1.539757E-16
3586.  1.525081E-16
3587.  1.510487E-16
3588.  1.495976E-16
3589.  1.481546E-16
3590.  1.467197E-16
3591.  1.452929E-16
3592.  1.438743E-16
3593.  1.424636E-16
3594.  1.410609E-16
3595.  1.396664E-16
3596.  1.382800E-16
3597.  1.369015E-16
3598.  1.355309E-16
3599.  1.341683E-16
3600.  1.328136E-16
3601.  1.314671E-16
3602.  1.301282E-16
3603.  1.287974E-16
3604.  1.274744E-16
3605.  1.261592E-16
3606.  1.248518E-16
3607.  1.235525E-16
3608.  1.222608E-16
3609.  1.209770E-16
3610.  1.197009E-16
3611.  1.184326E-16
3612.  1.171723E-16
3613.  1.159196E-16
3614.  1.146748E-16
3615.  1.134377E-16
3616.  1.122085E-16
3617.  1.109870E-16
3618.  1.097733E-16
3619.  1.085674E-16
3620.  1.073692E-16
3621.  1.061789E-16
3622.  1.049964E-16
3623.  1.038218E-16
3624.  1.026550E-16
3625.  1.014961E-16
3626.  1.003451E-16
3627.  9.920190E-17
3628.  9.806668E-17
3629.  9.693933E-17
3630.  9.582013E-17
3631.  9.470874E-17
3632.  9.360560E-17
3633.  9.251025E-17
3634.  9.142314E-17
3635.  9.034415E-17
3636.  8.927321E-17
3637.  8.821053E-17
3638.  8.715608E-17
3639.  8.610975E-17
3640.  8.507190E-17
3641.  8.404228E-17
3642.  8.302097E-17
3643.  8.200816E-17
3644.  8.100383E-17
3645.  8.000789E-17
3646.  7.902058E-17
3647.  7.804181E-17
3648.  7.707179E-17
3649.  7.611019E-17
3650.  7.515747E-17
3651.  7.421331E-17
3652.  7.327808E-17
3653.  7.235177E-17
3654.  7.143413E-17
3655.  7.052558E-17
3656.  6.962590E-17
3657.  6.873514E-17
3658.  6.785351E-17
3659.  6.698082E-17
3660.  6.611734E-17
3661.  6.526300E-17
3662.  6.441780E-17
3663.  6.358171E-17
3664.  6.275503E-17
3665.  6.193754E-17
3666.  6.112936E-17
3667.  6.033039E-17
3668.  5.954082E-17
3669.  5.876070E-17
3670.  5.798987E-17
3671.  5.722843E-17
3672.  5.647649E-17
3673.  5.573392E-17
3674.  5.500082E-17
3675.  5.427712E-17
3676.  5.356283E-17
3677.  5.285804E-17
3678.  5.216272E-17
3679.  5.147689E-17
3680.  5.080052E-17
3681.  5.013343E-17
3682.  4.947585E-17
3683.  4.882776E-17
3684.  4.818889E-17
3685.  4.755960E-17
3686.  4.693957E-17
3687.  4.632884E-17
3688.  4.572740E-17
3689.  4.513528E-17
3690.  4.455220E-17
3691.  4.397849E-17
3692.  4.341386E-17
3693.  4.285833E-17
3694.  4.231195E-17
3695.  4.177440E-17
3696.  4.124591E-17
3697.  4.072621E-17
3698.  4.021550E-17
3699.  3.971331E-17
3700.  3.921997E-17
3701.  3.873516E-17
3702.  3.825894E-17
3703.  3.779120E-17
3704.  3.733185E-17
3705.  3.688073E-17
3706.  3.643795E-17
3707.  3.600321E-17
3708.  3.557654E-17
3709.  3.515782E-17
3710.  3.474697E-17
3711.  3.434392E-17
3712.  3.394840E-17
3713.  3.356054E-17
3714.  3.318011E-17
3715.  3.280689E-17
3716.  3.244106E-17
3717.  3.208233E-17
3718.  3.173060E-17
3719.  3.138570E-17
3720.  3.104763E-17
3721.  3.071620E-17
3722.  3.039135E-17
3723.  3.007281E-17
3724.  2.976064E-17
3725.  2.945463E-17
3726.  2.915472E-17
3727.  2.886064E-17
3728.  2.857240E-17
3729.  2.828973E-17
3730.  2.801276E-17
3731.  2.774115E-17
3732.  2.747476E-17
3733.  2.721350E-17
3734.  2.695730E-17
3735.  2.670609E-17
3736.  2.645947E-17
3737.  2.621761E-17
3738.  2.598020E-17
3739.  2.574716E-17
3740.  2.551837E-17
3741.  2.529361E-17
3742.  2.507297E-17
3743.  2.485612E-17
3744.  2.464311E-17
3745.  2.443361E-17
3746.  2.422761E-17
3747.  2.402488E-17
3748.  2.382553E-17
3749.  2.362918E-17
3750.  2.343591E-17
3751.  2.324550E-17
3752.  2.305786E-17
3753.  2.287278E-17
3754.  2.269033E-17
3755.  2.251027E-17
3756.  2.233250E-17
3757.  2.215693E-17
3758.  2.198350E-17
3759.  2.181201E-17
3760.  2.164241E-17
3761.  2.147463E-17
3762.  2.130855E-17
3763.  2.114396E-17
3764.  2.098086E-17
3765.  2.081931E-17
3766.  2.065898E-17
3767.  2.049985E-17
3768.  2.034194E-17
3769.  2.018505E-17
3770.  2.002909E-17
3771.  1.987406E-17
3772.  1.971995E-17
3773.  1.956642E-17
3774.  1.941375E-17
3775.  1.926152E-17
3776.  1.910996E-17
3777.  1.895889E-17
3778.  1.880826E-17
3779.  1.865795E-17
3780.  1.850795E-17
3781.  1.835823E-17
3782.  1.820858E-17
3783.  1.805924E-17
3784.  1.791007E-17
3785.  1.776089E-17
3786.  1.761175E-17
3787.  1.746254E-17
3788.  1.731338E-17
3789.  1.716407E-17
3790.  1.701470E-17
3791.  1.686515E-17
3792.  1.671545E-17
3793.  1.656557E-17
3794.  1.641553E-17
3795.  1.626525E-17
3796.  1.611460E-17
3797.  1.596373E-17
3798.  1.581263E-17
3799.  1.566120E-17
3800.  1.550945E-17
3801.  1.535735E-17
3802.  1.520497E-17
3803.  1.505227E-17
3804.  1.489911E-17
3805.  1.474571E-17
3806.  1.459202E-17
3807.  1.443784E-17
3808.  1.428350E-17
3809.  1.412870E-17
3810.  1.397353E-17
3811.  1.381810E-17
3812.  1.366229E-17
3813.  1.350625E-17
3814.  1.334977E-17
3815.  1.319313E-17
3816.  1.303615E-17
3817.  1.287879E-17
3818.  1.272130E-17
3819.  1.256348E-17
3820.  1.240545E-17
3821.  1.224709E-17
3822.  1.208860E-17
3823.  1.192991E-17
3824.  1.177105E-17
3825.  1.161200E-17
3826.  1.145279E-17
3827.  1.129330E-17
3828.  1.113381E-17
3829.  1.097422E-17
3830.  1.081449E-17
3831.  1.065459E-17
3832.  1.049482E-17
3833.  1.033486E-17
3834.  1.017489E-17
3835.  1.001487E-17
3836.  9.854879E-18
3837.  9.694896E-18
3838.  9.534940E-18
3839.  9.375053E-18
3840.  9.215120E-18
3841.  9.055287E-18
3842.  8.895554E-18
3843.  8.735881E-18
3844.  8.576257E-18
3845.  8.416837E-18
3846.  8.257457E-18
3847.  8.098270E-18
3848.  7.939235E-18
3849.  7.780271E-18
3850.  7.621463E-18
3851.  7.462814E-18
3852.  7.304410E-18
3853.  7.146109E-18
3854.  6.988079E-18
3855.  6.830135E-18
3856.  6.672390E-18
3857.  6.514925E-18
3858.  6.357623E-18
3859.  6.200432E-18
3860.  6.043491E-18
3861.  5.886721E-18
3862.  5.730229E-18
3863.  5.573875E-18
3864.  5.417707E-18
3865.  5.261752E-18
3866.  5.105952E-18
3867.  4.950333E-18
3868.  4.794935E-18
3869.  4.639658E-18
3870.  4.484670E-18
3871.  4.329774E-18
3872.  4.175060E-18
3873.  4.020439E-18
3874.  3.865984E-18
3875.  3.711674E-18
3876.  3.557495E-18
3877.  3.403458E-18
3878.  3.249523E-18
3879.  3.095734E-18
3880.  2.941971E-18
3881.  2.788315E-18
3882.  2.634712E-18
3883.  2.481212E-18
3884.  2.327787E-18
3885.  2.174388E-18
3886.  2.021052E-18
3887.  1.867806E-18
3888.  1.714485E-18
3889.  1.561157E-18
3890.  1.407904E-18
3891.  1.254547E-18
3892.  1.101264E-18
3893.  9.479053E-19
3894.  7.945691E-19
3895.  6.412457E-19
3896.  4.877666E-19
3897.  3.343073E-19
3898.  1.807932E-19
3899.  2.724258E-20
3900.  -1.263886E-19
3901.  -2.800706E-19
3902.  -4.337509E-19
3903.  -5.875799E-19
3904.  -7.414274E-19
3905.  -8.953740E-19
3906.  -1.049323E-18
3907.  -1.203384E-18
3908.  -1.357449E-18
3909.  -1.511573E-18
3910.  -1.665695E-18
3911.  -1.819819E-18
3912.  -1.974035E-18
3913.  -2.128216E-18
3914.  -2.282391E-18
3915.  -2.436591E-18
3916.  -2.590606E-18
3917.  -2.744648E-18
3918.  -2.898607E-18
3919.  -3.052484E-18
3920.  -3.206235E-18
3921.  -3.359780E-18
3922.  -3.513094E-18
3923.  -3.666304E-18
3924.  -3.819284E-18
3925.  -3.971952E-18
3926.  -4.124296E-18
3927.  -4.276295E-18
3928.  -4.427952E-18
3929.  -4.579098E-18
3930.  -4.729906E-18
3931.  -4.880086E-18
3932.  -5.029831E-18
3933.  -5.178825E-18
3934.  -5.327204E-18
3935.  -5.474913E-18
3936.  -5.621752E-18
3937.  -5.767901E-18
3938.  -5.913006E-18
3939.  -6.057272E-18
3940.  -6.200530E-18
3941.  -6.342615E-18
3942.  -6.483562E-18
3943.  -6.623304E-18
3944.  -6.761790E-18
3945.  -6.898864E-18
3946.  -7.034471E-18
3947.  -7.168585E-18
3948.  -7.300965E-18
3949.  -7.431756E-18
3950.  -7.560710E-18
3951.  -7.687911E-18
3952.  -7.812998E-18
3953.  -7.936130E-18
3954.  -8.057073E-18
3955.  -8.175811E-18
3956.  -8.292234E-18
3957.  -8.406077E-18
3958.  -8.517423E-18
3959.  -8.626231E-18
3960.  -8.732217E-18
3961.  -8.835311E-18
3962.  -8.935542E-18
3963.  -9.032695E-18
3964.  -9.126664E-18
3965.  -9.217271E-18
3966.  -9.304498E-18
3967.  -9.388306E-18
3968.  -9.468389E-18
3969.  -9.544769E-18
3970.  -9.617220E-18
3971.  -9.685873E-18
3972.  -9.750374E-18
3973.  -9.810628E-18
3974.  -9.866547E-18
3975.  -9.917996E-18
3976.  -9.964932E-18
3977.  -1.000719E-17
3978.  -1.004459E-17
3979.  -1.007716E-17
3980.  -1.010462E-17
3981.  -1.012695E-17
3982.  -1.014397E-17
3983.  -1.015565E-17
3984.  -1.016180E-17
3985.  -1.016224E-17
3986.  -1.015701E-17
3987.  -1.014593E-17
3988.  -1.012890E-17
3989.  -1.010573E-17
3990.  -1.007643E-17
3991.  -1.004066E-17
3992.  -9.998634E-18
3993.  -9.949937E-18
3994.  -9.894817E-18
3995.  -9.832837E-18
3996.  -9.764075E-18
3997.  -9.688307E-18
3998.  -9.605575E-18
3999.  -9.515566E-18
4000.  -9.418412E-18
4001.  -9.313980E-18
4002.  -9.202112E-18
4003.  -9.082829E-18
4004.  -8.955904E-18
4005.  -8.821334E-18
4006.  -8.679065E-18
4007.  -8.528886E-18
4008.  -8.370945E-18
4009.  -8.205091E-18
4010.  -8.031166E-18
4011.  -7.849171E-18
4012.  -7.659148E-18
4013.  -7.460865E-18
4014.  -7.254374E-18
4015.  -7.039539E-18
4016.  -6.816550E-18
4017.  -6.585121E-18
4018.  -6.345302E-18
4019.  -6.097140E-18
4020.  -5.840508E-18
4021.  -5.575431E-18
4022.  -5.301862E-18
4023.  -5.019839E-18
4024.  -4.729293E-18
4025.  -4.430253E-18
4026.  -4.122766E-18
4027.  -3.806708E-18
4028.  -3.482256E-18
4029.  -3.149373E-18
4030.  -2.807908E-18
4031.  -2.458064E-18
4032.  -2.099831E-18
4033.  -1.733337E-18
4034.  -1.358415E-18
4035.  -9.753713E-19
4036.  -5.839321E-19
4037.  -1.844768E-19
4038.  2.231420E-19
4039.  6.388200E-19
4040.  1.062471E-18
4041.  1.494034E-18
4042.  1.933469E-18
4043.  2.380490E-18
4044.  2.835325E-18
4045.  3.297704E-18
4046.  3.767634E-18
4047.  4.244814E-18
4048.  4.729313E-18
4049.  5.220923E-18
4050.  5.719645E-18
4051.  6.225254E-18
4052.  6.737760E-18
4053.  7.256903E-18
4054.  7.782600E-18
4055.  8.314667E-18
4056.  8.853081E-18
4057.  9.397599E-18
4058.  9.948101E-18
4059.  1.050450E-17
4060.  1.106648E-17
4061.  1.163422E-17
4062.  1.220716E-17
4063.  1.278535E-17
4064.  1.336860E-17
4065.  1.395675E-17
4066.  1.454973E-17
4067.  1.514710E-17
4068.  1.574875E-17
4069.  1.635487E-17
4070.  1.696473E-17
4071.  1.757858E-17
4072.  1.819605E-17
4073.  1.881693E-17
4074.  1.944108E-17
4075.  2.006833E-17
4076.  2.069845E-17
4077.  2.133121E-17
4078.  2.196664E-17
4079.  2.260417E-17
4080.  2.324399E-17
4081.  2.388565E-17
4082.  2.452895E-17
4083.  2.517381E-17
4084.  2.582011E-17
4085.  2.646740E-17
4086.  2.711566E-17
4087.  2.776465E-17
4088.  2.841421E-17
4089.  2.906410E-17
4090.  2.971406E-17
4091.  3.036411E-17
4092.  3.101384E-17
4093.  3.166319E-17
4094.  3.231185E-17
4095.  3.295979E-17
4096.  3.360665E-17
4097.  3.425244E-17
4098.  3.489680E-17
4099.  3.553962E-17
4100.  3.618064E-17
4101.  3.681994E-17
4102.  3.745701E-17
4103.  3.809194E-17
4104.  3.872449E-17
4105.  3.935449E-17
4106.  3.998164E-17
4107.  4.060598E-17
4108.  4.122719E-17
4109.  4.184531E-17
4110.  4.246010E-17
4111.  4.307138E-17
4112.  4.367899E-17
4113.  4.428302E-17
4114.  4.488307E-17
4115.  4.547911E-17
4116.  4.607092E-17
4117.  4.665865E-17
4118.  4.724197E-17
4119.  4.782073E-17
4120.  4.839494E-17
4121.  4.896467E-17
4122.  4.952936E-17
4123.  5.008935E-17
4124.  5.064438E-17
4125.  5.119434E-17
4126.  5.173931E-17
4127.  5.227911E-17
4128.  5.281371E-17
4129.  5.334302E-17
4130.  5.386705E-17
4131.  5.438561E-17
4132.  5.489881E-17
4133.  5.540658E-17
4134.  5.590894E-17
4135.  5.640577E-17
4136.  5.689708E-17
4137.  5.738296E-17
4138.  5.786325E-17
4139.  5.833806E-17
4140.  5.880741E-17
4141.  5.927122E-17
4142.  5.972962E-17
4143.  6.018254E-17
4144.  6.063004E-17
4145.  6.107212E-17
4146.  6.150896E-17
4147.  6.194048E-17
4148.  6.236680E-17
4149.  6.278792E-17
4150.  6.320397E-17
4151.  6.361502E-17
4152.  6.402121E-17
4153.  6.442241E-17
4154.  6.481889E-17
4155.  6.521076E-17
4156.  6.559804E-17
4157.  6.598089E-17
4158.  6.635947E-17
4159.  6.673379E-17
4160.  6.710399E-17
4161.  6.747030E-17
4162.  6.783279E-17
4163.  6.819158E-17
4164.  6.854678E-17
4165.  6.889878E-17
4166.  6.924751E-17
4167.  6.959319E-17
4168.  6.993595E-17
4169.  7.027609E-17
4170.  7.061369E-17
4171.  7.094896E-17
4172.  7.128208E-17
4173.  7.161324E-17
4174.  7.194267E-17
4175.  7.227047E-17
4176.  7.259709E-17
4177.  7.292258E-17
4178.  7.324708E-17
4179.  7.357087E-17
4180.  7.389423E-17
4181.  7.421736E-17
4182.  7.454033E-17
4183.  7.486374E-17
4184.  7.518753E-17
4185.  7.551207E-17
4186.  7.583746E-17
4187.  7.616414E-17
4188.  7.649214E-17
4189.  7.682203E-17
4190.  7.715380E-17
4191.  7.748778E-17
4192.  7.782430E-17
4193.  7.816344E-17
4194.  7.850571E-17
4195.  7.885123E-17
4196.  7.920020E-17
4197.  7.955314E-17
4198.  7.991003E-17
4199.  8.027129E-17
4200.  8.063720E-17
4201.  8.100802E-17
4202.  8.138395E-17
4203.  8.176541E-17
4204.  8.215251E-17
4205.  8.254567E-17
4206.  8.294513E-17
4207.  8.335107E-17
4208.  8.376394E-17
4209.  8.418381E-17
4210.  8.461102E-17
4211.  8.504587E-17
4212.  8.548856E-17
4213.  8.593958E-17
4214.  8.639893E-17
4215.  8.686688E-17
4216.  8.734397E-17
4217.  8.783018E-17
4218.  8.832586E-17
4219.  8.883118E-17
4220.  8.934652E-17
4221.  8.987207E-17
4222.  9.040807E-17
4223.  9.095479E-17
4224.  9.151237E-17
4225.  9.208105E-17
4226.  9.266118E-17
4227.  9.325277E-17
4228.  9.385627E-17
4229.  9.447185E-17
4230.  9.509955E-17
4231.  9.573968E-17
4232.  9.639234E-17
4233.  9.705784E-17
4234.  9.773631E-17
4235.  9.842782E-17
4236.  9.913267E-17
4237.  9.985100E-17
4238.  1.005830E-16
4239.  1.013286E-16
4240.  1.020882E-16
4241.  1.028618E-16
4242.  1.036495E-16
4243.  1.044514E-16
4244.  1.052676E-16
4245.  1.060984E-16
4246.  1.069435E-16
4247.  1.078034E-16
4248.  1.086777E-16
4249.  1.095669E-16
4250.  1.104708E-16
4251.  1.113895E-16
4252.  1.123231E-16
4253.  1.132714E-16
4254.  1.142347E-16
4255.  1.152127E-16
4256.  1.162057E-16
4257.  1.172133E-16
4258.  1.182358E-16
4259.  1.192730E-16
4260.  1.203248E-16
4261.  1.213914E-16
4262.  1.224723E-16
4263.  1.235678E-16
4264.  1.246775E-16
4265.  1.258015E-16
4266.  1.269396E-16
4267.  1.280917E-16
4268.  1.292575E-16
4269.  1.304370E-16
4270.  1.316302E-16
4271.  1.328365E-16
4272.  1.340561E-16
4273.  1.352885E-16
4274.  1.365337E-16
4275.  1.377913E-16
4276.  1.390613E-16
4277.  1.403432E-16
4278.  1.416369E-16
4279.  1.429421E-16
4280.  1.442586E-16
4281.  1.455860E-16
4282.  1.469239E-16
4283.  1.482723E-16
4284.  1.496306E-16
4285.  1.509986E-16
4286.  1.523761E-16
4287.  1.537624E-16
4288.  1.551576E-16
4289.  1.565608E-16
4290.  1.579721E-16
4291.  1.593909E-16
4292.  1.608168E-16
4293.  1.622494E-16
4294.  1.636882E-16
4295.  1.651331E-16
4296.  1.665835E-16
4297.  1.680389E-16
4298.  1.694989E-16
4299.  1.709630E-16
4300.  1.724309E-16
4301.  1.739020E-16
4302.  1.753761E-16
4303.  1.768522E-16
4304.  1.783304E-16
4305.  1.798099E-16
4306.  1.812903E-16
4307.  1.827711E-16
4308.  1.842518E-16
4309.  1.857319E-16
4310.  1.872109E-16
4311.  1.886884E-16
4312.  1.901637E-16
4313.  1.916365E-16
4314.  1.931061E-16
4315.  1.945721E-16
4316.  1.960339E-16
4317.  1.974911E-16
4318.  1.989432E-16
4319.  2.003896E-16
4320.  2.018298E-16
4321.  2.032632E-16
4322.  2.046895E-16
4323.  2.061080E-16
4324.  2.075182E-16
4325.  2.089198E-16
4326.  2.103120E-16
4327.  2.116945E-16
4328.  2.130667E-16
4329.  2.144281E-16
4330.  2.157784E-16
4331.  2.171168E-16
4332.  2.184430E-16
4333.  2.197564E-16
4334.  2.210568E-16
4335.  2.223432E-16
4336.  2.236158E-16
4337.  2.248736E-16
4338.  2.261164E-16
4339.  2.273436E-16
4340.  2.285548E-16
4341.  2.297498E-16
4342.  2.309278E-16
4343.  2.320885E-16
4344.  2.332317E-16
4345.  2.343567E-16
4346.  2.354632E-16
4347.  2.365508E-16
4348.  2.376193E-16
4349.  2.386679E-16
4350.  2.396966E-16
4351.  2.407050E-16
4352.  2.416925E-16
4353.  2.426590E-16
4354.  2.436040E-16
4355.  2.445273E-16
4356.  2.454285E-16
4357.  2.463074E-16
4358.  2.471636E-16
4359.  2.479968E-16
4360.  2.488068E-16
4361.  2.495932E-16
4362.  2.503558E-16
4363.  2.510945E-16
4364.  2.518089E-16
4365.  2.524988E-16
4366.  2.531640E-16
4367.  2.538042E-16
4368.  2.544193E-16
4369.  2.550091E-16
4370.  2.555733E-16
4371.  2.561119E-16
4372.  2.566245E-16
4373.  2.571113E-16
4374.  2.575719E-16
4375.  2.580062E-16
4376.  2.584142E-16
4377.  2.587955E-16
4378.  2.591502E-16
4379.  2.594782E-16
4380.  2.597794E-16
4381.  2.600537E-16
4382.  2.603012E-16
4383.  2.605215E-16
4384.  2.607148E-16
4385.  2.608811E-16
4386.  2.610201E-16
4387.  2.611320E-16
4388.  2.612166E-16
4389.  2.612744E-16
4390.  2.613047E-16
4391.  2.613079E-16
4392.  2.612839E-16
4393.  2.612328E-16
4394.  2.611547E-16
4395.  2.610495E-16
4396.  2.609171E-16
4397.  2.607581E-16
4398.  2.605720E-16
4399.  2.603592E-16
4400.  2.601197E-16
4401.  2.598535E-16
4402.  2.595608E-16
4403.  2.592415E-16
4404.  2.588960E-16
4405.  2.585242E-16
4406.  2.581264E-16
4407.  2.577025E-16
4408.  2.572528E-16
4409.  2.567773E-16
4410.  2.562763E-16
4411.  2.557500E-16
4412.  2.551983E-16
4413.  2.546214E-16
4414.  2.540197E-16
4415.  2.533932E-16
4416.  2.527422E-16
4417.  2.520666E-16
4418.  2.513670E-16
4419.  2.506432E-16
4420.  2.498957E-16
4421.  2.491245E-16
4422.  2.483299E-16
4423.  2.475122E-16
4424.  2.466713E-16
4425.  2.458078E-16
4426.  2.449217E-16
4427.  2.440133E-16
4428.  2.430828E-16
4429.  2.421305E-16
4430.  2.411566E-16
4431.  2.401614E-16
4432.  2.391449E-16
4433.  2.381078E-16
4434.  2.370500E-16
4435.  2.359719E-16
4436.  2.348738E-16
4437.  2.337558E-16
4438.  2.326185E-16
4439.  2.314617E-16
4440.  2.302861E-16
4441.  2.290918E-16
4442.  2.278791E-16
4443.  2.266483E-16
4444.  2.253998E-16
4445.  2.241337E-16
4446.  2.228504E-16
4447.  2.215503E-16
4448.  2.202336E-16
4449.  2.189006E-16
4450.  2.175518E-16
4451.  2.161871E-16
4452.  2.148071E-16
4453.  2.134123E-16
4454.  2.120028E-16
4455.  2.105789E-16
4456.  2.091410E-16
4457.  2.076894E-16
4458.  2.062245E-16
4459.  2.047465E-16
4460.  2.032560E-16
4461.  2.017531E-16
4462.  2.002383E-16
4463.  1.987118E-16
4464.  1.971741E-16
4465.  1.956254E-16
4466.  1.940662E-16
4467.  1.924968E-16
4468.  1.909176E-16
4469.  1.893289E-16
4470.  1.877311E-16
4471.  1.861245E-16
4472.  1.845095E-16
4473.  1.828864E-16
4474.  1.812559E-16
4475.  1.796178E-16
4476.  1.779730E-16
4477.  1.763217E-16
4478.  1.746642E-16
4479.  1.730009E-16
4480.  1.713322E-16
4481.  1.696583E-16
4482.  1.679798E-16
4483.  1.662971E-16
4484.  1.646103E-16
4485.  1.629202E-16
4486.  1.612269E-16
4487.  1.595307E-16
4488.  1.578321E-16
4489.  1.561315E-16
4490.  1.544292E-16
4491.  1.527256E-16
4492.  1.510211E-16
4493.  1.493161E-16
4494.  1.476108E-16
4495.  1.459059E-16
4496.  1.442013E-16
4497.  1.424978E-16
4498.  1.407956E-16
4499.  1.390949E-16
4500.  1.373962E-16
