1.  -1.122596E-22
2.  -6.114520E-23
3.  -7.875931E-23
4.  -1.220157E-22
5.  -9.591371E-23
6.  -1.224290E-22
7.  -1.809490E-23
8.  -1.594007E-22
9.  -8.703398E-23
10.  -1.441816E-22
11.  -9.844029E-23
12.  -1.245128E-22
13.  -1.452617E-22
14.  -1.359294E-22
15.  -9.121139E-23
16.  -8.536855E-23
17.  -1.485480E-22
18.  -1.236745E-22
19.  -8.007263E-23
20.  -7.471337E-23
21.  -3.080125E-23
22.  -1.378521E-22
23.  -1.074139E-22
24.  -2.202221E-22
25.  -1.406108E-22
26.  -1.121770E-22
27.  -8.489456E-23
28.  -1.359948E-22
29.  -1.381119E-22
30.  -1.278809E-22
31.  -1.282325E-22
32.  -8.947156E-23
33.  -1.266561E-22
34.  -1.114064E-22
35.  -3.930843E-23
36.  -1.502597E-22
37.  -7.629028E-23
38.  -1.344461E-22
39.  -1.559252E-22
40.  -1.072802E-22
41.  -1.518509E-22
42.  -1.031843E-22
43.  -7.199049E-23
44.  -9.619352E-23
45.  -9.004021E-23
46.  -1.177869E-22
47.  -1.290945E-22
48.  -1.582850E-22
49.  -5.353292E-23
50.  -1.886264E-22
51.  -1.220328E-22
52.  -1.335412E-22
53.  -6.021921E-23
54.  -1.014688E-22
55.  -1.553356E-22
56.  -1.060274E-22
57.  -1.872630E-22
58.  -9.782471E-23
59.  -1.423650E-22
60.  -8.700694E-23
61.  -1.390819E-22
62.  -1.531219E-22
63.  -1.080996E-22
64.  -4.131573E-23
65.  -9.489713E-23
66.  -1.715749E-22
67.  -1.037449E-22
68.  -5.297029E-23
69.  -1.598128E-22
70.  -1.514683E-22
71.  -6.056854E-23
72.  -9.948760E-23
73.  -1.044260E-22
74.  -1.021352E-22
75.  -1.182526E-22
76.  -1.255870E-22
77.  -1.164047E-22
78.  -1.781186E-22
79.  -1.100241E-22
80.  -8.882874E-23
81.  -1.495768E-22
82.  -1.027874E-22
83.  -3.863109E-23
84.  -1.122668E-22
85.  7.161318E-24
86.  -6.988148E-23
87.  -1.419641E-22
88.  -1.328039E-22
89.  -1.138547E-22
90.  -9.963391E-23
91.  -1.315735E-22
92.  -6.603141E-23
93.  -1.025579E-22
94.  -6.346469E-23
95.  -6.096224E-23
96.  -5.198623E-23
97.  -8.108381E-23
98.  -1.286019E-22
99.  -6.775221E-23
100.  -1.704670E-22
101.  -1.714286E-22
102.  -1.161273E-22
103.  -2.061137E-22
104.  -9.343782E-23
105.  -4.854595E-23
106.  -1.934070E-22
107.  -3.684475E-23
108.  -1.056932E-22
109.  -1.621830E-22
110.  -5.246019E-23
111.  -1.272817E-22
112.  -4.642922E-23
113.  -5.824118E-23
114.  -1.462453E-22
115.  8.134734E-24
116.  -6.026567E-23
117.  -1.050643E-22
118.  -8.265031E-23
119.  -9.422733E-23
120.  -6.987347E-23
121.  -1.248405E-22
122.  -9.123213E-23
123.  -3.704935E-23
124.  -1.576257E-22
125.  -8.917449E-23
126.  -1.423061E-22
127.  -9.009967E-23
128.  -8.501005E-23
129.  -1.100507E-22
130.  -1.495015E-22
131.  -1.062803E-22
132.  -8.430245E-23
133.  -1.426931E-22
134.  -3.205875E-23
135.  -1.066329E-22
136.  -5.229513E-23
137.  -8.348630E-23
138.  -1.141438E-22
139.  -1.407808E-23
140.  -3.612657E-23
141.  3.737358E-24
142.  -2.714133E-23
143.  8.314536E-23
144.  7.093632E-23
145.  1.311382E-22
146.  1.339465E-22
147.  1.144054E-22
148.  1.436271E-22
149.  2.322690E-22
150.  2.106198E-22
151.  3.155935E-22
152.  2.608570E-22
153.  4.467425E-22
154.  4.814170E-22
155.  6.025435E-22
156.  6.487330E-22
157.  8.262379E-22
158.  9.920535E-22
159.  1.151637E-21
160.  1.297797E-21
161.  1.511776E-21
162.  1.709331E-21
163.  2.098874E-21
164.  2.298078E-21
165.  2.714638E-21
166.  3.166001E-21
167.  3.480726E-21
168.  4.067127E-21
169.  4.730822E-21
170.  5.402642E-21
171.  6.062419E-21
172.  6.999882E-21
173.  7.987621E-21
174.  9.094350E-21
175.  1.033613E-20
176.  1.178780E-20
177.  1.344325E-20
178.  1.506103E-20
179.  1.723693E-20
180.  1.951341E-20
181.  2.213122E-20
182.  2.493725E-20
183.  2.825999E-20
184.  3.188159E-20
185.  3.592980E-20
186.  4.059102E-20
187.  4.570435E-20
188.  5.141154E-20
189.  5.784076E-20
190.  6.496525E-20
191.  7.294863E-20
192.  8.186099E-20
193.  9.182146E-20
194.  1.027180E-19
195.  1.150057E-19
196.  1.286422E-19
197.  1.437959E-19
198.  1.604963E-19
199.  1.791177E-19
200.  1.997310E-19
201.  2.224861E-19
202.  2.477085E-19
203.  2.756138E-19
204.  3.063544E-19
205.  3.402171E-19
206.  3.775546E-19
207.  4.187254E-19
208.  4.641707E-19
209.  5.139032E-19
210.  5.686972E-19
211.  6.288175E-19
212.  6.947912E-19
213.  7.672205E-19
214.  8.463285E-19
215.  9.331184E-19
216.  1.027946E-18
217.  1.131578E-18
218.  1.244887E-18
219.  1.368437E-18
220.  1.503197E-18
221.  1.649909E-18
222.  1.809732E-18
223.  1.983516E-18
224.  2.172478E-18
225.  2.377623E-18
226.  2.600294E-18
227.  2.841907E-18
228.  3.103634E-18
229.  3.387133E-18
230.  3.693902E-18
231.  4.025485E-18
232.  4.383873E-18
233.  4.770714E-18
234.  5.188025E-18
235.  5.637802E-18
236.  6.122398E-18
237.  6.643873E-18
238.  7.204866E-18
239.  7.807586E-18
240.  8.454994E-18
241.  9.149625E-18
242.  9.894483E-18
243.  1.069266E-17
244.  1.154720E-17
245.  1.246156E-17
246.  1.343905E-17
247.  1.448341E-17
248.  1.559817E-17
249.  1.678737E-17
250.  1.805509E-17
251.  1.940524E-17
252.  2.084243E-17
253.  2.237105E-17
254.  2.399548E-17
255.  2.572090E-17
256.  2.755199E-17
257.  2.949364E-17
258.  3.155131E-17
259.  3.373027E-17
260.  3.603586E-17
261.  3.847386E-17
262.  4.104994E-17
263.  4.376978E-17
264.  4.663947E-17
265.  4.966511E-17
266.  5.285272E-17
267.  5.620861E-17
268.  5.973912E-17
269.  6.345079E-17
270.  6.735008E-17
271.  7.144324E-17
272.  7.573727E-17
273.  8.023833E-17
274.  8.495339E-17
275.  8.988891E-17
276.  9.505181E-17
277.  1.004484E-16
278.  1.060853E-16
279.  1.119690E-16
280.  1.181061E-16
281.  1.245030E-16
282.  1.311658E-16
283.  1.381009E-16
284.  1.453140E-16
285.  1.528111E-16
286.  1.605981E-16
287.  1.686802E-16
288.  1.770629E-16
289.  1.857512E-16
290.  1.947501E-16
291.  2.040640E-16
292.  2.136972E-16
293.  2.236539E-16
294.  2.339377E-16
295.  2.445516E-16
296.  2.554992E-16
297.  2.667828E-16
298.  2.784047E-16
299.  2.903668E-16
300.  3.026704E-16
301.  3.153168E-16
302.  3.283065E-16
303.  3.416392E-16
304.  3.553151E-16
305.  3.693332E-16
306.  3.836921E-16
307.  3.983902E-16
308.  4.134250E-16
309.  4.287940E-16
310.  4.444935E-16
311.  4.605197E-16
312.  4.768686E-16
313.  4.935350E-16
314.  5.105139E-16
315.  5.277989E-16
316.  5.453838E-16
317.  5.632616E-16
318.  5.814250E-16
319.  5.998660E-16
320.  6.185761E-16
321.  6.375466E-16
322.  6.567675E-16
323.  6.762296E-16
324.  6.959226E-16
325.  7.158355E-16
326.  7.359575E-16
327.  7.562765E-16
328.  7.767813E-16
329.  7.974592E-16
330.  8.182979E-16
331.  8.392843E-16
332.  8.604052E-16
333.  8.816473E-16
334.  9.029969E-16
335.  9.244401E-16
336.  9.459627E-16
337.  9.675502E-16
338.  9.891885E-16
339.  1.010863E-15
340.  1.032559E-15
341.  1.054262E-15
342.  1.075957E-15
343.  1.097628E-15
344.  1.119263E-15
345.  1.140845E-15
346.  1.162361E-15
347.  1.183795E-15
348.  1.205133E-15
349.  1.226361E-15
350.  1.247465E-15
351.  1.268430E-15
352.  1.289243E-15
353.  1.309891E-15
354.  1.330359E-15
355.  1.350635E-15
356.  1.370705E-15
357.  1.390559E-15
358.  1.410182E-15
359.  1.429564E-15
360.  1.448692E-15
361.  1.467556E-15
362.  1.486144E-15
363.  1.504445E-15
364.  1.522451E-15
365.  1.540150E-15
366.  1.557534E-15
367.  1.574592E-15
368.  1.591317E-15
369.  1.607699E-15
370.  1.623732E-15
371.  1.639407E-15
372.  1.654717E-15
373.  1.669656E-15
374.  1.684216E-15
375.  1.698392E-15
376.  1.712177E-15
377.  1.725567E-15
378.  1.738555E-15
379.  1.751138E-15
380.  1.763311E-15
381.  1.775070E-15
382.  1.786410E-15
383.  1.797329E-15
384.  1.807823E-15
385.  1.817889E-15
386.  1.827524E-15
387.  1.836727E-15
388.  1.845495E-15
389.  1.853826E-15
390.  1.861718E-15
391.  1.869170E-15
392.  1.876182E-15
393.  1.882752E-15
394.  1.888879E-15
395.  1.894563E-15
396.  1.899805E-15
397.  1.904604E-15
398.  1.908959E-15
399.  1.912873E-15
400.  1.916345E-15
401.  1.919376E-15
402.  1.921969E-15
403.  1.924123E-15
404.  1.925841E-15
405.  1.927124E-15
406.  1.927976E-15
407.  1.928397E-15
408.  1.928391E-15
409.  1.927961E-15
410.  1.927110E-15
411.  1.925840E-15
412.  1.924157E-15
413.  1.922063E-15
414.  1.919564E-15
415.  1.916664E-15
416.  1.913367E-15
417.  1.909679E-15
418.  1.905606E-15
419.  1.901153E-15
420.  1.896326E-15
421.  1.891133E-15
422.  1.885580E-15
423.  1.879675E-15
424.  1.873424E-15
425.  1.866836E-15
426.  1.859920E-15
427.  1.852685E-15
428.  1.845138E-15
429.  1.837291E-15
430.  1.829152E-15
431.  1.820733E-15
432.  1.812043E-15
433.  1.803094E-15
434.  1.793897E-15
435.  1.784464E-15
436.  1.774806E-15
437.  1.764938E-15
438.  1.754870E-15
439.  1.744616E-15
440.  1.734189E-15
441.  1.723604E-15
442.  1.712874E-15
443.  1.702013E-15
444.  1.691036E-15
445.  1.679957E-15
446.  1.668792E-15
447.  1.657555E-15
448.  1.646262E-15
449.  1.634928E-15
450.  1.623568E-15
451.  1.612199E-15
452.  1.600836E-15
453.  1.589494E-15
454.  1.578189E-15
455.  1.566938E-15
456.  1.555755E-15
457.  1.544657E-15
458.  1.533659E-15
459.  1.522777E-15
460.  1.512026E-15
461.  1.501421E-15
462.  1.490977E-15
463.  1.480709E-15
464.  1.470632E-15
465.  1.460759E-15
466.  1.451104E-15
467.  1.441682E-15
468.  1.432506E-15
469.  1.423589E-15
470.  1.414942E-15
471.  1.406579E-15
472.  1.398511E-15
473.  1.390749E-15
474.  1.383304E-15
475.  1.376186E-15
476.  1.369406E-15
477.  1.362971E-15
478.  1.356892E-15
479.  1.351176E-15
480.  1.345831E-15
481.  1.340864E-15
482.  1.336280E-15
483.  1.332088E-15
484.  1.328290E-15
485.  1.324893E-15
486.  1.321901E-15
487.  1.319315E-15
488.  1.317141E-15
489.  1.315379E-15
490.  1.314032E-15
491.  1.313100E-15
492.  1.312584E-15
493.  1.312485E-15
494.  1.312799E-15
495.  1.313528E-15
496.  1.314668E-15
497.  1.316217E-15
498.  1.318173E-15
499.  1.320530E-15
500.  1.323286E-15
501.  1.326435E-15
502.  1.329972E-15
503.  1.333891E-15
504.  1.338187E-15
505.  1.342851E-15
506.  1.347878E-15
507.  1.353258E-15
508.  1.358983E-15
509.  1.365046E-15
510.  1.371437E-15
511.  1.378145E-15
512.  1.385161E-15
513.  1.392475E-15
514.  1.400075E-15
515.  1.407950E-15
516.  1.416089E-15
517.  1.424479E-15
518.  1.433108E-15
519.  1.441963E-15
520.  1.451031E-15
521.  1.460298E-15
522.  1.469751E-15
523.  1.479375E-15
524.  1.489155E-15
525.  1.499078E-15
526.  1.509128E-15
527.  1.519289E-15
528.  1.529545E-15
529.  1.539882E-15
530.  1.550282E-15
531.  1.560729E-15
532.  1.571207E-15
533.  1.581699E-15
534.  1.592188E-15
535.  1.602655E-15
536.  1.613085E-15
537.  1.623460E-15
538.  1.633761E-15
539.  1.643972E-15
540.  1.654074E-15
541.  1.664049E-15
542.  1.673880E-15
543.  1.683549E-15
544.  1.693037E-15
545.  1.702328E-15
546.  1.711402E-15
547.  1.720243E-15
548.  1.728833E-15
549.  1.737154E-15
550.  1.745190E-15
551.  1.752924E-15
552.  1.760338E-15
553.  1.767416E-15
554.  1.774144E-15
555.  1.780504E-15
556.  1.786482E-15
557.  1.792063E-15
558.  1.797232E-15
559.  1.801977E-15
560.  1.806283E-15
561.  1.810139E-15
562.  1.813532E-15
563.  1.816452E-15
564.  1.818886E-15
565.  1.820827E-15
566.  1.822264E-15
567.  1.823190E-15
568.  1.823597E-15
569.  1.823478E-15
570.  1.822828E-15
571.  1.821642E-15
572.  1.819916E-15
573.  1.817646E-15
574.  1.814832E-15
575.  1.811472E-15
576.  1.807566E-15
577.  1.803114E-15
578.  1.798119E-15
579.  1.792583E-15
580.  1.786511E-15
581.  1.779907E-15
582.  1.772777E-15
583.  1.765128E-15
584.  1.756966E-15
585.  1.748302E-15
586.  1.739145E-15
587.  1.729504E-15
588.  1.719392E-15
589.  1.708821E-15
590.  1.697803E-15
591.  1.686353E-15
592.  1.674485E-15
593.  1.662214E-15
594.  1.649556E-15
595.  1.636529E-15
596.  1.623148E-15
597.  1.609434E-15
598.  1.595402E-15
599.  1.581073E-15
600.  1.566465E-15
601.  1.551599E-15
602.  1.536495E-15
603.  1.521172E-15
604.  1.505652E-15
605.  1.489955E-15
606.  1.474103E-15
607.  1.458115E-15
608.  1.442015E-15
609.  1.425823E-15
610.  1.409559E-15
611.  1.393246E-15
612.  1.376904E-15
613.  1.360555E-15
614.  1.344218E-15
615.  1.327914E-15
616.  1.311664E-15
617.  1.295487E-15
618.  1.279403E-15
619.  1.263431E-15
620.  1.247589E-15
621.  1.231896E-15
622.  1.216370E-15
623.  1.201027E-15
624.  1.185884E-15
625.  1.170958E-15
626.  1.156264E-15
627.  1.141817E-15
628.  1.127631E-15
629.  1.113719E-15
630.  1.100095E-15
631.  1.086770E-15
632.  1.073757E-15
633.  1.061066E-15
634.  1.048707E-15
635.  1.036689E-15
636.  1.025021E-15
637.  1.013711E-15
638.  1.002766E-15
639.  9.921919E-16
640.  9.819947E-16
641.  9.721793E-16
642.  9.627494E-16
643.  9.537088E-16
644.  9.450598E-16
645.  9.368043E-16
646.  9.289436E-16
647.  9.214780E-16
648.  9.144075E-16
649.  9.077309E-16
650.  9.014466E-16
651.  8.955525E-16
652.  8.900455E-16
653.  8.849221E-16
654.  8.801782E-16
655.  8.758090E-16
656.  8.718090E-16
657.  8.681723E-16
658.  8.648927E-16
659.  8.619629E-16
660.  8.593754E-16
661.  8.571224E-16
662.  8.551955E-16
663.  8.535857E-16
664.  8.522837E-16
665.  8.512797E-16
666.  8.505639E-16
667.  8.501257E-16
668.  8.499540E-16
669.  8.500384E-16
670.  8.503672E-16
671.  8.509286E-16
672.  8.517112E-16
673.  8.527024E-16
674.  8.538902E-16
675.  8.552625E-16
676.  8.568060E-16
677.  8.585084E-16
678.  8.603567E-16
679.  8.623380E-16
680.  8.644394E-16
681.  8.666479E-16
682.  8.689501E-16
683.  8.713333E-16
684.  8.737842E-16
685.  8.762902E-16
686.  8.788378E-16
687.  8.814143E-16
688.  8.840071E-16
689.  8.866035E-16
690.  8.891905E-16
691.  8.917563E-16
692.  8.942883E-16
693.  8.967745E-16
694.  8.992031E-16
695.  9.015624E-16
696.  9.038409E-16
697.  9.060278E-16
698.  9.081121E-16
699.  9.100825E-16
700.  9.119294E-16
701.  9.136428E-16
702.  9.152127E-16
703.  9.166298E-16
704.  9.178853E-16
705.  9.189706E-16
706.  9.198769E-16
707.  9.205970E-16
708.  9.211231E-16
709.  9.214484E-16
710.  9.215663E-16
711.  9.214706E-16
712.  9.211555E-16
713.  9.206158E-16
714.  9.198471E-16
715.  9.188448E-16
716.  9.176054E-16
717.  9.161256E-16
718.  9.144028E-16
719.  9.124346E-16
720.  9.102197E-16
721.  9.077565E-16
722.  9.050451E-16
723.  9.020850E-16
724.  8.988771E-16
725.  8.954222E-16
726.  8.917222E-16
727.  8.877794E-16
728.  8.835963E-16
729.  8.791765E-16
730.  8.745239E-16
731.  8.696430E-16
732.  8.645385E-16
733.  8.592161E-16
734.  8.536819E-16
735.  8.479423E-16
736.  8.420044E-16
737.  8.358757E-16
738.  8.295643E-16
739.  8.230784E-16
740.  8.164271E-16
741.  8.096195E-16
742.  8.026654E-16
743.  7.955746E-16
744.  7.883576E-16
745.  7.810250E-16
746.  7.735876E-16
747.  7.660568E-16
748.  7.584437E-16
749.  7.507601E-16
750.  7.430178E-16
751.  7.352284E-16
752.  7.274041E-16
753.  7.195566E-16
754.  7.116983E-16
755.  7.038408E-16
756.  6.959964E-16
757.  6.881767E-16
758.  6.803939E-16
759.  6.726593E-16
760.  6.649841E-16
761.  6.573800E-16
762.  6.498577E-16
763.  6.424280E-16
764.  6.351012E-16
765.  6.278874E-16
766.  6.207964E-16
767.  6.138373E-16
768.  6.070192E-16
769.  6.003505E-16
770.  5.938392E-16
771.  5.874928E-16
772.  5.813187E-16
773.  5.753231E-16
774.  5.695122E-16
775.  5.638916E-16
776.  5.584664E-16
777.  5.532410E-16
778.  5.482195E-16
779.  5.434052E-16
780.  5.388010E-16
781.  5.344096E-16
782.  5.302327E-16
783.  5.262716E-16
784.  5.225272E-16
785.  5.190002E-16
786.  5.156902E-16
787.  5.125968E-16
788.  5.097192E-16
789.  5.070560E-16
790.  5.046053E-16
791.  5.023652E-16
792.  5.003332E-16
793.  4.985064E-16
794.  4.968818E-16
795.  4.954562E-16
796.  4.942258E-16
797.  4.931872E-16
798.  4.923360E-16
799.  4.916684E-16
800.  4.911800E-16
801.  4.908665E-16
802.  4.907236E-16
803.  4.907466E-16
804.  4.909312E-16
805.  4.912729E-16
806.  4.917673E-16
807.  4.924098E-16
808.  4.931965E-16
809.  4.941228E-16
810.  4.951847E-16
811.  4.963785E-16
812.  4.977000E-16
813.  4.991460E-16
814.  5.007128E-16
815.  5.023973E-16
816.  5.041964E-16
817.  5.061072E-16
818.  5.081272E-16
819.  5.102542E-16
820.  5.124858E-16
821.  5.148205E-16
822.  5.172563E-16
823.  5.197917E-16
824.  5.224259E-16
825.  5.251577E-16
826.  5.279863E-16
827.  5.309114E-16
828.  5.339324E-16
829.  5.370495E-16
830.  5.402625E-16
831.  5.435717E-16
832.  5.469775E-16
833.  5.504804E-16
834.  5.540808E-16
835.  5.577797E-16
836.  5.615779E-16
837.  5.654761E-16
838.  5.694757E-16
839.  5.735773E-16
840.  5.777817E-16
841.  5.820905E-16
842.  5.865044E-16
843.  5.910243E-16
844.  5.956509E-16
845.  6.003855E-16
846.  6.052285E-16
847.  6.101806E-16
848.  6.152424E-16
849.  6.204139E-16
850.  6.256957E-16
851.  6.310877E-16
852.  6.365898E-16
853.  6.422015E-16
854.  6.479227E-16
855.  6.537520E-16
856.  6.596890E-16
857.  6.657323E-16
858.  6.718807E-16
859.  6.781321E-16
860.  6.844851E-16
861.  6.909373E-16
862.  6.974863E-16
863.  7.041296E-16
864.  7.108641E-16
865.  7.176870E-16
866.  7.245945E-16
867.  7.315835E-16
868.  7.386495E-16
869.  7.457890E-16
870.  7.529974E-16
871.  7.602701E-16
872.  7.676024E-16
873.  7.749894E-16
874.  7.824258E-16
875.  7.899063E-16
876.  7.974251E-16
877.  8.049768E-16
878.  8.125554E-16
879.  8.201546E-16
880.  8.277683E-16
881.  8.353902E-16
882.  8.430137E-16
883.  8.506323E-16
884.  8.582392E-16
885.  8.658275E-16
886.  8.733904E-16
887.  8.809207E-16
888.  8.884115E-16
889.  8.958557E-16
890.  9.032459E-16
891.  9.105750E-16
892.  9.178357E-16
893.  9.250208E-16
894.  9.321229E-16
895.  9.391348E-16
896.  9.460491E-16
897.  9.528586E-16
898.  9.595562E-16
899.  9.661344E-16
900.  9.725863E-16
901.  9.789046E-16
902.  9.850826E-16
903.  9.911129E-16
904.  9.969890E-16
905.  1.002704E-15
906.  1.008251E-15
907.  1.013625E-15
908.  1.018817E-15
909.  1.023823E-15
910.  1.028636E-15
911.  1.033250E-15
912.  1.037659E-15
913.  1.041858E-15
914.  1.045842E-15
915.  1.049604E-15
916.  1.053142E-15
917.  1.056449E-15
918.  1.059521E-15
919.  1.062355E-15
920.  1.064946E-15
921.  1.067290E-15
922.  1.069385E-15
923.  1.071227E-15
924.  1.072813E-15
925.  1.074142E-15
926.  1.075211E-15
927.  1.076018E-15
928.  1.076563E-15
929.  1.076843E-15
930.  1.076859E-15
931.  1.076611E-15
932.  1.076099E-15
933.  1.075322E-15
934.  1.074283E-15
935.  1.072982E-15
936.  1.071422E-15
937.  1.069605E-15
938.  1.067533E-15
939.  1.065210E-15
940.  1.062639E-15
941.  1.059825E-15
942.  1.056770E-15
943.  1.053482E-15
944.  1.049964E-15
945.  1.046223E-15
946.  1.042265E-15
947.  1.038096E-15
948.  1.033723E-15
949.  1.029154E-15
950.  1.024397E-15
951.  1.019459E-15
952.  1.014350E-15
953.  1.009078E-15
954.  1.003652E-15
955.  9.980835E-16
956.  9.923808E-16
957.  9.865548E-16
958.  9.806160E-16
959.  9.745755E-16
960.  9.684438E-16
961.  9.622329E-16
962.  9.559542E-16
963.  9.496192E-16
964.  9.432402E-16
965.  9.368290E-16
966.  9.303981E-16
967.  9.239592E-16
968.  9.175249E-16
969.  9.111080E-16
970.  9.047201E-16
971.  8.983739E-16
972.  8.920813E-16
973.  8.858551E-16
974.  8.797064E-16
975.  8.736477E-16
976.  8.676903E-16
977.  8.618455E-16
978.  8.561246E-16
979.  8.505383E-16
980.  8.450969E-16
981.  8.398107E-16
982.  8.346892E-16
983.  8.297415E-16
984.  8.249765E-16
985.  8.204024E-16
986.  8.160267E-16
987.  8.118565E-16
988.  8.078984E-16
989.  8.041579E-16
990.  8.006406E-16
991.  7.973509E-16
992.  7.942922E-16
993.  7.914680E-16
994.  7.888801E-16
995.  7.865308E-16
996.  7.844201E-16
997.  7.825485E-16
998.  7.809150E-16
999.  7.795179E-16
1000.  7.783550E-16
1001.  7.774230E-16
1002.  7.767179E-16
1003.  7.762349E-16
1004.  7.759685E-16
1005.  7.759125E-16
1006.  7.760596E-16
1007.  7.764023E-16
1008.  7.769320E-16
1009.  7.776398E-16
1010.  7.785157E-16
1011.  7.795495E-16
1012.  7.807305E-16
1013.  7.820471E-16
1014.  7.834878E-16
1015.  7.850398E-16
1016.  7.866907E-16
1017.  7.884278E-16
1018.  7.902376E-16
1019.  7.921069E-16
1020.  7.940217E-16
1021.  7.959689E-16
1022.  7.979348E-16
1023.  7.999053E-16
1024.  8.018674E-16
1025.  8.038074E-16
1026.  8.057125E-16
1027.  8.075695E-16
1028.  8.093659E-16
1029.  8.110901E-16
1030.  8.127299E-16
1031.  8.142744E-16
1032.  8.157131E-16
1033.  8.170363E-16
1034.  8.182346E-16
1035.  8.192997E-16
1036.  8.202239E-16
1037.  8.210001E-16
1038.  8.216229E-16
1039.  8.220867E-16
1040.  8.223873E-16
1041.  8.225217E-16
1042.  8.224877E-16
1043.  8.222840E-16
1044.  8.219103E-16
1045.  8.213671E-16
1046.  8.206564E-16
1047.  8.197810E-16
1048.  8.187445E-16
1049.  8.175518E-16
1050.  8.162084E-16
1051.  8.147211E-16
1052.  8.130971E-16
1053.  8.113454E-16
1054.  8.094750E-16
1055.  8.074959E-16
1056.  8.054192E-16
1057.  8.032563E-16
1058.  8.010196E-16
1059.  7.987219E-16
1060.  7.963767E-16
1061.  7.939976E-16
1062.  7.915994E-16
1063.  7.891963E-16
1064.  7.868038E-16
1065.  7.844366E-16
1066.  7.821105E-16
1067.  7.798406E-16
1068.  7.776425E-16
1069.  7.755318E-16
1070.  7.735235E-16
1071.  7.716327E-16
1072.  7.698743E-16
1073.  7.682629E-16
1074.  7.668121E-16
1075.  7.655360E-16
1076.  7.644472E-16
1077.  7.635587E-16
1078.  7.628818E-16
1079.  7.624280E-16
1080.  7.622076E-16
1081.  7.622300E-16
1082.  7.625042E-16
1083.  7.630381E-16
1084.  7.638385E-16
1085.  7.649115E-16
1086.  7.662624E-16
1087.  7.678953E-16
1088.  7.698131E-16
1089.  7.720183E-16
1090.  7.745118E-16
1091.  7.772940E-16
1092.  7.803637E-16
1093.  7.837196E-16
1094.  7.873587E-16
1095.  7.912773E-16
1096.  7.954708E-16
1097.  7.999336E-16
1098.  8.046597E-16
1099.  8.096416E-16
1100.  8.148713E-16
1101.  8.203405E-16
1102.  8.260396E-16
1103.  8.319586E-16
1104.  8.380871E-16
1105.  8.444139E-16
1106.  8.509277E-16
1107.  8.576163E-16
1108.  8.644674E-16
1109.  8.714689E-16
1110.  8.786077E-16
1111.  8.858709E-16
1112.  8.932457E-16
1113.  9.007190E-16
1114.  9.082780E-16
1115.  9.159096E-16
1116.  9.236013E-16
1117.  9.313407E-16
1118.  9.391156E-16
1119.  9.469143E-16
1120.  9.547251E-16
1121.  9.625371E-16
1122.  9.703400E-16
1123.  9.781236E-16
1124.  9.858786E-16
1125.  9.935963E-16
1126.  1.001268E-15
1127.  1.008887E-15
1128.  1.016446E-15
1129.  1.023939E-15
1130.  1.031361E-15
1131.  1.038707E-15
1132.  1.045972E-15
1133.  1.053155E-15
1134.  1.060251E-15
1135.  1.067261E-15
1136.  1.074182E-15
1137.  1.081015E-15
1138.  1.087759E-15
1139.  1.094416E-15
1140.  1.100988E-15
1141.  1.107476E-15
1142.  1.113884E-15
1143.  1.120215E-15
1144.  1.126473E-15
1145.  1.132662E-15
1146.  1.138787E-15
1147.  1.144852E-15
1148.  1.150864E-15
1149.  1.156829E-15
1150.  1.162751E-15
1151.  1.168637E-15
1152.  1.174493E-15
1153.  1.180325E-15
1154.  1.186140E-15
1155.  1.191943E-15
1156.  1.197741E-15
1157.  1.203540E-15
1158.  1.209345E-15
1159.  1.215163E-15
1160.  1.220997E-15
1161.  1.226853E-15
1162.  1.232736E-15
1163.  1.238650E-15
1164.  1.244598E-15
1165.  1.250585E-15
1166.  1.256611E-15
1167.  1.262680E-15
1168.  1.268793E-15
1169.  1.274952E-15
1170.  1.281157E-15
1171.  1.287407E-15
1172.  1.293703E-15
1173.  1.300042E-15
1174.  1.306424E-15
1175.  1.312845E-15
1176.  1.319301E-15
1177.  1.325791E-15
1178.  1.332308E-15
1179.  1.338848E-15
1180.  1.345406E-15
1181.  1.351976E-15
1182.  1.358550E-15
1183.  1.365122E-15
1184.  1.371684E-15
1185.  1.378228E-15
1186.  1.384746E-15
1187.  1.391229E-15
1188.  1.397667E-15
1189.  1.404052E-15
1190.  1.410372E-15
1191.  1.416619E-15
1192.  1.422782E-15
1193.  1.428850E-15
1194.  1.434814E-15
1195.  1.440661E-15
1196.  1.446382E-15
1197.  1.451966E-15
1198.  1.457402E-15
1199.  1.462680E-15
1200.  1.467790E-15
1201.  1.472719E-15
1202.  1.477460E-15
1203.  1.482002E-15
1204.  1.486334E-15
1205.  1.490448E-15
1206.  1.494336E-15
1207.  1.497987E-15
1208.  1.501394E-15
1209.  1.504549E-15
1210.  1.507445E-15
1211.  1.510074E-15
1212.  1.512430E-15
1213.  1.514508E-15
1214.  1.516302E-15
1215.  1.517806E-15
1216.  1.519018E-15
1217.  1.519933E-15
1218.  1.520547E-15
1219.  1.520860E-15
1220.  1.520868E-15
1221.  1.520571E-15
1222.  1.519967E-15
1223.  1.519058E-15
1224.  1.517843E-15
1225.  1.516325E-15
1226.  1.514505E-15
1227.  1.512385E-15
1228.  1.509969E-15
1229.  1.507260E-15
1230.  1.504264E-15
1231.  1.500986E-15
1232.  1.497430E-15
1233.  1.493602E-15
1234.  1.489511E-15
1235.  1.485163E-15
1236.  1.480566E-15
1237.  1.475729E-15
1238.  1.470659E-15
1239.  1.465368E-15
1240.  1.459864E-15
1241.  1.454157E-15
1242.  1.448259E-15
1243.  1.442181E-15
1244.  1.435933E-15
1245.  1.429527E-15
1246.  1.422977E-15
1247.  1.416293E-15
1248.  1.409489E-15
1249.  1.402577E-15
1250.  1.395570E-15
1251.  1.388482E-15
1252.  1.381326E-15
1253.  1.374115E-15
1254.  1.366863E-15
1255.  1.359584E-15
1256.  1.352290E-15
1257.  1.344996E-15
1258.  1.337716E-15
1259.  1.330461E-15
1260.  1.323247E-15
1261.  1.316087E-15
1262.  1.308992E-15
1263.  1.301977E-15
1264.  1.295053E-15
1265.  1.288234E-15
1266.  1.281531E-15
1267.  1.274957E-15
1268.  1.268522E-15
1269.  1.262239E-15
1270.  1.256116E-15
1271.  1.250166E-15
1272.  1.244398E-15
1273.  1.238821E-15
1274.  1.233445E-15
1275.  1.228277E-15
1276.  1.223326E-15
1277.  1.218599E-15
1278.  1.214103E-15
1279.  1.209845E-15
1280.  1.205829E-15
1281.  1.202062E-15
1282.  1.198548E-15
1283.  1.195290E-15
1284.  1.192292E-15
1285.  1.189556E-15
1286.  1.187085E-15
1287.  1.184881E-15
1288.  1.182943E-15
1289.  1.181272E-15
1290.  1.179868E-15
1291.  1.178729E-15
1292.  1.177854E-15
1293.  1.177240E-15
1294.  1.176885E-15
1295.  1.176786E-15
1296.  1.176937E-15
1297.  1.177335E-15
1298.  1.177974E-15
1299.  1.178850E-15
1300.  1.179955E-15
1301.  1.181283E-15
1302.  1.182827E-15
1303.  1.184580E-15
1304.  1.186533E-15
1305.  1.188679E-15
1306.  1.191008E-15
1307.  1.193512E-15
1308.  1.196182E-15
1309.  1.199007E-15
1310.  1.201978E-15
1311.  1.205086E-15
1312.  1.208318E-15
1313.  1.211667E-15
1314.  1.215120E-15
1315.  1.218667E-15
1316.  1.222297E-15
1317.  1.226000E-15
1318.  1.229765E-15
1319.  1.233580E-15
1320.  1.237436E-15
1321.  1.241321E-15
1322.  1.245225E-15
1323.  1.249137E-15
1324.  1.253046E-15
1325.  1.256944E-15
1326.  1.260818E-15
1327.  1.264661E-15
1328.  1.268461E-15
1329.  1.272211E-15
1330.  1.275900E-15
1331.  1.279519E-15
1332.  1.283062E-15
1333.  1.286518E-15
1334.  1.289881E-15
1335.  1.293142E-15
1336.  1.296296E-15
1337.  1.299335E-15
1338.  1.302253E-15
1339.  1.305044E-15
1340.  1.307703E-15
1341.  1.310225E-15
1342.  1.312605E-15
1343.  1.314839E-15
1344.  1.316925E-15
1345.  1.318858E-15
1346.  1.320635E-15
1347.  1.322256E-15
1348.  1.323718E-15
1349.  1.325019E-15
1350.  1.326161E-15
1351.  1.327141E-15
1352.  1.327961E-15
1353.  1.328622E-15
1354.  1.329124E-15
1355.  1.329469E-15
1356.  1.329660E-15
1357.  1.329700E-15
1358.  1.329591E-15
1359.  1.329337E-15
1360.  1.328943E-15
1361.  1.328413E-15
1362.  1.327751E-15
1363.  1.326964E-15
1364.  1.326056E-15
1365.  1.325035E-15
1366.  1.323906E-15
1367.  1.322677E-15
1368.  1.321354E-15
1369.  1.319946E-15
1370.  1.318459E-15
1371.  1.316902E-15
1372.  1.315284E-15
1373.  1.313612E-15
1374.  1.311896E-15
1375.  1.310144E-15
1376.  1.308365E-15
1377.  1.306569E-15
1378.  1.304764E-15
1379.  1.302961E-15
1380.  1.301167E-15
1381.  1.299394E-15
1382.  1.297650E-15
1383.  1.295944E-15
1384.  1.294286E-15
1385.  1.292684E-15
1386.  1.291149E-15
1387.  1.289689E-15
1388.  1.288312E-15
1389.  1.287028E-15
1390.  1.285844E-15
1391.  1.284769E-15
1392.  1.283812E-15
1393.  1.282978E-15
1394.  1.282277E-15
1395.  1.281714E-15
1396.  1.281298E-15
1397.  1.281033E-15
1398.  1.280927E-15
1399.  1.280985E-15
1400.  1.281213E-15
1401.  1.281615E-15
1402.  1.282197E-15
1403.  1.282962E-15
1404.  1.283915E-15
1405.  1.285060E-15
1406.  1.286399E-15
1407.  1.287936E-15
1408.  1.289673E-15
1409.  1.291612E-15
1410.  1.293755E-15
1411.  1.296104E-15
1412.  1.298659E-15
1413.  1.301423E-15
1414.  1.304394E-15
1415.  1.307574E-15
1416.  1.310962E-15
1417.  1.314558E-15
1418.  1.318363E-15
1419.  1.322374E-15
1420.  1.326591E-15
1421.  1.331012E-15
1422.  1.335637E-15
1423.  1.340463E-15
1424.  1.345490E-15
1425.  1.350714E-15
1426.  1.356134E-15
1427.  1.361749E-15
1428.  1.367554E-15
1429.  1.373549E-15
1430.  1.379730E-15
1431.  1.386095E-15
1432.  1.392641E-15
1433.  1.399366E-15
1434.  1.406266E-15
1435.  1.413339E-15
1436.  1.420581E-15
1437.  1.427990E-15
1438.  1.435563E-15
1439.  1.443296E-15
1440.  1.451185E-15
1441.  1.459229E-15
1442.  1.467422E-15
1443.  1.475763E-15
1444.  1.484247E-15
1445.  1.492870E-15
1446.  1.501629E-15
1447.  1.510521E-15
1448.  1.519540E-15
1449.  1.528684E-15
1450.  1.537948E-15
1451.  1.547327E-15
1452.  1.556818E-15
1453.  1.566415E-15
1454.  1.576114E-15
1455.  1.585911E-15
1456.  1.595799E-15
1457.  1.605775E-15
1458.  1.615832E-15
1459.  1.625966E-15
1460.  1.636169E-15
1461.  1.646438E-15
1462.  1.656764E-15
1463.  1.667143E-15
1464.  1.677568E-15
1465.  1.688032E-15
1466.  1.698528E-15
1467.  1.709051E-15
1468.  1.719592E-15
1469.  1.730144E-15
1470.  1.740700E-15
1471.  1.751253E-15
1472.  1.761795E-15
1473.  1.772319E-15
1474.  1.782815E-15
1475.  1.793278E-15
1476.  1.803699E-15
1477.  1.814070E-15
1478.  1.824383E-15
1479.  1.834630E-15
1480.  1.844804E-15
1481.  1.854896E-15
1482.  1.864899E-15
1483.  1.874806E-15
1484.  1.884608E-15
1485.  1.894299E-15
1486.  1.903871E-15
1487.  1.913317E-15
1488.  1.922630E-15
1489.  1.931803E-15
1490.  1.940832E-15
1491.  1.949708E-15
1492.  1.958427E-15
1493.  1.966983E-15
1494.  1.975370E-15
1495.  1.983585E-15
1496.  1.991621E-15
1497.  1.999476E-15
1498.  2.007145E-15
1499.  2.014625E-15
1500.  2.021914E-15
1501.  2.029007E-15
1502.  2.035903E-15
1503.  2.042601E-15
1504.  2.049098E-15
1505.  2.055394E-15
1506.  2.061488E-15
1507.  2.067379E-15
1508.  2.073067E-15
1509.  2.078554E-15
1510.  2.083840E-15
1511.  2.088924E-15
1512.  2.093810E-15
1513.  2.098499E-15
1514.  2.102992E-15
1515.  2.107292E-15
1516.  2.111402E-15
1517.  2.115323E-15
1518.  2.119060E-15
1519.  2.122614E-15
1520.  2.125989E-15
1521.  2.129189E-15
1522.  2.132216E-15
1523.  2.135075E-15
1524.  2.137768E-15
1525.  2.140300E-15
1526.  2.142674E-15
1527.  2.144893E-15
1528.  2.146961E-15
1529.  2.148882E-15
1530.  2.150658E-15
1531.  2.152294E-15
1532.  2.153791E-15
1533.  2.155153E-15
1534.  2.156384E-15
1535.  2.157485E-15
1536.  2.158459E-15
1537.  2.159308E-15
1538.  2.160035E-15
1539.  2.160641E-15
1540.  2.161127E-15
1541.  2.161496E-15
1542.  2.161748E-15
1543.  2.161884E-15
1544.  2.161904E-15
1545.  2.161811E-15
1546.  2.161603E-15
1547.  2.161280E-15
1548.  2.160842E-15
1549.  2.160290E-15
1550.  2.159622E-15
1551.  2.158837E-15
1552.  2.157935E-15
1553.  2.156915E-15
1554.  2.155775E-15
1555.  2.154514E-15
1556.  2.153131E-15
1557.  2.151624E-15
1558.  2.149992E-15
1559.  2.148233E-15
1560.  2.146345E-15
1561.  2.144328E-15
1562.  2.142179E-15
1563.  2.139898E-15
1564.  2.137482E-15
1565.  2.134930E-15
1566.  2.132243E-15
1567.  2.129418E-15
1568.  2.126455E-15
1569.  2.123352E-15
1570.  2.120111E-15
1571.  2.116731E-15
1572.  2.113212E-15
1573.  2.109554E-15
1574.  2.105758E-15
1575.  2.101825E-15
1576.  2.097757E-15
1577.  2.093554E-15
1578.  2.089219E-15
1579.  2.084755E-15
1580.  2.080163E-15
1581.  2.075447E-15
1582.  2.070610E-15
1583.  2.065655E-15
1584.  2.060587E-15
1585.  2.055410E-15
1586.  2.050128E-15
1587.  2.044746E-15
1588.  2.039268E-15
1589.  2.033702E-15
1590.  2.028051E-15
1591.  2.022323E-15
1592.  2.016522E-15
1593.  2.010656E-15
1594.  2.004730E-15
1595.  1.998750E-15
1596.  1.992725E-15
1597.  1.986659E-15
1598.  1.980560E-15
1599.  1.974434E-15
1600.  1.968288E-15
1601.  1.962128E-15
1602.  1.955961E-15
1603.  1.949793E-15
1604.  1.943629E-15
1605.  1.937477E-15
1606.  1.931341E-15
1607.  1.925226E-15
1608.  1.919138E-15
1609.  1.913082E-15
1610.  1.907060E-15
1611.  1.901079E-15
1612.  1.895140E-15
1613.  1.889248E-15
1614.  1.883404E-15
1615.  1.877610E-15
1616.  1.871869E-15
1617.  1.866181E-15
1618.  1.860546E-15
1619.  1.854966E-15
1620.  1.849438E-15
1621.  1.843962E-15
1622.  1.838537E-15
1623.  1.833160E-15
1624.  1.827828E-15
1625.  1.822537E-15
1626.  1.817286E-15
1627.  1.812069E-15
1628.  1.806880E-15
1629.  1.801716E-15
1630.  1.796570E-15
1631.  1.791436E-15
1632.  1.786308E-15
1633.  1.781179E-15
1634.  1.776041E-15
1635.  1.770887E-15
1636.  1.765709E-15
1637.  1.760500E-15
1638.  1.755250E-15
1639.  1.749952E-15
1640.  1.744598E-15
1641.  1.739177E-15
1642.  1.733683E-15
1643.  1.728105E-15
1644.  1.722435E-15
1645.  1.716666E-15
1646.  1.710787E-15
1647.  1.704791E-15
1648.  1.698669E-15
1649.  1.692414E-15
1650.  1.686017E-15
1651.  1.679472E-15
1652.  1.672769E-15
1653.  1.665903E-15
1654.  1.658867E-15
1655.  1.651654E-15
1656.  1.644258E-15
1657.  1.636675E-15
1658.  1.628898E-15
1659.  1.620923E-15
1660.  1.612746E-15
1661.  1.604362E-15
1662.  1.595769E-15
1663.  1.586964E-15
1664.  1.577944E-15
1665.  1.568707E-15
1666.  1.559251E-15
1667.  1.549577E-15
1668.  1.539683E-15
1669.  1.529569E-15
1670.  1.519237E-15
1671.  1.508686E-15
1672.  1.497919E-15
1673.  1.486938E-15
1674.  1.475744E-15
1675.  1.464342E-15
1676.  1.452734E-15
1677.  1.440924E-15
1678.  1.428916E-15
1679.  1.416716E-15
1680.  1.404327E-15
1681.  1.391757E-15
1682.  1.379011E-15
1683.  1.366094E-15
1684.  1.353015E-15
1685.  1.339778E-15
1686.  1.326394E-15
1687.  1.312867E-15
1688.  1.299208E-15
1689.  1.285424E-15
1690.  1.271523E-15
1691.  1.257515E-15
1692.  1.243408E-15
1693.  1.229213E-15
1694.  1.214938E-15
1695.  1.200593E-15
1696.  1.186188E-15
1697.  1.171733E-15
1698.  1.157239E-15
1699.  1.142715E-15
1700.  1.128172E-15
1701.  1.113621E-15
1702.  1.099072E-15
1703.  1.084536E-15
1704.  1.070023E-15
1705.  1.055545E-15
1706.  1.041110E-15
1707.  1.026730E-15
1708.  1.012416E-15
1709.  9.981777E-16
1710.  9.840251E-16
1711.  9.699681E-16
1712.  9.560169E-16
1713.  9.421810E-16
1714.  9.284699E-16
1715.  9.148927E-16
1716.  9.014578E-16
1717.  8.881746E-16
1718.  8.750511E-16
1719.  8.620948E-16
1720.  8.493135E-16
1721.  8.367146E-16
1722.  8.243045E-16
1723.  8.120898E-16
1724.  8.000763E-16
1725.  7.882695E-16
1726.  7.766742E-16
1727.  7.652951E-16
1728.  7.541360E-16
1729.  7.432007E-16
1730.  7.324921E-16
1731.  7.220125E-16
1732.  7.117639E-16
1733.  7.017478E-16
1734.  6.919654E-16
1735.  6.824166E-16
1736.  6.731016E-16
1737.  6.640196E-16
1738.  6.551698E-16
1739.  6.465502E-16
1740.  6.381589E-16
1741.  6.299934E-16
1742.  6.220505E-16
1743.  6.143270E-16
1744.  6.068187E-16
1745.  5.995219E-16
1746.  5.924315E-16
1747.  5.855428E-16
1748.  5.788505E-16
1749.  5.723487E-16
1750.  5.660322E-16
1751.  5.598943E-16
1752.  5.539291E-16
1753.  5.481299E-16
1754.  5.424903E-16
1755.  5.370036E-16
1756.  5.316627E-16
1757.  5.264609E-16
1758.  5.213914E-16
1759.  5.164472E-16
1760.  5.116213E-16
1761.  5.069074E-16
1762.  5.022982E-16
1763.  4.977875E-16
1764.  4.933687E-16
1765.  4.890357E-16
1766.  4.847825E-16
1767.  4.806030E-16
1768.  4.764918E-16
1769.  4.724436E-16
1770.  4.684534E-16
1771.  4.645164E-16
1772.  4.606282E-16
1773.  4.567847E-16
1774.  4.529822E-16
1775.  4.492173E-16
1776.  4.454868E-16
1777.  4.417884E-16
1778.  4.381194E-16
1779.  4.344780E-16
1780.  4.308626E-16
1781.  4.272721E-16
1782.  4.237057E-16
1783.  4.201626E-16
1784.  4.166429E-16
1785.  4.131467E-16
1786.  4.096744E-16
1787.  4.062270E-16
1788.  4.028056E-16
1789.  3.994115E-16
1790.  3.960465E-16
1791.  3.927122E-16
1792.  3.894111E-16
1793.  3.861455E-16
1794.  3.829179E-16
1795.  3.797308E-16
1796.  3.765875E-16
1797.  3.734905E-16
1798.  3.704433E-16
1799.  3.674490E-16
1800.  3.645106E-16
1801.  3.616316E-16
1802.  3.588154E-16
1803.  3.560651E-16
1804.  3.533841E-16
1805.  3.507756E-16
1806.  3.482428E-16
1807.  3.457886E-16
1808.  3.434162E-16
1809.  3.411286E-16
1810.  3.389284E-16
1811.  3.368182E-16
1812.  3.348005E-16
1813.  3.328776E-16
1814.  3.310514E-16
1815.  3.293242E-16
1816.  3.276974E-16
1817.  3.261726E-16
1818.  3.247511E-16
1819.  3.234340E-16
1820.  3.222219E-16
1821.  3.211157E-16
1822.  3.201156E-16
1823.  3.192218E-16
1824.  3.184343E-16
1825.  3.177528E-16
1826.  3.171768E-16
1827.  3.167052E-16
1828.  3.163375E-16
1829.  3.160721E-16
1830.  3.159081E-16
1831.  3.158434E-16
1832.  3.158766E-16
1833.  3.160055E-16
1834.  3.162280E-16
1835.  3.165420E-16
1836.  3.169448E-16
1837.  3.174339E-16
1838.  3.180066E-16
1839.  3.186600E-16
1840.  3.193912E-16
1841.  3.201971E-16
1842.  3.210745E-16
1843.  3.220202E-16
1844.  3.230308E-16
1845.  3.241031E-16
1846.  3.252339E-16
1847.  3.264194E-16
1848.  3.276564E-16
1849.  3.289414E-16
1850.  3.302710E-16
1851.  3.316418E-16
1852.  3.330503E-16
1853.  3.344935E-16
1854.  3.359677E-16
1855.  3.374700E-16
1856.  3.389971E-16
1857.  3.405459E-16
1858.  3.421136E-16
1859.  3.436970E-16
1860.  3.452937E-16
1861.  3.469008E-16
1862.  3.485159E-16
1863.  3.501366E-16
1864.  3.517605E-16
1865.  3.533856E-16
1866.  3.550101E-16
1867.  3.566320E-16
1868.  3.582495E-16
1869.  3.598616E-16
1870.  3.614667E-16
1871.  3.630637E-16
1872.  3.646518E-16
1873.  3.662301E-16
1874.  3.677982E-16
1875.  3.693557E-16
1876.  3.709023E-16
1877.  3.724381E-16
1878.  3.739633E-16
1879.  3.754783E-16
1880.  3.769838E-16
1881.  3.784805E-16
1882.  3.799695E-16
1883.  3.814518E-16
1884.  3.829288E-16
1885.  3.844023E-16
1886.  3.858739E-16
1887.  3.873455E-16
1888.  3.888192E-16
1889.  3.902975E-16
1890.  3.917827E-16
1891.  3.932773E-16
1892.  3.947844E-16
1893.  3.963068E-16
1894.  3.978477E-16
1895.  3.994102E-16
1896.  4.009978E-16
1897.  4.026142E-16
1898.  4.042628E-16
1899.  4.059477E-16
1900.  4.076725E-16
1901.  4.094414E-16
1902.  4.112585E-16
1903.  4.131280E-16
1904.  4.150543E-16
1905.  4.170416E-16
1906.  4.190945E-16
1907.  4.212175E-16
1908.  4.234151E-16
1909.  4.256920E-16
1910.  4.280530E-16
1911.  4.305025E-16
1912.  4.330453E-16
1913.  4.356863E-16
1914.  4.384301E-16
1915.  4.412815E-16
1916.  4.442450E-16
1917.  4.473256E-16
1918.  4.505278E-16
1919.  4.538562E-16
1920.  4.573156E-16
1921.  4.609104E-16
1922.  4.646450E-16
1923.  4.685239E-16
1924.  4.725514E-16
1925.  4.767316E-16
1926.  4.810689E-16
1927.  4.855671E-16
1928.  4.902301E-16
1929.  4.950617E-16
1930.  5.000657E-16
1931.  5.052455E-16
1932.  5.106044E-16
1933.  5.161454E-16
1934.  5.218718E-16
1935.  5.277862E-16
1936.  5.338912E-16
1937.  5.401894E-16
1938.  5.466831E-16
1939.  5.533737E-16
1940.  5.602633E-16
1941.  5.673533E-16
1942.  5.746447E-16
1943.  5.821389E-16
1944.  5.898359E-16
1945.  5.977362E-16
1946.  6.058401E-16
1947.  6.141471E-16
1948.  6.226563E-16
1949.  6.313669E-16
1950.  6.402775E-16
1951.  6.493862E-16
1952.  6.586910E-16
1953.  6.681891E-16
1954.  6.778777E-16
1955.  6.877532E-16
1956.  6.978119E-16
1957.  7.080495E-16
1958.  7.184611E-16
1959.  7.290414E-16
1960.  7.397850E-16
1961.  7.506854E-16
1962.  7.617360E-16
1963.  7.729296E-16
1964.  7.842584E-16
1965.  7.957146E-16
1966.  8.072891E-16
1967.  8.189727E-16
1968.  8.307563E-16
1969.  8.426289E-16
1970.  8.545803E-16
1971.  8.665995E-16
1972.  8.786742E-16
1973.  8.907930E-16
1974.  9.029433E-16
1975.  9.151115E-16
1976.  9.272852E-16
1977.  9.394500E-16
1978.  9.515920E-16
1979.  9.636969E-16
1980.  9.757497E-16
1981.  9.877354E-16
1982.  9.996391E-16
1983.  1.011445E-15
1984.  1.023138E-15
1985.  1.034701E-15
1986.  1.046120E-15
1987.  1.057377E-15
1988.  1.068459E-15
1989.  1.079347E-15
1990.  1.090028E-15
1991.  1.100484E-15
1992.  1.110701E-15
1993.  1.120664E-15
1994.  1.130358E-15
1995.  1.139768E-15
1996.  1.148880E-15
1997.  1.157681E-15
1998.  1.166157E-15
1999.  1.174297E-15
2000.  1.182087E-15
2001.  1.189517E-15
2002.  1.196576E-15
2003.  1.203255E-15
2004.  1.209544E-15
2005.  1.215435E-15
2006.  1.220921E-15
2007.  1.225996E-15
2008.  1.230655E-15
2009.  1.234892E-15
2010.  1.238705E-15
2011.  1.242091E-15
2012.  1.245049E-15
2013.  1.247579E-15
2014.  1.249682E-15
2015.  1.251361E-15
2016.  1.252617E-15
2017.  1.253456E-15
2018.  1.253883E-15
2019.  1.253905E-15
2020.  1.253529E-15
2021.  1.252764E-15
2022.  1.251620E-15
2023.  1.250107E-15
2024.  1.248239E-15
2025.  1.246028E-15
2026.  1.243486E-15
2027.  1.240631E-15
2028.  1.237476E-15
2029.  1.234039E-15
2030.  1.230337E-15
2031.  1.226387E-15
2032.  1.222209E-15
2033.  1.217822E-15
2034.  1.213246E-15
2035.  1.208500E-15
2036.  1.203607E-15
2037.  1.198586E-15
2038.  1.193460E-15
2039.  1.188251E-15
2040.  1.182979E-15
2041.  1.177667E-15
2042.  1.172337E-15
2043.  1.167010E-15
2044.  1.161709E-15
2045.  1.156455E-15
2046.  1.151270E-15
2047.  1.146174E-15
2048.  1.141188E-15
2049.  1.136332E-15
2050.  1.131625E-15
2051.  1.127087E-15
2052.  1.122737E-15
2053.  1.118591E-15
2054.  1.114666E-15
2055.  1.110979E-15
2056.  1.107546E-15
2057.  1.104379E-15
2058.  1.101493E-15
2059.  1.098899E-15
2060.  1.096610E-15
2061.  1.094635E-15
2062.  1.092984E-15
2063.  1.091664E-15
2064.  1.090683E-15
2065.  1.090045E-15
2066.  1.089756E-15
2067.  1.089818E-15
2068.  1.090235E-15
2069.  1.091006E-15
2070.  1.092130E-15
2071.  1.093607E-15
2072.  1.095434E-15
2073.  1.097606E-15
2074.  1.100118E-15
2075.  1.102964E-15
2076.  1.106135E-15
2077.  1.109623E-15
2078.  1.113419E-15
2079.  1.117510E-15
2080.  1.121886E-15
2081.  1.126531E-15
2082.  1.131434E-15
2083.  1.136578E-15
2084.  1.141947E-15
2085.  1.147524E-15
2086.  1.153293E-15
2087.  1.159234E-15
2088.  1.165328E-15
2089.  1.171555E-15
2090.  1.177895E-15
2091.  1.184327E-15
2092.  1.190829E-15
2093.  1.197380E-15
2094.  1.203958E-15
2095.  1.210539E-15
2096.  1.217102E-15
2097.  1.223624E-15
2098.  1.230081E-15
2099.  1.236451E-15
2100.  1.242711E-15
2101.  1.248838E-15
2102.  1.254810E-15
2103.  1.260604E-15
2104.  1.266199E-15
2105.  1.271573E-15
2106.  1.276706E-15
2107.  1.281576E-15
2108.  1.286164E-15
2109.  1.290451E-15
2110.  1.294418E-15
2111.  1.298048E-15
2112.  1.301323E-15
2113.  1.304228E-15
2114.  1.306747E-15
2115.  1.308867E-15
2116.  1.310574E-15
2117.  1.311856E-15
2118.  1.312703E-15
2119.  1.313104E-15
2120.  1.313051E-15
2121.  1.312536E-15
2122.  1.311553E-15
2123.  1.310098E-15
2124.  1.308165E-15
2125.  1.305753E-15
2126.  1.302859E-15
2127.  1.299484E-15
2128.  1.295630E-15
2129.  1.291296E-15
2130.  1.286489E-15
2131.  1.281211E-15
2132.  1.275469E-15
2133.  1.269269E-15
2134.  1.262621E-15
2135.  1.255531E-15
2136.  1.248012E-15
2137.  1.240073E-15
2138.  1.231728E-15
2139.  1.222989E-15
2140.  1.213869E-15
2141.  1.204384E-15
2142.  1.194549E-15
2143.  1.184381E-15
2144.  1.173895E-15
2145.  1.163110E-15
2146.  1.152043E-15
2147.  1.140714E-15
2148.  1.129140E-15
2149.  1.117342E-15
2150.  1.105338E-15
2151.  1.093149E-15
2152.  1.080795E-15
2153.  1.068296E-15
2154.  1.055673E-15
2155.  1.042945E-15
2156.  1.030133E-15
2157.  1.017257E-15
2158.  1.004338E-15
2159.  9.913944E-16
2160.  9.784471E-16
2161.  9.655155E-16
2162.  9.526181E-16
2163.  9.397741E-16
2164.  9.270018E-16
2165.  9.143188E-16
2166.  9.017430E-16
2167.  8.892912E-16
2168.  8.769799E-16
2169.  8.648249E-16
2170.  8.528418E-16
2171.  8.410448E-16
2172.  8.294485E-16
2173.  8.180662E-16
2174.  8.069108E-16
2175.  7.959944E-16
2176.  7.853287E-16
2177.  7.749246E-16
2178.  7.647921E-16
2179.  7.549408E-16
2180.  7.453798E-16
2181.  7.361169E-16
2182.  7.271601E-16
2183.  7.185162E-16
2184.  7.101913E-16
2185.  7.021912E-16
2186.  6.945207E-16
2187.  6.871845E-16
2188.  6.801863E-16
2189.  6.735292E-16
2190.  6.672160E-16
2191.  6.612490E-16
2192.  6.556294E-16
2193.  6.503587E-16
2194.  6.454374E-16
2195.  6.408657E-16
2196.  6.366432E-16
2197.  6.327691E-16
2198.  6.292425E-16
2199.  6.260617E-16
2200.  6.232250E-16
2201.  6.207301E-16
2202.  6.185745E-16
2203.  6.167553E-16
2204.  6.152694E-16
2205.  6.141133E-16
2206.  6.132835E-16
2207.  6.127762E-16
2208.  6.125874E-16
2209.  6.127126E-16
2210.  6.131477E-16
2211.  6.138877E-16
2212.  6.149283E-16
2213.  6.162645E-16
2214.  6.178914E-16
2215.  6.198041E-16
2216.  6.219975E-16
2217.  6.244661E-16
2218.  6.272051E-16
2219.  6.302091E-16
2220.  6.334729E-16
2221.  6.369911E-16
2222.  6.407583E-16
2223.  6.447695E-16
2224.  6.490193E-16
2225.  6.535022E-16
2226.  6.582132E-16
2227.  6.631470E-16
2228.  6.682983E-16
2229.  6.736620E-16
2230.  6.792331E-16
2231.  6.850063E-16
2232.  6.909766E-16
2233.  6.971390E-16
2234.  7.034886E-16
2235.  7.100204E-16
2236.  7.167296E-16
2237.  7.236111E-16
2238.  7.306605E-16
2239.  7.378726E-16
2240.  7.452429E-16
2241.  7.527664E-16
2242.  7.604388E-16
2243.  7.682549E-16
2244.  7.762103E-16
2245.  7.843001E-16
2246.  7.925198E-16
2247.  8.008644E-16
2248.  8.093292E-16
2249.  8.179093E-16
2250.  8.266001E-16
2251.  8.353965E-16
2252.  8.442934E-16
2253.  8.532859E-16
2254.  8.623689E-16
2255.  8.715372E-16
2256.  8.807854E-16
2257.  8.901080E-16
2258.  8.994999E-16
2259.  9.089549E-16
2260.  9.184676E-16
2261.  9.280322E-16
2262.  9.376422E-16
2263.  9.472918E-16
2264.  9.569746E-16
2265.  9.666844E-16
2266.  9.764143E-16
2267.  9.861579E-16
2268.  9.959079E-16
2269.  1.005658E-15
2270.  1.015400E-15
2271.  1.025127E-15
2272.  1.034833E-15
2273.  1.044508E-15
2274.  1.054147E-15
2275.  1.063740E-15
2276.  1.073281E-15
2277.  1.082761E-15
2278.  1.092172E-15
2279.  1.101506E-15
2280.  1.110756E-15
2281.  1.119914E-15
2282.  1.128971E-15
2283.  1.137919E-15
2284.  1.146750E-15
2285.  1.155457E-15
2286.  1.164032E-15
2287.  1.172466E-15
2288.  1.180753E-15
2289.  1.188886E-15
2290.  1.196855E-15
2291.  1.204656E-15
2292.  1.212281E-15
2293.  1.219723E-15
2294.  1.226976E-15
2295.  1.234035E-15
2296.  1.240893E-15
2297.  1.247546E-15
2298.  1.253988E-15
2299.  1.260214E-15
2300.  1.266222E-15
2301.  1.272005E-15
2302.  1.277563E-15
2303.  1.282892E-15
2304.  1.287989E-15
2305.  1.292852E-15
2306.  1.297481E-15
2307.  1.301873E-15
2308.  1.306030E-15
2309.  1.309950E-15
2310.  1.313636E-15
2311.  1.317087E-15
2312.  1.320305E-15
2313.  1.323293E-15
2314.  1.326054E-15
2315.  1.328590E-15
2316.  1.330906E-15
2317.  1.333005E-15
2318.  1.334893E-15
2319.  1.336574E-15
2320.  1.338054E-15
2321.  1.339340E-15
2322.  1.340437E-15
2323.  1.341353E-15
2324.  1.342095E-15
2325.  1.342670E-15
2326.  1.343087E-15
2327.  1.343353E-15
2328.  1.343477E-15
2329.  1.343468E-15
2330.  1.343335E-15
2331.  1.343087E-15
2332.  1.342733E-15
2333.  1.342283E-15
2334.  1.341746E-15
2335.  1.341132E-15
2336.  1.340451E-15
2337.  1.339712E-15
2338.  1.338925E-15
2339.  1.338099E-15
2340.  1.337245E-15
2341.  1.336371E-15
2342.  1.335488E-15
2343.  1.334603E-15
2344.  1.333726E-15
2345.  1.332867E-15
2346.  1.332033E-15
2347.  1.331233E-15
2348.  1.330475E-15
2349.  1.329766E-15
2350.  1.329115E-15
2351.  1.328528E-15
2352.  1.328013E-15
2353.  1.327575E-15
2354.  1.327221E-15
2355.  1.326956E-15
2356.  1.326787E-15
2357.  1.326717E-15
2358.  1.326752E-15
2359.  1.326896E-15
2360.  1.327153E-15
2361.  1.327525E-15
2362.  1.328016E-15
2363.  1.328628E-15
2364.  1.329364E-15
2365.  1.330225E-15
2366.  1.331213E-15
2367.  1.332328E-15
2368.  1.333571E-15
2369.  1.334942E-15
2370.  1.336441E-15
2371.  1.338067E-15
2372.  1.339820E-15
2373.  1.341696E-15
2374.  1.343696E-15
2375.  1.345816E-15
2376.  1.348055E-15
2377.  1.350409E-15
2378.  1.352875E-15
2379.  1.355450E-15
2380.  1.358131E-15
2381.  1.360912E-15
2382.  1.363790E-15
2383.  1.366761E-15
2384.  1.369819E-15
2385.  1.372960E-15
2386.  1.376178E-15
2387.  1.379467E-15
2388.  1.382823E-15
2389.  1.386240E-15
2390.  1.389711E-15
2391.  1.393230E-15
2392.  1.396791E-15
2393.  1.400388E-15
2394.  1.404015E-15
2395.  1.407664E-15
2396.  1.411330E-15
2397.  1.415005E-15
2398.  1.418683E-15
2399.  1.422358E-15
2400.  1.426022E-15
2401.  1.429670E-15
2402.  1.433294E-15
2403.  1.436888E-15
2404.  1.440445E-15
2405.  1.443960E-15
2406.  1.447425E-15
2407.  1.450834E-15
2408.  1.454182E-15
2409.  1.457462E-15
2410.  1.460669E-15
2411.  1.463797E-15
2412.  1.466840E-15
2413.  1.469793E-15
2414.  1.472651E-15
2415.  1.475408E-15
2416.  1.478061E-15
2417.  1.480604E-15
2418.  1.483033E-15
2419.  1.485343E-15
2420.  1.487531E-15
2421.  1.489593E-15
2422.  1.491525E-15
2423.  1.493324E-15
2424.  1.494986E-15
2425.  1.496509E-15
2426.  1.497890E-15
2427.  1.499125E-15
2428.  1.500213E-15
2429.  1.501151E-15
2430.  1.501937E-15
2431.  1.502569E-15
2432.  1.503045E-15
2433.  1.503364E-15
2434.  1.503523E-15
2435.  1.503521E-15
2436.  1.503358E-15
2437.  1.503031E-15
2438.  1.502540E-15
2439.  1.501884E-15
2440.  1.501061E-15
2441.  1.500071E-15
2442.  1.498912E-15
2443.  1.497585E-15
2444.  1.496088E-15
2445.  1.494420E-15
2446.  1.492582E-15
2447.  1.490572E-15
2448.  1.488390E-15
2449.  1.486036E-15
2450.  1.483508E-15
2451.  1.480807E-15
2452.  1.477932E-15
2453.  1.474883E-15
2454.  1.471659E-15
2455.  1.468261E-15
2456.  1.464688E-15
2457.  1.460940E-15
2458.  1.457017E-15
2459.  1.452919E-15
2460.  1.448645E-15
2461.  1.444197E-15
2462.  1.439575E-15
2463.  1.434779E-15
2464.  1.429809E-15
2465.  1.424666E-15
2466.  1.419352E-15
2467.  1.413866E-15
2468.  1.408210E-15
2469.  1.402386E-15
2470.  1.396394E-15
2471.  1.390236E-15
2472.  1.383914E-15
2473.  1.377430E-15
2474.  1.370787E-15
2475.  1.363986E-15
2476.  1.357030E-15
2477.  1.349922E-15
2478.  1.342665E-15
2479.  1.335261E-15
2480.  1.327716E-15
2481.  1.320031E-15
2482.  1.312211E-15
2483.  1.304261E-15
2484.  1.296183E-15
2485.  1.287983E-15
2486.  1.279665E-15
2487.  1.271235E-15
2488.  1.262696E-15
2489.  1.254055E-15
2490.  1.245316E-15
2491.  1.236486E-15
2492.  1.227569E-15
2493.  1.218572E-15
2494.  1.209500E-15
2495.  1.200360E-15
2496.  1.191157E-15
2497.  1.181899E-15
2498.  1.172590E-15
2499.  1.163238E-15
2500.  1.153849E-15
2501.  1.144430E-15
2502.  1.134986E-15
2503.  1.125525E-15
2504.  1.116054E-15
2505.  1.106577E-15
2506.  1.097104E-15
2507.  1.087639E-15
2508.  1.078190E-15
2509.  1.068762E-15
2510.  1.059362E-15
2511.  1.049997E-15
2512.  1.040673E-15
2513.  1.031396E-15
2514.  1.022172E-15
2515.  1.013008E-15
2516.  1.003908E-15
2517.  9.948787E-16
2518.  9.859262E-16
2519.  9.770554E-16
2520.  9.682717E-16
2521.  9.595803E-16
2522.  9.509861E-16
2523.  9.424942E-16
2524.  9.341090E-16
2525.  9.258350E-16
2526.  9.176759E-16
2527.  9.096364E-16
2528.  9.017199E-16
2529.  8.939298E-16
2530.  8.862695E-16
2531.  8.787416E-16
2532.  8.713494E-16
2533.  8.640949E-16
2534.  8.569802E-16
2535.  8.500074E-16
2536.  8.431777E-16
2537.  8.364926E-16
2538.  8.299528E-16
2539.  8.235588E-16
2540.  8.173110E-16
2541.  8.112090E-16
2542.  8.052525E-16
2543.  7.994405E-16
2544.  7.937718E-16
2545.  7.882450E-16
2546.  7.828581E-16
2547.  7.776088E-16
2548.  7.724944E-16
2549.  7.675119E-16
2550.  7.626581E-16
2551.  7.579292E-16
2552.  7.533214E-16
2553.  7.488301E-16
2554.  7.444507E-16
2555.  7.401784E-16
2556.  7.360079E-16
2557.  7.319336E-16
2558.  7.279497E-16
2559.  7.240508E-16
2560.  7.202297E-16
2561.  7.164810E-16
2562.  7.127977E-16
2563.  7.091730E-16
2564.  7.056003E-16
2565.  7.020726E-16
2566.  6.985831E-16
2567.  6.951249E-16
2568.  6.916908E-16
2569.  6.882738E-16
2570.  6.848675E-16
2571.  6.814648E-16
2572.  6.780592E-16
2573.  6.746442E-16
2574.  6.712134E-16
2575.  6.677608E-16
2576.  6.642805E-16
2577.  6.607671E-16
2578.  6.572156E-16
2579.  6.536206E-16
2580.  6.499781E-16
2581.  6.462834E-16
2582.  6.425334E-16
2583.  6.387243E-16
2584.  6.348535E-16
2585.  6.309187E-16
2586.  6.269179E-16
2587.  6.228497E-16
2588.  6.187133E-16
2589.  6.145084E-16
2590.  6.102349E-16
2591.  6.058938E-16
2592.  6.014860E-16
2593.  5.970134E-16
2594.  5.924785E-16
2595.  5.878836E-16
2596.  5.832323E-16
2597.  5.785284E-16
2598.  5.737759E-16
2599.  5.689797E-16
2600.  5.641449E-16
2601.  5.592770E-16
2602.  5.543820E-16
2603.  5.494664E-16
2604.  5.445367E-16
2605.  5.396002E-16
2606.  5.346638E-16
2607.  5.297355E-16
2608.  5.248228E-16
2609.  5.199339E-16
2610.  5.150768E-16
2611.  5.102597E-16
2612.  5.054911E-16
2613.  5.007793E-16
2614.  4.961330E-16
2615.  4.915603E-16
2616.  4.870699E-16
2617.  4.826699E-16
2618.  4.783682E-16
2619.  4.741734E-16
2620.  4.700928E-16
2621.  4.661343E-16
2622.  4.623050E-16
2623.  4.586121E-16
2624.  4.550625E-16
2625.  4.516622E-16
2626.  4.484177E-16
2627.  4.453342E-16
2628.  4.424175E-16
2629.  4.396717E-16
2630.  4.371017E-16
2631.  4.347112E-16
2632.  4.325036E-16
2633.  4.304819E-16
2634.  4.286482E-16
2635.  4.270048E-16
2636.  4.255527E-16
2637.  4.242928E-16
2638.  4.232254E-16
2639.  4.223500E-16
2640.  4.216660E-16
2641.  4.211720E-16
2642.  4.208661E-16
2643.  4.207455E-16
2644.  4.208076E-16
2645.  4.210486E-16
2646.  4.214649E-16
2647.  4.220516E-16
2648.  4.228036E-16
2649.  4.237153E-16
2650.  4.247810E-16
2651.  4.259944E-16
2652.  4.273479E-16
2653.  4.288350E-16
2654.  4.304473E-16
2655.  4.321774E-16
2656.  4.340163E-16
2657.  4.359555E-16
2658.  4.379857E-16
2659.  4.400978E-16
2660.  4.422819E-16
2661.  4.445280E-16
2662.  4.468262E-16
2663.  4.491660E-16
2664.  4.515371E-16
2665.  4.539289E-16
2666.  4.563306E-16
2667.  4.587312E-16
2668.  4.611201E-16
2669.  4.634863E-16
2670.  4.658188E-16
2671.  4.681068E-16
2672.  4.703396E-16
2673.  4.725065E-16
2674.  4.745967E-16
2675.  4.765998E-16
2676.  4.785055E-16
2677.  4.803039E-16
2678.  4.819849E-16
2679.  4.835389E-16
2680.  4.849567E-16
2681.  4.862292E-16
2682.  4.873477E-16
2683.  4.883040E-16
2684.  4.890899E-16
2685.  4.896979E-16
2686.  4.901210E-16
2687.  4.903526E-16
2688.  4.903860E-16
2689.  4.902159E-16
2690.  4.898369E-16
2691.  4.892441E-16
2692.  4.884333E-16
2693.  4.874009E-16
2694.  4.861437E-16
2695.  4.846592E-16
2696.  4.829450E-16
2697.  4.809999E-16
2698.  4.788229E-16
2699.  4.764138E-16
2700.  4.737724E-16
2701.  4.708997E-16
2702.  4.677970E-16
2703.  4.644661E-16
2704.  4.609093E-16
2705.  4.571297E-16
2706.  4.531307E-16
2707.  4.489159E-16
2708.  4.444902E-16
2709.  4.398582E-16
2710.  4.350252E-16
2711.  4.299971E-16
2712.  4.247801E-16
2713.  4.193805E-16
2714.  4.138055E-16
2715.  4.080622E-16
2716.  4.021582E-16
2717.  3.961014E-16
2718.  3.898997E-16
2719.  3.835616E-16
2720.  3.770957E-16
2721.  3.705105E-16
2722.  3.638151E-16
2723.  3.570182E-16
2724.  3.501292E-16
2725.  3.431571E-16
2726.  3.361109E-16
2727.  3.290000E-16
2728.  3.218337E-16
2729.  3.146207E-16
2730.  3.073705E-16
2731.  3.000920E-16
2732.  2.927940E-16
2733.  2.854855E-16
2734.  2.781749E-16
2735.  2.708708E-16
2736.  2.635815E-16
2737.  2.563151E-16
2738.  2.490795E-16
2739.  2.418825E-16
2740.  2.347314E-16
2741.  2.276337E-16
2742.  2.205963E-16
2743.  2.136258E-16
2744.  2.067289E-16
2745.  1.999120E-16
2746.  1.931806E-16
2747.  1.865410E-16
2748.  1.799982E-16
2749.  1.735578E-16
2750.  1.672247E-16
2751.  1.610034E-16
2752.  1.548986E-16
2753.  1.489144E-16
2754.  1.430550E-16
2755.  1.373239E-16
2756.  1.317247E-16
2757.  1.262608E-16
2758.  1.209353E-16
2759.  1.157509E-16
2760.  1.107104E-16
2761.  1.058164E-16
2762.  1.010710E-16
2763.  9.647650E-17
2764.  9.203467E-17
2765.  8.774725E-17
2766.  8.361596E-17
2767.  7.964225E-17
2768.  7.582718E-17
2769.  7.217222E-17
2770.  6.867809E-17
2771.  6.534555E-17
2772.  6.217549E-17
2773.  5.916824E-17
2774.  5.632442E-17
2775.  5.364396E-17
2776.  5.112724E-17
2777.  4.877401E-17
2778.  4.658411E-17
2779.  4.455742E-17
2780.  4.269302E-17
2781.  4.099075E-17
2782.  3.944940E-17
2783.  3.806825E-17
2784.  3.684622E-17
2785.  3.578187E-17
2786.  3.487381E-17
2787.  3.412032E-17
2788.  3.351977E-17
2789.  3.307015E-17
2790.  3.276922E-17
2791.  3.261476E-17
2792.  3.260410E-17
2793.  3.273470E-17
2794.  3.300363E-17
2795.  3.340777E-17
2796.  3.394381E-17
2797.  3.460826E-17
2798.  3.539761E-17
2799.  3.630791E-17
2800.  3.733504E-17
2801.  3.847501E-17
2802.  3.972319E-17
2803.  4.107509E-17
2804.  4.252596E-17
2805.  4.407082E-17
2806.  4.570486E-17
2807.  4.742248E-17
2808.  4.921849E-17
2809.  5.108737E-17
2810.  5.302353E-17
2811.  5.502118E-17
2812.  5.707436E-17
2813.  5.917730E-17
2814.  6.132389E-17
2815.  6.350796E-17
2816.  6.572340E-17
2817.  6.796425E-17
2818.  7.022397E-17
2819.  7.249646E-17
2820.  7.477546E-17
2821.  7.705480E-17
2822.  7.932833E-17
2823.  8.159001E-17
2824.  8.383362E-17
2825.  8.605327E-17
2826.  8.824312E-17
2827.  9.039746E-17
2828.  9.251048E-17
2829.  9.457680E-17
2830.  9.659114E-17
2831.  9.854822E-17
2832.  1.004431E-16
2833.  1.022711E-16
2834.  1.040277E-16
2835.  1.057083E-16
2836.  1.073090E-16
2837.  1.088259E-16
2838.  1.102553E-16
2839.  1.115940E-16
2840.  1.128389E-16
2841.  1.139871E-16
2842.  1.150360E-16
2843.  1.159837E-16
2844.  1.168279E-16
2845.  1.175672E-16
2846.  1.182000E-16
2847.  1.187256E-16
2848.  1.191430E-16
2849.  1.194517E-16
2850.  1.196517E-16
2851.  1.197430E-16
2852.  1.197261E-16
2853.  1.196016E-16
2854.  1.193706E-16
2855.  1.190340E-16
2856.  1.185936E-16
2857.  1.180511E-16
2858.  1.174082E-16
2859.  1.166676E-16
2860.  1.158312E-16
2861.  1.149020E-16
2862.  1.138826E-16
2863.  1.127761E-16
2864.  1.115857E-16
2865.  1.103147E-16
2866.  1.089664E-16
2867.  1.075446E-16
2868.  1.060530E-16
2869.  1.044952E-16
2870.  1.028754E-16
2871.  1.011972E-16
2872.  9.946487E-17
2873.  9.768230E-17
2874.  9.585346E-17
2875.  9.398285E-17
2876.  9.207404E-17
2877.  9.013133E-17
2878.  8.815863E-17
2879.  8.615995E-17
2880.  8.413925E-17
2881.  8.210033E-17
2882.  8.004713E-17
2883.  7.798297E-17
2884.  7.591168E-17
2885.  7.383666E-17
2886.  7.176132E-17
2887.  6.968887E-17
2888.  6.762237E-17
2889.  6.556470E-17
2890.  6.351887E-17
2891.  6.148757E-17
2892.  5.947310E-17
2893.  5.747797E-17
2894.  5.550437E-17
2895.  5.355441E-17
2896.  5.162993E-17
2897.  4.973267E-17
2898.  4.786437E-17
2899.  4.602628E-17
2900.  4.421978E-17
2901.  4.244590E-17
2902.  4.070579E-17
2903.  3.900027E-17
2904.  3.732997E-17
2905.  3.569553E-17
2906.  3.409733E-17
2907.  3.253584E-17
2908.  3.101115E-17
2909.  2.952364E-17
2910.  2.807284E-17
2911.  2.665926E-17
2912.  2.528229E-17
2913.  2.394189E-17
2914.  2.263779E-17
2915.  2.136926E-17
2916.  2.013631E-17
2917.  1.893831E-17
2918.  1.777465E-17
2919.  1.664475E-17
2920.  1.554805E-17
2921.  1.448409E-17
2922.  1.345213E-17
2923.  1.245157E-17
2924.  1.148166E-17
2925.  1.054189E-17
2926.  9.631511E-18
2927.  8.749941E-18
2928.  7.896681E-18
2929.  7.071034E-18
2930.  6.272490E-18
2931.  5.500451E-18
2932.  4.754475E-18
2933.  4.034043E-18
2934.  3.338808E-18
2935.  2.668238E-18
2936.  2.021931E-18
2937.  1.399691E-18
2938.  8.011205E-19
2939.  2.260465E-19
2940.  -3.260082E-19
2941.  -8.549804E-19
2942.  -1.361098E-18
2943.  -1.844771E-18
2944.  -2.305759E-18
2945.  -2.744304E-18
2946.  -3.160411E-18
2947.  -3.554288E-18
2948.  -3.925829E-18
2949.  -4.275208E-18
2950.  -4.602167E-18
2951.  -4.906708E-18
2952.  -5.189229E-18
2953.  -5.449401E-18
2954.  -5.687184E-18
2955.  -5.902587E-18
2956.  -6.095807E-18
2957.  -6.266832E-18
2958.  -6.415597E-18
2959.  -6.542029E-18
2960.  -6.646539E-18
2961.  -6.728976E-18
2962.  -6.789290E-18
2963.  -6.828101E-18
2964.  -6.845207E-18
2965.  -6.841056E-18
2966.  -6.815881E-18
2967.  -6.769612E-18
2968.  -6.702942E-18
2969.  -6.616165E-18
2970.  -6.509552E-18
2971.  -6.383512E-18
2972.  -6.238525E-18
2973.  -6.075046E-18
2974.  -5.893858E-18
2975.  -5.695120E-18
2976.  -5.479675E-18
2977.  -5.248190E-18
2978.  -5.001109E-18
2979.  -4.739359E-18
2980.  -4.463462E-18
2981.  -4.174171E-18
2982.  -3.872382E-18
2983.  -3.558724E-18
2984.  -3.234032E-18
2985.  -2.899193E-18
2986.  -2.554919E-18
2987.  -2.202038E-18
2988.  -1.841629E-18
2989.  -1.474143E-18
2990.  -1.100766E-18
2991.  -7.221487E-19
2992.  -3.389853E-19
2993.  4.752017E-20
2994.  4.368921E-19
2995.  8.282160E-19
2996.  1.220635E-18
2997.  1.613416E-18
2998.  2.005966E-18
2999.  2.397384E-18
3000.  2.787253E-18
3001.  3.174464E-18
3002.  3.558692E-18
3003.  3.939474E-18
3004.  4.315917E-18
3005.  4.687550E-18
3006.  5.054122E-18
3007.  5.414927E-18
3008.  5.769816E-18
3009.  6.118077E-18
3010.  6.459679E-18
3011.  6.794034E-18
3012.  7.121121E-18
3013.  7.440667E-18
3014.  7.752493E-18
3015.  8.056460E-18
3016.  8.352511E-18
3017.  8.640367E-18
3018.  8.920372E-18
3019.  9.192374E-18
3020.  9.456443E-18
3021.  9.712607E-18
3022.  9.961099E-18
3023.  1.020212E-17
3024.  1.043573E-17
3025.  1.066228E-17
3026.  1.088196E-17
3027.  1.109515E-17
3028.  1.130209E-17
3029.  1.150312E-17
3030.  1.169868E-17
3031.  1.188893E-17
3032.  1.207462E-17
3033.  1.225584E-17
3034.  1.243322E-17
3035.  1.260728E-17
3036.  1.277814E-17
3037.  1.294677E-17
3038.  1.311313E-17
3039.  1.327806E-17
3040.  1.344201E-17
3041.  1.360537E-17
3042.  1.376867E-17
3043.  1.393227E-17
3044.  1.409700E-17
3045.  1.426302E-17
3046.  1.443082E-17
3047.  1.460112E-17
3048.  1.477415E-17
3049.  1.495058E-17
3050.  1.513060E-17
3051.  1.531483E-17
3052.  1.550349E-17
3053.  1.569720E-17
3054.  1.589615E-17
3055.  1.610089E-17
3056.  1.631160E-17
3057.  1.652868E-17
3058.  1.675236E-17
3059.  1.698317E-17
3060.  1.722106E-17
3061.  1.746652E-17
3062.  1.771961E-17
3063.  1.798064E-17
3064.  1.824990E-17
3065.  1.852735E-17
3066.  1.881327E-17
3067.  1.910780E-17
3068.  1.941098E-17
3069.  1.972295E-17
3070.  2.004384E-17
3071.  2.037373E-17
3072.  2.071249E-17
3073.  2.106049E-17
3074.  2.141751E-17
3075.  2.178370E-17
3076.  2.215893E-17
3077.  2.254333E-17
3078.  2.293693E-17
3079.  2.333976E-17
3080.  2.375180E-17
3081.  2.417292E-17
3082.  2.460335E-17
3083.  2.504297E-17
3084.  2.549179E-17
3085.  2.594993E-17
3086.  2.641752E-17
3087.  2.689446E-17
3088.  2.738079E-17
3089.  2.787672E-17
3090.  2.838243E-17
3091.  2.889777E-17
3092.  2.942312E-17
3093.  2.995844E-17
3094.  3.050415E-17
3095.  3.106024E-17
3096.  3.162707E-17
3097.  3.220481E-17
3098.  3.279381E-17
3099.  3.339429E-17
3100.  3.400663E-17
3101.  3.463105E-17
3102.  3.526782E-17
3103.  3.591756E-17
3104.  3.658052E-17
3105.  3.725687E-17
3106.  3.794721E-17
3107.  3.865199E-17
3108.  3.937152E-17
3109.  4.010625E-17
3110.  4.085630E-17
3111.  4.162229E-17
3112.  4.240459E-17
3113.  4.320350E-17
3114.  4.401928E-17
3115.  4.485231E-17
3116.  4.570287E-17
3117.  4.657101E-17
3118.  4.745708E-17
3119.  4.836110E-17
3120.  4.928323E-17
3121.  5.022346E-17
3122.  5.118170E-17
3123.  5.215798E-17
3124.  5.315193E-17
3125.  5.416340E-17
3126.  5.519212E-17
3127.  5.623739E-17
3128.  5.729911E-17
3129.  5.837621E-17
3130.  5.946824E-17
3131.  6.057458E-17
3132.  6.169398E-17
3133.  6.282559E-17
3134.  6.396838E-17
3135.  6.512106E-17
3136.  6.628252E-17
3137.  6.745114E-17
3138.  6.862548E-17
3139.  6.980410E-17
3140.  7.098523E-17
3141.  7.216701E-17
3142.  7.334772E-17
3143.  7.452542E-17
3144.  7.569811E-17
3145.  7.686365E-17
3146.  7.801991E-17
3147.  7.916498E-17
3148.  8.029633E-17
3149.  8.141168E-17
3150.  8.250898E-17
3151.  8.358563E-17
3152.  8.463958E-17
3153.  8.566834E-17
3154.  8.666960E-17
3155.  8.764111E-17
3156.  8.858068E-17
3157.  8.948588E-17
3158.  9.035461E-17
3159.  9.118491E-17
3160.  9.197455E-17
3161.  9.272147E-17
3162.  9.342406E-17
3163.  9.408051E-17
3164.  9.468887E-17
3165.  9.524783E-17
3166.  9.575580E-17
3167.  9.621177E-17
3168.  9.661431E-17
3169.  9.696240E-17
3170.  9.725528E-17
3171.  9.749220E-17
3172.  9.767273E-17
3173.  9.779647E-17
3174.  9.786300E-17
3175.  9.787247E-17
3176.  9.782494E-17
3177.  9.772079E-17
3178.  9.756038E-17
3179.  9.734453E-17
3180.  9.707391E-17
3181.  9.674957E-17
3182.  9.637256E-17
3183.  9.594436E-17
3184.  9.546624E-17
3185.  9.493991E-17
3186.  9.436691E-17
3187.  9.374941E-17
3188.  9.308927E-17
3189.  9.238869E-17
3190.  9.164976E-17
3191.  9.087489E-17
3192.  9.006659E-17
3193.  8.922714E-17
3194.  8.835949E-17
3195.  8.746595E-17
3196.  8.654941E-17
3197.  8.561249E-17
3198.  8.465819E-17
3199.  8.368916E-17
3200.  8.270821E-17
3201.  8.171831E-17
3202.  8.072220E-17
3203.  7.972275E-17
3204.  7.872266E-17
3205.  7.772477E-17
3206.  7.673188E-17
3207.  7.574664E-17
3208.  7.477178E-17
3209.  7.380959E-17
3210.  7.286304E-17
3211.  7.193439E-17
3212.  7.102584E-17
3213.  7.013993E-17
3214.  6.927896E-17
3215.  6.844487E-17
3216.  6.763996E-17
3217.  6.686612E-17
3218.  6.612525E-17
3219.  6.541906E-17
3220.  6.474961E-17
3221.  6.411818E-17
3222.  6.352653E-17
3223.  6.297613E-17
3224.  6.246831E-17
3225.  6.200443E-17
3226.  6.158577E-17
3227.  6.121352E-17
3228.  6.088874E-17
3229.  6.061245E-17
3230.  6.038566E-17
3231.  6.020927E-17
3232.  6.008439E-17
3233.  6.001133E-17
3234.  5.999139E-17
3235.  6.002502E-17
3236.  6.011307E-17
3237.  6.025620E-17
3238.  6.045504E-17
3239.  6.071007E-17
3240.  6.102219E-17
3241.  6.139163E-17
3242.  6.181922E-17
3243.  6.230559E-17
3244.  6.285122E-17
3245.  6.345650E-17
3246.  6.412228E-17
3247.  6.484882E-17
3248.  6.563683E-17
3249.  6.648682E-17
3250.  6.739925E-17
3251.  6.837481E-17
3252.  6.941388E-17
3253.  7.051695E-17
3254.  7.168467E-17
3255.  7.291738E-17
3256.  7.421569E-17
3257.  7.557990E-17
3258.  7.701046E-17
3259.  7.850796E-17
3260.  8.007261E-17
3261.  8.170441E-17
3262.  8.340407E-17
3263.  8.517149E-17
3264.  8.700697E-17
3265.  8.891052E-17
3266.  9.088204E-17
3267.  9.292148E-17
3268.  9.502869E-17
3269.  9.720332E-17
3270.  9.944476E-17
3271.  1.017528E-16
3272.  1.041266E-16
3273.  1.065653E-16
3274.  1.090682E-16
3275.  1.116341E-16
3276.  1.142616E-16
3277.  1.169495E-16
3278.  1.196963E-16
3279.  1.225002E-16
3280.  1.253591E-16
3281.  1.282712E-16
3282.  1.312342E-16
3283.  1.342456E-16
3284.  1.373030E-16
3285.  1.404035E-16
3286.  1.435439E-16
3287.  1.467214E-16
3288.  1.499326E-16
3289.  1.531740E-16
3290.  1.564419E-16
3291.  1.597327E-16
3292.  1.630423E-16
3293.  1.663667E-16
3294.  1.697015E-16
3295.  1.730428E-16
3296.  1.763859E-16
3297.  1.797262E-16
3298.  1.830593E-16
3299.  1.863803E-16
3300.  1.896849E-16
3301.  1.929680E-16
3302.  1.962248E-16
3303.  1.994510E-16
3304.  2.026414E-16
3305.  2.057916E-16
3306.  2.088970E-16
3307.  2.119530E-16
3308.  2.149552E-16
3309.  2.178993E-16
3310.  2.207811E-16
3311.  2.235968E-16
3312.  2.263423E-16
3313.  2.290144E-16
3314.  2.316095E-16
3315.  2.341246E-16
3316.  2.365568E-16
3317.  2.389036E-16
3318.  2.411627E-16
3319.  2.433322E-16
3320.  2.454106E-16
3321.  2.473964E-16
3322.  2.492890E-16
3323.  2.510877E-16
3324.  2.527925E-16
3325.  2.544034E-16
3326.  2.559213E-16
3327.  2.573472E-16
3328.  2.586825E-16
3329.  2.599291E-16
3330.  2.610891E-16
3331.  2.621654E-16
3332.  2.631610E-16
3333.  2.640792E-16
3334.  2.649241E-16
3335.  2.656998E-16
3336.  2.664108E-16
3337.  2.670621E-16
3338.  2.676591E-16
3339.  2.682073E-16
3340.  2.687123E-16
3341.  2.691806E-16
3342.  2.696185E-16
3343.  2.700327E-16
3344.  2.704299E-16
3345.  2.708173E-16
3346.  2.712020E-16
3347.  2.715913E-16
3348.  2.719926E-16
3349.  2.724133E-16
3350.  2.728608E-16
3351.  2.733427E-16
3352.  2.738667E-16
3353.  2.744396E-16
3354.  2.750691E-16
3355.  2.757622E-16
3356.  2.765259E-16
3357.  2.773669E-16
3358.  2.782918E-16
3359.  2.793068E-16
3360.  2.804180E-16
3361.  2.816309E-16
3362.  2.829510E-16
3363.  2.843830E-16
3364.  2.859316E-16
3365.  2.876007E-16
3366.  2.893940E-16
3367.  2.913146E-16
3368.  2.933652E-16
3369.  2.955481E-16
3370.  2.978644E-16
3371.  3.003158E-16
3372.  3.029026E-16
3373.  3.056246E-16
3374.  3.084811E-16
3375.  3.114713E-16
3376.  3.145930E-16
3377.  3.178442E-16
3378.  3.212219E-16
3379.  3.247228E-16
3380.  3.283425E-16
3381.  3.320767E-16
3382.  3.359203E-16
3383.  3.398677E-16
3384.  3.439129E-16
3385.  3.480491E-16
3386.  3.522695E-16
3387.  3.565666E-16
3388.  3.609329E-16
3389.  3.653596E-16
3390.  3.698384E-16
3391.  3.743609E-16
3392.  3.789174E-16
3393.  3.834989E-16
3394.  3.880957E-16
3395.  3.926981E-16
3396.  3.972966E-16
3397.  4.018810E-16
3398.  4.064413E-16
3399.  4.109677E-16
3400.  4.154503E-16
3401.  4.198790E-16
3402.  4.242444E-16
3403.  4.285367E-16
3404.  4.327466E-16
3405.  4.368649E-16
3406.  4.408826E-16
3407.  4.447912E-16
3408.  4.485822E-16
3409.  4.522479E-16
3410.  4.557808E-16
3411.  4.591735E-16
3412.  4.624195E-16
3413.  4.655124E-16
3414.  4.684467E-16
3415.  4.712169E-16
3416.  4.738186E-16
3417.  4.762471E-16
3418.  4.784993E-16
3419.  4.805718E-16
3420.  4.824621E-16
3421.  4.841682E-16
3422.  4.856885E-16
3423.  4.870227E-16
3424.  4.881699E-16
3425.  4.891306E-16
3426.  4.899054E-16
3427.  4.904958E-16
3428.  4.909033E-16
3429.  4.911303E-16
3430.  4.911797E-16
3431.  4.910542E-16
3432.  4.907580E-16
3433.  4.902945E-16
3434.  4.896684E-16
3435.  4.888844E-16
3436.  4.879474E-16
3437.  4.868627E-16
3438.  4.856358E-16
3439.  4.842726E-16
3440.  4.827787E-16
3441.  4.811605E-16
3442.  4.794241E-16
3443.  4.775757E-16
3444.  4.756217E-16
3445.  4.735686E-16
3446.  4.714224E-16
3447.  4.691898E-16
3448.  4.668767E-16
3449.  4.644893E-16
3450.  4.620337E-16
3451.  4.595159E-16
3452.  4.569410E-16
3453.  4.543150E-16
3454.  4.516429E-16
3455.  4.489300E-16
3456.  4.461807E-16
3457.  4.433998E-16
3458.  4.405914E-16
3459.  4.377590E-16
3460.  4.349068E-16
3461.  4.320376E-16
3462.  4.291547E-16
3463.  4.262609E-16
3464.  4.233582E-16
3465.  4.204486E-16
3466.  4.175341E-16
3467.  4.146160E-16
3468.  4.116954E-16
3469.  4.087729E-16
3470.  4.058494E-16
3471.  4.029250E-16
3472.  3.999997E-16
3473.  3.970735E-16
3474.  3.941458E-16
3475.  3.912157E-16
3476.  3.882830E-16
3477.  3.853462E-16
3478.  3.824042E-16
3479.  3.794561E-16
3480.  3.765002E-16
3481.  3.735349E-16
3482.  3.705589E-16
3483.  3.675709E-16
3484.  3.645689E-16
3485.  3.615515E-16
3486.  3.585169E-16
3487.  3.554638E-16
3488.  3.523908E-16
3489.  3.492960E-16
3490.  3.461784E-16
3491.  3.430368E-16
3492.  3.398700E-16
3493.  3.366772E-16
3494.  3.334573E-16
3495.  3.302097E-16
3496.  3.269341E-16
3497.  3.236299E-16
3498.  3.202972E-16
3499.  3.169360E-16
3500.  3.135465E-16
3501.  3.101292E-16
3502.  3.066847E-16
3503.  3.032141E-16
3504.  2.997183E-16
3505.  2.961985E-16
3506.  2.926564E-16
3507.  2.890936E-16
3508.  2.855120E-16
3509.  2.819137E-16
3510.  2.783010E-16
3511.  2.746762E-16
3512.  2.710420E-16
3513.  2.674012E-16
3514.  2.637567E-16
3515.  2.601116E-16
3516.  2.564691E-16
3517.  2.528320E-16
3518.  2.492045E-16
3519.  2.455896E-16
3520.  2.419910E-16
3521.  2.384121E-16
3522.  2.348570E-16
3523.  2.313290E-16
3524.  2.278321E-16
3525.  2.243699E-16
3526.  2.209461E-16
3527.  2.175645E-16
3528.  2.142286E-16
3529.  2.109421E-16
3530.  2.077087E-16
3531.  2.045318E-16
3532.  2.014146E-16
3533.  1.983606E-16
3534.  1.953728E-16
3535.  1.924544E-16
3536.  1.896082E-16
3537.  1.868370E-16
3538.  1.841435E-16
3539.  1.815299E-16
3540.  1.789988E-16
3541.  1.765521E-16
3542.  1.741917E-16
3543.  1.719191E-16
3544.  1.697361E-16
3545.  1.676438E-16
3546.  1.656432E-16
3547.  1.637353E-16
3548.  1.619206E-16
3549.  1.601995E-16
3550.  1.585720E-16
3551.  1.570383E-16
3552.  1.555979E-16
3553.  1.542503E-16
3554.  1.529946E-16
3555.  1.518298E-16
3556.  1.507549E-16
3557.  1.497681E-16
3558.  1.488678E-16
3559.  1.480521E-16
3560.  1.473186E-16
3561.  1.466655E-16
3562.  1.460898E-16
3563.  1.455888E-16
3564.  1.451597E-16
3565.  1.447990E-16
3566.  1.445039E-16
3567.  1.442705E-16
3568.  1.440954E-16
3569.  1.439747E-16
3570.  1.439045E-16
3571.  1.438808E-16
3572.  1.438994E-16
3573.  1.439561E-16
3574.  1.440465E-16
3575.  1.441662E-16
3576.  1.443108E-16
3577.  1.444758E-16
3578.  1.446564E-16
3579.  1.448484E-16
3580.  1.450470E-16
3581.  1.452475E-16
3582.  1.454457E-16
3583.  1.456368E-16
3584.  1.458165E-16
3585.  1.459805E-16
3586.  1.461243E-16
3587.  1.462436E-16
3588.  1.463347E-16
3589.  1.463933E-16
3590.  1.464157E-16
3591.  1.463980E-16
3592.  1.463369E-16
3593.  1.462287E-16
3594.  1.460706E-16
3595.  1.458593E-16
3596.  1.455921E-16
3597.  1.452664E-16
3598.  1.448796E-16
3599.  1.444298E-16
3600.  1.439148E-16
3601.  1.433331E-16
3602.  1.426830E-16
3603.  1.419634E-16
3604.  1.411734E-16
3605.  1.403118E-16
3606.  1.393784E-16
3607.  1.383730E-16
3608.  1.372953E-16
3609.  1.361456E-16
3610.  1.349243E-16
3611.  1.336322E-16
3612.  1.322700E-16
3613.  1.308390E-16
3614.  1.293403E-16
3615.  1.277755E-16
3616.  1.261463E-16
3617.  1.244546E-16
3618.  1.227026E-16
3619.  1.208926E-16
3620.  1.190268E-16
3621.  1.171080E-16
3622.  1.151387E-16
3623.  1.131218E-16
3624.  1.110603E-16
3625.  1.089571E-16
3626.  1.068154E-16
3627.  1.046384E-16
3628.  1.024296E-16
3629.  1.001920E-16
3630.  9.792907E-17
3631.  9.564415E-17
3632.  9.334070E-17
3633.  9.102209E-17
3634.  8.869164E-17
3635.  8.635294E-17
3636.  8.400903E-17
3637.  8.166335E-17
3638.  7.931922E-17
3639.  7.697968E-17
3640.  7.464780E-17
3641.  7.232682E-17
3642.  7.001936E-17
3643.  6.772855E-17
3644.  6.545707E-17
3645.  6.320741E-17
3646.  6.098228E-17
3647.  5.878398E-17
3648.  5.661501E-17
3649.  5.447717E-17
3650.  5.237299E-17
3651.  5.030401E-17
3652.  4.827217E-17
3653.  4.627901E-17
3654.  4.432632E-17
3655.  4.241546E-17
3656.  4.054769E-17
3657.  3.872404E-17
3658.  3.694570E-17
3659.  3.521379E-17
3660.  3.352890E-17
3661.  3.189180E-17
3662.  3.030312E-17
3663.  2.876333E-17
3664.  2.727290E-17
3665.  2.583223E-17
3666.  2.444142E-17
3667.  2.310072E-17
3668.  2.181016E-17
3669.  2.056964E-17
3670.  1.937937E-17
3671.  1.823926E-17
3672.  1.714885E-17
3673.  1.610797E-17
3674.  1.511631E-17
3675.  1.417389E-17
3676.  1.328001E-17
3677.  1.243453E-17
3678.  1.163678E-17
3679.  1.088662E-17
3680.  1.018362E-17
3681.  9.526790E-18
3682.  8.916185E-18
3683.  8.351126E-18
3684.  7.831074E-18
3685.  7.355404E-18
3686.  6.923822E-18
3687.  6.535556E-18
3688.  6.190148E-18
3689.  5.887105E-18
3690.  5.625819E-18
3691.  5.405722E-18
3692.  5.226266E-18
3693.  5.086875E-18
3694.  4.986798E-18
3695.  4.925764E-18
3696.  4.902858E-18
3697.  4.917509E-18
3698.  4.969249E-18
3699.  5.057109E-18
3700.  5.180763E-18
3701.  5.339220E-18
3702.  5.531953E-18
3703.  5.758013E-18
3704.  6.016787E-18
3705.  6.307339E-18
3706.  6.628927E-18
3707.  6.980648E-18
3708.  7.361491E-18
3709.  7.770626E-18
3710.  8.206830E-18
3711.  8.669327E-18
3712.  9.156793E-18
3713.  9.668256E-18
3714.  1.020255E-17
3715.  1.075838E-17
3716.  1.133445E-17
3717.  1.192949E-17
3718.  1.254216E-17
3719.  1.317123E-17
3720.  1.381487E-17
3721.  1.447195E-17
3722.  1.514084E-17
3723.  1.582018E-17
3724.  1.650806E-17
3725.  1.720307E-17
3726.  1.790351E-17
3727.  1.860778E-17
3728.  1.931431E-17
3729.  2.002119E-17
3730.  2.072700E-17
3731.  2.142988E-17
3732.  2.212813E-17
3733.  2.282021E-17
3734.  2.350429E-17
3735.  2.417881E-17
3736.  2.484211E-17
3737.  2.549254E-17
3738.  2.612862E-17
3739.  2.674878E-17
3740.  2.735160E-17
3741.  2.793544E-17
3742.  2.849903E-17
3743.  2.904107E-17
3744.  2.956032E-17
3745.  3.005531E-17
3746.  3.052537E-17
3747.  3.096901E-17
3748.  3.138551E-17
3749.  3.177390E-17
3750.  3.213333E-17
3751.  3.246309E-17
3752.  3.276267E-17
3753.  3.303121E-17
3754.  3.326860E-17
3755.  3.347430E-17
3756.  3.364806E-17
3757.  3.378963E-17
3758.  3.389911E-17
3759.  3.397634E-17
3760.  3.402159E-17
3761.  3.403471E-17
3762.  3.401631E-17
3763.  3.396660E-17
3764.  3.388605E-17
3765.  3.377518E-17
3766.  3.363462E-17
3767.  3.346490E-17
3768.  3.326682E-17
3769.  3.304130E-17
3770.  3.278896E-17
3771.  3.251101E-17
3772.  3.220820E-17
3773.  3.188141E-17
3774.  3.153212E-17
3775.  3.116092E-17
3776.  3.076940E-17
3777.  3.035834E-17
3778.  2.992911E-17
3779.  2.948275E-17
3780.  2.902061E-17
3781.  2.854373E-17
3782.  2.805350E-17
3783.  2.755097E-17
3784.  2.703749E-17
3785.  2.651403E-17
3786.  2.598205E-17
3787.  2.544250E-17
3788.  2.489658E-17
3789.  2.434538E-17
3790.  2.378999E-17
3791.  2.323152E-17
3792.  2.267101E-17
3793.  2.210927E-17
3794.  2.154747E-17
3795.  2.098634E-17
3796.  2.042702E-17
3797.  1.987012E-17
3798.  1.931651E-17
3799.  1.876690E-17
3800.  1.822213E-17
3801.  1.768257E-17
3802.  1.714912E-17
3803.  1.662235E-17
3804.  1.610259E-17
3805.  1.559051E-17
3806.  1.508636E-17
3807.  1.459086E-17
3808.  1.410425E-17
3809.  1.362667E-17
3810.  1.315863E-17
3811.  1.270022E-17
3812.  1.225188E-17
3813.  1.181355E-17
3814.  1.138549E-17
3815.  1.096782E-17
3816.  1.056061E-17
3817.  1.016395E-17
3818.  9.777854E-18
3819.  9.402417E-18
3820.  9.037451E-18
3821.  8.683032E-18
3822.  8.339115E-18
3823.  8.005628E-18
3824.  7.682393E-18
3825.  7.369383E-18
3826.  7.066496E-18
3827.  6.773510E-18
3828.  6.490390E-18
3829.  6.216869E-18
3830.  5.952978E-18
3831.  5.698283E-18
3832.  5.452765E-18
3833.  5.216205E-18
3834.  4.988457E-18
3835.  4.769318E-18
3836.  4.558486E-18
3837.  4.355833E-18
3838.  4.161220E-18
3839.  3.974430E-18
3840.  3.795157E-18
3841.  3.623386E-18
3842.  3.458828E-18
3843.  3.301219E-18
3844.  3.150444E-18
3845.  3.006179E-18
3846.  2.868501E-18
3847.  2.736964E-18
3848.  2.611566E-18
3849.  2.491975E-18
3850.  2.378174E-18
3851.  2.269891E-18
3852.  2.166894E-18
3853.  2.069124E-18
3854.  1.976373E-18
3855.  1.888539E-18
3856.  1.805349E-18
3857.  1.726746E-18
3858.  1.652602E-18
3859.  1.582702E-18
3860.  1.516910E-18
3861.  1.455173E-18
3862.  1.397232E-18
3863.  1.343056E-18
3864.  1.292540E-18
3865.  1.245437E-18
3866.  1.201742E-18
3867.  1.161296E-18
3868.  1.123959E-18
3869.  1.089704E-18
3870.  1.058248E-18
3871.  1.029728E-18
3872.  1.003891E-18
3873.  9.805965E-19
3874.  9.598856E-19
3875.  9.415680E-19
3876.  9.256236E-19
3877.  9.118782E-19
3878.  9.002725E-19
3879.  8.907300E-19
3880.  8.831330E-19
3881.  8.774761E-19
3882.  8.735237E-19
3883.  8.713534E-19
3884.  8.708325E-19
3885.  8.717952E-19
3886.  8.743073E-19
3887.  8.782125E-19
3888.  8.833766E-19
3889.  8.898308E-19
3890.  8.974022E-19
3891.  9.060401E-19
3892.  9.157035E-19
3893.  9.263058E-19
3894.  9.377021E-19
3895.  9.499141E-19
3896.  9.627197E-19
3897.  9.761829E-19
3898.  9.900142E-19
3899.  1.004439E-18
3900.  1.019116E-18
3901.  1.033993E-18
3902.  1.049037E-18
3903.  1.064062E-18
3904.  1.079055E-18
3905.  1.093830E-18
3906.  1.108360E-18
3907.  1.122447E-18
3908.  1.136038E-18
3909.  1.148923E-18
3910.  1.161060E-18
3911.  1.172307E-18
3912.  1.182468E-18
3913.  1.191320E-18
3914.  1.198844E-18
3915.  1.204928E-18
3916.  1.209227E-18
3917.  1.211656E-18
3918.  1.211982E-18
3919.  1.210096E-18
3920.  1.205746E-18
3921.  1.198613E-18
3922.  1.188682E-18
3923.  1.175613E-18
3924.  1.159251E-18
3925.  1.139203E-18
3926.  1.115337E-18
3927.  1.087439E-18
3928.  1.055153E-18
3929.  1.018194E-18
3930.  9.762910E-19
3931.  9.292994E-19
3932.  8.767419E-19
3933.  8.183819E-19
3934.  7.538436E-19
3935.  6.830955E-19
3936.  6.055346E-19
3937.  5.208935E-19
3938.  4.289004E-19
3939.  3.291944E-19
3940.  2.214383E-19
3941.  1.053211E-19
3942.  -1.943501E-20
3943.  -1.533276E-19
3944.  -2.965864E-19
3945.  -4.494320E-19
3946.  -6.124780E-19
3947.  -7.856765E-19
3948.  -9.696683E-19
3949.  -1.164657E-18
3950.  -1.370990E-18
3951.  -1.588926E-18
3952.  -1.818698E-18
3953.  -2.060748E-18
3954.  -2.315313E-18
3955.  -2.582606E-18
3956.  -2.862926E-18
3957.  -3.156489E-18
3958.  -3.463567E-18
3959.  -3.784338E-18
3960.  -4.118972E-18
3961.  -4.467755E-18
3962.  -4.830715E-18
3963.  -5.208045E-18
3964.  -5.599966E-18
3965.  -6.006347E-18
3966.  -6.427437E-18
3967.  -6.863357E-18
3968.  -7.313908E-18
3969.  -7.779179E-18
3970.  -8.259188E-18
3971.  -8.753804E-18
3972.  -9.262970E-18
3973.  -9.786596E-18
3974.  -1.032442E-17
3975.  -1.087630E-17
3976.  -1.144203E-17
3977.  -1.202133E-17
3978.  -1.261385E-17
3979.  -1.321925E-17
3980.  -1.383714E-17
3981.  -1.446732E-17
3982.  -1.510905E-17
3983.  -1.576196E-17
3984.  -1.642544E-17
3985.  -1.709904E-17
3986.  -1.778189E-17
3987.  -1.847353E-17
3988.  -1.917317E-17
3989.  -1.987996E-17
3990.  -2.059327E-17
3991.  -2.131201E-17
3992.  -2.203545E-17
3993.  -2.276276E-17
3994.  -2.349280E-17
3995.  -2.422435E-17
3996.  -2.495670E-17
3997.  -2.568856E-17
3998.  -2.641889E-17
3999.  -2.714630E-17
4000.  -2.786973E-17
4001.  -2.858793E-17
4002.  -2.929957E-17
4003.  -3.000327E-17
4004.  -3.069769E-17
4005.  -3.138146E-17
4006.  -3.205315E-17
4007.  -3.271149E-17
4008.  -3.335470E-17
4009.  -3.398163E-17
4010.  -3.459072E-17
4011.  -3.518029E-17
4012.  -3.574912E-17
4013.  -3.629552E-17
4014.  -3.681804E-17
4015.  -3.731528E-17
4016.  -3.778548E-17
4017.  -3.822755E-17
4018.  -3.863961E-17
4019.  -3.902054E-17
4020.  -3.936881E-17
4021.  -3.968294E-17
4022.  -3.996172E-17
4023.  -4.020382E-17
4024.  -4.040775E-17
4025.  -4.057257E-17
4026.  -4.069695E-17
4027.  -4.077963E-17
4028.  -4.081972E-17
4029.  -4.081618E-17
4030.  -4.076789E-17
4031.  -4.067424E-17
4032.  -4.053403E-17
4033.  -4.034687E-17
4034.  -4.011181E-17
4035.  -3.982849E-17
4036.  -3.949621E-17
4037.  -3.911462E-17
4038.  -3.868319E-17
4039.  -3.820201E-17
4040.  -3.767064E-17
4041.  -3.708907E-17
4042.  -3.645726E-17
4043.  -3.577524E-17
4044.  -3.504321E-17
4045.  -3.426164E-17
4046.  -3.343054E-17
4047.  -3.255050E-17
4048.  -3.162208E-17
4049.  -3.064592E-17
4050.  -2.962258E-17
4051.  -2.855286E-17
4052.  -2.743748E-17
4053.  -2.627760E-17
4054.  -2.507406E-17
4055.  -2.382786E-17
4056.  -2.254025E-17
4057.  -2.121249E-17
4058.  -1.984546E-17
4059.  -1.844074E-17
4060.  -1.699960E-17
4061.  -1.552356E-17
4062.  -1.401389E-17
4063.  -1.247198E-17
4064.  -1.089942E-17
4065.  -9.297848E-18
4066.  -7.668732E-18
4067.  -6.013645E-18
4068.  -4.334021E-18
4069.  -2.631815E-18
4070.  -9.083037E-19
4071.  8.347638E-19
4072.  2.595752E-18
4073.  4.373103E-18
4074.  6.165184E-18
4075.  7.970507E-18
4076.  9.787199E-18
4077.  1.161387E-17
4078.  1.344911E-17
4079.  1.529126E-17
4080.  1.713872E-17
4081.  1.899005E-17
4082.  2.084378E-17
4083.  2.269862E-17
4084.  2.455293E-17
4085.  2.640542E-17
4086.  2.825458E-17
4087.  3.009927E-17
4088.  3.193809E-17
4089.  3.376963E-17
4090.  3.559261E-17
4091.  3.740599E-17
4092.  3.920841E-17
4093.  4.099847E-17
4094.  4.277511E-17
4095.  4.453714E-17
4096.  4.628326E-17
4097.  4.801250E-17
4098.  4.972347E-17
4099.  5.141511E-17
4100.  5.308626E-17
4101.  5.473575E-17
4102.  5.636251E-17
4103.  5.796523E-17
4104.  5.954299E-17
4105.  6.109422E-17
4106.  6.261820E-17
4107.  6.411358E-17
4108.  6.557924E-17
4109.  6.701390E-17
4110.  6.841662E-17
4111.  6.978610E-17
4112.  7.112116E-17
4113.  7.242069E-17
4114.  7.368348E-17
4115.  7.490854E-17
4116.  7.609458E-17
4117.  7.724064E-17
4118.  7.834556E-17
4119.  7.940811E-17
4120.  8.042762E-17
4121.  8.140275E-17
4122.  8.233273E-17
4123.  8.321650E-17
4124.  8.405345E-17
4125.  8.484257E-17
4126.  8.558301E-17
4127.  8.627425E-17
4128.  8.691571E-17
4129.  8.750676E-17
4130.  8.804697E-17
4131.  8.853617E-17
4132.  8.897403E-17
4133.  8.936030E-17
4134.  8.969505E-17
4135.  8.997833E-17
4136.  9.021037E-17
4137.  9.039153E-17
4138.  9.052224E-17
4139.  9.060305E-17
4140.  9.063481E-17
4141.  9.061819E-17
4142.  9.055429E-17
4143.  9.044427E-17
4144.  9.028934E-17
4145.  9.009082E-17
4146.  8.985048E-17
4147.  8.956988E-17
4148.  8.925074E-17
4149.  8.889509E-17
4150.  8.850496E-17
4151.  8.808239E-17
4152.  8.762983E-17
4153.  8.714947E-17
4154.  8.664399E-17
4155.  8.611581E-17
4156.  8.556749E-17
4157.  8.500189E-17
4158.  8.442154E-17
4159.  8.382938E-17
4160.  8.322831E-17
4161.  8.262092E-17
4162.  8.201025E-17
4163.  8.139915E-17
4164.  8.079033E-17
4165.  8.018677E-17
4166.  7.959104E-17
4167.  7.900593E-17
4168.  7.843426E-17
4169.  7.787828E-17
4170.  7.734058E-17
4171.  7.682359E-17
4172.  7.632958E-17
4173.  7.586055E-17
4174.  7.541840E-17
4175.  7.500522E-17
4176.  7.462251E-17
4177.  7.427167E-17
4178.  7.395422E-17
4179.  7.367133E-17
4180.  7.342387E-17
4181.  7.321250E-17
4182.  7.303786E-17
4183.  7.290047E-17
4184.  7.280030E-17
4185.  7.273723E-17
4186.  7.271118E-17
4187.  7.272172E-17
4188.  7.276798E-17
4189.  7.284913E-17
4190.  7.296415E-17
4191.  7.311177E-17
4192.  7.329072E-17
4193.  7.349898E-17
4194.  7.373493E-17
4195.  7.399672E-17
4196.  7.428212E-17
4197.  7.458878E-17
4198.  7.491457E-17
4199.  7.525655E-17
4200.  7.561239E-17
4201.  7.597937E-17
4202.  7.635444E-17
4203.  7.673498E-17
4204.  7.711796E-17
4205.  7.750041E-17
4206.  7.787920E-17
4207.  7.825155E-17
4208.  7.861429E-17
4209.  7.896452E-17
4210.  7.929928E-17
4211.  7.961553E-17
4212.  7.991073E-17
4213.  8.018186E-17
4214.  8.042641E-17
4215.  8.064173E-17
4216.  8.082555E-17
4217.  8.097532E-17
4218.  8.108911E-17
4219.  8.116474E-17
4220.  8.120065E-17
4221.  8.119474E-17
4222.  8.114599E-17
4223.  8.105285E-17
4224.  8.091419E-17
4225.  8.072942E-17
4226.  8.049762E-17
4227.  8.021859E-17
4228.  7.989184E-17
4229.  7.951751E-17
4230.  7.909588E-17
4231.  7.862740E-17
4232.  7.811282E-17
4233.  7.755296E-17
4234.  7.694906E-17
4235.  7.630261E-17
4236.  7.561513E-17
4237.  7.488833E-17
4238.  7.412463E-17
4239.  7.332611E-17
4240.  7.249522E-17
4241.  7.163490E-17
4242.  7.074783E-17
4243.  6.983726E-17
4244.  6.890637E-17
4245.  6.795880E-17
4246.  6.699807E-17
4247.  6.602804E-17
4248.  6.505265E-17
4249.  6.407595E-17
4250.  6.310235E-17
4251.  6.213613E-17
4252.  6.118172E-17
4253.  6.024387E-17
4254.  5.932709E-17
4255.  5.843626E-17
4256.  5.757623E-17
4257.  5.675182E-17
4258.  5.596805E-17
4259.  5.522995E-17
4260.  5.454259E-17
4261.  5.391097E-17
4262.  5.334012E-17
4263.  5.283504E-17
4264.  5.240094E-17
4265.  5.204257E-17
4266.  5.176507E-17
4267.  5.157328E-17
4268.  5.147210E-17
4269.  5.146610E-17
4270.  5.156013E-17
4271.  5.175868E-17
4272.  5.206619E-17
4273.  5.248683E-17
4274.  5.302495E-17
4275.  5.368448E-17
4276.  5.446929E-17
4277.  5.538291E-17
4278.  5.642894E-17
4279.  5.761050E-17
4280.  5.893078E-17
4281.  6.039246E-17
4282.  6.199803E-17
4283.  6.374994E-17
4284.  6.565014E-17
4285.  6.770034E-17
4286.  6.990216E-17
4287.  7.225645E-17
4288.  7.476421E-17
4289.  7.742600E-17
4290.  8.024195E-17
4291.  8.321182E-17
4292.  8.633526E-17
4293.  8.961131E-17
4294.  9.303864E-17
4295.  9.661579E-17
4296.  1.003407E-16
4297.  1.042111E-16
4298.  1.082242E-16
4299.  1.123768E-16
4300.  1.166655E-16
4301.  1.210865E-16
4302.  1.256354E-16
4303.  1.303075E-16
4304.  1.350979E-16
4305.  1.400012E-16
4306.  1.450116E-16
4307.  1.501231E-16
4308.  1.553293E-16
4309.  1.606233E-16
4310.  1.659981E-16
4311.  1.714462E-16
4312.  1.769601E-16
4313.  1.825317E-16
4314.  1.881529E-16
4315.  1.938154E-16
4316.  1.995103E-16
4317.  2.052290E-16
4318.  2.109623E-16
4319.  2.167013E-16
4320.  2.224366E-16
4321.  2.281591E-16
4322.  2.338590E-16
4323.  2.395273E-16
4324.  2.451545E-16
4325.  2.507309E-16
4326.  2.562475E-16
4327.  2.616947E-16
4328.  2.670637E-16
4329.  2.723454E-16
4330.  2.775308E-16
4331.  2.826115E-16
4332.  2.875789E-16
4333.  2.924248E-16
4334.  2.971416E-16
4335.  3.017216E-16
4336.  3.061576E-16
4337.  3.104428E-16
4338.  3.145707E-16
4339.  3.185352E-16
4340.  3.223308E-16
4341.  3.259522E-16
4342.  3.293949E-16
4343.  3.326543E-16
4344.  3.357270E-16
4345.  3.386097E-16
4346.  3.412995E-16
4347.  3.437945E-16
4348.  3.460929E-16
4349.  3.481933E-16
4350.  3.500957E-16
4351.  3.517994E-16
4352.  3.533052E-16
4353.  3.546142E-16
4354.  3.557277E-16
4355.  3.566478E-16
4356.  3.573770E-16
4357.  3.579184E-16
4358.  3.582754E-16
4359.  3.584519E-16
4360.  3.584524E-16
4361.  3.582817E-16
4362.  3.579450E-16
4363.  3.574477E-16
4364.  3.567959E-16
4365.  3.559958E-16
4366.  3.550539E-16
4367.  3.539771E-16
4368.  3.527724E-16
4369.  3.514472E-16
4370.  3.500089E-16
4371.  3.484652E-16
4372.  3.468238E-16
4373.  3.450927E-16
4374.  3.432797E-16
4375.  3.413930E-16
4376.  3.394404E-16
4377.  3.374299E-16
4378.  3.353696E-16
4379.  3.332674E-16
4380.  3.311310E-16
4381.  3.289683E-16
4382.  3.267866E-16
4383.  3.245934E-16
4384.  3.223958E-16
4385.  3.202011E-16
4386.  3.180156E-16
4387.  3.158463E-16
4388.  3.136991E-16
4389.  3.115801E-16
4390.  3.094949E-16
4391.  3.074491E-16
4392.  3.054475E-16
4393.  3.034951E-16
4394.  3.015961E-16
4395.  2.997546E-16
4396.  2.979744E-16
4397.  2.962588E-16
4398.  2.946106E-16
4399.  2.930327E-16
4400.  2.915272E-16
4401.  2.900961E-16
4402.  2.887409E-16
4403.  2.874629E-16
4404.  2.862627E-16
4405.  2.851409E-16
4406.  2.840977E-16
4407.  2.831329E-16
4408.  2.822459E-16
4409.  2.814358E-16
4410.  2.807016E-16
4411.  2.800414E-16
4412.  2.794541E-16
4413.  2.789372E-16
4414.  2.784883E-16
4415.  2.781049E-16
4416.  2.777842E-16
4417.  2.775230E-16
4418.  2.773181E-16
4419.  2.771659E-16
4420.  2.770626E-16
4421.  2.770042E-16
4422.  2.769867E-16
4423.  2.770059E-16
4424.  2.770572E-16
4425.  2.771361E-16
4426.  2.772379E-16
4427.  2.773579E-16
4428.  2.774913E-16
4429.  2.776328E-16
4430.  2.777776E-16
4431.  2.779208E-16
4432.  2.780569E-16
4433.  2.781811E-16
4434.  2.782881E-16
4435.  2.783730E-16
4436.  2.784306E-16
4437.  2.784557E-16
4438.  2.784435E-16
4439.  2.783890E-16
4440.  2.782875E-16
4441.  2.781341E-16
4442.  2.779241E-16
4443.  2.776532E-16
4444.  2.773169E-16
4445.  2.769111E-16
4446.  2.764315E-16
4447.  2.758744E-16
4448.  2.752363E-16
4449.  2.745133E-16
4450.  2.737023E-16
4451.  2.728004E-16
4452.  2.718045E-16
4453.  2.707122E-16
4454.  2.695212E-16
4455.  2.682291E-16
4456.  2.668345E-16
4457.  2.653356E-16
4458.  2.637310E-16
4459.  2.620202E-16
4460.  2.602021E-16
4461.  2.582762E-16
4462.  2.562426E-16
4463.  2.541016E-16
4464.  2.518532E-16
4465.  2.494984E-16
4466.  2.470382E-16
4467.  2.444739E-16
4468.  2.418074E-16
4469.  2.390399E-16
4470.  2.361741E-16
4471.  2.332120E-16
4472.  2.301566E-16
4473.  2.270107E-16
4474.  2.237775E-16
4475.  2.204600E-16
4476.  2.170621E-16
4477.  2.135876E-16
4478.  2.100403E-16
4479.  2.064244E-16
4480.  2.027444E-16
4481.  1.990044E-16
4482.  1.952093E-16
4483.  1.913638E-16
4484.  1.874722E-16
4485.  1.835400E-16
4486.  1.795721E-16
4487.  1.755734E-16
4488.  1.715490E-16
4489.  1.675035E-16
4490.  1.634425E-16
4491.  1.593713E-16
4492.  1.552944E-16
4493.  1.512170E-16
4494.  1.471441E-16
4495.  1.430805E-16
4496.  1.390308E-16
4497.  1.350003E-16
4498.  1.309931E-16
4499.  1.270136E-16
4500.  1.230664E-16
