1.  3.646793E-19
2.  3.796509E-19
3.  3.951640E-19
4.  4.112650E-19
5.  4.281406E-19
6.  4.455368E-19
7.  4.634743E-19
8.  4.822185E-19
9.  5.016359E-19
10.  5.217605E-19
11.  5.426563E-19
12.  5.643875E-19
13.  5.868356E-19
14.  6.101877E-19
15.  6.343691E-19
16.  6.594815E-19
17.  6.853519E-19
18.  7.122702E-19
19.  7.402077E-19
20.  7.691916E-19
21.  7.991226E-19
22.  8.301826E-19
23.  8.622788E-19
24.  8.956521E-19
25.  9.301273E-19
26.  9.658543E-19
27.  1.002825E-18
28.  1.041163E-18
29.  1.080764E-18
30.  1.121842E-18
31.  1.164327E-18
32.  1.208320E-18
33.  1.253722E-18
34.  1.300854E-18
35.  1.349519E-18
36.  1.399808E-18
37.  1.452018E-18
38.  1.505944E-18
39.  1.561552E-18
40.  1.619278E-18
41.  1.678801E-18
42.  1.740385E-18
43.  1.803965E-18
44.  1.869767E-18
45.  1.937697E-18
46.  2.007871E-18
47.  2.080415E-18
48.  2.155384E-18
49.  2.232826E-18
50.  2.312789E-18
51.  2.395331E-18
52.  2.480591E-18
53.  2.568695E-18
54.  2.659530E-18
55.  2.753244E-18
56.  2.850057E-18
57.  2.949917E-18
58.  3.053124E-18
59.  3.159415E-18
60.  3.269162E-18
61.  3.382357E-18
62.  3.499169E-18
63.  3.619397E-18
64.  3.743717E-18
65.  3.871687E-18
66.  4.003543E-18
67.  4.139696E-18
68.  4.279925E-18
69.  4.424422E-18
70.  4.573323E-18
71.  4.726820E-18
72.  4.884875E-18
73.  5.047765E-18
74.  5.215485E-18
75.  5.388327E-18
76.  5.566115E-18
77.  5.749274E-18
78.  5.937879E-18
79.  6.132038E-18
80.  6.331921E-18
81.  6.537546E-18
82.  6.749205E-18
83.  6.967047E-18
84.  7.191139E-18
85.  7.421771E-18
86.  7.658946E-18
87.  7.902731E-18
88.  8.153590E-18
89.  8.411567E-18
90.  8.676690E-18
91.  8.949332E-18
92.  9.229670E-18
93.  9.517661E-18
94.  9.813746E-18
95.  1.011791E-17
96.  1.043048E-17
97.  1.075173E-17
98.  1.108144E-17
99.  1.142027E-17
100.  1.176820E-17
101.  1.212564E-17
102.  1.249252E-17
103.  1.286921E-17
104.  1.325593E-17
105.  1.365284E-17
106.  1.406018E-17
107.  1.447827E-17
108.  1.490721E-17
109.  1.534736E-17
110.  1.579884E-17
111.  1.626192E-17
112.  1.673694E-17
113.  1.722391E-17
114.  1.772339E-17
115.  1.823553E-17
116.  1.876050E-17
117.  1.929854E-17
118.  1.985016E-17
119.  2.041540E-17
120.  2.099460E-17
121.  2.158802E-17
122.  2.219589E-17
123.  2.281875E-17
124.  2.345657E-17
125.  2.410979E-17
126.  2.477872E-17
127.  2.546361E-17
128.  2.616480E-17
129.  2.688265E-17
130.  2.761729E-17
131.  2.836903E-17
132.  2.913843E-17
133.  2.992578E-17
134.  3.073122E-17
135.  3.155512E-17
136.  3.239792E-17
137.  3.325980E-17
138.  3.414111E-17
139.  3.504232E-17
140.  3.596368E-17
141.  3.690555E-17
142.  3.786832E-17
143.  3.885225E-17
144.  3.985789E-17
145.  4.088524E-17
146.  4.193499E-17
147.  4.300732E-17
148.  4.410273E-17
149.  4.522142E-17
150.  4.636392E-17
151.  4.753046E-17
152.  4.872148E-17
153.  4.993734E-17
154.  5.117849E-17
155.  5.244524E-17
156.  5.373796E-17
157.  5.505705E-17
158.  5.640292E-17
159.  5.777597E-17
160.  5.917637E-17
161.  6.060481E-17
162.  6.206156E-17
163.  6.354698E-17
164.  6.506153E-17
165.  6.660560E-17
166.  6.817947E-17
167.  6.978354E-17
168.  7.141846E-17
169.  7.308429E-17
170.  7.478163E-17
171.  7.651088E-17
172.  7.827228E-17
173.  8.006631E-17
174.  8.189340E-17
175.  8.375393E-17
176.  8.564827E-17
177.  8.757680E-17
178.  8.953992E-17
179.  9.153811E-17
180.  9.357156E-17
181.  9.564093E-17
182.  9.774638E-17
183.  9.988839E-17
184.  1.020673E-16
185.  1.042834E-16
186.  1.065375E-16
187.  1.088294E-16
188.  1.111598E-16
189.  1.135289E-16
190.  1.159374E-16
191.  1.183851E-16
192.  1.208729E-16
193.  1.234010E-16
194.  1.259695E-16
195.  1.285791E-16
196.  1.312299E-16
197.  1.339224E-16
198.  1.366569E-16
199.  1.394336E-16
200.  1.422529E-16
201.  1.451152E-16
202.  1.480207E-16
203.  1.509699E-16
204.  1.539627E-16
205.  1.569998E-16
206.  1.600815E-16
207.  1.632078E-16
208.  1.663791E-16
209.  1.695958E-16
210.  1.728579E-16
211.  1.761659E-16
212.  1.795200E-16
213.  1.829204E-16
214.  1.863673E-16
215.  1.898609E-16
216.  1.934014E-16
217.  1.969892E-16
218.  2.006244E-16
219.  2.043071E-16
220.  2.080377E-16
221.  2.118160E-16
222.  2.156426E-16
223.  2.195173E-16
224.  2.234405E-16
225.  2.274122E-16
226.  2.314324E-16
227.  2.355015E-16
228.  2.396193E-16
229.  2.437862E-16
230.  2.480021E-16
231.  2.522671E-16
232.  2.565813E-16
233.  2.609445E-16
234.  2.653571E-16
235.  2.698189E-16
236.  2.743299E-16
237.  2.788903E-16
238.  2.834998E-16
239.  2.881585E-16
240.  2.928665E-16
241.  2.976236E-16
242.  3.024296E-16
243.  3.072849E-16
244.  3.121888E-16
245.  3.171415E-16
246.  3.221430E-16
247.  3.271929E-16
248.  3.322912E-16
249.  3.374378E-16
250.  3.426323E-16
251.  3.478748E-16
252.  3.531650E-16
253.  3.585025E-16
254.  3.638873E-16
255.  3.693190E-16
256.  3.747975E-16
257.  3.803223E-16
258.  3.858933E-16
259.  3.915101E-16
260.  3.971724E-16
261.  4.028802E-16
262.  4.086326E-16
263.  4.144295E-16
264.  4.202705E-16
265.  4.261553E-16
266.  4.320833E-16
267.  4.380542E-16
268.  4.440676E-16
269.  4.501230E-16
270.  4.562202E-16
271.  4.623582E-16
272.  4.685369E-16
273.  4.747556E-16
274.  4.810138E-16
275.  4.873111E-16
276.  4.936470E-16
277.  5.000206E-16
278.  5.064318E-16
279.  5.128794E-16
280.  5.193634E-16
281.  5.258828E-16
282.  5.324372E-16
283.  5.390258E-16
284.  5.456479E-16
285.  5.523030E-16
286.  5.589904E-16
287.  5.657093E-16
288.  5.724589E-16
289.  5.792387E-16
290.  5.860480E-16
291.  5.928857E-16
292.  5.997513E-16
293.  6.066443E-16
294.  6.135634E-16
295.  6.205079E-16
296.  6.274773E-16
297.  6.344706E-16
298.  6.414870E-16
299.  6.485255E-16
300.  6.555855E-16
301.  6.626662E-16
302.  6.697665E-16
303.  6.768854E-16
304.  6.840226E-16
305.  6.911766E-16
306.  6.983470E-16
307.  7.055324E-16
308.  7.127323E-16
309.  7.199456E-16
310.  7.271714E-16
311.  7.344086E-16
312.  7.416565E-16
313.  7.489141E-16
314.  7.561805E-16
315.  7.634544E-16
316.  7.707353E-16
317.  7.780219E-16
318.  7.853136E-16
319.  7.926088E-16
320.  7.999072E-16
321.  8.072075E-16
322.  8.145085E-16
323.  8.218096E-16
324.  8.291094E-16
325.  8.364075E-16
326.  8.437025E-16
327.  8.509935E-16
328.  8.582793E-16
329.  8.655591E-16
330.  8.728321E-16
331.  8.800969E-16
332.  8.873527E-16
333.  8.945985E-16
334.  9.018333E-16
335.  9.090563E-16
336.  9.162662E-16
337.  9.234622E-16
338.  9.306431E-16
339.  9.378083E-16
340.  9.449564E-16
341.  9.520869E-16
342.  9.591985E-16
343.  9.662903E-16
344.  9.733613E-16
345.  9.804108E-16
346.  9.874376E-16
347.  9.944406E-16
348.  1.001420E-15
349.  1.008373E-15
350.  1.015300E-15
351.  1.022200E-15
352.  1.029071E-15
353.  1.035914E-15
354.  1.042727E-15
355.  1.049509E-15
356.  1.056259E-15
357.  1.062977E-15
358.  1.069661E-15
359.  1.076312E-15
360.  1.082927E-15
361.  1.089507E-15
362.  1.096050E-15
363.  1.102555E-15
364.  1.109023E-15
365.  1.115451E-15
366.  1.121840E-15
367.  1.128188E-15
368.  1.134496E-15
369.  1.140761E-15
370.  1.146984E-15
371.  1.153164E-15
372.  1.159300E-15
373.  1.165391E-15
374.  1.171437E-15
375.  1.177437E-15
376.  1.183391E-15
377.  1.189298E-15
378.  1.195156E-15
379.  1.200967E-15
380.  1.206730E-15
381.  1.212442E-15
382.  1.218105E-15
383.  1.223718E-15
384.  1.229279E-15
385.  1.234790E-15
386.  1.240248E-15
387.  1.245654E-15
388.  1.251008E-15
389.  1.256308E-15
390.  1.261556E-15
391.  1.266749E-15
392.  1.271888E-15
393.  1.276972E-15
394.  1.282001E-15
395.  1.286975E-15
396.  1.291894E-15
397.  1.296756E-15
398.  1.301563E-15
399.  1.306313E-15
400.  1.311007E-15
401.  1.315643E-15
402.  1.320222E-15
403.  1.324745E-15
404.  1.329209E-15
405.  1.333617E-15
406.  1.337966E-15
407.  1.342257E-15
408.  1.346491E-15
409.  1.350666E-15
410.  1.354783E-15
411.  1.358842E-15
412.  1.362842E-15
413.  1.366784E-15
414.  1.370667E-15
415.  1.374492E-15
416.  1.378259E-15
417.  1.381966E-15
418.  1.385616E-15
419.  1.389207E-15
420.  1.392740E-15
421.  1.396214E-15
422.  1.399630E-15
423.  1.402988E-15
424.  1.406288E-15
425.  1.409529E-15
426.  1.412713E-15
427.  1.415839E-15
428.  1.418908E-15
429.  1.421919E-15
430.  1.424872E-15
431.  1.427769E-15
432.  1.430608E-15
433.  1.433391E-15
434.  1.436117E-15
435.  1.438787E-15
436.  1.441401E-15
437.  1.443959E-15
438.  1.446461E-15
439.  1.448908E-15
440.  1.451299E-15
441.  1.453635E-15
442.  1.455917E-15
443.  1.458144E-15
444.  1.460317E-15
445.  1.462436E-15
446.  1.464501E-15
447.  1.466514E-15
448.  1.468473E-15
449.  1.470379E-15
450.  1.472233E-15
451.  1.474035E-15
452.  1.475785E-15
453.  1.477483E-15
454.  1.479131E-15
455.  1.480727E-15
456.  1.482273E-15
457.  1.483768E-15
458.  1.485214E-15
459.  1.486610E-15
460.  1.487957E-15
461.  1.489255E-15
462.  1.490504E-15
463.  1.491705E-15
464.  1.492858E-15
465.  1.493964E-15
466.  1.495022E-15
467.  1.496034E-15
468.  1.496998E-15
469.  1.497917E-15
470.  1.498790E-15
471.  1.499617E-15
472.  1.500399E-15
473.  1.501136E-15
474.  1.501828E-15
475.  1.502476E-15
476.  1.503080E-15
477.  1.503640E-15
478.  1.504158E-15
479.  1.504632E-15
480.  1.505063E-15
481.  1.505452E-15
482.  1.505799E-15
483.  1.506104E-15
484.  1.506368E-15
485.  1.506590E-15
486.  1.506772E-15
487.  1.506913E-15
488.  1.507013E-15
489.  1.507074E-15
490.  1.507095E-15
491.  1.507076E-15
492.  1.507018E-15
493.  1.506922E-15
494.  1.506786E-15
495.  1.506612E-15
496.  1.506400E-15
497.  1.506150E-15
498.  1.505862E-15
499.  1.505537E-15
500.  1.505174E-15
501.  1.504774E-15
502.  1.504338E-15
503.  1.503865E-15
504.  1.503356E-15
505.  1.502811E-15
506.  1.502229E-15
507.  1.501612E-15
508.  1.500960E-15
509.  1.500271E-15
510.  1.499548E-15
511.  1.498790E-15
512.  1.497997E-15
513.  1.497170E-15
514.  1.496308E-15
515.  1.495411E-15
516.  1.494481E-15
517.  1.493517E-15
518.  1.492519E-15
519.  1.491487E-15
520.  1.490422E-15
521.  1.489323E-15
522.  1.488191E-15
523.  1.487026E-15
524.  1.485828E-15
525.  1.484598E-15
526.  1.483335E-15
527.  1.482039E-15
528.  1.480711E-15
529.  1.479350E-15
530.  1.477958E-15
531.  1.476533E-15
532.  1.475077E-15
533.  1.473589E-15
534.  1.472069E-15
535.  1.470517E-15
536.  1.468934E-15
537.  1.467320E-15
538.  1.465674E-15
539.  1.463998E-15
540.  1.462291E-15
541.  1.460552E-15
542.  1.458783E-15
543.  1.456983E-15
544.  1.455153E-15
545.  1.453291E-15
546.  1.451401E-15
547.  1.449479E-15
548.  1.447528E-15
549.  1.445546E-15
550.  1.443535E-15
551.  1.441494E-15
552.  1.439423E-15
553.  1.437323E-15
554.  1.435193E-15
555.  1.433034E-15
556.  1.430846E-15
557.  1.428629E-15
558.  1.426383E-15
559.  1.424109E-15
560.  1.421805E-15
561.  1.419474E-15
562.  1.417114E-15
563.  1.414725E-15
564.  1.412309E-15
565.  1.409865E-15
566.  1.407393E-15
567.  1.404893E-15
568.  1.402366E-15
569.  1.399812E-15
570.  1.397230E-15
571.  1.394622E-15
572.  1.391987E-15
573.  1.389325E-15
574.  1.386637E-15
575.  1.383923E-15
576.  1.381183E-15
577.  1.378417E-15
578.  1.375625E-15
579.  1.372808E-15
580.  1.369966E-15
581.  1.367099E-15
582.  1.364207E-15
583.  1.361291E-15
584.  1.358350E-15
585.  1.355385E-15
586.  1.352397E-15
587.  1.349384E-15
588.  1.346349E-15
589.  1.343290E-15
590.  1.340209E-15
591.  1.337105E-15
592.  1.333979E-15
593.  1.330831E-15
594.  1.327661E-15
595.  1.324470E-15
596.  1.321257E-15
597.  1.318024E-15
598.  1.314770E-15
599.  1.311496E-15
600.  1.308202E-15
601.  1.304888E-15
602.  1.301555E-15
603.  1.298203E-15
604.  1.294832E-15
605.  1.291443E-15
606.  1.288036E-15
607.  1.284611E-15
608.  1.281170E-15
609.  1.277711E-15
610.  1.274235E-15
611.  1.270743E-15
612.  1.267235E-15
613.  1.263712E-15
614.  1.260174E-15
615.  1.256621E-15
616.  1.253053E-15
617.  1.249472E-15
618.  1.245877E-15
619.  1.242268E-15
620.  1.238647E-15
621.  1.235013E-15
622.  1.231367E-15
623.  1.227709E-15
624.  1.224041E-15
625.  1.220361E-15
626.  1.216671E-15
627.  1.212970E-15
628.  1.209261E-15
629.  1.205541E-15
630.  1.201814E-15
631.  1.198077E-15
632.  1.194333E-15
633.  1.190581E-15
634.  1.186822E-15
635.  1.183057E-15
636.  1.179285E-15
637.  1.175507E-15
638.  1.171724E-15
639.  1.167936E-15
640.  1.164143E-15
641.  1.160346E-15
642.  1.156546E-15
643.  1.152742E-15
644.  1.148935E-15
645.  1.145126E-15
646.  1.141316E-15
647.  1.137503E-15
648.  1.133690E-15
649.  1.129876E-15
650.  1.126062E-15
651.  1.122248E-15
652.  1.118434E-15
653.  1.114622E-15
654.  1.110811E-15
655.  1.107003E-15
656.  1.103196E-15
657.  1.099393E-15
658.  1.095593E-15
659.  1.091796E-15
660.  1.088004E-15
661.  1.084216E-15
662.  1.080433E-15
663.  1.076656E-15
664.  1.072884E-15
665.  1.069119E-15
666.  1.065360E-15
667.  1.061608E-15
668.  1.057864E-15
669.  1.054127E-15
670.  1.050400E-15
671.  1.046680E-15
672.  1.042970E-15
673.  1.039270E-15
674.  1.035579E-15
675.  1.031899E-15
676.  1.028229E-15
677.  1.024571E-15
678.  1.020924E-15
679.  1.017288E-15
680.  1.013666E-15
681.  1.010056E-15
682.  1.006459E-15
683.  1.002875E-15
684.  9.993053E-16
685.  9.957498E-16
686.  9.922086E-16
687.  9.886827E-16
688.  9.851720E-16
689.  9.816767E-16
690.  9.781975E-16
691.  9.747348E-16
692.  9.712886E-16
693.  9.678596E-16
694.  9.644480E-16
695.  9.610542E-16
696.  9.576782E-16
697.  9.543207E-16
698.  9.509821E-16
699.  9.476626E-16
700.  9.443623E-16
701.  9.410818E-16
702.  9.378213E-16
703.  9.345812E-16
704.  9.313619E-16
705.  9.281635E-16
706.  9.249860E-16
707.  9.218305E-16
708.  9.186966E-16
709.  9.155851E-16
710.  9.124961E-16
711.  9.094295E-16
712.  9.063860E-16
713.  9.033659E-16
714.  9.003693E-16
715.  8.973968E-16
716.  8.944481E-16
717.  8.915238E-16
718.  8.886243E-16
719.  8.857496E-16
720.  8.828999E-16
721.  8.800757E-16
722.  8.772772E-16
723.  8.745046E-16
724.  8.717578E-16
725.  8.690376E-16
726.  8.663440E-16
727.  8.636770E-16
728.  8.610372E-16
729.  8.584244E-16
730.  8.558393E-16
731.  8.532818E-16
732.  8.507521E-16
733.  8.482503E-16
734.  8.457770E-16
735.  8.433322E-16
736.  8.409158E-16
737.  8.385285E-16
738.  8.361699E-16
739.  8.338408E-16
740.  8.315407E-16
741.  8.292703E-16
742.  8.270295E-16
743.  8.248186E-16
744.  8.226378E-16
745.  8.204869E-16
746.  8.183665E-16
747.  8.162765E-16
748.  8.142170E-16
749.  8.121882E-16
750.  8.101903E-16
751.  8.082232E-16
752.  8.062873E-16
753.  8.043825E-16
754.  8.025091E-16
755.  8.006671E-16
756.  7.988565E-16
757.  7.970774E-16
758.  7.953301E-16
759.  7.936144E-16
760.  7.919307E-16
761.  7.902788E-16
762.  7.886588E-16
763.  7.870711E-16
764.  7.855152E-16
765.  7.839916E-16
766.  7.825002E-16
767.  7.810409E-16
768.  7.796139E-16
769.  7.782192E-16
770.  7.768569E-16
771.  7.755270E-16
772.  7.742292E-16
773.  7.729640E-16
774.  7.717312E-16
775.  7.705305E-16
776.  7.693624E-16
777.  7.682265E-16
778.  7.671229E-16
779.  7.660517E-16
780.  7.650126E-16
781.  7.640058E-16
782.  7.630312E-16
783.  7.620888E-16
784.  7.611783E-16
785.  7.602998E-16
786.  7.594533E-16
787.  7.586386E-16
788.  7.578558E-16
789.  7.571046E-16
790.  7.563850E-16
791.  7.556967E-16
792.  7.550401E-16
793.  7.544148E-16
794.  7.538204E-16
795.  7.532571E-16
796.  7.527247E-16
797.  7.522230E-16
798.  7.517519E-16
799.  7.513113E-16
800.  7.509011E-16
801.  7.505208E-16
802.  7.501708E-16
803.  7.498503E-16
804.  7.495594E-16
805.  7.492982E-16
806.  7.490660E-16
807.  7.488627E-16
808.  7.486885E-16
809.  7.485427E-16
810.  7.484253E-16
811.  7.483360E-16
812.  7.482747E-16
813.  7.482411E-16
814.  7.482349E-16
815.  7.482558E-16
816.  7.483037E-16
817.  7.483782E-16
818.  7.484792E-16
819.  7.486062E-16
820.  7.487591E-16
821.  7.489376E-16
822.  7.491413E-16
823.  7.493699E-16
824.  7.496232E-16
825.  7.499009E-16
826.  7.502026E-16
827.  7.505280E-16
828.  7.508768E-16
829.  7.512487E-16
830.  7.516434E-16
831.  7.520604E-16
832.  7.524995E-16
833.  7.529604E-16
834.  7.534424E-16
835.  7.539457E-16
836.  7.544694E-16
837.  7.550136E-16
838.  7.555776E-16
839.  7.561611E-16
840.  7.567639E-16
841.  7.573855E-16
842.  7.580255E-16
843.  7.586835E-16
844.  7.593591E-16
845.  7.600519E-16
846.  7.607618E-16
847.  7.614879E-16
848.  7.622301E-16
849.  7.629880E-16
850.  7.637611E-16
851.  7.645491E-16
852.  7.653516E-16
853.  7.661681E-16
854.  7.669982E-16
855.  7.678416E-16
856.  7.686977E-16
857.  7.695662E-16
858.  7.704467E-16
859.  7.713387E-16
860.  7.722419E-16
861.  7.731558E-16
862.  7.740800E-16
863.  7.750142E-16
864.  7.759578E-16
865.  7.769105E-16
866.  7.778717E-16
867.  7.788413E-16
868.  7.798186E-16
869.  7.808034E-16
870.  7.817952E-16
871.  7.827935E-16
872.  7.837981E-16
873.  7.848084E-16
874.  7.858240E-16
875.  7.868448E-16
876.  7.878700E-16
877.  7.888995E-16
878.  7.899328E-16
879.  7.909694E-16
880.  7.920092E-16
881.  7.930514E-16
882.  7.940959E-16
883.  7.951424E-16
884.  7.961904E-16
885.  7.972394E-16
886.  7.982894E-16
887.  7.993396E-16
888.  8.003900E-16
889.  8.014401E-16
890.  8.024894E-16
891.  8.035380E-16
892.  8.045853E-16
893.  8.056307E-16
894.  8.066743E-16
895.  8.077157E-16
896.  8.087544E-16
897.  8.097904E-16
898.  8.108230E-16
899.  8.118522E-16
900.  8.128776E-16
901.  8.138990E-16
902.  8.149163E-16
903.  8.159287E-16
904.  8.169364E-16
905.  8.179390E-16
906.  8.189363E-16
907.  8.199281E-16
908.  8.209139E-16
909.  8.218938E-16
910.  8.228674E-16
911.  8.238346E-16
912.  8.247953E-16
913.  8.257489E-16
914.  8.266955E-16
915.  8.276351E-16
916.  8.285673E-16
917.  8.294919E-16
918.  8.304090E-16
919.  8.313180E-16
920.  8.322192E-16
921.  8.331124E-16
922.  8.339974E-16
923.  8.348741E-16
924.  8.357424E-16
925.  8.366021E-16
926.  8.374534E-16
927.  8.382960E-16
928.  8.391298E-16
929.  8.399549E-16
930.  8.407713E-16
931.  8.415787E-16
932.  8.423774E-16
933.  8.431671E-16
934.  8.439481E-16
935.  8.447198E-16
936.  8.454829E-16
937.  8.462369E-16
938.  8.469822E-16
939.  8.477186E-16
940.  8.484462E-16
941.  8.491651E-16
942.  8.498752E-16
943.  8.505767E-16
944.  8.512697E-16
945.  8.519542E-16
946.  8.526305E-16
947.  8.532982E-16
948.  8.539579E-16
949.  8.546094E-16
950.  8.552531E-16
951.  8.558891E-16
952.  8.565171E-16
953.  8.571377E-16
954.  8.577509E-16
955.  8.583571E-16
956.  8.589561E-16
957.  8.595481E-16
958.  8.601336E-16
959.  8.607126E-16
960.  8.612852E-16
961.  8.618517E-16
962.  8.624123E-16
963.  8.629673E-16
964.  8.635168E-16
965.  8.640611E-16
966.  8.646004E-16
967.  8.651349E-16
968.  8.656650E-16
969.  8.661907E-16
970.  8.667125E-16
971.  8.672307E-16
972.  8.677452E-16
973.  8.682566E-16
974.  8.687651E-16
975.  8.692711E-16
976.  8.697746E-16
977.  8.702761E-16
978.  8.707758E-16
979.  8.712742E-16
980.  8.717712E-16
981.  8.722676E-16
982.  8.727634E-16
983.  8.732590E-16
984.  8.737545E-16
985.  8.742507E-16
986.  8.747474E-16
987.  8.752454E-16
988.  8.757447E-16
989.  8.762455E-16
990.  8.767486E-16
991.  8.772541E-16
992.  8.777623E-16
993.  8.782735E-16
994.  8.787881E-16
995.  8.793065E-16
996.  8.798288E-16
997.  8.803558E-16
998.  8.808874E-16
999.  8.814240E-16
1000.  8.819660E-16
1001.  8.825140E-16
1002.  8.830680E-16
1003.  8.836285E-16
1004.  8.841958E-16
1005.  8.847702E-16
1006.  8.853520E-16
1007.  8.859416E-16
1008.  8.865395E-16
1009.  8.871457E-16
1010.  8.877607E-16
1011.  8.883849E-16
1012.  8.890186E-16
1013.  8.896620E-16
1014.  8.903157E-16
1015.  8.909796E-16
1016.  8.916541E-16
1017.  8.923397E-16
1018.  8.930368E-16
1019.  8.937454E-16
1020.  8.944662E-16
1021.  8.951989E-16
1022.  8.959444E-16
1023.  8.967027E-16
1024.  8.974740E-16
1025.  8.982587E-16
1026.  8.990573E-16
1027.  8.998694E-16
1028.  9.006961E-16
1029.  9.015372E-16
1030.  9.023930E-16
1031.  9.032637E-16
1032.  9.041498E-16
1033.  9.050511E-16
1034.  9.059681E-16
1035.  9.069012E-16
1036.  9.078503E-16
1037.  9.088157E-16
1038.  9.097979E-16
1039.  9.107966E-16
1040.  9.118125E-16
1041.  9.128453E-16
1042.  9.138954E-16
1043.  9.149631E-16
1044.  9.160486E-16
1045.  9.171516E-16
1046.  9.182728E-16
1047.  9.194120E-16
1048.  9.205695E-16
1049.  9.217453E-16
1050.  9.229398E-16
1051.  9.241528E-16
1052.  9.253846E-16
1053.  9.266350E-16
1054.  9.279045E-16
1055.  9.291930E-16
1056.  9.305006E-16
1057.  9.318271E-16
1058.  9.331730E-16
1059.  9.345382E-16
1060.  9.359225E-16
1061.  9.373263E-16
1062.  9.387495E-16
1063.  9.401920E-16
1064.  9.416540E-16
1065.  9.431352E-16
1066.  9.446358E-16
1067.  9.461559E-16
1068.  9.476952E-16
1069.  9.492537E-16
1070.  9.508315E-16
1071.  9.524286E-16
1072.  9.540450E-16
1073.  9.556803E-16
1074.  9.573347E-16
1075.  9.590080E-16
1076.  9.607001E-16
1077.  9.624110E-16
1078.  9.641404E-16
1079.  9.658884E-16
1080.  9.676549E-16
1081.  9.694394E-16
1082.  9.712422E-16
1083.  9.730629E-16
1084.  9.749015E-16
1085.  9.767576E-16
1086.  9.786312E-16
1087.  9.805222E-16
1088.  9.824301E-16
1089.  9.843551E-16
1090.  9.862966E-16
1091.  9.882548E-16
1092.  9.902292E-16
1093.  9.922195E-16
1094.  9.942258E-16
1095.  9.962475E-16
1096.  9.982847E-16
1097.  1.000337E-15
1098.  1.002404E-15
1099.  1.004485E-15
1100.  1.006581E-15
1101.  1.008691E-15
1102.  1.010814E-15
1103.  1.012951E-15
1104.  1.015101E-15
1105.  1.017263E-15
1106.  1.019438E-15
1107.  1.021626E-15
1108.  1.023825E-15
1109.  1.026036E-15
1110.  1.028257E-15
1111.  1.030490E-15
1112.  1.032733E-15
1113.  1.034986E-15
1114.  1.037249E-15
1115.  1.039522E-15
1116.  1.041804E-15
1117.  1.044094E-15
1118.  1.046392E-15
1119.  1.048699E-15
1120.  1.051013E-15
1121.  1.053334E-15
1122.  1.055662E-15
1123.  1.057997E-15
1124.  1.060337E-15
1125.  1.062683E-15
1126.  1.065035E-15
1127.  1.067391E-15
1128.  1.069752E-15
1129.  1.072116E-15
1130.  1.074485E-15
1131.  1.076856E-15
1132.  1.079231E-15
1133.  1.081607E-15
1134.  1.083986E-15
1135.  1.086366E-15
1136.  1.088748E-15
1137.  1.091130E-15
1138.  1.093513E-15
1139.  1.095895E-15
1140.  1.098278E-15
1141.  1.100659E-15
1142.  1.103039E-15
1143.  1.105417E-15
1144.  1.107793E-15
1145.  1.110166E-15
1146.  1.112537E-15
1147.  1.114905E-15
1148.  1.117268E-15
1149.  1.119627E-15
1150.  1.121982E-15
1151.  1.124332E-15
1152.  1.126677E-15
1153.  1.129016E-15
1154.  1.131348E-15
1155.  1.133674E-15
1156.  1.135993E-15
1157.  1.138305E-15
1158.  1.140610E-15
1159.  1.142906E-15
1160.  1.145194E-15
1161.  1.147473E-15
1162.  1.149743E-15
1163.  1.152003E-15
1164.  1.154254E-15
1165.  1.156495E-15
1166.  1.158724E-15
1167.  1.160944E-15
1168.  1.163151E-15
1169.  1.165348E-15
1170.  1.167532E-15
1171.  1.169704E-15
1172.  1.171864E-15
1173.  1.174011E-15
1174.  1.176145E-15
1175.  1.178266E-15
1176.  1.180373E-15
1177.  1.182466E-15
1178.  1.184545E-15
1179.  1.186609E-15
1180.  1.188659E-15
1181.  1.190694E-15
1182.  1.192713E-15
1183.  1.194717E-15
1184.  1.196706E-15
1185.  1.198678E-15
1186.  1.200634E-15
1187.  1.202574E-15
1188.  1.204498E-15
1189.  1.206405E-15
1190.  1.208295E-15
1191.  1.210167E-15
1192.  1.212023E-15
1193.  1.213861E-15
1194.  1.215682E-15
1195.  1.217485E-15
1196.  1.219270E-15
1197.  1.221037E-15
1198.  1.222787E-15
1199.  1.224518E-15
1200.  1.226230E-15
1201.  1.227925E-15
1202.  1.229601E-15
1203.  1.231258E-15
1204.  1.232897E-15
1205.  1.234518E-15
1206.  1.236119E-15
1207.  1.237702E-15
1208.  1.239267E-15
1209.  1.240812E-15
1210.  1.242339E-15
1211.  1.243847E-15
1212.  1.245336E-15
1213.  1.246806E-15
1214.  1.248258E-15
1215.  1.249691E-15
1216.  1.251106E-15
1217.  1.252502E-15
1218.  1.253879E-15
1219.  1.255238E-15
1220.  1.256579E-15
1221.  1.257901E-15
1222.  1.259205E-15
1223.  1.260491E-15
1224.  1.261759E-15
1225.  1.263009E-15
1226.  1.264241E-15
1227.  1.265456E-15
1228.  1.266654E-15
1229.  1.267834E-15
1230.  1.268997E-15
1231.  1.270142E-15
1232.  1.271272E-15
1233.  1.272384E-15
1234.  1.273480E-15
1235.  1.274560E-15
1236.  1.275624E-15
1237.  1.276672E-15
1238.  1.277705E-15
1239.  1.278722E-15
1240.  1.279724E-15
1241.  1.280711E-15
1242.  1.281683E-15
1243.  1.282641E-15
1244.  1.283585E-15
1245.  1.284516E-15
1246.  1.285432E-15
1247.  1.286336E-15
1248.  1.287226E-15
1249.  1.288104E-15
1250.  1.288969E-15
1251.  1.289823E-15
1252.  1.290664E-15
1253.  1.291494E-15
1254.  1.292313E-15
1255.  1.293121E-15
1256.  1.293919E-15
1257.  1.294706E-15
1258.  1.295484E-15
1259.  1.296253E-15
1260.  1.297012E-15
1261.  1.297762E-15
1262.  1.298505E-15
1263.  1.299238E-15
1264.  1.299965E-15
1265.  1.300684E-15
1266.  1.301397E-15
1267.  1.302103E-15
1268.  1.302802E-15
1269.  1.303496E-15
1270.  1.304185E-15
1271.  1.304869E-15
1272.  1.305548E-15
1273.  1.306222E-15
1274.  1.306893E-15
1275.  1.307561E-15
1276.  1.308226E-15
1277.  1.308888E-15
1278.  1.309548E-15
1279.  1.310207E-15
1280.  1.310864E-15
1281.  1.311520E-15
1282.  1.312175E-15
1283.  1.312831E-15
1284.  1.313486E-15
1285.  1.314143E-15
1286.  1.314801E-15
1287.  1.315460E-15
1288.  1.316121E-15
1289.  1.316784E-15
1290.  1.317450E-15
1291.  1.318120E-15
1292.  1.318793E-15
1293.  1.319470E-15
1294.  1.320152E-15
1295.  1.320838E-15
1296.  1.321530E-15
1297.  1.322228E-15
1298.  1.322931E-15
1299.  1.323641E-15
1300.  1.324358E-15
1301.  1.325082E-15
1302.  1.325814E-15
1303.  1.326554E-15
1304.  1.327303E-15
1305.  1.328060E-15
1306.  1.328827E-15
1307.  1.329603E-15
1308.  1.330390E-15
1309.  1.331187E-15
1310.  1.331995E-15
1311.  1.332814E-15
1312.  1.333644E-15
1313.  1.334487E-15
1314.  1.335342E-15
1315.  1.336209E-15
1316.  1.337090E-15
1317.  1.337984E-15
1318.  1.338892E-15
1319.  1.339813E-15
1320.  1.340750E-15
1321.  1.341701E-15
1322.  1.342667E-15
1323.  1.343649E-15
1324.  1.344646E-15
1325.  1.345660E-15
1326.  1.346690E-15
1327.  1.347737E-15
1328.  1.348800E-15
1329.  1.349882E-15
1330.  1.350980E-15
1331.  1.352097E-15
1332.  1.353232E-15
1333.  1.354385E-15
1334.  1.355557E-15
1335.  1.356748E-15
1336.  1.357959E-15
1337.  1.359189E-15
1338.  1.360438E-15
1339.  1.361708E-15
1340.  1.362998E-15
1341.  1.364308E-15
1342.  1.365640E-15
1343.  1.366992E-15
1344.  1.368365E-15
1345.  1.369760E-15
1346.  1.371176E-15
1347.  1.372614E-15
1348.  1.374073E-15
1349.  1.375555E-15
1350.  1.377059E-15
1351.  1.378586E-15
1352.  1.380135E-15
1353.  1.381706E-15
1354.  1.383301E-15
1355.  1.384918E-15
1356.  1.386559E-15
1357.  1.388223E-15
1358.  1.389910E-15
1359.  1.391620E-15
1360.  1.393355E-15
1361.  1.395112E-15
1362.  1.396893E-15
1363.  1.398698E-15
1364.  1.400527E-15
1365.  1.402380E-15
1366.  1.404256E-15
1367.  1.406156E-15
1368.  1.408081E-15
1369.  1.410029E-15
1370.  1.412001E-15
1371.  1.413997E-15
1372.  1.416017E-15
1373.  1.418061E-15
1374.  1.420129E-15
1375.  1.422221E-15
1376.  1.424336E-15
1377.  1.426475E-15
1378.  1.428638E-15
1379.  1.430825E-15
1380.  1.433035E-15
1381.  1.435269E-15
1382.  1.437526E-15
1383.  1.439806E-15
1384.  1.442109E-15
1385.  1.444436E-15
1386.  1.446785E-15
1387.  1.449157E-15
1388.  1.451551E-15
1389.  1.453969E-15
1390.  1.456408E-15
1391.  1.458869E-15
1392.  1.461352E-15
1393.  1.463857E-15
1394.  1.466384E-15
1395.  1.468931E-15
1396.  1.471500E-15
1397.  1.474090E-15
1398.  1.476700E-15
1399.  1.479330E-15
1400.  1.481981E-15
1401.  1.484651E-15
1402.  1.487340E-15
1403.  1.490050E-15
1404.  1.492778E-15
1405.  1.495524E-15
1406.  1.498289E-15
1407.  1.501072E-15
1408.  1.503872E-15
1409.  1.506690E-15
1410.  1.509525E-15
1411.  1.512376E-15
1412.  1.515244E-15
1413.  1.518127E-15
1414.  1.521026E-15
1415.  1.523940E-15
1416.  1.526869E-15
1417.  1.529812E-15
1418.  1.532768E-15
1419.  1.535739E-15
1420.  1.538722E-15
1421.  1.541718E-15
1422.  1.544726E-15
1423.  1.547745E-15
1424.  1.550776E-15
1425.  1.553817E-15
1426.  1.556869E-15
1427.  1.559930E-15
1428.  1.563001E-15
1429.  1.566080E-15
1430.  1.569168E-15
1431.  1.572264E-15
1432.  1.575366E-15
1433.  1.578475E-15
1434.  1.581591E-15
1435.  1.584712E-15
1436.  1.587837E-15
1437.  1.590968E-15
1438.  1.594102E-15
1439.  1.597240E-15
1440.  1.600380E-15
1441.  1.603523E-15
1442.  1.606666E-15
1443.  1.609812E-15
1444.  1.612957E-15
1445.  1.616102E-15
1446.  1.619246E-15
1447.  1.622389E-15
1448.  1.625530E-15
1449.  1.628668E-15
1450.  1.631803E-15
1451.  1.634934E-15
1452.  1.638060E-15
1453.  1.641181E-15
1454.  1.644296E-15
1455.  1.647405E-15
1456.  1.650506E-15
1457.  1.653600E-15
1458.  1.656685E-15
1459.  1.659760E-15
1460.  1.662826E-15
1461.  1.665882E-15
1462.  1.668926E-15
1463.  1.671958E-15
1464.  1.674978E-15
1465.  1.677984E-15
1466.  1.680976E-15
1467.  1.683954E-15
1468.  1.686917E-15
1469.  1.689863E-15
1470.  1.692793E-15
1471.  1.695706E-15
1472.  1.698600E-15
1473.  1.701476E-15
1474.  1.704332E-15
1475.  1.707168E-15
1476.  1.709983E-15
1477.  1.712777E-15
1478.  1.715549E-15
1479.  1.718297E-15
1480.  1.721022E-15
1481.  1.723723E-15
1482.  1.726398E-15
1483.  1.729048E-15
1484.  1.731671E-15
1485.  1.734268E-15
1486.  1.736837E-15
1487.  1.739377E-15
1488.  1.741888E-15
1489.  1.744369E-15
1490.  1.746820E-15
1491.  1.749240E-15
1492.  1.751628E-15
1493.  1.753984E-15
1494.  1.756306E-15
1495.  1.758594E-15
1496.  1.760848E-15
1497.  1.763067E-15
1498.  1.765250E-15
1499.  1.767397E-15
1500.  1.769507E-15
1501.  1.771579E-15
1502.  1.773612E-15
1503.  1.775607E-15
1504.  1.777562E-15
1505.  1.779477E-15
1506.  1.781351E-15
1507.  1.783184E-15
1508.  1.784974E-15
1509.  1.786722E-15
1510.  1.788427E-15
1511.  1.790088E-15
1512.  1.791705E-15
1513.  1.793276E-15
1514.  1.794803E-15
1515.  1.796283E-15
1516.  1.797716E-15
1517.  1.799103E-15
1518.  1.800441E-15
1519.  1.801732E-15
1520.  1.802974E-15
1521.  1.804166E-15
1522.  1.805309E-15
1523.  1.806402E-15
1524.  1.807443E-15
1525.  1.808434E-15
1526.  1.809373E-15
1527.  1.810260E-15
1528.  1.811094E-15
1529.  1.811875E-15
1530.  1.812602E-15
1531.  1.813276E-15
1532.  1.813895E-15
1533.  1.814459E-15
1534.  1.814969E-15
1535.  1.815422E-15
1536.  1.815820E-15
1537.  1.816162E-15
1538.  1.816446E-15
1539.  1.816674E-15
1540.  1.816844E-15
1541.  1.816957E-15
1542.  1.817011E-15
1543.  1.817007E-15
1544.  1.816945E-15
1545.  1.816823E-15
1546.  1.816642E-15
1547.  1.816402E-15
1548.  1.816102E-15
1549.  1.815741E-15
1550.  1.815320E-15
1551.  1.814839E-15
1552.  1.814297E-15
1553.  1.813694E-15
1554.  1.813030E-15
1555.  1.812304E-15
1556.  1.811517E-15
1557.  1.810668E-15
1558.  1.809757E-15
1559.  1.808784E-15
1560.  1.807749E-15
1561.  1.806651E-15
1562.  1.805491E-15
1563.  1.804268E-15
1564.  1.802983E-15
1565.  1.801635E-15
1566.  1.800224E-15
1567.  1.798750E-15
1568.  1.797213E-15
1569.  1.795613E-15
1570.  1.793951E-15
1571.  1.792225E-15
1572.  1.790436E-15
1573.  1.788584E-15
1574.  1.786669E-15
1575.  1.784691E-15
1576.  1.782649E-15
1577.  1.780545E-15
1578.  1.778379E-15
1579.  1.776149E-15
1580.  1.773856E-15
1581.  1.771501E-15
1582.  1.769083E-15
1583.  1.766603E-15
1584.  1.764060E-15
1585.  1.761455E-15
1586.  1.758788E-15
1587.  1.756060E-15
1588.  1.753269E-15
1589.  1.750417E-15
1590.  1.747503E-15
1591.  1.744528E-15
1592.  1.741492E-15
1593.  1.738396E-15
1594.  1.735238E-15
1595.  1.732021E-15
1596.  1.728743E-15
1597.  1.725405E-15
1598.  1.722008E-15
1599.  1.718552E-15
1600.  1.715036E-15
1601.  1.711462E-15
1602.  1.707829E-15
1603.  1.704139E-15
1604.  1.700390E-15
1605.  1.696584E-15
1606.  1.692721E-15
1607.  1.688801E-15
1608.  1.684825E-15
1609.  1.680793E-15
1610.  1.676704E-15
1611.  1.672562E-15
1612.  1.668363E-15
1613.  1.664111E-15
1614.  1.659804E-15
1615.  1.655444E-15
1616.  1.651031E-15
1617.  1.646565E-15
1618.  1.642047E-15
1619.  1.637477E-15
1620.  1.632855E-15
1621.  1.628183E-15
1622.  1.623461E-15
1623.  1.618688E-15
1624.  1.613866E-15
1625.  1.608996E-15
1626.  1.604076E-15
1627.  1.599110E-15
1628.  1.594095E-15
1629.  1.589035E-15
1630.  1.583928E-15
1631.  1.578775E-15
1632.  1.573577E-15
1633.  1.568335E-15
1634.  1.563049E-15
1635.  1.557720E-15
1636.  1.552348E-15
1637.  1.546934E-15
1638.  1.541478E-15
1639.  1.535981E-15
1640.  1.530445E-15
1641.  1.524868E-15
1642.  1.519252E-15
1643.  1.513599E-15
1644.  1.507907E-15
1645.  1.502178E-15
1646.  1.496414E-15
1647.  1.490613E-15
1648.  1.484777E-15
1649.  1.478907E-15
1650.  1.473003E-15
1651.  1.467066E-15
1652.  1.461097E-15
1653.  1.455096E-15
1654.  1.449064E-15
1655.  1.443002E-15
1656.  1.436910E-15
1657.  1.430790E-15
1658.  1.424642E-15
1659.  1.418466E-15
1660.  1.412264E-15
1661.  1.406035E-15
1662.  1.399782E-15
1663.  1.393504E-15
1664.  1.387203E-15
1665.  1.380878E-15
1666.  1.374532E-15
1667.  1.368164E-15
1668.  1.361775E-15
1669.  1.355367E-15
1670.  1.348939E-15
1671.  1.342493E-15
1672.  1.336030E-15
1673.  1.329549E-15
1674.  1.323053E-15
1675.  1.316541E-15
1676.  1.310015E-15
1677.  1.303475E-15
1678.  1.296922E-15
1679.  1.290357E-15
1680.  1.283781E-15
1681.  1.277194E-15
1682.  1.270597E-15
1683.  1.263992E-15
1684.  1.257378E-15
1685.  1.250756E-15
1686.  1.244128E-15
1687.  1.237495E-15
1688.  1.230856E-15
1689.  1.224213E-15
1690.  1.217566E-15
1691.  1.210917E-15
1692.  1.204265E-15
1693.  1.197613E-15
1694.  1.190961E-15
1695.  1.184308E-15
1696.  1.177657E-15
1697.  1.171009E-15
1698.  1.164363E-15
1699.  1.157720E-15
1700.  1.151082E-15
1701.  1.144449E-15
1702.  1.137823E-15
1703.  1.131202E-15
1704.  1.124590E-15
1705.  1.117985E-15
1706.  1.111390E-15
1707.  1.104805E-15
1708.  1.098230E-15
1709.  1.091666E-15
1710.  1.085115E-15
1711.  1.078576E-15
1712.  1.072051E-15
1713.  1.065540E-15
1714.  1.059045E-15
1715.  1.052565E-15
1716.  1.046102E-15
1717.  1.039656E-15
1718.  1.033229E-15
1719.  1.026820E-15
1720.  1.020431E-15
1721.  1.014062E-15
1722.  1.007713E-15
1723.  1.001387E-15
1724.  9.950830E-16
1725.  9.888020E-16
1726.  9.825447E-16
1727.  9.763120E-16
1728.  9.701043E-16
1729.  9.639226E-16
1730.  9.577673E-16
1731.  9.516392E-16
1732.  9.455391E-16
1733.  9.394673E-16
1734.  9.334246E-16
1735.  9.274119E-16
1736.  9.214297E-16
1737.  9.154783E-16
1738.  9.095588E-16
1739.  9.036717E-16
1740.  8.978174E-16
1741.  8.919970E-16
1742.  8.862104E-16
1743.  8.804589E-16
1744.  8.747425E-16
1745.  8.690622E-16
1746.  8.634184E-16
1747.  8.578118E-16
1748.  8.522426E-16
1749.  8.467120E-16
1750.  8.412200E-16
1751.  8.357673E-16
1752.  8.303546E-16
1753.  8.249820E-16
1754.  8.196505E-16
1755.  8.143606E-16
1756.  8.091124E-16
1757.  8.039067E-16
1758.  7.987439E-16
1759.  7.936247E-16
1760.  7.885493E-16
1761.  7.835184E-16
1762.  7.785320E-16
1763.  7.735914E-16
1764.  7.686961E-16
1765.  7.638470E-16
1766.  7.590445E-16
1767.  7.542892E-16
1768.  7.495813E-16
1769.  7.449212E-16
1770.  7.403094E-16
1771.  7.357463E-16
1772.  7.312321E-16
1773.  7.267674E-16
1774.  7.223523E-16
1775.  7.179875E-16
1776.  7.136732E-16
1777.  7.094097E-16
1778.  7.051974E-16
1779.  7.010364E-16
1780.  6.969274E-16
1781.  6.928706E-16
1782.  6.888661E-16
1783.  6.849143E-16
1784.  6.810155E-16
1785.  6.771701E-16
1786.  6.733782E-16
1787.  6.696401E-16
1788.  6.659562E-16
1789.  6.623266E-16
1790.  6.587515E-16
1791.  6.552312E-16
1792.  6.517659E-16
1793.  6.483559E-16
1794.  6.450013E-16
1795.  6.417023E-16
1796.  6.384592E-16
1797.  6.352721E-16
1798.  6.321412E-16
1799.  6.290667E-16
1800.  6.260486E-16
1801.  6.230872E-16
1802.  6.201826E-16
1803.  6.173351E-16
1804.  6.145446E-16
1805.  6.118112E-16
1806.  6.091351E-16
1807.  6.065165E-16
1808.  6.039552E-16
1809.  6.014517E-16
1810.  5.990057E-16
1811.  5.966177E-16
1812.  5.942873E-16
1813.  5.920148E-16
1814.  5.898002E-16
1815.  5.876436E-16
1816.  5.855450E-16
1817.  5.835044E-16
1818.  5.815217E-16
1819.  5.795971E-16
1820.  5.777308E-16
1821.  5.759223E-16
1822.  5.741720E-16
1823.  5.724795E-16
1824.  5.708451E-16
1825.  5.692687E-16
1826.  5.677502E-16
1827.  5.662895E-16
1828.  5.648868E-16
1829.  5.635417E-16
1830.  5.622544E-16
1831.  5.610246E-16
1832.  5.598525E-16
1833.  5.587378E-16
1834.  5.576804E-16
1835.  5.566801E-16
1836.  5.557371E-16
1837.  5.548511E-16
1838.  5.540219E-16
1839.  5.532496E-16
1840.  5.525339E-16
1841.  5.518745E-16
1842.  5.512715E-16
1843.  5.507247E-16
1844.  5.502340E-16
1845.  5.497988E-16
1846.  5.494196E-16
1847.  5.490956E-16
1848.  5.488268E-16
1849.  5.486133E-16
1850.  5.484545E-16
1851.  5.483505E-16
1852.  5.483007E-16
1853.  5.483052E-16
1854.  5.483636E-16
1855.  5.484759E-16
1856.  5.486415E-16
1857.  5.488604E-16
1858.  5.491322E-16
1859.  5.494567E-16
1860.  5.498337E-16
1861.  5.502629E-16
1862.  5.507438E-16
1863.  5.512764E-16
1864.  5.518602E-16
1865.  5.524950E-16
1866.  5.531805E-16
1867.  5.539163E-16
1868.  5.547022E-16
1869.  5.555378E-16
1870.  5.564227E-16
1871.  5.573567E-16
1872.  5.583392E-16
1873.  5.593702E-16
1874.  5.604492E-16
1875.  5.615759E-16
1876.  5.627496E-16
1877.  5.639703E-16
1878.  5.652375E-16
1879.  5.665507E-16
1880.  5.679097E-16
1881.  5.693139E-16
1882.  5.707631E-16
1883.  5.722567E-16
1884.  5.737945E-16
1885.  5.753759E-16
1886.  5.770006E-16
1887.  5.786681E-16
1888.  5.803778E-16
1889.  5.821296E-16
1890.  5.839229E-16
1891.  5.857571E-16
1892.  5.876319E-16
1893.  5.895468E-16
1894.  5.915012E-16
1895.  5.934949E-16
1896.  5.955272E-16
1897.  5.975977E-16
1898.  5.997059E-16
1899.  6.018514E-16
1900.  6.040336E-16
1901.  6.062520E-16
1902.  6.085061E-16
1903.  6.107954E-16
1904.  6.131193E-16
1905.  6.154773E-16
1906.  6.178689E-16
1907.  6.202938E-16
1908.  6.227511E-16
1909.  6.252404E-16
1910.  6.277613E-16
1911.  6.303130E-16
1912.  6.328951E-16
1913.  6.355071E-16
1914.  6.381483E-16
1915.  6.408182E-16
1916.  6.435162E-16
1917.  6.462418E-16
1918.  6.489943E-16
1919.  6.517733E-16
1920.  6.545781E-16
1921.  6.574082E-16
1922.  6.602628E-16
1923.  6.631415E-16
1924.  6.660437E-16
1925.  6.689688E-16
1926.  6.719162E-16
1927.  6.748853E-16
1928.  6.778754E-16
1929.  6.808858E-16
1930.  6.839163E-16
1931.  6.869660E-16
1932.  6.900343E-16
1933.  6.931205E-16
1934.  6.962242E-16
1935.  6.993447E-16
1936.  7.024813E-16
1937.  7.056334E-16
1938.  7.088004E-16
1939.  7.119818E-16
1940.  7.151767E-16
1941.  7.183847E-16
1942.  7.216051E-16
1943.  7.248372E-16
1944.  7.280804E-16
1945.  7.313342E-16
1946.  7.345978E-16
1947.  7.378706E-16
1948.  7.411521E-16
1949.  7.444416E-16
1950.  7.477382E-16
1951.  7.510417E-16
1952.  7.543512E-16
1953.  7.576661E-16
1954.  7.609858E-16
1955.  7.643098E-16
1956.  7.676371E-16
1957.  7.709675E-16
1958.  7.743001E-16
1959.  7.776343E-16
1960.  7.809697E-16
1961.  7.843053E-16
1962.  7.876406E-16
1963.  7.909752E-16
1964.  7.943083E-16
1965.  7.976393E-16
1966.  8.009676E-16
1967.  8.042926E-16
1968.  8.076136E-16
1969.  8.109300E-16
1970.  8.142414E-16
1971.  8.175471E-16
1972.  8.208462E-16
1973.  8.241384E-16
1974.  8.274231E-16
1975.  8.306996E-16
1976.  8.339674E-16
1977.  8.372259E-16
1978.  8.404745E-16
1979.  8.437127E-16
1980.  8.469397E-16
1981.  8.501551E-16
1982.  8.533583E-16
1983.  8.565488E-16
1984.  8.597259E-16
1985.  8.628894E-16
1986.  8.660381E-16
1987.  8.691721E-16
1988.  8.722906E-16
1989.  8.753930E-16
1990.  8.784789E-16
1991.  8.815477E-16
1992.  8.845989E-16
1993.  8.876320E-16
1994.  8.906465E-16
1995.  8.936420E-16
1996.  8.966178E-16
1997.  8.995736E-16
1998.  9.025087E-16
1999.  9.054230E-16
2000.  9.083156E-16
2001.  9.111862E-16
2002.  9.140344E-16
2003.  9.168598E-16
2004.  9.196618E-16
2005.  9.224399E-16
2006.  9.251942E-16
2007.  9.279235E-16
2008.  9.306280E-16
2009.  9.333071E-16
2010.  9.359602E-16
2011.  9.385873E-16
2012.  9.411876E-16
2013.  9.437610E-16
2014.  9.463073E-16
2015.  9.488258E-16
2016.  9.513160E-16
2017.  9.537779E-16
2018.  9.562110E-16
2019.  9.586151E-16
2020.  9.609900E-16
2021.  9.633352E-16
2022.  9.656502E-16
2023.  9.679348E-16
2024.  9.701890E-16
2025.  9.724126E-16
2026.  9.746048E-16
2027.  9.767656E-16
2028.  9.788948E-16
2029.  9.809922E-16
2030.  9.830575E-16
2031.  9.850904E-16
2032.  9.870909E-16
2033.  9.890585E-16
2034.  9.909932E-16
2035.  9.928948E-16
2036.  9.947631E-16
2037.  9.965980E-16
2038.  9.983991E-16
2039.  1.000167E-15
2040.  1.001900E-15
2041.  1.003600E-15
2042.  1.005265E-15
2043.  1.006896E-15
2044.  1.008493E-15
2045.  1.010055E-15
2046.  1.011583E-15
2047.  1.013076E-15
2048.  1.014534E-15
2049.  1.015958E-15
2050.  1.017347E-15
2051.  1.018701E-15
2052.  1.020020E-15
2053.  1.021305E-15
2054.  1.022554E-15
2055.  1.023769E-15
2056.  1.024949E-15
2057.  1.026094E-15
2058.  1.027205E-15
2059.  1.028281E-15
2060.  1.029322E-15
2061.  1.030328E-15
2062.  1.031301E-15
2063.  1.032238E-15
2064.  1.033142E-15
2065.  1.034011E-15
2066.  1.034846E-15
2067.  1.035647E-15
2068.  1.036415E-15
2069.  1.037148E-15
2070.  1.037849E-15
2071.  1.038516E-15
2072.  1.039149E-15
2073.  1.039750E-15
2074.  1.040318E-15
2075.  1.040853E-15
2076.  1.041357E-15
2077.  1.041827E-15
2078.  1.042267E-15
2079.  1.042674E-15
2080.  1.043050E-15
2081.  1.043395E-15
2082.  1.043709E-15
2083.  1.043992E-15
2084.  1.044245E-15
2085.  1.044468E-15
2086.  1.044662E-15
2087.  1.044826E-15
2088.  1.044961E-15
2089.  1.045067E-15
2090.  1.045145E-15
2091.  1.045195E-15
2092.  1.045217E-15
2093.  1.045212E-15
2094.  1.045180E-15
2095.  1.045122E-15
2096.  1.045037E-15
2097.  1.044927E-15
2098.  1.044791E-15
2099.  1.044630E-15
2100.  1.044445E-15
2101.  1.044236E-15
2102.  1.044004E-15
2103.  1.043748E-15
2104.  1.043469E-15
2105.  1.043169E-15
2106.  1.042846E-15
2107.  1.042502E-15
2108.  1.042137E-15
2109.  1.041753E-15
2110.  1.041348E-15
2111.  1.040924E-15
2112.  1.040481E-15
2113.  1.040020E-15
2114.  1.039540E-15
2115.  1.039044E-15
2116.  1.038531E-15
2117.  1.038002E-15
2118.  1.037457E-15
2119.  1.036897E-15
2120.  1.036323E-15
2121.  1.035734E-15
2122.  1.035132E-15
2123.  1.034518E-15
2124.  1.033891E-15
2125.  1.033252E-15
2126.  1.032602E-15
2127.  1.031941E-15
2128.  1.031270E-15
2129.  1.030590E-15
2130.  1.029902E-15
2131.  1.029205E-15
2132.  1.028500E-15
2133.  1.027788E-15
2134.  1.027070E-15
2135.  1.026346E-15
2136.  1.025617E-15
2137.  1.024883E-15
2138.  1.024145E-15
2139.  1.023404E-15
2140.  1.022660E-15
2141.  1.021913E-15
2142.  1.021165E-15
2143.  1.020416E-15
2144.  1.019667E-15
2145.  1.018918E-15
2146.  1.018169E-15
2147.  1.017422E-15
2148.  1.016677E-15
2149.  1.015935E-15
2150.  1.015196E-15
2151.  1.014461E-15
2152.  1.013730E-15
2153.  1.013005E-15
2154.  1.012285E-15
2155.  1.011571E-15
2156.  1.010864E-15
2157.  1.010164E-15
2158.  1.009472E-15
2159.  1.008789E-15
2160.  1.008115E-15
2161.  1.007451E-15
2162.  1.006797E-15
2163.  1.006154E-15
2164.  1.005522E-15
2165.  1.004902E-15
2166.  1.004295E-15
2167.  1.003701E-15
2168.  1.003120E-15
2169.  1.002553E-15
2170.  1.002001E-15
2171.  1.001465E-15
2172.  1.000943E-15
2173.  1.000438E-15
2174.  9.999499E-16
2175.  9.994788E-16
2176.  9.990253E-16
2177.  9.985898E-16
2178.  9.981731E-16
2179.  9.977754E-16
2180.  9.973970E-16
2181.  9.970388E-16
2182.  9.967009E-16
2183.  9.963840E-16
2184.  9.960881E-16
2185.  9.958141E-16
2186.  9.955621E-16
2187.  9.953322E-16
2188.  9.951256E-16
2189.  9.949421E-16
2190.  9.947822E-16
2191.  9.946460E-16
2192.  9.945344E-16
2193.  9.944474E-16
2194.  9.943851E-16
2195.  9.943483E-16
2196.  9.943371E-16
2197.  9.943515E-16
2198.  9.943923E-16
2199.  9.944595E-16
2200.  9.945532E-16
2201.  9.946739E-16
2202.  9.948218E-16
2203.  9.949971E-16
2204.  9.952000E-16
2205.  9.954308E-16
2206.  9.956895E-16
2207.  9.959764E-16
2208.  9.962916E-16
2209.  9.966356E-16
2210.  9.970080E-16
2211.  9.974092E-16
2212.  9.978395E-16
2213.  9.982988E-16
2214.  9.987872E-16
2215.  9.993049E-16
2216.  9.998517E-16
2217.  1.000428E-15
2218.  1.001034E-15
2219.  1.001669E-15
2220.  1.002333E-15
2221.  1.003028E-15
2222.  1.003751E-15
2223.  1.004504E-15
2224.  1.005287E-15
2225.  1.006099E-15
2226.  1.006940E-15
2227.  1.007811E-15
2228.  1.008711E-15
2229.  1.009641E-15
2230.  1.010599E-15
2231.  1.011586E-15
2232.  1.012602E-15
2233.  1.013647E-15
2234.  1.014721E-15
2235.  1.015823E-15
2236.  1.016953E-15
2237.  1.018112E-15
2238.  1.019298E-15
2239.  1.020512E-15
2240.  1.021754E-15
2241.  1.023023E-15
2242.  1.024319E-15
2243.  1.025642E-15
2244.  1.026992E-15
2245.  1.028368E-15
2246.  1.029770E-15
2247.  1.031198E-15
2248.  1.032652E-15
2249.  1.034131E-15
2250.  1.035634E-15
2251.  1.037163E-15
2252.  1.038715E-15
2253.  1.040292E-15
2254.  1.041892E-15
2255.  1.043515E-15
2256.  1.045161E-15
2257.  1.046830E-15
2258.  1.048521E-15
2259.  1.050234E-15
2260.  1.051968E-15
2261.  1.053723E-15
2262.  1.055498E-15
2263.  1.057294E-15
2264.  1.059109E-15
2265.  1.060944E-15
2266.  1.062797E-15
2267.  1.064669E-15
2268.  1.066559E-15
2269.  1.068466E-15
2270.  1.070390E-15
2271.  1.072330E-15
2272.  1.074287E-15
2273.  1.076259E-15
2274.  1.078246E-15
2275.  1.080248E-15
2276.  1.082264E-15
2277.  1.084294E-15
2278.  1.086336E-15
2279.  1.088391E-15
2280.  1.090458E-15
2281.  1.092537E-15
2282.  1.094626E-15
2283.  1.096726E-15
2284.  1.098836E-15
2285.  1.100955E-15
2286.  1.103083E-15
2287.  1.105219E-15
2288.  1.107363E-15
2289.  1.109514E-15
2290.  1.111671E-15
2291.  1.113835E-15
2292.  1.116004E-15
2293.  1.118178E-15
2294.  1.120357E-15
2295.  1.122539E-15
2296.  1.124725E-15
2297.  1.126913E-15
2298.  1.129103E-15
2299.  1.131295E-15
2300.  1.133488E-15
2301.  1.135681E-15
2302.  1.137874E-15
2303.  1.140067E-15
2304.  1.142258E-15
2305.  1.144447E-15
2306.  1.146634E-15
2307.  1.148817E-15
2308.  1.150998E-15
2309.  1.153174E-15
2310.  1.155345E-15
2311.  1.157511E-15
2312.  1.159671E-15
2313.  1.161825E-15
2314.  1.163972E-15
2315.  1.166111E-15
2316.  1.168242E-15
2317.  1.170364E-15
2318.  1.172478E-15
2319.  1.174581E-15
2320.  1.176674E-15
2321.  1.178757E-15
2322.  1.180828E-15
2323.  1.182887E-15
2324.  1.184933E-15
2325.  1.186967E-15
2326.  1.188987E-15
2327.  1.190992E-15
2328.  1.192984E-15
2329.  1.194960E-15
2330.  1.196920E-15
2331.  1.198864E-15
2332.  1.200792E-15
2333.  1.202702E-15
2334.  1.204595E-15
2335.  1.206469E-15
2336.  1.208325E-15
2337.  1.210161E-15
2338.  1.211978E-15
2339.  1.213775E-15
2340.  1.215551E-15
2341.  1.217305E-15
2342.  1.219038E-15
2343.  1.220749E-15
2344.  1.222438E-15
2345.  1.224103E-15
2346.  1.225745E-15
2347.  1.227363E-15
2348.  1.228957E-15
2349.  1.230525E-15
2350.  1.232069E-15
2351.  1.233587E-15
2352.  1.235078E-15
2353.  1.236543E-15
2354.  1.237982E-15
2355.  1.239392E-15
2356.  1.240775E-15
2357.  1.242130E-15
2358.  1.243457E-15
2359.  1.244754E-15
2360.  1.246022E-15
2361.  1.247260E-15
2362.  1.248469E-15
2363.  1.249646E-15
2364.  1.250793E-15
2365.  1.251909E-15
2366.  1.252993E-15
2367.  1.254046E-15
2368.  1.255066E-15
2369.  1.256053E-15
2370.  1.257008E-15
2371.  1.257930E-15
2372.  1.258818E-15
2373.  1.259672E-15
2374.  1.260492E-15
2375.  1.261278E-15
2376.  1.262029E-15
2377.  1.262745E-15
2378.  1.263426E-15
2379.  1.264071E-15
2380.  1.264681E-15
2381.  1.265254E-15
2382.  1.265791E-15
2383.  1.266292E-15
2384.  1.266756E-15
2385.  1.267182E-15
2386.  1.267572E-15
2387.  1.267924E-15
2388.  1.268238E-15
2389.  1.268515E-15
2390.  1.268753E-15
2391.  1.268953E-15
2392.  1.269115E-15
2393.  1.269238E-15
2394.  1.269322E-15
2395.  1.269367E-15
2396.  1.269373E-15
2397.  1.269339E-15
2398.  1.269266E-15
2399.  1.269154E-15
2400.  1.269002E-15
2401.  1.268810E-15
2402.  1.268578E-15
2403.  1.268306E-15
2404.  1.267993E-15
2405.  1.267640E-15
2406.  1.267247E-15
2407.  1.266814E-15
2408.  1.266340E-15
2409.  1.265825E-15
2410.  1.265269E-15
2411.  1.264673E-15
2412.  1.264036E-15
2413.  1.263358E-15
2414.  1.262639E-15
2415.  1.261879E-15
2416.  1.261078E-15
2417.  1.260237E-15
2418.  1.259354E-15
2419.  1.258430E-15
2420.  1.257466E-15
2421.  1.256460E-15
2422.  1.255414E-15
2423.  1.254326E-15
2424.  1.253198E-15
2425.  1.252029E-15
2426.  1.250819E-15
2427.  1.249568E-15
2428.  1.248276E-15
2429.  1.246945E-15
2430.  1.245572E-15
2431.  1.244159E-15
2432.  1.242706E-15
2433.  1.241212E-15
2434.  1.239678E-15
2435.  1.238104E-15
2436.  1.236490E-15
2437.  1.234837E-15
2438.  1.233144E-15
2439.  1.231411E-15
2440.  1.229639E-15
2441.  1.227827E-15
2442.  1.225977E-15
2443.  1.224087E-15
2444.  1.222159E-15
2445.  1.220192E-15
2446.  1.218187E-15
2447.  1.216144E-15
2448.  1.214063E-15
2449.  1.211944E-15
2450.  1.209787E-15
2451.  1.207593E-15
2452.  1.205362E-15
2453.  1.203094E-15
2454.  1.200790E-15
2455.  1.198449E-15
2456.  1.196072E-15
2457.  1.193659E-15
2458.  1.191210E-15
2459.  1.188726E-15
2460.  1.186208E-15
2461.  1.183654E-15
2462.  1.181066E-15
2463.  1.178443E-15
2464.  1.175787E-15
2465.  1.173097E-15
2466.  1.170374E-15
2467.  1.167618E-15
2468.  1.164829E-15
2469.  1.162008E-15
2470.  1.159154E-15
2471.  1.156270E-15
2472.  1.153354E-15
2473.  1.150407E-15
2474.  1.147429E-15
2475.  1.144421E-15
2476.  1.141383E-15
2477.  1.138316E-15
2478.  1.135220E-15
2479.  1.132095E-15
2480.  1.128941E-15
2481.  1.125760E-15
2482.  1.122551E-15
2483.  1.119315E-15
2484.  1.116052E-15
2485.  1.112762E-15
2486.  1.109447E-15
2487.  1.106106E-15
2488.  1.102740E-15
2489.  1.099349E-15
2490.  1.095933E-15
2491.  1.092494E-15
2492.  1.089032E-15
2493.  1.085546E-15
2494.  1.082038E-15
2495.  1.078507E-15
2496.  1.074955E-15
2497.  1.071381E-15
2498.  1.067787E-15
2499.  1.064172E-15
2500.  1.060537E-15
2501.  1.056883E-15
2502.  1.053209E-15
2503.  1.049517E-15
2504.  1.045806E-15
2505.  1.042078E-15
2506.  1.038333E-15
2507.  1.034570E-15
2508.  1.030792E-15
2509.  1.026997E-15
2510.  1.023187E-15
2511.  1.019362E-15
2512.  1.015522E-15
2513.  1.011669E-15
2514.  1.007801E-15
2515.  1.003921E-15
2516.  1.000027E-15
2517.  9.961218E-16
2518.  9.922047E-16
2519.  9.882759E-16
2520.  9.843361E-16
2521.  9.803860E-16
2522.  9.764258E-16
2523.  9.724563E-16
2524.  9.684775E-16
2525.  9.644899E-16
2526.  9.604943E-16
2527.  9.564908E-16
2528.  9.524801E-16
2529.  9.484626E-16
2530.  9.444383E-16
2531.  9.404082E-16
2532.  9.363725E-16
2533.  9.323317E-16
2534.  9.282859E-16
2535.  9.242360E-16
2536.  9.201823E-16
2537.  9.161250E-16
2538.  9.120647E-16
2539.  9.080015E-16
2540.  9.039364E-16
2541.  8.998694E-16
2542.  8.958008E-16
2543.  8.917313E-16
2544.  8.876611E-16
2545.  8.835907E-16
2546.  8.795205E-16
2547.  8.754506E-16
2548.  8.713816E-16
2549.  8.673140E-16
2550.  8.632480E-16
2551.  8.591840E-16
2552.  8.551222E-16
2553.  8.510632E-16
2554.  8.470073E-16
2555.  8.429546E-16
2556.  8.389059E-16
2557.  8.348611E-16
2558.  8.308205E-16
2559.  8.267847E-16
2560.  8.227540E-16
2561.  8.187287E-16
2562.  8.147090E-16
2563.  8.106951E-16
2564.  8.066875E-16
2565.  8.026863E-16
2566.  7.986920E-16
2567.  7.947048E-16
2568.  7.907249E-16
2569.  7.867526E-16
2570.  7.827881E-16
2571.  7.788319E-16
2572.  7.748841E-16
2573.  7.709447E-16
2574.  7.670142E-16
2575.  7.630928E-16
2576.  7.591807E-16
2577.  7.552781E-16
2578.  7.513852E-16
2579.  7.475022E-16
2580.  7.436296E-16
2581.  7.397671E-16
2582.  7.359151E-16
2583.  7.320738E-16
2584.  7.282436E-16
2585.  7.244240E-16
2586.  7.206159E-16
2587.  7.168192E-16
2588.  7.130338E-16
2589.  7.092601E-16
2590.  7.054983E-16
2591.  7.017482E-16
2592.  6.980103E-16
2593.  6.942845E-16
2594.  6.905710E-16
2595.  6.868699E-16
2596.  6.831813E-16
2597.  6.795052E-16
2598.  6.758418E-16
2599.  6.721912E-16
2600.  6.685536E-16
2601.  6.649286E-16
2602.  6.613169E-16
2603.  6.577180E-16
2604.  6.541322E-16
2605.  6.505597E-16
2606.  6.470005E-16
2607.  6.434544E-16
2608.  6.399216E-16
2609.  6.364020E-16
2610.  6.328960E-16
2611.  6.294032E-16
2612.  6.259239E-16
2613.  6.224578E-16
2614.  6.190054E-16
2615.  6.155663E-16
2616.  6.121407E-16
2617.  6.087284E-16
2618.  6.053293E-16
2619.  6.019439E-16
2620.  5.985717E-16
2621.  5.952131E-16
2622.  5.918676E-16
2623.  5.885355E-16
2624.  5.852165E-16
2625.  5.819110E-16
2626.  5.786186E-16
2627.  5.753392E-16
2628.  5.720732E-16
2629.  5.688200E-16
2630.  5.655800E-16
2631.  5.623528E-16
2632.  5.591386E-16
2633.  5.559373E-16
2634.  5.527486E-16
2635.  5.495728E-16
2636.  5.464096E-16
2637.  5.432589E-16
2638.  5.401208E-16
2639.  5.369950E-16
2640.  5.338816E-16
2641.  5.307806E-16
2642.  5.276917E-16
2643.  5.246150E-16
2644.  5.215503E-16
2645.  5.184975E-16
2646.  5.154566E-16
2647.  5.124276E-16
2648.  5.094104E-16
2649.  5.064046E-16
2650.  5.034104E-16
2651.  5.004277E-16
2652.  4.974562E-16
2653.  4.944961E-16
2654.  4.915472E-16
2655.  4.886094E-16
2656.  4.856826E-16
2657.  4.827666E-16
2658.  4.798616E-16
2659.  4.769672E-16
2660.  4.740835E-16
2661.  4.712104E-16
2662.  4.683477E-16
2663.  4.654954E-16
2664.  4.626533E-16
2665.  4.598215E-16
2666.  4.569998E-16
2667.  4.541883E-16
2668.  4.513865E-16
2669.  4.485947E-16
2670.  4.458127E-16
2671.  4.430405E-16
2672.  4.402778E-16
2673.  4.375247E-16
2674.  4.347811E-16
2675.  4.320469E-16
2676.  4.293221E-16
2677.  4.266064E-16
2678.  4.239000E-16
2679.  4.212028E-16
2680.  4.185146E-16
2681.  4.158353E-16
2682.  4.131650E-16
2683.  4.105037E-16
2684.  4.078511E-16
2685.  4.052073E-16
2686.  4.025722E-16
2687.  3.999457E-16
2688.  3.973280E-16
2689.  3.947187E-16
2690.  3.921180E-16
2691.  3.895257E-16
2692.  3.869419E-16
2693.  3.843665E-16
2694.  3.817993E-16
2695.  3.792406E-16
2696.  3.766902E-16
2697.  3.741480E-16
2698.  3.716142E-16
2699.  3.690885E-16
2700.  3.665711E-16
2701.  3.640617E-16
2702.  3.615606E-16
2703.  3.590676E-16
2704.  3.565827E-16
2705.  3.541060E-16
2706.  3.516375E-16
2707.  3.491772E-16
2708.  3.467247E-16
2709.  3.442805E-16
2710.  3.418444E-16
2711.  3.394164E-16
2712.  3.369967E-16
2713.  3.345849E-16
2714.  3.321815E-16
2715.  3.297860E-16
2716.  3.273990E-16
2717.  3.250200E-16
2718.  3.226493E-16
2719.  3.202867E-16
2720.  3.179326E-16
2721.  3.155867E-16
2722.  3.132491E-16
2723.  3.109199E-16
2724.  3.085991E-16
2725.  3.062866E-16
2726.  3.039826E-16
2727.  3.016872E-16
2728.  2.994003E-16
2729.  2.971220E-16
2730.  2.948522E-16
2731.  2.925911E-16
2732.  2.903388E-16
2733.  2.880951E-16
2734.  2.858603E-16
2735.  2.836343E-16
2736.  2.814172E-16
2737.  2.792090E-16
2738.  2.770098E-16
2739.  2.748197E-16
2740.  2.726387E-16
2741.  2.704668E-16
2742.  2.683041E-16
2743.  2.661507E-16
2744.  2.640066E-16
2745.  2.618720E-16
2746.  2.597465E-16
2747.  2.576308E-16
2748.  2.555245E-16
2749.  2.534278E-16
2750.  2.513408E-16
2751.  2.492635E-16
2752.  2.471960E-16
2753.  2.451383E-16
2754.  2.430905E-16
2755.  2.410526E-16
2756.  2.390248E-16
2757.  2.370070E-16
2758.  2.349993E-16
2759.  2.330018E-16
2760.  2.310145E-16
2761.  2.290374E-16
2762.  2.270708E-16
2763.  2.251145E-16
2764.  2.231688E-16
2765.  2.212335E-16
2766.  2.193086E-16
2767.  2.173944E-16
2768.  2.154908E-16
2769.  2.135981E-16
2770.  2.117160E-16
2771.  2.098446E-16
2772.  2.079843E-16
2773.  2.061346E-16
2774.  2.042959E-16
2775.  2.024682E-16
2776.  2.006515E-16
2777.  1.988458E-16
2778.  1.970512E-16
2779.  1.952678E-16
2780.  1.934954E-16
2781.  1.917343E-16
2782.  1.899844E-16
2783.  1.882456E-16
2784.  1.865183E-16
2785.  1.848022E-16
2786.  1.830973E-16
2787.  1.814039E-16
2788.  1.797218E-16
2789.  1.780510E-16
2790.  1.763916E-16
2791.  1.747438E-16
2792.  1.731072E-16
2793.  1.714821E-16
2794.  1.698685E-16
2795.  1.682665E-16
2796.  1.666757E-16
2797.  1.650965E-16
2798.  1.635287E-16
2799.  1.619725E-16
2800.  1.604276E-16
2801.  1.588943E-16
2802.  1.573724E-16
2803.  1.558619E-16
2804.  1.543629E-16
2805.  1.528754E-16
2806.  1.513992E-16
2807.  1.499344E-16
2808.  1.484810E-16
2809.  1.470391E-16
2810.  1.456084E-16
2811.  1.441891E-16
2812.  1.427812E-16
2813.  1.413845E-16
2814.  1.399989E-16
2815.  1.386246E-16
2816.  1.372616E-16
2817.  1.359097E-16
2818.  1.345690E-16
2819.  1.332392E-16
2820.  1.319207E-16
2821.  1.306130E-16
2822.  1.293163E-16
2823.  1.280307E-16
2824.  1.267559E-16
2825.  1.254919E-16
2826.  1.242387E-16
2827.  1.229964E-16
2828.  1.217647E-16
2829.  1.205436E-16
2830.  1.193331E-16
2831.  1.181333E-16
2832.  1.169439E-16
2833.  1.157649E-16
2834.  1.145965E-16
2835.  1.134383E-16
2836.  1.122904E-16
2837.  1.111526E-16
2838.  1.100251E-16
2839.  1.089077E-16
2840.  1.078003E-16
2841.  1.067029E-16
2842.  1.056153E-16
2843.  1.045377E-16
2844.  1.034700E-16
2845.  1.024119E-16
2846.  1.013634E-16
2847.  1.003245E-16
2848.  9.929530E-17
2849.  9.827548E-17
2850.  9.726506E-17
2851.  9.626398E-17
2852.  9.527225E-17
2853.  9.428955E-17
2854.  9.331618E-17
2855.  9.235181E-17
2856.  9.139646E-17
2857.  9.045007E-17
2858.  8.951249E-17
2859.  8.858382E-17
2860.  8.766379E-17
2861.  8.675252E-17
2862.  8.584985E-17
2863.  8.495571E-17
2864.  8.407010E-17
2865.  8.319280E-17
2866.  8.232398E-17
2867.  8.146338E-17
2868.  8.061100E-17
2869.  7.976677E-17
2870.  7.893071E-17
2871.  7.810262E-17
2872.  7.728253E-17
2873.  7.647033E-17
2874.  7.566594E-17
2875.  7.486945E-17
2876.  7.408063E-17
2877.  7.329953E-17
2878.  7.252598E-17
2879.  7.176009E-17
2880.  7.100155E-17
2881.  7.025058E-17
2882.  6.950700E-17
2883.  6.877071E-17
2884.  6.804177E-17
2885.  6.731999E-17
2886.  6.660546E-17
2887.  6.589805E-17
2888.  6.519769E-17
2889.  6.450439E-17
2890.  6.381812E-17
2891.  6.313875E-17
2892.  6.246631E-17
2893.  6.180071E-17
2894.  6.114191E-17
2895.  6.048987E-17
2896.  5.984455E-17
2897.  5.920590E-17
2898.  5.857403E-17
2899.  5.794871E-17
2900.  5.732988E-17
2901.  5.671754E-17
2902.  5.611182E-17
2903.  5.551257E-17
2904.  5.491973E-17
2905.  5.433332E-17
2906.  5.375321E-17
2907.  5.317947E-17
2908.  5.261208E-17
2909.  5.205099E-17
2910.  5.149605E-17
2911.  5.094736E-17
2912.  5.040494E-17
2913.  4.986863E-17
2914.  4.933858E-17
2915.  4.881463E-17
2916.  4.829681E-17
2917.  4.778503E-17
2918.  4.727929E-17
2919.  4.677971E-17
2920.  4.628600E-17
2921.  4.579838E-17
2922.  4.531687E-17
2923.  4.484132E-17
2924.  4.437167E-17
2925.  4.390809E-17
2926.  4.345033E-17
2927.  4.299858E-17
2928.  4.255269E-17
2929.  4.211280E-17
2930.  4.167871E-17
2931.  4.125056E-17
2932.  4.082833E-17
2933.  4.041197E-17
2934.  4.000139E-17
2935.  3.959679E-17
2936.  3.919794E-17
2937.  3.880497E-17
2938.  3.841782E-17
2939.  3.803650E-17
2940.  3.766107E-17
2941.  3.729146E-17
2942.  3.692759E-17
2943.  3.656960E-17
2944.  3.621742E-17
2945.  3.587106E-17
2946.  3.553052E-17
2947.  3.519573E-17
2948.  3.486676E-17
2949.  3.454359E-17
2950.  3.422620E-17
2951.  3.391470E-17
2952.  3.360890E-17
2953.  3.330892E-17
2954.  3.301474E-17
2955.  3.272632E-17
2956.  3.244379E-17
2957.  3.216696E-17
2958.  3.189595E-17
2959.  3.163068E-17
2960.  3.137121E-17
2961.  3.111757E-17
2962.  3.086969E-17
2963.  3.062763E-17
2964.  3.039133E-17
2965.  3.016078E-17
2966.  2.993596E-17
2967.  2.971700E-17
2968.  2.950380E-17
2969.  2.929636E-17
2970.  2.909466E-17
2971.  2.889867E-17
2972.  2.870861E-17
2973.  2.852426E-17
2974.  2.834552E-17
2975.  2.817267E-17
2976.  2.800558E-17
2977.  2.784424E-17
2978.  2.768846E-17
2979.  2.753854E-17
2980.  2.739436E-17
2981.  2.725581E-17
2982.  2.712311E-17
2983.  2.699600E-17
2984.  2.687462E-17
2985.  2.675889E-17
2986.  2.664882E-17
2987.  2.654452E-17
2988.  2.644584E-17
2989.  2.635286E-17
2990.  2.626545E-17
2991.  2.618372E-17
2992.  2.610748E-17
2993.  2.603696E-17
2994.  2.597200E-17
2995.  2.591268E-17
2996.  2.585888E-17
2997.  2.581053E-17
2998.  2.576785E-17
2999.  2.573060E-17
3000.  2.569902E-17
3001.  2.567294E-17
3002.  2.565205E-17
3003.  2.563684E-17
3004.  2.562713E-17
3005.  2.562265E-17
3006.  2.562364E-17
3007.  2.563002E-17
3008.  2.564179E-17
3009.  2.565888E-17
3010.  2.568126E-17
3011.  2.570898E-17
3012.  2.574196E-17
3013.  2.578016E-17
3014.  2.582361E-17
3015.  2.587226E-17
3016.  2.592614E-17
3017.  2.598510E-17
3018.  2.604928E-17
3019.  2.611842E-17
3020.  2.619289E-17
3021.  2.627220E-17
3022.  2.635659E-17
3023.  2.644600E-17
3024.  2.654032E-17
3025.  2.663964E-17
3026.  2.674381E-17
3027.  2.685287E-17
3028.  2.696688E-17
3029.  2.708549E-17
3030.  2.720915E-17
3031.  2.733741E-17
3032.  2.747044E-17
3033.  2.760813E-17
3034.  2.775046E-17
3035.  2.789750E-17
3036.  2.804912E-17
3037.  2.820531E-17
3038.  2.836600E-17
3039.  2.853114E-17
3040.  2.870084E-17
3041.  2.887490E-17
3042.  2.905341E-17
3043.  2.923628E-17
3044.  2.942341E-17
3045.  2.961492E-17
3046.  2.981053E-17
3047.  3.001056E-17
3048.  3.021463E-17
3049.  3.042286E-17
3050.  3.063524E-17
3051.  3.085172E-17
3052.  3.107217E-17
3053.  3.129665E-17
3054.  3.152520E-17
3055.  3.175756E-17
3056.  3.199386E-17
3057.  3.223398E-17
3058.  3.247795E-17
3059.  3.272573E-17
3060.  3.297727E-17
3061.  3.323251E-17
3062.  3.349135E-17
3063.  3.375403E-17
3064.  3.402015E-17
3065.  3.428992E-17
3066.  3.456324E-17
3067.  3.484007E-17
3068.  3.512044E-17
3069.  3.540418E-17
3070.  3.569131E-17
3071.  3.598177E-17
3072.  3.627567E-17
3073.  3.657286E-17
3074.  3.687328E-17
3075.  3.717696E-17
3076.  3.748393E-17
3077.  3.779397E-17
3078.  3.810712E-17
3079.  3.842350E-17
3080.  3.874313E-17
3081.  3.906556E-17
3082.  3.939109E-17
3083.  3.971966E-17
3084.  4.005120E-17
3085.  4.038570E-17
3086.  4.072307E-17
3087.  4.106347E-17
3088.  4.140657E-17
3089.  4.175265E-17
3090.  4.210153E-17
3091.  4.245316E-17
3092.  4.280760E-17
3093.  4.316485E-17
3094.  4.352481E-17
3095.  4.388747E-17
3096.  4.425287E-17
3097.  4.462089E-17
3098.  4.499159E-17
3099.  4.536495E-17
3100.  4.574098E-17
3101.  4.611957E-17
3102.  4.650079E-17
3103.  4.688457E-17
3104.  4.727094E-17
3105.  4.765987E-17
3106.  4.805134E-17
3107.  4.844533E-17
3108.  4.884194E-17
3109.  4.924098E-17
3110.  4.964260E-17
3111.  5.004668E-17
3112.  5.045333E-17
3113.  5.086246E-17
3114.  5.127415E-17
3115.  5.168825E-17
3116.  5.210486E-17
3117.  5.252404E-17
3118.  5.294572E-17
3119.  5.336987E-17
3120.  5.379651E-17
3121.  5.422569E-17
3122.  5.465735E-17
3123.  5.509156E-17
3124.  5.552833E-17
3125.  5.596758E-17
3126.  5.640940E-17
3127.  5.685379E-17
3128.  5.730083E-17
3129.  5.775032E-17
3130.  5.820256E-17
3131.  5.865731E-17
3132.  5.911463E-17
3133.  5.957486E-17
3134.  6.003756E-17
3135.  6.050309E-17
3136.  6.097114E-17
3137.  6.144209E-17
3138.  6.191577E-17
3139.  6.239229E-17
3140.  6.287155E-17
3141.  6.335362E-17
3142.  6.383860E-17
3143.  6.432642E-17
3144.  6.481725E-17
3145.  6.531101E-17
3146.  6.580774E-17
3147.  6.630751E-17
3148.  6.681041E-17
3149.  6.731625E-17
3150.  6.782530E-17
3151.  6.833756E-17
3152.  6.885290E-17
3153.  6.937162E-17
3154.  6.989349E-17
3155.  7.041878E-17
3156.  7.094744E-17
3157.  7.147941E-17
3158.  7.201493E-17
3159.  7.255393E-17
3160.  7.309644E-17
3161.  7.364254E-17
3162.  7.419228E-17
3163.  7.474571E-17
3164.  7.530284E-17
3165.  7.586384E-17
3166.  7.642862E-17
3167.  7.699726E-17
3168.  7.756980E-17
3169.  7.814635E-17
3170.  7.872697E-17
3171.  7.931171E-17
3172.  7.990055E-17
3173.  8.049351E-17
3174.  8.109075E-17
3175.  8.169237E-17
3176.  8.229826E-17
3177.  8.290855E-17
3178.  8.352339E-17
3179.  8.414276E-17
3180.  8.476669E-17
3181.  8.539533E-17
3182.  8.602853E-17
3183.  8.666664E-17
3184.  8.730942E-17
3185.  8.795706E-17
3186.  8.860967E-17
3187.  8.926727E-17
3188.  8.992991E-17
3189.  9.059773E-17
3190.  9.127058E-17
3191.  9.194874E-17
3192.  9.263213E-17
3193.  9.332082E-17
3194.  9.401479E-17
3195.  9.471432E-17
3196.  9.541932E-17
3197.  9.612991E-17
3198.  9.684600E-17
3199.  9.756790E-17
3200.  9.829538E-17
3201.  9.902861E-17
3202.  9.976788E-17
3203.  1.005128E-16
3204.  1.012636E-16
3205.  1.020205E-16
3206.  1.027833E-16
3207.  1.035523E-16
3208.  1.043274E-16
3209.  1.051086E-16
3210.  1.058962E-16
3211.  1.066898E-16
3212.  1.074899E-16
3213.  1.082962E-16
3214.  1.091090E-16
3215.  1.099281E-16
3216.  1.107538E-16
3217.  1.115860E-16
3218.  1.124247E-16
3219.  1.132701E-16
3220.  1.141220E-16
3221.  1.149805E-16
3222.  1.158458E-16
3223.  1.167178E-16
3224.  1.175965E-16
3225.  1.184820E-16
3226.  1.193743E-16
3227.  1.202734E-16
3228.  1.211794E-16
3229.  1.220923E-16
3230.  1.230119E-16
3231.  1.239386E-16
3232.  1.248722E-16
3233.  1.258127E-16
3234.  1.267600E-16
3235.  1.277144E-16
3236.  1.286758E-16
3237.  1.296441E-16
3238.  1.306194E-16
3239.  1.316017E-16
3240.  1.325909E-16
3241.  1.335872E-16
3242.  1.345903E-16
3243.  1.356005E-16
3244.  1.366177E-16
3245.  1.376416E-16
3246.  1.386727E-16
3247.  1.397106E-16
3248.  1.407554E-16
3249.  1.418071E-16
3250.  1.428656E-16
3251.  1.439310E-16
3252.  1.450031E-16
3253.  1.460821E-16
3254.  1.471677E-16
3255.  1.482601E-16
3256.  1.493591E-16
3257.  1.504648E-16
3258.  1.515770E-16
3259.  1.526958E-16
3260.  1.538212E-16
3261.  1.549529E-16
3262.  1.560911E-16
3263.  1.572354E-16
3264.  1.583862E-16
3265.  1.595432E-16
3266.  1.607062E-16
3267.  1.618754E-16
3268.  1.630507E-16
3269.  1.642318E-16
3270.  1.654188E-16
3271.  1.666116E-16
3272.  1.678100E-16
3273.  1.690141E-16
3274.  1.702238E-16
3275.  1.714389E-16
3276.  1.726595E-16
3277.  1.738852E-16
3278.  1.751162E-16
3279.  1.763522E-16
3280.  1.775932E-16
3281.  1.788391E-16
3282.  1.800897E-16
3283.  1.813450E-16
3284.  1.826048E-16
3285.  1.838691E-16
3286.  1.851377E-16
3287.  1.864104E-16
3288.  1.876873E-16
3289.  1.889680E-16
3290.  1.902525E-16
3291.  1.915408E-16
3292.  1.928327E-16
3293.  1.941279E-16
3294.  1.954263E-16
3295.  1.967280E-16
3296.  1.980326E-16
3297.  1.993401E-16
3298.  2.006502E-16
3299.  2.019629E-16
3300.  2.032779E-16
3301.  2.045953E-16
3302.  2.059146E-16
3303.  2.072359E-16
3304.  2.085590E-16
3305.  2.098836E-16
3306.  2.112097E-16
3307.  2.125370E-16
3308.  2.138654E-16
3309.  2.151946E-16
3310.  2.165246E-16
3311.  2.178552E-16
3312.  2.191861E-16
3313.  2.205172E-16
3314.  2.218483E-16
3315.  2.231792E-16
3316.  2.245099E-16
3317.  2.258398E-16
3318.  2.271691E-16
3319.  2.284974E-16
3320.  2.298245E-16
3321.  2.311503E-16
3322.  2.324747E-16
3323.  2.337973E-16
3324.  2.351179E-16
3325.  2.364364E-16
3326.  2.377525E-16
3327.  2.390662E-16
3328.  2.403769E-16
3329.  2.416848E-16
3330.  2.429896E-16
3331.  2.442909E-16
3332.  2.455886E-16
3333.  2.468825E-16
3334.  2.481724E-16
3335.  2.494581E-16
3336.  2.507394E-16
3337.  2.520159E-16
3338.  2.532876E-16
3339.  2.545543E-16
3340.  2.558155E-16
3341.  2.570713E-16
3342.  2.583212E-16
3343.  2.595653E-16
3344.  2.608031E-16
3345.  2.620346E-16
3346.  2.632594E-16
3347.  2.644773E-16
3348.  2.656882E-16
3349.  2.668918E-16
3350.  2.680879E-16
3351.  2.692763E-16
3352.  2.704567E-16
3353.  2.716290E-16
3354.  2.727928E-16
3355.  2.739481E-16
3356.  2.750945E-16
3357.  2.762319E-16
3358.  2.773600E-16
3359.  2.784786E-16
3360.  2.795876E-16
3361.  2.806867E-16
3362.  2.817756E-16
3363.  2.828542E-16
3364.  2.839223E-16
3365.  2.849795E-16
3366.  2.860259E-16
3367.  2.870611E-16
3368.  2.880849E-16
3369.  2.890970E-16
3370.  2.900974E-16
3371.  2.910858E-16
3372.  2.920620E-16
3373.  2.930259E-16
3374.  2.939771E-16
3375.  2.949155E-16
3376.  2.958409E-16
3377.  2.967532E-16
3378.  2.976521E-16
3379.  2.985376E-16
3380.  2.994092E-16
3381.  3.002668E-16
3382.  3.011104E-16
3383.  3.019397E-16
3384.  3.027546E-16
3385.  3.035548E-16
3386.  3.043402E-16
3387.  3.051106E-16
3388.  3.058660E-16
3389.  3.066059E-16
3390.  3.073303E-16
3391.  3.080393E-16
3392.  3.087324E-16
3393.  3.094095E-16
3394.  3.100707E-16
3395.  3.107155E-16
3396.  3.113441E-16
3397.  3.119560E-16
3398.  3.125514E-16
3399.  3.131299E-16
3400.  3.136916E-16
3401.  3.142362E-16
3402.  3.147636E-16
3403.  3.152738E-16
3404.  3.157667E-16
3405.  3.162419E-16
3406.  3.166995E-16
3407.  3.171395E-16
3408.  3.175616E-16
3409.  3.179657E-16
3410.  3.183519E-16
3411.  3.187201E-16
3412.  3.190699E-16
3413.  3.194015E-16
3414.  3.197148E-16
3415.  3.200095E-16
3416.  3.202859E-16
3417.  3.205436E-16
3418.  3.207827E-16
3419.  3.210032E-16
3420.  3.212049E-16
3421.  3.213879E-16
3422.  3.215519E-16
3423.  3.216971E-16
3424.  3.218234E-16
3425.  3.219307E-16
3426.  3.220191E-16
3427.  3.220885E-16
3428.  3.221388E-16
3429.  3.221700E-16
3430.  3.221822E-16
3431.  3.221754E-16
3432.  3.221496E-16
3433.  3.221044E-16
3434.  3.220405E-16
3435.  3.219574E-16
3436.  3.218552E-16
3437.  3.217341E-16
3438.  3.215939E-16
3439.  3.214348E-16
3440.  3.212566E-16
3441.  3.210596E-16
3442.  3.208437E-16
3443.  3.206090E-16
3444.  3.203556E-16
3445.  3.200832E-16
3446.  3.197923E-16
3447.  3.194827E-16
3448.  3.191546E-16
3449.  3.188078E-16
3450.  3.184428E-16
3451.  3.180594E-16
3452.  3.176576E-16
3453.  3.172377E-16
3454.  3.167996E-16
3455.  3.163437E-16
3456.  3.158697E-16
3457.  3.153779E-16
3458.  3.148684E-16
3459.  3.143412E-16
3460.  3.137965E-16
3461.  3.132344E-16
3462.  3.126550E-16
3463.  3.120586E-16
3464.  3.114448E-16
3465.  3.108143E-16
3466.  3.101669E-16
3467.  3.095030E-16
3468.  3.088225E-16
3469.  3.081255E-16
3470.  3.074123E-16
3471.  3.066832E-16
3472.  3.059379E-16
3473.  3.051768E-16
3474.  3.044000E-16
3475.  3.036079E-16
3476.  3.028003E-16
3477.  3.019775E-16
3478.  3.011396E-16
3479.  3.002870E-16
3480.  2.994198E-16
3481.  2.985379E-16
3482.  2.976417E-16
3483.  2.967314E-16
3484.  2.958070E-16
3485.  2.948690E-16
3486.  2.939170E-16
3487.  2.929520E-16
3488.  2.919734E-16
3489.  2.909819E-16
3490.  2.899774E-16
3491.  2.889603E-16
3492.  2.879306E-16
3493.  2.868886E-16
3494.  2.858346E-16
3495.  2.847686E-16
3496.  2.836910E-16
3497.  2.826017E-16
3498.  2.815011E-16
3499.  2.803895E-16
3500.  2.792670E-16
3501.  2.781337E-16
3502.  2.769898E-16
3503.  2.758358E-16
3504.  2.746716E-16
3505.  2.734975E-16
3506.  2.723137E-16
3507.  2.711205E-16
3508.  2.699179E-16
3509.  2.687065E-16
3510.  2.674859E-16
3511.  2.662568E-16
3512.  2.650195E-16
3513.  2.637738E-16
3514.  2.625199E-16
3515.  2.612584E-16
3516.  2.599894E-16
3517.  2.587128E-16
3518.  2.574291E-16
3519.  2.561385E-16
3520.  2.548411E-16
3521.  2.535370E-16
3522.  2.522267E-16
3523.  2.509103E-16
3524.  2.495879E-16
3525.  2.482599E-16
3526.  2.469263E-16
3527.  2.455873E-16
3528.  2.442434E-16
3529.  2.428943E-16
3530.  2.415407E-16
3531.  2.401824E-16
3532.  2.388201E-16
3533.  2.374535E-16
3534.  2.360829E-16
3535.  2.347088E-16
3536.  2.333312E-16
3537.  2.319499E-16
3538.  2.305659E-16
3539.  2.291787E-16
3540.  2.277889E-16
3541.  2.263965E-16
3542.  2.250017E-16
3543.  2.236047E-16
3544.  2.222058E-16
3545.  2.208049E-16
3546.  2.194026E-16
3547.  2.179987E-16
3548.  2.165936E-16
3549.  2.151873E-16
3550.  2.137801E-16
3551.  2.123722E-16
3552.  2.109637E-16
3553.  2.095548E-16
3554.  2.081456E-16
3555.  2.067364E-16
3556.  2.053272E-16
3557.  2.039184E-16
3558.  2.025098E-16
3559.  2.011019E-16
3560.  1.996947E-16
3561.  1.982885E-16
3562.  1.968831E-16
3563.  1.954790E-16
3564.  1.940762E-16
3565.  1.926750E-16
3566.  1.912753E-16
3567.  1.898774E-16
3568.  1.884814E-16
3569.  1.870875E-16
3570.  1.856959E-16
3571.  1.843064E-16
3572.  1.829194E-16
3573.  1.815350E-16
3574.  1.801533E-16
3575.  1.787745E-16
3576.  1.773986E-16
3577.  1.760260E-16
3578.  1.746564E-16
3579.  1.732902E-16
3580.  1.719275E-16
3581.  1.705683E-16
3582.  1.692127E-16
3583.  1.678610E-16
3584.  1.665133E-16
3585.  1.651694E-16
3586.  1.638297E-16
3587.  1.624941E-16
3588.  1.611631E-16
3589.  1.598362E-16
3590.  1.585139E-16
3591.  1.571963E-16
3592.  1.558834E-16
3593.  1.545751E-16
3594.  1.532719E-16
3595.  1.519736E-16
3596.  1.506804E-16
3597.  1.493924E-16
3598.  1.481093E-16
3599.  1.468319E-16
3600.  1.455596E-16
3601.  1.442929E-16
3602.  1.430318E-16
3603.  1.417761E-16
3604.  1.405262E-16
3605.  1.392821E-16
3606.  1.380436E-16
3607.  1.368113E-16
3608.  1.355847E-16
3609.  1.343642E-16
3610.  1.331497E-16
3611.  1.319415E-16
3612.  1.307393E-16
3613.  1.295435E-16
3614.  1.283539E-16
3615.  1.271706E-16
3616.  1.259938E-16
3617.  1.248235E-16
3618.  1.236596E-16
3619.  1.225023E-16
3620.  1.213516E-16
3621.  1.202074E-16
3622.  1.190700E-16
3623.  1.179393E-16
3624.  1.168155E-16
3625.  1.156983E-16
3626.  1.145880E-16
3627.  1.134846E-16
3628.  1.123880E-16
3629.  1.112985E-16
3630.  1.102158E-16
3631.  1.091402E-16
3632.  1.080716E-16
3633.  1.070099E-16
3634.  1.059555E-16
3635.  1.049081E-16
3636.  1.038678E-16
3637.  1.028347E-16
3638.  1.018087E-16
3639.  1.007898E-16
3640.  9.977832E-17
3641.  9.877386E-17
3642.  9.777669E-17
3643.  9.678680E-17
3644.  9.580409E-17
3645.  9.482871E-17
3646.  9.386055E-17
3647.  9.289971E-17
3648.  9.194620E-17
3649.  9.099993E-17
3650.  9.006094E-17
3651.  8.912925E-17
3652.  8.820502E-17
3653.  8.728799E-17
3654.  8.637830E-17
3655.  8.547588E-17
3656.  8.458081E-17
3657.  8.369302E-17
3658.  8.281256E-17
3659.  8.193937E-17
3660.  8.107361E-17
3661.  8.021509E-17
3662.  7.936382E-17
3663.  7.851970E-17
3664.  7.768305E-17
3665.  7.685350E-17
3666.  7.603117E-17
3667.  7.521631E-17
3668.  7.440851E-17
3669.  7.360784E-17
3670.  7.281441E-17
3671.  7.202827E-17
3672.  7.124917E-17
3673.  7.047724E-17
3674.  6.971236E-17
3675.  6.895468E-17
3676.  6.820394E-17
3677.  6.746046E-17
3678.  6.672390E-17
3679.  6.599428E-17
3680.  6.527168E-17
3681.  6.455604E-17
3682.  6.384737E-17
3683.  6.314567E-17
3684.  6.245081E-17
3685.  6.176265E-17
3686.  6.108141E-17
3687.  6.040692E-17
3688.  5.973921E-17
3689.  5.907817E-17
3690.  5.842390E-17
3691.  5.777629E-17
3692.  5.713530E-17
3693.  5.650098E-17
3694.  5.587305E-17
3695.  5.525181E-17
3696.  5.463693E-17
3697.  5.402841E-17
3698.  5.342644E-17
3699.  5.283078E-17
3700.  5.224157E-17
3701.  5.165848E-17
3702.  5.108171E-17
3703.  5.051114E-17
3704.  4.994673E-17
3705.  4.938849E-17
3706.  4.883623E-17
3707.  4.829005E-17
3708.  4.774983E-17
3709.  4.721559E-17
3710.  4.668715E-17
3711.  4.616473E-17
3712.  4.564803E-17
3713.  4.513710E-17
3714.  4.463187E-17
3715.  4.413232E-17
3716.  4.363839E-17
3717.  4.314992E-17
3718.  4.266701E-17
3719.  4.218971E-17
3720.  4.171773E-17
3721.  4.125105E-17
3722.  4.078975E-17
3723.  4.033376E-17
3724.  3.988302E-17
3725.  3.943735E-17
3726.  3.899679E-17
3727.  3.856131E-17
3728.  3.813086E-17
3729.  3.770533E-17
3730.  3.728473E-17
3731.  3.686907E-17
3732.  3.645807E-17
3733.  3.605183E-17
3734.  3.565023E-17
3735.  3.525338E-17
3736.  3.486109E-17
3737.  3.447331E-17
3738.  3.409004E-17
3739.  3.371105E-17
3740.  3.333660E-17
3741.  3.296643E-17
3742.  3.260047E-17
3743.  3.223867E-17
3744.  3.188120E-17
3745.  3.152762E-17
3746.  3.117816E-17
3747.  3.083272E-17
3748.  3.049125E-17
3749.  3.015349E-17
3750.  2.981965E-17
3751.  2.948967E-17
3752.  2.916331E-17
3753.  2.884060E-17
3754.  2.852153E-17
3755.  2.820608E-17
3756.  2.789412E-17
3757.  2.758557E-17
3758.  2.728044E-17
3759.  2.697863E-17
3760.  2.668018E-17
3761.  2.638490E-17
3762.  2.609285E-17
3763.  2.580394E-17
3764.  2.551815E-17
3765.  2.523537E-17
3766.  2.495550E-17
3767.  2.467868E-17
3768.  2.440472E-17
3769.  2.413370E-17
3770.  2.386524E-17
3771.  2.359963E-17
3772.  2.333683E-17
3773.  2.307656E-17
3774.  2.281895E-17
3775.  2.256377E-17
3776.  2.231127E-17
3777.  2.206116E-17
3778.  2.181336E-17
3779.  2.156808E-17
3780.  2.132514E-17
3781.  2.108439E-17
3782.  2.084588E-17
3783.  2.060955E-17
3784.  2.037541E-17
3785.  2.014335E-17
3786.  1.991339E-17
3787.  1.968539E-17
3788.  1.945948E-17
3789.  1.923551E-17
3790.  1.901336E-17
3791.  1.879313E-17
3792.  1.857476E-17
3793.  1.835803E-17
3794.  1.814323E-17
3795.  1.793004E-17
3796.  1.771861E-17
3797.  1.750867E-17
3798.  1.730052E-17
3799.  1.709390E-17
3800.  1.688875E-17
3801.  1.668515E-17
3802.  1.648304E-17
3803.  1.628234E-17
3804.  1.608308E-17
3805.  1.588518E-17
3806.  1.568863E-17
3807.  1.549337E-17
3808.  1.529953E-17
3809.  1.510684E-17
3810.  1.491535E-17
3811.  1.472515E-17
3812.  1.453614E-17
3813.  1.434823E-17
3814.  1.416142E-17
3815.  1.397583E-17
3816.  1.379127E-17
3817.  1.360769E-17
3818.  1.342521E-17
3819.  1.324374E-17
3820.  1.306328E-17
3821.  1.288378E-17
3822.  1.270524E-17
3823.  1.252763E-17
3824.  1.235092E-17
3825.  1.217507E-17
3826.  1.200019E-17
3827.  1.182601E-17
3828.  1.165281E-17
3829.  1.148040E-17
3830.  1.130873E-17
3831.  1.113790E-17
3832.  1.096784E-17
3833.  1.079861E-17
3834.  1.063007E-17
3835.  1.046229E-17
3836.  1.029530E-17
3837.  1.012896E-17
3838.  9.963314E-18
3839.  9.798346E-18
3840.  9.634158E-18
3841.  9.470582E-18
3842.  9.307756E-18
3843.  9.145491E-18
3844.  8.984019E-18
3845.  8.823002E-18
3846.  8.662722E-18
3847.  8.503126E-18
3848.  8.344224E-18
3849.  8.185803E-18
3850.  8.028061E-18
3851.  7.870981E-18
3852.  7.714544E-18
3853.  7.558696E-18
3854.  7.403470E-18
3855.  7.248860E-18
3856.  7.094849E-18
3857.  6.941480E-18
3858.  6.788755E-18
3859.  6.636648E-18
3860.  6.485130E-18
3861.  6.334312E-18
3862.  6.184046E-18
3863.  6.034543E-18
3864.  5.885549E-18
3865.  5.737273E-18
3866.  5.589626E-18
3867.  5.442616E-18
3868.  5.296355E-18
3869.  5.150707E-18
3870.  5.005729E-18
3871.  4.861436E-18
3872.  4.717936E-18
3873.  4.575084E-18
3874.  4.432924E-18
3875.  4.291550E-18
3876.  4.150944E-18
3877.  4.010939E-18
3878.  3.871854E-18
3879.  3.733488E-18
3880.  3.595976E-18
3881.  3.459219E-18
3882.  3.323243E-18
3883.  3.188233E-18
3884.  3.053965E-18
3885.  2.920643E-18
3886.  2.788193E-18
3887.  2.656633E-18
3888.  2.526032E-18
3889.  2.396290E-18
3890.  2.267596E-18
3891.  2.139829E-18
3892.  2.013047E-18
3893.  1.887323E-18
3894.  1.762657E-18
3895.  1.639002E-18
3896.  1.516454E-18
3897.  1.394996E-18
3898.  1.274708E-18
3899.  1.155535E-18
3900.  1.037589E-18
3901.  9.208101E-19
3902.  8.052699E-19
3903.  6.909947E-19
3904.  5.779354E-19
3905.  4.661834E-19
3906.  3.558378E-19
3907.  2.468223E-19
3908.  1.392186E-19
3909.  3.293414E-20
3910.  -7.179549E-20
3911.  -1.750809E-19
3912.  -2.768815E-19
3913.  -3.771921E-19
3914.  -4.759078E-19
3915.  -5.729625E-19
3916.  -6.684554E-19
3917.  -7.622772E-19
3918.  -8.544384E-19
3919.  -9.448899E-19
3920.  -1.033498E-18
3921.  -1.120462E-18
3922.  -1.205472E-18
3923.  -1.288673E-18
3924.  -1.369996E-18
3925.  -1.449489E-18
3926.  -1.526926E-18
3927.  -1.602381E-18
3928.  -1.675790E-18
3929.  -1.747222E-18
3930.  -1.816493E-18
3931.  -1.883641E-18
3932.  -1.948658E-18
3933.  -2.011344E-18
3934.  -2.071929E-18
3935.  -2.130201E-18
3936.  -2.186137E-18
3937.  -2.239785E-18
3938.  -2.290964E-18
3939.  -2.339730E-18
3940.  -2.386017E-18
3941.  -2.429846E-18
3942.  -2.471170E-18
3943.  -2.509892E-18
3944.  -2.545950E-18
3945.  -2.579411E-18
3946.  -2.610162E-18
3947.  -2.638161E-18
3948.  -2.663412E-18
3949.  -2.685805E-18
3950.  -2.705430E-18
3951.  -2.722206E-18
3952.  -2.735985E-18
3953.  -2.746837E-18
3954.  -2.754755E-18
3955.  -2.759577E-18
3956.  -2.761283E-18
3957.  -2.760014E-18
3958.  -2.755579E-18
3959.  -2.747838E-18
3960.  -2.737007E-18
3961.  -2.722924E-18
3962.  -2.705564E-18
3963.  -2.684846E-18
3964.  -2.660768E-18
3965.  -2.633302E-18
3966.  -2.602511E-18
3967.  -2.568117E-18
3968.  -2.530309E-18
3969.  -2.488953E-18
3970.  -2.444011E-18
3971.  -2.395559E-18
3972.  -2.343406E-18
3973.  -2.287644E-18
3974.  -2.228249E-18
3975.  -2.165034E-18
3976.  -2.098158E-18
3977.  -2.027479E-18
3978.  -1.952951E-18
3979.  -1.874692E-18
3980.  -1.792474E-18
3981.  -1.706406E-18
3982.  -1.616471E-18
3983.  -1.522544E-18
3984.  -1.424766E-18
3985.  -1.322899E-18
3986.  -1.217051E-18
3987.  -1.107169E-18
3988.  -9.932448E-19
3989.  -8.752267E-19
3990.  -7.531933E-19
3991.  -6.270004E-19
3992.  -4.967010E-19
3993.  -3.622178E-19
3994.  -2.235766E-19
3995.  -8.082092E-20
3996.  6.615560E-20
3997.  2.173935E-19
3998.  3.727292E-19
3999.  5.324083E-19
4000.  6.963637E-19
4001.  8.645067E-19
4002.  1.036826E-18
4003.  1.213476E-18
4004.  1.394476E-18
4005.  1.579623E-18
4006.  1.769153E-18
4007.  1.962935E-18
4008.  2.160976E-18
4009.  2.363234E-18
4010.  2.569956E-18
4011.  2.780845E-18
4012.  2.996089E-18
4013.  3.215639E-18
4014.  3.439457E-18
4015.  3.667459E-18
4016.  3.899812E-18
4017.  4.136411E-18
4018.  4.377208E-18
4019.  4.622338E-18
4020.  4.871746E-18
4021.  5.125276E-18
4022.  5.383005E-18
4023.  5.644921E-18
4024.  5.911199E-18
4025.  6.181546E-18
4026.  6.455890E-18
4027.  6.734464E-18
4028.  7.017241E-18
4029.  7.303949E-18
4030.  7.594840E-18
4031.  7.889702E-18
4032.  8.188741E-18
4033.  8.491552E-18
4034.  8.798457E-18
4035.  9.109322E-18
4036.  9.424075E-18
4037.  9.742710E-18
4038.  1.006522E-17
4039.  1.039153E-17
4040.  1.072166E-17
4041.  1.105551E-17
4042.  1.139317E-17
4043.  1.173439E-17
4044.  1.207949E-17
4045.  1.242801E-17
4046.  1.278025E-17
4047.  1.313597E-17
4048.  1.349525E-17
4049.  1.385800E-17
4050.  1.422401E-17
4051.  1.459357E-17
4052.  1.496656E-17
4053.  1.534264E-17
4054.  1.572214E-17
4055.  1.610479E-17
4056.  1.649064E-17
4057.  1.687958E-17
4058.  1.727167E-17
4059.  1.766682E-17
4060.  1.806487E-17
4061.  1.846591E-17
4062.  1.886987E-17
4063.  1.927666E-17
4064.  1.968629E-17
4065.  2.009865E-17
4066.  2.051367E-17
4067.  2.093143E-17
4068.  2.135180E-17
4069.  2.177469E-17
4070.  2.220008E-17
4071.  2.262803E-17
4072.  2.305833E-17
4073.  2.349095E-17
4074.  2.392585E-17
4075.  2.436309E-17
4076.  2.480261E-17
4077.  2.524424E-17
4078.  2.568796E-17
4079.  2.613376E-17
4080.  2.658159E-17
4081.  2.703134E-17
4082.  2.748307E-17
4083.  2.793668E-17
4084.  2.839213E-17
4085.  2.884927E-17
4086.  2.930816E-17
4087.  2.976881E-17
4088.  3.023105E-17
4089.  3.069491E-17
4090.  3.116034E-17
4091.  3.162724E-17
4092.  3.209563E-17
4093.  3.256539E-17
4094.  3.303651E-17
4095.  3.350899E-17
4096.  3.398285E-17
4097.  3.445780E-17
4098.  3.493407E-17
4099.  3.541156E-17
4100.  3.589022E-17
4101.  3.636983E-17
4102.  3.685049E-17
4103.  3.733232E-17
4104.  3.781523E-17
4105.  3.829889E-17
4106.  3.878362E-17
4107.  3.926917E-17
4108.  3.975569E-17
4109.  4.024308E-17
4110.  4.073115E-17
4111.  4.122022E-17
4112.  4.170991E-17
4113.  4.220044E-17
4114.  4.269167E-17
4115.  4.318361E-17
4116.  4.367624E-17
4117.  4.416957E-17
4118.  4.466352E-17
4119.  4.515825E-17
4120.  4.565353E-17
4121.  4.614936E-17
4122.  4.664593E-17
4123.  4.714301E-17
4124.  4.764075E-17
4125.  4.813905E-17
4126.  4.863794E-17
4127.  4.913747E-17
4128.  4.963751E-17
4129.  5.013822E-17
4130.  5.063942E-17
4131.  5.114133E-17
4132.  5.164383E-17
4133.  5.214683E-17
4134.  5.265051E-17
4135.  5.315484E-17
4136.  5.365981E-17
4137.  5.416535E-17
4138.  5.467166E-17
4139.  5.517863E-17
4140.  5.568628E-17
4141.  5.619469E-17
4142.  5.670379E-17
4143.  5.721367E-17
4144.  5.772438E-17
4145.  5.823585E-17
4146.  5.874817E-17
4147.  5.926146E-17
4148.  5.977555E-17
4149.  6.029060E-17
4150.  6.080664E-17
4151.  6.132368E-17
4152.  6.184180E-17
4153.  6.236088E-17
4154.  6.288122E-17
4155.  6.340271E-17
4156.  6.392525E-17
4157.  6.444915E-17
4158.  6.497424E-17
4159.  6.550083E-17
4160.  6.602862E-17
4161.  6.655793E-17
4162.  6.708875E-17
4163.  6.762104E-17
4164.  6.815490E-17
4165.  6.869041E-17
4166.  6.922762E-17
4167.  6.976654E-17
4168.  7.030721E-17
4169.  7.084985E-17
4170.  7.139425E-17
4171.  7.194071E-17
4172.  7.248924E-17
4173.  7.303975E-17
4174.  7.359237E-17
4175.  7.414731E-17
4176.  7.470444E-17
4177.  7.526386E-17
4178.  7.582562E-17
4179.  7.638994E-17
4180.  7.695675E-17
4181.  7.752605E-17
4182.  7.809801E-17
4183.  7.867272E-17
4184.  7.925016E-17
4185.  7.983038E-17
4186.  8.041350E-17
4187.  8.099964E-17
4188.  8.158874E-17
4189.  8.218092E-17
4190.  8.277624E-17
4191.  8.337468E-17
4192.  8.397646E-17
4193.  8.458148E-17
4194.  8.519005E-17
4195.  8.580198E-17
4196.  8.641740E-17
4197.  8.703635E-17
4198.  8.765894E-17
4199.  8.828523E-17
4200.  8.891530E-17
4201.  8.954908E-17
4202.  9.018677E-17
4203.  9.082834E-17
4204.  9.147391E-17
4205.  9.212349E-17
4206.  9.277699E-17
4207.  9.343479E-17
4208.  9.409668E-17
4209.  9.476270E-17
4210.  9.543300E-17
4211.  9.610760E-17
4212.  9.678666E-17
4213.  9.746995E-17
4214.  9.815765E-17
4215.  9.884992E-17
4216.  9.954664E-17
4217.  1.002479E-16
4218.  1.009536E-16
4219.  1.016640E-16
4220.  1.023790E-16
4221.  1.030987E-16
4222.  1.038228E-16
4223.  1.045520E-16
4224.  1.052856E-16
4225.  1.060239E-16
4226.  1.067671E-16
4227.  1.075151E-16
4228.  1.082676E-16
4229.  1.090250E-16
4230.  1.097872E-16
4231.  1.105541E-16
4232.  1.113259E-16
4233.  1.121024E-16
4234.  1.128836E-16
4235.  1.136696E-16
4236.  1.144604E-16
4237.  1.152559E-16
4238.  1.160561E-16
4239.  1.168609E-16
4240.  1.176705E-16
4241.  1.184848E-16
4242.  1.193035E-16
4243.  1.201270E-16
4244.  1.209550E-16
4245.  1.217875E-16
4246.  1.226244E-16
4247.  1.234657E-16
4248.  1.243116E-16
4249.  1.251616E-16
4250.  1.260161E-16
4251.  1.268746E-16
4252.  1.277374E-16
4253.  1.286043E-16
4254.  1.294751E-16
4255.  1.303500E-16
4256.  1.312289E-16
4257.  1.321114E-16
4258.  1.329977E-16
4259.  1.338878E-16
4260.  1.347814E-16
4261.  1.356784E-16
4262.  1.365788E-16
4263.  1.374825E-16
4264.  1.383896E-16
4265.  1.392996E-16
4266.  1.402126E-16
4267.  1.411286E-16
4268.  1.420474E-16
4269.  1.429688E-16
4270.  1.438928E-16
4271.  1.448191E-16
4272.  1.457478E-16
4273.  1.466787E-16
4274.  1.476117E-16
4275.  1.485466E-16
4276.  1.494833E-16
4277.  1.504216E-16
4278.  1.513614E-16
4279.  1.523026E-16
4280.  1.532452E-16
4281.  1.541887E-16
4282.  1.551332E-16
4283.  1.560784E-16
4284.  1.570243E-16
4285.  1.579706E-16
4286.  1.589173E-16
4287.  1.598640E-16
4288.  1.608108E-16
4289.  1.617574E-16
4290.  1.627035E-16
4291.  1.636492E-16
4292.  1.645941E-16
4293.  1.655382E-16
4294.  1.664811E-16
4295.  1.674229E-16
4296.  1.683633E-16
4297.  1.693018E-16
4298.  1.702388E-16
4299.  1.711736E-16
4300.  1.721065E-16
4301.  1.730368E-16
4302.  1.739646E-16
4303.  1.748896E-16
4304.  1.758117E-16
4305.  1.767306E-16
4306.  1.776462E-16
4307.  1.785583E-16
4308.  1.794666E-16
4309.  1.803710E-16
4310.  1.812712E-16
4311.  1.821671E-16
4312.  1.830584E-16
4313.  1.839449E-16
4314.  1.848265E-16
4315.  1.857029E-16
4316.  1.865740E-16
4317.  1.874396E-16
4318.  1.882992E-16
4319.  1.891530E-16
4320.  1.900005E-16
4321.  1.908417E-16
4322.  1.916761E-16
4323.  1.925038E-16
4324.  1.933246E-16
4325.  1.941381E-16
4326.  1.949441E-16
4327.  1.957425E-16
4328.  1.965331E-16
4329.  1.973156E-16
4330.  1.980899E-16
4331.  1.988557E-16
4332.  1.996130E-16
4333.  2.003614E-16
4334.  2.011007E-16
4335.  2.018309E-16
4336.  2.025517E-16
4337.  2.032625E-16
4338.  2.039639E-16
4339.  2.046551E-16
4340.  2.053362E-16
4341.  2.060068E-16
4342.  2.066668E-16
4343.  2.073162E-16
4344.  2.079545E-16
4345.  2.085817E-16
4346.  2.091977E-16
4347.  2.098022E-16
4348.  2.103950E-16
4349.  2.109759E-16
4350.  2.115449E-16
4351.  2.121018E-16
4352.  2.126463E-16
4353.  2.131783E-16
4354.  2.136978E-16
4355.  2.142043E-16
4356.  2.146980E-16
4357.  2.151785E-16
4358.  2.156457E-16
4359.  2.160996E-16
4360.  2.165399E-16
4361.  2.169665E-16
4362.  2.173793E-16
4363.  2.177781E-16
4364.  2.181629E-16
4365.  2.185334E-16
4366.  2.188895E-16
4367.  2.192313E-16
4368.  2.195585E-16
4369.  2.198710E-16
4370.  2.201687E-16
4371.  2.204514E-16
4372.  2.207192E-16
4373.  2.209719E-16
4374.  2.212093E-16
4375.  2.214316E-16
4376.  2.216383E-16
4377.  2.218297E-16
4378.  2.220054E-16
4379.  2.221656E-16
4380.  2.223100E-16
4381.  2.224387E-16
4382.  2.225515E-16
4383.  2.226486E-16
4384.  2.227296E-16
4385.  2.227946E-16
4386.  2.228435E-16
4387.  2.228764E-16
4388.  2.228932E-16
4389.  2.228937E-16
4390.  2.228781E-16
4391.  2.228462E-16
4392.  2.227980E-16
4393.  2.227336E-16
4394.  2.226528E-16
4395.  2.225558E-16
4396.  2.224423E-16
4397.  2.223127E-16
4398.  2.221666E-16
4399.  2.220043E-16
4400.  2.218256E-16
4401.  2.216305E-16
4402.  2.214193E-16
4403.  2.211917E-16
4404.  2.209480E-16
4405.  2.206879E-16
4406.  2.204116E-16
4407.  2.201192E-16
4408.  2.198108E-16
4409.  2.194862E-16
4410.  2.191458E-16
4411.  2.187891E-16
4412.  2.184166E-16
4413.  2.180283E-16
4414.  2.176241E-16
4415.  2.172044E-16
4416.  2.167688E-16
4417.  2.163176E-16
4418.  2.158511E-16
4419.  2.153690E-16
4420.  2.148717E-16
4421.  2.143590E-16
4422.  2.138312E-16
4423.  2.132883E-16
4424.  2.127306E-16
4425.  2.121579E-16
4426.  2.115704E-16
4427.  2.109683E-16
4428.  2.103518E-16
4429.  2.097207E-16
4430.  2.090754E-16
4431.  2.084160E-16
4432.  2.077424E-16
4433.  2.070549E-16
4434.  2.063537E-16
4435.  2.056389E-16
4436.  2.049106E-16
4437.  2.041688E-16
4438.  2.034138E-16
4439.  2.026456E-16
4440.  2.018648E-16
4441.  2.010709E-16
4442.  2.002646E-16
4443.  1.994458E-16
4444.  1.986146E-16
4445.  1.977714E-16
4446.  1.969161E-16
4447.  1.960490E-16
4448.  1.951703E-16
4449.  1.942801E-16
4450.  1.933787E-16
4451.  1.924661E-16
4452.  1.915427E-16
4453.  1.906083E-16
4454.  1.896635E-16
4455.  1.887082E-16
4456.  1.877428E-16
4457.  1.867672E-16
4458.  1.857819E-16
4459.  1.847870E-16
4460.  1.837827E-16
4461.  1.827690E-16
4462.  1.817463E-16
4463.  1.807148E-16
4464.  1.796747E-16
4465.  1.786260E-16
4466.  1.775690E-16
4467.  1.765040E-16
4468.  1.754313E-16
4469.  1.743507E-16
4470.  1.732626E-16
4471.  1.721675E-16
4472.  1.710652E-16
4473.  1.699561E-16
4474.  1.688405E-16
4475.  1.677183E-16
4476.  1.665900E-16
4477.  1.654557E-16
4478.  1.643155E-16
4479.  1.631699E-16
4480.  1.620188E-16
4481.  1.608625E-16
4482.  1.597013E-16
4483.  1.585355E-16
4484.  1.573648E-16
4485.  1.561901E-16
4486.  1.550111E-16
4487.  1.538283E-16
4488.  1.526417E-16
4489.  1.514516E-16
4490.  1.502584E-16
4491.  1.490619E-16
4492.  1.478628E-16
4493.  1.466609E-16
4494.  1.454565E-16
4495.  1.442499E-16
4496.  1.430413E-16
4497.  1.418306E-16
4498.  1.406185E-16
4499.  1.394049E-16
4500.  1.381902E-16
