1.  1.464236E-20
2.  1.543294E-20
3.  1.636488E-20
4.  1.736056E-20
5.  1.848891E-20
6.  1.958853E-20
7.  2.074289E-20
8.  2.192174E-20
9.  2.321786E-20
10.  2.461601E-20
11.  2.605098E-20
12.  2.762509E-20
13.  2.924642E-20
14.  3.095689E-20
15.  3.273467E-20
16.  3.457823E-20
17.  3.663773E-20
18.  3.867217E-20
19.  4.084497E-20
20.  4.318583E-20
21.  4.579293E-20
22.  4.836796E-20
23.  5.099816E-20
24.  5.393497E-20
25.  5.690162E-20
26.  6.026687E-20
27.  6.356838E-20
28.  6.706127E-20
29.  7.080559E-20
30.  7.469339E-20
31.  7.874069E-20
32.  8.316184E-20
33.  8.768677E-20
34.  9.253016E-20
35.  9.751970E-20
36.  1.029053E-19
37.  1.084406E-19
38.  1.143458E-19
39.  1.204715E-19
40.  1.269918E-19
41.  1.337791E-19
42.  1.409402E-19
43.  1.483786E-19
44.  1.563385E-19
45.  1.645863E-19
46.  1.732554E-19
47.  1.822964E-19
48.  1.918615E-19
49.  2.018829E-19
50.  2.123888E-19
51.  2.234281E-19
52.  2.349611E-19
53.  2.471058E-19
54.  2.597940E-19
55.  2.731404E-19
56.  2.870602E-19
57.  3.016048E-19
58.  3.169817E-19
59.  3.330091E-19
60.  3.498412E-19
61.  3.672544E-19
62.  3.858533E-19
63.  4.049763E-19
64.  4.252523E-19
65.  4.463528E-19
66.  4.682400E-19
67.  4.913657E-19
68.  5.155010E-19
69.  5.407009E-19
70.  5.671297E-19
71.  5.946640E-19
72.  6.234548E-19
73.  6.536298E-19
74.  6.849886E-19
75.  7.178842E-19
76.  7.521953E-19
77.  7.879426E-19
78.  8.254129E-19
79.  8.644372E-19
80.  9.052034E-19
81.  9.477275E-19
82.  9.920671E-19
83.  1.038475E-18
84.  1.086613E-18
85.  1.137064E-18
86.  1.189536E-18
87.  1.244265E-18
88.  1.301247E-18
89.  1.360722E-18
90.  1.422702E-18
91.  1.487242E-18
92.  1.554426E-18
93.  1.624458E-18
94.  1.697438E-18
95.  1.773170E-18
96.  1.852140E-18
97.  1.934410E-18
98.  2.019838E-18
99.  2.109039E-18
100.  2.201537E-18
101.  2.297814E-18
102.  2.398055E-18
103.  2.502191E-18
104.  2.610472E-18
105.  2.723049E-18
106.  2.839917E-18
107.  2.961451E-18
108.  3.087763E-18
109.  3.218913E-18
110.  3.355117E-18
111.  3.496528E-18
112.  3.643298E-18
113.  3.795780E-18
114.  3.953880E-18
115.  4.118096E-18
116.  4.288267E-18
117.  4.464936E-18
118.  4.648195E-18
119.  4.838146E-18
120.  5.035218E-18
121.  5.239472E-18
122.  5.451161E-18
123.  5.670522E-18
124.  5.897886E-18
125.  6.133371E-18
126.  6.377314E-18
127.  6.629867E-18
128.  6.891478E-18
129.  7.162294E-18
130.  7.442558E-18
131.  7.732756E-18
132.  8.032941E-18
133.  8.343556E-18
134.  8.664929E-18
135.  8.997259E-18
136.  9.340877E-18
137.  9.696259E-18
138.  1.006358E-17
139.  1.044326E-17
140.  1.083561E-17
141.  1.124107E-17
142.  1.165986E-17
143.  1.209249E-17
144.  1.253921E-17
145.  1.300061E-17
146.  1.347683E-17
147.  1.396841E-17
148.  1.447580E-17
149.  1.499936E-17
150.  1.553951E-17
151.  1.609671E-17
152.  1.667138E-17
153.  1.726396E-17
154.  1.787503E-17
155.  1.850488E-17
156.  1.915408E-17
157.  1.982311E-17
158.  2.051242E-17
159.  2.122254E-17
160.  2.195394E-17
161.  2.270728E-17
162.  2.348296E-17
163.  2.428146E-17
164.  2.510333E-17
165.  2.594918E-17
166.  2.681968E-17
167.  2.771507E-17
168.  2.863621E-17
169.  2.958374E-17
170.  3.055785E-17
171.  3.155944E-17
172.  3.258913E-17
173.  3.364733E-17
174.  3.473480E-17
175.  3.585205E-17
176.  3.699984E-17
177.  3.817883E-17
178.  3.938946E-17
179.  4.063265E-17
180.  4.190879E-17
181.  4.321868E-17
182.  4.456295E-17
183.  4.594234E-17
184.  4.735745E-17
185.  4.880894E-17
186.  5.029767E-17
187.  5.182413E-17
188.  5.338911E-17
189.  5.499324E-17
190.  5.663752E-17
191.  5.832223E-17
192.  6.004846E-17
193.  6.181673E-17
194.  6.362766E-17
195.  6.548236E-17
196.  6.738105E-17
197.  6.932493E-17
198.  7.131456E-17
199.  7.335049E-17
200.  7.543369E-17
201.  7.756487E-17
202.  7.974468E-17
203.  8.197389E-17
204.  8.425327E-17
205.  8.658347E-17
206.  8.896543E-17
207.  9.139957E-17
208.  9.388693E-17
209.  9.642798E-17
210.  9.902367E-17
211.  1.016746E-16
212.  1.043815E-16
213.  1.071452E-16
214.  1.099662E-16
215.  1.128455E-16
216.  1.157834E-16
217.  1.187809E-16
218.  1.218387E-16
219.  1.249573E-16
220.  1.281376E-16
221.  1.313800E-16
222.  1.346855E-16
223.  1.380543E-16
224.  1.414874E-16
225.  1.449853E-16
226.  1.485485E-16
227.  1.521779E-16
228.  1.558739E-16
229.  1.596370E-16
230.  1.634681E-16
231.  1.673674E-16
232.  1.713356E-16
233.  1.753734E-16
234.  1.794809E-16
235.  1.836589E-16
236.  1.879079E-16
237.  1.922281E-16
238.  1.966202E-16
239.  2.010845E-16
240.  2.056214E-16
241.  2.102314E-16
242.  2.149148E-16
243.  2.196720E-16
244.  2.245031E-16
245.  2.294088E-16
246.  2.343890E-16
247.  2.394443E-16
248.  2.445747E-16
249.  2.497804E-16
250.  2.550619E-16
251.  2.604190E-16
252.  2.658521E-16
253.  2.713610E-16
254.  2.769462E-16
255.  2.826074E-16
256.  2.883451E-16
257.  2.941587E-16
258.  3.000483E-16
259.  3.060145E-16
260.  3.120564E-16
261.  3.181745E-16
262.  3.243684E-16
263.  3.306378E-16
264.  3.369827E-16
265.  3.434029E-16
266.  3.498980E-16
267.  3.564678E-16
268.  3.631119E-16
269.  3.698300E-16
270.  3.766218E-16
271.  3.834866E-16
272.  3.904244E-16
273.  3.974343E-16
274.  4.045158E-16
275.  4.116685E-16
276.  4.188920E-16
277.  4.261855E-16
278.  4.335484E-16
279.  4.409796E-16
280.  4.484789E-16
281.  4.560453E-16
282.  4.636783E-16
283.  4.713766E-16
284.  4.791398E-16
285.  4.869665E-16
286.  4.948564E-16
287.  5.028081E-16
288.  5.108208E-16
289.  5.188933E-16
290.  5.270247E-16
291.  5.352140E-16
292.  5.434597E-16
293.  5.517612E-16
294.  5.601167E-16
295.  5.685254E-16
296.  5.769860E-16
297.  5.854971E-16
298.  5.940575E-16
299.  6.026657E-16
300.  6.113204E-16
301.  6.200203E-16
302.  6.287639E-16
303.  6.375494E-16
304.  6.463759E-16
305.  6.552415E-16
306.  6.641449E-16
307.  6.730845E-16
308.  6.820585E-16
309.  6.910653E-16
310.  7.001034E-16
311.  7.091710E-16
312.  7.182667E-16
313.  7.273884E-16
314.  7.365345E-16
315.  7.457035E-16
316.  7.548932E-16
317.  7.641021E-16
318.  7.733285E-16
319.  7.825703E-16
320.  7.918258E-16
321.  8.010931E-16
322.  8.103700E-16
323.  8.196551E-16
324.  8.289465E-16
325.  8.382421E-16
326.  8.475401E-16
327.  8.568383E-16
328.  8.661351E-16
329.  8.754284E-16
330.  8.847162E-16
331.  8.939967E-16
332.  9.032679E-16
333.  9.125277E-16
334.  9.217743E-16
335.  9.310057E-16
336.  9.402198E-16
337.  9.494147E-16
338.  9.585887E-16
339.  9.677396E-16
340.  9.768655E-16
341.  9.859646E-16
342.  9.950345E-16
343.  1.004074E-15
344.  1.013080E-15
345.  1.022052E-15
346.  1.030988E-15
347.  1.039885E-15
348.  1.048742E-15
349.  1.057557E-15
350.  1.066327E-15
351.  1.075052E-15
352.  1.083730E-15
353.  1.092358E-15
354.  1.100935E-15
355.  1.109459E-15
356.  1.117929E-15
357.  1.126343E-15
358.  1.134698E-15
359.  1.142995E-15
360.  1.151230E-15
361.  1.159402E-15
362.  1.167510E-15
363.  1.175553E-15
364.  1.183528E-15
365.  1.191434E-15
366.  1.199270E-15
367.  1.207035E-15
368.  1.214727E-15
369.  1.222344E-15
370.  1.229886E-15
371.  1.237352E-15
372.  1.244739E-15
373.  1.252047E-15
374.  1.259275E-15
375.  1.266421E-15
376.  1.273485E-15
377.  1.280466E-15
378.  1.287362E-15
379.  1.294172E-15
380.  1.300897E-15
381.  1.307534E-15
382.  1.314083E-15
383.  1.320544E-15
384.  1.326915E-15
385.  1.333196E-15
386.  1.339386E-15
387.  1.345485E-15
388.  1.351492E-15
389.  1.357407E-15
390.  1.363229E-15
391.  1.368957E-15
392.  1.374592E-15
393.  1.380134E-15
394.  1.385580E-15
395.  1.390933E-15
396.  1.396191E-15
397.  1.401354E-15
398.  1.406422E-15
399.  1.411395E-15
400.  1.416273E-15
401.  1.421057E-15
402.  1.425745E-15
403.  1.430339E-15
404.  1.434838E-15
405.  1.439243E-15
406.  1.443554E-15
407.  1.447771E-15
408.  1.451894E-15
409.  1.455924E-15
410.  1.459862E-15
411.  1.463707E-15
412.  1.467461E-15
413.  1.471123E-15
414.  1.474695E-15
415.  1.478177E-15
416.  1.481569E-15
417.  1.484872E-15
418.  1.488087E-15
419.  1.491215E-15
420.  1.494256E-15
421.  1.497211E-15
422.  1.500081E-15
423.  1.502867E-15
424.  1.505570E-15
425.  1.508190E-15
426.  1.510729E-15
427.  1.513187E-15
428.  1.515566E-15
429.  1.517866E-15
430.  1.520089E-15
431.  1.522235E-15
432.  1.524305E-15
433.  1.526302E-15
434.  1.528225E-15
435.  1.530076E-15
436.  1.531857E-15
437.  1.533567E-15
438.  1.535208E-15
439.  1.536782E-15
440.  1.538290E-15
441.  1.539732E-15
442.  1.541110E-15
443.  1.542426E-15
444.  1.543680E-15
445.  1.544873E-15
446.  1.546007E-15
447.  1.547083E-15
448.  1.548103E-15
449.  1.549067E-15
450.  1.549976E-15
451.  1.550832E-15
452.  1.551636E-15
453.  1.552389E-15
454.  1.553093E-15
455.  1.553748E-15
456.  1.554356E-15
457.  1.554918E-15
458.  1.555434E-15
459.  1.555907E-15
460.  1.556337E-15
461.  1.556726E-15
462.  1.557073E-15
463.  1.557381E-15
464.  1.557651E-15
465.  1.557883E-15
466.  1.558079E-15
467.  1.558240E-15
468.  1.558365E-15
469.  1.558458E-15
470.  1.558517E-15
471.  1.558545E-15
472.  1.558543E-15
473.  1.558510E-15
474.  1.558449E-15
475.  1.558358E-15
476.  1.558241E-15
477.  1.558096E-15
478.  1.557926E-15
479.  1.557730E-15
480.  1.557510E-15
481.  1.557265E-15
482.  1.556997E-15
483.  1.556707E-15
484.  1.556393E-15
485.  1.556059E-15
486.  1.555703E-15
487.  1.555326E-15
488.  1.554928E-15
489.  1.554511E-15
490.  1.554075E-15
491.  1.553618E-15
492.  1.553143E-15
493.  1.552650E-15
494.  1.552137E-15
495.  1.551607E-15
496.  1.551058E-15
497.  1.550492E-15
498.  1.549908E-15
499.  1.549307E-15
500.  1.548687E-15
501.  1.548051E-15
502.  1.547397E-15
503.  1.546725E-15
504.  1.546035E-15
505.  1.545328E-15
506.  1.544604E-15
507.  1.543861E-15
508.  1.543101E-15
509.  1.542321E-15
510.  1.541525E-15
511.  1.540708E-15
512.  1.539874E-15
513.  1.539020E-15
514.  1.538147E-15
515.  1.537254E-15
516.  1.536341E-15
517.  1.535408E-15
518.  1.534454E-15
519.  1.533479E-15
520.  1.532482E-15
521.  1.531464E-15
522.  1.530423E-15
523.  1.529359E-15
524.  1.528271E-15
525.  1.527160E-15
526.  1.526025E-15
527.  1.524865E-15
528.  1.523680E-15
529.  1.522469E-15
530.  1.521232E-15
531.  1.519967E-15
532.  1.518676E-15
533.  1.517357E-15
534.  1.516009E-15
535.  1.514633E-15
536.  1.513227E-15
537.  1.511790E-15
538.  1.510324E-15
539.  1.508826E-15
540.  1.507296E-15
541.  1.505735E-15
542.  1.504140E-15
543.  1.502513E-15
544.  1.500851E-15
545.  1.499156E-15
546.  1.497425E-15
547.  1.495659E-15
548.  1.493858E-15
549.  1.492020E-15
550.  1.490145E-15
551.  1.488234E-15
552.  1.486284E-15
553.  1.484297E-15
554.  1.482271E-15
555.  1.480206E-15
556.  1.478102E-15
557.  1.475959E-15
558.  1.473776E-15
559.  1.471552E-15
560.  1.469287E-15
561.  1.466983E-15
562.  1.464636E-15
563.  1.462249E-15
564.  1.459819E-15
565.  1.457348E-15
566.  1.454835E-15
567.  1.452280E-15
568.  1.449682E-15
569.  1.447042E-15
570.  1.444360E-15
571.  1.441634E-15
572.  1.438867E-15
573.  1.436056E-15
574.  1.433203E-15
575.  1.430307E-15
576.  1.427369E-15
577.  1.424388E-15
578.  1.421364E-15
579.  1.418298E-15
580.  1.415190E-15
581.  1.412040E-15
582.  1.408849E-15
583.  1.405615E-15
584.  1.402340E-15
585.  1.399025E-15
586.  1.395668E-15
587.  1.392271E-15
588.  1.388834E-15
589.  1.385357E-15
590.  1.381841E-15
591.  1.378285E-15
592.  1.374691E-15
593.  1.371060E-15
594.  1.367390E-15
595.  1.363684E-15
596.  1.359940E-15
597.  1.356161E-15
598.  1.352347E-15
599.  1.348497E-15
600.  1.344613E-15
601.  1.340695E-15
602.  1.336745E-15
603.  1.332761E-15
604.  1.328747E-15
605.  1.324701E-15
606.  1.320625E-15
607.  1.316519E-15
608.  1.312384E-15
609.  1.308221E-15
610.  1.304031E-15
611.  1.299813E-15
612.  1.295570E-15
613.  1.291302E-15
614.  1.287010E-15
615.  1.282694E-15
616.  1.278356E-15
617.  1.273995E-15
618.  1.269614E-15
619.  1.265212E-15
620.  1.260792E-15
621.  1.256352E-15
622.  1.251895E-15
623.  1.247422E-15
624.  1.242932E-15
625.  1.238428E-15
626.  1.233909E-15
627.  1.229376E-15
628.  1.224832E-15
629.  1.220275E-15
630.  1.215708E-15
631.  1.211132E-15
632.  1.206546E-15
633.  1.201952E-15
634.  1.197351E-15
635.  1.192743E-15
636.  1.188129E-15
637.  1.183511E-15
638.  1.178889E-15
639.  1.174264E-15
640.  1.169636E-15
641.  1.165007E-15
642.  1.160377E-15
643.  1.155747E-15
644.  1.151118E-15
645.  1.146491E-15
646.  1.141866E-15
647.  1.137244E-15
648.  1.132626E-15
649.  1.128013E-15
650.  1.123405E-15
651.  1.118803E-15
652.  1.114208E-15
653.  1.109620E-15
654.  1.105040E-15
655.  1.100469E-15
656.  1.095908E-15
657.  1.091356E-15
658.  1.086815E-15
659.  1.082285E-15
660.  1.077767E-15
661.  1.073261E-15
662.  1.068769E-15
663.  1.064289E-15
664.  1.059824E-15
665.  1.055374E-15
666.  1.050938E-15
667.  1.046518E-15
668.  1.042114E-15
669.  1.037726E-15
670.  1.033355E-15
671.  1.029002E-15
672.  1.024666E-15
673.  1.020349E-15
674.  1.016050E-15
675.  1.011770E-15
676.  1.007509E-15
677.  1.003268E-15
678.  9.990472E-16
679.  9.948465E-16
680.  9.906667E-16
681.  9.865079E-16
682.  9.823704E-16
683.  9.782542E-16
684.  9.741603E-16
685.  9.700881E-16
686.  9.660385E-16
687.  9.620116E-16
688.  9.580074E-16
689.  9.540264E-16
690.  9.500687E-16
691.  9.461347E-16
692.  9.422242E-16
693.  9.383378E-16
694.  9.344755E-16
695.  9.306375E-16
696.  9.268241E-16
697.  9.230351E-16
698.  9.192713E-16
699.  9.155321E-16
700.  9.118183E-16
701.  9.081299E-16
702.  9.044669E-16
703.  9.008295E-16
704.  8.972177E-16
705.  8.936323E-16
706.  8.900725E-16
707.  8.865390E-16
708.  8.830318E-16
709.  8.795512E-16
710.  8.760972E-16
711.  8.726699E-16
712.  8.692694E-16
713.  8.658958E-16
714.  8.625496E-16
715.  8.592306E-16
716.  8.559390E-16
717.  8.526750E-16
718.  8.494388E-16
719.  8.462302E-16
720.  8.430498E-16
721.  8.398975E-16
722.  8.367735E-16
723.  8.336780E-16
724.  8.306111E-16
725.  8.275731E-16
726.  8.245639E-16
727.  8.215839E-16
728.  8.186332E-16
729.  8.157121E-16
730.  8.128205E-16
731.  8.099589E-16
732.  8.071273E-16
733.  8.043259E-16
734.  8.015552E-16
735.  7.988149E-16
736.  7.961055E-16
737.  7.934273E-16
738.  7.907803E-16
739.  7.881649E-16
740.  7.855812E-16
741.  7.830295E-16
742.  7.805102E-16
743.  7.780233E-16
744.  7.755690E-16
745.  7.731479E-16
746.  7.707600E-16
747.  7.684054E-16
748.  7.660847E-16
749.  7.637980E-16
750.  7.615455E-16
751.  7.593276E-16
752.  7.571445E-16
753.  7.549968E-16
754.  7.528842E-16
755.  7.508074E-16
756.  7.487662E-16
757.  7.467617E-16
758.  7.447934E-16
759.  7.428621E-16
760.  7.409678E-16
761.  7.391108E-16
762.  7.372916E-16
763.  7.355102E-16
764.  7.337671E-16
765.  7.320624E-16
766.  7.303966E-16
767.  7.287697E-16
768.  7.271822E-16
769.  7.256345E-16
770.  7.241264E-16
771.  7.226587E-16
772.  7.212311E-16
773.  7.198443E-16
774.  7.184986E-16
775.  7.171938E-16
776.  7.159304E-16
777.  7.147086E-16
778.  7.135287E-16
779.  7.123909E-16
780.  7.112954E-16
781.  7.102424E-16
782.  7.092320E-16
783.  7.082645E-16
784.  7.073400E-16
785.  7.064587E-16
786.  7.056207E-16
787.  7.048262E-16
788.  7.040756E-16
789.  7.033685E-16
790.  7.027055E-16
791.  7.020863E-16
792.  7.015114E-16
793.  7.009805E-16
794.  7.004939E-16
795.  7.000514E-16
796.  6.996534E-16
797.  6.992996E-16
798.  6.989902E-16
799.  6.987251E-16
800.  6.985043E-16
801.  6.983278E-16
802.  6.981956E-16
803.  6.981076E-16
804.  6.980635E-16
805.  6.980635E-16
806.  6.981072E-16
807.  6.981948E-16
808.  6.983259E-16
809.  6.985004E-16
810.  6.987183E-16
811.  6.989789E-16
812.  6.992827E-16
813.  6.996289E-16
814.  7.000174E-16
815.  7.004480E-16
816.  7.009202E-16
817.  7.014341E-16
818.  7.019892E-16
819.  7.025850E-16
820.  7.032214E-16
821.  7.038977E-16
822.  7.046138E-16
823.  7.053691E-16
824.  7.061634E-16
825.  7.069961E-16
826.  7.078666E-16
827.  7.087746E-16
828.  7.097196E-16
829.  7.107012E-16
830.  7.117189E-16
831.  7.127716E-16
832.  7.138594E-16
833.  7.149814E-16
834.  7.161370E-16
835.  7.173257E-16
836.  7.185468E-16
837.  7.197998E-16
838.  7.210840E-16
839.  7.223986E-16
840.  7.237429E-16
841.  7.251163E-16
842.  7.265183E-16
843.  7.279478E-16
844.  7.294044E-16
845.  7.308870E-16
846.  7.323953E-16
847.  7.339281E-16
848.  7.354847E-16
849.  7.370647E-16
850.  7.386667E-16
851.  7.402904E-16
852.  7.419346E-16
853.  7.435988E-16
854.  7.452819E-16
855.  7.469833E-16
856.  7.487018E-16
857.  7.504369E-16
858.  7.521876E-16
859.  7.539529E-16
860.  7.557322E-16
861.  7.575244E-16
862.  7.593287E-16
863.  7.611442E-16
864.  7.629700E-16
865.  7.648053E-16
866.  7.666491E-16
867.  7.685006E-16
868.  7.703587E-16
869.  7.722227E-16
870.  7.740918E-16
871.  7.759648E-16
872.  7.778409E-16
873.  7.797196E-16
874.  7.815995E-16
875.  7.834797E-16
876.  7.853599E-16
877.  7.872387E-16
878.  7.891156E-16
879.  7.909891E-16
880.  7.928592E-16
881.  7.947244E-16
882.  7.965841E-16
883.  7.984375E-16
884.  8.002837E-16
885.  8.021219E-16
886.  8.039514E-16
887.  8.057712E-16
888.  8.075806E-16
889.  8.093789E-16
890.  8.111652E-16
891.  8.129389E-16
892.  8.146992E-16
893.  8.164452E-16
894.  8.181763E-16
895.  8.198920E-16
896.  8.215915E-16
897.  8.232740E-16
898.  8.249388E-16
899.  8.265856E-16
900.  8.282135E-16
901.  8.298219E-16
902.  8.314104E-16
903.  8.329781E-16
904.  8.345247E-16
905.  8.360497E-16
906.  8.375524E-16
907.  8.390323E-16
908.  8.404891E-16
909.  8.419222E-16
910.  8.433311E-16
911.  8.447154E-16
912.  8.460748E-16
913.  8.474090E-16
914.  8.487172E-16
915.  8.499997E-16
916.  8.512555E-16
917.  8.524848E-16
918.  8.536871E-16
919.  8.548620E-16
920.  8.560096E-16
921.  8.571294E-16
922.  8.582213E-16
923.  8.592851E-16
924.  8.603207E-16
925.  8.613278E-16
926.  8.623066E-16
927.  8.632565E-16
928.  8.641781E-16
929.  8.650706E-16
930.  8.659345E-16
931.  8.667697E-16
932.  8.675760E-16
933.  8.683537E-16
934.  8.691026E-16
935.  8.698230E-16
936.  8.705147E-16
937.  8.711783E-16
938.  8.718134E-16
939.  8.724203E-16
940.  8.729994E-16
941.  8.735507E-16
942.  8.740746E-16
943.  8.745709E-16
944.  8.750403E-16
945.  8.754831E-16
946.  8.758992E-16
947.  8.762891E-16
948.  8.766532E-16
949.  8.769918E-16
950.  8.773052E-16
951.  8.775937E-16
952.  8.778577E-16
953.  8.780979E-16
954.  8.783146E-16
955.  8.785080E-16
956.  8.786788E-16
957.  8.788274E-16
958.  8.789543E-16
959.  8.790599E-16
960.  8.791450E-16
961.  8.792098E-16
962.  8.792551E-16
963.  8.792811E-16
964.  8.792888E-16
965.  8.792785E-16
966.  8.792509E-16
967.  8.792065E-16
968.  8.791460E-16
969.  8.790701E-16
970.  8.789793E-16
971.  8.788743E-16
972.  8.787557E-16
973.  8.786242E-16
974.  8.784805E-16
975.  8.783252E-16
976.  8.781591E-16
977.  8.779827E-16
978.  8.777969E-16
979.  8.776023E-16
980.  8.773996E-16
981.  8.771896E-16
982.  8.769730E-16
983.  8.767505E-16
984.  8.765227E-16
985.  8.762906E-16
986.  8.760548E-16
987.  8.758160E-16
988.  8.755749E-16
989.  8.753323E-16
990.  8.750891E-16
991.  8.748459E-16
992.  8.746033E-16
993.  8.743624E-16
994.  8.741235E-16
995.  8.738880E-16
996.  8.736558E-16
997.  8.734284E-16
998.  8.732063E-16
999.  8.729898E-16
1000.  8.727803E-16
1001.  8.725784E-16
1002.  8.723845E-16
1003.  8.721995E-16
1004.  8.720242E-16
1005.  8.718593E-16
1006.  8.717054E-16
1007.  8.715635E-16
1008.  8.714339E-16
1009.  8.713178E-16
1010.  8.712154E-16
1011.  8.711276E-16
1012.  8.710553E-16
1013.  8.709989E-16
1014.  8.709592E-16
1015.  8.709369E-16
1016.  8.709325E-16
1017.  8.709468E-16
1018.  8.709803E-16
1019.  8.710337E-16
1020.  8.711078E-16
1021.  8.712028E-16
1022.  8.713199E-16
1023.  8.714592E-16
1024.  8.716217E-16
1025.  8.718075E-16
1026.  8.720176E-16
1027.  8.722522E-16
1028.  8.725122E-16
1029.  8.727979E-16
1030.  8.731101E-16
1031.  8.734488E-16
1032.  8.738152E-16
1033.  8.742093E-16
1034.  8.746316E-16
1035.  8.750825E-16
1036.  8.755631E-16
1037.  8.760732E-16
1038.  8.766135E-16
1039.  8.771842E-16
1040.  8.777860E-16
1041.  8.784190E-16
1042.  8.790839E-16
1043.  8.797808E-16
1044.  8.805104E-16
1045.  8.812729E-16
1046.  8.820682E-16
1047.  8.828972E-16
1048.  8.837599E-16
1049.  8.846566E-16
1050.  8.855880E-16
1051.  8.865536E-16
1052.  8.875541E-16
1053.  8.885899E-16
1054.  8.896607E-16
1055.  8.907672E-16
1056.  8.919092E-16
1057.  8.930873E-16
1058.  8.943012E-16
1059.  8.955514E-16
1060.  8.968378E-16
1061.  8.981607E-16
1062.  8.995202E-16
1063.  9.009159E-16
1064.  9.023486E-16
1065.  9.038178E-16
1066.  9.053237E-16
1067.  9.068663E-16
1068.  9.084458E-16
1069.  9.100617E-16
1070.  9.117147E-16
1071.  9.134040E-16
1072.  9.151301E-16
1073.  9.168925E-16
1074.  9.186915E-16
1075.  9.205268E-16
1076.  9.223981E-16
1077.  9.243056E-16
1078.  9.262488E-16
1079.  9.282280E-16
1080.  9.302425E-16
1081.  9.322923E-16
1082.  9.343773E-16
1083.  9.364970E-16
1084.  9.386512E-16
1085.  9.408398E-16
1086.  9.430626E-16
1087.  9.453188E-16
1088.  9.476088E-16
1089.  9.499316E-16
1090.  9.522872E-16
1091.  9.546752E-16
1092.  9.570950E-16
1093.  9.595467E-16
1094.  9.620293E-16
1095.  9.645427E-16
1096.  9.670865E-16
1097.  9.696601E-16
1098.  9.722632E-16
1099.  9.748950E-16
1100.  9.775555E-16
1101.  9.802436E-16
1102.  9.829592E-16
1103.  9.857017E-16
1104.  9.884703E-16
1105.  9.912648E-16
1106.  9.940842E-16
1107.  9.969283E-16
1108.  9.997962E-16
1109.  1.002688E-15
1110.  1.005602E-15
1111.  1.008538E-15
1112.  1.011495E-15
1113.  1.014473E-15
1114.  1.017471E-15
1115.  1.020489E-15
1116.  1.023525E-15
1117.  1.026579E-15
1118.  1.029651E-15
1119.  1.032738E-15
1120.  1.035842E-15
1121.  1.038961E-15
1122.  1.042094E-15
1123.  1.045240E-15
1124.  1.048399E-15
1125.  1.051570E-15
1126.  1.054752E-15
1127.  1.057945E-15
1128.  1.061147E-15
1129.  1.064358E-15
1130.  1.067576E-15
1131.  1.070802E-15
1132.  1.074034E-15
1133.  1.077272E-15
1134.  1.080514E-15
1135.  1.083760E-15
1136.  1.087009E-15
1137.  1.090260E-15
1138.  1.093512E-15
1139.  1.096765E-15
1140.  1.100017E-15
1141.  1.103268E-15
1142.  1.106517E-15
1143.  1.109763E-15
1144.  1.113005E-15
1145.  1.116243E-15
1146.  1.119475E-15
1147.  1.122700E-15
1148.  1.125918E-15
1149.  1.129128E-15
1150.  1.132330E-15
1151.  1.135521E-15
1152.  1.138702E-15
1153.  1.141872E-15
1154.  1.145029E-15
1155.  1.148173E-15
1156.  1.151304E-15
1157.  1.154420E-15
1158.  1.157520E-15
1159.  1.160604E-15
1160.  1.163671E-15
1161.  1.166720E-15
1162.  1.169751E-15
1163.  1.172762E-15
1164.  1.175754E-15
1165.  1.178724E-15
1166.  1.181673E-15
1167.  1.184600E-15
1168.  1.187503E-15
1169.  1.190383E-15
1170.  1.193239E-15
1171.  1.196070E-15
1172.  1.198875E-15
1173.  1.201654E-15
1174.  1.204406E-15
1175.  1.207130E-15
1176.  1.209826E-15
1177.  1.212493E-15
1178.  1.215131E-15
1179.  1.217740E-15
1180.  1.220318E-15
1181.  1.222864E-15
1182.  1.225380E-15
1183.  1.227864E-15
1184.  1.230315E-15
1185.  1.232733E-15
1186.  1.235118E-15
1187.  1.237470E-15
1188.  1.239787E-15
1189.  1.242070E-15
1190.  1.244318E-15
1191.  1.246531E-15
1192.  1.248708E-15
1193.  1.250850E-15
1194.  1.252955E-15
1195.  1.255024E-15
1196.  1.257056E-15
1197.  1.259052E-15
1198.  1.261010E-15
1199.  1.262931E-15
1200.  1.264815E-15
1201.  1.266661E-15
1202.  1.268469E-15
1203.  1.270240E-15
1204.  1.271972E-15
1205.  1.273667E-15
1206.  1.275324E-15
1207.  1.276942E-15
1208.  1.278523E-15
1209.  1.280065E-15
1210.  1.281570E-15
1211.  1.283036E-15
1212.  1.284465E-15
1213.  1.285855E-15
1214.  1.287208E-15
1215.  1.288524E-15
1216.  1.289802E-15
1217.  1.291043E-15
1218.  1.292246E-15
1219.  1.293413E-15
1220.  1.294544E-15
1221.  1.295637E-15
1222.  1.296695E-15
1223.  1.297717E-15
1224.  1.298704E-15
1225.  1.299655E-15
1226.  1.300571E-15
1227.  1.301452E-15
1228.  1.302300E-15
1229.  1.303114E-15
1230.  1.303894E-15
1231.  1.304641E-15
1232.  1.305356E-15
1233.  1.306039E-15
1234.  1.306690E-15
1235.  1.307310E-15
1236.  1.307899E-15
1237.  1.308458E-15
1238.  1.308987E-15
1239.  1.309488E-15
1240.  1.309959E-15
1241.  1.310403E-15
1242.  1.310819E-15
1243.  1.311208E-15
1244.  1.311571E-15
1245.  1.311908E-15
1246.  1.312220E-15
1247.  1.312508E-15
1248.  1.312772E-15
1249.  1.313012E-15
1250.  1.313230E-15
1251.  1.313426E-15
1252.  1.313601E-15
1253.  1.313756E-15
1254.  1.313890E-15
1255.  1.314005E-15
1256.  1.314102E-15
1257.  1.314181E-15
1258.  1.314242E-15
1259.  1.314287E-15
1260.  1.314316E-15
1261.  1.314331E-15
1262.  1.314331E-15
1263.  1.314317E-15
1264.  1.314291E-15
1265.  1.314252E-15
1266.  1.314202E-15
1267.  1.314141E-15
1268.  1.314070E-15
1269.  1.313990E-15
1270.  1.313902E-15
1271.  1.313805E-15
1272.  1.313702E-15
1273.  1.313592E-15
1274.  1.313477E-15
1275.  1.313356E-15
1276.  1.313232E-15
1277.  1.313104E-15
1278.  1.312973E-15
1279.  1.312840E-15
1280.  1.312706E-15
1281.  1.312571E-15
1282.  1.312436E-15
1283.  1.312303E-15
1284.  1.312170E-15
1285.  1.312040E-15
1286.  1.311913E-15
1287.  1.311789E-15
1288.  1.311669E-15
1289.  1.311554E-15
1290.  1.311445E-15
1291.  1.311342E-15
1292.  1.311246E-15
1293.  1.311158E-15
1294.  1.311078E-15
1295.  1.311006E-15
1296.  1.310944E-15
1297.  1.310892E-15
1298.  1.310851E-15
1299.  1.310821E-15
1300.  1.310803E-15
1301.  1.310797E-15
1302.  1.310805E-15
1303.  1.310826E-15
1304.  1.310862E-15
1305.  1.310912E-15
1306.  1.310978E-15
1307.  1.311060E-15
1308.  1.311158E-15
1309.  1.311273E-15
1310.  1.311406E-15
1311.  1.311558E-15
1312.  1.311727E-15
1313.  1.311916E-15
1314.  1.312125E-15
1315.  1.312354E-15
1316.  1.312603E-15
1317.  1.312874E-15
1318.  1.313166E-15
1319.  1.313480E-15
1320.  1.313817E-15
1321.  1.314177E-15
1322.  1.314560E-15
1323.  1.314967E-15
1324.  1.315399E-15
1325.  1.315855E-15
1326.  1.316337E-15
1327.  1.316844E-15
1328.  1.317377E-15
1329.  1.317936E-15
1330.  1.318523E-15
1331.  1.319136E-15
1332.  1.319777E-15
1333.  1.320446E-15
1334.  1.321144E-15
1335.  1.321870E-15
1336.  1.322625E-15
1337.  1.323409E-15
1338.  1.324223E-15
1339.  1.325067E-15
1340.  1.325942E-15
1341.  1.326847E-15
1342.  1.327784E-15
1343.  1.328751E-15
1344.  1.329750E-15
1345.  1.330782E-15
1346.  1.331845E-15
1347.  1.332940E-15
1348.  1.334069E-15
1349.  1.335231E-15
1350.  1.336426E-15
1351.  1.337654E-15
1352.  1.338917E-15
1353.  1.340213E-15
1354.  1.341544E-15
1355.  1.342909E-15
1356.  1.344309E-15
1357.  1.345744E-15
1358.  1.347214E-15
1359.  1.348720E-15
1360.  1.350261E-15
1361.  1.351838E-15
1362.  1.353451E-15
1363.  1.355100E-15
1364.  1.356785E-15
1365.  1.358507E-15
1366.  1.360265E-15
1367.  1.362060E-15
1368.  1.363893E-15
1369.  1.365762E-15
1370.  1.367668E-15
1371.  1.369612E-15
1372.  1.371593E-15
1373.  1.373612E-15
1374.  1.375668E-15
1375.  1.377762E-15
1376.  1.379893E-15
1377.  1.382063E-15
1378.  1.384270E-15
1379.  1.386515E-15
1380.  1.388798E-15
1381.  1.391119E-15
1382.  1.393478E-15
1383.  1.395875E-15
1384.  1.398310E-15
1385.  1.400783E-15
1386.  1.403293E-15
1387.  1.405842E-15
1388.  1.408429E-15
1389.  1.411053E-15
1390.  1.413715E-15
1391.  1.416414E-15
1392.  1.419151E-15
1393.  1.421926E-15
1394.  1.424737E-15
1395.  1.427586E-15
1396.  1.430472E-15
1397.  1.433395E-15
1398.  1.436354E-15
1399.  1.439350E-15
1400.  1.442382E-15
1401.  1.445450E-15
1402.  1.448554E-15
1403.  1.451694E-15
1404.  1.454869E-15
1405.  1.458079E-15
1406.  1.461323E-15
1407.  1.464603E-15
1408.  1.467916E-15
1409.  1.471263E-15
1410.  1.474644E-15
1411.  1.478058E-15
1412.  1.481504E-15
1413.  1.484983E-15
1414.  1.488494E-15
1415.  1.492036E-15
1416.  1.495609E-15
1417.  1.499213E-15
1418.  1.502847E-15
1419.  1.506511E-15
1420.  1.510204E-15
1421.  1.513926E-15
1422.  1.517675E-15
1423.  1.521453E-15
1424.  1.525257E-15
1425.  1.529088E-15
1426.  1.532944E-15
1427.  1.536826E-15
1428.  1.540732E-15
1429.  1.544662E-15
1430.  1.548615E-15
1431.  1.552591E-15
1432.  1.556589E-15
1433.  1.560608E-15
1434.  1.564648E-15
1435.  1.568707E-15
1436.  1.572785E-15
1437.  1.576882E-15
1438.  1.580996E-15
1439.  1.585126E-15
1440.  1.589273E-15
1441.  1.593434E-15
1442.  1.597609E-15
1443.  1.601798E-15
1444.  1.605999E-15
1445.  1.610212E-15
1446.  1.614436E-15
1447.  1.618669E-15
1448.  1.622911E-15
1449.  1.627161E-15
1450.  1.631418E-15
1451.  1.635681E-15
1452.  1.639949E-15
1453.  1.644221E-15
1454.  1.648497E-15
1455.  1.652774E-15
1456.  1.657053E-15
1457.  1.661331E-15
1458.  1.665609E-15
1459.  1.669885E-15
1460.  1.674158E-15
1461.  1.678426E-15
1462.  1.682690E-15
1463.  1.686948E-15
1464.  1.691198E-15
1465.  1.695440E-15
1466.  1.699673E-15
1467.  1.703895E-15
1468.  1.708105E-15
1469.  1.712303E-15
1470.  1.716487E-15
1471.  1.720657E-15
1472.  1.724810E-15
1473.  1.728947E-15
1474.  1.733065E-15
1475.  1.737164E-15
1476.  1.741243E-15
1477.  1.745300E-15
1478.  1.749335E-15
1479.  1.753345E-15
1480.  1.757332E-15
1481.  1.761292E-15
1482.  1.765225E-15
1483.  1.769130E-15
1484.  1.773005E-15
1485.  1.776851E-15
1486.  1.780664E-15
1487.  1.784446E-15
1488.  1.788193E-15
1489.  1.791906E-15
1490.  1.795583E-15
1491.  1.799224E-15
1492.  1.802826E-15
1493.  1.806389E-15
1494.  1.809912E-15
1495.  1.813394E-15
1496.  1.816834E-15
1497.  1.820231E-15
1498.  1.823583E-15
1499.  1.826890E-15
1500.  1.830151E-15
1501.  1.833365E-15
1502.  1.836531E-15
1503.  1.839648E-15
1504.  1.842713E-15
1505.  1.845728E-15
1506.  1.848691E-15
1507.  1.851602E-15
1508.  1.854458E-15
1509.  1.857259E-15
1510.  1.860005E-15
1511.  1.862693E-15
1512.  1.865325E-15
1513.  1.867898E-15
1514.  1.870412E-15
1515.  1.872866E-15
1516.  1.875259E-15
1517.  1.877591E-15
1518.  1.879860E-15
1519.  1.882066E-15
1520.  1.884208E-15
1521.  1.886286E-15
1522.  1.888298E-15
1523.  1.890244E-15
1524.  1.892123E-15
1525.  1.893935E-15
1526.  1.895679E-15
1527.  1.897354E-15
1528.  1.898959E-15
1529.  1.900495E-15
1530.  1.901960E-15
1531.  1.903353E-15
1532.  1.904676E-15
1533.  1.905925E-15
1534.  1.907102E-15
1535.  1.908206E-15
1536.  1.909235E-15
1537.  1.910190E-15
1538.  1.911071E-15
1539.  1.911876E-15
1540.  1.912606E-15
1541.  1.913260E-15
1542.  1.913837E-15
1543.  1.914337E-15
1544.  1.914760E-15
1545.  1.915106E-15
1546.  1.915373E-15
1547.  1.915563E-15
1548.  1.915674E-15
1549.  1.915706E-15
1550.  1.915659E-15
1551.  1.915533E-15
1552.  1.915327E-15
1553.  1.915042E-15
1554.  1.914676E-15
1555.  1.914231E-15
1556.  1.913705E-15
1557.  1.913098E-15
1558.  1.912412E-15
1559.  1.911644E-15
1560.  1.910795E-15
1561.  1.909866E-15
1562.  1.908856E-15
1563.  1.907764E-15
1564.  1.906592E-15
1565.  1.905338E-15
1566.  1.904003E-15
1567.  1.902587E-15
1568.  1.901089E-15
1569.  1.899511E-15
1570.  1.897851E-15
1571.  1.896111E-15
1572.  1.894289E-15
1573.  1.892387E-15
1574.  1.890404E-15
1575.  1.888340E-15
1576.  1.886195E-15
1577.  1.883970E-15
1578.  1.881665E-15
1579.  1.879279E-15
1580.  1.876813E-15
1581.  1.874268E-15
1582.  1.871643E-15
1583.  1.868938E-15
1584.  1.866154E-15
1585.  1.863291E-15
1586.  1.860350E-15
1587.  1.857330E-15
1588.  1.854231E-15
1589.  1.851055E-15
1590.  1.847801E-15
1591.  1.844469E-15
1592.  1.841061E-15
1593.  1.837575E-15
1594.  1.834014E-15
1595.  1.830376E-15
1596.  1.826662E-15
1597.  1.822873E-15
1598.  1.819008E-15
1599.  1.815069E-15
1600.  1.811056E-15
1601.  1.806969E-15
1602.  1.802808E-15
1603.  1.798575E-15
1604.  1.794268E-15
1605.  1.789889E-15
1606.  1.785439E-15
1607.  1.780917E-15
1608.  1.776325E-15
1609.  1.771662E-15
1610.  1.766929E-15
1611.  1.762127E-15
1612.  1.757256E-15
1613.  1.752316E-15
1614.  1.747309E-15
1615.  1.742234E-15
1616.  1.737092E-15
1617.  1.731885E-15
1618.  1.726611E-15
1619.  1.721273E-15
1620.  1.715869E-15
1621.  1.710402E-15
1622.  1.704872E-15
1623.  1.699279E-15
1624.  1.693624E-15
1625.  1.687907E-15
1626.  1.682129E-15
1627.  1.676291E-15
1628.  1.670393E-15
1629.  1.664437E-15
1630.  1.658422E-15
1631.  1.652349E-15
1632.  1.646220E-15
1633.  1.640035E-15
1634.  1.633793E-15
1635.  1.627498E-15
1636.  1.621148E-15
1637.  1.614744E-15
1638.  1.608288E-15
1639.  1.601780E-15
1640.  1.595221E-15
1641.  1.588612E-15
1642.  1.581953E-15
1643.  1.575245E-15
1644.  1.568490E-15
1645.  1.561687E-15
1646.  1.554838E-15
1647.  1.547943E-15
1648.  1.541003E-15
1649.  1.534019E-15
1650.  1.526993E-15
1651.  1.519924E-15
1652.  1.512814E-15
1653.  1.505663E-15
1654.  1.498472E-15
1655.  1.491243E-15
1656.  1.483976E-15
1657.  1.476673E-15
1658.  1.469333E-15
1659.  1.461958E-15
1660.  1.454548E-15
1661.  1.447106E-15
1662.  1.439631E-15
1663.  1.432125E-15
1664.  1.424588E-15
1665.  1.417022E-15
1666.  1.409427E-15
1667.  1.401805E-15
1668.  1.394157E-15
1669.  1.386482E-15
1670.  1.378784E-15
1671.  1.371061E-15
1672.  1.363316E-15
1673.  1.355550E-15
1674.  1.347762E-15
1675.  1.339956E-15
1676.  1.332131E-15
1677.  1.324288E-15
1678.  1.316429E-15
1679.  1.308555E-15
1680.  1.300666E-15
1681.  1.292764E-15
1682.  1.284849E-15
1683.  1.276924E-15
1684.  1.268988E-15
1685.  1.261044E-15
1686.  1.253091E-15
1687.  1.245131E-15
1688.  1.237166E-15
1689.  1.229195E-15
1690.  1.221221E-15
1691.  1.213245E-15
1692.  1.205266E-15
1693.  1.197287E-15
1694.  1.189309E-15
1695.  1.181332E-15
1696.  1.173359E-15
1697.  1.165389E-15
1698.  1.157424E-15
1699.  1.149464E-15
1700.  1.141512E-15
1701.  1.133568E-15
1702.  1.125633E-15
1703.  1.117708E-15
1704.  1.109795E-15
1705.  1.101894E-15
1706.  1.094006E-15
1707.  1.086133E-15
1708.  1.078275E-15
1709.  1.070434E-15
1710.  1.062611E-15
1711.  1.054807E-15
1712.  1.047021E-15
1713.  1.039257E-15
1714.  1.031515E-15
1715.  1.023795E-15
1716.  1.016099E-15
1717.  1.008427E-15
1718.  1.000782E-15
1719.  9.931635E-16
1720.  9.855724E-16
1721.  9.780102E-16
1722.  9.704775E-16
1723.  9.629757E-16
1724.  9.555055E-16
1725.  9.480677E-16
1726.  9.406632E-16
1727.  9.332935E-16
1728.  9.259588E-16
1729.  9.186606E-16
1730.  9.113994E-16
1731.  9.041761E-16
1732.  8.969917E-16
1733.  8.898470E-16
1734.  8.827430E-16
1735.  8.756803E-16
1736.  8.686599E-16
1737.  8.616826E-16
1738.  8.547492E-16
1739.  8.478603E-16
1740.  8.410170E-16
1741.  8.342199E-16
1742.  8.274698E-16
1743.  8.207672E-16
1744.  8.141132E-16
1745.  8.075084E-16
1746.  8.009535E-16
1747.  7.944491E-16
1748.  7.879960E-16
1749.  7.815948E-16
1750.  7.752462E-16
1751.  7.689507E-16
1752.  7.627091E-16
1753.  7.565221E-16
1754.  7.503898E-16
1755.  7.443134E-16
1756.  7.382931E-16
1757.  7.323296E-16
1758.  7.264235E-16
1759.  7.205751E-16
1760.  7.147851E-16
1761.  7.090540E-16
1762.  7.033822E-16
1763.  6.977702E-16
1764.  6.922186E-16
1765.  6.867277E-16
1766.  6.812979E-16
1767.  6.759299E-16
1768.  6.706236E-16
1769.  6.653800E-16
1770.  6.601990E-16
1771.  6.550812E-16
1772.  6.500268E-16
1773.  6.450364E-16
1774.  6.401101E-16
1775.  6.352483E-16
1776.  6.304513E-16
1777.  6.257195E-16
1778.  6.210530E-16
1779.  6.164521E-16
1780.  6.119170E-16
1781.  6.074482E-16
1782.  6.030457E-16
1783.  5.987098E-16
1784.  5.944406E-16
1785.  5.902385E-16
1786.  5.861035E-16
1787.  5.820358E-16
1788.  5.780356E-16
1789.  5.741030E-16
1790.  5.702384E-16
1791.  5.664416E-16
1792.  5.627127E-16
1793.  5.590521E-16
1794.  5.554597E-16
1795.  5.519357E-16
1796.  5.484800E-16
1797.  5.450929E-16
1798.  5.417743E-16
1799.  5.385243E-16
1800.  5.353429E-16
1801.  5.322303E-16
1802.  5.291864E-16
1803.  5.262112E-16
1804.  5.233047E-16
1805.  5.204670E-16
1806.  5.176980E-16
1807.  5.149976E-16
1808.  5.123661E-16
1809.  5.098032E-16
1810.  5.073090E-16
1811.  5.048834E-16
1812.  5.025263E-16
1813.  5.002377E-16
1814.  4.980176E-16
1815.  4.958659E-16
1816.  4.937825E-16
1817.  4.917674E-16
1818.  4.898204E-16
1819.  4.879413E-16
1820.  4.861303E-16
1821.  4.843872E-16
1822.  4.827120E-16
1823.  4.811041E-16
1824.  4.795641E-16
1825.  4.780914E-16
1826.  4.766861E-16
1827.  4.753479E-16
1828.  4.740767E-16
1829.  4.728724E-16
1830.  4.717351E-16
1831.  4.706644E-16
1832.  4.696600E-16
1833.  4.687221E-16
1834.  4.678502E-16
1835.  4.670444E-16
1836.  4.663046E-16
1837.  4.656304E-16
1838.  4.650218E-16
1839.  4.644785E-16
1840.  4.640003E-16
1841.  4.635872E-16
1842.  4.632389E-16
1843.  4.629552E-16
1844.  4.627360E-16
1845.  4.625810E-16
1846.  4.624902E-16
1847.  4.624630E-16
1848.  4.624996E-16
1849.  4.625997E-16
1850.  4.627629E-16
1851.  4.629892E-16
1852.  4.632781E-16
1853.  4.636297E-16
1854.  4.640438E-16
1855.  4.645199E-16
1856.  4.650579E-16
1857.  4.656576E-16
1858.  4.663186E-16
1859.  4.670408E-16
1860.  4.678239E-16
1861.  4.686677E-16
1862.  4.695720E-16
1863.  4.705362E-16
1864.  4.715603E-16
1865.  4.726441E-16
1866.  4.737872E-16
1867.  4.749893E-16
1868.  4.762502E-16
1869.  4.775696E-16
1870.  4.789472E-16
1871.  4.803825E-16
1872.  4.818753E-16
1873.  4.834256E-16
1874.  4.850327E-16
1875.  4.866963E-16
1876.  4.884162E-16
1877.  4.901920E-16
1878.  4.920237E-16
1879.  4.939102E-16
1880.  4.958518E-16
1881.  4.978478E-16
1882.  4.998979E-16
1883.  5.020018E-16
1884.  5.041590E-16
1885.  5.063692E-16
1886.  5.086321E-16
1887.  5.109469E-16
1888.  5.133136E-16
1889.  5.157317E-16
1890.  5.182006E-16
1891.  5.207200E-16
1892.  5.232892E-16
1893.  5.259081E-16
1894.  5.285761E-16
1895.  5.312925E-16
1896.  5.340570E-16
1897.  5.368693E-16
1898.  5.397287E-16
1899.  5.426346E-16
1900.  5.455866E-16
1901.  5.485841E-16
1902.  5.516267E-16
1903.  5.547137E-16
1904.  5.578446E-16
1905.  5.610189E-16
1906.  5.642360E-16
1907.  5.674952E-16
1908.  5.707960E-16
1909.  5.741377E-16
1910.  5.775199E-16
1911.  5.809416E-16
1912.  5.844025E-16
1913.  5.879019E-16
1914.  5.914391E-16
1915.  5.950133E-16
1916.  5.986240E-16
1917.  6.022705E-16
1918.  6.059520E-16
1919.  6.096680E-16
1920.  6.134177E-16
1921.  6.172002E-16
1922.  6.210150E-16
1923.  6.248612E-16
1924.  6.287382E-16
1925.  6.326450E-16
1926.  6.365813E-16
1927.  6.405458E-16
1928.  6.445380E-16
1929.  6.485571E-16
1930.  6.526022E-16
1931.  6.566726E-16
1932.  6.607673E-16
1933.  6.648858E-16
1934.  6.690270E-16
1935.  6.731900E-16
1936.  6.773742E-16
1937.  6.815787E-16
1938.  6.858026E-16
1939.  6.900449E-16
1940.  6.943049E-16
1941.  6.985817E-16
1942.  7.028745E-16
1943.  7.071822E-16
1944.  7.115040E-16
1945.  7.158390E-16
1946.  7.201865E-16
1947.  7.245452E-16
1948.  7.289146E-16
1949.  7.332934E-16
1950.  7.376812E-16
1951.  7.420764E-16
1952.  7.464788E-16
1953.  7.508869E-16
1954.  7.553001E-16
1955.  7.597174E-16
1956.  7.641378E-16
1957.  7.685604E-16
1958.  7.729844E-16
1959.  7.774089E-16
1960.  7.818325E-16
1961.  7.862549E-16
1962.  7.906748E-16
1963.  7.950914E-16
1964.  7.995038E-16
1965.  8.039110E-16
1966.  8.083122E-16
1967.  8.127064E-16
1968.  8.170926E-16
1969.  8.214701E-16
1970.  8.258377E-16
1971.  8.301949E-16
1972.  8.345405E-16
1973.  8.388737E-16
1974.  8.431938E-16
1975.  8.474996E-16
1976.  8.517903E-16
1977.  8.560651E-16
1978.  8.603232E-16
1979.  8.645637E-16
1980.  8.687857E-16
1981.  8.729885E-16
1982.  8.771710E-16
1983.  8.813327E-16
1984.  8.854726E-16
1985.  8.895900E-16
1986.  8.936840E-16
1987.  8.977537E-16
1988.  9.017985E-16
1989.  9.058177E-16
1990.  9.098104E-16
1991.  9.137758E-16
1992.  9.177134E-16
1993.  9.216220E-16
1994.  9.255016E-16
1995.  9.293508E-16
1996.  9.331694E-16
1997.  9.369564E-16
1998.  9.407112E-16
1999.  9.444332E-16
2000.  9.481217E-16
2001.  9.517762E-16
2002.  9.553958E-16
2003.  9.589800E-16
2004.  9.625283E-16
2005.  9.660401E-16
2006.  9.695148E-16
2007.  9.729516E-16
2008.  9.763502E-16
2009.  9.797101E-16
2010.  9.830305E-16
2011.  9.863112E-16
2012.  9.895515E-16
2013.  9.927509E-16
2014.  9.959089E-16
2015.  9.990254E-16
2016.  1.002099E-15
2017.  1.005131E-15
2018.  1.008119E-15
2019.  1.011064E-15
2020.  1.013964E-15
2021.  1.016821E-15
2022.  1.019632E-15
2023.  1.022399E-15
2024.  1.025120E-15
2025.  1.027795E-15
2026.  1.030425E-15
2027.  1.033008E-15
2028.  1.035544E-15
2029.  1.038033E-15
2030.  1.040474E-15
2031.  1.042869E-15
2032.  1.045215E-15
2033.  1.047513E-15
2034.  1.049763E-15
2035.  1.051964E-15
2036.  1.054117E-15
2037.  1.056220E-15
2038.  1.058275E-15
2039.  1.060280E-15
2040.  1.062236E-15
2041.  1.064142E-15
2042.  1.065998E-15
2043.  1.067804E-15
2044.  1.069561E-15
2045.  1.071267E-15
2046.  1.072922E-15
2047.  1.074528E-15
2048.  1.076083E-15
2049.  1.077588E-15
2050.  1.079042E-15
2051.  1.080445E-15
2052.  1.081798E-15
2053.  1.083100E-15
2054.  1.084351E-15
2055.  1.085552E-15
2056.  1.086702E-15
2057.  1.087801E-15
2058.  1.088850E-15
2059.  1.089848E-15
2060.  1.090795E-15
2061.  1.091692E-15
2062.  1.092538E-15
2063.  1.093334E-15
2064.  1.094080E-15
2065.  1.094776E-15
2066.  1.095421E-15
2067.  1.096017E-15
2068.  1.096562E-15
2069.  1.097058E-15
2070.  1.097505E-15
2071.  1.097902E-15
2072.  1.098249E-15
2073.  1.098548E-15
2074.  1.098798E-15
2075.  1.098999E-15
2076.  1.099152E-15
2077.  1.099256E-15
2078.  1.099313E-15
2079.  1.099321E-15
2080.  1.099283E-15
2081.  1.099197E-15
2082.  1.099064E-15
2083.  1.098885E-15
2084.  1.098659E-15
2085.  1.098387E-15
2086.  1.098069E-15
2087.  1.097707E-15
2088.  1.097299E-15
2089.  1.096847E-15
2090.  1.096350E-15
2091.  1.095810E-15
2092.  1.095226E-15
2093.  1.094599E-15
2094.  1.093930E-15
2095.  1.093218E-15
2096.  1.092465E-15
2097.  1.091671E-15
2098.  1.090836E-15
2099.  1.089961E-15
2100.  1.089046E-15
2101.  1.088092E-15
2102.  1.087099E-15
2103.  1.086068E-15
2104.  1.085000E-15
2105.  1.083895E-15
2106.  1.082754E-15
2107.  1.081577E-15
2108.  1.080365E-15
2109.  1.079119E-15
2110.  1.077839E-15
2111.  1.076526E-15
2112.  1.075180E-15
2113.  1.073803E-15
2114.  1.072395E-15
2115.  1.070957E-15
2116.  1.069489E-15
2117.  1.067993E-15
2118.  1.066469E-15
2119.  1.064917E-15
2120.  1.063340E-15
2121.  1.061736E-15
2122.  1.060109E-15
2123.  1.058457E-15
2124.  1.056782E-15
2125.  1.055086E-15
2126.  1.053368E-15
2127.  1.051630E-15
2128.  1.049872E-15
2129.  1.048096E-15
2130.  1.046303E-15
2131.  1.044493E-15
2132.  1.042667E-15
2133.  1.040827E-15
2134.  1.038973E-15
2135.  1.037107E-15
2136.  1.035229E-15
2137.  1.033340E-15
2138.  1.031442E-15
2139.  1.029536E-15
2140.  1.027622E-15
2141.  1.025701E-15
2142.  1.023775E-15
2143.  1.021845E-15
2144.  1.019912E-15
2145.  1.017977E-15
2146.  1.016040E-15
2147.  1.014104E-15
2148.  1.012169E-15
2149.  1.010237E-15
2150.  1.008307E-15
2151.  1.006383E-15
2152.  1.004464E-15
2153.  1.002551E-15
2154.  1.000647E-15
2155.  9.987520E-16
2156.  9.968674E-16
2157.  9.949937E-16
2158.  9.931326E-16
2159.  9.912848E-16
2160.  9.894520E-16
2161.  9.876351E-16
2162.  9.858352E-16
2163.  9.840532E-16
2164.  9.822907E-16
2165.  9.805482E-16
2166.  9.788273E-16
2167.  9.771287E-16
2168.  9.754539E-16
2169.  9.738039E-16
2170.  9.721798E-16
2171.  9.705821E-16
2172.  9.690126E-16
2173.  9.674718E-16
2174.  9.659612E-16
2175.  9.644815E-16
2176.  9.630339E-16
2177.  9.616194E-16
2178.  9.602387E-16
2179.  9.588932E-16
2180.  9.575833E-16
2181.  9.563104E-16
2182.  9.550755E-16
2183.  9.538792E-16
2184.  9.527222E-16
2185.  9.516059E-16
2186.  9.505308E-16
2187.  9.494981E-16
2188.  9.485081E-16
2189.  9.475620E-16
2190.  9.466603E-16
2191.  9.458040E-16
2192.  9.449936E-16
2193.  9.442300E-16
2194.  9.435136E-16
2195.  9.428454E-16
2196.  9.422259E-16
2197.  9.416555E-16
2198.  9.411353E-16
2199.  9.406653E-16
2200.  9.402465E-16
2201.  9.398790E-16
2202.  9.395636E-16
2203.  9.393006E-16
2204.  9.390904E-16
2205.  9.389335E-16
2206.  9.388304E-16
2207.  9.387811E-16
2208.  9.387862E-16
2209.  9.388460E-16
2210.  9.389606E-16
2211.  9.391303E-16
2212.  9.393555E-16
2213.  9.396359E-16
2214.  9.399723E-16
2215.  9.403643E-16
2216.  9.408122E-16
2217.  9.413162E-16
2218.  9.418760E-16
2219.  9.424919E-16
2220.  9.431638E-16
2221.  9.438916E-16
2222.  9.446753E-16
2223.  9.455147E-16
2224.  9.464097E-16
2225.  9.473604E-16
2226.  9.483660E-16
2227.  9.494271E-16
2228.  9.505427E-16
2229.  9.517130E-16
2230.  9.529378E-16
2231.  9.542162E-16
2232.  9.555485E-16
2233.  9.569337E-16
2234.  9.583718E-16
2235.  9.598624E-16
2236.  9.614051E-16
2237.  9.629990E-16
2238.  9.646440E-16
2239.  9.663395E-16
2240.  9.680850E-16
2241.  9.698800E-16
2242.  9.717234E-16
2243.  9.736152E-16
2244.  9.755545E-16
2245.  9.775408E-16
2246.  9.795733E-16
2247.  9.816513E-16
2248.  9.837741E-16
2249.  9.859411E-16
2250.  9.881514E-16
2251.  9.904045E-16
2252.  9.926993E-16
2253.  9.950352E-16
2254.  9.974113E-16
2255.  9.998268E-16
2256.  1.002281E-15
2257.  1.004773E-15
2258.  1.007301E-15
2259.  1.009866E-15
2260.  1.012466E-15
2261.  1.015100E-15
2262.  1.017767E-15
2263.  1.020467E-15
2264.  1.023198E-15
2265.  1.025960E-15
2266.  1.028752E-15
2267.  1.031572E-15
2268.  1.034419E-15
2269.  1.037294E-15
2270.  1.040194E-15
2271.  1.043119E-15
2272.  1.046068E-15
2273.  1.049040E-15
2274.  1.052033E-15
2275.  1.055047E-15
2276.  1.058082E-15
2277.  1.061135E-15
2278.  1.064206E-15
2279.  1.067294E-15
2280.  1.070398E-15
2281.  1.073517E-15
2282.  1.076651E-15
2283.  1.079797E-15
2284.  1.082955E-15
2285.  1.086124E-15
2286.  1.089303E-15
2287.  1.092491E-15
2288.  1.095688E-15
2289.  1.098892E-15
2290.  1.102102E-15
2291.  1.105317E-15
2292.  1.108536E-15
2293.  1.111760E-15
2294.  1.114985E-15
2295.  1.118212E-15
2296.  1.121440E-15
2297.  1.124668E-15
2298.  1.127894E-15
2299.  1.131119E-15
2300.  1.134340E-15
2301.  1.137558E-15
2302.  1.140771E-15
2303.  1.143979E-15
2304.  1.147180E-15
2305.  1.150375E-15
2306.  1.153561E-15
2307.  1.156738E-15
2308.  1.159906E-15
2309.  1.163064E-15
2310.  1.166210E-15
2311.  1.169345E-15
2312.  1.172466E-15
2313.  1.175575E-15
2314.  1.178669E-15
2315.  1.181748E-15
2316.  1.184812E-15
2317.  1.187859E-15
2318.  1.190890E-15
2319.  1.193902E-15
2320.  1.196897E-15
2321.  1.199872E-15
2322.  1.202828E-15
2323.  1.205763E-15
2324.  1.208678E-15
2325.  1.211571E-15
2326.  1.214442E-15
2327.  1.217290E-15
2328.  1.220114E-15
2329.  1.222915E-15
2330.  1.225692E-15
2331.  1.228443E-15
2332.  1.231169E-15
2333.  1.233868E-15
2334.  1.236542E-15
2335.  1.239188E-15
2336.  1.241806E-15
2337.  1.244396E-15
2338.  1.246958E-15
2339.  1.249490E-15
2340.  1.251993E-15
2341.  1.254466E-15
2342.  1.256908E-15
2343.  1.259319E-15
2344.  1.261700E-15
2345.  1.264048E-15
2346.  1.266364E-15
2347.  1.268647E-15
2348.  1.270897E-15
2349.  1.273114E-15
2350.  1.275297E-15
2351.  1.277445E-15
2352.  1.279559E-15
2353.  1.281638E-15
2354.  1.283681E-15
2355.  1.285689E-15
2356.  1.287660E-15
2357.  1.289595E-15
2358.  1.291494E-15
2359.  1.293354E-15
2360.  1.295178E-15
2361.  1.296963E-15
2362.  1.298711E-15
2363.  1.300419E-15
2364.  1.302089E-15
2365.  1.303720E-15
2366.  1.305311E-15
2367.  1.306862E-15
2368.  1.308373E-15
2369.  1.309843E-15
2370.  1.311273E-15
2371.  1.312662E-15
2372.  1.314009E-15
2373.  1.315314E-15
2374.  1.316578E-15
2375.  1.317799E-15
2376.  1.318978E-15
2377.  1.320114E-15
2378.  1.321206E-15
2379.  1.322255E-15
2380.  1.323261E-15
2381.  1.324222E-15
2382.  1.325140E-15
2383.  1.326012E-15
2384.  1.326840E-15
2385.  1.327623E-15
2386.  1.328360E-15
2387.  1.329052E-15
2388.  1.329698E-15
2389.  1.330297E-15
2390.  1.330851E-15
2391.  1.331357E-15
2392.  1.331817E-15
2393.  1.332230E-15
2394.  1.332595E-15
2395.  1.332912E-15
2396.  1.333182E-15
2397.  1.333404E-15
2398.  1.333577E-15
2399.  1.333702E-15
2400.  1.333778E-15
2401.  1.333805E-15
2402.  1.333782E-15
2403.  1.333711E-15
2404.  1.333589E-15
2405.  1.333418E-15
2406.  1.333197E-15
2407.  1.332926E-15
2408.  1.332604E-15
2409.  1.332231E-15
2410.  1.331808E-15
2411.  1.331334E-15
2412.  1.330809E-15
2413.  1.330232E-15
2414.  1.329605E-15
2415.  1.328925E-15
2416.  1.328194E-15
2417.  1.327412E-15
2418.  1.326577E-15
2419.  1.325690E-15
2420.  1.324751E-15
2421.  1.323760E-15
2422.  1.322717E-15
2423.  1.321621E-15
2424.  1.320473E-15
2425.  1.319272E-15
2426.  1.318019E-15
2427.  1.316713E-15
2428.  1.315354E-15
2429.  1.313943E-15
2430.  1.312479E-15
2431.  1.310963E-15
2432.  1.309393E-15
2433.  1.307771E-15
2434.  1.306097E-15
2435.  1.304369E-15
2436.  1.302590E-15
2437.  1.300757E-15
2438.  1.298873E-15
2439.  1.296936E-15
2440.  1.294947E-15
2441.  1.292905E-15
2442.  1.290812E-15
2443.  1.288667E-15
2444.  1.286470E-15
2445.  1.284221E-15
2446.  1.281921E-15
2447.  1.279570E-15
2448.  1.277168E-15
2449.  1.274716E-15
2450.  1.272212E-15
2451.  1.269658E-15
2452.  1.267054E-15
2453.  1.264401E-15
2454.  1.261698E-15
2455.  1.258945E-15
2456.  1.256144E-15
2457.  1.253294E-15
2458.  1.250395E-15
2459.  1.247449E-15
2460.  1.244455E-15
2461.  1.241413E-15
2462.  1.238325E-15
2463.  1.235191E-15
2464.  1.232010E-15
2465.  1.228784E-15
2466.  1.225512E-15
2467.  1.222195E-15
2468.  1.218835E-15
2469.  1.215430E-15
2470.  1.211982E-15
2471.  1.208491E-15
2472.  1.204958E-15
2473.  1.201383E-15
2474.  1.197767E-15
2475.  1.194109E-15
2476.  1.190412E-15
2477.  1.186675E-15
2478.  1.182899E-15
2479.  1.179084E-15
2480.  1.175231E-15
2481.  1.171341E-15
2482.  1.167415E-15
2483.  1.163452E-15
2484.  1.159454E-15
2485.  1.155421E-15
2486.  1.151354E-15
2487.  1.147253E-15
2488.  1.143120E-15
2489.  1.138954E-15
2490.  1.134757E-15
2491.  1.130530E-15
2492.  1.126272E-15
2493.  1.121985E-15
2494.  1.117669E-15
2495.  1.113326E-15
2496.  1.108955E-15
2497.  1.104558E-15
2498.  1.100135E-15
2499.  1.095688E-15
2500.  1.091216E-15
2501.  1.086720E-15
2502.  1.082202E-15
2503.  1.077663E-15
2504.  1.073102E-15
2505.  1.068520E-15
2506.  1.063919E-15
2507.  1.059300E-15
2508.  1.054662E-15
2509.  1.050007E-15
2510.  1.045335E-15
2511.  1.040648E-15
2512.  1.035946E-15
2513.  1.031230E-15
2514.  1.026500E-15
2515.  1.021758E-15
2516.  1.017004E-15
2517.  1.012239E-15
2518.  1.007464E-15
2519.  1.002679E-15
2520.  9.978859E-16
2521.  9.930847E-16
2522.  9.882763E-16
2523.  9.834617E-16
2524.  9.786413E-16
2525.  9.738163E-16
2526.  9.689872E-16
2527.  9.641546E-16
2528.  9.593196E-16
2529.  9.544827E-16
2530.  9.496446E-16
2531.  9.448062E-16
2532.  9.399683E-16
2533.  9.351314E-16
2534.  9.302961E-16
2535.  9.254633E-16
2536.  9.206338E-16
2537.  9.158082E-16
2538.  9.109871E-16
2539.  9.061712E-16
2540.  9.013612E-16
2541.  8.965579E-16
2542.  8.917618E-16
2543.  8.869733E-16
2544.  8.821935E-16
2545.  8.774228E-16
2546.  8.726617E-16
2547.  8.679110E-16
2548.  8.631711E-16
2549.  8.584427E-16
2550.  8.537266E-16
2551.  8.490231E-16
2552.  8.443324E-16
2553.  8.396556E-16
2554.  8.349932E-16
2555.  8.303454E-16
2556.  8.257129E-16
2557.  8.210961E-16
2558.  8.164954E-16
2559.  8.119117E-16
2560.  8.073449E-16
2561.  8.027959E-16
2562.  7.982650E-16
2563.  7.937522E-16
2564.  7.892585E-16
2565.  7.847840E-16
2566.  7.803292E-16
2567.  7.758944E-16
2568.  7.714796E-16
2569.  7.670860E-16
2570.  7.627131E-16
2571.  7.583617E-16
2572.  7.540320E-16
2573.  7.497242E-16
2574.  7.454384E-16
2575.  7.411753E-16
2576.  7.369349E-16
2577.  7.327174E-16
2578.  7.285232E-16
2579.  7.243522E-16
2580.  7.202050E-16
2581.  7.160814E-16
2582.  7.119819E-16
2583.  7.079063E-16
2584.  7.038552E-16
2585.  6.998282E-16
2586.  6.958258E-16
2587.  6.918479E-16
2588.  6.878948E-16
2589.  6.839664E-16
2590.  6.800630E-16
2591.  6.761840E-16
2592.  6.723302E-16
2593.  6.685014E-16
2594.  6.646974E-16
2595.  6.609184E-16
2596.  6.571643E-16
2597.  6.534350E-16
2598.  6.497308E-16
2599.  6.460512E-16
2600.  6.423964E-16
2601.  6.387663E-16
2602.  6.351608E-16
2603.  6.315798E-16
2604.  6.280230E-16
2605.  6.244908E-16
2606.  6.209826E-16
2607.  6.174983E-16
2608.  6.140379E-16
2609.  6.106012E-16
2610.  6.071879E-16
2611.  6.037981E-16
2612.  6.004313E-16
2613.  5.970875E-16
2614.  5.937666E-16
2615.  5.904678E-16
2616.  5.871916E-16
2617.  5.839374E-16
2618.  5.807047E-16
2619.  5.774938E-16
2620.  5.743041E-16
2621.  5.711355E-16
2622.  5.679874E-16
2623.  5.648599E-16
2624.  5.617524E-16
2625.  5.586649E-16
2626.  5.555970E-16
2627.  5.525481E-16
2628.  5.495180E-16
2629.  5.465068E-16
2630.  5.435138E-16
2631.  5.405386E-16
2632.  5.375811E-16
2633.  5.346407E-16
2634.  5.317173E-16
2635.  5.288104E-16
2636.  5.259197E-16
2637.  5.230449E-16
2638.  5.201856E-16
2639.  5.173413E-16
2640.  5.145117E-16
2641.  5.116967E-16
2642.  5.088957E-16
2643.  5.061082E-16
2644.  5.033340E-16
2645.  5.005726E-16
2646.  4.978242E-16
2647.  4.950876E-16
2648.  4.923629E-16
2649.  4.896496E-16
2650.  4.869474E-16
2651.  4.842559E-16
2652.  4.815747E-16
2653.  4.789036E-16
2654.  4.762420E-16
2655.  4.735897E-16
2656.  4.709462E-16
2657.  4.683115E-16
2658.  4.656848E-16
2659.  4.630661E-16
2660.  4.604549E-16
2661.  4.578508E-16
2662.  4.552537E-16
2663.  4.526631E-16
2664.  4.500787E-16
2665.  4.475002E-16
2666.  4.449274E-16
2667.  4.423598E-16
2668.  4.397972E-16
2669.  4.372395E-16
2670.  4.346861E-16
2671.  4.321369E-16
2672.  4.295916E-16
2673.  4.270500E-16
2674.  4.245118E-16
2675.  4.219766E-16
2676.  4.194446E-16
2677.  4.169151E-16
2678.  4.143883E-16
2679.  4.118636E-16
2680.  4.093409E-16
2681.  4.068203E-16
2682.  4.043015E-16
2683.  4.017840E-16
2684.  3.992680E-16
2685.  3.967532E-16
2686.  3.942396E-16
2687.  3.917269E-16
2688.  3.892150E-16
2689.  3.867040E-16
2690.  3.841936E-16
2691.  3.816838E-16
2692.  3.791745E-16
2693.  3.766654E-16
2694.  3.741569E-16
2695.  3.716485E-16
2696.  3.691406E-16
2697.  3.666329E-16
2698.  3.641254E-16
2699.  3.616182E-16
2700.  3.591111E-16
2701.  3.566044E-16
2702.  3.540981E-16
2703.  3.515919E-16
2704.  3.490860E-16
2705.  3.465809E-16
2706.  3.440761E-16
2707.  3.415720E-16
2708.  3.390684E-16
2709.  3.365657E-16
2710.  3.340638E-16
2711.  3.315630E-16
2712.  3.290634E-16
2713.  3.265649E-16
2714.  3.240678E-16
2715.  3.215724E-16
2716.  3.190786E-16
2717.  3.165867E-16
2718.  3.140970E-16
2719.  3.116094E-16
2720.  3.091243E-16
2721.  3.066420E-16
2722.  3.041624E-16
2723.  3.016860E-16
2724.  2.992129E-16
2725.  2.967432E-16
2726.  2.942775E-16
2727.  2.918155E-16
2728.  2.893578E-16
2729.  2.869048E-16
2730.  2.844563E-16
2731.  2.820131E-16
2732.  2.795750E-16
2733.  2.771426E-16
2734.  2.747159E-16
2735.  2.722953E-16
2736.  2.698811E-16
2737.  2.674736E-16
2738.  2.650731E-16
2739.  2.626796E-16
2740.  2.602937E-16
2741.  2.579157E-16
2742.  2.555459E-16
2743.  2.531843E-16
2744.  2.508314E-16
2745.  2.484876E-16
2746.  2.461529E-16
2747.  2.438277E-16
2748.  2.415125E-16
2749.  2.392073E-16
2750.  2.369127E-16
2751.  2.346287E-16
2752.  2.323556E-16
2753.  2.300939E-16
2754.  2.278436E-16
2755.  2.256052E-16
2756.  2.233789E-16
2757.  2.211649E-16
2758.  2.189635E-16
2759.  2.167751E-16
2760.  2.145997E-16
2761.  2.124377E-16
2762.  2.102895E-16
2763.  2.081549E-16
2764.  2.060345E-16
2765.  2.039284E-16
2766.  2.018369E-16
2767.  1.997601E-16
2768.  1.976983E-16
2769.  1.956518E-16
2770.  1.936205E-16
2771.  1.916048E-16
2772.  1.896049E-16
2773.  1.876208E-16
2774.  1.856529E-16
2775.  1.837013E-16
2776.  1.817659E-16
2777.  1.798471E-16
2778.  1.779450E-16
2779.  1.760598E-16
2780.  1.741912E-16
2781.  1.723399E-16
2782.  1.705057E-16
2783.  1.686886E-16
2784.  1.668890E-16
2785.  1.651068E-16
2786.  1.633419E-16
2787.  1.615945E-16
2788.  1.598648E-16
2789.  1.581526E-16
2790.  1.564580E-16
2791.  1.547812E-16
2792.  1.531219E-16
2793.  1.514804E-16
2794.  1.498567E-16
2795.  1.482505E-16
2796.  1.466620E-16
2797.  1.450911E-16
2798.  1.435379E-16
2799.  1.420022E-16
2800.  1.404840E-16
2801.  1.389833E-16
2802.  1.374999E-16
2803.  1.360338E-16
2804.  1.345851E-16
2805.  1.331532E-16
2806.  1.317387E-16
2807.  1.303410E-16
2808.  1.289600E-16
2809.  1.275959E-16
2810.  1.262483E-16
2811.  1.249171E-16
2812.  1.236022E-16
2813.  1.223035E-16
2814.  1.210209E-16
2815.  1.197541E-16
2816.  1.185029E-16
2817.  1.172674E-16
2818.  1.160474E-16
2819.  1.148424E-16
2820.  1.136524E-16
2821.  1.124773E-16
2822.  1.113168E-16
2823.  1.101708E-16
2824.  1.090391E-16
2825.  1.079214E-16
2826.  1.068176E-16
2827.  1.057274E-16
2828.  1.046507E-16
2829.  1.035872E-16
2830.  1.025368E-16
2831.  1.014991E-16
2832.  1.004740E-16
2833.  9.946137E-17
2834.  9.846092E-17
2835.  9.747229E-17
2836.  9.649550E-17
2837.  9.553002E-17
2838.  9.457603E-17
2839.  9.363297E-17
2840.  9.270075E-17
2841.  9.177922E-17
2842.  9.086802E-17
2843.  8.996688E-17
2844.  8.907586E-17
2845.  8.819454E-17
2846.  8.732274E-17
2847.  8.646014E-17
2848.  8.560675E-17
2849.  8.476228E-17
2850.  8.392637E-17
2851.  8.309900E-17
2852.  8.227984E-17
2853.  8.146872E-17
2854.  8.066556E-17
2855.  7.987005E-17
2856.  7.908191E-17
2857.  7.830118E-17
2858.  7.752744E-17
2859.  7.676080E-17
2860.  7.600070E-17
2861.  7.524731E-17
2862.  7.450043E-17
2863.  7.375958E-17
2864.  7.302483E-17
2865.  7.229609E-17
2866.  7.157319E-17
2867.  7.085574E-17
2868.  7.014374E-17
2869.  6.943716E-17
2870.  6.873589E-17
2871.  6.803956E-17
2872.  6.734817E-17
2873.  6.666170E-17
2874.  6.597983E-17
2875.  6.530271E-17
2876.  6.462991E-17
2877.  6.396164E-17
2878.  6.329769E-17
2879.  6.263783E-17
2880.  6.198214E-17
2881.  6.133060E-17
2882.  6.068306E-17
2883.  6.003924E-17
2884.  5.939933E-17
2885.  5.876324E-17
2886.  5.813085E-17
2887.  5.750214E-17
2888.  5.687699E-17
2889.  5.625549E-17
2890.  5.563750E-17
2891.  5.502303E-17
2892.  5.441205E-17
2893.  5.380454E-17
2894.  5.320048E-17
2895.  5.259984E-17
2896.  5.200253E-17
2897.  5.140881E-17
2898.  5.081840E-17
2899.  5.023140E-17
2900.  4.964774E-17
2901.  4.906761E-17
2902.  4.849106E-17
2903.  4.791769E-17
2904.  4.734800E-17
2905.  4.678178E-17
2906.  4.621902E-17
2907.  4.565984E-17
2908.  4.510416E-17
2909.  4.455227E-17
2910.  4.400391E-17
2911.  4.345937E-17
2912.  4.291852E-17
2913.  4.238156E-17
2914.  4.184841E-17
2915.  4.131914E-17
2916.  4.079386E-17
2917.  4.027251E-17
2918.  3.975530E-17
2919.  3.924211E-17
2920.  3.873308E-17
2921.  3.822849E-17
2922.  3.772810E-17
2923.  3.723204E-17
2924.  3.674053E-17
2925.  3.625344E-17
2926.  3.577094E-17
2927.  3.529307E-17
2928.  3.481994E-17
2929.  3.435163E-17
2930.  3.388817E-17
2931.  3.342953E-17
2932.  3.297601E-17
2933.  3.252753E-17
2934.  3.208414E-17
2935.  3.164593E-17
2936.  3.121299E-17
2937.  3.078546E-17
2938.  3.036330E-17
2939.  2.994668E-17
2940.  2.953549E-17
2941.  2.913003E-17
2942.  2.873021E-17
2943.  2.833617E-17
2944.  2.794791E-17
2945.  2.756568E-17
2946.  2.718936E-17
2947.  2.681889E-17
2948.  2.645462E-17
2949.  2.609638E-17
2950.  2.574443E-17
2951.  2.539876E-17
2952.  2.505933E-17
2953.  2.472636E-17
2954.  2.439974E-17
2955.  2.407960E-17
2956.  2.376595E-17
2957.  2.345890E-17
2958.  2.315845E-17
2959.  2.286468E-17
2960.  2.257752E-17
2961.  2.229731E-17
2962.  2.202375E-17
2963.  2.175706E-17
2964.  2.149716E-17
2965.  2.124426E-17
2966.  2.099825E-17
2967.  2.075918E-17
2968.  2.052706E-17
2969.  2.030204E-17
2970.  2.008399E-17
2971.  1.987303E-17
2972.  1.966911E-17
2973.  1.947236E-17
2974.  1.928270E-17
2975.  1.910019E-17
2976.  1.892482E-17
2977.  1.875665E-17
2978.  1.859571E-17
2979.  1.844183E-17
2980.  1.829518E-17
2981.  1.815565E-17
2982.  1.802347E-17
2983.  1.789839E-17
2984.  1.778041E-17
2985.  1.766974E-17
2986.  1.756615E-17
2987.  1.746985E-17
2988.  1.738064E-17
2989.  1.729866E-17
2990.  1.722382E-17
2991.  1.715603E-17
2992.  1.709539E-17
2993.  1.704184E-17
2994.  1.699545E-17
2995.  1.695598E-17
2996.  1.692367E-17
2997.  1.689831E-17
2998.  1.688005E-17
2999.  1.686864E-17
3000.  1.686423E-17
3001.  1.686672E-17
3002.  1.687601E-17
3003.  1.689225E-17
3004.  1.691526E-17
3005.  1.694502E-17
3006.  1.698158E-17
3007.  1.702485E-17
3008.  1.707480E-17
3009.  1.713140E-17
3010.  1.719462E-17
3011.  1.726425E-17
3012.  1.734053E-17
3013.  1.742326E-17
3014.  1.751237E-17
3015.  1.760794E-17
3016.  1.770979E-17
3017.  1.781794E-17
3018.  1.793238E-17
3019.  1.805300E-17
3020.  1.817978E-17
3021.  1.831259E-17
3022.  1.845147E-17
3023.  1.859644E-17
3024.  1.874726E-17
3025.  1.890407E-17
3026.  1.906659E-17
3027.  1.923496E-17
3028.  1.940908E-17
3029.  1.958881E-17
3030.  1.977432E-17
3031.  1.996529E-17
3032.  2.016179E-17
3033.  2.036375E-17
3034.  2.057103E-17
3035.  2.078376E-17
3036.  2.100159E-17
3037.  2.122487E-17
3038.  2.145311E-17
3039.  2.168654E-17
3040.  2.192502E-17
3041.  2.216854E-17
3042.  2.241693E-17
3043.  2.267013E-17
3044.  2.292817E-17
3045.  2.319087E-17
3046.  2.345826E-17
3047.  2.373029E-17
3048.  2.400679E-17
3049.  2.428789E-17
3050.  2.457338E-17
3051.  2.486313E-17
3052.  2.515721E-17
3053.  2.545548E-17
3054.  2.575800E-17
3055.  2.606456E-17
3056.  2.637513E-17
3057.  2.668962E-17
3058.  2.700809E-17
3059.  2.733031E-17
3060.  2.765639E-17
3061.  2.798605E-17
3062.  2.831942E-17
3063.  2.865640E-17
3064.  2.899666E-17
3065.  2.934059E-17
3066.  2.968776E-17
3067.  3.003816E-17
3068.  3.039182E-17
3069.  3.074871E-17
3070.  3.110853E-17
3071.  3.147168E-17
3072.  3.183742E-17
3073.  3.220634E-17
3074.  3.257804E-17
3075.  3.295238E-17
3076.  3.332939E-17
3077.  3.370897E-17
3078.  3.409120E-17
3079.  3.447594E-17
3080.  3.486304E-17
3081.  3.525255E-17
3082.  3.564430E-17
3083.  3.603824E-17
3084.  3.643435E-17
3085.  3.683253E-17
3086.  3.723281E-17
3087.  3.763494E-17
3088.  3.803903E-17
3089.  3.844490E-17
3090.  3.885267E-17
3091.  3.926199E-17
3092.  3.967302E-17
3093.  4.008558E-17
3094.  4.049972E-17
3095.  4.091522E-17
3096.  4.133221E-17
3097.  4.175049E-17
3098.  4.217012E-17
3099.  4.259079E-17
3100.  4.301280E-17
3101.  4.343581E-17
3102.  4.385995E-17
3103.  4.428509E-17
3104.  4.471113E-17
3105.  4.513811E-17
3106.  4.556585E-17
3107.  4.599452E-17
3108.  4.642387E-17
3109.  4.685385E-17
3110.  4.728459E-17
3111.  4.771591E-17
3112.  4.814773E-17
3113.  4.858021E-17
3114.  4.901310E-17
3115.  4.944651E-17
3116.  4.988030E-17
3117.  5.031454E-17
3118.  5.074909E-17
3119.  5.118396E-17
3120.  5.161913E-17
3121.  5.205454E-17
3122.  5.249025E-17
3123.  5.292607E-17
3124.  5.336214E-17
3125.  5.379841E-17
3126.  5.423493E-17
3127.  5.467144E-17
3128.  5.510815E-17
3129.  5.554507E-17
3130.  5.598204E-17
3131.  5.641922E-17
3132.  5.685636E-17
3133.  5.729373E-17
3134.  5.773113E-17
3135.  5.816874E-17
3136.  5.860649E-17
3137.  5.904437E-17
3138.  5.948249E-17
3139.  5.992058E-17
3140.  6.035903E-17
3141.  6.079770E-17
3142.  6.123659E-17
3143.  6.167571E-17
3144.  6.211516E-17
3145.  6.255500E-17
3146.  6.299515E-17
3147.  6.343563E-17
3148.  6.387671E-17
3149.  6.431826E-17
3150.  6.476022E-17
3151.  6.520297E-17
3152.  6.564624E-17
3153.  6.609031E-17
3154.  6.653510E-17
3155.  6.698065E-17
3156.  6.742718E-17
3157.  6.787466E-17
3158.  6.832323E-17
3159.  6.877289E-17
3160.  6.922366E-17
3161.  6.967583E-17
3162.  7.012922E-17
3163.  7.058412E-17
3164.  7.104051E-17
3165.  7.149859E-17
3166.  7.195836E-17
3167.  7.241994E-17
3168.  7.288345E-17
3169.  7.334901E-17
3170.  7.381664E-17
3171.  7.428658E-17
3172.  7.475881E-17
3173.  7.523343E-17
3174.  7.571067E-17
3175.  7.619064E-17
3176.  7.667336E-17
3177.  7.715905E-17
3178.  7.764787E-17
3179.  7.813973E-17
3180.  7.863501E-17
3181.  7.913375E-17
3182.  7.963596E-17
3183.  8.014204E-17
3184.  8.065180E-17
3185.  8.116560E-17
3186.  8.168359E-17
3187.  8.220566E-17
3188.  8.273239E-17
3189.  8.326353E-17
3190.  8.379942E-17
3191.  8.434013E-17
3192.  8.488575E-17
3193.  8.543660E-17
3194.  8.599272E-17
3195.  8.655421E-17
3196.  8.712134E-17
3197.  8.769414E-17
3198.  8.827289E-17
3199.  8.885767E-17
3200.  8.944858E-17
3201.  9.004589E-17
3202.  9.064968E-17
3203.  9.126006E-17
3204.  9.187721E-17
3205.  9.250125E-17
3206.  9.313248E-17
3207.  9.377084E-17
3208.  9.441665E-17
3209.  9.507001E-17
3210.  9.573100E-17
3211.  9.639985E-17
3212.  9.707657E-17
3213.  9.776137E-17
3214.  9.845445E-17
3215.  9.915599E-17
3216.  9.986593E-17
3217.  1.005847E-16
3218.  1.013121E-16
3219.  1.020485E-16
3220.  1.027939E-16
3221.  1.035484E-16
3222.  1.043123E-16
3223.  1.050857E-16
3224.  1.058686E-16
3225.  1.066611E-16
3226.  1.074634E-16
3227.  1.082756E-16
3228.  1.090978E-16
3229.  1.099301E-16
3230.  1.107726E-16
3231.  1.116255E-16
3232.  1.124887E-16
3233.  1.133624E-16
3234.  1.142468E-16
3235.  1.151418E-16
3236.  1.160476E-16
3237.  1.169642E-16
3238.  1.178918E-16
3239.  1.188303E-16
3240.  1.197799E-16
3241.  1.207406E-16
3242.  1.217124E-16
3243.  1.226957E-16
3244.  1.236901E-16
3245.  1.246959E-16
3246.  1.257131E-16
3247.  1.267417E-16
3248.  1.277817E-16
3249.  1.288332E-16
3250.  1.298964E-16
3251.  1.309710E-16
3252.  1.320571E-16
3253.  1.331548E-16
3254.  1.342643E-16
3255.  1.353851E-16
3256.  1.365176E-16
3257.  1.376617E-16
3258.  1.388173E-16
3259.  1.399845E-16
3260.  1.411632E-16
3261.  1.423535E-16
3262.  1.435552E-16
3263.  1.447684E-16
3264.  1.459930E-16
3265.  1.472290E-16
3266.  1.484763E-16
3267.  1.497349E-16
3268.  1.510048E-16
3269.  1.522857E-16
3270.  1.535777E-16
3271.  1.548809E-16
3272.  1.561948E-16
3273.  1.575198E-16
3274.  1.588554E-16
3275.  1.602018E-16
3276.  1.615588E-16
3277.  1.629263E-16
3278.  1.643041E-16
3279.  1.656922E-16
3280.  1.670906E-16
3281.  1.684991E-16
3282.  1.699174E-16
3283.  1.713456E-16
3284.  1.727834E-16
3285.  1.742308E-16
3286.  1.756877E-16
3287.  1.771539E-16
3288.  1.786291E-16
3289.  1.801133E-16
3290.  1.816063E-16
3291.  1.831081E-16
3292.  1.846183E-16
3293.  1.861368E-16
3294.  1.876634E-16
3295.  1.891981E-16
3296.  1.907406E-16
3297.  1.922907E-16
3298.  1.938482E-16
3299.  1.954130E-16
3300.  1.969848E-16
3301.  1.985634E-16
3302.  2.001486E-16
3303.  2.017403E-16
3304.  2.033381E-16
3305.  2.049420E-16
3306.  2.065518E-16
3307.  2.081670E-16
3308.  2.097875E-16
3309.  2.114131E-16
3310.  2.130437E-16
3311.  2.146789E-16
3312.  2.163184E-16
3313.  2.179621E-16
3314.  2.196097E-16
3315.  2.212609E-16
3316.  2.229156E-16
3317.  2.245733E-16
3318.  2.262340E-16
3319.  2.278973E-16
3320.  2.295628E-16
3321.  2.312305E-16
3322.  2.329000E-16
3323.  2.345710E-16
3324.  2.362432E-16
3325.  2.379165E-16
3326.  2.395903E-16
3327.  2.412647E-16
3328.  2.429390E-16
3329.  2.446132E-16
3330.  2.462870E-16
3331.  2.479599E-16
3332.  2.496318E-16
3333.  2.513021E-16
3334.  2.529708E-16
3335.  2.546376E-16
3336.  2.563019E-16
3337.  2.579638E-16
3338.  2.596225E-16
3339.  2.612782E-16
3340.  2.629301E-16
3341.  2.645781E-16
3342.  2.662220E-16
3343.  2.678611E-16
3344.  2.694956E-16
3345.  2.711247E-16
3346.  2.727483E-16
3347.  2.743660E-16
3348.  2.759774E-16
3349.  2.775824E-16
3350.  2.791803E-16
3351.  2.807711E-16
3352.  2.823543E-16
3353.  2.839295E-16
3354.  2.854965E-16
3355.  2.870548E-16
3356.  2.886042E-16
3357.  2.901443E-16
3358.  2.916748E-16
3359.  2.931952E-16
3360.  2.947052E-16
3361.  2.962047E-16
3362.  2.976930E-16
3363.  2.991699E-16
3364.  3.006351E-16
3365.  3.020881E-16
3366.  3.035287E-16
3367.  3.049566E-16
3368.  3.063713E-16
3369.  3.077724E-16
3370.  3.091598E-16
3371.  3.105329E-16
3372.  3.118916E-16
3373.  3.132353E-16
3374.  3.145638E-16
3375.  3.158767E-16
3376.  3.171738E-16
3377.  3.184545E-16
3378.  3.197188E-16
3379.  3.209660E-16
3380.  3.221959E-16
3381.  3.234085E-16
3382.  3.246029E-16
3383.  3.257791E-16
3384.  3.269369E-16
3385.  3.280757E-16
3386.  3.291952E-16
3387.  3.302953E-16
3388.  3.313755E-16
3389.  3.324357E-16
3390.  3.334753E-16
3391.  3.344941E-16
3392.  3.354920E-16
3393.  3.364685E-16
3394.  3.374234E-16
3395.  3.383563E-16
3396.  3.392671E-16
3397.  3.401554E-16
3398.  3.410210E-16
3399.  3.418636E-16
3400.  3.426829E-16
3401.  3.434786E-16
3402.  3.442507E-16
3403.  3.449987E-16
3404.  3.457225E-16
3405.  3.464218E-16
3406.  3.470964E-16
3407.  3.477462E-16
3408.  3.483707E-16
3409.  3.489700E-16
3410.  3.495438E-16
3411.  3.500917E-16
3412.  3.506138E-16
3413.  3.511098E-16
3414.  3.515797E-16
3415.  3.520229E-16
3416.  3.524397E-16
3417.  3.528298E-16
3418.  3.531931E-16
3419.  3.535293E-16
3420.  3.538384E-16
3421.  3.541203E-16
3422.  3.543748E-16
3423.  3.546019E-16
3424.  3.548016E-16
3425.  3.549736E-16
3426.  3.551180E-16
3427.  3.552345E-16
3428.  3.553234E-16
3429.  3.553843E-16
3430.  3.554174E-16
3431.  3.554225E-16
3432.  3.553997E-16
3433.  3.553491E-16
3434.  3.552704E-16
3435.  3.551638E-16
3436.  3.550294E-16
3437.  3.548668E-16
3438.  3.546766E-16
3439.  3.544586E-16
3440.  3.542126E-16
3441.  3.539390E-16
3442.  3.536378E-16
3443.  3.533090E-16
3444.  3.529527E-16
3445.  3.525691E-16
3446.  3.521581E-16
3447.  3.517201E-16
3448.  3.512549E-16
3449.  3.507629E-16
3450.  3.502442E-16
3451.  3.496987E-16
3452.  3.491268E-16
3453.  3.485288E-16
3454.  3.479045E-16
3455.  3.472542E-16
3456.  3.465783E-16
3457.  3.458769E-16
3458.  3.451501E-16
3459.  3.443981E-16
3460.  3.436213E-16
3461.  3.428196E-16
3462.  3.419937E-16
3463.  3.411436E-16
3464.  3.402695E-16
3465.  3.393717E-16
3466.  3.384505E-16
3467.  3.375063E-16
3468.  3.365391E-16
3469.  3.355493E-16
3470.  3.345373E-16
3471.  3.335032E-16
3472.  3.324474E-16
3473.  3.313704E-16
3474.  3.302722E-16
3475.  3.291534E-16
3476.  3.280139E-16
3477.  3.268546E-16
3478.  3.256752E-16
3479.  3.244767E-16
3480.  3.232589E-16
3481.  3.220225E-16
3482.  3.207676E-16
3483.  3.194947E-16
3484.  3.182041E-16
3485.  3.168963E-16
3486.  3.155714E-16
3487.  3.142301E-16
3488.  3.128722E-16
3489.  3.114989E-16
3490.  3.101099E-16
3491.  3.087059E-16
3492.  3.072870E-16
3493.  3.058538E-16
3494.  3.044068E-16
3495.  3.029459E-16
3496.  3.014718E-16
3497.  2.999852E-16
3498.  2.984858E-16
3499.  2.969745E-16
3500.  2.954514E-16
3501.  2.939172E-16
3502.  2.923718E-16
3503.  2.908161E-16
3504.  2.892499E-16
3505.  2.876741E-16
3506.  2.860889E-16
3507.  2.844946E-16
3508.  2.828916E-16
3509.  2.812803E-16
3510.  2.796612E-16
3511.  2.780343E-16
3512.  2.764002E-16
3513.  2.747594E-16
3514.  2.731120E-16
3515.  2.714587E-16
3516.  2.697994E-16
3517.  2.681346E-16
3518.  2.664649E-16
3519.  2.647904E-16
3520.  2.631115E-16
3521.  2.614285E-16
3522.  2.597418E-16
3523.  2.580516E-16
3524.  2.563584E-16
3525.  2.546624E-16
3526.  2.529639E-16
3527.  2.512633E-16
3528.  2.495608E-16
3529.  2.478567E-16
3530.  2.461516E-16
3531.  2.444455E-16
3532.  2.427385E-16
3533.  2.410314E-16
3534.  2.393239E-16
3535.  2.376168E-16
3536.  2.359100E-16
3537.  2.342039E-16
3538.  2.324987E-16
3539.  2.307946E-16
3540.  2.290922E-16
3541.  2.273911E-16
3542.  2.256924E-16
3543.  2.239955E-16
3544.  2.223010E-16
3545.  2.206092E-16
3546.  2.189200E-16
3547.  2.172339E-16
3548.  2.155509E-16
3549.  2.138715E-16
3550.  2.121956E-16
3551.  2.105232E-16
3552.  2.088550E-16
3553.  2.071910E-16
3554.  2.055311E-16
3555.  2.038757E-16
3556.  2.022250E-16
3557.  2.005789E-16
3558.  1.989378E-16
3559.  1.973018E-16
3560.  1.956710E-16
3561.  1.940455E-16
3562.  1.924255E-16
3563.  1.908110E-16
3564.  1.892022E-16
3565.  1.875994E-16
3566.  1.860024E-16
3567.  1.844115E-16
3568.  1.828268E-16
3569.  1.812483E-16
3570.  1.796761E-16
3571.  1.781103E-16
3572.  1.765510E-16
3573.  1.749984E-16
3574.  1.734525E-16
3575.  1.719134E-16
3576.  1.703810E-16
3577.  1.688556E-16
3578.  1.673371E-16
3579.  1.658257E-16
3580.  1.643213E-16
3581.  1.628242E-16
3582.  1.613341E-16
3583.  1.598513E-16
3584.  1.583759E-16
3585.  1.569079E-16
3586.  1.554472E-16
3587.  1.539939E-16
3588.  1.525481E-16
3589.  1.511097E-16
3590.  1.496792E-16
3591.  1.482559E-16
3592.  1.468403E-16
3593.  1.454325E-16
3594.  1.440322E-16
3595.  1.426397E-16
3596.  1.412550E-16
3597.  1.398779E-16
3598.  1.385086E-16
3599.  1.371472E-16
3600.  1.357935E-16
3601.  1.344476E-16
3602.  1.331097E-16
3603.  1.317795E-16
3604.  1.304574E-16
3605.  1.291429E-16
3606.  1.278366E-16
3607.  1.265381E-16
3608.  1.252476E-16
3609.  1.239650E-16
3610.  1.226906E-16
3611.  1.214240E-16
3612.  1.201654E-16
3613.  1.189149E-16
3614.  1.176725E-16
3615.  1.164381E-16
3616.  1.152116E-16
3617.  1.139935E-16
3618.  1.127833E-16
3619.  1.115813E-16
3620.  1.103874E-16
3621.  1.092015E-16
3622.  1.080239E-16
3623.  1.068544E-16
3624.  1.056931E-16
3625.  1.045400E-16
3626.  1.033952E-16
3627.  1.022585E-16
3628.  1.011301E-16
3629.  1.000100E-16
3630.  9.889818E-17
3631.  9.779448E-17
3632.  9.669932E-17
3633.  9.561237E-17
3634.  9.453381E-17
3635.  9.346347E-17
3636.  9.240161E-17
3637.  9.134810E-17
3638.  9.030319E-17
3639.  8.926638E-17
3640.  8.823817E-17
3641.  8.721848E-17
3642.  8.620706E-17
3643.  8.520437E-17
3644.  8.421000E-17
3645.  8.322415E-17
3646.  8.224696E-17
3647.  8.127816E-17
3648.  8.031810E-17
3649.  7.936659E-17
3650.  7.842366E-17
3651.  7.748928E-17
3652.  7.656345E-17
3653.  7.564642E-17
3654.  7.473804E-17
3655.  7.383824E-17
3656.  7.294711E-17
3657.  7.206477E-17
3658.  7.119103E-17
3659.  7.032590E-17
3660.  6.946954E-17
3661.  6.862200E-17
3662.  6.778304E-17
3663.  6.695290E-17
3664.  6.613145E-17
3665.  6.531883E-17
3666.  6.451474E-17
3667.  6.371939E-17
3668.  6.293290E-17
3669.  6.215503E-17
3670.  6.138605E-17
3671.  6.062569E-17
3672.  5.987395E-17
3673.  5.913103E-17
3674.  5.839677E-17
3675.  5.767114E-17
3676.  5.695407E-17
3677.  5.624591E-17
3678.  5.554618E-17
3679.  5.485510E-17
3680.  5.417272E-17
3681.  5.349882E-17
3682.  5.283355E-17
3683.  5.217674E-17
3684.  5.152846E-17
3685.  5.088844E-17
3686.  5.025709E-17
3687.  4.963407E-17
3688.  4.901936E-17
3689.  4.841301E-17
3690.  4.781500E-17
3691.  4.722518E-17
3692.  4.664350E-17
3693.  4.607014E-17
3694.  4.550478E-17
3695.  4.494754E-17
3696.  4.439824E-17
3697.  4.385696E-17
3698.  4.332361E-17
3699.  4.279802E-17
3700.  4.228033E-17
3701.  4.177035E-17
3702.  4.126804E-17
3703.  4.077334E-17
3704.  4.028600E-17
3705.  3.980647E-17
3706.  3.933411E-17
3707.  3.886914E-17
3708.  3.841137E-17
3709.  3.796094E-17
3710.  3.751743E-17
3711.  3.708112E-17
3712.  3.665165E-17
3713.  3.622919E-17
3714.  3.581342E-17
3715.  3.540441E-17
3716.  3.500204E-17
3717.  3.460601E-17
3718.  3.421677E-17
3719.  3.383367E-17
3720.  3.345686E-17
3721.  3.308631E-17
3722.  3.272188E-17
3723.  3.236347E-17
3724.  3.201087E-17
3725.  3.166418E-17
3726.  3.132314E-17
3727.  3.098775E-17
3728.  3.065787E-17
3729.  3.033352E-17
3730.  3.001448E-17
3731.  2.970064E-17
3732.  2.939190E-17
3733.  2.908822E-17
3734.  2.878954E-17
3735.  2.849572E-17
3736.  2.820664E-17
3737.  2.792224E-17
3738.  2.764232E-17
3739.  2.736680E-17
3740.  2.709576E-17
3741.  2.682893E-17
3742.  2.656627E-17
3743.  2.630764E-17
3744.  2.605290E-17
3745.  2.580215E-17
3746.  2.555515E-17
3747.  2.531175E-17
3748.  2.507200E-17
3749.  2.483552E-17
3750.  2.460268E-17
3751.  2.437301E-17
3752.  2.414643E-17
3753.  2.392313E-17
3754.  2.370277E-17
3755.  2.348535E-17
3756.  2.327069E-17
3757.  2.305882E-17
3758.  2.284963E-17
3759.  2.264298E-17
3760.  2.243880E-17
3761.  2.223703E-17
3762.  2.203759E-17
3763.  2.184033E-17
3764.  2.164516E-17
3765.  2.145217E-17
3766.  2.126126E-17
3767.  2.107220E-17
3768.  2.088481E-17
3769.  2.069949E-17
3770.  2.051565E-17
3771.  2.033352E-17
3772.  2.015287E-17
3773.  1.997381E-17
3774.  1.979618E-17
3775.  1.961981E-17
3776.  1.944489E-17
3777.  1.927105E-17
3778.  1.909851E-17
3779.  1.892701E-17
3780.  1.875665E-17
3781.  1.858725E-17
3782.  1.841874E-17
3783.  1.825131E-17
3784.  1.808454E-17
3785.  1.791877E-17
3786.  1.775366E-17
3787.  1.758929E-17
3788.  1.742557E-17
3789.  1.726248E-17
3790.  1.709997E-17
3791.  1.693805E-17
3792.  1.677658E-17
3793.  1.661575E-17
3794.  1.645519E-17
3795.  1.629506E-17
3796.  1.613541E-17
3797.  1.597593E-17
3798.  1.581702E-17
3799.  1.565827E-17
3800.  1.549975E-17
3801.  1.534154E-17
3802.  1.518351E-17
3803.  1.502573E-17
3804.  1.486803E-17
3805.  1.471062E-17
3806.  1.455320E-17
3807.  1.439600E-17
3808.  1.423892E-17
3809.  1.408204E-17
3810.  1.392508E-17
3811.  1.376814E-17
3812.  1.361139E-17
3813.  1.345458E-17
3814.  1.329788E-17
3815.  1.314124E-17
3816.  1.298440E-17
3817.  1.282779E-17
3818.  1.267112E-17
3819.  1.251449E-17
3820.  1.235775E-17
3821.  1.220106E-17
3822.  1.204443E-17
3823.  1.188771E-17
3824.  1.173090E-17
3825.  1.157420E-17
3826.  1.141741E-17
3827.  1.126060E-17
3828.  1.110383E-17
3829.  1.094690E-17
3830.  1.079009E-17
3831.  1.063323E-17
3832.  1.047625E-17
3833.  1.031939E-17
3834.  1.016247E-17
3835.  1.000543E-17
3836.  9.848455E-18
3837.  9.691493E-18
3838.  9.534517E-18
3839.  9.377557E-18
3840.  9.220451E-18
3841.  9.063516E-18
3842.  8.906593E-18
3843.  8.749630E-18
3844.  8.592630E-18
3845.  8.435589E-18
3846.  8.278713E-18
3847.  8.121794E-18
3848.  7.964874E-18
3849.  7.808116E-18
3850.  7.651197E-18
3851.  7.494461E-18
3852.  7.337639E-18
3853.  7.180963E-18
3854.  7.024330E-18
3855.  6.867677E-18
3856.  6.711095E-18
3857.  6.554567E-18
3858.  6.398200E-18
3859.  6.241758E-18
3860.  6.085442E-18
3861.  5.929073E-18
3862.  5.772934E-18
3863.  5.616815E-18
3864.  5.460639E-18
3865.  5.304748E-18
3866.  5.148816E-18
3867.  4.992968E-18
3868.  4.837191E-18
3869.  4.681567E-18
3870.  4.525987E-18
3871.  4.370416E-18
3872.  4.214993E-18
3873.  4.059694E-18
3874.  3.904491E-18
3875.  3.749348E-18
3876.  3.594317E-18
3877.  3.439339E-18
3878.  3.284494E-18
3879.  3.129808E-18
3880.  2.975142E-18
3881.  2.820677E-18
3882.  2.666285E-18
3883.  2.512054E-18
3884.  2.357842E-18
3885.  2.203751E-18
3886.  2.049993E-18
3887.  1.896257E-18
3888.  1.742626E-18
3889.  1.589185E-18
3890.  1.435952E-18
3891.  1.282744E-18
3892.  1.129780E-18
3893.  9.769697E-19
3894.  8.244803E-19
3895.  6.721013E-19
3896.  5.198075E-19
3897.  3.679217E-19
3898.  2.161342E-19
3899.  6.466592E-20
3900.  -8.665019E-20
3901.  -2.375760E-19
3902.  -3.883088E-19
3903.  -5.387748E-19
3904.  -6.888658E-19
3905.  -8.385963E-19
3906.  -9.879278E-19
3907.  -1.137101E-18
3908.  -1.285754E-18
3909.  -1.434030E-18
3910.  -1.581928E-18
3911.  -1.729256E-18
3912.  -1.876193E-18
3913.  -2.022617E-18
3914.  -2.168537E-18
3915.  -2.313869E-18
3916.  -2.458596E-18
3917.  -2.602792E-18
3918.  -2.746305E-18
3919.  -2.889107E-18
3920.  -3.031250E-18
3921.  -3.172555E-18
3922.  -3.313192E-18
3923.  -3.453021E-18
3924.  -3.591909E-18
3925.  -3.729925E-18
3926.  -3.866961E-18
3927.  -4.003147E-18
3928.  -4.138202E-18
3929.  -4.272148E-18
3930.  -4.405011E-18
3931.  -4.536751E-18
3932.  -4.667340E-18
3933.  -4.796445E-18
3934.  -4.924406E-18
3935.  -5.050912E-18
3936.  -5.175978E-18
3937.  -5.299501E-18
3938.  -5.421492E-18
3939.  -5.541964E-18
3940.  -5.660757E-18
3941.  -5.777758E-18
3942.  -5.892956E-18
3943.  -6.006304E-18
3944.  -6.117881E-18
3945.  -6.227227E-18
3946.  -6.334634E-18
3947.  -6.439867E-18
3948.  -6.542878E-18
3949.  -6.643629E-18
3950.  -6.742101E-18
3951.  -6.837995E-18
3952.  -6.931496E-18
3953.  -7.022363E-18
3954.  -7.110603E-18
3955.  -7.196068E-18
3956.  -7.278753E-18
3957.  -7.358509E-18
3958.  -7.435303E-18
3959.  -7.509017E-18
3960.  -7.579576E-18
3961.  -7.646914E-18
3962.  -7.711011E-18
3963.  -7.771574E-18
3964.  -7.828778E-18
3965.  -7.882283E-18
3966.  -7.932240E-18
3967.  -7.978408E-18
3968.  -8.020805E-18
3969.  -8.059204E-18
3970.  -8.093468E-18
3971.  -8.123926E-18
3972.  -8.150055E-18
3973.  -8.171955E-18
3974.  -8.189445E-18
3975.  -8.202518E-18
3976.  -8.211006E-18
3977.  -8.214929E-18
3978.  -8.214114E-18
3979.  -8.208500E-18
3980.  -8.198041E-18
3981.  -8.182596E-18
3982.  -8.162201E-18
3983.  -8.136598E-18
3984.  -8.105758E-18
3985.  -8.069589E-18
3986.  -8.028081E-18
3987.  -7.981163E-18
3988.  -7.928626E-18
3989.  -7.870494E-18
3990.  -7.806689E-18
3991.  -7.737153E-18
3992.  -7.661775E-18
3993.  -7.580405E-18
3994.  -7.493093E-18
3995.  -7.399782E-18
3996.  -7.300360E-18
3997.  -7.194618E-18
3998.  -7.082800E-18
3999.  -6.964545E-18
4000.  -6.840011E-18
4001.  -6.708929E-18
4002.  -6.571384E-18
4003.  -6.427356E-18
4004.  -6.276740E-18
4005.  -6.119503E-18
4006.  -5.955445E-18
4007.  -5.784826E-18
4008.  -5.607422E-18
4009.  -5.423169E-18
4010.  -5.232078E-18
4011.  -5.034121E-18
4012.  -4.829223E-18
4013.  -4.617392E-18
4014.  -4.398599E-18
4015.  -4.172848E-18
4016.  -3.940126E-18
4017.  -3.700364E-18
4018.  -3.453531E-18
4019.  -3.199710E-18
4020.  -2.938816E-18
4021.  -2.670904E-18
4022.  -2.395788E-18
4023.  -2.113810E-18
4024.  -1.824679E-18
4025.  -1.528577E-18
4026.  -1.225474E-18
4027.  -9.153045E-19
4028.  -5.981999E-19
4029.  -2.740781E-19
4030.  5.689057E-20
4031.  3.948145E-19
4032.  7.396843E-19
4033.  1.091363E-18
4034.  1.449792E-18
4035.  1.814913E-18
4036.  2.186823E-18
4037.  2.565497E-18
4038.  2.950559E-18
4039.  3.342303E-18
4040.  3.740466E-18
4041.  4.145060E-18
4042.  4.556106E-18
4043.  4.973398E-18
4044.  5.396893E-18
4045.  5.826496E-18
4046.  6.262137E-18
4047.  6.703934E-18
4048.  7.151508E-18
4049.  7.604887E-18
4050.  8.063927E-18
4051.  8.528573E-18
4052.  8.998936E-18
4053.  9.474470E-18
4054.  9.955532E-18
4055.  1.044169E-17
4056.  1.093299E-17
4057.  1.142934E-17
4058.  1.193046E-17
4059.  1.243648E-17
4060.  1.294703E-17
4061.  1.346225E-17
4062.  1.398169E-17
4063.  1.450547E-17
4064.  1.503350E-17
4065.  1.556555E-17
4066.  1.610149E-17
4067.  1.664107E-17
4068.  1.718441E-17
4069.  1.773117E-17
4070.  1.828135E-17
4071.  1.883476E-17
4072.  1.939116E-17
4073.  1.995068E-17
4074.  2.051285E-17
4075.  2.107765E-17
4076.  2.164499E-17
4077.  2.221485E-17
4078.  2.278679E-17
4079.  2.336088E-17
4080.  2.393692E-17
4081.  2.451464E-17
4082.  2.509411E-17
4083.  2.567500E-17
4084.  2.625739E-17
4085.  2.684078E-17
4086.  2.742532E-17
4087.  2.801078E-17
4088.  2.859695E-17
4089.  2.918389E-17
4090.  2.977125E-17
4091.  3.035890E-17
4092.  3.094674E-17
4093.  3.153477E-17
4094.  3.212249E-17
4095.  3.271020E-17
4096.  3.329740E-17
4097.  3.388428E-17
4098.  3.447047E-17
4099.  3.505589E-17
4100.  3.564025E-17
4101.  3.622370E-17
4102.  3.680611E-17
4103.  3.738720E-17
4104.  3.796688E-17
4105.  3.854511E-17
4106.  3.912169E-17
4107.  3.969651E-17
4108.  4.026944E-17
4109.  4.084045E-17
4110.  4.140938E-17
4111.  4.197628E-17
4112.  4.254077E-17
4113.  4.310288E-17
4114.  4.366276E-17
4115.  4.421984E-17
4116.  4.477441E-17
4117.  4.532620E-17
4118.  4.587527E-17
4119.  4.642138E-17
4120.  4.696456E-17
4121.  4.750486E-17
4122.  4.804204E-17
4123.  4.857606E-17
4124.  4.910683E-17
4125.  4.963445E-17
4126.  5.015874E-17
4127.  5.067970E-17
4128.  5.119725E-17
4129.  5.171148E-17
4130.  5.222227E-17
4131.  5.272958E-17
4132.  5.323333E-17
4133.  5.373356E-17
4134.  5.423041E-17
4135.  5.472367E-17
4136.  5.521335E-17
4137.  5.569957E-17
4138.  5.618223E-17
4139.  5.666141E-17
4140.  5.713707E-17
4141.  5.760920E-17
4142.  5.807798E-17
4143.  5.854328E-17
4144.  5.900527E-17
4145.  5.946372E-17
4146.  5.991911E-17
4147.  6.037099E-17
4148.  6.081978E-17
4149.  6.126539E-17
4150.  6.170797E-17
4151.  6.214751E-17
4152.  6.258400E-17
4153.  6.301772E-17
4154.  6.344862E-17
4155.  6.387683E-17
4156.  6.430230E-17
4157.  6.472536E-17
4158.  6.514597E-17
4159.  6.556420E-17
4160.  6.598020E-17
4161.  6.639421E-17
4162.  6.680620E-17
4163.  6.721615E-17
4164.  6.762454E-17
4165.  6.803125E-17
4166.  6.843643E-17
4167.  6.884031E-17
4168.  6.924293E-17
4169.  6.964458E-17
4170.  7.004522E-17
4171.  7.044508E-17
4172.  7.084441E-17
4173.  7.124317E-17
4174.  7.164165E-17
4175.  7.204010E-17
4176.  7.243858E-17
4177.  7.283721E-17
4178.  7.323620E-17
4179.  7.363580E-17
4180.  7.403615E-17
4181.  7.443737E-17
4182.  7.483972E-17
4183.  7.524338E-17
4184.  7.564849E-17
4185.  7.605539E-17
4186.  7.646395E-17
4187.  7.687469E-17
4188.  7.728763E-17
4189.  7.770321E-17
4190.  7.812128E-17
4191.  7.854226E-17
4192.  7.896636E-17
4193.  7.939372E-17
4194.  7.982456E-17
4195.  8.025901E-17
4196.  8.069737E-17
4197.  8.113979E-17
4198.  8.158662E-17
4199.  8.203796E-17
4200.  8.249382E-17
4201.  8.295479E-17
4202.  8.342092E-17
4203.  8.389227E-17
4204.  8.436924E-17
4205.  8.485197E-17
4206.  8.534054E-17
4207.  8.583547E-17
4208.  8.633664E-17
4209.  8.684434E-17
4210.  8.735895E-17
4211.  8.788028E-17
4212.  8.840897E-17
4213.  8.894496E-17
4214.  8.948848E-17
4215.  9.003973E-17
4216.  9.059884E-17
4217.  9.116624E-17
4218.  9.174172E-17
4219.  9.232572E-17
4220.  9.291835E-17
4221.  9.351978E-17
4222.  9.413020E-17
4223.  9.474971E-17
4224.  9.537854E-17
4225.  9.601684E-17
4226.  9.666468E-17
4227.  9.732222E-17
4228.  9.798976E-17
4229.  9.866712E-17
4230.  9.935489E-17
4231.  1.000527E-16
4232.  1.007611E-16
4233.  1.014799E-16
4234.  1.022093E-16
4235.  1.029496E-16
4236.  1.037005E-16
4237.  1.044624E-16
4238.  1.052352E-16
4239.  1.060193E-16
4240.  1.068145E-16
4241.  1.076208E-16
4242.  1.084386E-16
4243.  1.092675E-16
4244.  1.101080E-16
4245.  1.109598E-16
4246.  1.118231E-16
4247.  1.126978E-16
4248.  1.135841E-16
4249.  1.144819E-16
4250.  1.153912E-16
4251.  1.163120E-16
4252.  1.172443E-16
4253.  1.181881E-16
4254.  1.191433E-16
4255.  1.201101E-16
4256.  1.210881E-16
4257.  1.220774E-16
4258.  1.230781E-16
4259.  1.240899E-16
4260.  1.251129E-16
4261.  1.261468E-16
4262.  1.271918E-16
4263.  1.282476E-16
4264.  1.293141E-16
4265.  1.303912E-16
4266.  1.314788E-16
4267.  1.325768E-16
4268.  1.336850E-16
4269.  1.348032E-16
4270.  1.359314E-16
4271.  1.370693E-16
4272.  1.382168E-16
4273.  1.393736E-16
4274.  1.405397E-16
4275.  1.417148E-16
4276.  1.428987E-16
4277.  1.440911E-16
4278.  1.452919E-16
4279.  1.465009E-16
4280.  1.477176E-16
4281.  1.489421E-16
4282.  1.501740E-16
4283.  1.514130E-16
4284.  1.526588E-16
4285.  1.539113E-16
4286.  1.551701E-16
4287.  1.564349E-16
4288.  1.577054E-16
4289.  1.589813E-16
4290.  1.602625E-16
4291.  1.615483E-16
4292.  1.628389E-16
4293.  1.641334E-16
4294.  1.654317E-16
4295.  1.667337E-16
4296.  1.680388E-16
4297.  1.693467E-16
4298.  1.706571E-16
4299.  1.719696E-16
4300.  1.732838E-16
4301.  1.745994E-16
4302.  1.759159E-16
4303.  1.772332E-16
4304.  1.785508E-16
4305.  1.798682E-16
4306.  1.811850E-16
4307.  1.825010E-16
4308.  1.838157E-16
4309.  1.851286E-16
4310.  1.864397E-16
4311.  1.877481E-16
4312.  1.890537E-16
4313.  1.903560E-16
4314.  1.916546E-16
4315.  1.929492E-16
4316.  1.942393E-16
4317.  1.955245E-16
4318.  1.968043E-16
4319.  1.980785E-16
4320.  1.993465E-16
4321.  2.006081E-16
4322.  2.018626E-16
4323.  2.031099E-16
4324.  2.043494E-16
4325.  2.055807E-16
4326.  2.068035E-16
4327.  2.080172E-16
4328.  2.092216E-16
4329.  2.104163E-16
4330.  2.116008E-16
4331.  2.127747E-16
4332.  2.139377E-16
4333.  2.150893E-16
4334.  2.162292E-16
4335.  2.173571E-16
4336.  2.184723E-16
4337.  2.195747E-16
4338.  2.206639E-16
4339.  2.217394E-16
4340.  2.228011E-16
4341.  2.238483E-16
4342.  2.248808E-16
4343.  2.258983E-16
4344.  2.269004E-16
4345.  2.278868E-16
4346.  2.288571E-16
4347.  2.298109E-16
4348.  2.307480E-16
4349.  2.316682E-16
4350.  2.325708E-16
4351.  2.334559E-16
4352.  2.343229E-16
4353.  2.351717E-16
4354.  2.360020E-16
4355.  2.368133E-16
4356.  2.376056E-16
4357.  2.383784E-16
4358.  2.391315E-16
4359.  2.398647E-16
4360.  2.405777E-16
4361.  2.412705E-16
4362.  2.419424E-16
4363.  2.425937E-16
4364.  2.432237E-16
4365.  2.438324E-16
4366.  2.444195E-16
4367.  2.449850E-16
4368.  2.455285E-16
4369.  2.460500E-16
4370.  2.465491E-16
4371.  2.470257E-16
4372.  2.474798E-16
4373.  2.479111E-16
4374.  2.483195E-16
4375.  2.487048E-16
4376.  2.490668E-16
4377.  2.494057E-16
4378.  2.497211E-16
4379.  2.500129E-16
4380.  2.502812E-16
4381.  2.505257E-16
4382.  2.507463E-16
4383.  2.509430E-16
4384.  2.511158E-16
4385.  2.512645E-16
4386.  2.513893E-16
4387.  2.514897E-16
4388.  2.515660E-16
4389.  2.516181E-16
4390.  2.516460E-16
4391.  2.516496E-16
4392.  2.516289E-16
4393.  2.515840E-16
4394.  2.515149E-16
4395.  2.514213E-16
4396.  2.513036E-16
4397.  2.511616E-16
4398.  2.509954E-16
4399.  2.508052E-16
4400.  2.505907E-16
4401.  2.503522E-16
4402.  2.500898E-16
4403.  2.498034E-16
4404.  2.494931E-16
4405.  2.491590E-16
4406.  2.488012E-16
4407.  2.484199E-16
4408.  2.480149E-16
4409.  2.475867E-16
4410.  2.471350E-16
4411.  2.466601E-16
4412.  2.461622E-16
4413.  2.456415E-16
4414.  2.450978E-16
4415.  2.445314E-16
4416.  2.439426E-16
4417.  2.433314E-16
4418.  2.426980E-16
4419.  2.420424E-16
4420.  2.413650E-16
4421.  2.406659E-16
4422.  2.399451E-16
4423.  2.392030E-16
4424.  2.384398E-16
4425.  2.376555E-16
4426.  2.368505E-16
4427.  2.360248E-16
4428.  2.351788E-16
4429.  2.343125E-16
4430.  2.334262E-16
4431.  2.325204E-16
4432.  2.315948E-16
4433.  2.306500E-16
4434.  2.296862E-16
4435.  2.287034E-16
4436.  2.277022E-16
4437.  2.266825E-16
4438.  2.256449E-16
4439.  2.245891E-16
4440.  2.235160E-16
4441.  2.224254E-16
4442.  2.213178E-16
4443.  2.201934E-16
4444.  2.190523E-16
4445.  2.178951E-16
4446.  2.167219E-16
4447.  2.155329E-16
4448.  2.143285E-16
4449.  2.131090E-16
4450.  2.118746E-16
4451.  2.106256E-16
4452.  2.093624E-16
4453.  2.080850E-16
4454.  2.067942E-16
4455.  2.054897E-16
4456.  2.041722E-16
4457.  2.028421E-16
4458.  2.014993E-16
4459.  2.001445E-16
4460.  1.987779E-16
4461.  1.973996E-16
4462.  1.960100E-16
4463.  1.946097E-16
4464.  1.931987E-16
4465.  1.917776E-16
4466.  1.903464E-16
4467.  1.889055E-16
4468.  1.874554E-16
4469.  1.859963E-16
4470.  1.845285E-16
4471.  1.830525E-16
4472.  1.815684E-16
4473.  1.800767E-16
4474.  1.785777E-16
4475.  1.770716E-16
4476.  1.755589E-16
4477.  1.740399E-16
4478.  1.725148E-16
4479.  1.709840E-16
4480.  1.694480E-16
4481.  1.679068E-16
4482.  1.663611E-16
4483.  1.648109E-16
4484.  1.632568E-16
4485.  1.616988E-16
4486.  1.601377E-16
4487.  1.585735E-16
4488.  1.570066E-16
4489.  1.554372E-16
4490.  1.538658E-16
4491.  1.522928E-16
4492.  1.507184E-16
4493.  1.491428E-16
4494.  1.475665E-16
4495.  1.459898E-16
4496.  1.444129E-16
4497.  1.428363E-16
4498.  1.412602E-16
4499.  1.396849E-16
4500.  1.381107E-16
