1.  1.235195E-19
2.  1.292909E-19
3.  1.354015E-19
4.  1.418599E-19
5.  1.484908E-19
6.  1.555388E-19
7.  1.627225E-19
8.  1.703359E-19
9.  1.782400E-19
10.  1.864866E-19
11.  1.951274E-19
12.  2.041550E-19
13.  2.135714E-19
14.  2.232809E-19
15.  2.335237E-19
16.  2.441390E-19
17.  2.552367E-19
18.  2.668199E-19
19.  2.788732E-19
20.  2.914387E-19
21.  3.046008E-19
22.  3.181105E-19
23.  3.324118E-19
24.  3.471862E-19
25.  3.625470E-19
26.  3.785727E-19
27.  3.954642E-19
28.  4.128860E-19
29.  4.309207E-19
30.  4.498211E-19
31.  4.694083E-19
32.  4.898447E-19
33.  5.110562E-19
34.  5.332088E-19
35.  5.562397E-19
36.  5.801404E-19
37.  6.050720E-19
38.  6.309017E-19
39.  6.578116E-19
40.  6.857332E-19
41.  7.148168E-19
42.  7.449850E-19
43.  7.763807E-19
44.  8.090731E-19
45.  8.429103E-19
46.  8.779803E-19
47.  9.146319E-19
48.  9.524740E-19
49.  9.919034E-19
50.  1.032795E-18
51.  1.075311E-18
52.  1.119368E-18
53.  1.165082E-18
54.  1.212532E-18
55.  1.261731E-18
56.  1.312831E-18
57.  1.365744E-18
58.  1.420685E-18
59.  1.477611E-18
60.  1.536797E-18
61.  1.597967E-18
62.  1.661465E-18
63.  1.727135E-18
64.  1.795389E-18
65.  1.865957E-18
66.  1.939084E-18
67.  2.014906E-18
68.  2.093450E-18
69.  2.174852E-18
70.  2.258931E-18
71.  2.346117E-18
72.  2.436325E-18
73.  2.529715E-18
74.  2.626360E-18
75.  2.726321E-18
76.  2.829907E-18
77.  2.936971E-18
78.  3.047718E-18
79.  3.162289E-18
80.  3.280807E-18
81.  3.403166E-18
82.  3.529721E-18
83.  3.660763E-18
84.  3.796056E-18
85.  3.935891E-18
86.  4.080377E-18
87.  4.229657E-18
88.  4.383801E-18
89.  4.543192E-18
90.  4.707690E-18
91.  4.877588E-18
92.  5.053100E-18
93.  5.234169E-18
94.  5.421046E-18
95.  5.614063E-18
96.  5.813189E-18
97.  6.018608E-18
98.  6.230545E-18
99.  6.449348E-18
100.  6.674958E-18
101.  6.907476E-18
102.  7.147326E-18
103.  7.394672E-18
104.  7.649766E-18
105.  7.912615E-18
106.  8.183356E-18
107.  8.462507E-18
108.  8.750231E-18
109.  9.046588E-18
110.  9.351805E-18
111.  9.666226E-18
112.  9.990014E-18
113.  1.032332E-17
114.  1.066660E-17
115.  1.102002E-17
116.  1.138376E-17
117.  1.175811E-17
118.  1.214318E-17
119.  1.253962E-17
120.  1.294745E-17
121.  1.336681E-17
122.  1.379823E-17
123.  1.424187E-17
124.  1.469803E-17
125.  1.516697E-17
126.  1.564906E-17
127.  1.614457E-17
128.  1.665381E-17
129.  1.717710E-17
130.  1.771463E-17
131.  1.826697E-17
132.  1.883421E-17
133.  1.941682E-17
134.  2.001523E-17
135.  2.062951E-17
136.  2.126019E-17
137.  2.190753E-17
138.  2.257196E-17
139.  2.325376E-17
140.  2.395344E-17
141.  2.467127E-17
142.  2.540755E-17
143.  2.616289E-17
144.  2.693747E-17
145.  2.773164E-17
146.  2.854588E-17
147.  2.938071E-17
148.  3.023642E-17
149.  3.111338E-17
150.  3.201198E-17
151.  3.293280E-17
152.  3.387601E-17
153.  3.484224E-17
154.  3.583192E-17
155.  3.684541E-17
156.  3.788324E-17
157.  3.894563E-17
158.  4.003317E-17
159.  4.114649E-17
160.  4.228561E-17
161.  4.345131E-17
162.  4.464404E-17
163.  4.586423E-17
164.  4.711229E-17
165.  4.838858E-17
166.  4.969377E-17
167.  5.102823E-17
168.  5.239253E-17
169.  5.378721E-17
170.  5.521257E-17
171.  5.666902E-17
172.  5.815741E-17
173.  5.967787E-17
174.  6.123107E-17
175.  6.281753E-17
176.  6.443758E-17
177.  6.609187E-17
178.  6.778072E-17
179.  6.950506E-17
180.  7.126487E-17
181.  7.306101E-17
182.  7.489373E-17
183.  7.676366E-17
184.  7.867137E-17
185.  8.061709E-17
186.  8.260169E-17
187.  8.462546E-17
188.  8.668891E-17
189.  8.879248E-17
190.  9.093678E-17
191.  9.312227E-17
192.  9.534951E-17
193.  9.761885E-17
194.  9.993083E-17
195.  1.022860E-16
196.  1.046849E-16
197.  1.071278E-16
198.  1.096153E-16
199.  1.121479E-16
200.  1.147261E-16
201.  1.173503E-16
202.  1.200210E-16
203.  1.227386E-16
204.  1.255036E-16
205.  1.283164E-16
206.  1.311774E-16
207.  1.340873E-16
208.  1.370464E-16
209.  1.400548E-16
210.  1.431133E-16
211.  1.462223E-16
212.  1.493821E-16
213.  1.525932E-16
214.  1.558557E-16
215.  1.591702E-16
216.  1.625371E-16
217.  1.659567E-16
218.  1.694295E-16
219.  1.729555E-16
220.  1.765356E-16
221.  1.801693E-16
222.  1.838578E-16
223.  1.876009E-16
224.  1.913989E-16
225.  1.952522E-16
226.  1.991609E-16
227.  2.031258E-16
228.  2.071464E-16
229.  2.112235E-16
230.  2.153570E-16
231.  2.195473E-16
232.  2.237945E-16
233.  2.280988E-16
234.  2.324605E-16
235.  2.368795E-16
236.  2.413561E-16
237.  2.458905E-16
238.  2.504825E-16
239.  2.551326E-16
240.  2.598406E-16
241.  2.646066E-16
242.  2.694307E-16
243.  2.743131E-16
244.  2.792535E-16
245.  2.842522E-16
246.  2.893088E-16
247.  2.944236E-16
248.  2.995966E-16
249.  3.048273E-16
250.  3.101161E-16
251.  3.154626E-16
252.  3.208668E-16
253.  3.263284E-16
254.  3.318474E-16
255.  3.374236E-16
256.  3.430569E-16
257.  3.487469E-16
258.  3.544933E-16
259.  3.602960E-16
260.  3.661548E-16
261.  3.720692E-16
262.  3.780391E-16
263.  3.840639E-16
264.  3.901434E-16
265.  3.962773E-16
266.  4.024650E-16
267.  4.087063E-16
268.  4.150007E-16
269.  4.213477E-16
270.  4.277468E-16
271.  4.341976E-16
272.  4.406995E-16
273.  4.472520E-16
274.  4.538544E-16
275.  4.605065E-16
276.  4.672073E-16
277.  4.739565E-16
278.  4.807532E-16
279.  4.875970E-16
280.  4.944868E-16
281.  5.014224E-16
282.  5.084029E-16
283.  5.154275E-16
284.  5.224956E-16
285.  5.296060E-16
286.  5.367584E-16
287.  5.439519E-16
288.  5.511855E-16
289.  5.584584E-16
290.  5.657698E-16
291.  5.731187E-16
292.  5.805044E-16
293.  5.879260E-16
294.  5.953822E-16
295.  6.028724E-16
296.  6.103954E-16
297.  6.179505E-16
298.  6.255364E-16
299.  6.331522E-16
300.  6.407969E-16
301.  6.484694E-16
302.  6.561687E-16
303.  6.638936E-16
304.  6.716431E-16
305.  6.794162E-16
306.  6.872116E-16
307.  6.950284E-16
308.  7.028652E-16
309.  7.107209E-16
310.  7.185944E-16
311.  7.264846E-16
312.  7.343902E-16
313.  7.423100E-16
314.  7.502429E-16
315.  7.581874E-16
316.  7.661427E-16
317.  7.741071E-16
318.  7.820799E-16
319.  7.900595E-16
320.  7.980448E-16
321.  8.060343E-16
322.  8.140267E-16
323.  8.220213E-16
324.  8.300165E-16
325.  8.380108E-16
326.  8.460031E-16
327.  8.539921E-16
328.  8.619766E-16
329.  8.699553E-16
330.  8.779268E-16
331.  8.858899E-16
332.  8.938434E-16
333.  9.017858E-16
334.  9.097159E-16
335.  9.176325E-16
336.  9.255345E-16
337.  9.334198E-16
338.  9.412881E-16
339.  9.491377E-16
340.  9.569674E-16
341.  9.647761E-16
342.  9.725624E-16
343.  9.803246E-16
344.  9.880622E-16
345.  9.957736E-16
346.  1.003458E-15
347.  1.011113E-15
348.  1.018739E-15
349.  1.026334E-15
350.  1.033897E-15
351.  1.041426E-15
352.  1.048921E-15
353.  1.056380E-15
354.  1.063803E-15
355.  1.071188E-15
356.  1.078533E-15
357.  1.085839E-15
358.  1.093103E-15
359.  1.100326E-15
360.  1.107505E-15
361.  1.114639E-15
362.  1.121729E-15
363.  1.128772E-15
364.  1.135768E-15
365.  1.142716E-15
366.  1.149614E-15
367.  1.156463E-15
368.  1.163260E-15
369.  1.170005E-15
370.  1.176698E-15
371.  1.183337E-15
372.  1.189922E-15
373.  1.196451E-15
374.  1.202925E-15
375.  1.209342E-15
376.  1.215701E-15
377.  1.222002E-15
378.  1.228243E-15
379.  1.234426E-15
380.  1.240548E-15
381.  1.246609E-15
382.  1.252609E-15
383.  1.258546E-15
384.  1.264421E-15
385.  1.270233E-15
386.  1.275981E-15
387.  1.281665E-15
388.  1.287284E-15
389.  1.292838E-15
390.  1.298327E-15
391.  1.303749E-15
392.  1.309106E-15
393.  1.314396E-15
394.  1.319619E-15
395.  1.324774E-15
396.  1.329862E-15
397.  1.334883E-15
398.  1.339835E-15
399.  1.344719E-15
400.  1.349535E-15
401.  1.354282E-15
402.  1.358960E-15
403.  1.363570E-15
404.  1.368111E-15
405.  1.372582E-15
406.  1.376985E-15
407.  1.381319E-15
408.  1.385583E-15
409.  1.389779E-15
410.  1.393906E-15
411.  1.397964E-15
412.  1.401953E-15
413.  1.405873E-15
414.  1.409724E-15
415.  1.413507E-15
416.  1.417222E-15
417.  1.420869E-15
418.  1.424447E-15
419.  1.427958E-15
420.  1.431402E-15
421.  1.434778E-15
422.  1.438087E-15
423.  1.441330E-15
424.  1.444506E-15
425.  1.447616E-15
426.  1.450661E-15
427.  1.453640E-15
428.  1.456554E-15
429.  1.459403E-15
430.  1.462188E-15
431.  1.464909E-15
432.  1.467567E-15
433.  1.470162E-15
434.  1.472694E-15
435.  1.475164E-15
436.  1.477572E-15
437.  1.479920E-15
438.  1.482206E-15
439.  1.484432E-15
440.  1.486598E-15
441.  1.488705E-15
442.  1.490754E-15
443.  1.492744E-15
444.  1.494676E-15
445.  1.496551E-15
446.  1.498369E-15
447.  1.500132E-15
448.  1.501838E-15
449.  1.503490E-15
450.  1.505087E-15
451.  1.506630E-15
452.  1.508120E-15
453.  1.509556E-15
454.  1.510941E-15
455.  1.512274E-15
456.  1.513555E-15
457.  1.514786E-15
458.  1.515967E-15
459.  1.517098E-15
460.  1.518180E-15
461.  1.519214E-15
462.  1.520199E-15
463.  1.521138E-15
464.  1.522029E-15
465.  1.522874E-15
466.  1.523673E-15
467.  1.524427E-15
468.  1.525136E-15
469.  1.525802E-15
470.  1.526423E-15
471.  1.527001E-15
472.  1.527535E-15
473.  1.528028E-15
474.  1.528479E-15
475.  1.528889E-15
476.  1.529258E-15
477.  1.529586E-15
478.  1.529874E-15
479.  1.530123E-15
480.  1.530332E-15
481.  1.530503E-15
482.  1.530635E-15
483.  1.530730E-15
484.  1.530787E-15
485.  1.530807E-15
486.  1.530790E-15
487.  1.530736E-15
488.  1.530647E-15
489.  1.530522E-15
490.  1.530361E-15
491.  1.530165E-15
492.  1.529934E-15
493.  1.529669E-15
494.  1.529370E-15
495.  1.529036E-15
496.  1.528669E-15
497.  1.528269E-15
498.  1.527835E-15
499.  1.527368E-15
500.  1.526869E-15
501.  1.526336E-15
502.  1.525772E-15
503.  1.525175E-15
504.  1.524546E-15
505.  1.523886E-15
506.  1.523194E-15
507.  1.522470E-15
508.  1.521715E-15
509.  1.520928E-15
510.  1.520111E-15
511.  1.519262E-15
512.  1.518382E-15
513.  1.517472E-15
514.  1.516531E-15
515.  1.515558E-15
516.  1.514556E-15
517.  1.513523E-15
518.  1.512459E-15
519.  1.511364E-15
520.  1.510240E-15
521.  1.509084E-15
522.  1.507899E-15
523.  1.506683E-15
524.  1.505436E-15
525.  1.504159E-15
526.  1.502852E-15
527.  1.501515E-15
528.  1.500147E-15
529.  1.498748E-15
530.  1.497319E-15
531.  1.495860E-15
532.  1.494370E-15
533.  1.492849E-15
534.  1.491298E-15
535.  1.489717E-15
536.  1.488105E-15
537.  1.486462E-15
538.  1.484788E-15
539.  1.483084E-15
540.  1.481349E-15
541.  1.479583E-15
542.  1.477786E-15
543.  1.475959E-15
544.  1.474100E-15
545.  1.472210E-15
546.  1.470290E-15
547.  1.468338E-15
548.  1.466356E-15
549.  1.464342E-15
550.  1.462297E-15
551.  1.460221E-15
552.  1.458113E-15
553.  1.455975E-15
554.  1.453805E-15
555.  1.451604E-15
556.  1.449372E-15
557.  1.447109E-15
558.  1.444814E-15
559.  1.442488E-15
560.  1.440131E-15
561.  1.437743E-15
562.  1.435324E-15
563.  1.432873E-15
564.  1.430392E-15
565.  1.427879E-15
566.  1.425336E-15
567.  1.422762E-15
568.  1.420157E-15
569.  1.417521E-15
570.  1.414855E-15
571.  1.412158E-15
572.  1.409430E-15
573.  1.406673E-15
574.  1.403885E-15
575.  1.401067E-15
576.  1.398219E-15
577.  1.395342E-15
578.  1.392434E-15
579.  1.389498E-15
580.  1.386532E-15
581.  1.383537E-15
582.  1.380513E-15
583.  1.377460E-15
584.  1.374379E-15
585.  1.371270E-15
586.  1.368132E-15
587.  1.364967E-15
588.  1.361774E-15
589.  1.358554E-15
590.  1.355307E-15
591.  1.352034E-15
592.  1.348733E-15
593.  1.345407E-15
594.  1.342055E-15
595.  1.338677E-15
596.  1.335274E-15
597.  1.331846E-15
598.  1.328394E-15
599.  1.324917E-15
600.  1.321417E-15
601.  1.317893E-15
602.  1.314346E-15
603.  1.310776E-15
604.  1.307184E-15
605.  1.303570E-15
606.  1.299934E-15
607.  1.296277E-15
608.  1.292600E-15
609.  1.288902E-15
610.  1.285184E-15
611.  1.281447E-15
612.  1.277691E-15
613.  1.273917E-15
614.  1.270124E-15
615.  1.266314E-15
616.  1.262487E-15
617.  1.258643E-15
618.  1.254782E-15
619.  1.250906E-15
620.  1.247015E-15
621.  1.243109E-15
622.  1.239190E-15
623.  1.235256E-15
624.  1.231309E-15
625.  1.227349E-15
626.  1.223377E-15
627.  1.219394E-15
628.  1.215399E-15
629.  1.211393E-15
630.  1.207378E-15
631.  1.203353E-15
632.  1.199318E-15
633.  1.195276E-15
634.  1.191225E-15
635.  1.187166E-15
636.  1.183101E-15
637.  1.179029E-15
638.  1.174952E-15
639.  1.170869E-15
640.  1.166781E-15
641.  1.162689E-15
642.  1.158593E-15
643.  1.154494E-15
644.  1.150392E-15
645.  1.146288E-15
646.  1.142182E-15
647.  1.138076E-15
648.  1.133968E-15
649.  1.129861E-15
650.  1.125753E-15
651.  1.121647E-15
652.  1.117543E-15
653.  1.113440E-15
654.  1.109340E-15
655.  1.105242E-15
656.  1.101149E-15
657.  1.097059E-15
658.  1.092974E-15
659.  1.088894E-15
660.  1.084819E-15
661.  1.080750E-15
662.  1.076688E-15
663.  1.072633E-15
664.  1.068585E-15
665.  1.064545E-15
666.  1.060513E-15
667.  1.056491E-15
668.  1.052477E-15
669.  1.048474E-15
670.  1.044480E-15
671.  1.040497E-15
672.  1.036525E-15
673.  1.032565E-15
674.  1.028617E-15
675.  1.024681E-15
676.  1.020758E-15
677.  1.016849E-15
678.  1.012953E-15
679.  1.009071E-15
680.  1.005203E-15
681.  1.001351E-15
682.  9.975134E-16
683.  9.936918E-16
684.  9.898864E-16
685.  9.860973E-16
686.  9.823251E-16
687.  9.785700E-16
688.  9.748326E-16
689.  9.711131E-16
690.  9.674119E-16
691.  9.637295E-16
692.  9.600659E-16
693.  9.564220E-16
694.  9.527975E-16
695.  9.491932E-16
696.  9.456092E-16
697.  9.420460E-16
698.  9.385038E-16
699.  9.349830E-16
700.  9.314838E-16
701.  9.280068E-16
702.  9.245517E-16
703.  9.211196E-16
704.  9.177104E-16
705.  9.143244E-16
706.  9.109618E-16
707.  9.076231E-16
708.  9.043085E-16
709.  9.010182E-16
710.  8.977528E-16
711.  8.945120E-16
712.  8.912967E-16
713.  8.881067E-16
714.  8.849426E-16
715.  8.818045E-16
716.  8.786927E-16
717.  8.756074E-16
718.  8.725489E-16
719.  8.695175E-16
720.  8.665134E-16
721.  8.635366E-16
722.  8.605879E-16
723.  8.576672E-16
724.  8.547747E-16
725.  8.519107E-16
726.  8.490755E-16
727.  8.462692E-16
728.  8.434921E-16
729.  8.407444E-16
730.  8.380264E-16
731.  8.353383E-16
732.  8.326802E-16
733.  8.300523E-16
734.  8.274552E-16
735.  8.248885E-16
736.  8.223527E-16
737.  8.198482E-16
738.  8.173747E-16
739.  8.149330E-16
740.  8.125229E-16
741.  8.101447E-16
742.  8.077984E-16
743.  8.054847E-16
744.  8.032032E-16
745.  8.009542E-16
746.  7.987382E-16
747.  7.965551E-16
748.  7.944052E-16
749.  7.922885E-16
750.  7.902051E-16
751.  7.881556E-16
752.  7.861396E-16
753.  7.841576E-16
754.  7.822097E-16
755.  7.802960E-16
756.  7.784166E-16
757.  7.765717E-16
758.  7.747612E-16
759.  7.729856E-16
760.  7.712450E-16
761.  7.695391E-16
762.  7.678684E-16
763.  7.662329E-16
764.  7.646328E-16
765.  7.630678E-16
766.  7.615384E-16
767.  7.600447E-16
768.  7.585867E-16
769.  7.571643E-16
770.  7.557776E-16
771.  7.544268E-16
772.  7.531120E-16
773.  7.518333E-16
774.  7.505907E-16
775.  7.493839E-16
776.  7.482133E-16
777.  7.470789E-16
778.  7.459806E-16
779.  7.449186E-16
780.  7.438929E-16
781.  7.429033E-16
782.  7.419498E-16
783.  7.410327E-16
784.  7.401515E-16
785.  7.393066E-16
786.  7.384979E-16
787.  7.377251E-16
788.  7.369886E-16
789.  7.362879E-16
790.  7.356231E-16
791.  7.349943E-16
792.  7.344013E-16
793.  7.338439E-16
794.  7.333222E-16
795.  7.328359E-16
796.  7.323850E-16
797.  7.319694E-16
798.  7.315889E-16
799.  7.312434E-16
800.  7.309328E-16
801.  7.306570E-16
802.  7.304158E-16
803.  7.302087E-16
804.  7.300360E-16
805.  7.298973E-16
806.  7.297926E-16
807.  7.297213E-16
808.  7.296833E-16
809.  7.296786E-16
810.  7.297069E-16
811.  7.297680E-16
812.  7.298614E-16
813.  7.299871E-16
814.  7.301445E-16
815.  7.303338E-16
816.  7.305544E-16
817.  7.308060E-16
818.  7.310884E-16
819.  7.314014E-16
820.  7.317445E-16
821.  7.321173E-16
822.  7.325195E-16
823.  7.329511E-16
824.  7.334113E-16
825.  7.339001E-16
826.  7.344167E-16
827.  7.349610E-16
828.  7.355327E-16
829.  7.361312E-16
830.  7.367561E-16
831.  7.374072E-16
832.  7.380839E-16
833.  7.387859E-16
834.  7.395126E-16
835.  7.402637E-16
836.  7.410387E-16
837.  7.418371E-16
838.  7.426585E-16
839.  7.435024E-16
840.  7.443683E-16
841.  7.452560E-16
842.  7.461647E-16
843.  7.470939E-16
844.  7.480433E-16
845.  7.490122E-16
846.  7.500002E-16
847.  7.510068E-16
848.  7.520315E-16
849.  7.530738E-16
850.  7.541330E-16
851.  7.552088E-16
852.  7.563006E-16
853.  7.574076E-16
854.  7.585297E-16
855.  7.596660E-16
856.  7.608161E-16
857.  7.619796E-16
858.  7.631556E-16
859.  7.643440E-16
860.  7.655438E-16
861.  7.667548E-16
862.  7.679761E-16
863.  7.692075E-16
864.  7.704483E-16
865.  7.716978E-16
866.  7.729555E-16
867.  7.742211E-16
868.  7.754938E-16
869.  7.767730E-16
870.  7.780584E-16
871.  7.793494E-16
872.  7.806452E-16
873.  7.819453E-16
874.  7.832494E-16
875.  7.845567E-16
876.  7.858668E-16
877.  7.871791E-16
878.  7.884932E-16
879.  7.898084E-16
880.  7.911242E-16
881.  7.924402E-16
882.  7.937558E-16
883.  7.950705E-16
884.  7.963839E-16
885.  7.976953E-16
886.  7.990041E-16
887.  8.003102E-16
888.  8.016129E-16
889.  8.029118E-16
890.  8.042063E-16
891.  8.054960E-16
892.  8.067805E-16
893.  8.080593E-16
894.  8.093318E-16
895.  8.105980E-16
896.  8.118572E-16
897.  8.131087E-16
898.  8.143526E-16
899.  8.155883E-16
900.  8.168154E-16
901.  8.180334E-16
902.  8.192421E-16
903.  8.204412E-16
904.  8.216300E-16
905.  8.228085E-16
906.  8.239764E-16
907.  8.251331E-16
908.  8.262785E-16
909.  8.274123E-16
910.  8.285341E-16
911.  8.296437E-16
912.  8.307407E-16
913.  8.318249E-16
914.  8.328961E-16
915.  8.339542E-16
916.  8.349988E-16
917.  8.360297E-16
918.  8.370470E-16
919.  8.380498E-16
920.  8.390388E-16
921.  8.400132E-16
922.  8.409733E-16
923.  8.419186E-16
924.  8.428491E-16
925.  8.437647E-16
926.  8.446655E-16
927.  8.455510E-16
928.  8.464214E-16
929.  8.472766E-16
930.  8.481166E-16
931.  8.489413E-16
932.  8.497507E-16
933.  8.505446E-16
934.  8.513233E-16
935.  8.520866E-16
936.  8.528346E-16
937.  8.535676E-16
938.  8.542850E-16
939.  8.549874E-16
940.  8.556746E-16
941.  8.563471E-16
942.  8.570044E-16
943.  8.576471E-16
944.  8.582751E-16
945.  8.588885E-16
946.  8.594876E-16
947.  8.600724E-16
948.  8.606432E-16
949.  8.612000E-16
950.  8.617432E-16
951.  8.622728E-16
952.  8.627891E-16
953.  8.632925E-16
954.  8.637831E-16
955.  8.642609E-16
956.  8.647265E-16
957.  8.651799E-16
958.  8.656215E-16
959.  8.660517E-16
960.  8.664706E-16
961.  8.668785E-16
962.  8.672759E-16
963.  8.676630E-16
964.  8.680401E-16
965.  8.684075E-16
966.  8.687657E-16
967.  8.691149E-16
968.  8.694555E-16
969.  8.697880E-16
970.  8.701126E-16
971.  8.704297E-16
972.  8.707398E-16
973.  8.710433E-16
974.  8.713403E-16
975.  8.716317E-16
976.  8.719176E-16
977.  8.721982E-16
978.  8.724745E-16
979.  8.727466E-16
980.  8.730150E-16
981.  8.732801E-16
982.  8.735422E-16
983.  8.738020E-16
984.  8.740599E-16
985.  8.743164E-16
986.  8.745718E-16
987.  8.748266E-16
988.  8.750815E-16
989.  8.753365E-16
990.  8.755924E-16
991.  8.758499E-16
992.  8.761088E-16
993.  8.763703E-16
994.  8.766343E-16
995.  8.769018E-16
996.  8.771729E-16
997.  8.774482E-16
998.  8.777281E-16
999.  8.780132E-16
1000.  8.783039E-16
1001.  8.786010E-16
1002.  8.789044E-16
1003.  8.792149E-16
1004.  8.795331E-16
1005.  8.798592E-16
1006.  8.801938E-16
1007.  8.805374E-16
1008.  8.808903E-16
1009.  8.812534E-16
1010.  8.816267E-16
1011.  8.820110E-16
1012.  8.824063E-16
1013.  8.828135E-16
1014.  8.832329E-16
1015.  8.836650E-16
1016.  8.841101E-16
1017.  8.845687E-16
1018.  8.850412E-16
1019.  8.855282E-16
1020.  8.860300E-16
1021.  8.865468E-16
1022.  8.870794E-16
1023.  8.876281E-16
1024.  8.881930E-16
1025.  8.887749E-16
1026.  8.893740E-16
1027.  8.899906E-16
1028.  8.906253E-16
1029.  8.912781E-16
1030.  8.919498E-16
1031.  8.926404E-16
1032.  8.933505E-16
1033.  8.940802E-16
1034.  8.948300E-16
1035.  8.956001E-16
1036.  8.963908E-16
1037.  8.972027E-16
1038.  8.980357E-16
1039.  8.988902E-16
1040.  8.997666E-16
1041.  9.006650E-16
1042.  9.015859E-16
1043.  9.025292E-16
1044.  9.034955E-16
1045.  9.044849E-16
1046.  9.054973E-16
1047.  9.065335E-16
1048.  9.075933E-16
1049.  9.086768E-16
1050.  9.097847E-16
1051.  9.109164E-16
1052.  9.120728E-16
1053.  9.132537E-16
1054.  9.144591E-16
1055.  9.156894E-16
1056.  9.169445E-16
1057.  9.182247E-16
1058.  9.195301E-16
1059.  9.208606E-16
1060.  9.222162E-16
1061.  9.235973E-16
1062.  9.250037E-16
1063.  9.264356E-16
1064.  9.278926E-16
1065.  9.293753E-16
1066.  9.308834E-16
1067.  9.324172E-16
1068.  9.339760E-16
1069.  9.355604E-16
1070.  9.371700E-16
1071.  9.388049E-16
1072.  9.404651E-16
1073.  9.421505E-16
1074.  9.438611E-16
1075.  9.455966E-16
1076.  9.473568E-16
1077.  9.491419E-16
1078.  9.509515E-16
1079.  9.527855E-16
1080.  9.546440E-16
1081.  9.565266E-16
1082.  9.584330E-16
1083.  9.603632E-16
1084.  9.623171E-16
1085.  9.642943E-16
1086.  9.662948E-16
1087.  9.683179E-16
1088.  9.703639E-16
1089.  9.724324E-16
1090.  9.745229E-16
1091.  9.766356E-16
1092.  9.787695E-16
1093.  9.809249E-16
1094.  9.831014E-16
1095.  9.852984E-16
1096.  9.875159E-16
1097.  9.897533E-16
1098.  9.920105E-16
1099.  9.942871E-16
1100.  9.965828E-16
1101.  9.988971E-16
1102.  1.001229E-15
1103.  1.003580E-15
1104.  1.005948E-15
1105.  1.008332E-15
1106.  1.010734E-15
1107.  1.013152E-15
1108.  1.015585E-15
1109.  1.018034E-15
1110.  1.020498E-15
1111.  1.022976E-15
1112.  1.025469E-15
1113.  1.027974E-15
1114.  1.030494E-15
1115.  1.033025E-15
1116.  1.035569E-15
1117.  1.038124E-15
1118.  1.040691E-15
1119.  1.043268E-15
1120.  1.045856E-15
1121.  1.048453E-15
1122.  1.051059E-15
1123.  1.053674E-15
1124.  1.056296E-15
1125.  1.058927E-15
1126.  1.061564E-15
1127.  1.064208E-15
1128.  1.066858E-15
1129.  1.069514E-15
1130.  1.072174E-15
1131.  1.074839E-15
1132.  1.077507E-15
1133.  1.080178E-15
1134.  1.082853E-15
1135.  1.085529E-15
1136.  1.088207E-15
1137.  1.090886E-15
1138.  1.093566E-15
1139.  1.096245E-15
1140.  1.098924E-15
1141.  1.101601E-15
1142.  1.104277E-15
1143.  1.106951E-15
1144.  1.109621E-15
1145.  1.112288E-15
1146.  1.114952E-15
1147.  1.117610E-15
1148.  1.120264E-15
1149.  1.122912E-15
1150.  1.125554E-15
1151.  1.128189E-15
1152.  1.130817E-15
1153.  1.133437E-15
1154.  1.136049E-15
1155.  1.138652E-15
1156.  1.141246E-15
1157.  1.143830E-15
1158.  1.146404E-15
1159.  1.148967E-15
1160.  1.151518E-15
1161.  1.154058E-15
1162.  1.156585E-15
1163.  1.159099E-15
1164.  1.161600E-15
1165.  1.164088E-15
1166.  1.166560E-15
1167.  1.169019E-15
1168.  1.171462E-15
1169.  1.173890E-15
1170.  1.176301E-15
1171.  1.178697E-15
1172.  1.181075E-15
1173.  1.183436E-15
1174.  1.185780E-15
1175.  1.188105E-15
1176.  1.190412E-15
1177.  1.192700E-15
1178.  1.194969E-15
1179.  1.197218E-15
1180.  1.199448E-15
1181.  1.201657E-15
1182.  1.203846E-15
1183.  1.206013E-15
1184.  1.208160E-15
1185.  1.210285E-15
1186.  1.212389E-15
1187.  1.214470E-15
1188.  1.216529E-15
1189.  1.218566E-15
1190.  1.220580E-15
1191.  1.222571E-15
1192.  1.224538E-15
1193.  1.226483E-15
1194.  1.228403E-15
1195.  1.230300E-15
1196.  1.232172E-15
1197.  1.234021E-15
1198.  1.235845E-15
1199.  1.237645E-15
1200.  1.239420E-15
1201.  1.241171E-15
1202.  1.242897E-15
1203.  1.244598E-15
1204.  1.246274E-15
1205.  1.247925E-15
1206.  1.249551E-15
1207.  1.251152E-15
1208.  1.252728E-15
1209.  1.254278E-15
1210.  1.255804E-15
1211.  1.257304E-15
1212.  1.258779E-15
1213.  1.260230E-15
1214.  1.261655E-15
1215.  1.263055E-15
1216.  1.264430E-15
1217.  1.265780E-15
1218.  1.267106E-15
1219.  1.268407E-15
1220.  1.269683E-15
1221.  1.270935E-15
1222.  1.272163E-15
1223.  1.273367E-15
1224.  1.274546E-15
1225.  1.275702E-15
1226.  1.276835E-15
1227.  1.277944E-15
1228.  1.279029E-15
1229.  1.280092E-15
1230.  1.281132E-15
1231.  1.282149E-15
1232.  1.283144E-15
1233.  1.284117E-15
1234.  1.285069E-15
1235.  1.285998E-15
1236.  1.286907E-15
1237.  1.287795E-15
1238.  1.288661E-15
1239.  1.289508E-15
1240.  1.290335E-15
1241.  1.291142E-15
1242.  1.291930E-15
1243.  1.292699E-15
1244.  1.293449E-15
1245.  1.294181E-15
1246.  1.294895E-15
1247.  1.295592E-15
1248.  1.296271E-15
1249.  1.296934E-15
1250.  1.297581E-15
1251.  1.298211E-15
1252.  1.298826E-15
1253.  1.299426E-15
1254.  1.300012E-15
1255.  1.300583E-15
1256.  1.301141E-15
1257.  1.301685E-15
1258.  1.302216E-15
1259.  1.302735E-15
1260.  1.303242E-15
1261.  1.303738E-15
1262.  1.304222E-15
1263.  1.304696E-15
1264.  1.305160E-15
1265.  1.305615E-15
1266.  1.306060E-15
1267.  1.306497E-15
1268.  1.306925E-15
1269.  1.307346E-15
1270.  1.307760E-15
1271.  1.308168E-15
1272.  1.308569E-15
1273.  1.308965E-15
1274.  1.309355E-15
1275.  1.309741E-15
1276.  1.310123E-15
1277.  1.310502E-15
1278.  1.310877E-15
1279.  1.311250E-15
1280.  1.311621E-15
1281.  1.311991E-15
1282.  1.312359E-15
1283.  1.312728E-15
1284.  1.313096E-15
1285.  1.313465E-15
1286.  1.313835E-15
1287.  1.314207E-15
1288.  1.314580E-15
1289.  1.314957E-15
1290.  1.315336E-15
1291.  1.315720E-15
1292.  1.316108E-15
1293.  1.316500E-15
1294.  1.316898E-15
1295.  1.317301E-15
1296.  1.317711E-15
1297.  1.318127E-15
1298.  1.318551E-15
1299.  1.318983E-15
1300.  1.319423E-15
1301.  1.319871E-15
1302.  1.320329E-15
1303.  1.320796E-15
1304.  1.321274E-15
1305.  1.321763E-15
1306.  1.322263E-15
1307.  1.322774E-15
1308.  1.323298E-15
1309.  1.323834E-15
1310.  1.324383E-15
1311.  1.324946E-15
1312.  1.325522E-15
1313.  1.326113E-15
1314.  1.326719E-15
1315.  1.327341E-15
1316.  1.327978E-15
1317.  1.328631E-15
1318.  1.329301E-15
1319.  1.329988E-15
1320.  1.330692E-15
1321.  1.331414E-15
1322.  1.332154E-15
1323.  1.332913E-15
1324.  1.333691E-15
1325.  1.334489E-15
1326.  1.335306E-15
1327.  1.336144E-15
1328.  1.337002E-15
1329.  1.337881E-15
1330.  1.338781E-15
1331.  1.339703E-15
1332.  1.340647E-15
1333.  1.341613E-15
1334.  1.342602E-15
1335.  1.343614E-15
1336.  1.344649E-15
1337.  1.345708E-15
1338.  1.346791E-15
1339.  1.347898E-15
1340.  1.349029E-15
1341.  1.350185E-15
1342.  1.351366E-15
1343.  1.352573E-15
1344.  1.353805E-15
1345.  1.355063E-15
1346.  1.356347E-15
1347.  1.357657E-15
1348.  1.358994E-15
1349.  1.360358E-15
1350.  1.361749E-15
1351.  1.363167E-15
1352.  1.364612E-15
1353.  1.366085E-15
1354.  1.367586E-15
1355.  1.369114E-15
1356.  1.370671E-15
1357.  1.372256E-15
1358.  1.373870E-15
1359.  1.375512E-15
1360.  1.377183E-15
1361.  1.378882E-15
1362.  1.380611E-15
1363.  1.382368E-15
1364.  1.384155E-15
1365.  1.385971E-15
1366.  1.387816E-15
1367.  1.389691E-15
1368.  1.391595E-15
1369.  1.393528E-15
1370.  1.395491E-15
1371.  1.397484E-15
1372.  1.399506E-15
1373.  1.401558E-15
1374.  1.403639E-15
1375.  1.405750E-15
1376.  1.407891E-15
1377.  1.410061E-15
1378.  1.412261E-15
1379.  1.414490E-15
1380.  1.416748E-15
1381.  1.419036E-15
1382.  1.421354E-15
1383.  1.423700E-15
1384.  1.426076E-15
1385.  1.428480E-15
1386.  1.430914E-15
1387.  1.433376E-15
1388.  1.435867E-15
1389.  1.438386E-15
1390.  1.440933E-15
1391.  1.443509E-15
1392.  1.446112E-15
1393.  1.448744E-15
1394.  1.451403E-15
1395.  1.454089E-15
1396.  1.456803E-15
1397.  1.459543E-15
1398.  1.462311E-15
1399.  1.465104E-15
1400.  1.467924E-15
1401.  1.470769E-15
1402.  1.473640E-15
1403.  1.476537E-15
1404.  1.479458E-15
1405.  1.482404E-15
1406.  1.485375E-15
1407.  1.488369E-15
1408.  1.491387E-15
1409.  1.494429E-15
1410.  1.497493E-15
1411.  1.500580E-15
1412.  1.503689E-15
1413.  1.506820E-15
1414.  1.509972E-15
1415.  1.513145E-15
1416.  1.516338E-15
1417.  1.519552E-15
1418.  1.522785E-15
1419.  1.526037E-15
1420.  1.529307E-15
1421.  1.532596E-15
1422.  1.535903E-15
1423.  1.539227E-15
1424.  1.542567E-15
1425.  1.545923E-15
1426.  1.549295E-15
1427.  1.552682E-15
1428.  1.556083E-15
1429.  1.559498E-15
1430.  1.562927E-15
1431.  1.566368E-15
1432.  1.569821E-15
1433.  1.573286E-15
1434.  1.576762E-15
1435.  1.580248E-15
1436.  1.583743E-15
1437.  1.587248E-15
1438.  1.590761E-15
1439.  1.594281E-15
1440.  1.597809E-15
1441.  1.601343E-15
1442.  1.604883E-15
1443.  1.608428E-15
1444.  1.611977E-15
1445.  1.615529E-15
1446.  1.619085E-15
1447.  1.622642E-15
1448.  1.626201E-15
1449.  1.629761E-15
1450.  1.633321E-15
1451.  1.636880E-15
1452.  1.640438E-15
1453.  1.643993E-15
1454.  1.647545E-15
1455.  1.651094E-15
1456.  1.654637E-15
1457.  1.658176E-15
1458.  1.661708E-15
1459.  1.665233E-15
1460.  1.668751E-15
1461.  1.672260E-15
1462.  1.675760E-15
1463.  1.679250E-15
1464.  1.682729E-15
1465.  1.686195E-15
1466.  1.689650E-15
1467.  1.693091E-15
1468.  1.696518E-15
1469.  1.699930E-15
1470.  1.703326E-15
1471.  1.706706E-15
1472.  1.710068E-15
1473.  1.713412E-15
1474.  1.716736E-15
1475.  1.720041E-15
1476.  1.723325E-15
1477.  1.726587E-15
1478.  1.729827E-15
1479.  1.733043E-15
1480.  1.736236E-15
1481.  1.739403E-15
1482.  1.742545E-15
1483.  1.745660E-15
1484.  1.748748E-15
1485.  1.751808E-15
1486.  1.754838E-15
1487.  1.757839E-15
1488.  1.760809E-15
1489.  1.763748E-15
1490.  1.766654E-15
1491.  1.769527E-15
1492.  1.772366E-15
1493.  1.775171E-15
1494.  1.777940E-15
1495.  1.780672E-15
1496.  1.783368E-15
1497.  1.786026E-15
1498.  1.788645E-15
1499.  1.791225E-15
1500.  1.793764E-15
1501.  1.796263E-15
1502.  1.798720E-15
1503.  1.801135E-15
1504.  1.803506E-15
1505.  1.805834E-15
1506.  1.808116E-15
1507.  1.810354E-15
1508.  1.812545E-15
1509.  1.814690E-15
1510.  1.816787E-15
1511.  1.818836E-15
1512.  1.820836E-15
1513.  1.822787E-15
1514.  1.824688E-15
1515.  1.826537E-15
1516.  1.828335E-15
1517.  1.830082E-15
1518.  1.831775E-15
1519.  1.833415E-15
1520.  1.835001E-15
1521.  1.836533E-15
1522.  1.838009E-15
1523.  1.839429E-15
1524.  1.840793E-15
1525.  1.842100E-15
1526.  1.843350E-15
1527.  1.844542E-15
1528.  1.845675E-15
1529.  1.846749E-15
1530.  1.847764E-15
1531.  1.848718E-15
1532.  1.849612E-15
1533.  1.850446E-15
1534.  1.851217E-15
1535.  1.851927E-15
1536.  1.852574E-15
1537.  1.853158E-15
1538.  1.853680E-15
1539.  1.854137E-15
1540.  1.854530E-15
1541.  1.854860E-15
1542.  1.855124E-15
1543.  1.855323E-15
1544.  1.855457E-15
1545.  1.855525E-15
1546.  1.855526E-15
1547.  1.855461E-15
1548.  1.855330E-15
1549.  1.855131E-15
1550.  1.854865E-15
1551.  1.854532E-15
1552.  1.854131E-15
1553.  1.853661E-15
1554.  1.853123E-15
1555.  1.852517E-15
1556.  1.851842E-15
1557.  1.851098E-15
1558.  1.850285E-15
1559.  1.849403E-15
1560.  1.848452E-15
1561.  1.847430E-15
1562.  1.846340E-15
1563.  1.845179E-15
1564.  1.843948E-15
1565.  1.842648E-15
1566.  1.841278E-15
1567.  1.839837E-15
1568.  1.838327E-15
1569.  1.836746E-15
1570.  1.835095E-15
1571.  1.833374E-15
1572.  1.831582E-15
1573.  1.829720E-15
1574.  1.827789E-15
1575.  1.825786E-15
1576.  1.823714E-15
1577.  1.821572E-15
1578.  1.819360E-15
1579.  1.817078E-15
1580.  1.814726E-15
1581.  1.812304E-15
1582.  1.809814E-15
1583.  1.807253E-15
1584.  1.804623E-15
1585.  1.801924E-15
1586.  1.799156E-15
1587.  1.796320E-15
1588.  1.793414E-15
1589.  1.790440E-15
1590.  1.787399E-15
1591.  1.784288E-15
1592.  1.781111E-15
1593.  1.777866E-15
1594.  1.774554E-15
1595.  1.771174E-15
1596.  1.767728E-15
1597.  1.764216E-15
1598.  1.760638E-15
1599.  1.756993E-15
1600.  1.753283E-15
1601.  1.749509E-15
1602.  1.745669E-15
1603.  1.741765E-15
1604.  1.737798E-15
1605.  1.733766E-15
1606.  1.729671E-15
1607.  1.725513E-15
1608.  1.721293E-15
1609.  1.717011E-15
1610.  1.712667E-15
1611.  1.708262E-15
1612.  1.703796E-15
1613.  1.699270E-15
1614.  1.694684E-15
1615.  1.690039E-15
1616.  1.685334E-15
1617.  1.680572E-15
1618.  1.675752E-15
1619.  1.670874E-15
1620.  1.665940E-15
1621.  1.660949E-15
1622.  1.655903E-15
1623.  1.650801E-15
1624.  1.645645E-15
1625.  1.640434E-15
1626.  1.635171E-15
1627.  1.629854E-15
1628.  1.624485E-15
1629.  1.619065E-15
1630.  1.613593E-15
1631.  1.608071E-15
1632.  1.602499E-15
1633.  1.596878E-15
1634.  1.591208E-15
1635.  1.585490E-15
1636.  1.579726E-15
1637.  1.573915E-15
1638.  1.568057E-15
1639.  1.562155E-15
1640.  1.556208E-15
1641.  1.550217E-15
1642.  1.544184E-15
1643.  1.538107E-15
1644.  1.531990E-15
1645.  1.525831E-15
1646.  1.519632E-15
1647.  1.513393E-15
1648.  1.507116E-15
1649.  1.500801E-15
1650.  1.494448E-15
1651.  1.488060E-15
1652.  1.481635E-15
1653.  1.475176E-15
1654.  1.468682E-15
1655.  1.462155E-15
1656.  1.455596E-15
1657.  1.449004E-15
1658.  1.442382E-15
1659.  1.435730E-15
1660.  1.429048E-15
1661.  1.422338E-15
1662.  1.415600E-15
1663.  1.408836E-15
1664.  1.402045E-15
1665.  1.395229E-15
1666.  1.388389E-15
1667.  1.381526E-15
1668.  1.374639E-15
1669.  1.367731E-15
1670.  1.360802E-15
1671.  1.353853E-15
1672.  1.346884E-15
1673.  1.339898E-15
1674.  1.332893E-15
1675.  1.325873E-15
1676.  1.318836E-15
1677.  1.311784E-15
1678.  1.304719E-15
1679.  1.297640E-15
1680.  1.290550E-15
1681.  1.283447E-15
1682.  1.276335E-15
1683.  1.269212E-15
1684.  1.262081E-15
1685.  1.254943E-15
1686.  1.247797E-15
1687.  1.240645E-15
1688.  1.233488E-15
1689.  1.226327E-15
1690.  1.219162E-15
1691.  1.211995E-15
1692.  1.204827E-15
1693.  1.197657E-15
1694.  1.190488E-15
1695.  1.183320E-15
1696.  1.176154E-15
1697.  1.168991E-15
1698.  1.161831E-15
1699.  1.154676E-15
1700.  1.147527E-15
1701.  1.140383E-15
1702.  1.133247E-15
1703.  1.126120E-15
1704.  1.119001E-15
1705.  1.111892E-15
1706.  1.104794E-15
1707.  1.097707E-15
1708.  1.090633E-15
1709.  1.083572E-15
1710.  1.076525E-15
1711.  1.069493E-15
1712.  1.062477E-15
1713.  1.055478E-15
1714.  1.048497E-15
1715.  1.041533E-15
1716.  1.034589E-15
1717.  1.027665E-15
1718.  1.020762E-15
1719.  1.013880E-15
1720.  1.007021E-15
1721.  1.000185E-15
1722.  9.933731E-16
1723.  9.865863E-16
1724.  9.798248E-16
1725.  9.730900E-16
1726.  9.663822E-16
1727.  9.597025E-16
1728.  9.530513E-16
1729.  9.464297E-16
1730.  9.398385E-16
1731.  9.332782E-16
1732.  9.267495E-16
1733.  9.202532E-16
1734.  9.137904E-16
1735.  9.073610E-16
1736.  9.009665E-16
1737.  8.946072E-16
1738.  8.882839E-16
1739.  8.819971E-16
1740.  8.757478E-16
1741.  8.695365E-16
1742.  8.633638E-16
1743.  8.572305E-16
1744.  8.511369E-16
1745.  8.450842E-16
1746.  8.390726E-16
1747.  8.331029E-16
1748.  8.271755E-16
1749.  8.212912E-16
1750.  8.154507E-16
1751.  8.096541E-16
1752.  8.039028E-16
1753.  7.981963E-16
1754.  7.925360E-16
1755.  7.869223E-16
1756.  7.813555E-16
1757.  7.758361E-16
1758.  7.703649E-16
1759.  7.649422E-16
1760.  7.595686E-16
1761.  7.542447E-16
1762.  7.489707E-16
1763.  7.437473E-16
1764.  7.385749E-16
1765.  7.334540E-16
1766.  7.283848E-16
1767.  7.233681E-16
1768.  7.184041E-16
1769.  7.134933E-16
1770.  7.086361E-16
1771.  7.038329E-16
1772.  6.990841E-16
1773.  6.943900E-16
1774.  6.897510E-16
1775.  6.851675E-16
1776.  6.806398E-16
1777.  6.761685E-16
1778.  6.717536E-16
1779.  6.673954E-16
1780.  6.630944E-16
1781.  6.588511E-16
1782.  6.546653E-16
1783.  6.505377E-16
1784.  6.464684E-16
1785.  6.424577E-16
1786.  6.385058E-16
1787.  6.346131E-16
1788.  6.307796E-16
1789.  6.270058E-16
1790.  6.232917E-16
1791.  6.196377E-16
1792.  6.160440E-16
1793.  6.125107E-16
1794.  6.090379E-16
1795.  6.056259E-16
1796.  6.022749E-16
1797.  5.989851E-16
1798.  5.957565E-16
1799.  5.925893E-16
1800.  5.894836E-16
1801.  5.864398E-16
1802.  5.834576E-16
1803.  5.805374E-16
1804.  5.776794E-16
1805.  5.748833E-16
1806.  5.721495E-16
1807.  5.694779E-16
1808.  5.668686E-16
1809.  5.643219E-16
1810.  5.618377E-16
1811.  5.594160E-16
1812.  5.570569E-16
1813.  5.547603E-16
1814.  5.525264E-16
1815.  5.503551E-16
1816.  5.482464E-16
1817.  5.462005E-16
1818.  5.442172E-16
1819.  5.422964E-16
1820.  5.404385E-16
1821.  5.386429E-16
1822.  5.369100E-16
1823.  5.352397E-16
1824.  5.336317E-16
1825.  5.320863E-16
1826.  5.306031E-16
1827.  5.291823E-16
1828.  5.278237E-16
1829.  5.265271E-16
1830.  5.252927E-16
1831.  5.241203E-16
1832.  5.230094E-16
1833.  5.219605E-16
1834.  5.209731E-16
1835.  5.200474E-16
1836.  5.191829E-16
1837.  5.183796E-16
1838.  5.176373E-16
1839.  5.169561E-16
1840.  5.163355E-16
1841.  5.157757E-16
1842.  5.152763E-16
1843.  5.148372E-16
1844.  5.144581E-16
1845.  5.141389E-16
1846.  5.138794E-16
1847.  5.136795E-16
1848.  5.135389E-16
1849.  5.134574E-16
1850.  5.134346E-16
1851.  5.134705E-16
1852.  5.135650E-16
1853.  5.137174E-16
1854.  5.139279E-16
1855.  5.141960E-16
1856.  5.145216E-16
1857.  5.149043E-16
1858.  5.153440E-16
1859.  5.158401E-16
1860.  5.163927E-16
1861.  5.170014E-16
1862.  5.176657E-16
1863.  5.183854E-16
1864.  5.191604E-16
1865.  5.199902E-16
1866.  5.208745E-16
1867.  5.218131E-16
1868.  5.228054E-16
1869.  5.238513E-16
1870.  5.249503E-16
1871.  5.261021E-16
1872.  5.273064E-16
1873.  5.285630E-16
1874.  5.298711E-16
1875.  5.312307E-16
1876.  5.326413E-16
1877.  5.341023E-16
1878.  5.356137E-16
1879.  5.371748E-16
1880.  5.387854E-16
1881.  5.404449E-16
1882.  5.421530E-16
1883.  5.439092E-16
1884.  5.457133E-16
1885.  5.475644E-16
1886.  5.494624E-16
1887.  5.514069E-16
1888.  5.533973E-16
1889.  5.554331E-16
1890.  5.575140E-16
1891.  5.596394E-16
1892.  5.618087E-16
1893.  5.640217E-16
1894.  5.662776E-16
1895.  5.685764E-16
1896.  5.709170E-16
1897.  5.732992E-16
1898.  5.757224E-16
1899.  5.781862E-16
1900.  5.806899E-16
1901.  5.832330E-16
1902.  5.858151E-16
1903.  5.884355E-16
1904.  5.910937E-16
1905.  5.937893E-16
1906.  5.965215E-16
1907.  5.992897E-16
1908.  6.020936E-16
1909.  6.049322E-16
1910.  6.078054E-16
1911.  6.107123E-16
1912.  6.136525E-16
1913.  6.166253E-16
1914.  6.196299E-16
1915.  6.226660E-16
1916.  6.257328E-16
1917.  6.288297E-16
1918.  6.319561E-16
1919.  6.351114E-16
1920.  6.382950E-16
1921.  6.415060E-16
1922.  6.447441E-16
1923.  6.480085E-16
1924.  6.512985E-16
1925.  6.546134E-16
1926.  6.579526E-16
1927.  6.613155E-16
1928.  6.647014E-16
1929.  6.681095E-16
1930.  6.715393E-16
1931.  6.749902E-16
1932.  6.784611E-16
1933.  6.819515E-16
1934.  6.854610E-16
1935.  6.889886E-16
1936.  6.925335E-16
1937.  6.960954E-16
1938.  6.996732E-16
1939.  7.032665E-16
1940.  7.068744E-16
1941.  7.104961E-16
1942.  7.141314E-16
1943.  7.177789E-16
1944.  7.214384E-16
1945.  7.251088E-16
1946.  7.287896E-16
1947.  7.324801E-16
1948.  7.361796E-16
1949.  7.398871E-16
1950.  7.436023E-16
1951.  7.473240E-16
1952.  7.510519E-16
1953.  7.547850E-16
1954.  7.585228E-16
1955.  7.622644E-16
1956.  7.660091E-16
1957.  7.697562E-16
1958.  7.735049E-16
1959.  7.772547E-16
1960.  7.810047E-16
1961.  7.847542E-16
1962.  7.885025E-16
1963.  7.922488E-16
1964.  7.959925E-16
1965.  7.997330E-16
1966.  8.034692E-16
1967.  8.072008E-16
1968.  8.109268E-16
1969.  8.146467E-16
1970.  8.183597E-16
1971.  8.220651E-16
1972.  8.257622E-16
1973.  8.294503E-16
1974.  8.331288E-16
1975.  8.367969E-16
1976.  8.404538E-16
1977.  8.440993E-16
1978.  8.477322E-16
1979.  8.513522E-16
1980.  8.549584E-16
1981.  8.585502E-16
1982.  8.621269E-16
1983.  8.656879E-16
1984.  8.692328E-16
1985.  8.727605E-16
1986.  8.762706E-16
1987.  8.797624E-16
1988.  8.832355E-16
1989.  8.866891E-16
1990.  8.901226E-16
1991.  8.935353E-16
1992.  8.969268E-16
1993.  9.002964E-16
1994.  9.036435E-16
1995.  9.069675E-16
1996.  9.102681E-16
1997.  9.135443E-16
1998.  9.167956E-16
1999.  9.200219E-16
2000.  9.232224E-16
2001.  9.263962E-16
2002.  9.295434E-16
2003.  9.326630E-16
2004.  9.357548E-16
2005.  9.388181E-16
2006.  9.418526E-16
2007.  9.448574E-16
2008.  9.478324E-16
2009.  9.507771E-16
2010.  9.536909E-16
2011.  9.565736E-16
2012.  9.594244E-16
2013.  9.622430E-16
2014.  9.650291E-16
2015.  9.677824E-16
2016.  9.705020E-16
2017.  9.731879E-16
2018.  9.758394E-16
2019.  9.784566E-16
2020.  9.810389E-16
2021.  9.835857E-16
2022.  9.860968E-16
2023.  9.885719E-16
2024.  9.910108E-16
2025.  9.934132E-16
2026.  9.957785E-16
2027.  9.981065E-16
2028.  1.000397E-15
2029.  1.002650E-15
2030.  1.004864E-15
2031.  1.007040E-15
2032.  1.009178E-15
2033.  1.011276E-15
2034.  1.013336E-15
2035.  1.015356E-15
2036.  1.017337E-15
2037.  1.019279E-15
2038.  1.021180E-15
2039.  1.023041E-15
2040.  1.024862E-15
2041.  1.026642E-15
2042.  1.028382E-15
2043.  1.030082E-15
2044.  1.031741E-15
2045.  1.033359E-15
2046.  1.034935E-15
2047.  1.036471E-15
2048.  1.037966E-15
2049.  1.039419E-15
2050.  1.040831E-15
2051.  1.042202E-15
2052.  1.043531E-15
2053.  1.044819E-15
2054.  1.046066E-15
2055.  1.047271E-15
2056.  1.048435E-15
2057.  1.049557E-15
2058.  1.050639E-15
2059.  1.051678E-15
2060.  1.052677E-15
2061.  1.053635E-15
2062.  1.054551E-15
2063.  1.055427E-15
2064.  1.056262E-15
2065.  1.057055E-15
2066.  1.057809E-15
2067.  1.058521E-15
2068.  1.059194E-15
2069.  1.059826E-15
2070.  1.060418E-15
2071.  1.060971E-15
2072.  1.061483E-15
2073.  1.061956E-15
2074.  1.062390E-15
2075.  1.062785E-15
2076.  1.063142E-15
2077.  1.063459E-15
2078.  1.063739E-15
2079.  1.063980E-15
2080.  1.064184E-15
2081.  1.064350E-15
2082.  1.064479E-15
2083.  1.064571E-15
2084.  1.064627E-15
2085.  1.064647E-15
2086.  1.064631E-15
2087.  1.064579E-15
2088.  1.064492E-15
2089.  1.064371E-15
2090.  1.064215E-15
2091.  1.064026E-15
2092.  1.063803E-15
2093.  1.063547E-15
2094.  1.063258E-15
2095.  1.062937E-15
2096.  1.062584E-15
2097.  1.062200E-15
2098.  1.061786E-15
2099.  1.061341E-15
2100.  1.060866E-15
2101.  1.060361E-15
2102.  1.059829E-15
2103.  1.059267E-15
2104.  1.058678E-15
2105.  1.058062E-15
2106.  1.057419E-15
2107.  1.056750E-15
2108.  1.056055E-15
2109.  1.055336E-15
2110.  1.054592E-15
2111.  1.053824E-15
2112.  1.053033E-15
2113.  1.052220E-15
2114.  1.051384E-15
2115.  1.050528E-15
2116.  1.049650E-15
2117.  1.048753E-15
2118.  1.047836E-15
2119.  1.046901E-15
2120.  1.045947E-15
2121.  1.044977E-15
2122.  1.043989E-15
2123.  1.042985E-15
2124.  1.041966E-15
2125.  1.040933E-15
2126.  1.039885E-15
2127.  1.038825E-15
2128.  1.037752E-15
2129.  1.036667E-15
2130.  1.035571E-15
2131.  1.034464E-15
2132.  1.033348E-15
2133.  1.032224E-15
2134.  1.031091E-15
2135.  1.029951E-15
2136.  1.028804E-15
2137.  1.027652E-15
2138.  1.026494E-15
2139.  1.025332E-15
2140.  1.024166E-15
2141.  1.022998E-15
2142.  1.021828E-15
2143.  1.020656E-15
2144.  1.019484E-15
2145.  1.018312E-15
2146.  1.017141E-15
2147.  1.015972E-15
2148.  1.014805E-15
2149.  1.013642E-15
2150.  1.012483E-15
2151.  1.011329E-15
2152.  1.010181E-15
2153.  1.009039E-15
2154.  1.007904E-15
2155.  1.006776E-15
2156.  1.005658E-15
2157.  1.004549E-15
2158.  1.003451E-15
2159.  1.002363E-15
2160.  1.001287E-15
2161.  1.000223E-15
2162.  9.991730E-16
2163.  9.981364E-16
2164.  9.971147E-16
2165.  9.961080E-16
2166.  9.951175E-16
2167.  9.941439E-16
2168.  9.931875E-16
2169.  9.922493E-16
2170.  9.913302E-16
2171.  9.904305E-16
2172.  9.895509E-16
2173.  9.886922E-16
2174.  9.878551E-16
2175.  9.870403E-16
2176.  9.862479E-16
2177.  9.854792E-16
2178.  9.847346E-16
2179.  9.840145E-16
2180.  9.833198E-16
2181.  9.826508E-16
2182.  9.820084E-16
2183.  9.813929E-16
2184.  9.808049E-16
2185.  9.802450E-16
2186.  9.797137E-16
2187.  9.792116E-16
2188.  9.787389E-16
2189.  9.782966E-16
2190.  9.778849E-16
2191.  9.775042E-16
2192.  9.771550E-16
2193.  9.768377E-16
2194.  9.765530E-16
2195.  9.763010E-16
2196.  9.760822E-16
2197.  9.758969E-16
2198.  9.757460E-16
2199.  9.756289E-16
2200.  9.755468E-16
2201.  9.754995E-16
2202.  9.754875E-16
2203.  9.755111E-16
2204.  9.755706E-16
2205.  9.756661E-16
2206.  9.757983E-16
2207.  9.759668E-16
2208.  9.761723E-16
2209.  9.764147E-16
2210.  9.766942E-16
2211.  9.770114E-16
2212.  9.773659E-16
2213.  9.777581E-16
2214.  9.781882E-16
2215.  9.786559E-16
2216.  9.791618E-16
2217.  9.797056E-16
2218.  9.802875E-16
2219.  9.809076E-16
2220.  9.815657E-16
2221.  9.822621E-16
2222.  9.829966E-16
2223.  9.837693E-16
2224.  9.845799E-16
2225.  9.854284E-16
2226.  9.863150E-16
2227.  9.872392E-16
2228.  9.882014E-16
2229.  9.892011E-16
2230.  9.902383E-16
2231.  9.913126E-16
2232.  9.924242E-16
2233.  9.935724E-16
2234.  9.947576E-16
2235.  9.959795E-16
2236.  9.972373E-16
2237.  9.985311E-16
2238.  9.998611E-16
2239.  1.001226E-15
2240.  1.002627E-15
2241.  1.004062E-15
2242.  1.005532E-15
2243.  1.007036E-15
2244.  1.008574E-15
2245.  1.010145E-15
2246.  1.011750E-15
2247.  1.013387E-15
2248.  1.015057E-15
2249.  1.016759E-15
2250.  1.018492E-15
2251.  1.020256E-15
2252.  1.022052E-15
2253.  1.023877E-15
2254.  1.025732E-15
2255.  1.027616E-15
2256.  1.029529E-15
2257.  1.031470E-15
2258.  1.033438E-15
2259.  1.035435E-15
2260.  1.037457E-15
2261.  1.039506E-15
2262.  1.041581E-15
2263.  1.043680E-15
2264.  1.045804E-15
2265.  1.047952E-15
2266.  1.050123E-15
2267.  1.052317E-15
2268.  1.054532E-15
2269.  1.056770E-15
2270.  1.059028E-15
2271.  1.061307E-15
2272.  1.063605E-15
2273.  1.065922E-15
2274.  1.068258E-15
2275.  1.070611E-15
2276.  1.072982E-15
2277.  1.075368E-15
2278.  1.077771E-15
2279.  1.080189E-15
2280.  1.082621E-15
2281.  1.085067E-15
2282.  1.087526E-15
2283.  1.089998E-15
2284.  1.092481E-15
2285.  1.094976E-15
2286.  1.097481E-15
2287.  1.099996E-15
2288.  1.102519E-15
2289.  1.105052E-15
2290.  1.107591E-15
2291.  1.110138E-15
2292.  1.112691E-15
2293.  1.115250E-15
2294.  1.117814E-15
2295.  1.120382E-15
2296.  1.122953E-15
2297.  1.125527E-15
2298.  1.128104E-15
2299.  1.130682E-15
2300.  1.133261E-15
2301.  1.135840E-15
2302.  1.138418E-15
2303.  1.140995E-15
2304.  1.143571E-15
2305.  1.146143E-15
2306.  1.148713E-15
2307.  1.151278E-15
2308.  1.153839E-15
2309.  1.156395E-15
2310.  1.158945E-15
2311.  1.161488E-15
2312.  1.164023E-15
2313.  1.166551E-15
2314.  1.169071E-15
2315.  1.171581E-15
2316.  1.174081E-15
2317.  1.176571E-15
2318.  1.179050E-15
2319.  1.181517E-15
2320.  1.183972E-15
2321.  1.186414E-15
2322.  1.188842E-15
2323.  1.191256E-15
2324.  1.193655E-15
2325.  1.196039E-15
2326.  1.198407E-15
2327.  1.200758E-15
2328.  1.203092E-15
2329.  1.205408E-15
2330.  1.207706E-15
2331.  1.209985E-15
2332.  1.212245E-15
2333.  1.214484E-15
2334.  1.216703E-15
2335.  1.218901E-15
2336.  1.221077E-15
2337.  1.223231E-15
2338.  1.225363E-15
2339.  1.227470E-15
2340.  1.229555E-15
2341.  1.231614E-15
2342.  1.233650E-15
2343.  1.235659E-15
2344.  1.237643E-15
2345.  1.239601E-15
2346.  1.241532E-15
2347.  1.243435E-15
2348.  1.245311E-15
2349.  1.247159E-15
2350.  1.248978E-15
2351.  1.250768E-15
2352.  1.252528E-15
2353.  1.254259E-15
2354.  1.255959E-15
2355.  1.257628E-15
2356.  1.259265E-15
2357.  1.260871E-15
2358.  1.262445E-15
2359.  1.263987E-15
2360.  1.265495E-15
2361.  1.266970E-15
2362.  1.268412E-15
2363.  1.269819E-15
2364.  1.271191E-15
2365.  1.272529E-15
2366.  1.273832E-15
2367.  1.275099E-15
2368.  1.276330E-15
2369.  1.277525E-15
2370.  1.278683E-15
2371.  1.279804E-15
2372.  1.280888E-15
2373.  1.281935E-15
2374.  1.282943E-15
2375.  1.283914E-15
2376.  1.284845E-15
2377.  1.285738E-15
2378.  1.286592E-15
2379.  1.287406E-15
2380.  1.288181E-15
2381.  1.288915E-15
2382.  1.289610E-15
2383.  1.290264E-15
2384.  1.290877E-15
2385.  1.291449E-15
2386.  1.291980E-15
2387.  1.292469E-15
2388.  1.292917E-15
2389.  1.293323E-15
2390.  1.293686E-15
2391.  1.294007E-15
2392.  1.294286E-15
2393.  1.294522E-15
2394.  1.294715E-15
2395.  1.294865E-15
2396.  1.294971E-15
2397.  1.295034E-15
2398.  1.295053E-15
2399.  1.295029E-15
2400.  1.294960E-15
2401.  1.294848E-15
2402.  1.294691E-15
2403.  1.294489E-15
2404.  1.294244E-15
2405.  1.293953E-15
2406.  1.293618E-15
2407.  1.293238E-15
2408.  1.292813E-15
2409.  1.292343E-15
2410.  1.291828E-15
2411.  1.291267E-15
2412.  1.290662E-15
2413.  1.290011E-15
2414.  1.289314E-15
2415.  1.288573E-15
2416.  1.287785E-15
2417.  1.286953E-15
2418.  1.286074E-15
2419.  1.285151E-15
2420.  1.284181E-15
2421.  1.283166E-15
2422.  1.282106E-15
2423.  1.281000E-15
2424.  1.279849E-15
2425.  1.278652E-15
2426.  1.277410E-15
2427.  1.276122E-15
2428.  1.274789E-15
2429.  1.273410E-15
2430.  1.271987E-15
2431.  1.270518E-15
2432.  1.269004E-15
2433.  1.267446E-15
2434.  1.265842E-15
2435.  1.264194E-15
2436.  1.262501E-15
2437.  1.260764E-15
2438.  1.258982E-15
2439.  1.257156E-15
2440.  1.255286E-15
2441.  1.253373E-15
2442.  1.251415E-15
2443.  1.249414E-15
2444.  1.247369E-15
2445.  1.245282E-15
2446.  1.243151E-15
2447.  1.240978E-15
2448.  1.238762E-15
2449.  1.236504E-15
2450.  1.234203E-15
2451.  1.231861E-15
2452.  1.229477E-15
2453.  1.227052E-15
2454.  1.224586E-15
2455.  1.222079E-15
2456.  1.219532E-15
2457.  1.216944E-15
2458.  1.214317E-15
2459.  1.211650E-15
2460.  1.208943E-15
2461.  1.206198E-15
2462.  1.203414E-15
2463.  1.200591E-15
2464.  1.197731E-15
2465.  1.194833E-15
2466.  1.191898E-15
2467.  1.188926E-15
2468.  1.185917E-15
2469.  1.182873E-15
2470.  1.179793E-15
2471.  1.176677E-15
2472.  1.173526E-15
2473.  1.170341E-15
2474.  1.167122E-15
2475.  1.163869E-15
2476.  1.160583E-15
2477.  1.157265E-15
2478.  1.153914E-15
2479.  1.150530E-15
2480.  1.147116E-15
2481.  1.143670E-15
2482.  1.140194E-15
2483.  1.136688E-15
2484.  1.133152E-15
2485.  1.129588E-15
2486.  1.125995E-15
2487.  1.122373E-15
2488.  1.118724E-15
2489.  1.115048E-15
2490.  1.111345E-15
2491.  1.107616E-15
2492.  1.103862E-15
2493.  1.100083E-15
2494.  1.096279E-15
2495.  1.092451E-15
2496.  1.088600E-15
2497.  1.084725E-15
2498.  1.080829E-15
2499.  1.076910E-15
2500.  1.072970E-15
2501.  1.069010E-15
2502.  1.065029E-15
2503.  1.061028E-15
2504.  1.057009E-15
2505.  1.052970E-15
2506.  1.048914E-15
2507.  1.044841E-15
2508.  1.040750E-15
2509.  1.036644E-15
2510.  1.032521E-15
2511.  1.028383E-15
2512.  1.024231E-15
2513.  1.020064E-15
2514.  1.015884E-15
2515.  1.011691E-15
2516.  1.007486E-15
2517.  1.003269E-15
2518.  9.990401E-16
2519.  9.948008E-16
2520.  9.905515E-16
2521.  9.862926E-16
2522.  9.820244E-16
2523.  9.777479E-16
2524.  9.734634E-16
2525.  9.691715E-16
2526.  9.648727E-16
2527.  9.605675E-16
2528.  9.562566E-16
2529.  9.519406E-16
2530.  9.476198E-16
2531.  9.432947E-16
2532.  9.389663E-16
2533.  9.346346E-16
2534.  9.303001E-16
2535.  9.259637E-16
2536.  9.216256E-16
2537.  9.172867E-16
2538.  9.129470E-16
2539.  9.086073E-16
2540.  9.042680E-16
2541.  8.999297E-16
2542.  8.955927E-16
2543.  8.912577E-16
2544.  8.869249E-16
2545.  8.825950E-16
2546.  8.782683E-16
2547.  8.739454E-16
2548.  8.696266E-16
2549.  8.653124E-16
2550.  8.610034E-16
2551.  8.566998E-16
2552.  8.524021E-16
2553.  8.481107E-16
2554.  8.438260E-16
2555.  8.395484E-16
2556.  8.352785E-16
2557.  8.310163E-16
2558.  8.267624E-16
2559.  8.225173E-16
2560.  8.182810E-16
2561.  8.140543E-16
2562.  8.098373E-16
2563.  8.056303E-16
2564.  8.014338E-16
2565.  7.972478E-16
2566.  7.930730E-16
2567.  7.889095E-16
2568.  7.847576E-16
2569.  7.806176E-16
2570.  7.764900E-16
2571.  7.723748E-16
2572.  7.682725E-16
2573.  7.641832E-16
2574.  7.601070E-16
2575.  7.560445E-16
2576.  7.519956E-16
2577.  7.479608E-16
2578.  7.439402E-16
2579.  7.399339E-16
2580.  7.359424E-16
2581.  7.319655E-16
2582.  7.280037E-16
2583.  7.240571E-16
2584.  7.201256E-16
2585.  7.162098E-16
2586.  7.123095E-16
2587.  7.084250E-16
2588.  7.045563E-16
2589.  7.007038E-16
2590.  6.968675E-16
2591.  6.930472E-16
2592.  6.892433E-16
2593.  6.854559E-16
2594.  6.816849E-16
2595.  6.779308E-16
2596.  6.741930E-16
2597.  6.704719E-16
2598.  6.667678E-16
2599.  6.630805E-16
2600.  6.594099E-16
2601.  6.557563E-16
2602.  6.521195E-16
2603.  6.484997E-16
2604.  6.448967E-16
2605.  6.413106E-16
2606.  6.377415E-16
2607.  6.341892E-16
2608.  6.306538E-16
2609.  6.271353E-16
2610.  6.236335E-16
2611.  6.201486E-16
2612.  6.166802E-16
2613.  6.132286E-16
2614.  6.097936E-16
2615.  6.063751E-16
2616.  6.029730E-16
2617.  5.995874E-16
2618.  5.962180E-16
2619.  5.928647E-16
2620.  5.895277E-16
2621.  5.862067E-16
2622.  5.829015E-16
2623.  5.796122E-16
2624.  5.763386E-16
2625.  5.730805E-16
2626.  5.698378E-16
2627.  5.666106E-16
2628.  5.633985E-16
2629.  5.602014E-16
2630.  5.570193E-16
2631.  5.538522E-16
2632.  5.506993E-16
2633.  5.475612E-16
2634.  5.444374E-16
2635.  5.413277E-16
2636.  5.382323E-16
2637.  5.351504E-16
2638.  5.320825E-16
2639.  5.290281E-16
2640.  5.259871E-16
2641.  5.229595E-16
2642.  5.199447E-16
2643.  5.169430E-16
2644.  5.139539E-16
2645.  5.109774E-16
2646.  5.080135E-16
2647.  5.050616E-16
2648.  5.021219E-16
2649.  4.991940E-16
2650.  4.962778E-16
2651.  4.933733E-16
2652.  4.904799E-16
2653.  4.875981E-16
2654.  4.847270E-16
2655.  4.818669E-16
2656.  4.790176E-16
2657.  4.761786E-16
2658.  4.733503E-16
2659.  4.705319E-16
2660.  4.677237E-16
2661.  4.649253E-16
2662.  4.621366E-16
2663.  4.593575E-16
2664.  4.565879E-16
2665.  4.538275E-16
2666.  4.510762E-16
2667.  4.483339E-16
2668.  4.456003E-16
2669.  4.428755E-16
2670.  4.401591E-16
2671.  4.374511E-16
2672.  4.347515E-16
2673.  4.320600E-16
2674.  4.293765E-16
2675.  4.267007E-16
2676.  4.240330E-16
2677.  4.213726E-16
2678.  4.187200E-16
2679.  4.160747E-16
2680.  4.134367E-16
2681.  4.108060E-16
2682.  4.081823E-16
2683.  4.055657E-16
2684.  4.029560E-16
2685.  4.003533E-16
2686.  3.977572E-16
2687.  3.951678E-16
2688.  3.925852E-16
2689.  3.900090E-16
2690.  3.874393E-16
2691.  3.848762E-16
2692.  3.823193E-16
2693.  3.797687E-16
2694.  3.772244E-16
2695.  3.746866E-16
2696.  3.721548E-16
2697.  3.696292E-16
2698.  3.671097E-16
2699.  3.645965E-16
2700.  3.620894E-16
2701.  3.595883E-16
2702.  3.570933E-16
2703.  3.546043E-16
2704.  3.521215E-16
2705.  3.496449E-16
2706.  3.471742E-16
2707.  3.447098E-16
2708.  3.422514E-16
2709.  3.397992E-16
2710.  3.373533E-16
2711.  3.349135E-16
2712.  3.324800E-16
2713.  3.300527E-16
2714.  3.276319E-16
2715.  3.252173E-16
2716.  3.228093E-16
2717.  3.204076E-16
2718.  3.180126E-16
2719.  3.156241E-16
2720.  3.132424E-16
2721.  3.108673E-16
2722.  3.084990E-16
2723.  3.061377E-16
2724.  3.037833E-16
2725.  3.014359E-16
2726.  2.990956E-16
2727.  2.967626E-16
2728.  2.944369E-16
2729.  2.921185E-16
2730.  2.898077E-16
2731.  2.875044E-16
2732.  2.852088E-16
2733.  2.829210E-16
2734.  2.806410E-16
2735.  2.783691E-16
2736.  2.761053E-16
2737.  2.738496E-16
2738.  2.716023E-16
2739.  2.693633E-16
2740.  2.671330E-16
2741.  2.649111E-16
2742.  2.626982E-16
2743.  2.604942E-16
2744.  2.582989E-16
2745.  2.561129E-16
2746.  2.539361E-16
2747.  2.517686E-16
2748.  2.496106E-16
2749.  2.474621E-16
2750.  2.453233E-16
2751.  2.431943E-16
2752.  2.410752E-16
2753.  2.389661E-16
2754.  2.368672E-16
2755.  2.347785E-16
2756.  2.327002E-16
2757.  2.306324E-16
2758.  2.285751E-16
2759.  2.265286E-16
2760.  2.244928E-16
2761.  2.224681E-16
2762.  2.204543E-16
2763.  2.184516E-16
2764.  2.164601E-16
2765.  2.144800E-16
2766.  2.125113E-16
2767.  2.105541E-16
2768.  2.086085E-16
2769.  2.066747E-16
2770.  2.047526E-16
2771.  2.028424E-16
2772.  2.009442E-16
2773.  1.990579E-16
2774.  1.971839E-16
2775.  1.953220E-16
2776.  1.934726E-16
2777.  1.916351E-16
2778.  1.898103E-16
2779.  1.879980E-16
2780.  1.861980E-16
2781.  1.844109E-16
2782.  1.826362E-16
2783.  1.808743E-16
2784.  1.791251E-16
2785.  1.773888E-16
2786.  1.756653E-16
2787.  1.739546E-16
2788.  1.722569E-16
2789.  1.705721E-16
2790.  1.689002E-16
2791.  1.672414E-16
2792.  1.655956E-16
2793.  1.639628E-16
2794.  1.623430E-16
2795.  1.607364E-16
2796.  1.591427E-16
2797.  1.575621E-16
2798.  1.559947E-16
2799.  1.544404E-16
2800.  1.528989E-16
2801.  1.513707E-16
2802.  1.498554E-16
2803.  1.483531E-16
2804.  1.468640E-16
2805.  1.453877E-16
2806.  1.439244E-16
2807.  1.424740E-16
2808.  1.410365E-16
2809.  1.396119E-16
2810.  1.382000E-16
2811.  1.368009E-16
2812.  1.354146E-16
2813.  1.340410E-16
2814.  1.326799E-16
2815.  1.313315E-16
2816.  1.299955E-16
2817.  1.286721E-16
2818.  1.273609E-16
2819.  1.260622E-16
2820.  1.247757E-16
2821.  1.235013E-16
2822.  1.222391E-16
2823.  1.209890E-16
2824.  1.197508E-16
2825.  1.185245E-16
2826.  1.173100E-16
2827.  1.161072E-16
2828.  1.149162E-16
2829.  1.137365E-16
2830.  1.125685E-16
2831.  1.114117E-16
2832.  1.102662E-16
2833.  1.091320E-16
2834.  1.080089E-16
2835.  1.068967E-16
2836.  1.057955E-16
2837.  1.047050E-16
2838.  1.036253E-16
2839.  1.025563E-16
2840.  1.014977E-16
2841.  1.004495E-16
2842.  9.941161E-17
2843.  9.838390E-17
2844.  9.736634E-17
2845.  9.635877E-17
2846.  9.536111E-17
2847.  9.437320E-17
2848.  9.339502E-17
2849.  9.242642E-17
2850.  9.146718E-17
2851.  9.051749E-17
2852.  8.957700E-17
2853.  8.864560E-17
2854.  8.772348E-17
2855.  8.681020E-17
2856.  8.590564E-17
2857.  8.501010E-17
2858.  8.412301E-17
2859.  8.324449E-17
2860.  8.237460E-17
2861.  8.151293E-17
2862.  8.065954E-17
2863.  7.981438E-17
2864.  7.897723E-17
2865.  7.814810E-17
2866.  7.732679E-17
2867.  7.651335E-17
2868.  7.570761E-17
2869.  7.490939E-17
2870.  7.411884E-17
2871.  7.333566E-17
2872.  7.255982E-17
2873.  7.179128E-17
2874.  7.102984E-17
2875.  7.027565E-17
2876.  6.952834E-17
2877.  6.878814E-17
2878.  6.805472E-17
2879.  6.732809E-17
2880.  6.660821E-17
2881.  6.589501E-17
2882.  6.518848E-17
2883.  6.448834E-17
2884.  6.379474E-17
2885.  6.310761E-17
2886.  6.242674E-17
2887.  6.175214E-17
2888.  6.108376E-17
2889.  6.042167E-17
2890.  5.976561E-17
2891.  5.911561E-17
2892.  5.847168E-17
2893.  5.783370E-17
2894.  5.720168E-17
2895.  5.657547E-17
2896.  5.595513E-17
2897.  5.534072E-17
2898.  5.473189E-17
2899.  5.412893E-17
2900.  5.353163E-17
2901.  5.293997E-17
2902.  5.235399E-17
2903.  5.177359E-17
2904.  5.119888E-17
2905.  5.062959E-17
2906.  5.006589E-17
2907.  4.950772E-17
2908.  4.895498E-17
2909.  4.840784E-17
2910.  4.786606E-17
2911.  4.732971E-17
2912.  4.679897E-17
2913.  4.627354E-17
2914.  4.575360E-17
2915.  4.523894E-17
2916.  4.472977E-17
2917.  4.422599E-17
2918.  4.372759E-17
2919.  4.323463E-17
2920.  4.274695E-17
2921.  4.226479E-17
2922.  4.178795E-17
2923.  4.131650E-17
2924.  4.085046E-17
2925.  4.038983E-17
2926.  3.993463E-17
2927.  3.948478E-17
2928.  3.904045E-17
2929.  3.860151E-17
2930.  3.816805E-17
2931.  3.773993E-17
2932.  3.731737E-17
2933.  3.690029E-17
2934.  3.648858E-17
2935.  3.608254E-17
2936.  3.568189E-17
2937.  3.528679E-17
2938.  3.489728E-17
2939.  3.451320E-17
2940.  3.413480E-17
2941.  3.376207E-17
2942.  3.339487E-17
2943.  3.303330E-17
2944.  3.267735E-17
2945.  3.232699E-17
2946.  3.198248E-17
2947.  3.164353E-17
2948.  3.131038E-17
2949.  3.098274E-17
2950.  3.066101E-17
2951.  3.034512E-17
2952.  3.003488E-17
2953.  2.973046E-17
2954.  2.943194E-17
2955.  2.913921E-17
2956.  2.885230E-17
2957.  2.857119E-17
2958.  2.829606E-17
2959.  2.802672E-17
2960.  2.776330E-17
2961.  2.750598E-17
2962.  2.725446E-17
2963.  2.700891E-17
2964.  2.676930E-17
2965.  2.653569E-17
2966.  2.630811E-17
2967.  2.608654E-17
2968.  2.587099E-17
2969.  2.566136E-17
2970.  2.545785E-17
2971.  2.526037E-17
2972.  2.506893E-17
2973.  2.488366E-17
2974.  2.470430E-17
2975.  2.453104E-17
2976.  2.436401E-17
2977.  2.420300E-17
2978.  2.404793E-17
2979.  2.389913E-17
2980.  2.375636E-17
2981.  2.361968E-17
2982.  2.348911E-17
2983.  2.336472E-17
2984.  2.324626E-17
2985.  2.313401E-17
2986.  2.302785E-17
2987.  2.292773E-17
2988.  2.283378E-17
2989.  2.274586E-17
2990.  2.266403E-17
2991.  2.258819E-17
2992.  2.251844E-17
2993.  2.245480E-17
2994.  2.239723E-17
2995.  2.234545E-17
2996.  2.230003E-17
2997.  2.226033E-17
2998.  2.222681E-17
2999.  2.219918E-17
3000.  2.217753E-17
3001.  2.216183E-17
3002.  2.215200E-17
3003.  2.214810E-17
3004.  2.215022E-17
3005.  2.215796E-17
3006.  2.217172E-17
3007.  2.219126E-17
3008.  2.221660E-17
3009.  2.224764E-17
3010.  2.228462E-17
3011.  2.232714E-17
3012.  2.237539E-17
3013.  2.242939E-17
3014.  2.248906E-17
3015.  2.255420E-17
3016.  2.262500E-17
3017.  2.270141E-17
3018.  2.278337E-17
3019.  2.287070E-17
3020.  2.296352E-17
3021.  2.306175E-17
3022.  2.316543E-17
3023.  2.327443E-17
3024.  2.338874E-17
3025.  2.350838E-17
3026.  2.363322E-17
3027.  2.376327E-17
3028.  2.389858E-17
3029.  2.403889E-17
3030.  2.418433E-17
3031.  2.433491E-17
3032.  2.449045E-17
3033.  2.465089E-17
3034.  2.481633E-17
3035.  2.498663E-17
3036.  2.516176E-17
3037.  2.534171E-17
3038.  2.552641E-17
3039.  2.571575E-17
3040.  2.590991E-17
3041.  2.610858E-17
3042.  2.631185E-17
3043.  2.651957E-17
3044.  2.673191E-17
3045.  2.694860E-17
3046.  2.716968E-17
3047.  2.739513E-17
3048.  2.762486E-17
3049.  2.785889E-17
3050.  2.809706E-17
3051.  2.833935E-17
3052.  2.858574E-17
3053.  2.883617E-17
3054.  2.909069E-17
3055.  2.934914E-17
3056.  2.961143E-17
3057.  2.987763E-17
3058.  3.014762E-17
3059.  3.042147E-17
3060.  3.069886E-17
3061.  3.097999E-17
3062.  3.126472E-17
3063.  3.155305E-17
3064.  3.184483E-17
3065.  3.214020E-17
3066.  3.243886E-17
3067.  3.274097E-17
3068.  3.304625E-17
3069.  3.335501E-17
3070.  3.366685E-17
3071.  3.398203E-17
3072.  3.430021E-17
3073.  3.462154E-17
3074.  3.494586E-17
3075.  3.527320E-17
3076.  3.560348E-17
3077.  3.593660E-17
3078.  3.627253E-17
3079.  3.661151E-17
3080.  3.695307E-17
3081.  3.729738E-17
3082.  3.764449E-17
3083.  3.799406E-17
3084.  3.834632E-17
3085.  3.870120E-17
3086.  3.905840E-17
3087.  3.941834E-17
3088.  3.978051E-17
3089.  4.014516E-17
3090.  4.051223E-17
3091.  4.088159E-17
3092.  4.125318E-17
3093.  4.162708E-17
3094.  4.200320E-17
3095.  4.238157E-17
3096.  4.276193E-17
3097.  4.314456E-17
3098.  4.352925E-17
3099.  4.391598E-17
3100.  4.430482E-17
3101.  4.469559E-17
3102.  4.508846E-17
3103.  4.548325E-17
3104.  4.587991E-17
3105.  4.627853E-17
3106.  4.667894E-17
3107.  4.708137E-17
3108.  4.748559E-17
3109.  4.789163E-17
3110.  4.829957E-17
3111.  4.870923E-17
3112.  4.912063E-17
3113.  4.953386E-17
3114.  4.994892E-17
3115.  5.036565E-17
3116.  5.078420E-17
3117.  5.120441E-17
3118.  5.162641E-17
3119.  5.205003E-17
3120.  5.247551E-17
3121.  5.290269E-17
3122.  5.333151E-17
3123.  5.376207E-17
3124.  5.419437E-17
3125.  5.462844E-17
3126.  5.506430E-17
3127.  5.550181E-17
3128.  5.594106E-17
3129.  5.638209E-17
3130.  5.682494E-17
3131.  5.726943E-17
3132.  5.771585E-17
3133.  5.816411E-17
3134.  5.861417E-17
3135.  5.906608E-17
3136.  5.951991E-17
3137.  5.997568E-17
3138.  6.043327E-17
3139.  6.089284E-17
3140.  6.135436E-17
3141.  6.181795E-17
3142.  6.228364E-17
3143.  6.275129E-17
3144.  6.322115E-17
3145.  6.369315E-17
3146.  6.416739E-17
3147.  6.464370E-17
3148.  6.512238E-17
3149.  6.560336E-17
3150.  6.608671E-17
3151.  6.657238E-17
3152.  6.706059E-17
3153.  6.755135E-17
3154.  6.804447E-17
3155.  6.854034E-17
3156.  6.903880E-17
3157.  6.953996E-17
3158.  7.004392E-17
3159.  7.055071E-17
3160.  7.106033E-17
3161.  7.157297E-17
3162.  7.208851E-17
3163.  7.260719E-17
3164.  7.312896E-17
3165.  7.365398E-17
3166.  7.418226E-17
3167.  7.471380E-17
3168.  7.524878E-17
3169.  7.578724E-17
3170.  7.632937E-17
3171.  7.687496E-17
3172.  7.742424E-17
3173.  7.797734E-17
3174.  7.853427E-17
3175.  7.909512E-17
3176.  7.965997E-17
3177.  8.022890E-17
3178.  8.080197E-17
3179.  8.137927E-17
3180.  8.196087E-17
3181.  8.254685E-17
3182.  8.313737E-17
3183.  8.373237E-17
3184.  8.433208E-17
3185.  8.493656E-17
3186.  8.554577E-17
3187.  8.615987E-17
3188.  8.677898E-17
3189.  8.740318E-17
3190.  8.803257E-17
3191.  8.866709E-17
3192.  8.930692E-17
3193.  8.995228E-17
3194.  9.060300E-17
3195.  9.125933E-17
3196.  9.192137E-17
3197.  9.258921E-17
3198.  9.326284E-17
3199.  9.394237E-17
3200.  9.462794E-17
3201.  9.531950E-17
3202.  9.601730E-17
3203.  9.672140E-17
3204.  9.743180E-17
3205.  9.814862E-17
3206.  9.887188E-17
3207.  9.960186E-17
3208.  1.003384E-16
3209.  1.010817E-16
3210.  1.018318E-16
3211.  1.025888E-16
3212.  1.033528E-16
3213.  1.041238E-16
3214.  1.049020E-16
3215.  1.056873E-16
3216.  1.064799E-16
3217.  1.072799E-16
3218.  1.080873E-16
3219.  1.089020E-16
3220.  1.097244E-16
3221.  1.105543E-16
3222.  1.113920E-16
3223.  1.122373E-16
3224.  1.130904E-16
3225.  1.139513E-16
3226.  1.148202E-16
3227.  1.156968E-16
3228.  1.165816E-16
3229.  1.174744E-16
3230.  1.183754E-16
3231.  1.192844E-16
3232.  1.202016E-16
3233.  1.211270E-16
3234.  1.220607E-16
3235.  1.230027E-16
3236.  1.239529E-16
3237.  1.249116E-16
3238.  1.258787E-16
3239.  1.268541E-16
3240.  1.278381E-16
3241.  1.288304E-16
3242.  1.298313E-16
3243.  1.308405E-16
3244.  1.318583E-16
3245.  1.328846E-16
3246.  1.339195E-16
3247.  1.349629E-16
3248.  1.360148E-16
3249.  1.370752E-16
3250.  1.381441E-16
3251.  1.392215E-16
3252.  1.403075E-16
3253.  1.414019E-16
3254.  1.425048E-16
3255.  1.436161E-16
3256.  1.447358E-16
3257.  1.458640E-16
3258.  1.470005E-16
3259.  1.481454E-16
3260.  1.492986E-16
3261.  1.504600E-16
3262.  1.516298E-16
3263.  1.528075E-16
3264.  1.539935E-16
3265.  1.551874E-16
3266.  1.563895E-16
3267.  1.575994E-16
3268.  1.588173E-16
3269.  1.600432E-16
3270.  1.612765E-16
3271.  1.625177E-16
3272.  1.637665E-16
3273.  1.650228E-16
3274.  1.662865E-16
3275.  1.675576E-16
3276.  1.688359E-16
3277.  1.701214E-16
3278.  1.714141E-16
3279.  1.727137E-16
3280.  1.740200E-16
3281.  1.753334E-16
3282.  1.766532E-16
3283.  1.779796E-16
3284.  1.793125E-16
3285.  1.806516E-16
3286.  1.819968E-16
3287.  1.833483E-16
3288.  1.847057E-16
3289.  1.860687E-16
3290.  1.874374E-16
3291.  1.888116E-16
3292.  1.901911E-16
3293.  1.915759E-16
3294.  1.929658E-16
3295.  1.943606E-16
3296.  1.957600E-16
3297.  1.971641E-16
3298.  1.985727E-16
3299.  1.999854E-16
3300.  2.014022E-16
3301.  2.028229E-16
3302.  2.042475E-16
3303.  2.056755E-16
3304.  2.071069E-16
3305.  2.085415E-16
3306.  2.099790E-16
3307.  2.114195E-16
3308.  2.128625E-16
3309.  2.143079E-16
3310.  2.157555E-16
3311.  2.172052E-16
3312.  2.186566E-16
3313.  2.201096E-16
3314.  2.215640E-16
3315.  2.230196E-16
3316.  2.244762E-16
3317.  2.259334E-16
3318.  2.273912E-16
3319.  2.288494E-16
3320.  2.303076E-16
3321.  2.317655E-16
3322.  2.332232E-16
3323.  2.346801E-16
3324.  2.361362E-16
3325.  2.375912E-16
3326.  2.390450E-16
3327.  2.404971E-16
3328.  2.419474E-16
3329.  2.433957E-16
3330.  2.448416E-16
3331.  2.462850E-16
3332.  2.477256E-16
3333.  2.491632E-16
3334.  2.505973E-16
3335.  2.520280E-16
3336.  2.534549E-16
3337.  2.548776E-16
3338.  2.562961E-16
3339.  2.577100E-16
3340.  2.591189E-16
3341.  2.605229E-16
3342.  2.619215E-16
3343.  2.633144E-16
3344.  2.647014E-16
3345.  2.660822E-16
3346.  2.674566E-16
3347.  2.688243E-16
3348.  2.701850E-16
3349.  2.715386E-16
3350.  2.728846E-16
3351.  2.742229E-16
3352.  2.755532E-16
3353.  2.768752E-16
3354.  2.781886E-16
3355.  2.794932E-16
3356.  2.807886E-16
3357.  2.820748E-16
3358.  2.833514E-16
3359.  2.846179E-16
3360.  2.858744E-16
3361.  2.871205E-16
3362.  2.883557E-16
3363.  2.895802E-16
3364.  2.907934E-16
3365.  2.919950E-16
3366.  2.931851E-16
3367.  2.943631E-16
3368.  2.955289E-16
3369.  2.966822E-16
3370.  2.978226E-16
3371.  2.989501E-16
3372.  3.000644E-16
3373.  3.011651E-16
3374.  3.022521E-16
3375.  3.033251E-16
3376.  3.043837E-16
3377.  3.054280E-16
3378.  3.064575E-16
3379.  3.074721E-16
3380.  3.084713E-16
3381.  3.094554E-16
3382.  3.104236E-16
3383.  3.113759E-16
3384.  3.123122E-16
3385.  3.132320E-16
3386.  3.141354E-16
3387.  3.150220E-16
3388.  3.158916E-16
3389.  3.167441E-16
3390.  3.175790E-16
3391.  3.183965E-16
3392.  3.191961E-16
3393.  3.199778E-16
3394.  3.207413E-16
3395.  3.214862E-16
3396.  3.222127E-16
3397.  3.229206E-16
3398.  3.236095E-16
3399.  3.242793E-16
3400.  3.249298E-16
3401.  3.255610E-16
3402.  3.261726E-16
3403.  3.267644E-16
3404.  3.273364E-16
3405.  3.278883E-16
3406.  3.284200E-16
3407.  3.289315E-16
3408.  3.294225E-16
3409.  3.298930E-16
3410.  3.303428E-16
3411.  3.307717E-16
3412.  3.311798E-16
3413.  3.315668E-16
3414.  3.319328E-16
3415.  3.322774E-16
3416.  3.326009E-16
3417.  3.329027E-16
3418.  3.331833E-16
3419.  3.334421E-16
3420.  3.336794E-16
3421.  3.338949E-16
3422.  3.340887E-16
3423.  3.342607E-16
3424.  3.344108E-16
3425.  3.345391E-16
3426.  3.346453E-16
3427.  3.347295E-16
3428.  3.347917E-16
3429.  3.348320E-16
3430.  3.348501E-16
3431.  3.348463E-16
3432.  3.348203E-16
3433.  3.347722E-16
3434.  3.347021E-16
3435.  3.346099E-16
3436.  3.344957E-16
3437.  3.343594E-16
3438.  3.342012E-16
3439.  3.340211E-16
3440.  3.338190E-16
3441.  3.335951E-16
3442.  3.333492E-16
3443.  3.330817E-16
3444.  3.327925E-16
3445.  3.324816E-16
3446.  3.321491E-16
3447.  3.317954E-16
3448.  3.314199E-16
3449.  3.310233E-16
3450.  3.306054E-16
3451.  3.301663E-16
3452.  3.297062E-16
3453.  3.292253E-16
3454.  3.287235E-16
3455.  3.282012E-16
3456.  3.276582E-16
3457.  3.270947E-16
3458.  3.265109E-16
3459.  3.259071E-16
3460.  3.252831E-16
3461.  3.246393E-16
3462.  3.239758E-16
3463.  3.232928E-16
3464.  3.225903E-16
3465.  3.218686E-16
3466.  3.211279E-16
3467.  3.203682E-16
3468.  3.195899E-16
3469.  3.187928E-16
3470.  3.179777E-16
3471.  3.171442E-16
3472.  3.162928E-16
3473.  3.154238E-16
3474.  3.145371E-16
3475.  3.136330E-16
3476.  3.127118E-16
3477.  3.117736E-16
3478.  3.108186E-16
3479.  3.098473E-16
3480.  3.088596E-16
3481.  3.078557E-16
3482.  3.068361E-16
3483.  3.058009E-16
3484.  3.047502E-16
3485.  3.036844E-16
3486.  3.026037E-16
3487.  3.015083E-16
3488.  3.003984E-16
3489.  2.992744E-16
3490.  2.981363E-16
3491.  2.969846E-16
3492.  2.958194E-16
3493.  2.946409E-16
3494.  2.934495E-16
3495.  2.922455E-16
3496.  2.910289E-16
3497.  2.898001E-16
3498.  2.885594E-16
3499.  2.873070E-16
3500.  2.860430E-16
3501.  2.847679E-16
3502.  2.834821E-16
3503.  2.821854E-16
3504.  2.808783E-16
3505.  2.795610E-16
3506.  2.782339E-16
3507.  2.768972E-16
3508.  2.755510E-16
3509.  2.741958E-16
3510.  2.728317E-16
3511.  2.714590E-16
3512.  2.700780E-16
3513.  2.686890E-16
3514.  2.672919E-16
3515.  2.658874E-16
3516.  2.644756E-16
3517.  2.630567E-16
3518.  2.616310E-16
3519.  2.601989E-16
3520.  2.587603E-16
3521.  2.573157E-16
3522.  2.558654E-16
3523.  2.544094E-16
3524.  2.529482E-16
3525.  2.514820E-16
3526.  2.500109E-16
3527.  2.485351E-16
3528.  2.470553E-16
3529.  2.455711E-16
3530.  2.440833E-16
3531.  2.425916E-16
3532.  2.410967E-16
3533.  2.395986E-16
3534.  2.380975E-16
3535.  2.365938E-16
3536.  2.350875E-16
3537.  2.335790E-16
3538.  2.320685E-16
3539.  2.305561E-16
3540.  2.290422E-16
3541.  2.275268E-16
3542.  2.260103E-16
3543.  2.244927E-16
3544.  2.229745E-16
3545.  2.214557E-16
3546.  2.199364E-16
3547.  2.184170E-16
3548.  2.168977E-16
3549.  2.153786E-16
3550.  2.138599E-16
3551.  2.123416E-16
3552.  2.108243E-16
3553.  2.093079E-16
3554.  2.077927E-16
3555.  2.062786E-16
3556.  2.047663E-16
3557.  2.032554E-16
3558.  2.017465E-16
3559.  2.002395E-16
3560.  1.987346E-16
3561.  1.972321E-16
3562.  1.957321E-16
3563.  1.942346E-16
3564.  1.927399E-16
3565.  1.912482E-16
3566.  1.897594E-16
3567.  1.882740E-16
3568.  1.867919E-16
3569.  1.853132E-16
3570.  1.838382E-16
3571.  1.823670E-16
3572.  1.808996E-16
3573.  1.794363E-16
3574.  1.779770E-16
3575.  1.765221E-16
3576.  1.750714E-16
3577.  1.736254E-16
3578.  1.721839E-16
3579.  1.707470E-16
3580.  1.693151E-16
3581.  1.678881E-16
3582.  1.664660E-16
3583.  1.650492E-16
3584.  1.636376E-16
3585.  1.622314E-16
3586.  1.608305E-16
3587.  1.594352E-16
3588.  1.580455E-16
3589.  1.566615E-16
3590.  1.552832E-16
3591.  1.539109E-16
3592.  1.525445E-16
3593.  1.511840E-16
3594.  1.498298E-16
3595.  1.484816E-16
3596.  1.471399E-16
3597.  1.458043E-16
3598.  1.444751E-16
3599.  1.431525E-16
3600.  1.418363E-16
3601.  1.405268E-16
3602.  1.392240E-16
3603.  1.379278E-16
3604.  1.366384E-16
3605.  1.353557E-16
3606.  1.340800E-16
3607.  1.328113E-16
3608.  1.315494E-16
3609.  1.302948E-16
3610.  1.290471E-16
3611.  1.278065E-16
3612.  1.265732E-16
3613.  1.253470E-16
3614.  1.241282E-16
3615.  1.229166E-16
3616.  1.217124E-16
3617.  1.205156E-16
3618.  1.193261E-16
3619.  1.181442E-16
3620.  1.169697E-16
3621.  1.158026E-16
3622.  1.146433E-16
3623.  1.134915E-16
3624.  1.123472E-16
3625.  1.112106E-16
3626.  1.100817E-16
3627.  1.089604E-16
3628.  1.078470E-16
3629.  1.067411E-16
3630.  1.056432E-16
3631.  1.045528E-16
3632.  1.034704E-16
3633.  1.023958E-16
3634.  1.013290E-16
3635.  1.002700E-16
3636.  9.921891E-17
3637.  9.817568E-17
3638.  9.714045E-17
3639.  9.611300E-17
3640.  9.509342E-17
3641.  9.408189E-17
3642.  9.307825E-17
3643.  9.208257E-17
3644.  9.109479E-17
3645.  9.011491E-17
3646.  8.914304E-17
3647.  8.817924E-17
3648.  8.722328E-17
3649.  8.627529E-17
3650.  8.533531E-17
3651.  8.440331E-17
3652.  8.347919E-17
3653.  8.256312E-17
3654.  8.165498E-17
3655.  8.075480E-17
3656.  7.986256E-17
3657.  7.897831E-17
3658.  7.810206E-17
3659.  7.723358E-17
3660.  7.637315E-17
3661.  7.552052E-17
3662.  7.467586E-17
3663.  7.383906E-17
3664.  7.301016E-17
3665.  7.218922E-17
3666.  7.137597E-17
3667.  7.057050E-17
3668.  6.977300E-17
3669.  6.898323E-17
3670.  6.820129E-17
3671.  6.742708E-17
3672.  6.666066E-17
3673.  6.590190E-17
3674.  6.515079E-17
3675.  6.440745E-17
3676.  6.367167E-17
3677.  6.294364E-17
3678.  6.222301E-17
3679.  6.151008E-17
3680.  6.080464E-17
3681.  6.010677E-17
3682.  5.941643E-17
3683.  5.873340E-17
3684.  5.805784E-17
3685.  5.738965E-17
3686.  5.672883E-17
3687.  5.607530E-17
3688.  5.542900E-17
3689.  5.479004E-17
3690.  5.415827E-17
3691.  5.353359E-17
3692.  5.291602E-17
3693.  5.230563E-17
3694.  5.170216E-17
3695.  5.110574E-17
3696.  5.051630E-17
3697.  4.993374E-17
3698.  4.935816E-17
3699.  4.878915E-17
3700.  4.822713E-17
3701.  4.767182E-17
3702.  4.712315E-17
3703.  4.658107E-17
3704.  4.604551E-17
3705.  4.551664E-17
3706.  4.499408E-17
3707.  4.447788E-17
3708.  4.396816E-17
3709.  4.346484E-17
3710.  4.296769E-17
3711.  4.247672E-17
3712.  4.199198E-17
3713.  4.151326E-17
3714.  4.104050E-17
3715.  4.057380E-17
3716.  4.011304E-17
3717.  3.965800E-17
3718.  3.920882E-17
3719.  3.876550E-17
3720.  3.832776E-17
3721.  3.789557E-17
3722.  3.746907E-17
3723.  3.704799E-17
3724.  3.663237E-17
3725.  3.622204E-17
3726.  3.581703E-17
3727.  3.541725E-17
3728.  3.502267E-17
3729.  3.463320E-17
3730.  3.424878E-17
3731.  3.386935E-17
3732.  3.349482E-17
3733.  3.312508E-17
3734.  3.276024E-17
3735.  3.240006E-17
3736.  3.204447E-17
3737.  3.169350E-17
3738.  3.134709E-17
3739.  3.100506E-17
3740.  3.066747E-17
3741.  3.033416E-17
3742.  3.000519E-17
3743.  2.968033E-17
3744.  2.935971E-17
3745.  2.904301E-17
3746.  2.873027E-17
3747.  2.842156E-17
3748.  2.811668E-17
3749.  2.781554E-17
3750.  2.751820E-17
3751.  2.722447E-17
3752.  2.693436E-17
3753.  2.664777E-17
3754.  2.636467E-17
3755.  2.608496E-17
3756.  2.580861E-17
3757.  2.553547E-17
3758.  2.526567E-17
3759.  2.499888E-17
3760.  2.473533E-17
3761.  2.447466E-17
3762.  2.421709E-17
3763.  2.396230E-17
3764.  2.371054E-17
3765.  2.346139E-17
3766.  2.321512E-17
3767.  2.297141E-17
3768.  2.273019E-17
3769.  2.249177E-17
3770.  2.225572E-17
3771.  2.202214E-17
3772.  2.179096E-17
3773.  2.156206E-17
3774.  2.133548E-17
3775.  2.111112E-17
3776.  2.088895E-17
3777.  2.066880E-17
3778.  2.045079E-17
3779.  2.023482E-17
3780.  2.002070E-17
3781.  1.980859E-17
3782.  1.959836E-17
3783.  1.938988E-17
3784.  1.918321E-17
3785.  1.897826E-17
3786.  1.877501E-17
3787.  1.857335E-17
3788.  1.837332E-17
3789.  1.817479E-17
3790.  1.797783E-17
3791.  1.778228E-17
3792.  1.758808E-17
3793.  1.739542E-17
3794.  1.720403E-17
3795.  1.701390E-17
3796.  1.682513E-17
3797.  1.663742E-17
3798.  1.645101E-17
3799.  1.626577E-17
3800.  1.608169E-17
3801.  1.589858E-17
3802.  1.571659E-17
3803.  1.553557E-17
3804.  1.535553E-17
3805.  1.517649E-17
3806.  1.499836E-17
3807.  1.482115E-17
3808.  1.464483E-17
3809.  1.446926E-17
3810.  1.429466E-17
3811.  1.412067E-17
3812.  1.394751E-17
3813.  1.377514E-17
3814.  1.360346E-17
3815.  1.343240E-17
3816.  1.326212E-17
3817.  1.309238E-17
3818.  1.292334E-17
3819.  1.275490E-17
3820.  1.258694E-17
3821.  1.241961E-17
3822.  1.225285E-17
3823.  1.208661E-17
3824.  1.192087E-17
3825.  1.175565E-17
3826.  1.159090E-17
3827.  1.142656E-17
3828.  1.126280E-17
3829.  1.109937E-17
3830.  1.093640E-17
3831.  1.077380E-17
3832.  1.061160E-17
3833.  1.044987E-17
3834.  1.028844E-17
3835.  1.012735E-17
3836.  9.966627E-18
3837.  9.806347E-18
3838.  9.646303E-18
3839.  9.486690E-18
3840.  9.327247E-18
3841.  9.168287E-18
3842.  9.009578E-18
3843.  8.851160E-18
3844.  8.693060E-18
3845.  8.535169E-18
3846.  8.377631E-18
3847.  8.220470E-18
3848.  8.063462E-18
3849.  7.906825E-18
3850.  7.750411E-18
3851.  7.594311E-18
3852.  7.438445E-18
3853.  7.282913E-18
3854.  7.127637E-18
3855.  6.972659E-18
3856.  6.817979E-18
3857.  6.663521E-18
3858.  6.509366E-18
3859.  6.355521E-18
3860.  6.201970E-18
3861.  6.048692E-18
3862.  5.895675E-18
3863.  5.743012E-18
3864.  5.590615E-18
3865.  5.438595E-18
3866.  5.286862E-18
3867.  5.135454E-18
3868.  4.984336E-18
3869.  4.833571E-18
3870.  4.683217E-18
3871.  4.533206E-18
3872.  4.383524E-18
3873.  4.234243E-18
3874.  4.085258E-18
3875.  3.936797E-18
3876.  3.788697E-18
3877.  3.640972E-18
3878.  3.493726E-18
3879.  3.346941E-18
3880.  3.200511E-18
3881.  3.054668E-18
3882.  2.909305E-18
3883.  2.764334E-18
3884.  2.620001E-18
3885.  2.476075E-18
3886.  2.332778E-18
3887.  2.190065E-18
3888.  2.047888E-18
3889.  1.906319E-18
3890.  1.765346E-18
3891.  1.625037E-18
3892.  1.485468E-18
3893.  1.346478E-18
3894.  1.208229E-18
3895.  1.070692E-18
3896.  9.338510E-19
3897.  7.978108E-19
3898.  6.625925E-19
3899.  5.281534E-19
3900.  3.945295E-19
3901.  2.618421E-19
3902.  1.299597E-19
3903.  -8.909111E-22
3904.  -1.309259E-19
3905.  -2.599466E-19
3906.  -3.878823E-19
3907.  -5.148895E-19
3908.  -6.408529E-19
3909.  -7.656253E-19
3910.  -8.893652E-19
3911.  -1.011984E-18
3912.  -1.133291E-18
3913.  -1.253466E-18
3914.  -1.372342E-18
3915.  -1.489976E-18
3916.  -1.606273E-18
3917.  -1.721254E-18
3918.  -1.834771E-18
3919.  -1.946922E-18
3920.  -2.057593E-18
3921.  -2.166703E-18
3922.  -2.274401E-18
3923.  -2.380457E-18
3924.  -2.484826E-18
3925.  -2.587626E-18
3926.  -2.688716E-18
3927.  -2.788010E-18
3928.  -2.885541E-18
3929.  -2.981241E-18
3930.  -3.075098E-18
3931.  -3.167047E-18
3932.  -3.257065E-18
3933.  -3.344987E-18
3934.  -3.430963E-18
3935.  -3.514789E-18
3936.  -3.596507E-18
3937.  -3.676062E-18
3938.  -3.753284E-18
3939.  -3.828361E-18
3940.  -3.901069E-18
3941.  -3.971363E-18
3942.  -4.039233E-18
3943.  -4.104687E-18
3944.  -4.167615E-18
3945.  -4.227982E-18
3946.  -4.285709E-18
3947.  -4.340715E-18
3948.  -4.393136E-18
3949.  -4.442695E-18
3950.  -4.489404E-18
3951.  -4.533337E-18
3952.  -4.574271E-18
3953.  -4.612229E-18
3954.  -4.647217E-18
3955.  -4.679156E-18
3956.  -4.707940E-18
3957.  -4.733484E-18
3958.  -4.755856E-18
3959.  -4.774926E-18
3960.  -4.790757E-18
3961.  -4.803069E-18
3962.  -4.812010E-18
3963.  -4.817533E-18
3964.  -4.819461E-18
3965.  -4.817784E-18
3966.  -4.812485E-18
3967.  -4.803527E-18
3968.  -4.790790E-18
3969.  -4.774348E-18
3970.  -4.753948E-18
3971.  -4.729762E-18
3972.  -4.701626E-18
3973.  -4.669566E-18
3974.  -4.633464E-18
3975.  -4.593211E-18
3976.  -4.548892E-18
3977.  -4.500413E-18
3978.  -4.447684E-18
3979.  -4.390727E-18
3980.  -4.329564E-18
3981.  -4.264042E-18
3982.  -4.194018E-18
3983.  -4.119697E-18
3984.  -4.040908E-18
3985.  -3.957540E-18
3986.  -3.869632E-18
3987.  -3.777213E-18
3988.  -3.680181E-18
3989.  -3.578491E-18
3990.  -3.472117E-18
3991.  -3.361073E-18
3992.  -3.245161E-18
3993.  -3.124599E-18
3994.  -2.999203E-18
3995.  -2.868922E-18
3996.  -2.733936E-18
3997.  -2.593795E-18
3998.  -2.448929E-18
3999.  -2.299053E-18
4000.  -2.144190E-18
4001.  -1.984369E-18
4002.  -1.819649E-18
4003.  -1.649815E-18
4004.  -1.474965E-18
4005.  -1.295066E-18
4006.  -1.110069E-18
4007.  -9.199667E-19
4008.  -7.248712E-19
4009.  -5.246611E-19
4010.  -3.192832E-19
4011.  -1.088938E-19
4012.  1.067660E-19
4013.  3.274243E-19
4014.  5.532553E-19
4015.  7.841764E-19
4016.  1.020219E-18
4017.  1.261357E-18
4018.  1.507685E-18
4019.  1.758927E-18
4020.  2.015527E-18
4021.  2.276981E-18
4022.  2.543643E-18
4023.  2.815292E-18
4024.  3.091974E-18
4025.  3.373685E-18
4026.  3.660432E-18
4027.  3.952108E-18
4028.  4.248848E-18
4029.  4.550400E-18
4030.  4.856969E-18
4031.  5.168354E-18
4032.  5.484624E-18
4033.  5.805617E-18
4034.  6.131582E-18
4035.  6.462070E-18
4036.  6.797431E-18
4037.  7.137440E-18
4038.  7.482075E-18
4039.  7.831273E-18
4040.  8.185083E-18
4041.  8.543394E-18
4042.  8.906146E-18
4043.  9.273312E-18
4044.  9.644872E-18
4045.  1.002072E-17
4046.  1.040089E-17
4047.  1.078521E-17
4048.  1.117368E-17
4049.  1.156636E-17
4050.  1.196295E-17
4051.  1.236358E-17
4052.  1.276820E-17
4053.  1.317657E-17
4054.  1.358878E-17
4055.  1.400480E-17
4056.  1.442443E-17
4057.  1.484767E-17
4058.  1.527443E-17
4059.  1.570468E-17
4060.  1.613834E-17
4061.  1.657537E-17
4062.  1.701561E-17
4063.  1.745897E-17
4064.  1.790563E-17
4065.  1.835515E-17
4066.  1.880780E-17
4067.  1.926323E-17
4068.  1.972148E-17
4069.  2.018255E-17
4070.  2.064627E-17
4071.  2.111257E-17
4072.  2.158143E-17
4073.  2.205269E-17
4074.  2.252636E-17
4075.  2.300223E-17
4076.  2.348027E-17
4077.  2.396055E-17
4078.  2.444288E-17
4079.  2.492713E-17
4080.  2.541336E-17
4081.  2.590137E-17
4082.  2.639099E-17
4083.  2.688250E-17
4084.  2.737541E-17
4085.  2.786988E-17
4086.  2.836585E-17
4087.  2.886312E-17
4088.  2.936166E-17
4089.  2.986148E-17
4090.  3.036237E-17
4091.  3.086430E-17
4092.  3.136717E-17
4093.  3.187114E-17
4094.  3.237583E-17
4095.  3.288138E-17
4096.  3.338755E-17
4097.  3.389446E-17
4098.  3.440188E-17
4099.  3.490984E-17
4100.  3.541825E-17
4101.  3.592692E-17
4102.  3.643600E-17
4103.  3.694545E-17
4104.  3.745498E-17
4105.  3.796467E-17
4106.  3.847443E-17
4107.  3.898432E-17
4108.  3.949411E-17
4109.  4.000389E-17
4110.  4.051353E-17
4111.  4.102310E-17
4112.  4.153235E-17
4113.  4.204142E-17
4114.  4.255009E-17
4115.  4.305860E-17
4116.  4.356668E-17
4117.  4.407437E-17
4118.  4.458157E-17
4119.  4.508840E-17
4120.  4.559462E-17
4121.  4.610047E-17
4122.  4.660566E-17
4123.  4.711037E-17
4124.  4.761446E-17
4125.  4.811796E-17
4126.  4.862089E-17
4127.  4.912319E-17
4128.  4.962481E-17
4129.  5.012582E-17
4130.  5.062617E-17
4131.  5.112594E-17
4132.  5.162493E-17
4133.  5.212336E-17
4134.  5.262115E-17
4135.  5.311830E-17
4136.  5.361484E-17
4137.  5.411071E-17
4138.  5.460605E-17
4139.  5.510083E-17
4140.  5.559509E-17
4141.  5.608871E-17
4142.  5.658187E-17
4143.  5.707458E-17
4144.  5.756689E-17
4145.  5.805874E-17
4146.  5.855017E-17
4147.  5.904122E-17
4148.  5.953210E-17
4149.  6.002267E-17
4150.  6.051311E-17
4151.  6.100329E-17
4152.  6.149336E-17
4153.  6.198341E-17
4154.  6.247346E-17
4155.  6.296350E-17
4156.  6.345374E-17
4157.  6.394418E-17
4158.  6.443480E-17
4159.  6.492580E-17
4160.  6.541711E-17
4161.  6.590889E-17
4162.  6.640127E-17
4163.  6.689418E-17
4164.  6.738768E-17
4165.  6.788212E-17
4166.  6.837726E-17
4167.  6.887339E-17
4168.  6.937059E-17
4169.  6.986878E-17
4170.  7.036825E-17
4171.  7.086891E-17
4172.  7.137095E-17
4173.  7.187442E-17
4174.  7.237951E-17
4175.  7.288613E-17
4176.  7.339466E-17
4177.  7.390500E-17
4178.  7.441721E-17
4179.  7.493146E-17
4180.  7.544795E-17
4181.  7.596661E-17
4182.  7.648764E-17
4183.  7.701116E-17
4184.  7.753722E-17
4185.  7.806591E-17
4186.  7.859743E-17
4187.  7.913181E-17
4188.  7.966911E-17
4189.  8.020960E-17
4190.  8.075326E-17
4191.  8.130021E-17
4192.  8.185057E-17
4193.  8.240449E-17
4194.  8.296209E-17
4195.  8.352330E-17
4196.  8.408841E-17
4197.  8.465755E-17
4198.  8.523071E-17
4199.  8.580797E-17
4200.  8.638950E-17
4201.  8.697541E-17
4202.  8.756589E-17
4203.  8.816087E-17
4204.  8.876056E-17
4205.  8.936497E-17
4206.  8.997433E-17
4207.  9.058855E-17
4208.  9.120797E-17
4209.  9.183251E-17
4210.  9.246228E-17
4211.  9.309735E-17
4212.  9.373789E-17
4213.  9.438407E-17
4214.  9.503574E-17
4215.  9.569311E-17
4216.  9.635620E-17
4217.  9.702526E-17
4218.  9.770017E-17
4219.  9.838097E-17
4220.  9.906802E-17
4221.  9.976115E-17
4222.  1.004605E-16
4223.  1.011660E-16
4224.  1.018780E-16
4225.  1.025963E-16
4226.  1.033210E-16
4227.  1.040522E-16
4228.  1.047899E-16
4229.  1.055342E-16
4230.  1.062851E-16
4231.  1.070427E-16
4232.  1.078070E-16
4233.  1.085780E-16
4234.  1.093557E-16
4235.  1.101402E-16
4236.  1.109315E-16
4237.  1.117295E-16
4238.  1.125345E-16
4239.  1.133462E-16
4240.  1.141646E-16
4241.  1.149900E-16
4242.  1.158222E-16
4243.  1.166612E-16
4244.  1.175069E-16
4245.  1.183594E-16
4246.  1.192187E-16
4247.  1.200848E-16
4248.  1.209574E-16
4249.  1.218367E-16
4250.  1.227227E-16
4251.  1.236153E-16
4252.  1.245143E-16
4253.  1.254199E-16
4254.  1.263319E-16
4255.  1.272501E-16
4256.  1.281747E-16
4257.  1.291055E-16
4258.  1.300425E-16
4259.  1.309853E-16
4260.  1.319343E-16
4261.  1.328891E-16
4262.  1.338497E-16
4263.  1.348159E-16
4264.  1.357878E-16
4265.  1.367652E-16
4266.  1.377478E-16
4267.  1.387357E-16
4268.  1.397287E-16
4269.  1.407266E-16
4270.  1.417294E-16
4271.  1.427370E-16
4272.  1.437491E-16
4273.  1.447657E-16
4274.  1.457865E-16
4275.  1.468115E-16
4276.  1.478404E-16
4277.  1.488731E-16
4278.  1.499094E-16
4279.  1.509492E-16
4280.  1.519923E-16
4281.  1.530385E-16
4282.  1.540876E-16
4283.  1.551394E-16
4284.  1.561939E-16
4285.  1.572507E-16
4286.  1.583096E-16
4287.  1.593705E-16
4288.  1.604331E-16
4289.  1.614972E-16
4290.  1.625627E-16
4291.  1.636292E-16
4292.  1.646967E-16
4293.  1.657649E-16
4294.  1.668333E-16
4295.  1.679021E-16
4296.  1.689709E-16
4297.  1.700393E-16
4298.  1.711074E-16
4299.  1.721746E-16
4300.  1.732409E-16
4301.  1.743059E-16
4302.  1.753695E-16
4303.  1.764315E-16
4304.  1.774913E-16
4305.  1.785490E-16
4306.  1.796043E-16
4307.  1.806567E-16
4308.  1.817063E-16
4309.  1.827524E-16
4310.  1.837951E-16
4311.  1.848342E-16
4312.  1.858691E-16
4313.  1.868998E-16
4314.  1.879258E-16
4315.  1.889470E-16
4316.  1.899630E-16
4317.  1.909739E-16
4318.  1.919790E-16
4319.  1.929782E-16
4320.  1.939712E-16
4321.  1.949578E-16
4322.  1.959377E-16
4323.  1.969105E-16
4324.  1.978762E-16
4325.  1.988344E-16
4326.  1.997848E-16
4327.  2.007270E-16
4328.  2.016611E-16
4329.  2.025864E-16
4330.  2.035030E-16
4331.  2.044105E-16
4332.  2.053086E-16
4333.  2.061970E-16
4334.  2.070755E-16
4335.  2.079440E-16
4336.  2.088021E-16
4337.  2.096495E-16
4338.  2.104859E-16
4339.  2.113112E-16
4340.  2.121252E-16
4341.  2.129274E-16
4342.  2.137178E-16
4343.  2.144962E-16
4344.  2.152620E-16
4345.  2.160153E-16
4346.  2.167558E-16
4347.  2.174831E-16
4348.  2.181973E-16
4349.  2.188978E-16
4350.  2.195847E-16
4351.  2.202577E-16
4352.  2.209164E-16
4353.  2.215608E-16
4354.  2.221906E-16
4355.  2.228057E-16
4356.  2.234058E-16
4357.  2.239906E-16
4358.  2.245601E-16
4359.  2.251141E-16
4360.  2.256523E-16
4361.  2.261747E-16
4362.  2.266809E-16
4363.  2.271710E-16
4364.  2.276444E-16
4365.  2.281014E-16
4366.  2.285417E-16
4367.  2.289651E-16
4368.  2.293714E-16
4369.  2.297605E-16
4370.  2.301323E-16
4371.  2.304866E-16
4372.  2.308234E-16
4373.  2.311424E-16
4374.  2.314436E-16
4375.  2.317269E-16
4376.  2.319921E-16
4377.  2.322391E-16
4378.  2.324679E-16
4379.  2.326784E-16
4380.  2.328702E-16
4381.  2.330437E-16
4382.  2.331986E-16
4383.  2.333348E-16
4384.  2.334522E-16
4385.  2.335508E-16
4386.  2.336304E-16
4387.  2.336913E-16
4388.  2.337330E-16
4389.  2.337558E-16
4390.  2.337595E-16
4391.  2.337441E-16
4392.  2.337098E-16
4393.  2.336560E-16
4394.  2.335833E-16
4395.  2.334913E-16
4396.  2.333802E-16
4397.  2.332499E-16
4398.  2.331004E-16
4399.  2.329317E-16
4400.  2.327440E-16
4401.  2.325370E-16
4402.  2.323110E-16
4403.  2.320659E-16
4404.  2.318016E-16
4405.  2.315186E-16
4406.  2.312165E-16
4407.  2.308954E-16
4408.  2.305555E-16
4409.  2.301968E-16
4410.  2.298194E-16
4411.  2.294233E-16
4412.  2.290086E-16
4413.  2.285755E-16
4414.  2.281238E-16
4415.  2.276539E-16
4416.  2.271657E-16
4417.  2.266594E-16
4418.  2.261351E-16
4419.  2.255929E-16
4420.  2.250327E-16
4421.  2.244549E-16
4422.  2.238594E-16
4423.  2.232465E-16
4424.  2.226164E-16
4425.  2.219689E-16
4426.  2.213045E-16
4427.  2.206231E-16
4428.  2.199249E-16
4429.  2.192100E-16
4430.  2.184787E-16
4431.  2.177311E-16
4432.  2.169673E-16
4433.  2.161876E-16
4434.  2.153920E-16
4435.  2.145807E-16
4436.  2.137540E-16
4437.  2.129120E-16
4438.  2.120548E-16
4439.  2.111827E-16
4440.  2.102960E-16
4441.  2.093946E-16
4442.  2.084789E-16
4443.  2.075490E-16
4444.  2.066051E-16
4445.  2.056475E-16
4446.  2.046764E-16
4447.  2.036918E-16
4448.  2.026943E-16
4449.  2.016838E-16
4450.  2.006606E-16
4451.  1.996248E-16
4452.  1.985768E-16
4453.  1.975169E-16
4454.  1.964451E-16
4455.  1.953617E-16
4456.  1.942670E-16
4457.  1.931612E-16
4458.  1.920444E-16
4459.  1.909171E-16
4460.  1.897795E-16
4461.  1.886314E-16
4462.  1.874736E-16
4463.  1.863061E-16
4464.  1.851291E-16
4465.  1.839430E-16
4466.  1.827479E-16
4467.  1.815441E-16
4468.  1.803318E-16
4469.  1.791114E-16
4470.  1.778831E-16
4471.  1.766469E-16
4472.  1.754033E-16
4473.  1.741526E-16
4474.  1.728951E-16
4475.  1.716305E-16
4476.  1.703598E-16
4477.  1.690828E-16
4478.  1.677998E-16
4479.  1.665112E-16
4480.  1.652173E-16
4481.  1.639181E-16
4482.  1.626140E-16
4483.  1.613052E-16
4484.  1.599921E-16
4485.  1.586747E-16
4486.  1.573535E-16
4487.  1.560288E-16
4488.  1.547005E-16
4489.  1.533692E-16
4490.  1.520349E-16
4491.  1.506980E-16
4492.  1.493587E-16
4493.  1.480172E-16
4494.  1.466740E-16
4495.  1.453291E-16
4496.  1.439827E-16
4497.  1.426351E-16
4498.  1.412868E-16
4499.  1.399376E-16
4500.  1.385880E-16
