1.  -1.880215E-22
2.  -1.758717E-22
3.  -1.033418E-22
4.  -1.434999E-22
5.  -3.707177E-23
6.  9.586364E-25
7.  -7.466360E-23
8.  -1.609785E-22
9.  -1.159473E-22
10.  -1.534358E-22
11.  -4.035022E-23
12.  -1.273130E-22
13.  -3.761957E-23
14.  -6.176224E-23
15.  -1.188366E-22
16.  -6.781575E-23
17.  -6.859588E-23
18.  -1.130461E-22
19.  -9.962285E-23
20.  -3.807521E-23
21.  -4.981288E-23
22.  -8.132759E-23
23.  -4.978807E-23
24.  -8.890393E-23
25.  -1.208215E-22
26.  -1.882110E-22
27.  -8.424963E-23
28.  -1.521700E-22
29.  -8.516166E-23
30.  -2.837419E-24
31.  -1.885817E-22
32.  -1.511903E-22
33.  -7.294135E-23
34.  -8.873869E-23
35.  -1.833826E-22
36.  -8.834829E-23
37.  -1.007615E-23
38.  -1.288291E-22
39.  -1.601169E-22
40.  -1.545505E-25
41.  -1.173587E-22
42.  -8.316624E-23
43.  -9.385854E-23
44.  -5.290498E-23
45.  -9.702354E-23
46.  -4.957379E-23
47.  -1.239473E-22
48.  -1.045674E-22
49.  -1.026295E-22
50.  -6.803697E-23
51.  -1.998575E-22
52.  -7.550996E-23
53.  -9.298916E-23
54.  -1.605148E-22
55.  -1.177459E-22
56.  -1.211124E-22
57.  -1.450899E-22
58.  -7.396444E-23
59.  -1.016319E-22
60.  -1.163328E-22
61.  -2.008218E-22
62.  -3.928980E-23
63.  -1.069314E-22
64.  -6.527743E-23
65.  -1.176421E-22
66.  -1.625123E-22
67.  -1.310378E-22
68.  -5.788915E-23
69.  -8.681115E-23
70.  -1.081085E-22
71.  -1.614228E-22
72.  -6.862138E-23
73.  -1.024025E-22
74.  -5.183287E-23
75.  -6.142568E-23
76.  -1.668909E-22
77.  -1.673620E-22
78.  -1.028964E-22
79.  -1.810969E-22
80.  -1.064853E-22
81.  -1.011371E-22
82.  -1.913484E-22
83.  -1.460383E-22
84.  -7.261290E-23
85.  -1.142185E-22
86.  -6.439043E-23
87.  -7.715505E-23
88.  -1.245102E-22
89.  -3.487261E-23
90.  -1.023639E-22
91.  -1.137256E-22
92.  -8.938630E-23
93.  -1.366486E-22
94.  -7.291852E-24
95.  -1.342850E-22
96.  -8.417803E-23
97.  -4.333629E-23
98.  -1.126124E-22
99.  -1.377266E-22
100.  -1.725100E-22
101.  -9.669738E-23
102.  -1.189241E-22
103.  -2.105491E-22
104.  -1.282495E-22
105.  -5.994464E-23
106.  -9.972611E-23
107.  -1.077402E-22
108.  -5.704978E-23
109.  -1.032163E-22
110.  -3.538906E-24
111.  -1.389157E-22
112.  -1.020332E-23
113.  -5.049420E-23
114.  -8.253400E-23
115.  -9.927071E-23
116.  -1.156454E-22
117.  -1.164538E-22
118.  -1.268179E-22
119.  -5.516930E-23
120.  -9.167157E-23
121.  -6.240306E-23
122.  -6.569219E-23
123.  4.145761E-24
124.  -6.826142E-23
125.  -1.297015E-22
126.  -5.174108E-23
127.  -1.093818E-22
128.  -9.069097E-23
129.  -6.588463E-23
130.  -1.152481E-22
131.  -1.036045E-22
132.  -1.325047E-22
133.  -1.348195E-22
134.  -2.459651E-23
135.  -4.464997E-23
136.  -5.481376E-23
137.  -4.601299E-24
138.  -4.787767E-23
139.  -5.780431E-23
140.  -4.842873E-23
141.  4.358436E-23
142.  1.421781E-22
143.  9.427508E-23
144.  1.303957E-22
145.  1.966551E-22
146.  1.541287E-22
147.  2.325199E-22
148.  3.635113E-22
149.  4.271775E-22
150.  5.293947E-22
151.  6.226239E-22
152.  5.710868E-22
153.  7.182534E-22
154.  8.655290E-22
155.  1.122171E-21
156.  1.108330E-21
157.  1.390554E-21
158.  1.652970E-21
159.  1.870546E-21
160.  2.098831E-21
161.  2.497123E-21
162.  2.805172E-21
163.  3.253503E-21
164.  3.731791E-21
165.  4.293624E-21
166.  4.907691E-21
167.  5.562537E-21
168.  6.309787E-21
169.  7.288219E-21
170.  8.198343E-21
171.  9.325225E-21
172.  1.065942E-20
173.  1.199449E-20
174.  1.367899E-20
175.  1.539906E-20
176.  1.744514E-20
177.  1.972741E-20
178.  2.222965E-20
179.  2.502961E-20
180.  2.835775E-20
181.  3.188100E-20
182.  3.591431E-20
183.  4.034959E-20
184.  4.527352E-20
185.  5.085377E-20
186.  5.717712E-20
187.  6.399531E-20
188.  7.172505E-20
189.  8.023941E-20
190.  8.985569E-20
191.  1.003105E-19
192.  1.121745E-19
193.  1.251606E-19
194.  1.395004E-19
195.  1.554840E-19
196.  1.731003E-19
197.  1.925938E-19
198.  2.142758E-19
199.  2.380479E-19
200.  2.642691E-19
201.  2.932595E-19
202.  3.250212E-19
203.  3.602077E-19
204.  3.987433E-19
205.  4.411232E-19
206.  4.877034E-19
207.  5.388029E-19
208.  5.947937E-19
209.  6.561771E-19
210.  7.233339E-19
211.  7.967818E-19
212.  8.772244E-19
213.  9.649883E-19
214.  1.060725E-18
215.  1.165185E-18
216.  1.279036E-18
217.  1.403108E-18
218.  1.538165E-18
219.  1.684854E-18
220.  1.844420E-18
221.  2.017600E-18
222.  2.205633E-18
223.  2.409458E-18
224.  2.630277E-18
225.  2.869330E-18
226.  3.128043E-18
227.  3.407657E-18
228.  3.709780E-18
229.  4.036075E-18
230.  4.387957E-18
231.  4.767230E-18
232.  5.175861E-18
233.  5.615812E-18
234.  6.088923E-18
235.  6.597494E-18
236.  7.143744E-18
237.  7.730052E-18
238.  8.359024E-18
239.  9.032941E-18
240.  9.754786E-18
241.  1.052733E-17
242.  1.135356E-17
243.  1.223666E-17
244.  1.317965E-17
245.  1.418611E-17
246.  1.525935E-17
247.  1.640321E-17
248.  1.762121E-17
249.  1.891741E-17
250.  2.029590E-17
251.  2.176064E-17
252.  2.331611E-17
253.  2.496671E-17
254.  2.671706E-17
255.  2.857175E-17
256.  3.053594E-17
257.  3.261427E-17
258.  3.481200E-17
259.  3.713435E-17
260.  3.958666E-17
261.  4.217449E-17
262.  4.490333E-17
263.  4.777858E-17
264.  5.080655E-17
265.  5.399286E-17
266.  5.734339E-17
267.  6.086429E-17
268.  6.456149E-17
269.  6.844145E-17
270.  7.251013E-17
271.  7.677378E-17
272.  8.123876E-17
273.  8.591129E-17
274.  9.079766E-17
275.  9.590425E-17
276.  1.012373E-16
277.  1.068029E-16
278.  1.126075E-16
279.  1.186570E-16
280.  1.249573E-16
281.  1.315148E-16
282.  1.383349E-16
283.  1.454237E-16
284.  1.527863E-16
285.  1.604286E-16
286.  1.683555E-16
287.  1.765722E-16
288.  1.850835E-16
289.  1.938939E-16
290.  2.030081E-16
291.  2.124300E-16
292.  2.221634E-16
293.  2.322120E-16
294.  2.425790E-16
295.  2.532671E-16
296.  2.642791E-16
297.  2.756173E-16
298.  2.872836E-16
299.  2.992792E-16
300.  3.116054E-16
301.  3.242628E-16
302.  3.372519E-16
303.  3.505721E-16
304.  3.642232E-16
305.  3.782039E-16
306.  3.925127E-16
307.  4.071479E-16
308.  4.221067E-16
309.  4.373864E-16
310.  4.529835E-16
311.  4.688941E-16
312.  4.851139E-16
313.  5.016379E-16
314.  5.184610E-16
315.  5.355771E-16
316.  5.529800E-16
317.  5.706629E-16
318.  5.886187E-16
319.  6.068393E-16
320.  6.253170E-16
321.  6.440430E-16
322.  6.630076E-16
323.  6.822025E-16
324.  7.016168E-16
325.  7.212408E-16
326.  7.410637E-16
327.  7.610742E-16
328.  7.812612E-16
329.  8.016127E-16
330.  8.221170E-16
331.  8.427617E-16
332.  8.635338E-16
333.  8.844210E-16
334.  9.054098E-16
335.  9.264873E-16
336.  9.476397E-16
337.  9.688533E-16
338.  9.901145E-16
339.  1.011410E-15
340.  1.032724E-15
341.  1.054045E-15
342.  1.075357E-15
343.  1.096646E-15
344.  1.117899E-15
345.  1.139101E-15
346.  1.160238E-15
347.  1.181296E-15
348.  1.202262E-15
349.  1.223121E-15
350.  1.243861E-15
351.  1.264467E-15
352.  1.284926E-15
353.  1.305225E-15
354.  1.325352E-15
355.  1.345292E-15
356.  1.365036E-15
357.  1.384569E-15
358.  1.403880E-15
359.  1.422957E-15
360.  1.441789E-15
361.  1.460366E-15
362.  1.478676E-15
363.  1.496708E-15
364.  1.514454E-15
365.  1.531902E-15
366.  1.549045E-15
367.  1.565871E-15
368.  1.582374E-15
369.  1.598545E-15
370.  1.614375E-15
371.  1.629856E-15
372.  1.644983E-15
373.  1.659747E-15
374.  1.674142E-15
375.  1.688161E-15
376.  1.701800E-15
377.  1.715051E-15
378.  1.727910E-15
379.  1.740373E-15
380.  1.752433E-15
381.  1.764088E-15
382.  1.775332E-15
383.  1.786163E-15
384.  1.796576E-15
385.  1.806569E-15
386.  1.816139E-15
387.  1.825284E-15
388.  1.834000E-15
389.  1.842286E-15
390.  1.850141E-15
391.  1.857562E-15
392.  1.864549E-15
393.  1.871101E-15
394.  1.877217E-15
395.  1.882896E-15
396.  1.888139E-15
397.  1.892944E-15
398.  1.897313E-15
399.  1.901246E-15
400.  1.904745E-15
401.  1.907808E-15
402.  1.910439E-15
403.  1.912638E-15
404.  1.914407E-15
405.  1.915749E-15
406.  1.916665E-15
407.  1.917158E-15
408.  1.917231E-15
409.  1.916887E-15
410.  1.916129E-15
411.  1.914960E-15
412.  1.913385E-15
413.  1.911408E-15
414.  1.909034E-15
415.  1.906265E-15
416.  1.903109E-15
417.  1.899571E-15
418.  1.895656E-15
419.  1.891371E-15
420.  1.886721E-15
421.  1.881713E-15
422.  1.876355E-15
423.  1.870653E-15
424.  1.864617E-15
425.  1.858253E-15
426.  1.851569E-15
427.  1.844576E-15
428.  1.837282E-15
429.  1.829696E-15
430.  1.821829E-15
431.  1.813690E-15
432.  1.805290E-15
433.  1.796641E-15
434.  1.787752E-15
435.  1.778636E-15
436.  1.769304E-15
437.  1.759770E-15
438.  1.750044E-15
439.  1.740140E-15
440.  1.730071E-15
441.  1.719850E-15
442.  1.709491E-15
443.  1.699007E-15
444.  1.688413E-15
445.  1.677722E-15
446.  1.666950E-15
447.  1.656110E-15
448.  1.645217E-15
449.  1.634286E-15
450.  1.623332E-15
451.  1.612370E-15
452.  1.601416E-15
453.  1.590483E-15
454.  1.579587E-15
455.  1.568744E-15
456.  1.557968E-15
457.  1.547274E-15
458.  1.536678E-15
459.  1.526193E-15
460.  1.515836E-15
461.  1.505619E-15
462.  1.495558E-15
463.  1.485667E-15
464.  1.475959E-15
465.  1.466448E-15
466.  1.457148E-15
467.  1.448071E-15
468.  1.439230E-15
469.  1.430638E-15
470.  1.422306E-15
471.  1.414246E-15
472.  1.406470E-15
473.  1.398988E-15
474.  1.391810E-15
475.  1.384946E-15
476.  1.378406E-15
477.  1.372198E-15
478.  1.366332E-15
479.  1.360814E-15
480.  1.355653E-15
481.  1.350854E-15
482.  1.346425E-15
483.  1.342370E-15
484.  1.338695E-15
485.  1.335405E-15
486.  1.332503E-15
487.  1.329994E-15
488.  1.327879E-15
489.  1.326161E-15
490.  1.324842E-15
491.  1.323922E-15
492.  1.323403E-15
493.  1.323284E-15
494.  1.323565E-15
495.  1.324244E-15
496.  1.325320E-15
497.  1.326789E-15
498.  1.328650E-15
499.  1.330899E-15
500.  1.333532E-15
501.  1.336543E-15
502.  1.339930E-15
503.  1.343685E-15
504.  1.347802E-15
505.  1.352275E-15
506.  1.357098E-15
507.  1.362261E-15
508.  1.367759E-15
509.  1.373580E-15
510.  1.379718E-15
511.  1.386163E-15
512.  1.392904E-15
513.  1.399931E-15
514.  1.407235E-15
515.  1.414803E-15
516.  1.422624E-15
517.  1.430687E-15
518.  1.438979E-15
519.  1.447488E-15
520.  1.456200E-15
521.  1.465103E-15
522.  1.474183E-15
523.  1.483426E-15
524.  1.492818E-15
525.  1.502343E-15
526.  1.511989E-15
527.  1.521738E-15
528.  1.531577E-15
529.  1.541489E-15
530.  1.551459E-15
531.  1.561470E-15
532.  1.571507E-15
533.  1.581552E-15
534.  1.591590E-15
535.  1.601604E-15
536.  1.611576E-15
537.  1.621490E-15
538.  1.631329E-15
539.  1.641075E-15
540.  1.650711E-15
541.  1.660220E-15
542.  1.669585E-15
543.  1.678789E-15
544.  1.687814E-15
545.  1.696644E-15
546.  1.705260E-15
547.  1.713647E-15
548.  1.721788E-15
549.  1.729666E-15
550.  1.737266E-15
551.  1.744569E-15
552.  1.751562E-15
553.  1.758229E-15
554.  1.764555E-15
555.  1.770525E-15
556.  1.776124E-15
557.  1.781340E-15
558.  1.786158E-15
559.  1.790565E-15
560.  1.794550E-15
561.  1.798102E-15
562.  1.801208E-15
563.  1.803858E-15
564.  1.806043E-15
565.  1.807753E-15
566.  1.808981E-15
567.  1.809718E-15
568.  1.809958E-15
569.  1.809695E-15
570.  1.808924E-15
571.  1.807640E-15
572.  1.805840E-15
573.  1.803522E-15
574.  1.800683E-15
575.  1.797323E-15
576.  1.793441E-15
577.  1.789040E-15
578.  1.784120E-15
579.  1.778685E-15
580.  1.772739E-15
581.  1.766285E-15
582.  1.759330E-15
583.  1.751880E-15
584.  1.743942E-15
585.  1.735525E-15
586.  1.726637E-15
587.  1.717289E-15
588.  1.707491E-15
589.  1.697255E-15
590.  1.686593E-15
591.  1.675518E-15
592.  1.664043E-15
593.  1.652184E-15
594.  1.639955E-15
595.  1.627372E-15
596.  1.614451E-15
597.  1.601208E-15
598.  1.587662E-15
599.  1.573830E-15
600.  1.559730E-15
601.  1.545380E-15
602.  1.530800E-15
603.  1.516008E-15
604.  1.501025E-15
605.  1.485869E-15
606.  1.470561E-15
607.  1.455120E-15
608.  1.439567E-15
609.  1.423922E-15
610.  1.408204E-15
611.  1.392434E-15
612.  1.376630E-15
613.  1.360815E-15
614.  1.345007E-15
615.  1.329224E-15
616.  1.313488E-15
617.  1.297815E-15
618.  1.282226E-15
619.  1.266737E-15
620.  1.251368E-15
621.  1.236135E-15
622.  1.221055E-15
623.  1.206145E-15
624.  1.191421E-15
625.  1.176898E-15
626.  1.162591E-15
627.  1.148514E-15
628.  1.134682E-15
629.  1.121107E-15
630.  1.107802E-15
631.  1.094778E-15
632.  1.082047E-15
633.  1.069620E-15
634.  1.057506E-15
635.  1.045714E-15
636.  1.034252E-15
637.  1.023130E-15
638.  1.012352E-15
639.  1.001927E-15
640.  9.918589E-16
641.  9.821531E-16
642.  9.728140E-16
643.  9.638449E-16
644.  9.552484E-16
645.  9.470270E-16
646.  9.391819E-16
647.  9.317136E-16
648.  9.246222E-16
649.  9.179074E-16
650.  9.115674E-16
651.  9.056010E-16
652.  9.000052E-16
653.  8.947768E-16
654.  8.899123E-16
655.  8.854071E-16
656.  8.812566E-16
657.  8.774553E-16
658.  8.739970E-16
659.  8.708754E-16
660.  8.680836E-16
661.  8.656143E-16
662.  8.634591E-16
663.  8.616101E-16
664.  8.600584E-16
665.  8.587948E-16
666.  8.578101E-16
667.  8.570942E-16
668.  8.566367E-16
669.  8.564278E-16
670.  8.564563E-16
671.  8.567109E-16
672.  8.571808E-16
673.  8.578542E-16
674.  8.587196E-16
675.  8.597652E-16
676.  8.609784E-16
677.  8.623479E-16
678.  8.638606E-16
679.  8.655046E-16
680.  8.672675E-16
681.  8.691366E-16
682.  8.710992E-16
683.  8.731432E-16
684.  8.752558E-16
685.  8.774246E-16
686.  8.796372E-16
687.  8.818809E-16
688.  8.841438E-16
689.  8.864134E-16
690.  8.886777E-16
691.  8.909249E-16
692.  8.931431E-16
693.  8.953208E-16
694.  8.974464E-16
695.  8.995087E-16
696.  9.014968E-16
697.  9.034001E-16
698.  9.052080E-16
699.  9.069101E-16
700.  9.084967E-16
701.  9.099582E-16
702.  9.112853E-16
703.  9.124688E-16
704.  9.135005E-16
705.  9.143719E-16
706.  9.150746E-16
707.  9.156019E-16
708.  9.159464E-16
709.  9.161013E-16
710.  9.160606E-16
711.  9.158182E-16
712.  9.153688E-16
713.  9.147075E-16
714.  9.138298E-16
715.  9.127320E-16
716.  9.114100E-16
717.  9.098613E-16
718.  9.080834E-16
719.  9.060739E-16
720.  9.038318E-16
721.  9.013557E-16
722.  8.986454E-16
723.  8.957008E-16
724.  8.925229E-16
725.  8.891125E-16
726.  8.854712E-16
727.  8.816014E-16
728.  8.775058E-16
729.  8.731874E-16
730.  8.686502E-16
731.  8.638984E-16
732.  8.589366E-16
733.  8.537701E-16
734.  8.484049E-16
735.  8.428468E-16
736.  8.371027E-16
737.  8.311796E-16
738.  8.250848E-16
739.  8.188266E-16
740.  8.124130E-16
741.  8.058532E-16
742.  7.991556E-16
743.  7.923298E-16
744.  7.853854E-16
745.  7.783325E-16
746.  7.711811E-16
747.  7.639417E-16
748.  7.566249E-16
749.  7.492414E-16
750.  7.418022E-16
751.  7.343181E-16
752.  7.268004E-16
753.  7.192604E-16
754.  7.117088E-16
755.  7.041571E-16
756.  6.966163E-16
757.  6.890975E-16
758.  6.816114E-16
759.  6.741692E-16
760.  6.667811E-16
761.  6.594578E-16
762.  6.522093E-16
763.  6.450458E-16
764.  6.379769E-16
765.  6.310119E-16
766.  6.241602E-16
767.  6.174299E-16
768.  6.108301E-16
769.  6.043683E-16
770.  5.980523E-16
771.  5.918893E-16
772.  5.858858E-16
773.  5.800483E-16
774.  5.743828E-16
775.  5.688943E-16
776.  5.635879E-16
777.  5.584681E-16
778.  5.535389E-16
779.  5.488038E-16
780.  5.442658E-16
781.  5.399275E-16
782.  5.357909E-16
783.  5.318577E-16
784.  5.281294E-16
785.  5.246063E-16
786.  5.212890E-16
787.  5.181775E-16
788.  5.152712E-16
789.  5.125695E-16
790.  5.100709E-16
791.  5.077741E-16
792.  5.056773E-16
793.  5.037781E-16
794.  5.020743E-16
795.  5.005635E-16
796.  4.992423E-16
797.  4.981079E-16
798.  4.971570E-16
799.  4.963860E-16
800.  4.957917E-16
801.  4.953702E-16
802.  4.951179E-16
803.  4.950307E-16
804.  4.951051E-16
805.  4.953371E-16
806.  4.957228E-16
807.  4.962584E-16
808.  4.969403E-16
809.  4.977645E-16
810.  4.987276E-16
811.  4.998261E-16
812.  5.010565E-16
813.  5.024156E-16
814.  5.039004E-16
815.  5.055075E-16
816.  5.072346E-16
817.  5.090787E-16
818.  5.110375E-16
819.  5.131089E-16
820.  5.152908E-16
821.  5.175812E-16
822.  5.199783E-16
823.  5.224809E-16
824.  5.250877E-16
825.  5.277973E-16
826.  5.306091E-16
827.  5.335221E-16
828.  5.365358E-16
829.  5.396498E-16
830.  5.428641E-16
831.  5.461782E-16
832.  5.495922E-16
833.  5.531063E-16
834.  5.567207E-16
835.  5.604357E-16
836.  5.642518E-16
837.  5.681693E-16
838.  5.721889E-16
839.  5.763110E-16
840.  5.805361E-16
841.  5.848648E-16
842.  5.892978E-16
843.  5.938355E-16
844.  5.984782E-16
845.  6.032265E-16
846.  6.080807E-16
847.  6.130408E-16
848.  6.181074E-16
849.  6.232800E-16
850.  6.285585E-16
851.  6.339430E-16
852.  6.394328E-16
853.  6.450274E-16
854.  6.507259E-16
855.  6.565275E-16
856.  6.624310E-16
857.  6.684349E-16
858.  6.745380E-16
859.  6.807381E-16
860.  6.870334E-16
861.  6.934218E-16
862.  6.999009E-16
863.  7.064679E-16
864.  7.131199E-16
865.  7.198540E-16
866.  7.266666E-16
867.  7.335545E-16
868.  7.405136E-16
869.  7.475402E-16
870.  7.546298E-16
871.  7.617784E-16
872.  7.689811E-16
873.  7.762333E-16
874.  7.835297E-16
875.  7.908653E-16
876.  7.982349E-16
877.  8.056327E-16
878.  8.130534E-16
879.  8.204907E-16
880.  8.279389E-16
881.  8.353917E-16
882.  8.428430E-16
883.  8.502865E-16
884.  8.577155E-16
885.  8.651238E-16
886.  8.725042E-16
887.  8.798504E-16
888.  8.871554E-16
889.  8.944123E-16
890.  9.016143E-16
891.  9.087543E-16
892.  9.158254E-16
893.  9.228206E-16
894.  9.297328E-16
895.  9.365548E-16
896.  9.432800E-16
897.  9.499012E-16
898.  9.564112E-16
899.  9.628033E-16
900.  9.690707E-16
901.  9.752067E-16
902.  9.812040E-16
903.  9.870564E-16
904.  9.927572E-16
905.  9.982997E-16
906.  1.003678E-15
907.  1.008886E-15
908.  1.013917E-15
909.  1.018765E-15
910.  1.023424E-15
911.  1.027890E-15
912.  1.032156E-15
913.  1.036217E-15
914.  1.040068E-15
915.  1.043705E-15
916.  1.047122E-15
917.  1.050316E-15
918.  1.053282E-15
919.  1.056015E-15
920.  1.058514E-15
921.  1.060774E-15
922.  1.062793E-15
923.  1.064567E-15
924.  1.066094E-15
925.  1.067372E-15
926.  1.068400E-15
927.  1.069175E-15
928.  1.069697E-15
929.  1.069965E-15
930.  1.069979E-15
931.  1.069739E-15
932.  1.069244E-15
933.  1.068497E-15
934.  1.067497E-15
935.  1.066247E-15
936.  1.064749E-15
937.  1.063004E-15
938.  1.061016E-15
939.  1.058788E-15
940.  1.056323E-15
941.  1.053626E-15
942.  1.050701E-15
943.  1.047552E-15
944.  1.044185E-15
945.  1.040606E-15
946.  1.036820E-15
947.  1.032834E-15
948.  1.028655E-15
949.  1.024290E-15
950.  1.019747E-15
951.  1.015033E-15
952.  1.010157E-15
953.  1.005128E-15
954.  9.999533E-16
955.  9.946435E-16
956.  9.892081E-16
957.  9.836564E-16
958.  9.779990E-16
959.  9.722460E-16
960.  9.664079E-16
961.  9.604960E-16
962.  9.545206E-16
963.  9.484929E-16
964.  9.424245E-16
965.  9.363267E-16
966.  9.302107E-16
967.  9.240882E-16
968.  9.179708E-16
969.  9.118697E-16
970.  9.057968E-16
971.  8.997635E-16
972.  8.937809E-16
973.  8.878607E-16
974.  8.820137E-16
975.  8.762509E-16
976.  8.705831E-16
977.  8.650205E-16
978.  8.595737E-16
979.  8.542524E-16
980.  8.490661E-16
981.  8.440241E-16
982.  8.391351E-16
983.  8.344074E-16
984.  8.298492E-16
985.  8.254677E-16
986.  8.212699E-16
987.  8.172618E-16
988.  8.134496E-16
989.  8.098382E-16
990.  8.064325E-16
991.  8.032363E-16
992.  8.002527E-16
993.  7.974845E-16
994.  7.949335E-16
995.  7.926013E-16
996.  7.904880E-16
997.  7.885938E-16
998.  7.869174E-16
999.  7.854574E-16
1000.  7.842117E-16
1001.  7.831770E-16
1002.  7.823495E-16
1003.  7.817249E-16
1004.  7.812981E-16
1005.  7.810631E-16
1006.  7.810137E-16
1007.  7.811425E-16
1008.  7.814421E-16
1009.  7.819041E-16
1010.  7.825197E-16
1011.  7.832797E-16
1012.  7.841740E-16
1013.  7.851928E-16
1014.  7.863251E-16
1015.  7.875600E-16
1016.  7.888863E-16
1017.  7.902920E-16
1018.  7.917659E-16
1019.  7.932958E-16
1020.  7.948696E-16
1021.  7.964751E-16
1022.  7.981007E-16
1023.  7.997336E-16
1024.  8.013624E-16
1025.  8.029747E-16
1026.  8.045597E-16
1027.  8.061054E-16
1028.  8.076012E-16
1029.  8.090365E-16
1030.  8.104007E-16
1031.  8.116844E-16
1032.  8.128784E-16
1033.  8.139739E-16
1034.  8.149630E-16
1035.  8.158387E-16
1036.  8.165939E-16
1037.  8.172226E-16
1038.  8.177200E-16
1039.  8.180818E-16
1040.  8.183041E-16
1041.  8.183842E-16
1042.  8.183204E-16
1043.  8.181120E-16
1044.  8.177583E-16
1045.  8.172606E-16
1046.  8.166202E-16
1047.  8.158398E-16
1048.  8.149229E-16
1049.  8.138737E-16
1050.  8.126973E-16
1051.  8.113999E-16
1052.  8.099878E-16
1053.  8.084690E-16
1054.  8.068518E-16
1055.  8.051447E-16
1056.  8.033580E-16
1057.  8.015016E-16
1058.  7.995866E-16
1059.  7.976241E-16
1060.  7.956264E-16
1061.  7.936055E-16
1062.  7.915742E-16
1063.  7.895454E-16
1064.  7.875328E-16
1065.  7.855494E-16
1066.  7.836090E-16
1067.  7.817255E-16
1068.  7.799120E-16
1069.  7.781828E-16
1070.  7.765509E-16
1071.  7.750300E-16
1072.  7.736329E-16
1073.  7.723729E-16
1074.  7.712620E-16
1075.  7.703126E-16
1076.  7.695359E-16
1077.  7.689434E-16
1078.  7.685454E-16
1079.  7.683520E-16
1080.  7.683722E-16
1081.  7.686146E-16
1082.  7.690874E-16
1083.  7.697973E-16
1084.  7.707507E-16
1085.  7.719531E-16
1086.  7.734093E-16
1087.  7.751230E-16
1088.  7.770968E-16
1089.  7.793334E-16
1090.  7.818335E-16
1091.  7.845978E-16
1092.  7.876252E-16
1093.  7.909149E-16
1094.  7.944643E-16
1095.  7.982704E-16
1096.  8.023292E-16
1097.  8.066363E-16
1098.  8.111861E-16
1099.  8.159725E-16
1100.  8.209886E-16
1101.  8.262270E-16
1102.  8.316796E-16
1103.  8.373379E-16
1104.  8.431924E-16
1105.  8.492338E-16
1106.  8.554518E-16
1107.  8.618363E-16
1108.  8.683765E-16
1109.  8.750614E-16
1110.  8.818796E-16
1111.  8.888200E-16
1112.  8.958716E-16
1113.  9.030222E-16
1114.  9.102612E-16
1115.  9.175766E-16
1116.  9.249574E-16
1117.  9.323927E-16
1118.  9.398717E-16
1119.  9.473837E-16
1120.  9.549187E-16
1121.  9.624666E-16
1122.  9.700181E-16
1123.  9.775641E-16
1124.  9.850964E-16
1125.  9.926070E-16
1126.  1.000088E-15
1127.  1.007533E-15
1128.  1.014935E-15
1129.  1.022289E-15
1130.  1.029589E-15
1131.  1.036831E-15
1132.  1.044011E-15
1133.  1.051127E-15
1134.  1.058174E-15
1135.  1.065152E-15
1136.  1.072059E-15
1137.  1.078894E-15
1138.  1.085657E-15
1139.  1.092349E-15
1140.  1.098970E-15
1141.  1.105521E-15
1142.  1.112006E-15
1143.  1.118426E-15
1144.  1.124783E-15
1145.  1.131082E-15
1146.  1.137326E-15
1147.  1.143519E-15
1148.  1.149664E-15
1149.  1.155767E-15
1150.  1.161832E-15
1151.  1.167864E-15
1152.  1.173868E-15
1153.  1.179848E-15
1154.  1.185809E-15
1155.  1.191758E-15
1156.  1.197697E-15
1157.  1.203633E-15
1158.  1.209570E-15
1159.  1.215511E-15
1160.  1.221462E-15
1161.  1.227427E-15
1162.  1.233408E-15
1163.  1.239409E-15
1164.  1.245433E-15
1165.  1.251482E-15
1166.  1.257560E-15
1167.  1.263666E-15
1168.  1.269803E-15
1169.  1.275970E-15
1170.  1.282169E-15
1171.  1.288399E-15
1172.  1.294659E-15
1173.  1.300947E-15
1174.  1.307262E-15
1175.  1.313601E-15
1176.  1.319960E-15
1177.  1.326338E-15
1178.  1.332729E-15
1179.  1.339129E-15
1180.  1.345533E-15
1181.  1.351935E-15
1182.  1.358329E-15
1183.  1.364709E-15
1184.  1.371068E-15
1185.  1.377399E-15
1186.  1.383693E-15
1187.  1.389944E-15
1188.  1.396141E-15
1189.  1.402278E-15
1190.  1.408345E-15
1191.  1.414333E-15
1192.  1.420233E-15
1193.  1.426034E-15
1194.  1.431729E-15
1195.  1.437306E-15
1196.  1.442757E-15
1197.  1.448072E-15
1198.  1.453241E-15
1199.  1.458254E-15
1200.  1.463102E-15
1201.  1.467775E-15
1202.  1.472265E-15
1203.  1.476562E-15
1204.  1.480658E-15
1205.  1.484544E-15
1206.  1.488212E-15
1207.  1.491654E-15
1208.  1.494862E-15
1209.  1.497829E-15
1210.  1.500549E-15
1211.  1.503015E-15
1212.  1.505221E-15
1213.  1.507163E-15
1214.  1.508834E-15
1215.  1.510231E-15
1216.  1.511350E-15
1217.  1.512187E-15
1218.  1.512739E-15
1219.  1.513006E-15
1220.  1.512983E-15
1221.  1.512672E-15
1222.  1.512071E-15
1223.  1.511180E-15
1224.  1.510000E-15
1225.  1.508533E-15
1226.  1.506779E-15
1227.  1.504743E-15
1228.  1.502426E-15
1229.  1.499833E-15
1230.  1.496967E-15
1231.  1.493833E-15
1232.  1.490437E-15
1233.  1.486785E-15
1234.  1.482883E-15
1235.  1.478738E-15
1236.  1.474357E-15
1237.  1.469748E-15
1238.  1.464919E-15
1239.  1.459880E-15
1240.  1.454640E-15
1241.  1.449208E-15
1242.  1.443594E-15
1243.  1.437809E-15
1244.  1.431864E-15
1245.  1.425769E-15
1246.  1.419536E-15
1247.  1.413176E-15
1248.  1.406702E-15
1249.  1.400125E-15
1250.  1.393458E-15
1251.  1.386714E-15
1252.  1.379904E-15
1253.  1.373041E-15
1254.  1.366139E-15
1255.  1.359210E-15
1256.  1.352266E-15
1257.  1.345321E-15
1258.  1.338387E-15
1259.  1.331477E-15
1260.  1.324604E-15
1261.  1.317780E-15
1262.  1.311017E-15
1263.  1.304327E-15
1264.  1.297724E-15
1265.  1.291217E-15
1266.  1.284819E-15
1267.  1.278540E-15
1268.  1.272392E-15
1269.  1.266385E-15
1270.  1.260529E-15
1271.  1.254834E-15
1272.  1.249309E-15
1273.  1.243963E-15
1274.  1.238805E-15
1275.  1.233842E-15
1276.  1.229082E-15
1277.  1.224532E-15
1278.  1.220199E-15
1279.  1.216088E-15
1280.  1.212205E-15
1281.  1.208555E-15
1282.  1.205142E-15
1283.  1.201970E-15
1284.  1.199041E-15
1285.  1.196360E-15
1286.  1.193927E-15
1287.  1.191743E-15
1288.  1.189811E-15
1289.  1.188130E-15
1290.  1.186699E-15
1291.  1.185519E-15
1292.  1.184586E-15
1293.  1.183901E-15
1294.  1.183459E-15
1295.  1.183257E-15
1296.  1.183293E-15
1297.  1.183561E-15
1298.  1.184058E-15
1299.  1.184778E-15
1300.  1.185715E-15
1301.  1.186863E-15
1302.  1.188217E-15
1303.  1.189768E-15
1304.  1.191510E-15
1305.  1.193435E-15
1306.  1.195535E-15
1307.  1.197802E-15
1308.  1.200227E-15
1309.  1.202801E-15
1310.  1.205516E-15
1311.  1.208361E-15
1312.  1.211327E-15
1313.  1.214405E-15
1314.  1.217586E-15
1315.  1.220858E-15
1316.  1.224211E-15
1317.  1.227637E-15
1318.  1.231124E-15
1319.  1.234663E-15
1320.  1.238243E-15
1321.  1.241855E-15
1322.  1.245488E-15
1323.  1.249133E-15
1324.  1.252779E-15
1325.  1.256418E-15
1326.  1.260040E-15
1327.  1.263635E-15
1328.  1.267194E-15
1329.  1.270710E-15
1330.  1.274172E-15
1331.  1.277574E-15
1332.  1.280905E-15
1333.  1.284161E-15
1334.  1.287332E-15
1335.  1.290411E-15
1336.  1.293393E-15
1337.  1.296271E-15
1338.  1.299038E-15
1339.  1.301690E-15
1340.  1.304221E-15
1341.  1.306626E-15
1342.  1.308901E-15
1343.  1.311043E-15
1344.  1.313048E-15
1345.  1.314913E-15
1346.  1.316635E-15
1347.  1.318213E-15
1348.  1.319645E-15
1349.  1.320929E-15
1350.  1.322066E-15
1351.  1.323054E-15
1352.  1.323894E-15
1353.  1.324587E-15
1354.  1.325135E-15
1355.  1.325538E-15
1356.  1.325799E-15
1357.  1.325920E-15
1358.  1.325905E-15
1359.  1.325756E-15
1360.  1.325478E-15
1361.  1.325074E-15
1362.  1.324550E-15
1363.  1.323910E-15
1364.  1.323160E-15
1365.  1.322305E-15
1366.  1.321351E-15
1367.  1.320306E-15
1368.  1.319175E-15
1369.  1.317965E-15
1370.  1.316684E-15
1371.  1.315339E-15
1372.  1.313938E-15
1373.  1.312489E-15
1374.  1.310999E-15
1375.  1.309478E-15
1376.  1.307933E-15
1377.  1.306373E-15
1378.  1.304806E-15
1379.  1.303242E-15
1380.  1.301689E-15
1381.  1.300155E-15
1382.  1.298649E-15
1383.  1.297181E-15
1384.  1.295758E-15
1385.  1.294389E-15
1386.  1.293083E-15
1387.  1.291848E-15
1388.  1.290692E-15
1389.  1.289624E-15
1390.  1.288651E-15
1391.  1.287780E-15
1392.  1.287020E-15
1393.  1.286377E-15
1394.  1.285859E-15
1395.  1.285472E-15
1396.  1.285223E-15
1397.  1.285118E-15
1398.  1.285162E-15
1399.  1.285362E-15
1400.  1.285723E-15
1401.  1.286250E-15
1402.  1.286946E-15
1403.  1.287817E-15
1404.  1.288867E-15
1405.  1.290099E-15
1406.  1.291516E-15
1407.  1.293122E-15
1408.  1.294919E-15
1409.  1.296910E-15
1410.  1.299096E-15
1411.  1.301479E-15
1412.  1.304061E-15
1413.  1.306844E-15
1414.  1.309826E-15
1415.  1.313010E-15
1416.  1.316395E-15
1417.  1.319982E-15
1418.  1.323770E-15
1419.  1.327759E-15
1420.  1.331949E-15
1421.  1.336338E-15
1422.  1.340925E-15
1423.  1.345709E-15
1424.  1.350688E-15
1425.  1.355862E-15
1426.  1.361228E-15
1427.  1.366785E-15
1428.  1.372529E-15
1429.  1.378459E-15
1430.  1.384574E-15
1431.  1.390869E-15
1432.  1.397343E-15
1433.  1.403994E-15
1434.  1.410817E-15
1435.  1.417811E-15
1436.  1.424973E-15
1437.  1.432299E-15
1438.  1.439787E-15
1439.  1.447433E-15
1440.  1.455234E-15
1441.  1.463186E-15
1442.  1.471286E-15
1443.  1.479531E-15
1444.  1.487916E-15
1445.  1.496439E-15
1446.  1.505095E-15
1447.  1.513880E-15
1448.  1.522790E-15
1449.  1.531822E-15
1450.  1.540970E-15
1451.  1.550230E-15
1452.  1.559597E-15
1453.  1.569068E-15
1454.  1.578637E-15
1455.  1.588299E-15
1456.  1.598049E-15
1457.  1.607882E-15
1458.  1.617792E-15
1459.  1.627774E-15
1460.  1.637822E-15
1461.  1.647930E-15
1462.  1.658093E-15
1463.  1.668303E-15
1464.  1.678555E-15
1465.  1.688843E-15
1466.  1.699159E-15
1467.  1.709497E-15
1468.  1.719851E-15
1469.  1.730212E-15
1470.  1.740575E-15
1471.  1.750932E-15
1472.  1.761276E-15
1473.  1.771599E-15
1474.  1.781895E-15
1475.  1.792156E-15
1476.  1.802373E-15
1477.  1.812542E-15
1478.  1.822653E-15
1479.  1.832699E-15
1480.  1.842672E-15
1481.  1.852567E-15
1482.  1.862375E-15
1483.  1.872090E-15
1484.  1.881703E-15
1485.  1.891210E-15
1486.  1.900602E-15
1487.  1.909874E-15
1488.  1.919018E-15
1489.  1.928030E-15
1490.  1.936903E-15
1491.  1.945631E-15
1492.  1.954209E-15
1493.  1.962632E-15
1494.  1.970894E-15
1495.  1.978993E-15
1496.  1.986922E-15
1497.  1.994680E-15
1498.  2.002260E-15
1499.  2.009661E-15
1500.  2.016880E-15
1501.  2.023914E-15
1502.  2.030760E-15
1503.  2.037417E-15
1504.  2.043884E-15
1505.  2.050159E-15
1506.  2.056240E-15
1507.  2.062129E-15
1508.  2.067823E-15
1509.  2.073325E-15
1510.  2.078633E-15
1511.  2.083748E-15
1512.  2.088672E-15
1513.  2.093406E-15
1514.  2.097951E-15
1515.  2.102309E-15
1516.  2.106482E-15
1517.  2.110472E-15
1518.  2.114281E-15
1519.  2.117911E-15
1520.  2.121366E-15
1521.  2.124648E-15
1522.  2.127760E-15
1523.  2.130704E-15
1524.  2.133484E-15
1525.  2.136103E-15
1526.  2.138563E-15
1527.  2.140868E-15
1528.  2.143020E-15
1529.  2.145023E-15
1530.  2.146879E-15
1531.  2.148591E-15
1532.  2.150162E-15
1533.  2.151594E-15
1534.  2.152891E-15
1535.  2.154053E-15
1536.  2.155083E-15
1537.  2.155984E-15
1538.  2.156757E-15
1539.  2.157404E-15
1540.  2.157926E-15
1541.  2.158324E-15
1542.  2.158601E-15
1543.  2.158756E-15
1544.  2.158790E-15
1545.  2.158704E-15
1546.  2.158499E-15
1547.  2.158174E-15
1548.  2.157730E-15
1549.  2.157166E-15
1550.  2.156482E-15
1551.  2.155679E-15
1552.  2.154754E-15
1553.  2.153708E-15
1554.  2.152540E-15
1555.  2.151249E-15
1556.  2.149833E-15
1557.  2.148294E-15
1558.  2.146628E-15
1559.  2.144835E-15
1560.  2.142915E-15
1561.  2.140866E-15
1562.  2.138687E-15
1563.  2.136377E-15
1564.  2.133936E-15
1565.  2.131364E-15
1566.  2.128658E-15
1567.  2.125820E-15
1568.  2.122848E-15
1569.  2.119743E-15
1570.  2.116504E-15
1571.  2.113133E-15
1572.  2.109629E-15
1573.  2.105994E-15
1574.  2.102228E-15
1575.  2.098332E-15
1576.  2.094309E-15
1577.  2.090159E-15
1578.  2.085886E-15
1579.  2.081490E-15
1580.  2.076976E-15
1581.  2.072345E-15
1582.  2.067601E-15
1583.  2.062747E-15
1584.  2.057788E-15
1585.  2.052726E-15
1586.  2.047567E-15
1587.  2.042314E-15
1588.  2.036973E-15
1589.  2.031548E-15
1590.  2.026044E-15
1591.  2.020467E-15
1592.  2.014821E-15
1593.  2.009113E-15
1594.  2.003348E-15
1595.  1.997532E-15
1596.  1.991670E-15
1597.  1.985769E-15
1598.  1.979834E-15
1599.  1.973871E-15
1600.  1.967885E-15
1601.  1.961883E-15
1602.  1.955870E-15
1603.  1.949851E-15
1604.  1.943831E-15
1605.  1.937816E-15
1606.  1.931810E-15
1607.  1.925818E-15
1608.  1.919844E-15
1609.  1.913892E-15
1610.  1.907965E-15
1611.  1.902068E-15
1612.  1.896203E-15
1613.  1.890371E-15
1614.  1.884577E-15
1615.  1.878820E-15
1616.  1.873102E-15
1617.  1.867425E-15
1618.  1.861788E-15
1619.  1.856191E-15
1620.  1.850634E-15
1621.  1.845115E-15
1622.  1.839633E-15
1623.  1.834186E-15
1624.  1.828771E-15
1625.  1.823385E-15
1626.  1.818025E-15
1627.  1.812687E-15
1628.  1.807367E-15
1629.  1.802060E-15
1630.  1.796760E-15
1631.  1.791463E-15
1632.  1.786163E-15
1633.  1.780852E-15
1634.  1.775526E-15
1635.  1.770176E-15
1636.  1.764797E-15
1637.  1.759381E-15
1638.  1.753921E-15
1639.  1.748409E-15
1640.  1.742838E-15
1641.  1.737199E-15
1642.  1.731486E-15
1643.  1.725690E-15
1644.  1.719803E-15
1645.  1.713818E-15
1646.  1.707727E-15
1647.  1.701522E-15
1648.  1.695197E-15
1649.  1.688743E-15
1650.  1.682154E-15
1651.  1.675423E-15
1652.  1.668542E-15
1653.  1.661507E-15
1654.  1.654310E-15
1655.  1.646945E-15
1656.  1.639408E-15
1657.  1.631693E-15
1658.  1.623796E-15
1659.  1.615711E-15
1660.  1.607436E-15
1661.  1.598966E-15
1662.  1.590299E-15
1663.  1.581432E-15
1664.  1.572362E-15
1665.  1.563088E-15
1666.  1.553608E-15
1667.  1.543922E-15
1668.  1.534029E-15
1669.  1.523929E-15
1670.  1.513622E-15
1671.  1.503110E-15
1672.  1.492394E-15
1673.  1.481476E-15
1674.  1.470357E-15
1675.  1.459042E-15
1676.  1.447533E-15
1677.  1.435832E-15
1678.  1.423946E-15
1679.  1.411878E-15
1680.  1.399632E-15
1681.  1.387214E-15
1682.  1.374631E-15
1683.  1.361886E-15
1684.  1.348988E-15
1685.  1.335942E-15
1686.  1.322756E-15
1687.  1.309437E-15
1688.  1.295992E-15
1689.  1.282429E-15
1690.  1.268758E-15
1691.  1.254985E-15
1692.  1.241119E-15
1693.  1.227170E-15
1694.  1.213146E-15
1695.  1.199057E-15
1696.  1.184913E-15
1697.  1.170722E-15
1698.  1.156494E-15
1699.  1.142239E-15
1700.  1.127967E-15
1701.  1.113688E-15
1702.  1.099413E-15
1703.  1.085150E-15
1704.  1.070909E-15
1705.  1.056702E-15
1706.  1.042538E-15
1707.  1.028426E-15
1708.  1.014376E-15
1709.  1.000399E-15
1710.  9.865041E-16
1711.  9.726998E-16
1712.  9.589959E-16
1713.  9.454012E-16
1714.  9.319249E-16
1715.  9.185751E-16
1716.  9.053604E-16
1717.  8.922889E-16
1718.  8.793680E-16
1719.  8.666052E-16
1720.  8.540075E-16
1721.  8.415819E-16
1722.  8.293344E-16
1723.  8.172710E-16
1724.  8.053972E-16
1725.  7.937183E-16
1726.  7.822386E-16
1727.  7.709627E-16
1728.  7.598942E-16
1729.  7.490364E-16
1730.  7.383923E-16
1731.  7.279641E-16
1732.  7.177539E-16
1733.  7.077630E-16
1734.  6.979925E-16
1735.  6.884429E-16
1736.  6.791142E-16
1737.  6.700059E-16
1738.  6.611172E-16
1739.  6.524469E-16
1740.  6.439931E-16
1741.  6.357537E-16
1742.  6.277263E-16
1743.  6.199076E-16
1744.  6.122945E-16
1745.  6.048833E-16
1746.  5.976699E-16
1747.  5.906501E-16
1748.  5.838193E-16
1749.  5.771723E-16
1750.  5.707044E-16
1751.  5.644099E-16
1752.  5.582837E-16
1753.  5.523194E-16
1754.  5.465117E-16
1755.  5.408546E-16
1756.  5.353420E-16
1757.  5.299676E-16
1758.  5.247254E-16
1759.  5.196093E-16
1760.  5.146132E-16
1761.  5.097311E-16
1762.  5.049567E-16
1763.  5.002842E-16
1764.  4.957081E-16
1765.  4.912227E-16
1766.  4.868222E-16
1767.  4.825017E-16
1768.  4.782559E-16
1769.  4.740801E-16
1770.  4.699695E-16
1771.  4.659198E-16
1772.  4.619272E-16
1773.  4.579876E-16
1774.  4.540976E-16
1775.  4.502540E-16
1776.  4.464539E-16
1777.  4.426946E-16
1778.  4.389740E-16
1779.  4.352901E-16
1780.  4.316413E-16
1781.  4.280262E-16
1782.  4.244439E-16
1783.  4.208937E-16
1784.  4.173752E-16
1785.  4.138883E-16
1786.  4.104332E-16
1787.  4.070103E-16
1788.  4.036206E-16
1789.  4.002649E-16
1790.  3.969445E-16
1791.  3.936608E-16
1792.  3.904156E-16
1793.  3.872106E-16
1794.  3.840480E-16
1795.  3.809298E-16
1796.  3.778585E-16
1797.  3.748366E-16
1798.  3.718666E-16
1799.  3.689510E-16
1800.  3.660927E-16
1801.  3.632944E-16
1802.  3.605589E-16
1803.  3.578890E-16
1804.  3.552874E-16
1805.  3.527569E-16
1806.  3.503002E-16
1807.  3.479201E-16
1808.  3.456190E-16
1809.  3.433995E-16
1810.  3.412639E-16
1811.  3.392146E-16
1812.  3.372535E-16
1813.  3.353829E-16
1814.  3.336043E-16
1815.  3.319198E-16
1816.  3.303305E-16
1817.  3.288378E-16
1818.  3.274429E-16
1819.  3.261470E-16
1820.  3.249504E-16
1821.  3.238541E-16
1822.  3.228581E-16
1823.  3.219627E-16
1824.  3.211679E-16
1825.  3.204734E-16
1826.  3.198788E-16
1827.  3.193832E-16
1828.  3.189861E-16
1829.  3.186864E-16
1830.  3.184826E-16
1831.  3.183736E-16
1832.  3.183577E-16
1833.  3.184331E-16
1834.  3.185980E-16
1835.  3.188503E-16
1836.  3.191878E-16
1837.  3.196082E-16
1838.  3.201091E-16
1839.  3.206877E-16
1840.  3.213416E-16
1841.  3.220678E-16
1842.  3.228637E-16
1843.  3.237261E-16
1844.  3.246522E-16
1845.  3.256389E-16
1846.  3.266832E-16
1847.  3.277818E-16
1848.  3.289318E-16
1849.  3.301299E-16
1850.  3.313730E-16
1851.  3.326580E-16
1852.  3.339819E-16
1853.  3.353414E-16
1854.  3.367338E-16
1855.  3.381559E-16
1856.  3.396048E-16
1857.  3.410778E-16
1858.  3.425721E-16
1859.  3.440851E-16
1860.  3.456141E-16
1861.  3.471569E-16
1862.  3.487110E-16
1863.  3.502742E-16
1864.  3.518445E-16
1865.  3.534197E-16
1866.  3.549985E-16
1867.  3.565788E-16
1868.  3.581592E-16
1869.  3.597385E-16
1870.  3.613155E-16
1871.  3.628890E-16
1872.  3.644583E-16
1873.  3.660228E-16
1874.  3.675816E-16
1875.  3.691350E-16
1876.  3.706825E-16
1877.  3.722242E-16
1878.  3.737603E-16
1879.  3.752913E-16
1880.  3.768178E-16
1881.  3.783403E-16
1882.  3.798601E-16
1883.  3.813784E-16
1884.  3.828962E-16
1885.  3.844152E-16
1886.  3.859370E-16
1887.  3.874636E-16
1888.  3.889969E-16
1889.  3.905391E-16
1890.  3.920927E-16
1891.  3.936600E-16
1892.  3.952438E-16
1893.  3.968470E-16
1894.  3.984724E-16
1895.  4.001231E-16
1896.  4.018026E-16
1897.  4.035141E-16
1898.  4.052611E-16
1899.  4.070473E-16
1900.  4.088764E-16
1901.  4.107520E-16
1902.  4.126784E-16
1903.  4.146595E-16
1904.  4.166994E-16
1905.  4.188021E-16
1906.  4.209721E-16
1907.  4.232136E-16
1908.  4.255310E-16
1909.  4.279289E-16
1910.  4.304112E-16
1911.  4.329828E-16
1912.  4.356483E-16
1913.  4.384118E-16
1914.  4.412781E-16
1915.  4.442516E-16
1916.  4.473368E-16
1917.  4.505382E-16
1918.  4.538604E-16
1919.  4.573074E-16
1920.  4.608840E-16
1921.  4.645942E-16
1922.  4.684423E-16
1923.  4.724325E-16
1924.  4.765688E-16
1925.  4.808554E-16
1926.  4.852959E-16
1927.  4.898942E-16
1928.  4.946541E-16
1929.  4.995787E-16
1930.  5.046718E-16
1931.  5.099365E-16
1932.  5.153758E-16
1933.  5.209924E-16
1934.  5.267895E-16
1935.  5.327693E-16
1936.  5.389342E-16
1937.  5.452864E-16
1938.  5.518275E-16
1939.  5.585594E-16
1940.  5.654832E-16
1941.  5.726005E-16
1942.  5.799117E-16
1943.  5.874178E-16
1944.  5.951188E-16
1945.  6.030148E-16
1946.  6.111054E-16
1947.  6.193901E-16
1948.  6.278678E-16
1949.  6.365371E-16
1950.  6.453963E-16
1951.  6.544433E-16
1952.  6.636759E-16
1953.  6.730908E-16
1954.  6.826849E-16
1955.  6.924548E-16
1956.  7.023960E-16
1957.  7.125041E-16
1958.  7.227741E-16
1959.  7.332008E-16
1960.  7.437778E-16
1961.  7.544993E-16
1962.  7.653584E-16
1963.  7.763477E-16
1964.  7.874594E-16
1965.  7.986857E-16
1966.  8.100177E-16
1967.  8.214461E-16
1968.  8.329620E-16
1969.  8.445546E-16
1970.  8.562141E-16
1971.  8.679296E-16
1972.  8.796893E-16
1973.  8.914822E-16
1974.  9.032958E-16
1975.  9.151178E-16
1976.  9.269355E-16
1977.  9.387355E-16
1978.  9.505048E-16
1979.  9.622294E-16
1980.  9.738957E-16
1981.  9.854892E-16
1982.  9.969957E-16
1983.  1.008401E-15
1984.  1.019690E-15
1985.  1.030848E-15
1986.  1.041861E-15
1987.  1.052713E-15
1988.  1.063391E-15
1989.  1.073879E-15
1990.  1.084163E-15
1991.  1.094229E-15
1992.  1.104062E-15
1993.  1.113649E-15
1994.  1.122976E-15
1995.  1.132031E-15
1996.  1.140799E-15
1997.  1.149270E-15
1998.  1.157431E-15
1999.  1.165270E-15
2000.  1.172778E-15
2001.  1.179944E-15
2002.  1.186758E-15
2003.  1.193213E-15
2004.  1.199299E-15
2005.  1.205011E-15
2006.  1.210341E-15
2007.  1.215285E-15
2008.  1.219837E-15
2009.  1.223994E-15
2010.  1.227753E-15
2011.  1.231113E-15
2012.  1.234072E-15
2013.  1.236632E-15
2014.  1.238793E-15
2015.  1.240557E-15
2016.  1.241927E-15
2017.  1.242909E-15
2018.  1.243507E-15
2019.  1.243728E-15
2020.  1.243578E-15
2021.  1.243067E-15
2022.  1.242203E-15
2023.  1.240996E-15
2024.  1.239459E-15
2025.  1.237602E-15
2026.  1.235439E-15
2027.  1.232983E-15
2028.  1.230250E-15
2029.  1.227253E-15
2030.  1.224010E-15
2031.  1.220537E-15
2032.  1.216851E-15
2033.  1.212969E-15
2034.  1.208911E-15
2035.  1.204695E-15
2036.  1.200339E-15
2037.  1.195865E-15
2038.  1.191290E-15
2039.  1.186636E-15
2040.  1.181921E-15
2041.  1.177167E-15
2042.  1.172394E-15
2043.  1.167621E-15
2044.  1.162869E-15
2045.  1.158157E-15
2046.  1.153505E-15
2047.  1.148933E-15
2048.  1.144458E-15
2049.  1.140101E-15
2050.  1.135878E-15
2051.  1.131808E-15
2052.  1.127906E-15
2053.  1.124190E-15
2054.  1.120675E-15
2055.  1.117375E-15
2056.  1.114305E-15
2057.  1.111478E-15
2058.  1.108906E-15
2059.  1.106600E-15
2060.  1.104571E-15
2061.  1.102829E-15
2062.  1.101381E-15
2063.  1.100235E-15
2064.  1.099397E-15
2065.  1.098873E-15
2066.  1.098666E-15
2067.  1.098780E-15
2068.  1.099216E-15
2069.  1.099975E-15
2070.  1.101057E-15
2071.  1.102460E-15
2072.  1.104181E-15
2073.  1.106217E-15
2074.  1.108563E-15
2075.  1.111212E-15
2076.  1.114157E-15
2077.  1.117391E-15
2078.  1.120904E-15
2079.  1.124686E-15
2080.  1.128725E-15
2081.  1.133009E-15
2082.  1.137525E-15
2083.  1.142260E-15
2084.  1.147198E-15
2085.  1.152324E-15
2086.  1.157621E-15
2087.  1.163073E-15
2088.  1.168660E-15
2089.  1.174367E-15
2090.  1.180172E-15
2091.  1.186057E-15
2092.  1.192003E-15
2093.  1.197988E-15
2094.  1.203993E-15
2095.  1.209997E-15
2096.  1.215978E-15
2097.  1.221916E-15
2098.  1.227790E-15
2099.  1.233578E-15
2100.  1.239260E-15
2101.  1.244814E-15
2102.  1.250220E-15
2103.  1.255457E-15
2104.  1.260505E-15
2105.  1.265344E-15
2106.  1.269955E-15
2107.  1.274319E-15
2108.  1.278418E-15
2109.  1.282233E-15
2110.  1.285749E-15
2111.  1.288948E-15
2112.  1.291815E-15
2113.  1.294336E-15
2114.  1.296495E-15
2115.  1.298281E-15
2116.  1.299680E-15
2117.  1.300683E-15
2118.  1.301279E-15
2119.  1.301457E-15
2120.  1.301212E-15
2121.  1.300535E-15
2122.  1.299421E-15
2123.  1.297864E-15
2124.  1.295862E-15
2125.  1.293411E-15
2126.  1.290510E-15
2127.  1.287159E-15
2128.  1.283359E-15
2129.  1.279111E-15
2130.  1.274418E-15
2131.  1.269284E-15
2132.  1.263716E-15
2133.  1.257718E-15
2134.  1.251298E-15
2135.  1.244464E-15
2136.  1.237226E-15
2137.  1.229593E-15
2138.  1.221577E-15
2139.  1.213189E-15
2140.  1.204442E-15
2141.  1.195349E-15
2142.  1.185925E-15
2143.  1.176185E-15
2144.  1.166143E-15
2145.  1.155815E-15
2146.  1.145220E-15
2147.  1.134372E-15
2148.  1.123291E-15
2149.  1.111993E-15
2150.  1.100497E-15
2151.  1.088821E-15
2152.  1.076984E-15
2153.  1.065005E-15
2154.  1.052902E-15
2155.  1.040695E-15
2156.  1.028402E-15
2157.  1.016042E-15
2158.  1.003635E-15
2159.  9.911987E-16
2160.  9.787521E-16
2161.  9.663130E-16
2162.  9.539001E-16
2163.  9.415305E-16
2164.  9.292220E-16
2165.  9.169919E-16
2166.  9.048563E-16
2167.  8.928317E-16
2168.  8.809339E-16
2169.  8.691780E-16
2170.  8.575792E-16
2171.  8.461512E-16
2172.  8.349081E-16
2173.  8.238629E-16
2174.  8.130281E-16
2175.  8.024157E-16
2176.  7.920372E-16
2177.  7.819033E-16
2178.  7.720242E-16
2179.  7.624092E-16
2180.  7.530676E-16
2181.  7.440075E-16
2182.  7.352366E-16
2183.  7.267621E-16
2184.  7.185905E-16
2185.  7.107275E-16
2186.  7.031787E-16
2187.  6.959487E-16
2188.  6.890419E-16
2189.  6.824616E-16
2190.  6.762113E-16
2191.  6.702932E-16
2192.  6.647095E-16
2193.  6.594621E-16
2194.  6.545515E-16
2195.  6.499788E-16
2196.  6.457441E-16
2197.  6.418475E-16
2198.  6.382878E-16
2199.  6.350644E-16
2200.  6.321759E-16
2201.  6.296207E-16
2202.  6.273965E-16
2203.  6.255013E-16
2204.  6.239323E-16
2205.  6.226866E-16
2206.  6.217613E-16
2207.  6.211526E-16
2208.  6.208572E-16
2209.  6.208713E-16
2210.  6.211908E-16
2211.  6.218118E-16
2212.  6.227298E-16
2213.  6.239405E-16
2214.  6.254392E-16
2215.  6.272213E-16
2216.  6.292822E-16
2217.  6.316169E-16
2218.  6.342206E-16
2219.  6.370882E-16
2220.  6.402149E-16
2221.  6.435955E-16
2222.  6.472249E-16
2223.  6.510981E-16
2224.  6.552101E-16
2225.  6.595554E-16
2226.  6.641292E-16
2227.  6.689263E-16
2228.  6.739416E-16
2229.  6.791701E-16
2230.  6.846066E-16
2231.  6.902461E-16
2232.  6.960835E-16
2233.  7.021140E-16
2234.  7.083324E-16
2235.  7.147337E-16
2236.  7.213132E-16
2237.  7.280658E-16
2238.  7.349867E-16
2239.  7.420710E-16
2240.  7.493136E-16
2241.  7.567099E-16
2242.  7.642547E-16
2243.  7.719435E-16
2244.  7.797712E-16
2245.  7.877330E-16
2246.  7.958240E-16
2247.  8.040390E-16
2248.  8.123734E-16
2249.  8.208217E-16
2250.  8.293793E-16
2251.  8.380410E-16
2252.  8.468013E-16
2253.  8.556553E-16
2254.  8.645974E-16
2255.  8.736225E-16
2256.  8.827249E-16
2257.  8.918991E-16
2258.  9.011395E-16
2259.  9.104401E-16
2260.  9.197953E-16
2261.  9.291988E-16
2262.  9.386451E-16
2263.  9.481270E-16
2264.  9.576391E-16
2265.  9.671744E-16
2266.  9.767266E-16
2267.  9.862890E-16
2268.  9.958547E-16
2269.  1.005417E-15
2270.  1.014969E-15
2271.  1.024503E-15
2272.  1.034012E-15
2273.  1.043489E-15
2274.  1.052927E-15
2275.  1.062317E-15
2276.  1.071654E-15
2277.  1.080928E-15
2278.  1.090133E-15
2279.  1.099261E-15
2280.  1.108304E-15
2281.  1.117256E-15
2282.  1.126107E-15
2283.  1.134851E-15
2284.  1.143481E-15
2285.  1.151988E-15
2286.  1.160367E-15
2287.  1.168609E-15
2288.  1.176707E-15
2289.  1.184656E-15
2290.  1.192447E-15
2291.  1.200076E-15
2292.  1.207535E-15
2293.  1.214819E-15
2294.  1.221921E-15
2295.  1.228838E-15
2296.  1.235562E-15
2297.  1.242091E-15
2298.  1.248418E-15
2299.  1.254540E-15
2300.  1.260454E-15
2301.  1.266156E-15
2302.  1.271643E-15
2303.  1.276913E-15
2304.  1.281964E-15
2305.  1.286793E-15
2306.  1.291401E-15
2307.  1.295785E-15
2308.  1.299946E-15
2309.  1.303885E-15
2310.  1.307601E-15
2311.  1.311096E-15
2312.  1.314372E-15
2313.  1.317431E-15
2314.  1.320274E-15
2315.  1.322906E-15
2316.  1.325331E-15
2317.  1.327550E-15
2318.  1.329570E-15
2319.  1.331395E-15
2320.  1.333030E-15
2321.  1.334481E-15
2322.  1.335753E-15
2323.  1.336853E-15
2324.  1.337788E-15
2325.  1.338565E-15
2326.  1.339191E-15
2327.  1.339674E-15
2328.  1.340021E-15
2329.  1.340240E-15
2330.  1.340340E-15
2331.  1.340329E-15
2332.  1.340216E-15
2333.  1.340009E-15
2334.  1.339718E-15
2335.  1.339351E-15
2336.  1.338916E-15
2337.  1.338424E-15
2338.  1.337883E-15
2339.  1.337302E-15
2340.  1.336689E-15
2341.  1.336055E-15
2342.  1.335406E-15
2343.  1.334752E-15
2344.  1.334101E-15
2345.  1.333462E-15
2346.  1.332842E-15
2347.  1.332250E-15
2348.  1.331692E-15
2349.  1.331176E-15
2350.  1.330710E-15
2351.  1.330300E-15
2352.  1.329952E-15
2353.  1.329673E-15
2354.  1.329468E-15
2355.  1.329343E-15
2356.  1.329303E-15
2357.  1.329353E-15
2358.  1.329497E-15
2359.  1.329740E-15
2360.  1.330085E-15
2361.  1.330535E-15
2362.  1.331094E-15
2363.  1.331763E-15
2364.  1.332545E-15
2365.  1.333442E-15
2366.  1.334455E-15
2367.  1.335585E-15
2368.  1.336833E-15
2369.  1.338199E-15
2370.  1.339682E-15
2371.  1.341283E-15
2372.  1.343000E-15
2373.  1.344833E-15
2374.  1.346779E-15
2375.  1.348838E-15
2376.  1.351006E-15
2377.  1.353281E-15
2378.  1.355660E-15
2379.  1.358141E-15
2380.  1.360719E-15
2381.  1.363391E-15
2382.  1.366154E-15
2383.  1.369002E-15
2384.  1.371932E-15
2385.  1.374939E-15
2386.  1.378018E-15
2387.  1.381164E-15
2388.  1.384371E-15
2389.  1.387635E-15
2390.  1.390949E-15
2391.  1.394309E-15
2392.  1.397708E-15
2393.  1.401140E-15
2394.  1.404599E-15
2395.  1.408080E-15
2396.  1.411576E-15
2397.  1.415080E-15
2398.  1.418587E-15
2399.  1.422091E-15
2400.  1.425584E-15
2401.  1.429062E-15
2402.  1.432517E-15
2403.  1.435943E-15
2404.  1.439335E-15
2405.  1.442686E-15
2406.  1.445990E-15
2407.  1.449242E-15
2408.  1.452435E-15
2409.  1.455564E-15
2410.  1.458623E-15
2411.  1.461607E-15
2412.  1.464511E-15
2413.  1.467329E-15
2414.  1.470056E-15
2415.  1.472687E-15
2416.  1.475218E-15
2417.  1.477644E-15
2418.  1.479962E-15
2419.  1.482165E-15
2420.  1.484252E-15
2421.  1.486217E-15
2422.  1.488058E-15
2423.  1.489769E-15
2424.  1.491350E-15
2425.  1.492795E-15
2426.  1.494103E-15
2427.  1.495271E-15
2428.  1.496294E-15
2429.  1.497173E-15
2430.  1.497903E-15
2431.  1.498483E-15
2432.  1.498911E-15
2433.  1.499185E-15
2434.  1.499303E-15
2435.  1.499263E-15
2436.  1.499063E-15
2437.  1.498704E-15
2438.  1.498182E-15
2439.  1.497497E-15
2440.  1.496648E-15
2441.  1.495634E-15
2442.  1.494453E-15
2443.  1.493105E-15
2444.  1.491589E-15
2445.  1.489904E-15
2446.  1.488050E-15
2447.  1.486025E-15
2448.  1.483830E-15
2449.  1.481463E-15
2450.  1.478925E-15
2451.  1.476215E-15
2452.  1.473332E-15
2453.  1.470277E-15
2454.  1.467048E-15
2455.  1.463647E-15
2456.  1.460073E-15
2457.  1.456325E-15
2458.  1.452405E-15
2459.  1.448313E-15
2460.  1.444048E-15
2461.  1.439610E-15
2462.  1.435002E-15
2463.  1.430222E-15
2464.  1.425273E-15
2465.  1.420154E-15
2466.  1.414867E-15
2467.  1.409412E-15
2468.  1.403792E-15
2469.  1.398008E-15
2470.  1.392060E-15
2471.  1.385952E-15
2472.  1.379684E-15
2473.  1.373259E-15
2474.  1.366680E-15
2475.  1.359948E-15
2476.  1.353066E-15
2477.  1.346038E-15
2478.  1.338865E-15
2479.  1.331552E-15
2480.  1.324102E-15
2481.  1.316518E-15
2482.  1.308804E-15
2483.  1.300965E-15
2484.  1.293003E-15
2485.  1.284924E-15
2486.  1.276732E-15
2487.  1.268432E-15
2488.  1.260028E-15
2489.  1.251526E-15
2490.  1.242930E-15
2491.  1.234246E-15
2492.  1.225479E-15
2493.  1.216635E-15
2494.  1.207719E-15
2495.  1.198738E-15
2496.  1.189697E-15
2497.  1.180602E-15
2498.  1.171459E-15
2499.  1.162274E-15
2500.  1.153053E-15
2501.  1.143803E-15
2502.  1.134529E-15
2503.  1.125239E-15
2504.  1.115937E-15
2505.  1.106631E-15
2506.  1.097327E-15
2507.  1.088031E-15
2508.  1.078750E-15
2509.  1.069488E-15
2510.  1.060253E-15
2511.  1.051051E-15
2512.  1.041888E-15
2513.  1.032769E-15
2514.  1.023701E-15
2515.  1.014688E-15
2516.  1.005737E-15
2517.  9.968537E-16
2518.  9.880428E-16
2519.  9.793094E-16
2520.  9.706591E-16
2521.  9.620964E-16
2522.  9.536261E-16
2523.  9.452529E-16
2524.  9.369808E-16
2525.  9.288143E-16
2526.  9.207572E-16
2527.  9.128131E-16
2528.  9.049858E-16
2529.  8.972781E-16
2530.  8.896932E-16
2531.  8.822337E-16
2532.  8.749026E-16
2533.  8.677015E-16
2534.  8.606323E-16
2535.  8.536969E-16
2536.  8.468967E-16
2537.  8.402323E-16
2538.  8.337048E-16
2539.  8.273142E-16
2540.  8.210611E-16
2541.  8.149449E-16
2542.  8.089649E-16
2543.  8.031206E-16
2544.  7.974106E-16
2545.  7.918332E-16
2546.  7.863868E-16
2547.  7.810687E-16
2548.  7.758769E-16
2549.  7.708084E-16
2550.  7.658600E-16
2551.  7.610282E-16
2552.  7.563093E-16
2553.  7.516993E-16
2554.  7.471938E-16
2555.  7.427883E-16
2556.  7.384781E-16
2557.  7.342580E-16
2558.  7.301228E-16
2559.  7.260670E-16
2560.  7.220851E-16
2561.  7.181712E-16
2562.  7.143197E-16
2563.  7.105241E-16
2564.  7.067784E-16
2565.  7.030766E-16
2566.  6.994127E-16
2567.  6.957802E-16
2568.  6.921728E-16
2569.  6.885844E-16
2570.  6.850094E-16
2571.  6.814412E-16
2572.  6.778743E-16
2573.  6.743028E-16
2574.  6.707211E-16
2575.  6.671243E-16
2576.  6.635068E-16
2577.  6.598642E-16
2578.  6.561919E-16
2579.  6.524850E-16
2580.  6.487405E-16
2581.  6.449544E-16
2582.  6.411236E-16
2583.  6.372451E-16
2584.  6.333166E-16
2585.  6.293361E-16
2586.  6.253021E-16
2587.  6.212133E-16
2588.  6.170693E-16
2589.  6.128696E-16
2590.  6.086147E-16
2591.  6.043051E-16
2592.  5.999419E-16
2593.  5.955272E-16
2594.  5.910626E-16
2595.  5.865506E-16
2596.  5.819946E-16
2597.  5.773978E-16
2598.  5.727640E-16
2599.  5.680975E-16
2600.  5.634029E-16
2601.  5.586853E-16
2602.  5.539498E-16
2603.  5.492023E-16
2604.  5.444491E-16
2605.  5.396960E-16
2606.  5.349496E-16
2607.  5.302168E-16
2608.  5.255047E-16
2609.  5.208202E-16
2610.  5.161708E-16
2611.  5.115636E-16
2612.  5.070063E-16
2613.  5.025064E-16
2614.  4.980715E-16
2615.  4.937090E-16
2616.  4.894265E-16
2617.  4.852316E-16
2618.  4.811309E-16
2619.  4.771324E-16
2620.  4.732427E-16
2621.  4.694685E-16
2622.  4.658168E-16
2623.  4.622936E-16
2624.  4.589050E-16
2625.  4.556566E-16
2626.  4.525544E-16
2627.  4.496025E-16
2628.  4.468064E-16
2629.  4.441703E-16
2630.  4.416979E-16
2631.  4.393926E-16
2632.  4.372577E-16
2633.  4.352956E-16
2634.  4.335086E-16
2635.  4.318982E-16
2636.  4.304655E-16
2637.  4.292113E-16
2638.  4.281357E-16
2639.  4.272382E-16
2640.  4.265183E-16
2641.  4.259746E-16
2642.  4.256050E-16
2643.  4.254074E-16
2644.  4.253790E-16
2645.  4.255163E-16
2646.  4.258157E-16
2647.  4.262729E-16
2648.  4.268832E-16
2649.  4.276412E-16
2650.  4.285415E-16
2651.  4.295781E-16
2652.  4.307444E-16
2653.  4.320338E-16
2654.  4.334389E-16
2655.  4.349522E-16
2656.  4.365659E-16
2657.  4.382717E-16
2658.  4.400610E-16
2659.  4.419253E-16
2660.  4.438553E-16
2661.  4.458419E-16
2662.  4.478757E-16
2663.  4.499469E-16
2664.  4.520458E-16
2665.  4.541624E-16
2666.  4.562869E-16
2667.  4.584089E-16
2668.  4.605185E-16
2669.  4.626055E-16
2670.  4.646597E-16
2671.  4.666709E-16
2672.  4.686291E-16
2673.  4.705243E-16
2674.  4.723467E-16
2675.  4.740862E-16
2676.  4.757337E-16
2677.  4.772797E-16
2678.  4.787148E-16
2679.  4.800301E-16
2680.  4.812169E-16
2681.  4.822670E-16
2682.  4.831724E-16
2683.  4.839249E-16
2684.  4.845175E-16
2685.  4.849430E-16
2686.  4.851948E-16
2687.  4.852667E-16
2688.  4.851527E-16
2689.  4.848479E-16
2690.  4.843469E-16
2691.  4.836455E-16
2692.  4.827397E-16
2693.  4.816261E-16
2694.  4.803016E-16
2695.  4.787638E-16
2696.  4.770108E-16
2697.  4.750411E-16
2698.  4.728538E-16
2699.  4.704485E-16
2700.  4.678253E-16
2701.  4.649847E-16
2702.  4.619280E-16
2703.  4.586568E-16
2704.  4.551732E-16
2705.  4.514798E-16
2706.  4.475796E-16
2707.  4.434762E-16
2708.  4.391735E-16
2709.  4.346762E-16
2710.  4.299888E-16
2711.  4.251167E-16
2712.  4.200654E-16
2713.  4.148411E-16
2714.  4.094497E-16
2715.  4.038981E-16
2716.  3.981932E-16
2717.  3.923421E-16
2718.  3.863523E-16
2719.  3.802312E-16
2720.  3.739871E-16
2721.  3.676278E-16
2722.  3.611612E-16
2723.  3.545960E-16
2724.  3.479405E-16
2725.  3.412031E-16
2726.  3.343922E-16
2727.  3.275168E-16
2728.  3.205850E-16
2729.  3.136056E-16
2730.  3.065870E-16
2731.  2.995378E-16
2732.  2.924665E-16
2733.  2.853812E-16
2734.  2.782900E-16
2735.  2.712013E-16
2736.  2.641228E-16
2737.  2.570622E-16
2738.  2.500275E-16
2739.  2.430256E-16
2740.  2.360641E-16
2741.  2.291500E-16
2742.  2.222901E-16
2743.  2.154910E-16
2744.  2.087591E-16
2745.  2.021006E-16
2746.  1.955213E-16
2747.  1.890272E-16
2748.  1.826237E-16
2749.  1.763159E-16
2750.  1.701089E-16
2751.  1.640075E-16
2752.  1.580164E-16
2753.  1.521396E-16
2754.  1.463816E-16
2755.  1.407459E-16
2756.  1.352364E-16
2757.  1.298566E-16
2758.  1.246095E-16
2759.  1.194982E-16
2760.  1.145257E-16
2761.  1.096945E-16
2762.  1.050070E-16
2763.  1.004654E-16
2764.  9.607195E-17
2765.  9.182841E-17
2766.  8.773652E-17
2767.  8.379768E-17
2768.  8.001343E-17
2769.  7.638503E-17
2770.  7.291328E-17
2771.  6.959915E-17
2772.  6.644345E-17
2773.  6.344651E-17
2774.  6.060902E-17
2775.  5.793097E-17
2776.  5.541264E-17
2777.  5.305372E-17
2778.  5.085424E-17
2779.  4.881369E-17
2780.  4.693157E-17
2781.  4.520711E-17
2782.  4.363949E-17
2783.  4.222776E-17
2784.  4.097070E-17
2785.  3.986690E-17
2786.  3.891491E-17
2787.  3.811292E-17
2788.  3.745931E-17
2789.  3.695182E-17
2790.  3.658830E-17
2791.  3.636644E-17
2792.  3.628366E-17
2793.  3.633720E-17
2794.  3.652420E-17
2795.  3.684147E-17
2796.  3.728585E-17
2797.  3.785389E-17
2798.  3.854189E-17
2799.  3.934616E-17
2800.  4.026272E-17
2801.  4.128727E-17
2802.  4.241588E-17
2803.  4.364376E-17
2804.  4.496660E-17
2805.  4.637948E-17
2806.  4.787749E-17
2807.  4.945570E-17
2808.  5.110889E-17
2809.  5.283192E-17
2810.  5.461932E-17
2811.  5.646561E-17
2812.  5.836524E-17
2813.  6.031281E-17
2814.  6.230220E-17
2815.  6.432797E-17
2816.  6.638416E-17
2817.  6.846502E-17
2818.  7.056478E-17
2819.  7.267749E-17
2820.  7.479718E-17
2821.  7.691827E-17
2822.  7.903487E-17
2823.  8.114132E-17
2824.  8.323191E-17
2825.  8.530100E-17
2826.  8.734329E-17
2827.  8.935329E-17
2828.  9.132568E-17
2829.  9.325534E-17
2830.  9.513748E-17
2831.  9.696709E-17
2832.  9.873962E-17
2833.  1.004506E-16
2834.  1.020957E-16
2835.  1.036709E-16
2836.  1.051723E-16
2837.  1.065964E-16
2838.  1.079396E-16
2839.  1.091990E-16
2840.  1.103715E-16
2841.  1.114545E-16
2842.  1.124457E-16
2843.  1.133428E-16
2844.  1.141439E-16
2845.  1.148477E-16
2846.  1.154526E-16
2847.  1.159576E-16
2848.  1.163621E-16
2849.  1.166652E-16
2850.  1.168669E-16
2851.  1.169672E-16
2852.  1.169664E-16
2853.  1.168649E-16
2854.  1.166636E-16
2855.  1.163635E-16
2856.  1.159658E-16
2857.  1.154721E-16
2858.  1.148840E-16
2859.  1.142035E-16
2860.  1.134328E-16
2861.  1.125741E-16
2862.  1.116298E-16
2863.  1.106028E-16
2864.  1.094959E-16
2865.  1.083118E-16
2866.  1.070540E-16
2867.  1.057254E-16
2868.  1.043295E-16
2869.  1.028697E-16
2870.  1.013496E-16
2871.  9.977265E-17
2872.  9.814247E-17
2873.  9.646289E-17
2874.  9.473721E-17
2875.  9.296979E-17
2876.  9.116384E-17
2877.  8.932336E-17
2878.  8.745188E-17
2879.  8.555318E-17
2880.  8.363070E-17
2881.  8.168815E-17
2882.  7.972908E-17
2883.  7.775676E-17
2884.  7.577471E-17
2885.  7.378608E-17
2886.  7.179408E-17
2887.  6.980172E-17
2888.  6.781195E-17
2889.  6.582758E-17
2890.  6.385145E-17
2891.  6.188600E-17
2892.  5.993368E-17
2893.  5.799685E-17
2894.  5.607774E-17
2895.  5.417823E-17
2896.  5.230025E-17
2897.  5.044593E-17
2898.  4.861635E-17
2899.  4.681326E-17
2900.  4.503804E-17
2901.  4.329183E-17
2902.  4.157580E-17
2903.  3.989082E-17
2904.  3.823793E-17
2905.  3.661745E-17
2906.  3.503028E-17
2907.  3.347693E-17
2908.  3.195762E-17
2909.  3.047275E-17
2910.  2.902245E-17
2911.  2.760685E-17
2912.  2.622592E-17
2913.  2.487962E-17
2914.  2.356793E-17
2915.  2.229041E-17
2916.  2.104701E-17
2917.  1.983737E-17
2918.  1.866112E-17
2919.  1.751782E-17
2920.  1.640711E-17
2921.  1.532854E-17
2922.  1.428168E-17
2923.  1.326578E-17
2924.  1.228085E-17
2925.  1.132576E-17
2926.  1.040049E-17
2927.  9.504236E-18
2928.  8.636628E-18
2929.  7.797062E-18
2930.  6.985209E-18
2931.  6.200489E-18
2932.  5.442394E-18
2933.  4.710817E-18
2934.  4.004874E-18
2935.  3.324520E-18
2936.  2.669385E-18
2937.  2.038848E-18
2938.  1.432884E-18
2939.  8.510793E-19
2940.  2.932468E-19
2941.  -2.408600E-19
2942.  -7.514977E-19
2943.  -1.238891E-18
2944.  -1.703054E-18
2945.  -2.144299E-18
2946.  -2.562496E-18
2947.  -2.958253E-18
2948.  -3.331266E-18
2949.  -3.681769E-18
2950.  -4.009776E-18
2951.  -4.315291E-18
2952.  -4.598584E-18
2953.  -4.859634E-18
2954.  -5.098463E-18
2955.  -5.315218E-18
2956.  -5.509969E-18
2957.  -5.682915E-18
2958.  -5.833763E-18
2959.  -5.963081E-18
2960.  -6.070978E-18
2961.  -6.157152E-18
2962.  -6.222224E-18
2963.  -6.266226E-18
2964.  -6.289595E-18
2965.  -6.292153E-18
2966.  -6.274564E-18
2967.  -6.236897E-18
2968.  -6.179571E-18
2969.  -6.102842E-18
2970.  -6.007418E-18
2971.  -5.893355E-18
2972.  -5.761176E-18
2973.  -5.611409E-18
2974.  -5.444566E-18
2975.  -5.261274E-18
2976.  -5.061933E-18
2977.  -4.847146E-18
2978.  -4.617650E-18
2979.  -4.374029E-18
2980.  -4.116827E-18
2981.  -3.846951E-18
2982.  -3.564849E-18
2983.  -3.271333E-18
2984.  -2.967372E-18
2985.  -2.653259E-18
2986.  -2.330078E-18
2987.  -1.998433E-18
2988.  -1.659122E-18
2989.  -1.313045E-18
2990.  -9.607040E-19
2991.  -6.031980E-19
2992.  -2.410356E-19
2993.  1.249419E-19
2994.  4.941402E-19
2995.  8.655705E-19
2996.  1.238529E-18
2997.  1.612589E-18
2998.  1.986918E-18
2999.  2.360818E-18
3000.  2.733639E-18
3001.  3.104942E-18
3002.  3.473891E-18
3003.  3.840062E-18
3004.  4.202952E-18
3005.  4.562082E-18
3006.  4.916812E-18
3007.  5.267027E-18
3008.  5.612058E-18
3009.  5.951612E-18
3010.  6.285412E-18
3011.  6.613124E-18
3012.  6.934517E-18
3013.  7.249431E-18
3014.  7.557626E-18
3015.  7.859003E-18
3016.  8.153375E-18
3017.  8.440814E-18
3018.  8.721159E-18
3019.  8.994404E-18
3020.  9.260729E-18
3021.  9.520048E-18
3022.  9.772515E-18
3023.  1.001834E-17
3024.  1.025751E-17
3025.  1.049057E-17
3026.  1.071743E-17
3027.  1.093831E-17
3028.  1.115368E-17
3029.  1.136377E-17
3030.  1.156885E-17
3031.  1.176925E-17
3032.  1.196543E-17
3033.  1.215758E-17
3034.  1.234631E-17
3035.  1.253184E-17
3036.  1.271467E-17
3037.  1.289532E-17
3038.  1.307397E-17
3039.  1.325127E-17
3040.  1.342762E-17
3041.  1.360346E-17
3042.  1.377924E-17
3043.  1.395531E-17
3044.  1.413232E-17
3045.  1.431045E-17
3046.  1.449031E-17
3047.  1.467242E-17
3048.  1.485705E-17
3049.  1.504460E-17
3050.  1.523557E-17
3051.  1.543029E-17
3052.  1.562936E-17
3053.  1.583279E-17
3054.  1.604123E-17
3055.  1.625484E-17
3056.  1.647411E-17
3057.  1.669918E-17
3058.  1.693058E-17
3059.  1.716840E-17
3060.  1.741301E-17
3061.  1.766463E-17
3062.  1.792345E-17
3063.  1.818963E-17
3064.  1.846355E-17
3065.  1.874537E-17
3066.  1.903519E-17
3067.  1.933304E-17
3068.  1.963925E-17
3069.  1.995402E-17
3070.  2.027710E-17
3071.  2.060895E-17
3072.  2.094951E-17
3073.  2.129891E-17
3074.  2.165724E-17
3075.  2.202447E-17
3076.  2.240065E-17
3077.  2.278598E-17
3078.  2.318040E-17
3079.  2.358402E-17
3080.  2.399693E-17
3081.  2.441905E-17
3082.  2.485059E-17
3083.  2.529149E-17
3084.  2.574182E-17
3085.  2.620168E-17
3086.  2.667131E-17
3087.  2.715067E-17
3088.  2.763970E-17
3089.  2.813878E-17
3090.  2.864805E-17
3091.  2.916728E-17
3092.  2.969718E-17
3093.  3.023746E-17
3094.  3.078853E-17
3095.  3.135055E-17
3096.  3.192378E-17
3097.  3.250840E-17
3098.  3.310455E-17
3099.  3.371283E-17
3100.  3.433313E-17
3101.  3.496596E-17
3102.  3.561154E-17
3103.  3.627012E-17
3104.  3.694223E-17
3105.  3.762792E-17
3106.  3.832757E-17
3107.  3.904153E-17
3108.  3.977015E-17
3109.  4.051364E-17
3110.  4.127238E-17
3111.  4.204637E-17
3112.  4.283626E-17
3113.  4.364215E-17
3114.  4.446398E-17
3115.  4.530226E-17
3116.  4.615693E-17
3117.  4.702830E-17
3118.  4.791613E-17
3119.  4.882050E-17
3120.  4.974158E-17
3121.  5.067916E-17
3122.  5.163303E-17
3123.  5.260294E-17
3124.  5.358859E-17
3125.  5.458984E-17
3126.  5.560593E-17
3127.  5.663681E-17
3128.  5.768143E-17
3129.  5.873946E-17
3130.  5.980976E-17
3131.  6.089205E-17
3132.  6.198490E-17
3133.  6.308762E-17
3134.  6.419896E-17
3135.  6.531785E-17
3136.  6.644293E-17
3137.  6.757287E-17
3138.  6.870635E-17
3139.  6.984161E-17
3140.  7.097747E-17
3141.  7.211196E-17
3142.  7.324359E-17
3143.  7.437021E-17
3144.  7.549031E-17
3145.  7.660189E-17
3146.  7.770303E-17
3147.  7.879163E-17
3148.  7.986573E-17
3149.  8.092334E-17
3150.  8.196236E-17
3151.  8.298071E-17
3152.  8.397615E-17
3153.  8.494696E-17
3154.  8.589066E-17
3155.  8.680545E-17
3156.  8.768930E-17
3157.  8.854006E-17
3158.  8.935601E-17
3159.  9.013511E-17
3160.  9.087587E-17
3161.  9.157607E-17
3162.  9.223441E-17
3163.  9.284929E-17
3164.  9.341912E-17
3165.  9.394272E-17
3166.  9.441862E-17
3167.  9.484598E-17
3168.  9.522344E-17
3169.  9.555048E-17
3170.  9.582619E-17
3171.  9.604996E-17
3172.  9.622149E-17
3173.  9.634020E-17
3174.  9.640624E-17
3175.  9.641935E-17
3176.  9.637982E-17
3177.  9.628791E-17
3178.  9.614413E-17
3179.  9.594893E-17
3180.  9.570319E-17
3181.  9.540767E-17
3182.  9.506361E-17
3183.  9.467197E-17
3184.  9.423426E-17
3185.  9.375180E-17
3186.  9.322632E-17
3187.  9.265939E-17
3188.  9.205268E-17
3189.  9.140850E-17
3190.  9.072857E-17
3191.  9.001506E-17
3192.  8.927022E-17
3193.  8.849625E-17
3194.  8.769560E-17
3195.  8.687061E-17
3196.  8.602376E-17
3197.  8.515774E-17
3198.  8.427478E-17
3199.  8.337761E-17
3200.  8.246894E-17
3201.  8.155114E-17
3202.  8.062717E-17
3203.  7.969926E-17
3204.  7.877023E-17
3205.  7.784259E-17
3206.  7.691898E-17
3207.  7.600191E-17
3208.  7.509379E-17
3209.  7.419711E-17
3210.  7.331429E-17
3211.  7.244767E-17
3212.  7.159951E-17
3213.  7.077204E-17
3214.  6.996763E-17
3215.  6.918811E-17
3216.  6.843556E-17
3217.  6.771212E-17
3218.  6.701949E-17
3219.  6.635948E-17
3220.  6.573397E-17
3221.  6.514456E-17
3222.  6.459280E-17
3223.  6.408028E-17
3224.  6.360851E-17
3225.  6.317873E-17
3226.  6.279238E-17
3227.  6.245062E-17
3228.  6.215480E-17
3229.  6.190590E-17
3230.  6.170501E-17
3231.  6.155324E-17
3232.  6.145153E-17
3233.  6.140069E-17
3234.  6.140187E-17
3235.  6.145562E-17
3236.  6.156284E-17
3237.  6.172448E-17
3238.  6.194095E-17
3239.  6.221333E-17
3240.  6.254200E-17
3241.  6.292765E-17
3242.  6.337113E-17
3243.  6.387290E-17
3244.  6.443368E-17
3245.  6.505392E-17
3246.  6.573408E-17
3247.  6.647503E-17
3248.  6.727718E-17
3249.  6.814087E-17
3250.  6.906687E-17
3251.  7.005549E-17
3252.  7.110720E-17
3253.  7.222256E-17
3254.  7.340186E-17
3255.  7.464559E-17
3256.  7.595405E-17
3257.  7.732777E-17
3258.  7.876664E-17
3259.  8.027117E-17
3260.  8.184169E-17
3261.  8.347805E-17
3262.  8.518040E-17
3263.  8.694890E-17
3264.  8.878345E-17
3265.  9.068385E-17
3266.  9.265001E-17
3267.  9.468133E-17
3268.  9.677784E-17
3269.  9.893893E-17
3270.  1.011638E-16
3271.  1.034520E-16
3272.  1.058025E-16
3273.  1.082143E-16
3274.  1.106866E-16
3275.  1.132180E-16
3276.  1.158071E-16
3277.  1.184524E-16
3278.  1.211524E-16
3279.  1.239050E-16
3280.  1.267085E-16
3281.  1.295608E-16
3282.  1.324595E-16
3283.  1.354022E-16
3284.  1.383864E-16
3285.  1.414093E-16
3286.  1.444679E-16
3287.  1.475594E-16
3288.  1.506805E-16
3289.  1.538278E-16
3290.  1.569981E-16
3291.  1.601875E-16
3292.  1.633924E-16
3293.  1.666092E-16
3294.  1.698337E-16
3295.  1.730620E-16
3296.  1.762900E-16
3297.  1.795136E-16
3298.  1.827286E-16
3299.  1.859306E-16
3300.  1.891156E-16
3301.  1.922788E-16
3302.  1.954165E-16
3303.  1.985240E-16
3304.  2.015973E-16
3305.  2.046322E-16
3306.  2.076245E-16
3307.  2.105704E-16
3308.  2.134657E-16
3309.  2.163068E-16
3310.  2.190901E-16
3311.  2.218120E-16
3312.  2.244693E-16
3313.  2.270590E-16
3314.  2.295781E-16
3315.  2.320239E-16
3316.  2.343943E-16
3317.  2.366867E-16
3318.  2.388997E-16
3319.  2.410315E-16
3320.  2.430808E-16
3321.  2.450468E-16
3322.  2.469288E-16
3323.  2.487266E-16
3324.  2.504401E-16
3325.  2.520699E-16
3326.  2.536165E-16
3327.  2.550813E-16
3328.  2.564656E-16
3329.  2.577714E-16
3330.  2.590008E-16
3331.  2.601563E-16
3332.  2.612407E-16
3333.  2.622575E-16
3334.  2.632103E-16
3335.  2.641028E-16
3336.  2.649393E-16
3337.  2.657243E-16
3338.  2.664629E-16
3339.  2.671599E-16
3340.  2.678207E-16
3341.  2.684509E-16
3342.  2.690563E-16
3343.  2.696431E-16
3344.  2.702173E-16
3345.  2.707852E-16
3346.  2.713533E-16
3347.  2.719281E-16
3348.  2.725164E-16
3349.  2.731246E-16
3350.  2.737595E-16
3351.  2.744277E-16
3352.  2.751359E-16
3353.  2.758906E-16
3354.  2.766983E-16
3355.  2.775652E-16
3356.  2.784976E-16
3357.  2.795013E-16
3358.  2.805822E-16
3359.  2.817457E-16
3360.  2.829971E-16
3361.  2.843414E-16
3362.  2.857831E-16
3363.  2.873265E-16
3364.  2.889754E-16
3365.  2.907334E-16
3366.  2.926038E-16
3367.  2.945889E-16
3368.  2.966910E-16
3369.  2.989122E-16
3370.  3.012533E-16
3371.  3.037155E-16
3372.  3.062989E-16
3373.  3.090035E-16
3374.  3.118282E-16
3375.  3.147721E-16
3376.  3.178335E-16
3377.  3.210100E-16
3378.  3.242990E-16
3379.  3.276973E-16
3380.  3.312009E-16
3381.  3.348059E-16
3382.  3.385075E-16
3383.  3.423007E-16
3384.  3.461796E-16
3385.  3.501388E-16
3386.  3.541712E-16
3387.  3.582707E-16
3388.  3.624299E-16
3389.  3.666415E-16
3390.  3.708976E-16
3391.  3.751903E-16
3392.  3.795115E-16
3393.  3.838526E-16
3394.  3.882050E-16
3395.  3.925602E-16
3396.  3.969090E-16
3397.  4.012427E-16
3398.  4.055523E-16
3399.  4.098287E-16
3400.  4.140630E-16
3401.  4.182465E-16
3402.  4.223702E-16
3403.  4.264255E-16
3404.  4.304040E-16
3405.  4.342973E-16
3406.  4.380974E-16
3407.  4.417964E-16
3408.  4.453868E-16
3409.  4.488616E-16
3410.  4.522137E-16
3411.  4.554368E-16
3412.  4.585245E-16
3413.  4.614713E-16
3414.  4.642719E-16
3415.  4.669212E-16
3416.  4.694153E-16
3417.  4.717498E-16
3418.  4.739216E-16
3419.  4.759275E-16
3420.  4.777653E-16
3421.  4.794326E-16
3422.  4.809282E-16
3423.  4.822511E-16
3424.  4.834009E-16
3425.  4.843772E-16
3426.  4.851808E-16
3427.  4.858123E-16
3428.  4.862735E-16
3429.  4.865654E-16
3430.  4.866910E-16
3431.  4.866524E-16
3432.  4.864529E-16
3433.  4.860956E-16
3434.  4.855842E-16
3435.  4.849226E-16
3436.  4.841153E-16
3437.  4.831665E-16
3438.  4.820813E-16
3439.  4.808643E-16
3440.  4.795208E-16
3441.  4.780559E-16
3442.  4.764752E-16
3443.  4.747842E-16
3444.  4.729883E-16
3445.  4.710929E-16
3446.  4.691041E-16
3447.  4.670270E-16
3448.  4.648674E-16
3449.  4.626304E-16
3450.  4.603219E-16
3451.  4.579468E-16
3452.  4.555101E-16
3453.  4.530169E-16
3454.  4.504721E-16
3455.  4.478802E-16
3456.  4.452454E-16
3457.  4.425721E-16
3458.  4.398642E-16
3459.  4.371251E-16
3460.  4.343584E-16
3461.  4.315674E-16
3462.  4.287549E-16
3463.  4.259236E-16
3464.  4.230758E-16
3465.  4.202135E-16
3466.  4.173388E-16
3467.  4.144530E-16
3468.  4.115576E-16
3469.  4.086536E-16
3470.  4.057419E-16
3471.  4.028231E-16
3472.  3.998974E-16
3473.  3.969654E-16
3474.  3.940266E-16
3475.  3.910811E-16
3476.  3.881284E-16
3477.  3.851680E-16
3478.  3.821993E-16
3479.  3.792215E-16
3480.  3.762337E-16
3481.  3.732350E-16
3482.  3.702242E-16
3483.  3.672006E-16
3484.  3.641629E-16
3485.  3.611098E-16
3486.  3.580406E-16
3487.  3.549539E-16
3488.  3.518486E-16
3489.  3.487241E-16
3490.  3.455791E-16
3491.  3.424129E-16
3492.  3.392246E-16
3493.  3.360138E-16
3494.  3.327799E-16
3495.  3.295224E-16
3496.  3.262409E-16
3497.  3.229357E-16
3498.  3.196063E-16
3499.  3.162535E-16
3500.  3.128775E-16
3501.  3.094784E-16
3502.  3.060574E-16
3503.  3.026152E-16
3504.  2.991529E-16
3505.  2.956717E-16
3506.  2.921732E-16
3507.  2.886587E-16
3508.  2.851301E-16
3509.  2.815894E-16
3510.  2.780388E-16
3511.  2.744801E-16
3512.  2.709160E-16
3513.  2.673491E-16
3514.  2.637816E-16
3515.  2.602168E-16
3516.  2.566574E-16
3517.  2.531064E-16
3518.  2.495668E-16
3519.  2.460418E-16
3520.  2.425346E-16
3521.  2.390485E-16
3522.  2.355869E-16
3523.  2.321529E-16
3524.  2.287502E-16
3525.  2.253819E-16
3526.  2.220515E-16
3527.  2.187625E-16
3528.  2.155179E-16
3529.  2.123212E-16
3530.  2.091756E-16
3531.  2.060843E-16
3532.  2.030501E-16
3533.  2.000762E-16
3534.  1.971655E-16
3535.  1.943204E-16
3536.  1.915441E-16
3537.  1.888388E-16
3538.  1.862069E-16
3539.  1.836504E-16
3540.  1.811717E-16
3541.  1.787726E-16
3542.  1.764547E-16
3543.  1.742193E-16
3544.  1.720682E-16
3545.  1.700022E-16
3546.  1.680224E-16
3547.  1.661294E-16
3548.  1.643237E-16
3549.  1.626059E-16
3550.  1.609759E-16
3551.  1.594334E-16
3552.  1.579783E-16
3553.  1.566101E-16
3554.  1.553279E-16
3555.  1.541307E-16
3556.  1.530176E-16
3557.  1.519867E-16
3558.  1.510369E-16
3559.  1.501659E-16
3560.  1.493723E-16
3561.  1.486532E-16
3562.  1.480069E-16
3563.  1.474301E-16
3564.  1.469207E-16
3565.  1.464754E-16
3566.  1.460911E-16
3567.  1.457650E-16
3568.  1.454932E-16
3569.  1.452724E-16
3570.  1.450992E-16
3571.  1.449695E-16
3572.  1.448798E-16
3573.  1.448259E-16
3574.  1.448037E-16
3575.  1.448095E-16
3576.  1.448390E-16
3577.  1.448880E-16
3578.  1.449521E-16
3579.  1.450276E-16
3580.  1.451099E-16
3581.  1.451949E-16
3582.  1.452784E-16
3583.  1.453563E-16
3584.  1.454243E-16
3585.  1.454788E-16
3586.  1.455154E-16
3587.  1.455305E-16
3588.  1.455201E-16
3589.  1.454806E-16
3590.  1.454087E-16
3591.  1.453006E-16
3592.  1.451533E-16
3593.  1.449635E-16
3594.  1.447285E-16
3595.  1.444452E-16
3596.  1.441114E-16
3597.  1.437242E-16
3598.  1.432816E-16
3599.  1.427816E-16
3600.  1.422223E-16
3601.  1.416023E-16
3602.  1.409198E-16
3603.  1.401739E-16
3604.  1.393635E-16
3605.  1.384878E-16
3606.  1.375465E-16
3607.  1.365390E-16
3608.  1.354654E-16
3609.  1.343257E-16
3610.  1.331202E-16
3611.  1.318496E-16
3612.  1.305145E-16
3613.  1.291158E-16
3614.  1.276549E-16
3615.  1.261327E-16
3616.  1.245510E-16
3617.  1.229115E-16
3618.  1.212160E-16
3619.  1.194662E-16
3620.  1.176648E-16
3621.  1.158136E-16
3622.  1.139153E-16
3623.  1.119722E-16
3624.  1.099872E-16
3625.  1.079628E-16
3626.  1.059020E-16
3627.  1.038074E-16
3628.  1.016824E-16
3629.  9.952963E-17
3630.  9.735228E-17
3631.  9.515335E-17
3632.  9.293612E-17
3633.  9.070356E-17
3634.  8.845875E-17
3635.  8.620480E-17
3636.  8.394483E-17
3637.  8.168184E-17
3638.  7.941887E-17
3639.  7.715894E-17
3640.  7.490474E-17
3641.  7.265937E-17
3642.  7.042510E-17
3643.  6.820513E-17
3644.  6.600202E-17
3645.  6.381802E-17
3646.  6.165569E-17
3647.  5.951733E-17
3648.  5.740520E-17
3649.  5.532118E-17
3650.  5.326772E-17
3651.  5.124627E-17
3652.  4.925881E-17
3653.  4.730709E-17
3654.  4.539256E-17
3655.  4.351672E-17
3656.  4.168076E-17
3657.  3.988631E-17
3658.  3.813416E-17
3659.  3.642533E-17
3660.  3.476070E-17
3661.  3.314139E-17
3662.  3.156777E-17
3663.  3.004057E-17
3664.  2.856040E-17
3665.  2.712780E-17
3666.  2.574278E-17
3667.  2.440597E-17
3668.  2.311742E-17
3669.  2.187711E-17
3670.  2.068545E-17
3671.  1.954226E-17
3672.  1.844757E-17
3673.  1.740109E-17
3674.  1.640280E-17
3675.  1.545251E-17
3676.  1.454990E-17
3677.  1.369468E-17
3678.  1.288674E-17
3679.  1.212552E-17
3680.  1.141064E-17
3681.  1.074182E-17
3682.  1.011853E-17
3683.  9.540379E-18
3684.  9.006907E-18
3685.  8.517481E-18
3686.  8.071786E-18
3687.  7.669193E-18
3688.  7.309233E-18
3689.  6.991290E-18
3690.  6.714885E-18
3691.  6.479310E-18
3692.  6.284068E-18
3693.  6.128529E-18
3694.  6.012143E-18
3695.  5.934234E-18
3696.  5.894136E-18
3697.  5.891025E-18
3698.  5.924612E-18
3699.  5.993739E-18
3700.  6.097918E-18
3701.  6.236471E-18
3702.  6.408442E-18
3703.  6.613040E-18
3704.  6.849462E-18
3705.  7.116983E-18
3706.  7.414491E-18
3707.  7.741168E-18
3708.  8.096041E-18
3709.  8.478204E-18
3710.  8.886482E-18
3711.  9.319897E-18
3712.  9.777310E-18
3713.  1.025760E-17
3714.  1.075965E-17
3715.  1.128204E-17
3716.  1.182373E-17
3717.  1.238333E-17
3718.  1.295965E-17
3719.  1.355119E-17
3720.  1.415666E-17
3721.  1.477456E-17
3722.  1.540354E-17
3723.  1.604206E-17
3724.  1.668857E-17
3725.  1.734161E-17
3726.  1.799980E-17
3727.  1.866128E-17
3728.  1.932480E-17
3729.  1.998868E-17
3730.  2.065128E-17
3731.  2.131099E-17
3732.  2.196631E-17
3733.  2.261579E-17
3734.  2.325784E-17
3735.  2.389081E-17
3736.  2.451330E-17
3737.  2.512393E-17
3738.  2.572099E-17
3739.  2.630325E-17
3740.  2.686935E-17
3741.  2.741788E-17
3742.  2.794781E-17
3743.  2.845758E-17
3744.  2.894628E-17
3745.  2.941265E-17
3746.  2.985577E-17
3747.  3.027455E-17
3748.  3.066813E-17
3749.  3.103580E-17
3750.  3.137658E-17
3751.  3.169008E-17
3752.  3.197543E-17
3753.  3.223230E-17
3754.  3.246011E-17
3755.  3.265855E-17
3756.  3.282751E-17
3757.  3.296659E-17
3758.  3.307580E-17
3759.  3.315503E-17
3760.  3.320448E-17
3761.  3.322412E-17
3762.  3.321439E-17
3763.  3.317522E-17
3764.  3.310724E-17
3765.  3.301097E-17
3766.  3.288672E-17
3767.  3.273509E-17
3768.  3.255680E-17
3769.  3.235253E-17
3770.  3.212285E-17
3771.  3.186879E-17
3772.  3.159111E-17
3773.  3.129068E-17
3774.  3.096851E-17
3775.  3.062546E-17
3776.  3.026261E-17
3777.  2.988085E-17
3778.  2.948146E-17
3779.  2.906524E-17
3780.  2.863351E-17
3781.  2.818726E-17
3782.  2.772750E-17
3783.  2.725547E-17
3784.  2.677217E-17
3785.  2.627869E-17
3786.  2.577633E-17
3787.  2.526581E-17
3788.  2.474840E-17
3789.  2.422511E-17
3790.  2.369688E-17
3791.  2.316480E-17
3792.  2.262975E-17
3793.  2.209283E-17
3794.  2.155485E-17
3795.  2.101654E-17
3796.  2.047896E-17
3797.  1.994279E-17
3798.  1.940891E-17
3799.  1.887795E-17
3800.  1.835063E-17
3801.  1.782762E-17
3802.  1.730960E-17
3803.  1.679689E-17
3804.  1.629041E-17
3805.  1.579049E-17
3806.  1.529753E-17
3807.  1.481202E-17
3808.  1.433439E-17
3809.  1.386493E-17
3810.  1.340405E-17
3811.  1.295189E-17
3812.  1.250882E-17
3813.  1.207500E-17
3814.  1.165061E-17
3815.  1.123582E-17
3816.  1.083080E-17
3817.  1.043559E-17
3818.  1.005036E-17
3819.  9.675015E-18
3820.  9.309683E-18
3821.  8.954341E-18
3822.  8.608980E-18
3823.  8.273532E-18
3824.  7.948089E-18
3825.  7.632295E-18
3826.  7.326398E-18
3827.  7.030049E-18
3828.  6.743288E-18
3829.  6.465889E-18
3830.  6.197738E-18
3831.  5.938704E-18
3832.  5.688675E-18
3833.  5.447461E-18
3834.  5.214913E-18
3835.  4.990884E-18
3836.  4.775056E-18
3837.  4.567536E-18
3838.  4.367828E-18
3839.  4.175980E-18
3840.  3.991655E-18
3841.  3.814819E-18
3842.  3.645210E-18
3843.  3.482567E-18
3844.  3.326735E-18
3845.  3.177635E-18
3846.  3.035049E-18
3847.  2.898786E-18
3848.  2.768621E-18
3849.  2.644403E-18
3850.  2.526089E-18
3851.  2.413229E-18
3852.  2.305876E-18
3853.  2.203751E-18
3854.  2.106852E-18
3855.  2.014904E-18
3856.  1.927725E-18
3857.  1.845224E-18
3858.  1.767252E-18
3859.  1.693607E-18
3860.  1.624122E-18
3861.  1.558911E-18
3862.  1.497497E-18
3863.  1.439984E-18
3864.  1.386145E-18
3865.  1.335837E-18
3866.  1.289088E-18
3867.  1.245547E-18
3868.  1.205194E-18
3869.  1.167998E-18
3870.  1.133835E-18
3871.  1.102481E-18
3872.  1.074056E-18
3873.  1.048106E-18
3874.  1.024803E-18
3875.  1.003965E-18
3876.  9.854800E-19
3877.  9.693583E-19
3878.  9.553440E-19
3879.  9.434975E-19
3880.  9.335291E-19
3881.  9.256283E-19
3882.  9.194388E-19
3883.  9.150610E-19
3884.  9.123188E-19
3885.  9.111347E-19
3886.  9.114153E-19
3887.  9.131286E-19
3888.  9.162008E-19
3889.  9.204303E-19
3890.  9.259270E-19
3891.  9.324178E-19
3892.  9.397873E-19
3893.  9.481444E-19
3894.  9.572699E-19
3895.  9.672328E-19
3896.  9.776770E-19
3897.  9.887850E-19
3898.  1.000169E-18
3899.  1.012053E-18
3900.  1.024088E-18
3901.  1.036351E-18
3902.  1.048614E-18
3903.  1.060900E-18
3904.  1.072882E-18
3905.  1.084552E-18
3906.  1.095911E-18
3907.  1.106664E-18
3908.  1.116834E-18
3909.  1.126147E-18
3910.  1.134532E-18
3911.  1.141853E-18
3912.  1.147910E-18
3913.  1.152611E-18
3914.  1.155749E-18
3915.  1.157170E-18
3916.  1.156640E-18
3917.  1.154137E-18
3918.  1.149291E-18
3919.  1.142119E-18
3920.  1.132054E-18
3921.  1.119289E-18
3922.  1.103433E-18
3923.  1.084151E-18
3924.  1.061418E-18
3925.  1.034760E-18
3926.  1.004159E-18
3927.  9.692701E-19
3928.  9.298929E-19
3929.  8.855793E-19
3930.  8.361852E-19
3931.  7.815432E-19
3932.  7.211799E-19
3933.  6.548291E-19
3934.  5.823065E-19
3935.  5.032559E-19
3936.  4.174178E-19
3937.  3.242824E-19
3938.  2.239062E-19
3939.  1.156505E-19
3940.  -7.041095E-22
3941.  -1.254105E-19
3942.  -2.587577E-19
3943.  -4.012373E-19
3944.  -5.529439E-19
3945.  -7.143582E-19
3946.  -8.856313E-19
3947.  -1.067163E-18
3948.  -1.259195E-18
3949.  -1.462257E-18
3950.  -1.676315E-18
3951.  -1.901811E-18
3952.  -2.138985E-18
3953.  -2.388087E-18
3954.  -2.649335E-18
3955.  -2.923046E-18
3956.  -3.209462E-18
3957.  -3.508693E-18
3958.  -3.821039E-18
3959.  -4.146604E-18
3960.  -4.485565E-18
3961.  -4.838267E-18
3962.  -5.204579E-18
3963.  -5.584619E-18
3964.  -5.978657E-18
3965.  -6.386550E-18
3966.  -6.808556E-18
3967.  -7.244577E-18
3968.  -7.694552E-18
3969.  -8.158555E-18
3970.  -8.636398E-18
3971.  -9.128160E-18
3972.  -9.633620E-18
3973.  -1.015256E-17
3974.  -1.068490E-17
3975.  -1.123036E-17
3976.  -1.178866E-17
3977.  -1.235956E-17
3978.  -1.294274E-17
3979.  -1.353781E-17
3980.  -1.414439E-17
3981.  -1.476208E-17
3982.  -1.539017E-17
3983.  -1.602846E-17
3984.  -1.667623E-17
3985.  -1.733288E-17
3986.  -1.799781E-17
3987.  -1.867024E-17
3988.  -1.934963E-17
3989.  -2.003503E-17
3990.  -2.072587E-17
3991.  -2.142094E-17
3992.  -2.211965E-17
3993.  -2.282100E-17
3994.  -2.352410E-17
3995.  -2.422781E-17
3996.  -2.493103E-17
3997.  -2.563290E-17
3998.  -2.633217E-17
3999.  -2.702771E-17
4000.  -2.771838E-17
4001.  -2.840294E-17
4002.  -2.908001E-17
4003.  -2.974856E-17
4004.  -3.040712E-17
4005.  -3.105448E-17
4006.  -3.168920E-17
4007.  -3.230998E-17
4008.  -3.291549E-17
4009.  -3.350417E-17
4010.  -3.407487E-17
4011.  -3.462598E-17
4012.  -3.515610E-17
4013.  -3.566403E-17
4014.  -3.614813E-17
4015.  -3.660711E-17
4016.  -3.703959E-17
4017.  -3.744412E-17
4018.  -3.781935E-17
4019.  -3.816404E-17
4020.  -3.847686E-17
4021.  -3.875637E-17
4022.  -3.900147E-17
4023.  -3.921082E-17
4024.  -3.938338E-17
4025.  -3.951792E-17
4026.  -3.961340E-17
4027.  -3.966870E-17
4028.  -3.968291E-17
4029.  -3.965490E-17
4030.  -3.958418E-17
4031.  -3.946950E-17
4032.  -3.931036E-17
4033.  -3.910613E-17
4034.  -3.885607E-17
4035.  -3.855957E-17
4036.  -3.821640E-17
4037.  -3.782592E-17
4038.  -3.738795E-17
4039.  -3.690220E-17
4040.  -3.636852E-17
4041.  -3.578682E-17
4042.  -3.515719E-17
4043.  -3.447967E-17
4044.  -3.375432E-17
4045.  -3.298150E-17
4046.  -3.216157E-17
4047.  -3.129474E-17
4048.  -3.038168E-17
4049.  -2.942277E-17
4050.  -2.841882E-17
4051.  -2.737048E-17
4052.  -2.627842E-17
4053.  -2.514353E-17
4054.  -2.396682E-17
4055.  -2.274919E-17
4056.  -2.149164E-17
4057.  -2.019533E-17
4058.  -1.886127E-17
4059.  -1.749084E-17
4060.  -1.608515E-17
4061.  -1.464548E-17
4062.  -1.317320E-17
4063.  -1.166973E-17
4064.  -1.013631E-17
4065.  -8.574519E-18
4066.  -6.985686E-18
4067.  -5.371431E-18
4068.  -3.732904E-18
4069.  -2.072085E-18
4070.  -3.901133E-19
4071.  1.311218E-18
4072.  3.030566E-18
4073.  4.766349E-18
4074.  6.517043E-18
4075.  8.281119E-18
4076.  1.005698E-17
4077.  1.184318E-17
4078.  1.363827E-17
4079.  1.544070E-17
4080.  1.724900E-17
4081.  1.906160E-17
4082.  2.087715E-17
4083.  2.269432E-17
4084.  2.451159E-17
4085.  2.632753E-17
4086.  2.814077E-17
4087.  2.995001E-17
4088.  3.175382E-17
4089.  3.355096E-17
4090.  3.534010E-17
4091.  3.711999E-17
4092.  3.888918E-17
4093.  4.064671E-17
4094.  4.239091E-17
4095.  4.412085E-17
4096.  4.583528E-17
4097.  4.753304E-17
4098.  4.921264E-17
4099.  5.087312E-17
4100.  5.251320E-17
4101.  5.413183E-17
4102.  5.572774E-17
4103.  5.729966E-17
4104.  5.884660E-17
4105.  6.036735E-17
4106.  6.186076E-17
4107.  6.332550E-17
4108.  6.476065E-17
4109.  6.616496E-17
4110.  6.753742E-17
4111.  6.887697E-17
4112.  7.018218E-17
4113.  7.145226E-17
4114.  7.268608E-17
4115.  7.388242E-17
4116.  7.504044E-17
4117.  7.615901E-17
4118.  7.723724E-17
4119.  7.827404E-17
4120.  7.926872E-17
4121.  8.022016E-17
4122.  8.112774E-17
4123.  8.199051E-17
4124.  8.280782E-17
4125.  8.357914E-17
4126.  8.430364E-17
4127.  8.498086E-17
4128.  8.561047E-17
4129.  8.619194E-17
4130.  8.672507E-17
4131.  8.720967E-17
4132.  8.764549E-17
4133.  8.803265E-17
4134.  8.837118E-17
4135.  8.866125E-17
4136.  8.890323E-17
4137.  8.909753E-17
4138.  8.924458E-17
4139.  8.934522E-17
4140.  8.940004E-17
4141.  8.940991E-17
4142.  8.937589E-17
4143.  8.929907E-17
4144.  8.918085E-17
4145.  8.902237E-17
4146.  8.882525E-17
4147.  8.859094E-17
4148.  8.832126E-17
4149.  8.801789E-17
4150.  8.768285E-17
4151.  8.731810E-17
4152.  8.692569E-17
4153.  8.650791E-17
4154.  8.606682E-17
4155.  8.560496E-17
4156.  8.512448E-17
4157.  8.462790E-17
4158.  8.411778E-17
4159.  8.359657E-17
4160.  8.306680E-17
4161.  8.253099E-17
4162.  8.199160E-17
4163.  8.145133E-17
4164.  8.091260E-17
4165.  8.037797E-17
4166.  7.984977E-17
4167.  7.933054E-17
4168.  7.882245E-17
4169.  7.832800E-17
4170.  7.784906E-17
4171.  7.738780E-17
4172.  7.694629E-17
4173.  7.652625E-17
4174.  7.612946E-17
4175.  7.575769E-17
4176.  7.541204E-17
4177.  7.509420E-17
4178.  7.480492E-17
4179.  7.454567E-17
4180.  7.431686E-17
4181.  7.411923E-17
4182.  7.395339E-17
4183.  7.381945E-17
4184.  7.371774E-17
4185.  7.364807E-17
4186.  7.361019E-17
4187.  7.360380E-17
4188.  7.362825E-17
4189.  7.368256E-17
4190.  7.376605E-17
4191.  7.387753E-17
4192.  7.401553E-17
4193.  7.417883E-17
4194.  7.436585E-17
4195.  7.457469E-17
4196.  7.480362E-17
4197.  7.505045E-17
4198.  7.531350E-17
4199.  7.559005E-17
4200.  7.587807E-17
4201.  7.617501E-17
4202.  7.647866E-17
4203.  7.678624E-17
4204.  7.709531E-17
4205.  7.740321E-17
4206.  7.770729E-17
4207.  7.800497E-17
4208.  7.829365E-17
4209.  7.857070E-17
4210.  7.883357E-17
4211.  7.907965E-17
4212.  7.930641E-17
4213.  7.951163E-17
4214.  7.969286E-17
4215.  7.984790E-17
4216.  7.997467E-17
4217.  8.007110E-17
4218.  8.013537E-17
4219.  8.016579E-17
4220.  8.016067E-17
4221.  8.011862E-17
4222.  8.003849E-17
4223.  7.991901E-17
4224.  7.975947E-17
4225.  7.955896E-17
4226.  7.931712E-17
4227.  7.903349E-17
4228.  7.870800E-17
4229.  7.834082E-17
4230.  7.793207E-17
4231.  7.748248E-17
4232.  7.699256E-17
4233.  7.646334E-17
4234.  7.589593E-17
4235.  7.529167E-17
4236.  7.465214E-17
4237.  7.397910E-17
4238.  7.327457E-17
4239.  7.254064E-17
4240.  7.177976E-17
4241.  7.099449E-17
4242.  7.018746E-17
4243.  6.936173E-17
4244.  6.852037E-17
4245.  6.766657E-17
4246.  6.680394E-17
4247.  6.593590E-17
4248.  6.506633E-17
4249.  6.419901E-17
4250.  6.333787E-17
4251.  6.248705E-17
4252.  6.165091E-17
4253.  6.083373E-17
4254.  6.003982E-17
4255.  5.927374E-17
4256.  5.854000E-17
4257.  5.784326E-17
4258.  5.718834E-17
4259.  5.657962E-17
4260.  5.602199E-17
4261.  5.552022E-17
4262.  5.507905E-17
4263.  5.470317E-17
4264.  5.439723E-17
4265.  5.416601E-17
4266.  5.401413E-17
4267.  5.394612E-17
4268.  5.396654E-17
4269.  5.407981E-17
4270.  5.429003E-17
4271.  5.460177E-17
4272.  5.501903E-17
4273.  5.554556E-17
4274.  5.618546E-17
4275.  5.694229E-17
4276.  5.781944E-17
4277.  5.882044E-17
4278.  5.994827E-17
4279.  6.120593E-17
4280.  6.259608E-17
4281.  6.412128E-17
4282.  6.578366E-17
4283.  6.758533E-17
4284.  6.952796E-17
4285.  7.161302E-17
4286.  7.384167E-17
4287.  7.621486E-17
4288.  7.873305E-17
4289.  8.139666E-17
4290.  8.420559E-17
4291.  8.715946E-17
4292.  9.025769E-17
4293.  9.349918E-17
4294.  9.688245E-17
4295.  1.004061E-16
4296.  1.040677E-16
4297.  1.078651E-16
4298.  1.117954E-16
4299.  1.158556E-16
4300.  1.200420E-16
4301.  1.243511E-16
4302.  1.287784E-16
4303.  1.333198E-16
4304.  1.379700E-16
4305.  1.427242E-16
4306.  1.475765E-16
4307.  1.525214E-16
4308.  1.575527E-16
4309.  1.626638E-16
4310.  1.678482E-16
4311.  1.730988E-16
4312.  1.784084E-16
4313.  1.837697E-16
4314.  1.891748E-16
4315.  1.946158E-16
4316.  2.000848E-16
4317.  2.055735E-16
4318.  2.110735E-16
4319.  2.165765E-16
4320.  2.220737E-16
4321.  2.275565E-16
4322.  2.330164E-16
4323.  2.384445E-16
4324.  2.438322E-16
4325.  2.491708E-16
4326.  2.544518E-16
4327.  2.596663E-16
4328.  2.648064E-16
4329.  2.698635E-16
4330.  2.748296E-16
4331.  2.796968E-16
4332.  2.844574E-16
4333.  2.891040E-16
4334.  2.936292E-16
4335.  2.980262E-16
4336.  3.022886E-16
4337.  3.064098E-16
4338.  3.103841E-16
4339.  3.142058E-16
4340.  3.178701E-16
4341.  3.213717E-16
4342.  3.247067E-16
4343.  3.278710E-16
4344.  3.308614E-16
4345.  3.336746E-16
4346.  3.363082E-16
4347.  3.387605E-16
4348.  3.410292E-16
4349.  3.431138E-16
4350.  3.450135E-16
4351.  3.467282E-16
4352.  3.482582E-16
4353.  3.496045E-16
4354.  3.507680E-16
4355.  3.517509E-16
4356.  3.525551E-16
4357.  3.531835E-16
4358.  3.536391E-16
4359.  3.539253E-16
4360.  3.540461E-16
4361.  3.540056E-16
4362.  3.538087E-16
4363.  3.534603E-16
4364.  3.529656E-16
4365.  3.523303E-16
4366.  3.515601E-16
4367.  3.506616E-16
4368.  3.496407E-16
4369.  3.485043E-16
4370.  3.472589E-16
4371.  3.459116E-16
4372.  3.444694E-16
4373.  3.429395E-16
4374.  3.413291E-16
4375.  3.396453E-16
4376.  3.378957E-16
4377.  3.360874E-16
4378.  3.342278E-16
4379.  3.323240E-16
4380.  3.303835E-16
4381.  3.284129E-16
4382.  3.264196E-16
4383.  3.244101E-16
4384.  3.223913E-16
4385.  3.203696E-16
4386.  3.183512E-16
4387.  3.163422E-16
4388.  3.143486E-16
4389.  3.123759E-16
4390.  3.104294E-16
4391.  3.085143E-16
4392.  3.066351E-16
4393.  3.047967E-16
4394.  3.030030E-16
4395.  3.012580E-16
4396.  2.995651E-16
4397.  2.979280E-16
4398.  2.963490E-16
4399.  2.948312E-16
4400.  2.933765E-16
4401.  2.919871E-16
4402.  2.906645E-16
4403.  2.894099E-16
4404.  2.882241E-16
4405.  2.871081E-16
4406.  2.860618E-16
4407.  2.850854E-16
4408.  2.841783E-16
4409.  2.833403E-16
4410.  2.825699E-16
4411.  2.818662E-16
4412.  2.812275E-16
4413.  2.806524E-16
4414.  2.801383E-16
4415.  2.796832E-16
4416.  2.792845E-16
4417.  2.789393E-16
4418.  2.786448E-16
4419.  2.783978E-16
4420.  2.781947E-16
4421.  2.780319E-16
4422.  2.779057E-16
4423.  2.778125E-16
4424.  2.777476E-16
4425.  2.777074E-16
4426.  2.776873E-16
4427.  2.776830E-16
4428.  2.776898E-16
4429.  2.777033E-16
4430.  2.777188E-16
4431.  2.777318E-16
4432.  2.777372E-16
4433.  2.777307E-16
4434.  2.777073E-16
4435.  2.776624E-16
4436.  2.775910E-16
4437.  2.774887E-16
4438.  2.773509E-16
4439.  2.771727E-16
4440.  2.769503E-16
4441.  2.766786E-16
4442.  2.763538E-16
4443.  2.759714E-16
4444.  2.755277E-16
4445.  2.750184E-16
4446.  2.744401E-16
4447.  2.737891E-16
4448.  2.730620E-16
4449.  2.722556E-16
4450.  2.713668E-16
4451.  2.703930E-16
4452.  2.693313E-16
4453.  2.681796E-16
4454.  2.669358E-16
4455.  2.655976E-16
4456.  2.641638E-16
4457.  2.626327E-16
4458.  2.610031E-16
4459.  2.592743E-16
4460.  2.574458E-16
4461.  2.555166E-16
4462.  2.534873E-16
4463.  2.513578E-16
4464.  2.491283E-16
4465.  2.467998E-16
4466.  2.443730E-16
4467.  2.418494E-16
4468.  2.392300E-16
4469.  2.365168E-16
4470.  2.337120E-16
4471.  2.308174E-16
4472.  2.278356E-16
4473.  2.247692E-16
4474.  2.216213E-16
4475.  2.183948E-16
4476.  2.150928E-16
4477.  2.117191E-16
4478.  2.082770E-16
4479.  2.047707E-16
4480.  2.012036E-16
4481.  1.975803E-16
4482.  1.939048E-16
4483.  1.901813E-16
4484.  1.864143E-16
4485.  1.826083E-16
4486.  1.787678E-16
4487.  1.748978E-16
4488.  1.710023E-16
4489.  1.670864E-16
4490.  1.631549E-16
4491.  1.592120E-16
4492.  1.552627E-16
4493.  1.513117E-16
4494.  1.473632E-16
4495.  1.434222E-16
4496.  1.394926E-16
4497.  1.355790E-16
4498.  1.316860E-16
4499.  1.278177E-16
4500.  1.239774E-16
