1.  1.608969E-21
2.  1.720541E-21
3.  1.772354E-21
4.  1.955180E-21
5.  2.147067E-21
6.  2.302453E-21
7.  2.407879E-21
8.  2.621609E-21
9.  2.824138E-21
10.  3.040807E-21
11.  3.282098E-21
12.  3.438371E-21
13.  3.789732E-21
14.  4.066746E-21
15.  4.235141E-21
16.  4.562372E-21
17.  4.904568E-21
18.  5.178328E-21
19.  5.641484E-21
20.  5.989818E-21
21.  6.447747E-21
22.  6.907486E-21
23.  7.385623E-21
24.  7.879955E-21
25.  8.473141E-21
26.  9.020600E-21
27.  9.679226E-21
28.  1.031212E-20
29.  1.094613E-20
30.  1.176546E-20
31.  1.252958E-20
32.  1.336316E-20
33.  1.428172E-20
34.  1.523045E-20
35.  1.624873E-20
36.  1.726910E-20
37.  1.848176E-20
38.  1.970712E-20
39.  2.097974E-20
40.  2.232051E-20
41.  2.384266E-20
42.  2.532638E-20
43.  2.707566E-20
44.  2.886367E-20
45.  3.067457E-20
46.  3.266118E-20
47.  3.472999E-20
48.  3.683803E-20
49.  3.916252E-20
50.  4.175608E-20
51.  4.438440E-20
52.  4.723187E-20
53.  5.015795E-20
54.  5.329392E-20
55.  5.658123E-20
56.  6.009191E-20
57.  6.389471E-20
58.  6.782116E-20
59.  7.198686E-20
60.  7.647052E-20
61.  8.113765E-20
62.  8.612990E-20
63.  9.124284E-20
64.  9.691700E-20
65.  1.026999E-19
66.  1.088902E-19
67.  1.154344E-19
68.  1.222853E-19
69.  1.295650E-19
70.  1.372862E-19
71.  1.453947E-19
72.  1.538707E-19
73.  1.629129E-19
74.  1.725871E-19
75.  1.825863E-19
76.  1.931545E-19
77.  2.044086E-19
78.  2.162016E-19
79.  2.286140E-19
80.  2.417660E-19
81.  2.555435E-19
82.  2.700048E-19
83.  2.853448E-19
84.  3.015707E-19
85.  3.184554E-19
86.  3.362961E-19
87.  3.551079E-19
88.  3.747903E-19
89.  3.956458E-19
90.  4.175246E-19
91.  4.404310E-19
92.  4.647097E-19
93.  4.900915E-19
94.  5.167950E-19
95.  5.448225E-19
96.  5.741907E-19
97.  6.051381E-19
98.  6.375913E-19
99.  6.717015E-19
100.  7.074068E-19
101.  7.448938E-19
102.  7.842968E-19
103.  8.256422E-19
104.  8.688517E-19
105.  9.143791E-19
106.  9.619118E-19
107.  1.011818E-18
108.  1.064119E-18
109.  1.118828E-18
110.  1.176161E-18
111.  1.236193E-18
112.  1.299036E-18
113.  1.364867E-18
114.  1.433660E-18
115.  1.505721E-18
116.  1.581108E-18
117.  1.659906E-18
118.  1.742321E-18
119.  1.828468E-18
120.  1.918580E-18
121.  2.012756E-18
122.  2.111096E-18
123.  2.213796E-18
124.  2.321143E-18
125.  2.433134E-18
126.  2.550077E-18
127.  2.672195E-18
128.  2.799742E-18
129.  2.932672E-18
130.  3.071241E-18
131.  3.215920E-18
132.  3.366739E-18
133.  3.523931E-18
134.  3.687862E-18
135.  3.858742E-18
136.  4.036623E-18
137.  4.222036E-18
138.  4.415011E-18
139.  4.616045E-18
140.  4.825289E-18
141.  5.043173E-18
142.  5.269850E-18
143.  5.505640E-18
144.  5.751032E-18
145.  6.006060E-18
146.  6.271278E-18
147.  6.547144E-18
148.  6.833795E-18
149.  7.131688E-18
150.  7.441168E-18
151.  7.762640E-18
152.  8.096353E-18
153.  8.443077E-18
154.  8.802911E-18
155.  9.176454E-18
156.  9.564082E-18
157.  9.966211E-18
158.  1.038328E-17
159.  1.081580E-17
160.  1.126434E-17
161.  1.172930E-17
162.  1.221124E-17
163.  1.271066E-17
164.  1.322802E-17
165.  1.376390E-17
166.  1.431895E-17
167.  1.489349E-17
168.  1.548829E-17
169.  1.610407E-17
170.  1.674113E-17
171.  1.740024E-17
172.  1.808196E-17
173.  1.878693E-17
174.  1.951592E-17
175.  2.026945E-17
176.  2.104831E-17
177.  2.185304E-17
178.  2.268441E-17
179.  2.354322E-17
180.  2.443006E-17
181.  2.534570E-17
182.  2.629083E-17
183.  2.726633E-17
184.  2.827288E-17
185.  2.931131E-17
186.  3.038248E-17
187.  3.148701E-17
188.  3.262581E-17
189.  3.379965E-17
190.  3.500954E-17
191.  3.625616E-17
192.  3.754045E-17
193.  3.886323E-17
194.  4.022534E-17
195.  4.162773E-17
196.  4.307139E-17
197.  4.455697E-17
198.  4.608570E-17
199.  4.765832E-17
200.  4.927570E-17
201.  5.093905E-17
202.  5.264917E-17
203.  5.440690E-17
204.  5.621326E-17
205.  5.806937E-17
206.  5.997605E-17
207.  6.193441E-17
208.  6.394542E-17
209.  6.600979E-17
210.  6.812902E-17
211.  7.030370E-17
212.  7.253508E-17
213.  7.482406E-17
214.  7.717154E-17
215.  7.957868E-17
216.  8.204648E-17
217.  8.457602E-17
218.  8.716819E-17
219.  8.982415E-17
220.  9.254473E-17
221.  9.533095E-17
222.  9.818398E-17
223.  1.011046E-16
224.  1.040941E-16
225.  1.071531E-16
226.  1.102830E-16
227.  1.134844E-16
228.  1.167585E-16
229.  1.201061E-16
230.  1.235285E-16
231.  1.270262E-16
232.  1.306003E-16
233.  1.342520E-16
234.  1.379818E-16
235.  1.417909E-16
236.  1.456799E-16
237.  1.496498E-16
238.  1.537016E-16
239.  1.578359E-16
240.  1.620536E-16
241.  1.663555E-16
242.  1.707424E-16
243.  1.752150E-16
244.  1.797741E-16
245.  1.844204E-16
246.  1.891545E-16
247.  1.939773E-16
248.  1.988892E-16
249.  2.038908E-16
250.  2.089828E-16
251.  2.141657E-16
252.  2.194402E-16
253.  2.248066E-16
254.  2.302654E-16
255.  2.358169E-16
256.  2.414619E-16
257.  2.472003E-16
258.  2.530327E-16
259.  2.589594E-16
260.  2.649805E-16
261.  2.710964E-16
262.  2.773073E-16
263.  2.836132E-16
264.  2.900142E-16
265.  2.965104E-16
266.  3.031020E-16
267.  3.097887E-16
268.  3.165707E-16
269.  3.234477E-16
270.  3.304196E-16
271.  3.374862E-16
272.  3.446474E-16
273.  3.519026E-16
274.  3.592518E-16
275.  3.666944E-16
276.  3.742302E-16
277.  3.818586E-16
278.  3.895790E-16
279.  3.973909E-16
280.  4.052935E-16
281.  4.132864E-16
282.  4.213688E-16
283.  4.295399E-16
284.  4.377989E-16
285.  4.461448E-16
286.  4.545769E-16
287.  4.630939E-16
288.  4.716951E-16
289.  4.803792E-16
290.  4.891451E-16
291.  4.979917E-16
292.  5.069177E-16
293.  5.159221E-16
294.  5.250030E-16
295.  5.341592E-16
296.  5.433896E-16
297.  5.526924E-16
298.  5.620661E-16
299.  5.715093E-16
300.  5.810200E-16
301.  5.905968E-16
302.  6.002378E-16
303.  6.099413E-16
304.  6.197055E-16
305.  6.295285E-16
306.  6.394083E-16
307.  6.493431E-16
308.  6.593307E-16
309.  6.693691E-16
310.  6.794561E-16
311.  6.895898E-16
312.  6.997679E-16
313.  7.099882E-16
314.  7.202482E-16
315.  7.305461E-16
316.  7.408791E-16
317.  7.512450E-16
318.  7.616417E-16
319.  7.720661E-16
320.  7.825164E-16
321.  7.929895E-16
322.  8.034833E-16
323.  8.139952E-16
324.  8.245225E-16
325.  8.350627E-16
326.  8.456132E-16
327.  8.561712E-16
328.  8.667340E-16
329.  8.772992E-16
330.  8.878640E-16
331.  8.984256E-16
332.  9.089813E-16
333.  9.195284E-16
334.  9.300640E-16
335.  9.405854E-16
336.  9.510902E-16
337.  9.615751E-16
338.  9.720376E-16
339.  9.824750E-16
340.  9.928845E-16
341.  1.003263E-15
342.  1.013609E-15
343.  1.023918E-15
344.  1.034188E-15
345.  1.044416E-15
346.  1.054600E-15
347.  1.064738E-15
348.  1.074825E-15
349.  1.084860E-15
350.  1.094840E-15
351.  1.104762E-15
352.  1.114624E-15
353.  1.124422E-15
354.  1.134156E-15
355.  1.143822E-15
356.  1.153417E-15
357.  1.162940E-15
358.  1.172387E-15
359.  1.181757E-15
360.  1.191046E-15
361.  1.200254E-15
362.  1.209377E-15
363.  1.218413E-15
364.  1.227361E-15
365.  1.236217E-15
366.  1.244981E-15
367.  1.253649E-15
368.  1.262221E-15
369.  1.270693E-15
370.  1.279065E-15
371.  1.287334E-15
372.  1.295499E-15
373.  1.303558E-15
374.  1.311509E-15
375.  1.319352E-15
376.  1.327083E-15
377.  1.334703E-15
378.  1.342208E-15
379.  1.349599E-15
380.  1.356875E-15
381.  1.364032E-15
382.  1.371072E-15
383.  1.377992E-15
384.  1.384792E-15
385.  1.391471E-15
386.  1.398027E-15
387.  1.404461E-15
388.  1.410772E-15
389.  1.416958E-15
390.  1.423020E-15
391.  1.428957E-15
392.  1.434768E-15
393.  1.440454E-15
394.  1.446013E-15
395.  1.451446E-15
396.  1.456753E-15
397.  1.461933E-15
398.  1.466987E-15
399.  1.471915E-15
400.  1.476717E-15
401.  1.481393E-15
402.  1.485944E-15
403.  1.490370E-15
404.  1.494671E-15
405.  1.498848E-15
406.  1.502902E-15
407.  1.506833E-15
408.  1.510642E-15
409.  1.514330E-15
410.  1.517897E-15
411.  1.521345E-15
412.  1.524675E-15
413.  1.527887E-15
414.  1.530983E-15
415.  1.533964E-15
416.  1.536831E-15
417.  1.539586E-15
418.  1.542229E-15
419.  1.544763E-15
420.  1.547188E-15
421.  1.549506E-15
422.  1.551720E-15
423.  1.553829E-15
424.  1.555836E-15
425.  1.557743E-15
426.  1.559551E-15
427.  1.561262E-15
428.  1.562878E-15
429.  1.564401E-15
430.  1.565832E-15
431.  1.567174E-15
432.  1.568428E-15
433.  1.569597E-15
434.  1.570681E-15
435.  1.571684E-15
436.  1.572608E-15
437.  1.573454E-15
438.  1.574224E-15
439.  1.574921E-15
440.  1.575546E-15
441.  1.576102E-15
442.  1.576591E-15
443.  1.577014E-15
444.  1.577375E-15
445.  1.577675E-15
446.  1.577916E-15
447.  1.578100E-15
448.  1.578230E-15
449.  1.578307E-15
450.  1.578334E-15
451.  1.578313E-15
452.  1.578245E-15
453.  1.578133E-15
454.  1.577980E-15
455.  1.577785E-15
456.  1.577553E-15
457.  1.577285E-15
458.  1.576982E-15
459.  1.576647E-15
460.  1.576281E-15
461.  1.575887E-15
462.  1.575466E-15
463.  1.575019E-15
464.  1.574550E-15
465.  1.574059E-15
466.  1.573548E-15
467.  1.573019E-15
468.  1.572472E-15
469.  1.571911E-15
470.  1.571336E-15
471.  1.570749E-15
472.  1.570150E-15
473.  1.569543E-15
474.  1.568927E-15
475.  1.568303E-15
476.  1.567674E-15
477.  1.567040E-15
478.  1.566403E-15
479.  1.565763E-15
480.  1.565121E-15
481.  1.564479E-15
482.  1.563836E-15
483.  1.563195E-15
484.  1.562555E-15
485.  1.561917E-15
486.  1.561282E-15
487.  1.560650E-15
488.  1.560023E-15
489.  1.559400E-15
490.  1.558781E-15
491.  1.558167E-15
492.  1.557559E-15
493.  1.556956E-15
494.  1.556359E-15
495.  1.555767E-15
496.  1.555181E-15
497.  1.554600E-15
498.  1.554025E-15
499.  1.553455E-15
500.  1.552890E-15
501.  1.552330E-15
502.  1.551775E-15
503.  1.551224E-15
504.  1.550676E-15
505.  1.550131E-15
506.  1.549589E-15
507.  1.549049E-15
508.  1.548510E-15
509.  1.547972E-15
510.  1.547434E-15
511.  1.546895E-15
512.  1.546354E-15
513.  1.545810E-15
514.  1.545264E-15
515.  1.544712E-15
516.  1.544156E-15
517.  1.543593E-15
518.  1.543022E-15
519.  1.542443E-15
520.  1.541854E-15
521.  1.541255E-15
522.  1.540643E-15
523.  1.540019E-15
524.  1.539379E-15
525.  1.538725E-15
526.  1.538053E-15
527.  1.537363E-15
528.  1.536654E-15
529.  1.535924E-15
530.  1.535172E-15
531.  1.534396E-15
532.  1.533596E-15
533.  1.532770E-15
534.  1.531916E-15
535.  1.531034E-15
536.  1.530121E-15
537.  1.529177E-15
538.  1.528201E-15
539.  1.527190E-15
540.  1.526144E-15
541.  1.525062E-15
542.  1.523941E-15
543.  1.522782E-15
544.  1.521581E-15
545.  1.520340E-15
546.  1.519055E-15
547.  1.517726E-15
548.  1.516352E-15
549.  1.514931E-15
550.  1.513463E-15
551.  1.511947E-15
552.  1.510380E-15
553.  1.508763E-15
554.  1.507095E-15
555.  1.505374E-15
556.  1.503599E-15
557.  1.501770E-15
558.  1.499885E-15
559.  1.497945E-15
560.  1.495947E-15
561.  1.493893E-15
562.  1.491780E-15
563.  1.489608E-15
564.  1.487377E-15
565.  1.485086E-15
566.  1.482734E-15
567.  1.480322E-15
568.  1.477848E-15
569.  1.475313E-15
570.  1.472715E-15
571.  1.470056E-15
572.  1.467334E-15
573.  1.464550E-15
574.  1.461703E-15
575.  1.458794E-15
576.  1.455822E-15
577.  1.452787E-15
578.  1.449691E-15
579.  1.446531E-15
580.  1.443310E-15
581.  1.440027E-15
582.  1.436682E-15
583.  1.433277E-15
584.  1.429810E-15
585.  1.426283E-15
586.  1.422697E-15
587.  1.419052E-15
588.  1.415347E-15
589.  1.411585E-15
590.  1.407766E-15
591.  1.403890E-15
592.  1.399959E-15
593.  1.395972E-15
594.  1.391932E-15
595.  1.387838E-15
596.  1.383692E-15
597.  1.379496E-15
598.  1.375249E-15
599.  1.370952E-15
600.  1.366608E-15
601.  1.362217E-15
602.  1.357780E-15
603.  1.353298E-15
604.  1.348774E-15
605.  1.344207E-15
606.  1.339599E-15
607.  1.334951E-15
608.  1.330265E-15
609.  1.325543E-15
610.  1.320784E-15
611.  1.315992E-15
612.  1.311166E-15
613.  1.306309E-15
614.  1.301423E-15
615.  1.296507E-15
616.  1.291564E-15
617.  1.286596E-15
618.  1.281603E-15
619.  1.276587E-15
620.  1.271551E-15
621.  1.266494E-15
622.  1.261418E-15
623.  1.256325E-15
624.  1.251217E-15
625.  1.246095E-15
626.  1.240960E-15
627.  1.235814E-15
628.  1.230658E-15
629.  1.225493E-15
630.  1.220321E-15
631.  1.215144E-15
632.  1.209962E-15
633.  1.204778E-15
634.  1.199591E-15
635.  1.194405E-15
636.  1.189219E-15
637.  1.184036E-15
638.  1.178856E-15
639.  1.173681E-15
640.  1.168512E-15
641.  1.163351E-15
642.  1.158197E-15
643.  1.153053E-15
644.  1.147920E-15
645.  1.142798E-15
646.  1.137688E-15
647.  1.132593E-15
648.  1.127512E-15
649.  1.122447E-15
650.  1.117398E-15
651.  1.112367E-15
652.  1.107355E-15
653.  1.102361E-15
654.  1.097387E-15
655.  1.092434E-15
656.  1.087502E-15
657.  1.082593E-15
658.  1.077706E-15
659.  1.072843E-15
660.  1.068004E-15
661.  1.063189E-15
662.  1.058400E-15
663.  1.053636E-15
664.  1.048898E-15
665.  1.044187E-15
666.  1.039502E-15
667.  1.034845E-15
668.  1.030216E-15
669.  1.025615E-15
670.  1.021041E-15
671.  1.016497E-15
672.  1.011981E-15
673.  1.007494E-15
674.  1.003036E-15
675.  9.986070E-16
676.  9.942074E-16
677.  9.898373E-16
678.  9.854968E-16
679.  9.811856E-16
680.  9.769041E-16
681.  9.726524E-16
682.  9.684298E-16
683.  9.642369E-16
684.  9.600734E-16
685.  9.559390E-16
686.  9.518341E-16
687.  9.477583E-16
688.  9.437116E-16
689.  9.396935E-16
690.  9.357043E-16
691.  9.317437E-16
692.  9.278114E-16
693.  9.239073E-16
694.  9.200313E-16
695.  9.161831E-16
696.  9.123625E-16
697.  9.085693E-16
698.  9.048031E-16
699.  9.010641E-16
700.  8.973518E-16
701.  8.936659E-16
702.  8.900064E-16
703.  8.863731E-16
704.  8.827657E-16
705.  8.791839E-16
706.  8.756276E-16
707.  8.720965E-16
708.  8.685906E-16
709.  8.651094E-16
710.  8.616532E-16
711.  8.582212E-16
712.  8.548138E-16
713.  8.514305E-16
714.  8.480714E-16
715.  8.447362E-16
716.  8.414248E-16
717.  8.381372E-16
718.  8.348733E-16
719.  8.316328E-16
720.  8.284159E-16
721.  8.252225E-16
722.  8.220526E-16
723.  8.189061E-16
724.  8.157829E-16
725.  8.126832E-16
726.  8.096071E-16
727.  8.065545E-16
728.  8.035255E-16
729.  8.005203E-16
730.  7.975388E-16
731.  7.945814E-16
732.  7.916481E-16
733.  7.887391E-16
734.  7.858546E-16
735.  7.829948E-16
736.  7.801599E-16
737.  7.773501E-16
738.  7.745658E-16
739.  7.718073E-16
740.  7.690746E-16
741.  7.663683E-16
742.  7.636888E-16
743.  7.610362E-16
744.  7.584111E-16
745.  7.558137E-16
746.  7.532446E-16
747.  7.507040E-16
748.  7.481926E-16
749.  7.457107E-16
750.  7.432585E-16
751.  7.408369E-16
752.  7.384463E-16
753.  7.360873E-16
754.  7.337600E-16
755.  7.314654E-16
756.  7.292038E-16
757.  7.269757E-16
758.  7.247818E-16
759.  7.226228E-16
760.  7.204989E-16
761.  7.184110E-16
762.  7.163595E-16
763.  7.143451E-16
764.  7.123685E-16
765.  7.104300E-16
766.  7.085306E-16
767.  7.066705E-16
768.  7.048505E-16
769.  7.030714E-16
770.  7.013335E-16
771.  6.996377E-16
772.  6.979843E-16
773.  6.963741E-16
774.  6.948077E-16
775.  6.932856E-16
776.  6.918084E-16
777.  6.903767E-16
778.  6.889913E-16
779.  6.876524E-16
780.  6.863607E-16
781.  6.851169E-16
782.  6.839213E-16
783.  6.827746E-16
784.  6.816771E-16
785.  6.806294E-16
786.  6.796321E-16
787.  6.786855E-16
788.  6.777902E-16
789.  6.769466E-16
790.  6.761550E-16
791.  6.754158E-16
792.  6.747296E-16
793.  6.740965E-16
794.  6.735169E-16
795.  6.729911E-16
796.  6.725196E-16
797.  6.721024E-16
798.  6.717399E-16
799.  6.714323E-16
800.  6.711799E-16
801.  6.709826E-16
802.  6.708408E-16
803.  6.707544E-16
804.  6.707236E-16
805.  6.707487E-16
806.  6.708294E-16
807.  6.709658E-16
808.  6.711581E-16
809.  6.714061E-16
810.  6.717096E-16
811.  6.720687E-16
812.  6.724832E-16
813.  6.729529E-16
814.  6.734776E-16
815.  6.740572E-16
816.  6.746915E-16
817.  6.753799E-16
818.  6.761226E-16
819.  6.769189E-16
820.  6.777683E-16
821.  6.786708E-16
822.  6.796258E-16
823.  6.806327E-16
824.  6.816913E-16
825.  6.828009E-16
826.  6.839609E-16
827.  6.851708E-16
828.  6.864301E-16
829.  6.877380E-16
830.  6.890940E-16
831.  6.904972E-16
832.  6.919472E-16
833.  6.934430E-16
834.  6.949838E-16
835.  6.965689E-16
836.  6.981975E-16
837.  6.998687E-16
838.  7.015817E-16
839.  7.033356E-16
840.  7.051292E-16
841.  7.069620E-16
842.  7.088326E-16
843.  7.107404E-16
844.  7.126842E-16
845.  7.146629E-16
846.  7.166755E-16
847.  7.187208E-16
848.  7.207979E-16
849.  7.229057E-16
850.  7.250427E-16
851.  7.272082E-16
852.  7.294010E-16
853.  7.316196E-16
854.  7.338630E-16
855.  7.361300E-16
856.  7.384193E-16
857.  7.407298E-16
858.  7.430601E-16
859.  7.454090E-16
860.  7.477754E-16
861.  7.501577E-16
862.  7.525548E-16
863.  7.549655E-16
864.  7.573883E-16
865.  7.598220E-16
866.  7.622655E-16
867.  7.647171E-16
868.  7.671757E-16
869.  7.696401E-16
870.  7.721089E-16
871.  7.745807E-16
872.  7.770544E-16
873.  7.795285E-16
874.  7.820017E-16
875.  7.844727E-16
876.  7.869404E-16
877.  7.894034E-16
878.  7.918605E-16
879.  7.943102E-16
880.  7.967515E-16
881.  7.991831E-16
882.  8.016036E-16
883.  8.040120E-16
884.  8.064071E-16
885.  8.087875E-16
886.  8.111523E-16
887.  8.135000E-16
888.  8.158295E-16
889.  8.181400E-16
890.  8.204300E-16
891.  8.226987E-16
892.  8.249449E-16
893.  8.271674E-16
894.  8.293654E-16
895.  8.315379E-16
896.  8.336839E-16
897.  8.358021E-16
898.  8.378919E-16
899.  8.399524E-16
900.  8.419825E-16
901.  8.439815E-16
902.  8.459486E-16
903.  8.478828E-16
904.  8.497836E-16
905.  8.516498E-16
906.  8.534811E-16
907.  8.552767E-16
908.  8.570358E-16
909.  8.587578E-16
910.  8.604422E-16
911.  8.620883E-16
912.  8.636957E-16
913.  8.652637E-16
914.  8.667920E-16
915.  8.682801E-16
916.  8.697274E-16
917.  8.711339E-16
918.  8.724988E-16
919.  8.738220E-16
920.  8.751034E-16
921.  8.763424E-16
922.  8.775389E-16
923.  8.786928E-16
924.  8.798038E-16
925.  8.808718E-16
926.  8.818969E-16
927.  8.828787E-16
928.  8.838176E-16
929.  8.847131E-16
930.  8.855657E-16
931.  8.863751E-16
932.  8.871415E-16
933.  8.878654E-16
934.  8.885466E-16
935.  8.891851E-16
936.  8.897814E-16
937.  8.903359E-16
938.  8.908487E-16
939.  8.913200E-16
940.  8.917501E-16
941.  8.921398E-16
942.  8.924890E-16
943.  8.927983E-16
944.  8.930683E-16
945.  8.932994E-16
946.  8.934920E-16
947.  8.936468E-16
948.  8.937642E-16
949.  8.938446E-16
950.  8.938891E-16
951.  8.938979E-16
952.  8.938716E-16
953.  8.938114E-16
954.  8.937174E-16
955.  8.935906E-16
956.  8.934317E-16
957.  8.932413E-16
958.  8.930205E-16
959.  8.927697E-16
960.  8.924899E-16
961.  8.921819E-16
962.  8.918465E-16
963.  8.914846E-16
964.  8.910971E-16
965.  8.906846E-16
966.  8.902484E-16
967.  8.897888E-16
968.  8.893073E-16
969.  8.888048E-16
970.  8.882820E-16
971.  8.877398E-16
972.  8.871792E-16
973.  8.866013E-16
974.  8.860067E-16
975.  8.853969E-16
976.  8.847726E-16
977.  8.841348E-16
978.  8.834843E-16
979.  8.828224E-16
980.  8.821498E-16
981.  8.814678E-16
982.  8.807773E-16
983.  8.800792E-16
984.  8.793745E-16
985.  8.786644E-16
986.  8.779496E-16
987.  8.772315E-16
988.  8.765106E-16
989.  8.757882E-16
990.  8.750654E-16
991.  8.743431E-16
992.  8.736221E-16
993.  8.729035E-16
994.  8.721883E-16
995.  8.714776E-16
996.  8.707719E-16
997.  8.700729E-16
998.  8.693812E-16
999.  8.686976E-16
1000.  8.680232E-16
1001.  8.673589E-16
1002.  8.667057E-16
1003.  8.660645E-16
1004.  8.654362E-16
1005.  8.648215E-16
1006.  8.642217E-16
1007.  8.636374E-16
1008.  8.630696E-16
1009.  8.625191E-16
1010.  8.619868E-16
1011.  8.614737E-16
1012.  8.609804E-16
1013.  8.605077E-16
1014.  8.600567E-16
1015.  8.596282E-16
1016.  8.592227E-16
1017.  8.588410E-16
1018.  8.584841E-16
1019.  8.581528E-16
1020.  8.578477E-16
1021.  8.575694E-16
1022.  8.573189E-16
1023.  8.570969E-16
1024.  8.569040E-16
1025.  8.567408E-16
1026.  8.566081E-16
1027.  8.565066E-16
1028.  8.564369E-16
1029.  8.563996E-16
1030.  8.563955E-16
1031.  8.564249E-16
1032.  8.564889E-16
1033.  8.565875E-16
1034.  8.567215E-16
1035.  8.568917E-16
1036.  8.570983E-16
1037.  8.573421E-16
1038.  8.576234E-16
1039.  8.579428E-16
1040.  8.583009E-16
1041.  8.586980E-16
1042.  8.591346E-16
1043.  8.596113E-16
1044.  8.601284E-16
1045.  8.606862E-16
1046.  8.612853E-16
1047.  8.619261E-16
1048.  8.626088E-16
1049.  8.633341E-16
1050.  8.641019E-16
1051.  8.649128E-16
1052.  8.657669E-16
1053.  8.666647E-16
1054.  8.676065E-16
1055.  8.685925E-16
1056.  8.696229E-16
1057.  8.706979E-16
1058.  8.718180E-16
1059.  8.729831E-16
1060.  8.741934E-16
1061.  8.754491E-16
1062.  8.767507E-16
1063.  8.780977E-16
1064.  8.794909E-16
1065.  8.809298E-16
1066.  8.824148E-16
1067.  8.839460E-16
1068.  8.855233E-16
1069.  8.871468E-16
1070.  8.888164E-16
1071.  8.905323E-16
1072.  8.922944E-16
1073.  8.941026E-16
1074.  8.959569E-16
1075.  8.978573E-16
1076.  8.998033E-16
1077.  9.017953E-16
1078.  9.038331E-16
1079.  9.059161E-16
1080.  9.080445E-16
1081.  9.102182E-16
1082.  9.124366E-16
1083.  9.146997E-16
1084.  9.170074E-16
1085.  9.193592E-16
1086.  9.217547E-16
1087.  9.241940E-16
1088.  9.266765E-16
1089.  9.292017E-16
1090.  9.317697E-16
1091.  9.343796E-16
1092.  9.370313E-16
1093.  9.397242E-16
1094.  9.424581E-16
1095.  9.452322E-16
1096.  9.480461E-16
1097.  9.508994E-16
1098.  9.537915E-16
1099.  9.567220E-16
1100.  9.596902E-16
1101.  9.626955E-16
1102.  9.657373E-16
1103.  9.688149E-16
1104.  9.719277E-16
1105.  9.750753E-16
1106.  9.782564E-16
1107.  9.814708E-16
1108.  9.847177E-16
1109.  9.879962E-16
1110.  9.913057E-16
1111.  9.946453E-16
1112.  9.980141E-16
1113.  1.001411E-15
1114.  1.004837E-15
1115.  1.008289E-15
1116.  1.011766E-15
1117.  1.015269E-15
1118.  1.018796E-15
1119.  1.022347E-15
1120.  1.025919E-15
1121.  1.029513E-15
1122.  1.033128E-15
1123.  1.036762E-15
1124.  1.040414E-15
1125.  1.044084E-15
1126.  1.047770E-15
1127.  1.051471E-15
1128.  1.055187E-15
1129.  1.058916E-15
1130.  1.062657E-15
1131.  1.066409E-15
1132.  1.070171E-15
1133.  1.073943E-15
1134.  1.077722E-15
1135.  1.081507E-15
1136.  1.085299E-15
1137.  1.089094E-15
1138.  1.092893E-15
1139.  1.096695E-15
1140.  1.100497E-15
1141.  1.104299E-15
1142.  1.108100E-15
1143.  1.111898E-15
1144.  1.115693E-15
1145.  1.119483E-15
1146.  1.123267E-15
1147.  1.127043E-15
1148.  1.130812E-15
1149.  1.134571E-15
1150.  1.138320E-15
1151.  1.142056E-15
1152.  1.145780E-15
1153.  1.149490E-15
1154.  1.153184E-15
1155.  1.156862E-15
1156.  1.160522E-15
1157.  1.164164E-15
1158.  1.167786E-15
1159.  1.171387E-15
1160.  1.174966E-15
1161.  1.178522E-15
1162.  1.182053E-15
1163.  1.185560E-15
1164.  1.189040E-15
1165.  1.192492E-15
1166.  1.195916E-15
1167.  1.199311E-15
1168.  1.202675E-15
1169.  1.206008E-15
1170.  1.209308E-15
1171.  1.212575E-15
1172.  1.215807E-15
1173.  1.219004E-15
1174.  1.222165E-15
1175.  1.225289E-15
1176.  1.228374E-15
1177.  1.231422E-15
1178.  1.234429E-15
1179.  1.237396E-15
1180.  1.240322E-15
1181.  1.243205E-15
1182.  1.246047E-15
1183.  1.248844E-15
1184.  1.251598E-15
1185.  1.254307E-15
1186.  1.256970E-15
1187.  1.259588E-15
1188.  1.262159E-15
1189.  1.264682E-15
1190.  1.267159E-15
1191.  1.269587E-15
1192.  1.271966E-15
1193.  1.274297E-15
1194.  1.276578E-15
1195.  1.278809E-15
1196.  1.280990E-15
1197.  1.283121E-15
1198.  1.285200E-15
1199.  1.287229E-15
1200.  1.289207E-15
1201.  1.291133E-15
1202.  1.293008E-15
1203.  1.294830E-15
1204.  1.296601E-15
1205.  1.298320E-15
1206.  1.299988E-15
1207.  1.301603E-15
1208.  1.303166E-15
1209.  1.304677E-15
1210.  1.306137E-15
1211.  1.307545E-15
1212.  1.308901E-15
1213.  1.310206E-15
1214.  1.311460E-15
1215.  1.312662E-15
1216.  1.313815E-15
1217.  1.314917E-15
1218.  1.315968E-15
1219.  1.316971E-15
1220.  1.317924E-15
1221.  1.318828E-15
1222.  1.319683E-15
1223.  1.320491E-15
1224.  1.321251E-15
1225.  1.321965E-15
1226.  1.322632E-15
1227.  1.323253E-15
1228.  1.323828E-15
1229.  1.324360E-15
1230.  1.324847E-15
1231.  1.325291E-15
1232.  1.325693E-15
1233.  1.326052E-15
1234.  1.326370E-15
1235.  1.326648E-15
1236.  1.326887E-15
1237.  1.327086E-15
1238.  1.327248E-15
1239.  1.327372E-15
1240.  1.327460E-15
1241.  1.327513E-15
1242.  1.327531E-15
1243.  1.327516E-15
1244.  1.327467E-15
1245.  1.327387E-15
1246.  1.327276E-15
1247.  1.327135E-15
1248.  1.326964E-15
1249.  1.326766E-15
1250.  1.326541E-15
1251.  1.326289E-15
1252.  1.326013E-15
1253.  1.325712E-15
1254.  1.325388E-15
1255.  1.325043E-15
1256.  1.324676E-15
1257.  1.324289E-15
1258.  1.323883E-15
1259.  1.323458E-15
1260.  1.323017E-15
1261.  1.322560E-15
1262.  1.322088E-15
1263.  1.321602E-15
1264.  1.321103E-15
1265.  1.320592E-15
1266.  1.320070E-15
1267.  1.319539E-15
1268.  1.318998E-15
1269.  1.318449E-15
1270.  1.317893E-15
1271.  1.317332E-15
1272.  1.316765E-15
1273.  1.316195E-15
1274.  1.315621E-15
1275.  1.315046E-15
1276.  1.314469E-15
1277.  1.313892E-15
1278.  1.313315E-15
1279.  1.312741E-15
1280.  1.312168E-15
1281.  1.311599E-15
1282.  1.311034E-15
1283.  1.310475E-15
1284.  1.309921E-15
1285.  1.309374E-15
1286.  1.308835E-15
1287.  1.308303E-15
1288.  1.307782E-15
1289.  1.307270E-15
1290.  1.306769E-15
1291.  1.306279E-15
1292.  1.305801E-15
1293.  1.305337E-15
1294.  1.304886E-15
1295.  1.304449E-15
1296.  1.304028E-15
1297.  1.303622E-15
1298.  1.303232E-15
1299.  1.302859E-15
1300.  1.302504E-15
1301.  1.302167E-15
1302.  1.301848E-15
1303.  1.301549E-15
1304.  1.301270E-15
1305.  1.301011E-15
1306.  1.300773E-15
1307.  1.300556E-15
1308.  1.300361E-15
1309.  1.300189E-15
1310.  1.300039E-15
1311.  1.299913E-15
1312.  1.299811E-15
1313.  1.299733E-15
1314.  1.299680E-15
1315.  1.299652E-15
1316.  1.299649E-15
1317.  1.299672E-15
1318.  1.299721E-15
1319.  1.299797E-15
1320.  1.299900E-15
1321.  1.300030E-15
1322.  1.300188E-15
1323.  1.300375E-15
1324.  1.300589E-15
1325.  1.300832E-15
1326.  1.301104E-15
1327.  1.301406E-15
1328.  1.301737E-15
1329.  1.302098E-15
1330.  1.302489E-15
1331.  1.302911E-15
1332.  1.303364E-15
1333.  1.303847E-15
1334.  1.304362E-15
1335.  1.304908E-15
1336.  1.305487E-15
1337.  1.306098E-15
1338.  1.306740E-15
1339.  1.307416E-15
1340.  1.308125E-15
1341.  1.308866E-15
1342.  1.309641E-15
1343.  1.310450E-15
1344.  1.311293E-15
1345.  1.312170E-15
1346.  1.313081E-15
1347.  1.314027E-15
1348.  1.315008E-15
1349.  1.316024E-15
1350.  1.317075E-15
1351.  1.318163E-15
1352.  1.319286E-15
1353.  1.320445E-15
1354.  1.321641E-15
1355.  1.322873E-15
1356.  1.324142E-15
1357.  1.325449E-15
1358.  1.326792E-15
1359.  1.328174E-15
1360.  1.329594E-15
1361.  1.331051E-15
1362.  1.332547E-15
1363.  1.334082E-15
1364.  1.335655E-15
1365.  1.337268E-15
1366.  1.338920E-15
1367.  1.340612E-15
1368.  1.342344E-15
1369.  1.344116E-15
1370.  1.345929E-15
1371.  1.347781E-15
1372.  1.349676E-15
1373.  1.351610E-15
1374.  1.353587E-15
1375.  1.355605E-15
1376.  1.357665E-15
1377.  1.359766E-15
1378.  1.361911E-15
1379.  1.364097E-15
1380.  1.366326E-15
1381.  1.368598E-15
1382.  1.370913E-15
1383.  1.373272E-15
1384.  1.375673E-15
1385.  1.378119E-15
1386.  1.380607E-15
1387.  1.383140E-15
1388.  1.385717E-15
1389.  1.388338E-15
1390.  1.391003E-15
1391.  1.393713E-15
1392.  1.396467E-15
1393.  1.399265E-15
1394.  1.402108E-15
1395.  1.404996E-15
1396.  1.407929E-15
1397.  1.410906E-15
1398.  1.413928E-15
1399.  1.416995E-15
1400.  1.420106E-15
1401.  1.423262E-15
1402.  1.426463E-15
1403.  1.429708E-15
1404.  1.432997E-15
1405.  1.436331E-15
1406.  1.439710E-15
1407.  1.443132E-15
1408.  1.446598E-15
1409.  1.450107E-15
1410.  1.453660E-15
1411.  1.457257E-15
1412.  1.460896E-15
1413.  1.464578E-15
1414.  1.468302E-15
1415.  1.472069E-15
1416.  1.475877E-15
1417.  1.479726E-15
1418.  1.483617E-15
1419.  1.487548E-15
1420.  1.491519E-15
1421.  1.495529E-15
1422.  1.499579E-15
1423.  1.503667E-15
1424.  1.507793E-15
1425.  1.511957E-15
1426.  1.516158E-15
1427.  1.520395E-15
1428.  1.524667E-15
1429.  1.528975E-15
1430.  1.533316E-15
1431.  1.537691E-15
1432.  1.542099E-15
1433.  1.546539E-15
1434.  1.551010E-15
1435.  1.555512E-15
1436.  1.560043E-15
1437.  1.564603E-15
1438.  1.569190E-15
1439.  1.573805E-15
1440.  1.578445E-15
1441.  1.583110E-15
1442.  1.587799E-15
1443.  1.592511E-15
1444.  1.597245E-15
1445.  1.602000E-15
1446.  1.606775E-15
1447.  1.611568E-15
1448.  1.616379E-15
1449.  1.621206E-15
1450.  1.626048E-15
1451.  1.630905E-15
1452.  1.635774E-15
1453.  1.640655E-15
1454.  1.645546E-15
1455.  1.650447E-15
1456.  1.655355E-15
1457.  1.660270E-15
1458.  1.665190E-15
1459.  1.670115E-15
1460.  1.675041E-15
1461.  1.679970E-15
1462.  1.684898E-15
1463.  1.689824E-15
1464.  1.694748E-15
1465.  1.699668E-15
1466.  1.704582E-15
1467.  1.709489E-15
1468.  1.714388E-15
1469.  1.719277E-15
1470.  1.724155E-15
1471.  1.729020E-15
1472.  1.733871E-15
1473.  1.738706E-15
1474.  1.743524E-15
1475.  1.748324E-15
1476.  1.753105E-15
1477.  1.757863E-15
1478.  1.762599E-15
1479.  1.767311E-15
1480.  1.771997E-15
1481.  1.776656E-15
1482.  1.781286E-15
1483.  1.785886E-15
1484.  1.790455E-15
1485.  1.794991E-15
1486.  1.799493E-15
1487.  1.803959E-15
1488.  1.808388E-15
1489.  1.812778E-15
1490.  1.817128E-15
1491.  1.821438E-15
1492.  1.825704E-15
1493.  1.829927E-15
1494.  1.834104E-15
1495.  1.838234E-15
1496.  1.842317E-15
1497.  1.846350E-15
1498.  1.850332E-15
1499.  1.854263E-15
1500.  1.858140E-15
1501.  1.861963E-15
1502.  1.865731E-15
1503.  1.869442E-15
1504.  1.873094E-15
1505.  1.876688E-15
1506.  1.880221E-15
1507.  1.883692E-15
1508.  1.887101E-15
1509.  1.890446E-15
1510.  1.893727E-15
1511.  1.896941E-15
1512.  1.900089E-15
1513.  1.903169E-15
1514.  1.906180E-15
1515.  1.909121E-15
1516.  1.911991E-15
1517.  1.914790E-15
1518.  1.917516E-15
1519.  1.920168E-15
1520.  1.922746E-15
1521.  1.925249E-15
1522.  1.927676E-15
1523.  1.930026E-15
1524.  1.932299E-15
1525.  1.934493E-15
1526.  1.936608E-15
1527.  1.938644E-15
1528.  1.940599E-15
1529.  1.942473E-15
1530.  1.944266E-15
1531.  1.945976E-15
1532.  1.947604E-15
1533.  1.949149E-15
1534.  1.950609E-15
1535.  1.951986E-15
1536.  1.953277E-15
1537.  1.954483E-15
1538.  1.955604E-15
1539.  1.956638E-15
1540.  1.957587E-15
1541.  1.958448E-15
1542.  1.959222E-15
1543.  1.959909E-15
1544.  1.960508E-15
1545.  1.961019E-15
1546.  1.961442E-15
1547.  1.961776E-15
1548.  1.962022E-15
1549.  1.962178E-15
1550.  1.962246E-15
1551.  1.962225E-15
1552.  1.962114E-15
1553.  1.961914E-15
1554.  1.961624E-15
1555.  1.961245E-15
1556.  1.960776E-15
1557.  1.960218E-15
1558.  1.959570E-15
1559.  1.958832E-15
1560.  1.958005E-15
1561.  1.957088E-15
1562.  1.956082E-15
1563.  1.954986E-15
1564.  1.953801E-15
1565.  1.952526E-15
1566.  1.951162E-15
1567.  1.949710E-15
1568.  1.948169E-15
1569.  1.946539E-15
1570.  1.944820E-15
1571.  1.943013E-15
1572.  1.941118E-15
1573.  1.939135E-15
1574.  1.937064E-15
1575.  1.934905E-15
1576.  1.932660E-15
1577.  1.930327E-15
1578.  1.927908E-15
1579.  1.925402E-15
1580.  1.922810E-15
1581.  1.920132E-15
1582.  1.917369E-15
1583.  1.914520E-15
1584.  1.911586E-15
1585.  1.908568E-15
1586.  1.905465E-15
1587.  1.902278E-15
1588.  1.899008E-15
1589.  1.895654E-15
1590.  1.892218E-15
1591.  1.888699E-15
1592.  1.885098E-15
1593.  1.881415E-15
1594.  1.877651E-15
1595.  1.873805E-15
1596.  1.869880E-15
1597.  1.865874E-15
1598.  1.861788E-15
1599.  1.857624E-15
1600.  1.853380E-15
1601.  1.849057E-15
1602.  1.844657E-15
1603.  1.840179E-15
1604.  1.835624E-15
1605.  1.830992E-15
1606.  1.826284E-15
1607.  1.821501E-15
1608.  1.816642E-15
1609.  1.811708E-15
1610.  1.806700E-15
1611.  1.801618E-15
1612.  1.796463E-15
1613.  1.791235E-15
1614.  1.785935E-15
1615.  1.780563E-15
1616.  1.775119E-15
1617.  1.769605E-15
1618.  1.764021E-15
1619.  1.758367E-15
1620.  1.752644E-15
1621.  1.746852E-15
1622.  1.740993E-15
1623.  1.735065E-15
1624.  1.729071E-15
1625.  1.723011E-15
1626.  1.716885E-15
1627.  1.710693E-15
1628.  1.704438E-15
1629.  1.698118E-15
1630.  1.691735E-15
1631.  1.685290E-15
1632.  1.678782E-15
1633.  1.672214E-15
1634.  1.665584E-15
1635.  1.658895E-15
1636.  1.652146E-15
1637.  1.645338E-15
1638.  1.638473E-15
1639.  1.631551E-15
1640.  1.624571E-15
1641.  1.617536E-15
1642.  1.610446E-15
1643.  1.603302E-15
1644.  1.596105E-15
1645.  1.588854E-15
1646.  1.581552E-15
1647.  1.574198E-15
1648.  1.566794E-15
1649.  1.559341E-15
1650.  1.551839E-15
1651.  1.544289E-15
1652.  1.536692E-15
1653.  1.529049E-15
1654.  1.521361E-15
1655.  1.513628E-15
1656.  1.505853E-15
1657.  1.498034E-15
1658.  1.490174E-15
1659.  1.482274E-15
1660.  1.474334E-15
1661.  1.466355E-15
1662.  1.458339E-15
1663.  1.450286E-15
1664.  1.442198E-15
1665.  1.434075E-15
1666.  1.425918E-15
1667.  1.417729E-15
1668.  1.409508E-15
1669.  1.401257E-15
1670.  1.392977E-15
1671.  1.384669E-15
1672.  1.376333E-15
1673.  1.367972E-15
1674.  1.359586E-15
1675.  1.351176E-15
1676.  1.342744E-15
1677.  1.334290E-15
1678.  1.325816E-15
1679.  1.317323E-15
1680.  1.308813E-15
1681.  1.300286E-15
1682.  1.291743E-15
1683.  1.283187E-15
1684.  1.274617E-15
1685.  1.266036E-15
1686.  1.257444E-15
1687.  1.248843E-15
1688.  1.240235E-15
1689.  1.231620E-15
1690.  1.222999E-15
1691.  1.214374E-15
1692.  1.205747E-15
1693.  1.197118E-15
1694.  1.188489E-15
1695.  1.179860E-15
1696.  1.171235E-15
1697.  1.162613E-15
1698.  1.153995E-15
1699.  1.145385E-15
1700.  1.136781E-15
1701.  1.128186E-15
1702.  1.119602E-15
1703.  1.111029E-15
1704.  1.102469E-15
1705.  1.093923E-15
1706.  1.085392E-15
1707.  1.076878E-15
1708.  1.068382E-15
1709.  1.059905E-15
1710.  1.051448E-15
1711.  1.043013E-15
1712.  1.034601E-15
1713.  1.026213E-15
1714.  1.017851E-15
1715.  1.009516E-15
1716.  1.001208E-15
1717.  9.929301E-16
1718.  9.846825E-16
1719.  9.764664E-16
1720.  9.682829E-16
1721.  9.601336E-16
1722.  9.520193E-16
1723.  9.439414E-16
1724.  9.359009E-16
1725.  9.278990E-16
1726.  9.199366E-16
1727.  9.120155E-16
1728.  9.041361E-16
1729.  8.962998E-16
1730.  8.885075E-16
1731.  8.807603E-16
1732.  8.730593E-16
1733.  8.654053E-16
1734.  8.577996E-16
1735.  8.502430E-16
1736.  8.427365E-16
1737.  8.352811E-16
1738.  8.278776E-16
1739.  8.205270E-16
1740.  8.132302E-16
1741.  8.059882E-16
1742.  7.988014E-16
1743.  7.916713E-16
1744.  7.845981E-16
1745.  7.775829E-16
1746.  7.706266E-16
1747.  7.637296E-16
1748.  7.568930E-16
1749.  7.501172E-16
1750.  7.434032E-16
1751.  7.367514E-16
1752.  7.301627E-16
1753.  7.236376E-16
1754.  7.171765E-16
1755.  7.107806E-16
1756.  7.044498E-16
1757.  6.981851E-16
1758.  6.919870E-16
1759.  6.858557E-16
1760.  6.797922E-16
1761.  6.737966E-16
1762.  6.678694E-16
1763.  6.620111E-16
1764.  6.562219E-16
1765.  6.505027E-16
1766.  6.448535E-16
1767.  6.392747E-16
1768.  6.337667E-16
1769.  6.283297E-16
1770.  6.229643E-16
1771.  6.176703E-16
1772.  6.124484E-16
1773.  6.072988E-16
1774.  6.022215E-16
1775.  5.972169E-16
1776.  5.922850E-16
1777.  5.874262E-16
1778.  5.826406E-16
1779.  5.779284E-16
1780.  5.732895E-16
1781.  5.687243E-16
1782.  5.642327E-16
1783.  5.598149E-16
1784.  5.554709E-16
1785.  5.512009E-16
1786.  5.470047E-16
1787.  5.428824E-16
1788.  5.388343E-16
1789.  5.348600E-16
1790.  5.309597E-16
1791.  5.271335E-16
1792.  5.233810E-16
1793.  5.197026E-16
1794.  5.160979E-16
1795.  5.125671E-16
1796.  5.091098E-16
1797.  5.057262E-16
1798.  5.024161E-16
1799.  4.991795E-16
1800.  4.960161E-16
1801.  4.929259E-16
1802.  4.899088E-16
1803.  4.869645E-16
1804.  4.840933E-16
1805.  4.812945E-16
1806.  4.785682E-16
1807.  4.759142E-16
1808.  4.733324E-16
1809.  4.708226E-16
1810.  4.683848E-16
1811.  4.660186E-16
1812.  4.637236E-16
1813.  4.615001E-16
1814.  4.593476E-16
1815.  4.572660E-16
1816.  4.552552E-16
1817.  4.533147E-16
1818.  4.514447E-16
1819.  4.496446E-16
1820.  4.479146E-16
1821.  4.462542E-16
1822.  4.446632E-16
1823.  4.431416E-16
1824.  4.416891E-16
1825.  4.403054E-16
1826.  4.389903E-16
1827.  4.377437E-16
1828.  4.365652E-16
1829.  4.354548E-16
1830.  4.344123E-16
1831.  4.334375E-16
1832.  4.325299E-16
1833.  4.316895E-16
1834.  4.309162E-16
1835.  4.302097E-16
1836.  4.295697E-16
1837.  4.289962E-16
1838.  4.284889E-16
1839.  4.280476E-16
1840.  4.276721E-16
1841.  4.273621E-16
1842.  4.271177E-16
1843.  4.269385E-16
1844.  4.268244E-16
1845.  4.267750E-16
1846.  4.267904E-16
1847.  4.268703E-16
1848.  4.270146E-16
1849.  4.272230E-16
1850.  4.274952E-16
1851.  4.278314E-16
1852.  4.282312E-16
1853.  4.286945E-16
1854.  4.292210E-16
1855.  4.298107E-16
1856.  4.304632E-16
1857.  4.311786E-16
1858.  4.319566E-16
1859.  4.327971E-16
1860.  4.336998E-16
1861.  4.346647E-16
1862.  4.356915E-16
1863.  4.367800E-16
1864.  4.379303E-16
1865.  4.391418E-16
1866.  4.404147E-16
1867.  4.417488E-16
1868.  4.431437E-16
1869.  4.445995E-16
1870.  4.461157E-16
1871.  4.476925E-16
1872.  4.493293E-16
1873.  4.510263E-16
1874.  4.527831E-16
1875.  4.545995E-16
1876.  4.564754E-16
1877.  4.584104E-16
1878.  4.604046E-16
1879.  4.624576E-16
1880.  4.645692E-16
1881.  4.667391E-16
1882.  4.689671E-16
1883.  4.712530E-16
1884.  4.735967E-16
1885.  4.759977E-16
1886.  4.784558E-16
1887.  4.809708E-16
1888.  4.835424E-16
1889.  4.861702E-16
1890.  4.888541E-16
1891.  4.915936E-16
1892.  4.943885E-16
1893.  4.972384E-16
1894.  5.001430E-16
1895.  5.031019E-16
1896.  5.061148E-16
1897.  5.091812E-16
1898.  5.123008E-16
1899.  5.154732E-16
1900.  5.186980E-16
1901.  5.219747E-16
1902.  5.253028E-16
1903.  5.286820E-16
1904.  5.321118E-16
1905.  5.355916E-16
1906.  5.391210E-16
1907.  5.426993E-16
1908.  5.463263E-16
1909.  5.500011E-16
1910.  5.537233E-16
1911.  5.574923E-16
1912.  5.613073E-16
1913.  5.651681E-16
1914.  5.690738E-16
1915.  5.730237E-16
1916.  5.770173E-16
1917.  5.810537E-16
1918.  5.851324E-16
1919.  5.892526E-16
1920.  5.934134E-16
1921.  5.976144E-16
1922.  6.018544E-16
1923.  6.061330E-16
1924.  6.104492E-16
1925.  6.148021E-16
1926.  6.191911E-16
1927.  6.236152E-16
1928.  6.280734E-16
1929.  6.325649E-16
1930.  6.370889E-16
1931.  6.416445E-16
1932.  6.462304E-16
1933.  6.508460E-16
1934.  6.554903E-16
1935.  6.601621E-16
1936.  6.648606E-16
1937.  6.695847E-16
1938.  6.743334E-16
1939.  6.791057E-16
1940.  6.839003E-16
1941.  6.887163E-16
1942.  6.935528E-16
1943.  6.984083E-16
1944.  7.032821E-16
1945.  7.081729E-16
1946.  7.130793E-16
1947.  7.180007E-16
1948.  7.229356E-16
1949.  7.278829E-16
1950.  7.328415E-16
1951.  7.378101E-16
1952.  7.427878E-16
1953.  7.477730E-16
1954.  7.527647E-16
1955.  7.577619E-16
1956.  7.627632E-16
1957.  7.677675E-16
1958.  7.727734E-16
1959.  7.777800E-16
1960.  7.827858E-16
1961.  7.877897E-16
1962.  7.927903E-16
1963.  7.977869E-16
1964.  8.027778E-16
1965.  8.077621E-16
1966.  8.127384E-16
1967.  8.177056E-16
1968.  8.226625E-16
1969.  8.276079E-16
1970.  8.325405E-16
1971.  8.374595E-16
1972.  8.423633E-16
1973.  8.472508E-16
1974.  8.521212E-16
1975.  8.569732E-16
1976.  8.618054E-16
1977.  8.666169E-16
1978.  8.714066E-16
1979.  8.761735E-16
1980.  8.809163E-16
1981.  8.856340E-16
1982.  8.903256E-16
1983.  8.949902E-16
1984.  8.996265E-16
1985.  9.042335E-16
1986.  9.088104E-16
1987.  9.133561E-16
1988.  9.178697E-16
1989.  9.223503E-16
1990.  9.267969E-16
1991.  9.312086E-16
1992.  9.355845E-16
1993.  9.399238E-16
1994.  9.442257E-16
1995.  9.484893E-16
1996.  9.527138E-16
1997.  9.568984E-16
1998.  9.610423E-16
1999.  9.651447E-16
2000.  9.692054E-16
2001.  9.732229E-16
2002.  9.771969E-16
2003.  9.811267E-16
2004.  9.850120E-16
2005.  9.888517E-16
2006.  9.926455E-16
2007.  9.963926E-16
2008.  1.000093E-15
2009.  1.003745E-15
2010.  1.007349E-15
2011.  1.010905E-15
2012.  1.014411E-15
2013.  1.017868E-15
2014.  1.021275E-15
2015.  1.024632E-15
2016.  1.027937E-15
2017.  1.031192E-15
2018.  1.034395E-15
2019.  1.037546E-15
2020.  1.040645E-15
2021.  1.043692E-15
2022.  1.046686E-15
2023.  1.049627E-15
2024.  1.052515E-15
2025.  1.055349E-15
2026.  1.058130E-15
2027.  1.060857E-15
2028.  1.063530E-15
2029.  1.066149E-15
2030.  1.068713E-15
2031.  1.071223E-15
2032.  1.073678E-15
2033.  1.076079E-15
2034.  1.078425E-15
2035.  1.080716E-15
2036.  1.082952E-15
2037.  1.085133E-15
2038.  1.087260E-15
2039.  1.089331E-15
2040.  1.091346E-15
2041.  1.093307E-15
2042.  1.095213E-15
2043.  1.097063E-15
2044.  1.098858E-15
2045.  1.100598E-15
2046.  1.102283E-15
2047.  1.103913E-15
2048.  1.105487E-15
2049.  1.107007E-15
2050.  1.108471E-15
2051.  1.109881E-15
2052.  1.111235E-15
2053.  1.112535E-15
2054.  1.113779E-15
2055.  1.114969E-15
2056.  1.116104E-15
2057.  1.117184E-15
2058.  1.118209E-15
2059.  1.119180E-15
2060.  1.120097E-15
2061.  1.120959E-15
2062.  1.121766E-15
2063.  1.122519E-15
2064.  1.123218E-15
2065.  1.123862E-15
2066.  1.124453E-15
2067.  1.124989E-15
2068.  1.125472E-15
2069.  1.125900E-15
2070.  1.126275E-15
2071.  1.126596E-15
2072.  1.126863E-15
2073.  1.127077E-15
2074.  1.127238E-15
2075.  1.127345E-15
2076.  1.127399E-15
2077.  1.127400E-15
2078.  1.127347E-15
2079.  1.127242E-15
2080.  1.127084E-15
2081.  1.126874E-15
2082.  1.126611E-15
2083.  1.126296E-15
2084.  1.125928E-15
2085.  1.125508E-15
2086.  1.125037E-15
2087.  1.124513E-15
2088.  1.123939E-15
2089.  1.123312E-15
2090.  1.122635E-15
2091.  1.121907E-15
2092.  1.121128E-15
2093.  1.120299E-15
2094.  1.119419E-15
2095.  1.118490E-15
2096.  1.117510E-15
2097.  1.116482E-15
2098.  1.115404E-15
2099.  1.114278E-15
2100.  1.113103E-15
2101.  1.111880E-15
2102.  1.110610E-15
2103.  1.109292E-15
2104.  1.107928E-15
2105.  1.106517E-15
2106.  1.105060E-15
2107.  1.103557E-15
2108.  1.102010E-15
2109.  1.100418E-15
2110.  1.098782E-15
2111.  1.097104E-15
2112.  1.095382E-15
2113.  1.093618E-15
2114.  1.091812E-15
2115.  1.089966E-15
2116.  1.088079E-15
2117.  1.086153E-15
2118.  1.084189E-15
2119.  1.082186E-15
2120.  1.080146E-15
2121.  1.078070E-15
2122.  1.075959E-15
2123.  1.073812E-15
2124.  1.071633E-15
2125.  1.069420E-15
2126.  1.067175E-15
2127.  1.064900E-15
2128.  1.062595E-15
2129.  1.060261E-15
2130.  1.057899E-15
2131.  1.055511E-15
2132.  1.053097E-15
2133.  1.050659E-15
2134.  1.048198E-15
2135.  1.045714E-15
2136.  1.043210E-15
2137.  1.040686E-15
2138.  1.038144E-15
2139.  1.035585E-15
2140.  1.033010E-15
2141.  1.030421E-15
2142.  1.027819E-15
2143.  1.025205E-15
2144.  1.022582E-15
2145.  1.019949E-15
2146.  1.017310E-15
2147.  1.014664E-15
2148.  1.012014E-15
2149.  1.009361E-15
2150.  1.006707E-15
2151.  1.004054E-15
2152.  1.001401E-15
2153.  9.987526E-16
2154.  9.961088E-16
2155.  9.934714E-16
2156.  9.908422E-16
2157.  9.882225E-16
2158.  9.856140E-16
2159.  9.830186E-16
2160.  9.804377E-16
2161.  9.778729E-16
2162.  9.753258E-16
2163.  9.727983E-16
2164.  9.702917E-16
2165.  9.678078E-16
2166.  9.653482E-16
2167.  9.629147E-16
2168.  9.605085E-16
2169.  9.581315E-16
2170.  9.557853E-16
2171.  9.534715E-16
2172.  9.511917E-16
2173.  9.489473E-16
2174.  9.467399E-16
2175.  9.445714E-16
2176.  9.424431E-16
2177.  9.403563E-16
2178.  9.383127E-16
2179.  9.363138E-16
2180.  9.343610E-16
2181.  9.324558E-16
2182.  9.305997E-16
2183.  9.287939E-16
2184.  9.270397E-16
2185.  9.253387E-16
2186.  9.236920E-16
2187.  9.221010E-16
2188.  9.205671E-16
2189.  9.190911E-16
2190.  9.176746E-16
2191.  9.163183E-16
2192.  9.150241E-16
2193.  9.137918E-16
2194.  9.126238E-16
2195.  9.115204E-16
2196.  9.104827E-16
2197.  9.095118E-16
2198.  9.086081E-16
2199.  9.077729E-16
2200.  9.070069E-16
2201.  9.063111E-16
2202.  9.056855E-16
2203.  9.051317E-16
2204.  9.046498E-16
2205.  9.042403E-16
2206.  9.039042E-16
2207.  9.036416E-16
2208.  9.034533E-16
2209.  9.033395E-16
2210.  9.033005E-16
2211.  9.033369E-16
2212.  9.034486E-16
2213.  9.036361E-16
2214.  9.038996E-16
2215.  9.042390E-16
2216.  9.046547E-16
2217.  9.051466E-16
2218.  9.057145E-16
2219.  9.063587E-16
2220.  9.070787E-16
2221.  9.078748E-16
2222.  9.087466E-16
2223.  9.096939E-16
2224.  9.107163E-16
2225.  9.118136E-16
2226.  9.129855E-16
2227.  9.142312E-16
2228.  9.155507E-16
2229.  9.169434E-16
2230.  9.184087E-16
2231.  9.199460E-16
2232.  9.215545E-16
2233.  9.232339E-16
2234.  9.249833E-16
2235.  9.268019E-16
2236.  9.286890E-16
2237.  9.306440E-16
2238.  9.326656E-16
2239.  9.347534E-16
2240.  9.369061E-16
2241.  9.391230E-16
2242.  9.414028E-16
2243.  9.437448E-16
2244.  9.461477E-16
2245.  9.486108E-16
2246.  9.511329E-16
2247.  9.537123E-16
2248.  9.563485E-16
2249.  9.590400E-16
2250.  9.617858E-16
2251.  9.645846E-16
2252.  9.674351E-16
2253.  9.703360E-16
2254.  9.732862E-16
2255.  9.762842E-16
2256.  9.793288E-16
2257.  9.824185E-16
2258.  9.855522E-16
2259.  9.887282E-16
2260.  9.919455E-16
2261.  9.952025E-16
2262.  9.984979E-16
2263.  1.001830E-15
2264.  1.005198E-15
2265.  1.008600E-15
2266.  1.012035E-15
2267.  1.015501E-15
2268.  1.018997E-15
2269.  1.022521E-15
2270.  1.026072E-15
2271.  1.029649E-15
2272.  1.033250E-15
2273.  1.036874E-15
2274.  1.040520E-15
2275.  1.044185E-15
2276.  1.047868E-15
2277.  1.051569E-15
2278.  1.055286E-15
2279.  1.059017E-15
2280.  1.062761E-15
2281.  1.066517E-15
2282.  1.070283E-15
2283.  1.074058E-15
2284.  1.077840E-15
2285.  1.081629E-15
2286.  1.085423E-15
2287.  1.089221E-15
2288.  1.093022E-15
2289.  1.096823E-15
2290.  1.100625E-15
2291.  1.104426E-15
2292.  1.108224E-15
2293.  1.112019E-15
2294.  1.115809E-15
2295.  1.119594E-15
2296.  1.123372E-15
2297.  1.127141E-15
2298.  1.130902E-15
2299.  1.134653E-15
2300.  1.138393E-15
2301.  1.142120E-15
2302.  1.145835E-15
2303.  1.149535E-15
2304.  1.153221E-15
2305.  1.156891E-15
2306.  1.160544E-15
2307.  1.164179E-15
2308.  1.167797E-15
2309.  1.171395E-15
2310.  1.174973E-15
2311.  1.178530E-15
2312.  1.182065E-15
2313.  1.185579E-15
2314.  1.189069E-15
2315.  1.192536E-15
2316.  1.195979E-15
2317.  1.199396E-15
2318.  1.202788E-15
2319.  1.206154E-15
2320.  1.209493E-15
2321.  1.212805E-15
2322.  1.216089E-15
2323.  1.219345E-15
2324.  1.222572E-15
2325.  1.225769E-15
2326.  1.228937E-15
2327.  1.232075E-15
2328.  1.235182E-15
2329.  1.238258E-15
2330.  1.241302E-15
2331.  1.244315E-15
2332.  1.247296E-15
2333.  1.250244E-15
2334.  1.253159E-15
2335.  1.256041E-15
2336.  1.258890E-15
2337.  1.261705E-15
2338.  1.264486E-15
2339.  1.267232E-15
2340.  1.269944E-15
2341.  1.272621E-15
2342.  1.275264E-15
2343.  1.277870E-15
2344.  1.280442E-15
2345.  1.282977E-15
2346.  1.285476E-15
2347.  1.287940E-15
2348.  1.290367E-15
2349.  1.292757E-15
2350.  1.295111E-15
2351.  1.297427E-15
2352.  1.299707E-15
2353.  1.301949E-15
2354.  1.304154E-15
2355.  1.306321E-15
2356.  1.308450E-15
2357.  1.310541E-15
2358.  1.312594E-15
2359.  1.314608E-15
2360.  1.316584E-15
2361.  1.318520E-15
2362.  1.320418E-15
2363.  1.322277E-15
2364.  1.324097E-15
2365.  1.325877E-15
2366.  1.327617E-15
2367.  1.329317E-15
2368.  1.330977E-15
2369.  1.332596E-15
2370.  1.334176E-15
2371.  1.335714E-15
2372.  1.337211E-15
2373.  1.338667E-15
2374.  1.340081E-15
2375.  1.341454E-15
2376.  1.342784E-15
2377.  1.344073E-15
2378.  1.345319E-15
2379.  1.346522E-15
2380.  1.347682E-15
2381.  1.348798E-15
2382.  1.349871E-15
2383.  1.350900E-15
2384.  1.351885E-15
2385.  1.352825E-15
2386.  1.353721E-15
2387.  1.354571E-15
2388.  1.355376E-15
2389.  1.356135E-15
2390.  1.356848E-15
2391.  1.357514E-15
2392.  1.358134E-15
2393.  1.358706E-15
2394.  1.359231E-15
2395.  1.359708E-15
2396.  1.360137E-15
2397.  1.360517E-15
2398.  1.360849E-15
2399.  1.361131E-15
2400.  1.361363E-15
2401.  1.361545E-15
2402.  1.361677E-15
2403.  1.361758E-15
2404.  1.361788E-15
2405.  1.361766E-15
2406.  1.361692E-15
2407.  1.361566E-15
2408.  1.361388E-15
2409.  1.361156E-15
2410.  1.360871E-15
2411.  1.360533E-15
2412.  1.360140E-15
2413.  1.359692E-15
2414.  1.359190E-15
2415.  1.358633E-15
2416.  1.358020E-15
2417.  1.357352E-15
2418.  1.356627E-15
2419.  1.355846E-15
2420.  1.355008E-15
2421.  1.354113E-15
2422.  1.353161E-15
2423.  1.352151E-15
2424.  1.351083E-15
2425.  1.349957E-15
2426.  1.348773E-15
2427.  1.347530E-15
2428.  1.346228E-15
2429.  1.344867E-15
2430.  1.343447E-15
2431.  1.341967E-15
2432.  1.340428E-15
2433.  1.338829E-15
2434.  1.337170E-15
2435.  1.335452E-15
2436.  1.333673E-15
2437.  1.331833E-15
2438.  1.329934E-15
2439.  1.327974E-15
2440.  1.325954E-15
2441.  1.323874E-15
2442.  1.321732E-15
2443.  1.319531E-15
2444.  1.317270E-15
2445.  1.314948E-15
2446.  1.312566E-15
2447.  1.310124E-15
2448.  1.307622E-15
2449.  1.305060E-15
2450.  1.302438E-15
2451.  1.299757E-15
2452.  1.297017E-15
2453.  1.294218E-15
2454.  1.291360E-15
2455.  1.288443E-15
2456.  1.285468E-15
2457.  1.282435E-15
2458.  1.279345E-15
2459.  1.276197E-15
2460.  1.272993E-15
2461.  1.269732E-15
2462.  1.266415E-15
2463.  1.263042E-15
2464.  1.259614E-15
2465.  1.256131E-15
2466.  1.252595E-15
2467.  1.249004E-15
2468.  1.245360E-15
2469.  1.241664E-15
2470.  1.237916E-15
2471.  1.234117E-15
2472.  1.230266E-15
2473.  1.226366E-15
2474.  1.222416E-15
2475.  1.218417E-15
2476.  1.214370E-15
2477.  1.210276E-15
2478.  1.206135E-15
2479.  1.201948E-15
2480.  1.197716E-15
2481.  1.193440E-15
2482.  1.189120E-15
2483.  1.184758E-15
2484.  1.180353E-15
2485.  1.175908E-15
2486.  1.171422E-15
2487.  1.166897E-15
2488.  1.162333E-15
2489.  1.157732E-15
2490.  1.153094E-15
2491.  1.148420E-15
2492.  1.143712E-15
2493.  1.138969E-15
2494.  1.134194E-15
2495.  1.129387E-15
2496.  1.124548E-15
2497.  1.119680E-15
2498.  1.114782E-15
2499.  1.109857E-15
2500.  1.104904E-15
2501.  1.099925E-15
2502.  1.094922E-15
2503.  1.089894E-15
2504.  1.084843E-15
2505.  1.079770E-15
2506.  1.074676E-15
2507.  1.069562E-15
2508.  1.064430E-15
2509.  1.059279E-15
2510.  1.054111E-15
2511.  1.048927E-15
2512.  1.043729E-15
2513.  1.038517E-15
2514.  1.033292E-15
2515.  1.028055E-15
2516.  1.022808E-15
2517.  1.017550E-15
2518.  1.012284E-15
2519.  1.007011E-15
2520.  1.001730E-15
2521.  9.964441E-16
2522.  9.911531E-16
2523.  9.858584E-16
2524.  9.805609E-16
2525.  9.752619E-16
2526.  9.699618E-16
2527.  9.646620E-16
2528.  9.593633E-16
2529.  9.540666E-16
2530.  9.487727E-16
2531.  9.434829E-16
2532.  9.381978E-16
2533.  9.329185E-16
2534.  9.276456E-16
2535.  9.223801E-16
2536.  9.171232E-16
2537.  9.118753E-16
2538.  9.066375E-16
2539.  9.014106E-16
2540.  8.961952E-16
2541.  8.909925E-16
2542.  8.858029E-16
2543.  8.806275E-16
2544.  8.754669E-16
2545.  8.703219E-16
2546.  8.651932E-16
2547.  8.600816E-16
2548.  8.549876E-16
2549.  8.499122E-16
2550.  8.448559E-16
2551.  8.398193E-16
2552.  8.348033E-16
2553.  8.298083E-16
2554.  8.248350E-16
2555.  8.198838E-16
2556.  8.149558E-16
2557.  8.100511E-16
2558.  8.051704E-16
2559.  8.003144E-16
2560.  7.954834E-16
2561.  7.906779E-16
2562.  7.858986E-16
2563.  7.811456E-16
2564.  7.764199E-16
2565.  7.717214E-16
2566.  7.670509E-16
2567.  7.624085E-16
2568.  7.577951E-16
2569.  7.532104E-16
2570.  7.486553E-16
2571.  7.441298E-16
2572.  7.396344E-16
2573.  7.351694E-16
2574.  7.307349E-16
2575.  7.263315E-16
2576.  7.219592E-16
2577.  7.176183E-16
2578.  7.133091E-16
2579.  7.090317E-16
2580.  7.047863E-16
2581.  7.005731E-16
2582.  6.963922E-16
2583.  6.922439E-16
2584.  6.881282E-16
2585.  6.840450E-16
2586.  6.799947E-16
2587.  6.759774E-16
2588.  6.719930E-16
2589.  6.680415E-16
2590.  6.641230E-16
2591.  6.602374E-16
2592.  6.563850E-16
2593.  6.525653E-16
2594.  6.487785E-16
2595.  6.450249E-16
2596.  6.413037E-16
2597.  6.376151E-16
2598.  6.339593E-16
2599.  6.303359E-16
2600.  6.267448E-16
2601.  6.231859E-16
2602.  6.196588E-16
2603.  6.161636E-16
2604.  6.127000E-16
2605.  6.092677E-16
2606.  6.058667E-16
2607.  6.024966E-16
2608.  5.991571E-16
2609.  5.958479E-16
2610.  5.925688E-16
2611.  5.893196E-16
2612.  5.860998E-16
2613.  5.829091E-16
2614.  5.797473E-16
2615.  5.766140E-16
2616.  5.735087E-16
2617.  5.704311E-16
2618.  5.673806E-16
2619.  5.643573E-16
2620.  5.613605E-16
2621.  5.583895E-16
2622.  5.554442E-16
2623.  5.525243E-16
2624.  5.496289E-16
2625.  5.467578E-16
2626.  5.439105E-16
2627.  5.410863E-16
2628.  5.382851E-16
2629.  5.355060E-16
2630.  5.327488E-16
2631.  5.300127E-16
2632.  5.272974E-16
2633.  5.246020E-16
2634.  5.219264E-16
2635.  5.192698E-16
2636.  5.166318E-16
2637.  5.140115E-16
2638.  5.114086E-16
2639.  5.088225E-16
2640.  5.062526E-16
2641.  5.036983E-16
2642.  5.011590E-16
2643.  4.986341E-16
2644.  4.961231E-16
2645.  4.936251E-16
2646.  4.911400E-16
2647.  4.886668E-16
2648.  4.862051E-16
2649.  4.837541E-16
2650.  4.813133E-16
2651.  4.788824E-16
2652.  4.764603E-16
2653.  4.740466E-16
2654.  4.716409E-16
2655.  4.692425E-16
2656.  4.668507E-16
2657.  4.644650E-16
2658.  4.620850E-16
2659.  4.597097E-16
2660.  4.573389E-16
2661.  4.549719E-16
2662.  4.526082E-16
2663.  4.502474E-16
2664.  4.478886E-16
2665.  4.455315E-16
2666.  4.431756E-16
2667.  4.408205E-16
2668.  4.384654E-16
2669.  4.361101E-16
2670.  4.337539E-16
2671.  4.313966E-16
2672.  4.290375E-16
2673.  4.266763E-16
2674.  4.243125E-16
2675.  4.219457E-16
2676.  4.195756E-16
2677.  4.172018E-16
2678.  4.148238E-16
2679.  4.124414E-16
2680.  4.100540E-16
2681.  4.076618E-16
2682.  4.052641E-16
2683.  4.028605E-16
2684.  4.004511E-16
2685.  3.980354E-16
2686.  3.956133E-16
2687.  3.931846E-16
2688.  3.907488E-16
2689.  3.883063E-16
2690.  3.858564E-16
2691.  3.833991E-16
2692.  3.809344E-16
2693.  3.784621E-16
2694.  3.759821E-16
2695.  3.734946E-16
2696.  3.709992E-16
2697.  3.684961E-16
2698.  3.659851E-16
2699.  3.634664E-16
2700.  3.609400E-16
2701.  3.584057E-16
2702.  3.558640E-16
2703.  3.533147E-16
2704.  3.507580E-16
2705.  3.481940E-16
2706.  3.456230E-16
2707.  3.430449E-16
2708.  3.404600E-16
2709.  3.378686E-16
2710.  3.352709E-16
2711.  3.326670E-16
2712.  3.300574E-16
2713.  3.274421E-16
2714.  3.248215E-16
2715.  3.221960E-16
2716.  3.195658E-16
2717.  3.169313E-16
2718.  3.142929E-16
2719.  3.116508E-16
2720.  3.090057E-16
2721.  3.063577E-16
2722.  3.037073E-16
2723.  3.010550E-16
2724.  2.984011E-16
2725.  2.957462E-16
2726.  2.930907E-16
2727.  2.904351E-16
2728.  2.877797E-16
2729.  2.851253E-16
2730.  2.824719E-16
2731.  2.798207E-16
2732.  2.771718E-16
2733.  2.745257E-16
2734.  2.718830E-16
2735.  2.692443E-16
2736.  2.666101E-16
2737.  2.639808E-16
2738.  2.613572E-16
2739.  2.587397E-16
2740.  2.561288E-16
2741.  2.535252E-16
2742.  2.509294E-16
2743.  2.483419E-16
2744.  2.457633E-16
2745.  2.431943E-16
2746.  2.406351E-16
2747.  2.380865E-16
2748.  2.355491E-16
2749.  2.330233E-16
2750.  2.305096E-16
2751.  2.280087E-16
2752.  2.255210E-16
2753.  2.230472E-16
2754.  2.205876E-16
2755.  2.181428E-16
2756.  2.157133E-16
2757.  2.132996E-16
2758.  2.109021E-16
2759.  2.085214E-16
2760.  2.061579E-16
2761.  2.038121E-16
2762.  2.014843E-16
2763.  1.991750E-16
2764.  1.968848E-16
2765.  1.946139E-16
2766.  1.923627E-16
2767.  1.901317E-16
2768.  1.879209E-16
2769.  1.857312E-16
2770.  1.835626E-16
2771.  1.814153E-16
2772.  1.792900E-16
2773.  1.771866E-16
2774.  1.751057E-16
2775.  1.730473E-16
2776.  1.710118E-16
2777.  1.689993E-16
2778.  1.670100E-16
2779.  1.650443E-16
2780.  1.631021E-16
2781.  1.611838E-16
2782.  1.592893E-16
2783.  1.574189E-16
2784.  1.555727E-16
2785.  1.537508E-16
2786.  1.519531E-16
2787.  1.501798E-16
2788.  1.484309E-16
2789.  1.467064E-16
2790.  1.450063E-16
2791.  1.433306E-16
2792.  1.416793E-16
2793.  1.400522E-16
2794.  1.384495E-16
2795.  1.368709E-16
2796.  1.353165E-16
2797.  1.337860E-16
2798.  1.322792E-16
2799.  1.307964E-16
2800.  1.293369E-16
2801.  1.279009E-16
2802.  1.264880E-16
2803.  1.250980E-16
2804.  1.237309E-16
2805.  1.223863E-16
2806.  1.210641E-16
2807.  1.197638E-16
2808.  1.184854E-16
2809.  1.172284E-16
2810.  1.159927E-16
2811.  1.147778E-16
2812.  1.135837E-16
2813.  1.124097E-16
2814.  1.112558E-16
2815.  1.101215E-16
2816.  1.090064E-16
2817.  1.079105E-16
2818.  1.068330E-16
2819.  1.057737E-16
2820.  1.047323E-16
2821.  1.037083E-16
2822.  1.027014E-16
2823.  1.017112E-16
2824.  1.007374E-16
2825.  9.977942E-17
2826.  9.883694E-17
2827.  9.790962E-17
2828.  9.699704E-17
2829.  9.609865E-17
2830.  9.521418E-17
2831.  9.434322E-17
2832.  9.348535E-17
2833.  9.264017E-17
2834.  9.180724E-17
2835.  9.098616E-17
2836.  9.017652E-17
2837.  8.937790E-17
2838.  8.858995E-17
2839.  8.781228E-17
2840.  8.704450E-17
2841.  8.628612E-17
2842.  8.553684E-17
2843.  8.479624E-17
2844.  8.406405E-17
2845.  8.333984E-17
2846.  8.262317E-17
2847.  8.191377E-17
2848.  8.121120E-17
2849.  8.051523E-17
2850.  7.982538E-17
2851.  7.914154E-17
2852.  7.846313E-17
2853.  7.778997E-17
2854.  7.712182E-17
2855.  7.645824E-17
2856.  7.579903E-17
2857.  7.514381E-17
2858.  7.449248E-17
2859.  7.384462E-17
2860.  7.320007E-17
2861.  7.255848E-17
2862.  7.191975E-17
2863.  7.128354E-17
2864.  7.064968E-17
2865.  7.001798E-17
2866.  6.938821E-17
2867.  6.876018E-17
2868.  6.813380E-17
2869.  6.750875E-17
2870.  6.688510E-17
2871.  6.626246E-17
2872.  6.564088E-17
2873.  6.502008E-17
2874.  6.440003E-17
2875.  6.378071E-17
2876.  6.316186E-17
2877.  6.254356E-17
2878.  6.192548E-17
2879.  6.130790E-17
2880.  6.069039E-17
2881.  6.007323E-17
2882.  5.945633E-17
2883.  5.883939E-17
2884.  5.822270E-17
2885.  5.760605E-17
2886.  5.698963E-17
2887.  5.637327E-17
2888.  5.575711E-17
2889.  5.514098E-17
2890.  5.452505E-17
2891.  5.390951E-17
2892.  5.329418E-17
2893.  5.267910E-17
2894.  5.206447E-17
2895.  5.145029E-17
2896.  5.083659E-17
2897.  5.022361E-17
2898.  4.961125E-17
2899.  4.899972E-17
2900.  4.838905E-17
2901.  4.777932E-17
2902.  4.717081E-17
2903.  4.656346E-17
2904.  4.595748E-17
2905.  4.535279E-17
2906.  4.474970E-17
2907.  4.414842E-17
2908.  4.354884E-17
2909.  4.295135E-17
2910.  4.235594E-17
2911.  4.176277E-17
2912.  4.117197E-17
2913.  4.058370E-17
2914.  3.999817E-17
2915.  3.941543E-17
2916.  3.883566E-17
2917.  3.825907E-17
2918.  3.768574E-17
2919.  3.711589E-17
2920.  3.654958E-17
2921.  3.598696E-17
2922.  3.542841E-17
2923.  3.487386E-17
2924.  3.432343E-17
2925.  3.377755E-17
2926.  3.323600E-17
2927.  3.269925E-17
2928.  3.216737E-17
2929.  3.164034E-17
2930.  3.111853E-17
2931.  3.060186E-17
2932.  3.009069E-17
2933.  2.958511E-17
2934.  2.908525E-17
2935.  2.859102E-17
2936.  2.810294E-17
2937.  2.762087E-17
2938.  2.714508E-17
2939.  2.667559E-17
2940.  2.621264E-17
2941.  2.575621E-17
2942.  2.530652E-17
2943.  2.486379E-17
2944.  2.442788E-17
2945.  2.399892E-17
2946.  2.357721E-17
2947.  2.316281E-17
2948.  2.275571E-17
2949.  2.235597E-17
2950.  2.196376E-17
2951.  2.157933E-17
2952.  2.120243E-17
2953.  2.083344E-17
2954.  2.047216E-17
2955.  2.011884E-17
2956.  1.977353E-17
2957.  1.943621E-17
2958.  1.910708E-17
2959.  1.878608E-17
2960.  1.847319E-17
2961.  1.816869E-17
2962.  1.787246E-17
2963.  1.758458E-17
2964.  1.730495E-17
2965.  1.703384E-17
2966.  1.677113E-17
2967.  1.651676E-17
2968.  1.627102E-17
2969.  1.603373E-17
2970.  1.580484E-17
2971.  1.558464E-17
2972.  1.537281E-17
2973.  1.516959E-17
2974.  1.497479E-17
2975.  1.478855E-17
2976.  1.461093E-17
2977.  1.444174E-17
2978.  1.428100E-17
2979.  1.412877E-17
2980.  1.398494E-17
2981.  1.384974E-17
2982.  1.372283E-17
2983.  1.360429E-17
2984.  1.349416E-17
2985.  1.339229E-17
2986.  1.329869E-17
2987.  1.321346E-17
2988.  1.313641E-17
2989.  1.306751E-17
2990.  1.300684E-17
2991.  1.295425E-17
2992.  1.290966E-17
2993.  1.287313E-17
2994.  1.284456E-17
2995.  1.282388E-17
2996.  1.281103E-17
2997.  1.280600E-17
2998.  1.280874E-17
2999.  1.281923E-17
3000.  1.283732E-17
3001.  1.286303E-17
3002.  1.289617E-17
3003.  1.293690E-17
3004.  1.298503E-17
3005.  1.304045E-17
3006.  1.310315E-17
3007.  1.317316E-17
3008.  1.325028E-17
3009.  1.333444E-17
3010.  1.342583E-17
3011.  1.352402E-17
3012.  1.362925E-17
3013.  1.374120E-17
3014.  1.386003E-17
3015.  1.398564E-17
3016.  1.411787E-17
3017.  1.425658E-17
3018.  1.440189E-17
3019.  1.455363E-17
3020.  1.471193E-17
3021.  1.487643E-17
3022.  1.504723E-17
3023.  1.522425E-17
3024.  1.540740E-17
3025.  1.559672E-17
3026.  1.579195E-17
3027.  1.599317E-17
3028.  1.620031E-17
3029.  1.641329E-17
3030.  1.663194E-17
3031.  1.685641E-17
3032.  1.708652E-17
3033.  1.732212E-17
3034.  1.756323E-17
3035.  1.780980E-17
3036.  1.806183E-17
3037.  1.831923E-17
3038.  1.858187E-17
3039.  1.884961E-17
3040.  1.912265E-17
3041.  1.940067E-17
3042.  1.968387E-17
3043.  1.997188E-17
3044.  2.026494E-17
3045.  2.056274E-17
3046.  2.086542E-17
3047.  2.117278E-17
3048.  2.148472E-17
3049.  2.180130E-17
3050.  2.212258E-17
3051.  2.244818E-17
3052.  2.277822E-17
3053.  2.311268E-17
3054.  2.345148E-17
3055.  2.379438E-17
3056.  2.414166E-17
3057.  2.449286E-17
3058.  2.484821E-17
3059.  2.520752E-17
3060.  2.557074E-17
3061.  2.593794E-17
3062.  2.630883E-17
3063.  2.668345E-17
3064.  2.706184E-17
3065.  2.744372E-17
3066.  2.782916E-17
3067.  2.821804E-17
3068.  2.861034E-17
3069.  2.900599E-17
3070.  2.940489E-17
3071.  2.980706E-17
3072.  3.021224E-17
3073.  3.062057E-17
3074.  3.103179E-17
3075.  3.144597E-17
3076.  3.186298E-17
3077.  3.228269E-17
3078.  3.270512E-17
3079.  3.313010E-17
3080.  3.355774E-17
3081.  3.398777E-17
3082.  3.442016E-17
3083.  3.485478E-17
3084.  3.529165E-17
3085.  3.573065E-17
3086.  3.617182E-17
3087.  3.661487E-17
3088.  3.705980E-17
3089.  3.750655E-17
3090.  3.795508E-17
3091.  3.840513E-17
3092.  3.885684E-17
3093.  3.930998E-17
3094.  3.976446E-17
3095.  4.022030E-17
3096.  4.067725E-17
3097.  4.113537E-17
3098.  4.159453E-17
3099.  4.205462E-17
3100.  4.251568E-17
3101.  4.297744E-17
3102.  4.343977E-17
3103.  4.390286E-17
3104.  4.436643E-17
3105.  4.483041E-17
3106.  4.529466E-17
3107.  4.575924E-17
3108.  4.622389E-17
3109.  4.668865E-17
3110.  4.715348E-17
3111.  4.761814E-17
3112.  4.808269E-17
3113.  4.854690E-17
3114.  4.901092E-17
3115.  4.947443E-17
3116.  4.993740E-17
3117.  5.039986E-17
3118.  5.086180E-17
3119.  5.132284E-17
3120.  5.178322E-17
3121.  5.224266E-17
3122.  5.270114E-17
3123.  5.315865E-17
3124.  5.361518E-17
3125.  5.407053E-17
3126.  5.452471E-17
3127.  5.497772E-17
3128.  5.542937E-17
3129.  5.587968E-17
3130.  5.632856E-17
3131.  5.677609E-17
3132.  5.722220E-17
3133.  5.766670E-17
3134.  5.810964E-17
3135.  5.855106E-17
3136.  5.899074E-17
3137.  5.942890E-17
3138.  5.986550E-17
3139.  6.030025E-17
3140.  6.073339E-17
3141.  6.116482E-17
3142.  6.159456E-17
3143.  6.202262E-17
3144.  6.244900E-17
3145.  6.287364E-17
3146.  6.329665E-17
3147.  6.371798E-17
3148.  6.413765E-17
3149.  6.455568E-17
3150.  6.497224E-17
3151.  6.538721E-17
3152.  6.580066E-17
3153.  6.621272E-17
3154.  6.662333E-17
3155.  6.703256E-17
3156.  6.744061E-17
3157.  6.784729E-17
3158.  6.825294E-17
3159.  6.865749E-17
3160.  6.906107E-17
3161.  6.946376E-17
3162.  6.986559E-17
3163.  7.026680E-17
3164.  7.066726E-17
3165.  7.106731E-17
3166.  7.146707E-17
3167.  7.186652E-17
3168.  7.226578E-17
3169.  7.266507E-17
3170.  7.306451E-17
3171.  7.346405E-17
3172.  7.386412E-17
3173.  7.426475E-17
3174.  7.466615E-17
3175.  7.506827E-17
3176.  7.547152E-17
3177.  7.587591E-17
3178.  7.628172E-17
3179.  7.668909E-17
3180.  7.709813E-17
3181.  7.750915E-17
3182.  7.792217E-17
3183.  7.833757E-17
3184.  7.875543E-17
3185.  7.917595E-17
3186.  7.959941E-17
3187.  8.002586E-17
3188.  8.045568E-17
3189.  8.088916E-17
3190.  8.132618E-17
3191.  8.176715E-17
3192.  8.221235E-17
3193.  8.266196E-17
3194.  8.311614E-17
3195.  8.357521E-17
3196.  8.403933E-17
3197.  8.450873E-17
3198.  8.498373E-17
3199.  8.546457E-17
3200.  8.595121E-17
3201.  8.644417E-17
3202.  8.694366E-17
3203.  8.744976E-17
3204.  8.796281E-17
3205.  8.848302E-17
3206.  8.901074E-17
3207.  8.954603E-17
3208.  9.008919E-17
3209.  9.064049E-17
3210.  9.120009E-17
3211.  9.176829E-17
3212.  9.234528E-17
3213.  9.293131E-17
3214.  9.352661E-17
3215.  9.413127E-17
3216.  9.474575E-17
3217.  9.537009E-17
3218.  9.600465E-17
3219.  9.664942E-17
3220.  9.730470E-17
3221.  9.797085E-17
3222.  9.864786E-17
3223.  9.933614E-17
3224.  1.000357E-16
3225.  1.007467E-16
3226.  1.014694E-16
3227.  1.022041E-16
3228.  1.029509E-16
3229.  1.037099E-16
3230.  1.044813E-16
3231.  1.052653E-16
3232.  1.060621E-16
3233.  1.068717E-16
3234.  1.076943E-16
3235.  1.085301E-16
3236.  1.093792E-16
3237.  1.102417E-16
3238.  1.111178E-16
3239.  1.120075E-16
3240.  1.129111E-16
3241.  1.138285E-16
3242.  1.147598E-16
3243.  1.157054E-16
3244.  1.166649E-16
3245.  1.176388E-16
3246.  1.186269E-16
3247.  1.196294E-16
3248.  1.206463E-16
3249.  1.216776E-16
3250.  1.227236E-16
3251.  1.237841E-16
3252.  1.248590E-16
3253.  1.259487E-16
3254.  1.270531E-16
3255.  1.281720E-16
3256.  1.293055E-16
3257.  1.304537E-16
3258.  1.316165E-16
3259.  1.327940E-16
3260.  1.339860E-16
3261.  1.351927E-16
3262.  1.364138E-16
3263.  1.376493E-16
3264.  1.388993E-16
3265.  1.401638E-16
3266.  1.414426E-16
3267.  1.427354E-16
3268.  1.440425E-16
3269.  1.453638E-16
3270.  1.466990E-16
3271.  1.480482E-16
3272.  1.494112E-16
3273.  1.507877E-16
3274.  1.521780E-16
3275.  1.535817E-16
3276.  1.549988E-16
3277.  1.564291E-16
3278.  1.578726E-16
3279.  1.593290E-16
3280.  1.607982E-16
3281.  1.622802E-16
3282.  1.637745E-16
3283.  1.652814E-16
3284.  1.668004E-16
3285.  1.683314E-16
3286.  1.698744E-16
3287.  1.714290E-16
3288.  1.729952E-16
3289.  1.745727E-16
3290.  1.761613E-16
3291.  1.777610E-16
3292.  1.793712E-16
3293.  1.809922E-16
3294.  1.826236E-16
3295.  1.842650E-16
3296.  1.859164E-16
3297.  1.875776E-16
3298.  1.892483E-16
3299.  1.909283E-16
3300.  1.926173E-16
3301.  1.943152E-16
3302.  1.960219E-16
3303.  1.977368E-16
3304.  1.994599E-16
3305.  2.011909E-16
3306.  2.029297E-16
3307.  2.046759E-16
3308.  2.064291E-16
3309.  2.081895E-16
3310.  2.099565E-16
3311.  2.117300E-16
3312.  2.135096E-16
3313.  2.152952E-16
3314.  2.170864E-16
3315.  2.188830E-16
3316.  2.206847E-16
3317.  2.224914E-16
3318.  2.243027E-16
3319.  2.261181E-16
3320.  2.279377E-16
3321.  2.297610E-16
3322.  2.315878E-16
3323.  2.334178E-16
3324.  2.352506E-16
3325.  2.370861E-16
3326.  2.389239E-16
3327.  2.407637E-16
3328.  2.426052E-16
3329.  2.444482E-16
3330.  2.462922E-16
3331.  2.481371E-16
3332.  2.499824E-16
3333.  2.518280E-16
3334.  2.536733E-16
3335.  2.555182E-16
3336.  2.573624E-16
3337.  2.592054E-16
3338.  2.610470E-16
3339.  2.628868E-16
3340.  2.647244E-16
3341.  2.665596E-16
3342.  2.683921E-16
3343.  2.702214E-16
3344.  2.720472E-16
3345.  2.738692E-16
3346.  2.756870E-16
3347.  2.775002E-16
3348.  2.793084E-16
3349.  2.811115E-16
3350.  2.829089E-16
3351.  2.847002E-16
3352.  2.864851E-16
3353.  2.882632E-16
3354.  2.900341E-16
3355.  2.917975E-16
3356.  2.935530E-16
3357.  2.953002E-16
3358.  2.970386E-16
3359.  2.987678E-16
3360.  3.004876E-16
3361.  3.021974E-16
3362.  3.038967E-16
3363.  3.055856E-16
3364.  3.072629E-16
3365.  3.089289E-16
3366.  3.105829E-16
3367.  3.122244E-16
3368.  3.138530E-16
3369.  3.154685E-16
3370.  3.170702E-16
3371.  3.186577E-16
3372.  3.202307E-16
3373.  3.217887E-16
3374.  3.233315E-16
3375.  3.248581E-16
3376.  3.263686E-16
3377.  3.278623E-16
3378.  3.293389E-16
3379.  3.307978E-16
3380.  3.322386E-16
3381.  3.336611E-16
3382.  3.350647E-16
3383.  3.364488E-16
3384.  3.378132E-16
3385.  3.391574E-16
3386.  3.404809E-16
3387.  3.417834E-16
3388.  3.430643E-16
3389.  3.443233E-16
3390.  3.455599E-16
3391.  3.467738E-16
3392.  3.479644E-16
3393.  3.491315E-16
3394.  3.502745E-16
3395.  3.513930E-16
3396.  3.524867E-16
3397.  3.535552E-16
3398.  3.545981E-16
3399.  3.556150E-16
3400.  3.566055E-16
3401.  3.575690E-16
3402.  3.585055E-16
3403.  3.594145E-16
3404.  3.602956E-16
3405.  3.611485E-16
3406.  3.619728E-16
3407.  3.627682E-16
3408.  3.635343E-16
3409.  3.642710E-16
3410.  3.649776E-16
3411.  3.656542E-16
3412.  3.663004E-16
3413.  3.669156E-16
3414.  3.675000E-16
3415.  3.680530E-16
3416.  3.685745E-16
3417.  3.690642E-16
3418.  3.695219E-16
3419.  3.699473E-16
3420.  3.703403E-16
3421.  3.707006E-16
3422.  3.710282E-16
3423.  3.713226E-16
3424.  3.715840E-16
3425.  3.718119E-16
3426.  3.720064E-16
3427.  3.721673E-16
3428.  3.722945E-16
3429.  3.723879E-16
3430.  3.724475E-16
3431.  3.724730E-16
3432.  3.724646E-16
3433.  3.724220E-16
3434.  3.723453E-16
3435.  3.722346E-16
3436.  3.720897E-16
3437.  3.719107E-16
3438.  3.716976E-16
3439.  3.714504E-16
3440.  3.711692E-16
3441.  3.708541E-16
3442.  3.705052E-16
3443.  3.701223E-16
3444.  3.697059E-16
3445.  3.692560E-16
3446.  3.687727E-16
3447.  3.682559E-16
3448.  3.677063E-16
3449.  3.671236E-16
3450.  3.665082E-16
3451.  3.658604E-16
3452.  3.651801E-16
3453.  3.644678E-16
3454.  3.637237E-16
3455.  3.629481E-16
3456.  3.621410E-16
3457.  3.613030E-16
3458.  3.604341E-16
3459.  3.595349E-16
3460.  3.586056E-16
3461.  3.576465E-16
3462.  3.566579E-16
3463.  3.556403E-16
3464.  3.545939E-16
3465.  3.535192E-16
3466.  3.524166E-16
3467.  3.512863E-16
3468.  3.501288E-16
3469.  3.489447E-16
3470.  3.477342E-16
3471.  3.464978E-16
3472.  3.452359E-16
3473.  3.439492E-16
3474.  3.426377E-16
3475.  3.413023E-16
3476.  3.399431E-16
3477.  3.385609E-16
3478.  3.371561E-16
3479.  3.357289E-16
3480.  3.342803E-16
3481.  3.328104E-16
3482.  3.313199E-16
3483.  3.298093E-16
3484.  3.282791E-16
3485.  3.267297E-16
3486.  3.251619E-16
3487.  3.235758E-16
3488.  3.219725E-16
3489.  3.203520E-16
3490.  3.187151E-16
3491.  3.170623E-16
3492.  3.153940E-16
3493.  3.137111E-16
3494.  3.120138E-16
3495.  3.103027E-16
3496.  3.085784E-16
3497.  3.068414E-16
3498.  3.050922E-16
3499.  3.033316E-16
3500.  3.015597E-16
3501.  2.997773E-16
3502.  2.979850E-16
3503.  2.961831E-16
3504.  2.943722E-16
3505.  2.925530E-16
3506.  2.907258E-16
3507.  2.888911E-16
3508.  2.870495E-16
3509.  2.852016E-16
3510.  2.833476E-16
3511.  2.814883E-16
3512.  2.796239E-16
3513.  2.777552E-16
3514.  2.758825E-16
3515.  2.740061E-16
3516.  2.721268E-16
3517.  2.702448E-16
3518.  2.683607E-16
3519.  2.664749E-16
3520.  2.645877E-16
3521.  2.626996E-16
3522.  2.608111E-16
3523.  2.589225E-16
3524.  2.570343E-16
3525.  2.551468E-16
3526.  2.532604E-16
3527.  2.513756E-16
3528.  2.494925E-16
3529.  2.476115E-16
3530.  2.457332E-16
3531.  2.438578E-16
3532.  2.419855E-16
3533.  2.401167E-16
3534.  2.382519E-16
3535.  2.363910E-16
3536.  2.345346E-16
3537.  2.326830E-16
3538.  2.308361E-16
3539.  2.289945E-16
3540.  2.271584E-16
3541.  2.253280E-16
3542.  2.235036E-16
3543.  2.216852E-16
3544.  2.198732E-16
3545.  2.180677E-16
3546.  2.162690E-16
3547.  2.144773E-16
3548.  2.126927E-16
3549.  2.109152E-16
3550.  2.091453E-16
3551.  2.073829E-16
3552.  2.056282E-16
3553.  2.038812E-16
3554.  2.021423E-16
3555.  2.004115E-16
3556.  1.986888E-16
3557.  1.969743E-16
3558.  1.952682E-16
3559.  1.935705E-16
3560.  1.918814E-16
3561.  1.902007E-16
3562.  1.885287E-16
3563.  1.868654E-16
3564.  1.852108E-16
3565.  1.835649E-16
3566.  1.819277E-16
3567.  1.802995E-16
3568.  1.786801E-16
3569.  1.770694E-16
3570.  1.754676E-16
3571.  1.738747E-16
3572.  1.722905E-16
3573.  1.707153E-16
3574.  1.691489E-16
3575.  1.675913E-16
3576.  1.660425E-16
3577.  1.645024E-16
3578.  1.629712E-16
3579.  1.614486E-16
3580.  1.599347E-16
3581.  1.584294E-16
3582.  1.569328E-16
3583.  1.554448E-16
3584.  1.539652E-16
3585.  1.524943E-16
3586.  1.510316E-16
3587.  1.495774E-16
3588.  1.481316E-16
3589.  1.466940E-16
3590.  1.452647E-16
3591.  1.438436E-16
3592.  1.424307E-16
3593.  1.410258E-16
3594.  1.396291E-16
3595.  1.382403E-16
3596.  1.368595E-16
3597.  1.354867E-16
3598.  1.341216E-16
3599.  1.327646E-16
3600.  1.314151E-16
3601.  1.300734E-16
3602.  1.287395E-16
3603.  1.274132E-16
3604.  1.260945E-16
3605.  1.247835E-16
3606.  1.234799E-16
3607.  1.221839E-16
3608.  1.208955E-16
3609.  1.196144E-16
3610.  1.183409E-16
3611.  1.170747E-16
3612.  1.158160E-16
3613.  1.145646E-16
3614.  1.133208E-16
3615.  1.120842E-16
3616.  1.108551E-16
3617.  1.096332E-16
3618.  1.084187E-16
3619.  1.072117E-16
3620.  1.060121E-16
3621.  1.048196E-16
3622.  1.036347E-16
3623.  1.024573E-16
3624.  1.012873E-16
3625.  1.001246E-16
3626.  9.896951E-17
3627.  9.782201E-17
3628.  9.668182E-17
3629.  9.554930E-17
3630.  9.442449E-17
3631.  9.330728E-17
3632.  9.219758E-17
3633.  9.109593E-17
3634.  9.000176E-17
3635.  8.891550E-17
3636.  8.783704E-17
3637.  8.676662E-17
3638.  8.570410E-17
3639.  8.464959E-17
3640.  8.360322E-17
3641.  8.256505E-17
3642.  8.153482E-17
3643.  8.051297E-17
3644.  7.949957E-17
3645.  7.849438E-17
3646.  7.749764E-17
3647.  7.650952E-17
3648.  7.552999E-17
3649.  7.455898E-17
3650.  7.359677E-17
3651.  7.264325E-17
3652.  7.169866E-17
3653.  7.076296E-17
3654.  6.983620E-17
3655.  6.891836E-17
3656.  6.800982E-17
3657.  6.711021E-17
3658.  6.621990E-17
3659.  6.533898E-17
3660.  6.446735E-17
3661.  6.360513E-17
3662.  6.275230E-17
3663.  6.190893E-17
3664.  6.107511E-17
3665.  6.025108E-17
3666.  5.943652E-17
3667.  5.863183E-17
3668.  5.783671E-17
3669.  5.705141E-17
3670.  5.627596E-17
3671.  5.551051E-17
3672.  5.475487E-17
3673.  5.400902E-17
3674.  5.327316E-17
3675.  5.254741E-17
3676.  5.183153E-17
3677.  5.112567E-17
3678.  5.042989E-17
3679.  4.974407E-17
3680.  4.906829E-17
3681.  4.840253E-17
3682.  4.774677E-17
3683.  4.710120E-17
3684.  4.646564E-17
3685.  4.583987E-17
3686.  4.522417E-17
3687.  4.461848E-17
3688.  4.402271E-17
3689.  4.343676E-17
3690.  4.286070E-17
3691.  4.229462E-17
3692.  4.173818E-17
3693.  4.119162E-17
3694.  4.065458E-17
3695.  4.012729E-17
3696.  3.960955E-17
3697.  3.910122E-17
3698.  3.860251E-17
3699.  3.811309E-17
3700.  3.763291E-17
3701.  3.716216E-17
3702.  3.670044E-17
3703.  3.624763E-17
3704.  3.580391E-17
3705.  3.536904E-17
3706.  3.494291E-17
3707.  3.452549E-17
3708.  3.411657E-17
3709.  3.371618E-17
3710.  3.332414E-17
3711.  3.294038E-17
3712.  3.256462E-17
3713.  3.219691E-17
3714.  3.183709E-17
3715.  3.148499E-17
3716.  3.114055E-17
3717.  3.080356E-17
3718.  3.047384E-17
3719.  3.015145E-17
3720.  2.983618E-17
3721.  2.952791E-17
3722.  2.922634E-17
3723.  2.893156E-17
3724.  2.864312E-17
3725.  2.836116E-17
3726.  2.808543E-17
3727.  2.781575E-17
3728.  2.755204E-17
3729.  2.729416E-17
3730.  2.704194E-17
3731.  2.679512E-17
3732.  2.655357E-17
3733.  2.631735E-17
3734.  2.608614E-17
3735.  2.585983E-17
3736.  2.563818E-17
3737.  2.542119E-17
3738.  2.520852E-17
3739.  2.500028E-17
3740.  2.479606E-17
3741.  2.459582E-17
3742.  2.439952E-17
3743.  2.420680E-17
3744.  2.401771E-17
3745.  2.383191E-17
3746.  2.364951E-17
3747.  2.347014E-17
3748.  2.329375E-17
3749.  2.312018E-17
3750.  2.294930E-17
3751.  2.278111E-17
3752.  2.261529E-17
3753.  2.245175E-17
3754.  2.229035E-17
3755.  2.213119E-17
3756.  2.197376E-17
3757.  2.181821E-17
3758.  2.166439E-17
3759.  2.151211E-17
3760.  2.136124E-17
3761.  2.121179E-17
3762.  2.106364E-17
3763.  2.091652E-17
3764.  2.077044E-17
3765.  2.062536E-17
3766.  2.048117E-17
3767.  2.033765E-17
3768.  2.019478E-17
3769.  2.005256E-17
3770.  1.991075E-17
3771.  1.976929E-17
3772.  1.962833E-17
3773.  1.948751E-17
3774.  1.934695E-17
3775.  1.920649E-17
3776.  1.906600E-17
3777.  1.892554E-17
3778.  1.878507E-17
3779.  1.864441E-17
3780.  1.850361E-17
3781.  1.836259E-17
3782.  1.822124E-17
3783.  1.807961E-17
3784.  1.793765E-17
3785.  1.779526E-17
3786.  1.765241E-17
3787.  1.750913E-17
3788.  1.736539E-17
3789.  1.722110E-17
3790.  1.707633E-17
3791.  1.693087E-17
3792.  1.678485E-17
3793.  1.663833E-17
3794.  1.649115E-17
3795.  1.634330E-17
3796.  1.619481E-17
3797.  1.604581E-17
3798.  1.589608E-17
3799.  1.574569E-17
3800.  1.559473E-17
3801.  1.544306E-17
3802.  1.529078E-17
3803.  1.513777E-17
3804.  1.498419E-17
3805.  1.483009E-17
3806.  1.467529E-17
3807.  1.451992E-17
3808.  1.436393E-17
3809.  1.420744E-17
3810.  1.405037E-17
3811.  1.389277E-17
3812.  1.373470E-17
3813.  1.357609E-17
3814.  1.341697E-17
3815.  1.325747E-17
3816.  1.309755E-17
3817.  1.293719E-17
3818.  1.277645E-17
3819.  1.261528E-17
3820.  1.245386E-17
3821.  1.229216E-17
3822.  1.213016E-17
3823.  1.196788E-17
3824.  1.180536E-17
3825.  1.164270E-17
3826.  1.147983E-17
3827.  1.131673E-17
3828.  1.115361E-17
3829.  1.099038E-17
3830.  1.082712E-17
3831.  1.066370E-17
3832.  1.050032E-17
3833.  1.033687E-17
3834.  1.017355E-17
3835.  1.001019E-17
3836.  9.846867E-18
3837.  9.683760E-18
3838.  9.520713E-18
3839.  9.357797E-18
3840.  9.195042E-18
3841.  9.032468E-18
3842.  8.870111E-18
3843.  8.707936E-18
3844.  8.545964E-18
3845.  8.384296E-18
3846.  8.222751E-18
3847.  8.061650E-18
3848.  7.900768E-18
3849.  7.740162E-18
3850.  7.579913E-18
3851.  7.419908E-18
3852.  7.260267E-18
3853.  7.100940E-18
3854.  6.942048E-18
3855.  6.783367E-18
3856.  6.625123E-18
3857.  6.467216E-18
3858.  6.309697E-18
3859.  6.152477E-18
3860.  5.995532E-18
3861.  5.839094E-18
3862.  5.682914E-18
3863.  5.527069E-18
3864.  5.371636E-18
3865.  5.216558E-18
3866.  5.061778E-18
3867.  4.907234E-18
3868.  4.753041E-18
3869.  4.599224E-18
3870.  4.445674E-18
3871.  4.292398E-18
3872.  4.139380E-18
3873.  3.986563E-18
3874.  3.834013E-18
3875.  3.681791E-18
3876.  3.529735E-18
3877.  3.377755E-18
3878.  3.226138E-18
3879.  3.074630E-18
3880.  2.923228E-18
3881.  2.771947E-18
3882.  2.620867E-18
3883.  2.469780E-18
3884.  2.318834E-18
3885.  2.167886E-18
3886.  2.017080E-18
3887.  1.866178E-18
3888.  1.715319E-18
3889.  1.564510E-18
3890.  1.413594E-18
3891.  1.262560E-18
3892.  1.111495E-18
3893.  9.603738E-19
3894.  8.092107E-19
3895.  6.577763E-19
3896.  5.062507E-19
3897.  3.546183E-19
3898.  2.027272E-19
3899.  5.067130E-20
3900.  -1.016020E-19
3901.  -2.540836E-19
3902.  -4.068058E-19
3903.  -5.597331E-19
3904.  -7.130106E-19
3905.  -8.664890E-19
3906.  -1.020179E-18
3907.  -1.174260E-18
3908.  -1.328573E-18
3909.  -1.483190E-18
3910.  -1.638000E-18
3911.  -1.793199E-18
3912.  -1.948638E-18
3913.  -2.104384E-18
3914.  -2.260513E-18
3915.  -2.416870E-18
3916.  -2.573424E-18
3917.  -2.730346E-18
3918.  -2.887362E-18
3919.  -3.044788E-18
3920.  -3.202389E-18
3921.  -3.360064E-18
3922.  -3.518079E-18
3923.  -3.676201E-18
3924.  -3.834476E-18
3925.  -3.992858E-18
3926.  -4.151299E-18
3927.  -4.309795E-18
3928.  -4.468347E-18
3929.  -4.626877E-18
3930.  -4.785371E-18
3931.  -4.943692E-18
3932.  -5.102027E-18
3933.  -5.260042E-18
3934.  -5.417755E-18
3935.  -5.575342E-18
3936.  -5.732536E-18
3937.  -5.889291E-18
3938.  -6.045625E-18
3939.  -6.201409E-18
3940.  -6.356627E-18
3941.  -6.511213E-18
3942.  -6.665026E-18
3943.  -6.818143E-18
3944.  -6.970325E-18
3945.  -7.121586E-18
3946.  -7.271730E-18
3947.  -7.420847E-18
3948.  -7.568749E-18
3949.  -7.715276E-18
3950.  -7.860537E-18
3951.  -8.004326E-18
3952.  -8.146403E-18
3953.  -8.286924E-18
3954.  -8.425599E-18
3955.  -8.562491E-18
3956.  -8.697396E-18
3957.  -8.830115E-18
3958.  -8.960615E-18
3959.  -9.088943E-18
3960.  -9.214737E-18
3961.  -9.337939E-18
3962.  -9.458577E-18
3963.  -9.576421E-18
3964.  -9.691380E-18
3965.  -9.803211E-18
3966.  -9.911855E-18
3967.  -1.001722E-17
3968.  -1.011925E-17
3969.  -1.021776E-17
3970.  -1.031246E-17
3971.  -1.040339E-17
3972.  -1.049035E-17
3973.  -1.057325E-17
3974.  -1.065196E-17
3975.  -1.072622E-17
3976.  -1.079611E-17
3977.  -1.086121E-17
3978.  -1.092161E-17
3979.  -1.097706E-17
3980.  -1.102762E-17
3981.  -1.107283E-17
3982.  -1.111271E-17
3983.  -1.114715E-17
3984.  -1.117599E-17
3985.  -1.119894E-17
3986.  -1.121617E-17
3987.  -1.122738E-17
3988.  -1.123237E-17
3989.  -1.123106E-17
3990.  -1.122328E-17
3991.  -1.120905E-17
3992.  -1.118802E-17
3993.  -1.116017E-17
3994.  -1.112546E-17
3995.  -1.108356E-17
3996.  -1.103458E-17
3997.  -1.097813E-17
3998.  -1.091429E-17
3999.  -1.084294E-17
4000.  -1.076380E-17
4001.  -1.067695E-17
4002.  -1.058217E-17
4003.  -1.047940E-17
4004.  -1.036854E-17
4005.  -1.024940E-17
4006.  -1.012193E-17
4007.  -9.986089E-18
4008.  -9.841797E-18
4009.  -9.688908E-18
4010.  -9.527294E-18
4011.  -9.356967E-18
4012.  -9.177824E-18
4013.  -8.989858E-18
4014.  -8.792779E-18
4015.  -8.586777E-18
4016.  -8.371716E-18
4017.  -8.147452E-18
4018.  -7.914091E-18
4019.  -7.671443E-18
4020.  -7.419681E-18
4021.  -7.158482E-18
4022.  -6.887978E-18
4023.  -6.608176E-18
4024.  -6.319005E-18
4025.  -6.020425E-18
4026.  -5.712501E-18
4027.  -5.395204E-18
4028.  -5.068495E-18
4029.  -4.732460E-18
4030.  -4.387000E-18
4031.  -4.032296E-18
4032.  -3.668202E-18
4033.  -3.294897E-18
4034.  -2.912281E-18
4035.  -2.520557E-18
4036.  -2.119568E-18
4037.  -1.709560E-18
4038.  -1.290552E-18
4039.  -8.624699E-19
4040.  -4.255201E-19
4041.  2.025415E-20
4042.  4.747289E-19
4043.  9.378129E-19
4044.  1.409529E-18
4045.  1.889721E-18
4046.  2.378304E-18
4047.  2.875020E-18
4048.  3.379878E-18
4049.  3.892910E-18
4050.  4.413664E-18
4051.  4.942201E-18
4052.  5.478319E-18
4053.  6.022054E-18
4054.  6.573002E-18
4055.  7.131163E-18
4056.  7.696403E-18
4057.  8.268370E-18
4058.  8.847117E-18
4059.  9.432384E-18
4060.  1.002395E-17
4061.  1.062184E-17
4062.  1.122569E-17
4063.  1.183537E-17
4064.  1.245061E-17
4065.  1.307122E-17
4066.  1.369723E-17
4067.  1.432822E-17
4068.  1.496406E-17
4069.  1.560450E-17
4070.  1.624939E-17
4071.  1.689855E-17
4072.  1.755162E-17
4073.  1.820852E-17
4074.  1.886908E-17
4075.  1.953280E-17
4076.  2.019977E-17
4077.  2.086964E-17
4078.  2.154230E-17
4079.  2.221727E-17
4080.  2.289463E-17
4081.  2.357387E-17
4082.  2.425491E-17
4083.  2.493765E-17
4084.  2.562145E-17
4085.  2.630656E-17
4086.  2.699255E-17
4087.  2.767910E-17
4088.  2.836612E-17
4089.  2.905332E-17
4090.  2.974049E-17
4091.  3.042733E-17
4092.  3.111376E-17
4093.  3.179955E-17
4094.  3.248435E-17
4095.  3.316801E-17
4096.  3.385028E-17
4097.  3.453114E-17
4098.  3.521009E-17
4099.  3.588709E-17
4100.  3.656185E-17
4101.  3.723422E-17
4102.  3.790405E-17
4103.  3.857105E-17
4104.  3.923504E-17
4105.  3.989589E-17
4106.  4.055343E-17
4107.  4.120729E-17
4108.  4.185744E-17
4109.  4.250376E-17
4110.  4.314603E-17
4111.  4.378399E-17
4112.  4.441759E-17
4113.  4.504658E-17
4114.  4.567098E-17
4115.  4.629038E-17
4116.  4.690484E-17
4117.  4.751422E-17
4118.  4.811829E-17
4119.  4.871699E-17
4120.  4.931017E-17
4121.  4.989775E-17
4122.  5.047961E-17
4123.  5.105550E-17
4124.  5.162565E-17
4125.  5.218965E-17
4126.  5.274760E-17
4127.  5.329928E-17
4128.  5.384482E-17
4129.  5.438400E-17
4130.  5.491665E-17
4131.  5.544303E-17
4132.  5.596289E-17
4133.  5.647611E-17
4134.  5.698291E-17
4135.  5.748308E-17
4136.  5.797660E-17
4137.  5.846343E-17
4138.  5.894375E-17
4139.  5.941740E-17
4140.  5.988434E-17
4141.  6.034467E-17
4142.  6.079864E-17
4143.  6.124574E-17
4144.  6.168642E-17
4145.  6.212060E-17
4146.  6.254822E-17
4147.  6.296949E-17
4148.  6.338442E-17
4149.  6.379307E-17
4150.  6.419559E-17
4151.  6.459185E-17
4152.  6.498206E-17
4153.  6.536639E-17
4154.  6.574482E-17
4155.  6.611758E-17
4156.  6.648453E-17
4157.  6.684607E-17
4158.  6.720222E-17
4159.  6.755307E-17
4160.  6.789881E-17
4161.  6.823948E-17
4162.  6.857543E-17
4163.  6.890663E-17
4164.  6.923336E-17
4165.  6.955562E-17
4166.  6.987374E-17
4167.  7.018790E-17
4168.  7.049821E-17
4169.  7.080492E-17
4170.  7.110815E-17
4171.  7.140817E-17
4172.  7.170511E-17
4173.  7.199927E-17
4174.  7.229094E-17
4175.  7.258006E-17
4176.  7.286702E-17
4177.  7.315228E-17
4178.  7.343564E-17
4179.  7.371760E-17
4180.  7.399837E-17
4181.  7.427821E-17
4182.  7.455739E-17
4183.  7.483614E-17
4184.  7.511464E-17
4185.  7.539322E-17
4186.  7.567228E-17
4187.  7.595192E-17
4188.  7.623236E-17
4189.  7.651417E-17
4190.  7.679741E-17
4191.  7.708241E-17
4192.  7.736938E-17
4193.  7.765877E-17
4194.  7.795077E-17
4195.  7.824573E-17
4196.  7.854395E-17
4197.  7.884565E-17
4198.  7.915125E-17
4199.  7.946095E-17
4200.  7.977512E-17
4201.  8.009403E-17
4202.  8.041804E-17
4203.  8.074739E-17
4204.  8.108243E-17
4205.  8.142353E-17
4206.  8.177092E-17
4207.  8.212487E-17
4208.  8.248579E-17
4209.  8.285397E-17
4210.  8.322970E-17
4211.  8.361323E-17
4212.  8.400493E-17
4213.  8.440528E-17
4214.  8.481426E-17
4215.  8.523232E-17
4216.  8.565980E-17
4217.  8.609707E-17
4218.  8.654416E-17
4219.  8.700156E-17
4220.  8.746947E-17
4221.  8.794836E-17
4222.  8.843842E-17
4223.  8.893985E-17
4224.  8.945297E-17
4225.  8.997801E-17
4226.  9.051538E-17
4227.  9.106516E-17
4228.  9.162777E-17
4229.  9.220337E-17
4230.  9.279225E-17
4231.  9.339457E-17
4232.  9.401061E-17
4233.  9.464075E-17
4234.  9.528497E-17
4235.  9.594359E-17
4236.  9.661667E-17
4237.  9.730479E-17
4238.  9.800787E-17
4239.  9.872602E-17
4240.  9.945950E-17
4241.  1.002086E-16
4242.  1.009734E-16
4243.  1.017539E-16
4244.  1.025505E-16
4245.  1.033631E-16
4246.  1.041920E-16
4247.  1.050372E-16
4248.  1.058988E-16
4249.  1.067769E-16
4250.  1.076716E-16
4251.  1.085829E-16
4252.  1.095110E-16
4253.  1.104559E-16
4254.  1.114175E-16
4255.  1.123960E-16
4256.  1.133913E-16
4257.  1.144034E-16
4258.  1.154324E-16
4259.  1.164781E-16
4260.  1.175406E-16
4261.  1.186198E-16
4262.  1.197157E-16
4263.  1.208280E-16
4264.  1.219568E-16
4265.  1.231022E-16
4266.  1.242636E-16
4267.  1.254412E-16
4268.  1.266347E-16
4269.  1.278442E-16
4270.  1.290693E-16
4271.  1.303098E-16
4272.  1.315657E-16
4273.  1.328366E-16
4274.  1.341224E-16
4275.  1.354228E-16
4276.  1.367376E-16
4277.  1.380666E-16
4278.  1.394094E-16
4279.  1.407657E-16
4280.  1.421353E-16
4281.  1.435178E-16
4282.  1.449130E-16
4283.  1.463205E-16
4284.  1.477399E-16
4285.  1.491711E-16
4286.  1.506133E-16
4287.  1.520664E-16
4288.  1.535299E-16
4289.  1.550035E-16
4290.  1.564867E-16
4291.  1.579792E-16
4292.  1.594804E-16
4293.  1.609899E-16
4294.  1.625073E-16
4295.  1.640320E-16
4296.  1.655637E-16
4297.  1.671019E-16
4298.  1.686458E-16
4299.  1.701954E-16
4300.  1.717498E-16
4301.  1.733087E-16
4302.  1.748716E-16
4303.  1.764376E-16
4304.  1.780066E-16
4305.  1.795779E-16
4306.  1.811508E-16
4307.  1.827250E-16
4308.  1.842998E-16
4309.  1.858747E-16
4310.  1.874491E-16
4311.  1.890224E-16
4312.  1.905941E-16
4313.  1.921635E-16
4314.  1.937301E-16
4315.  1.952934E-16
4316.  1.968526E-16
4317.  1.984074E-16
4318.  1.999571E-16
4319.  2.015010E-16
4320.  2.030385E-16
4321.  2.045694E-16
4322.  2.060927E-16
4323.  2.076079E-16
4324.  2.091146E-16
4325.  2.106121E-16
4326.  2.120998E-16
4327.  2.135773E-16
4328.  2.150437E-16
4329.  2.164987E-16
4330.  2.179417E-16
4331.  2.193722E-16
4332.  2.207895E-16
4333.  2.221932E-16
4334.  2.235828E-16
4335.  2.249575E-16
4336.  2.263171E-16
4337.  2.276609E-16
4338.  2.289884E-16
4339.  2.302991E-16
4340.  2.315926E-16
4341.  2.328683E-16
4342.  2.341259E-16
4343.  2.353648E-16
4344.  2.365843E-16
4345.  2.377845E-16
4346.  2.389646E-16
4347.  2.401241E-16
4348.  2.412628E-16
4349.  2.423801E-16
4350.  2.434759E-16
4351.  2.445494E-16
4352.  2.456005E-16
4353.  2.466289E-16
4354.  2.476339E-16
4355.  2.486155E-16
4356.  2.495731E-16
4357.  2.505066E-16
4358.  2.514155E-16
4359.  2.522996E-16
4360.  2.531587E-16
4361.  2.539923E-16
4362.  2.548002E-16
4363.  2.555823E-16
4364.  2.563382E-16
4365.  2.570676E-16
4366.  2.577706E-16
4367.  2.584466E-16
4368.  2.590957E-16
4369.  2.597176E-16
4370.  2.603120E-16
4371.  2.608789E-16
4372.  2.614180E-16
4373.  2.619295E-16
4374.  2.624128E-16
4375.  2.628682E-16
4376.  2.632952E-16
4377.  2.636940E-16
4378.  2.640645E-16
4379.  2.644063E-16
4380.  2.647197E-16
4381.  2.650045E-16
4382.  2.652607E-16
4383.  2.654881E-16
4384.  2.656869E-16
4385.  2.658569E-16
4386.  2.659981E-16
4387.  2.661107E-16
4388.  2.661946E-16
4389.  2.662496E-16
4390.  2.662761E-16
4391.  2.662740E-16
4392.  2.662431E-16
4393.  2.661838E-16
4394.  2.660960E-16
4395.  2.659797E-16
4396.  2.658351E-16
4397.  2.656623E-16
4398.  2.654613E-16
4399.  2.652322E-16
4400.  2.649751E-16
4401.  2.646903E-16
4402.  2.643776E-16
4403.  2.640373E-16
4404.  2.636696E-16
4405.  2.632746E-16
4406.  2.628524E-16
4407.  2.624030E-16
4408.  2.619268E-16
4409.  2.614238E-16
4410.  2.608943E-16
4411.  2.603383E-16
4412.  2.597562E-16
4413.  2.591480E-16
4414.  2.585140E-16
4415.  2.578542E-16
4416.  2.571690E-16
4417.  2.564586E-16
4418.  2.557231E-16
4419.  2.549628E-16
4420.  2.541778E-16
4421.  2.533683E-16
4422.  2.525347E-16
4423.  2.516770E-16
4424.  2.507957E-16
4425.  2.498909E-16
4426.  2.489626E-16
4427.  2.480116E-16
4428.  2.470376E-16
4429.  2.460410E-16
4430.  2.450223E-16
4431.  2.439813E-16
4432.  2.429187E-16
4433.  2.418347E-16
4434.  2.407293E-16
4435.  2.396030E-16
4436.  2.384561E-16
4437.  2.372886E-16
4438.  2.361012E-16
4439.  2.348936E-16
4440.  2.336666E-16
4441.  2.324204E-16
4442.  2.311551E-16
4443.  2.298711E-16
4444.  2.285688E-16
4445.  2.272484E-16
4446.  2.259104E-16
4447.  2.245546E-16
4448.  2.231818E-16
4449.  2.217923E-16
4450.  2.203861E-16
4451.  2.189639E-16
4452.  2.175256E-16
4453.  2.160720E-16
4454.  2.146030E-16
4455.  2.131193E-16
4456.  2.116211E-16
4457.  2.101086E-16
4458.  2.085823E-16
4459.  2.070425E-16
4460.  2.054896E-16
4461.  2.039239E-16
4462.  2.023459E-16
4463.  2.007557E-16
4464.  1.991538E-16
4465.  1.975408E-16
4466.  1.959167E-16
4467.  1.942819E-16
4468.  1.926369E-16
4469.  1.909821E-16
4470.  1.893180E-16
4471.  1.876447E-16
4472.  1.859626E-16
4473.  1.842722E-16
4474.  1.825740E-16
4475.  1.808682E-16
4476.  1.791552E-16
4477.  1.774356E-16
4478.  1.757095E-16
4479.  1.739776E-16
4480.  1.722400E-16
4481.  1.704972E-16
4482.  1.687497E-16
4483.  1.669979E-16
4484.  1.652420E-16
4485.  1.634825E-16
4486.  1.617201E-16
4487.  1.599547E-16
4488.  1.581870E-16
4489.  1.564173E-16
4490.  1.546462E-16
4491.  1.528739E-16
4492.  1.511007E-16
4493.  1.493272E-16
4494.  1.475538E-16
4495.  1.457809E-16
4496.  1.440087E-16
4497.  1.422378E-16
4498.  1.404687E-16
4499.  1.387014E-16
4500.  1.369365E-16
