1.  2.580317E-19
2.  2.692052E-19
3.  2.807127E-19
4.  2.927449E-19
5.  3.052741E-19
6.  3.182593E-19
7.  3.317646E-19
8.  3.458897E-19
9.  3.604394E-19
10.  3.756516E-19
11.  3.914515E-19
12.  4.078153E-19
13.  4.248533E-19
14.  4.425603E-19
15.  4.609904E-19
16.  4.801699E-19
17.  5.000017E-19
18.  5.204513E-19
19.  5.418657E-19
20.  5.641112E-19
21.  5.871991E-19
22.  6.111161E-19
23.  6.359385E-19
24.  6.617173E-19
25.  6.883535E-19
26.  7.161010E-19
27.  7.449590E-19
28.  7.747372E-19
29.  8.056613E-19
30.  8.377338E-19
31.  8.709778E-19
32.  9.054754E-19
33.  9.412670E-19
34.  9.783322E-19
35.  1.016745E-18
36.  1.056516E-18
37.  1.097737E-18
38.  1.140404E-18
39.  1.184766E-18
40.  1.230511E-18
41.  1.278031E-18
42.  1.327070E-18
43.  1.378022E-18
44.  1.430755E-18
45.  1.485103E-18
46.  1.541567E-18
47.  1.599975E-18
48.  1.660415E-18
49.  1.722832E-18
50.  1.787532E-18
51.  1.854420E-18
52.  1.923642E-18
53.  1.995194E-18
54.  2.069155E-18
55.  2.145601E-18
56.  2.224649E-18
57.  2.306431E-18
58.  2.390920E-18
59.  2.478179E-18
60.  2.568418E-18
61.  2.661601E-18
62.  2.757894E-18
63.  2.857292E-18
64.  2.960111E-18
65.  3.066128E-18
66.  3.175642E-18
67.  3.288716E-18
68.  3.405486E-18
69.  3.525927E-18
70.  3.650237E-18
71.  3.778654E-18
72.  3.911022E-18
73.  4.047638E-18
74.  4.188572E-18
75.  4.333951E-18
76.  4.483838E-18
77.  4.638498E-18
78.  4.797806E-18
79.  4.962242E-18
80.  5.131693E-18
81.  5.306218E-18
82.  5.486211E-18
83.  5.671672E-18
84.  5.862762E-18
85.  6.059694E-18
86.  6.262454E-18
87.  6.471380E-18
88.  6.686492E-18
89.  6.908068E-18
90.  7.136133E-18
91.  7.370924E-18
92.  7.612811E-18
93.  7.861589E-18
94.  8.117699E-18
95.  8.381217E-18
96.  8.652420E-18
97.  8.931321E-18
98.  9.218250E-18
99.  9.513389E-18
100.  9.816993E-18
101.  1.012903E-17
102.  1.044994E-17
103.  1.077992E-17
104.  1.111911E-17
105.  1.146771E-17
106.  1.182591E-17
107.  1.219409E-17
108.  1.257233E-17
109.  1.296095E-17
110.  1.335999E-17
111.  1.377005E-17
112.  1.419113E-17
113.  1.462337E-17
114.  1.506725E-17
115.  1.552303E-17
116.  1.599079E-17
117.  1.647079E-17
118.  1.696347E-17
119.  1.746913E-17
120.  1.798786E-17
121.  1.852000E-17
122.  1.906581E-17
123.  1.962568E-17
124.  2.019978E-17
125.  2.078852E-17
126.  2.139196E-17
127.  2.201082E-17
128.  2.264504E-17
129.  2.329503E-17
130.  2.396111E-17
131.  2.464368E-17
132.  2.534296E-17
133.  2.605940E-17
134.  2.679312E-17
135.  2.754462E-17
136.  2.831432E-17
137.  2.910231E-17
138.  2.990902E-17
139.  3.073501E-17
140.  3.158028E-17
141.  3.244550E-17
142.  3.333072E-17
143.  3.423671E-17
144.  3.516351E-17
145.  3.611152E-17
146.  3.708103E-17
147.  3.807281E-17
148.  3.908697E-17
149.  4.012383E-17
150.  4.118381E-17
151.  4.226751E-17
152.  4.337495E-17
153.  4.450685E-17
154.  4.566347E-17
155.  4.684530E-17
156.  4.805248E-17
157.  4.928578E-17
158.  5.054522E-17
159.  5.183162E-17
160.  5.314506E-17
161.  5.448616E-17
162.  5.585517E-17
163.  5.725274E-17
164.  5.867897E-17
165.  6.013444E-17
166.  6.161967E-17
167.  6.313491E-17
168.  6.468073E-17
169.  6.625746E-17
170.  6.786563E-17
171.  6.950558E-17
172.  7.117762E-17
173.  7.288242E-17
174.  7.462023E-17
175.  7.639155E-17
176.  7.819685E-17
177.  8.003641E-17
178.  8.191076E-17
179.  8.382043E-17
180.  8.576576E-17
181.  8.774705E-17
182.  8.976483E-17
183.  9.181947E-17
184.  9.391151E-17
185.  9.604127E-17
186.  9.820931E-17
187.  1.004158E-16
188.  1.026614E-16
189.  1.049464E-16
190.  1.072711E-16
191.  1.096361E-16
192.  1.120418E-16
193.  1.144884E-16
194.  1.169765E-16
195.  1.195064E-16
196.  1.220787E-16
197.  1.246933E-16
198.  1.273511E-16
199.  1.300521E-16
200.  1.327969E-16
201.  1.355858E-16
202.  1.384192E-16
203.  1.412974E-16
204.  1.442206E-16
205.  1.471894E-16
206.  1.502041E-16
207.  1.532650E-16
208.  1.563724E-16
209.  1.595266E-16
210.  1.627278E-16
211.  1.659766E-16
212.  1.692732E-16
213.  1.726178E-16
214.  1.760105E-16
215.  1.794519E-16
216.  1.829421E-16
217.  1.864816E-16
218.  1.900702E-16
219.  1.937085E-16
220.  1.973968E-16
221.  2.011348E-16
222.  2.049233E-16
223.  2.087622E-16
224.  2.126516E-16
225.  2.165918E-16
226.  2.205831E-16
227.  2.246255E-16
228.  2.287193E-16
229.  2.328642E-16
230.  2.370609E-16
231.  2.413092E-16
232.  2.456092E-16
233.  2.499611E-16
234.  2.543648E-16
235.  2.588206E-16
236.  2.633283E-16
237.  2.678881E-16
238.  2.724999E-16
239.  2.771637E-16
240.  2.818797E-16
241.  2.866477E-16
242.  2.914676E-16
243.  2.963397E-16
244.  3.012636E-16
245.  3.062394E-16
246.  3.112667E-16
247.  3.163459E-16
248.  3.214765E-16
249.  3.266584E-16
250.  3.318916E-16
251.  3.371760E-16
252.  3.425112E-16
253.  3.478969E-16
254.  3.533331E-16
255.  3.588197E-16
256.  3.643563E-16
257.  3.699425E-16
258.  3.755781E-16
259.  3.812631E-16
260.  3.869968E-16
261.  3.927789E-16
262.  3.986095E-16
263.  4.044877E-16
264.  4.104135E-16
265.  4.163863E-16
266.  4.224058E-16
267.  4.284715E-16
268.  4.345830E-16
269.  4.407399E-16
270.  4.469417E-16
271.  4.531879E-16
272.  4.594780E-16
273.  4.658114E-16
274.  4.721874E-16
275.  4.786061E-16
276.  4.850664E-16
277.  4.915678E-16
278.  4.981098E-16
279.  5.046916E-16
280.  5.113127E-16
281.  5.179725E-16
282.  5.246703E-16
283.  5.314054E-16
284.  5.381772E-16
285.  5.449848E-16
286.  5.518275E-16
287.  5.587048E-16
288.  5.656159E-16
289.  5.725598E-16
290.  5.795359E-16
291.  5.865433E-16
292.  5.935814E-16
293.  6.006492E-16
294.  6.077460E-16
295.  6.148707E-16
296.  6.220228E-16
297.  6.292012E-16
298.  6.364050E-16
299.  6.436335E-16
300.  6.508855E-16
301.  6.581604E-16
302.  6.654571E-16
303.  6.727747E-16
304.  6.801121E-16
305.  6.874687E-16
306.  6.948431E-16
307.  7.022348E-16
308.  7.096425E-16
309.  7.170653E-16
310.  7.245020E-16
311.  7.319518E-16
312.  7.394138E-16
313.  7.468867E-16
314.  7.543696E-16
315.  7.618615E-16
316.  7.693612E-16
317.  7.768677E-16
318.  7.843802E-16
319.  7.918973E-16
320.  7.994182E-16
321.  8.069417E-16
322.  8.144664E-16
323.  8.219919E-16
324.  8.295168E-16
325.  8.370398E-16
326.  8.445602E-16
327.  8.520767E-16
328.  8.595883E-16
329.  8.670938E-16
330.  8.745922E-16
331.  8.820826E-16
332.  8.895635E-16
333.  8.970341E-16
334.  9.044933E-16
335.  9.119400E-16
336.  9.193733E-16
337.  9.267916E-16
338.  9.341942E-16
339.  9.415800E-16
340.  9.489483E-16
341.  9.562974E-16
342.  9.636264E-16
343.  9.709346E-16
344.  9.782208E-16
345.  9.854839E-16
346.  9.927227E-16
347.  9.999364E-16
348.  1.007124E-15
349.  1.014285E-15
350.  1.021417E-15
351.  1.028521E-15
352.  1.035593E-15
353.  1.042636E-15
354.  1.049646E-15
355.  1.056623E-15
356.  1.063566E-15
357.  1.070475E-15
358.  1.077347E-15
359.  1.084183E-15
360.  1.090982E-15
361.  1.097742E-15
362.  1.104462E-15
363.  1.111143E-15
364.  1.117783E-15
365.  1.124381E-15
366.  1.130936E-15
367.  1.137448E-15
368.  1.143916E-15
369.  1.150339E-15
370.  1.156715E-15
371.  1.163046E-15
372.  1.169330E-15
373.  1.175566E-15
374.  1.181753E-15
375.  1.187891E-15
376.  1.193979E-15
377.  1.200017E-15
378.  1.206003E-15
379.  1.211938E-15
380.  1.217821E-15
381.  1.223651E-15
382.  1.229427E-15
383.  1.235149E-15
384.  1.240817E-15
385.  1.246430E-15
386.  1.251988E-15
387.  1.257489E-15
388.  1.262934E-15
389.  1.268323E-15
390.  1.273654E-15
391.  1.278928E-15
392.  1.284144E-15
393.  1.289301E-15
394.  1.294400E-15
395.  1.299440E-15
396.  1.304421E-15
397.  1.309342E-15
398.  1.314203E-15
399.  1.319005E-15
400.  1.323746E-15
401.  1.328426E-15
402.  1.333046E-15
403.  1.337605E-15
404.  1.342103E-15
405.  1.346540E-15
406.  1.350916E-15
407.  1.355230E-15
408.  1.359483E-15
409.  1.363675E-15
410.  1.367804E-15
411.  1.371873E-15
412.  1.375879E-15
413.  1.379824E-15
414.  1.383707E-15
415.  1.387529E-15
416.  1.391289E-15
417.  1.394988E-15
418.  1.398625E-15
419.  1.402201E-15
420.  1.405715E-15
421.  1.409169E-15
422.  1.412561E-15
423.  1.415892E-15
424.  1.419163E-15
425.  1.422373E-15
426.  1.425523E-15
427.  1.428613E-15
428.  1.431642E-15
429.  1.434612E-15
430.  1.437522E-15
431.  1.440373E-15
432.  1.443165E-15
433.  1.445898E-15
434.  1.448572E-15
435.  1.451189E-15
436.  1.453747E-15
437.  1.456247E-15
438.  1.458690E-15
439.  1.461076E-15
440.  1.463405E-15
441.  1.465677E-15
442.  1.467894E-15
443.  1.470055E-15
444.  1.472160E-15
445.  1.474210E-15
446.  1.476205E-15
447.  1.478146E-15
448.  1.480034E-15
449.  1.481867E-15
450.  1.483647E-15
451.  1.485374E-15
452.  1.487049E-15
453.  1.488671E-15
454.  1.490241E-15
455.  1.491761E-15
456.  1.493229E-15
457.  1.494647E-15
458.  1.496014E-15
459.  1.497332E-15
460.  1.498600E-15
461.  1.499819E-15
462.  1.500990E-15
463.  1.502113E-15
464.  1.503187E-15
465.  1.504214E-15
466.  1.505194E-15
467.  1.506127E-15
468.  1.507014E-15
469.  1.507856E-15
470.  1.508651E-15
471.  1.509402E-15
472.  1.510107E-15
473.  1.510769E-15
474.  1.511386E-15
475.  1.511960E-15
476.  1.512490E-15
477.  1.512977E-15
478.  1.513422E-15
479.  1.513825E-15
480.  1.514186E-15
481.  1.514505E-15
482.  1.514783E-15
483.  1.515021E-15
484.  1.515217E-15
485.  1.515374E-15
486.  1.515490E-15
487.  1.515567E-15
488.  1.515605E-15
489.  1.515604E-15
490.  1.515564E-15
491.  1.515486E-15
492.  1.515369E-15
493.  1.515215E-15
494.  1.515023E-15
495.  1.514794E-15
496.  1.514528E-15
497.  1.514225E-15
498.  1.513885E-15
499.  1.513509E-15
500.  1.513097E-15
501.  1.512649E-15
502.  1.512166E-15
503.  1.511647E-15
504.  1.511093E-15
505.  1.510504E-15
506.  1.509880E-15
507.  1.509221E-15
508.  1.508528E-15
509.  1.507801E-15
510.  1.507039E-15
511.  1.506244E-15
512.  1.505415E-15
513.  1.504552E-15
514.  1.503656E-15
515.  1.502726E-15
516.  1.501764E-15
517.  1.500768E-15
518.  1.499739E-15
519.  1.498678E-15
520.  1.497584E-15
521.  1.496457E-15
522.  1.495298E-15
523.  1.494107E-15
524.  1.492883E-15
525.  1.491627E-15
526.  1.490339E-15
527.  1.489019E-15
528.  1.487668E-15
529.  1.486285E-15
530.  1.484870E-15
531.  1.483423E-15
532.  1.481945E-15
533.  1.480436E-15
534.  1.478895E-15
535.  1.477322E-15
536.  1.475719E-15
537.  1.474084E-15
538.  1.472419E-15
539.  1.470722E-15
540.  1.468995E-15
541.  1.467237E-15
542.  1.465448E-15
543.  1.463628E-15
544.  1.461778E-15
545.  1.459897E-15
546.  1.457985E-15
547.  1.456044E-15
548.  1.454072E-15
549.  1.452069E-15
550.  1.450037E-15
551.  1.447974E-15
552.  1.445881E-15
553.  1.443759E-15
554.  1.441606E-15
555.  1.439424E-15
556.  1.437212E-15
557.  1.434970E-15
558.  1.432699E-15
559.  1.430398E-15
560.  1.428068E-15
561.  1.425709E-15
562.  1.423321E-15
563.  1.420904E-15
564.  1.418458E-15
565.  1.415983E-15
566.  1.413480E-15
567.  1.410948E-15
568.  1.408388E-15
569.  1.405799E-15
570.  1.403183E-15
571.  1.400538E-15
572.  1.397867E-15
573.  1.395167E-15
574.  1.392440E-15
575.  1.389685E-15
576.  1.386904E-15
577.  1.384096E-15
578.  1.381260E-15
579.  1.378399E-15
580.  1.375511E-15
581.  1.372597E-15
582.  1.369657E-15
583.  1.366691E-15
584.  1.363700E-15
585.  1.360684E-15
586.  1.357642E-15
587.  1.354576E-15
588.  1.351486E-15
589.  1.348371E-15
590.  1.345232E-15
591.  1.342069E-15
592.  1.338883E-15
593.  1.335674E-15
594.  1.332442E-15
595.  1.329187E-15
596.  1.325910E-15
597.  1.322611E-15
598.  1.319290E-15
599.  1.315948E-15
600.  1.312584E-15
601.  1.309200E-15
602.  1.305796E-15
603.  1.302371E-15
604.  1.298927E-15
605.  1.295463E-15
606.  1.291981E-15
607.  1.288479E-15
608.  1.284959E-15
609.  1.281422E-15
610.  1.277867E-15
611.  1.274294E-15
612.  1.270705E-15
613.  1.267099E-15
614.  1.263477E-15
615.  1.259840E-15
616.  1.256187E-15
617.  1.252520E-15
618.  1.248838E-15
619.  1.245142E-15
620.  1.241432E-15
621.  1.237710E-15
622.  1.233974E-15
623.  1.230226E-15
624.  1.226467E-15
625.  1.222695E-15
626.  1.218913E-15
627.  1.215120E-15
628.  1.211317E-15
629.  1.207505E-15
630.  1.203683E-15
631.  1.199852E-15
632.  1.196013E-15
633.  1.192166E-15
634.  1.188311E-15
635.  1.184450E-15
636.  1.180581E-15
637.  1.176707E-15
638.  1.172827E-15
639.  1.168943E-15
640.  1.165053E-15
641.  1.161159E-15
642.  1.157261E-15
643.  1.153360E-15
644.  1.149456E-15
645.  1.145550E-15
646.  1.141641E-15
647.  1.137731E-15
648.  1.133821E-15
649.  1.129909E-15
650.  1.125998E-15
651.  1.122087E-15
652.  1.118176E-15
653.  1.114267E-15
654.  1.110360E-15
655.  1.106455E-15
656.  1.102553E-15
657.  1.098653E-15
658.  1.094758E-15
659.  1.090866E-15
660.  1.086979E-15
661.  1.083096E-15
662.  1.079219E-15
663.  1.075348E-15
664.  1.071483E-15
665.  1.067625E-15
666.  1.063774E-15
667.  1.059930E-15
668.  1.056094E-15
669.  1.052267E-15
670.  1.048449E-15
671.  1.044639E-15
672.  1.040840E-15
673.  1.037051E-15
674.  1.033272E-15
675.  1.029504E-15
676.  1.025747E-15
677.  1.022002E-15
678.  1.018269E-15
679.  1.014549E-15
680.  1.010842E-15
681.  1.007148E-15
682.  1.003468E-15
683.  9.998017E-16
684.  9.961500E-16
685.  9.925133E-16
686.  9.888917E-16
687.  9.852859E-16
688.  9.816962E-16
689.  9.781225E-16
690.  9.745657E-16
691.  9.710261E-16
692.  9.675037E-16
693.  9.639993E-16
694.  9.605130E-16
695.  9.570453E-16
696.  9.535963E-16
697.  9.501663E-16
698.  9.467560E-16
699.  9.433656E-16
700.  9.399952E-16
701.  9.366454E-16
702.  9.333162E-16
703.  9.300084E-16
704.  9.267219E-16
705.  9.234573E-16
706.  9.202146E-16
707.  9.169943E-16
708.  9.137966E-16
709.  9.106219E-16
710.  9.074705E-16
711.  9.043426E-16
712.  9.012383E-16
713.  8.981583E-16
714.  8.951026E-16
715.  8.920716E-16
716.  8.890655E-16
717.  8.860843E-16
718.  8.831289E-16
719.  8.801991E-16
720.  8.772952E-16
721.  8.744175E-16
722.  8.715663E-16
723.  8.687417E-16
724.  8.659442E-16
725.  8.631737E-16
726.  8.604307E-16
727.  8.577153E-16
728.  8.550277E-16
729.  8.523682E-16
730.  8.497370E-16
731.  8.471344E-16
732.  8.445604E-16
733.  8.420153E-16
734.  8.394995E-16
735.  8.370130E-16
736.  8.345559E-16
737.  8.321284E-16
738.  8.297311E-16
739.  8.273637E-16
740.  8.250266E-16
741.  8.227199E-16
742.  8.204438E-16
743.  8.181986E-16
744.  8.159842E-16
745.  8.138010E-16
746.  8.116490E-16
747.  8.095283E-16
748.  8.074392E-16
749.  8.053819E-16
750.  8.033562E-16
751.  8.013625E-16
752.  7.994011E-16
753.  7.974717E-16
754.  7.955747E-16
755.  7.937103E-16
756.  7.918782E-16
757.  7.900788E-16
758.  7.883120E-16
759.  7.865784E-16
760.  7.848775E-16
761.  7.832098E-16
762.  7.815749E-16
763.  7.799734E-16
764.  7.784051E-16
765.  7.768700E-16
766.  7.753683E-16
767.  7.739002E-16
768.  7.724654E-16
769.  7.710642E-16
770.  7.696964E-16
771.  7.683623E-16
772.  7.670618E-16
773.  7.657948E-16
774.  7.645616E-16
775.  7.633619E-16
776.  7.621958E-16
777.  7.610635E-16
778.  7.599647E-16
779.  7.588997E-16
780.  7.578682E-16
781.  7.568702E-16
782.  7.559058E-16
783.  7.549749E-16
784.  7.540772E-16
785.  7.532131E-16
786.  7.523822E-16
787.  7.515846E-16
788.  7.508203E-16
789.  7.500890E-16
790.  7.493906E-16
791.  7.487252E-16
792.  7.480927E-16
793.  7.474928E-16
794.  7.469254E-16
795.  7.463907E-16
796.  7.458882E-16
797.  7.454178E-16
798.  7.449796E-16
799.  7.445732E-16
800.  7.441986E-16
801.  7.438557E-16
802.  7.435441E-16
803.  7.432637E-16
804.  7.430144E-16
805.  7.427960E-16
806.  7.426083E-16
807.  7.424510E-16
808.  7.423240E-16
809.  7.422267E-16
810.  7.421596E-16
811.  7.421219E-16
812.  7.421135E-16
813.  7.421342E-16
814.  7.421836E-16
815.  7.422616E-16
816.  7.423679E-16
817.  7.425023E-16
818.  7.426644E-16
819.  7.428539E-16
820.  7.430706E-16
821.  7.433141E-16
822.  7.435842E-16
823.  7.438803E-16
824.  7.442025E-16
825.  7.445503E-16
826.  7.449232E-16
827.  7.453211E-16
828.  7.457436E-16
829.  7.461903E-16
830.  7.466608E-16
831.  7.471547E-16
832.  7.476719E-16
833.  7.482118E-16
834.  7.487741E-16
835.  7.493583E-16
836.  7.499642E-16
837.  7.505912E-16
838.  7.512392E-16
839.  7.519074E-16
840.  7.525958E-16
841.  7.533037E-16
842.  7.540307E-16
843.  7.547767E-16
844.  7.555409E-16
845.  7.563230E-16
846.  7.571226E-16
847.  7.579393E-16
848.  7.587726E-16
849.  7.596221E-16
850.  7.604874E-16
851.  7.613680E-16
852.  7.622633E-16
853.  7.631733E-16
854.  7.640969E-16
855.  7.650342E-16
856.  7.659845E-16
857.  7.669475E-16
858.  7.679226E-16
859.  7.689094E-16
860.  7.699074E-16
861.  7.709161E-16
862.  7.719352E-16
863.  7.729643E-16
864.  7.740025E-16
865.  7.750498E-16
866.  7.761056E-16
867.  7.771695E-16
868.  7.782407E-16
869.  7.793192E-16
870.  7.804044E-16
871.  7.814956E-16
872.  7.825928E-16
873.  7.836952E-16
874.  7.848025E-16
875.  7.859142E-16
876.  7.870299E-16
877.  7.881491E-16
878.  7.892714E-16
879.  7.903966E-16
880.  7.915237E-16
881.  7.926528E-16
882.  7.937832E-16
883.  7.949147E-16
884.  7.960469E-16
885.  7.971790E-16
886.  7.983109E-16
887.  7.994423E-16
888.  8.005726E-16
889.  8.017015E-16
890.  8.028285E-16
891.  8.039534E-16
892.  8.050759E-16
893.  8.061953E-16
894.  8.073114E-16
895.  8.084240E-16
896.  8.095326E-16
897.  8.106369E-16
898.  8.117366E-16
899.  8.128311E-16
900.  8.139205E-16
901.  8.150044E-16
902.  8.160824E-16
903.  8.171541E-16
904.  8.182194E-16
905.  8.192779E-16
906.  8.203294E-16
907.  8.213736E-16
908.  8.224102E-16
909.  8.234392E-16
910.  8.244600E-16
911.  8.254726E-16
912.  8.264767E-16
913.  8.274723E-16
914.  8.284587E-16
915.  8.294363E-16
916.  8.304045E-16
917.  8.313633E-16
918.  8.323125E-16
919.  8.332520E-16
920.  8.341815E-16
921.  8.351010E-16
922.  8.360104E-16
923.  8.369094E-16
924.  8.377982E-16
925.  8.386764E-16
926.  8.395441E-16
927.  8.404011E-16
928.  8.412474E-16
929.  8.420829E-16
930.  8.429076E-16
931.  8.437214E-16
932.  8.445243E-16
933.  8.453164E-16
934.  8.460975E-16
935.  8.468676E-16
936.  8.476271E-16
937.  8.483754E-16
938.  8.491129E-16
939.  8.498398E-16
940.  8.505558E-16
941.  8.512610E-16
942.  8.519557E-16
943.  8.526397E-16
944.  8.533134E-16
945.  8.539764E-16
946.  8.546295E-16
947.  8.552724E-16
948.  8.559052E-16
949.  8.565281E-16
950.  8.571412E-16
951.  8.577446E-16
952.  8.583387E-16
953.  8.589236E-16
954.  8.594993E-16
955.  8.600661E-16
956.  8.606243E-16
957.  8.611738E-16
958.  8.617150E-16
959.  8.622482E-16
960.  8.627736E-16
961.  8.632913E-16
962.  8.638016E-16
963.  8.643048E-16
964.  8.648011E-16
965.  8.652908E-16
966.  8.657742E-16
967.  8.662513E-16
968.  8.667228E-16
969.  8.671887E-16
970.  8.676495E-16
971.  8.681053E-16
972.  8.685564E-16
973.  8.690033E-16
974.  8.694462E-16
975.  8.698856E-16
976.  8.703215E-16
977.  8.707543E-16
978.  8.711846E-16
979.  8.716126E-16
980.  8.720385E-16
981.  8.724629E-16
982.  8.728859E-16
983.  8.733079E-16
984.  8.737295E-16
985.  8.741509E-16
986.  8.745724E-16
987.  8.749945E-16
988.  8.754176E-16
989.  8.758417E-16
990.  8.762677E-16
991.  8.766957E-16
992.  8.771260E-16
993.  8.775592E-16
994.  8.779954E-16
995.  8.784354E-16
996.  8.788792E-16
997.  8.793273E-16
998.  8.797802E-16
999.  8.802383E-16
1000.  8.807016E-16
1001.  8.811711E-16
1002.  8.816466E-16
1003.  8.821289E-16
1004.  8.826182E-16
1005.  8.831149E-16
1006.  8.836191E-16
1007.  8.841317E-16
1008.  8.846528E-16
1009.  8.851829E-16
1010.  8.857221E-16
1011.  8.862710E-16
1012.  8.868300E-16
1013.  8.873995E-16
1014.  8.879794E-16
1015.  8.885706E-16
1016.  8.891735E-16
1017.  8.897879E-16
1018.  8.904144E-16
1019.  8.910537E-16
1020.  8.917057E-16
1021.  8.923708E-16
1022.  8.930493E-16
1023.  8.937418E-16
1024.  8.944486E-16
1025.  8.951697E-16
1026.  8.959057E-16
1027.  8.966566E-16
1028.  8.974231E-16
1029.  8.982053E-16
1030.  8.990033E-16
1031.  8.998175E-16
1032.  9.006487E-16
1033.  9.014960E-16
1034.  9.023607E-16
1035.  9.032428E-16
1036.  9.041426E-16
1037.  9.050600E-16
1038.  9.059952E-16
1039.  9.069491E-16
1040.  9.079214E-16
1041.  9.089123E-16
1042.  9.099220E-16
1043.  9.109510E-16
1044.  9.119993E-16
1045.  9.130670E-16
1046.  9.141546E-16
1047.  9.152619E-16
1048.  9.163889E-16
1049.  9.175363E-16
1050.  9.187040E-16
1051.  9.198920E-16
1052.  9.211005E-16
1053.  9.223297E-16
1054.  9.235795E-16
1055.  9.248503E-16
1056.  9.261420E-16
1057.  9.274548E-16
1058.  9.287886E-16
1059.  9.301434E-16
1060.  9.315196E-16
1061.  9.329169E-16
1062.  9.343356E-16
1063.  9.357755E-16
1064.  9.372367E-16
1065.  9.387192E-16
1066.  9.402231E-16
1067.  9.417482E-16
1068.  9.432946E-16
1069.  9.448623E-16
1070.  9.464510E-16
1071.  9.480610E-16
1072.  9.496920E-16
1073.  9.513441E-16
1074.  9.530171E-16
1075.  9.547111E-16
1076.  9.564256E-16
1077.  9.581609E-16
1078.  9.599167E-16
1079.  9.616928E-16
1080.  9.634893E-16
1081.  9.653059E-16
1082.  9.671424E-16
1083.  9.689987E-16
1084.  9.708748E-16
1085.  9.727702E-16
1086.  9.746848E-16
1087.  9.766186E-16
1088.  9.785713E-16
1089.  9.805427E-16
1090.  9.825324E-16
1091.  9.845403E-16
1092.  9.865662E-16
1093.  9.886097E-16
1094.  9.906708E-16
1095.  9.927490E-16
1096.  9.948441E-16
1097.  9.969559E-16
1098.  9.990840E-16
1099.  1.001228E-15
1100.  1.003388E-15
1101.  1.005564E-15
1102.  1.007754E-15
1103.  1.009959E-15
1104.  1.012179E-15
1105.  1.014413E-15
1106.  1.016661E-15
1107.  1.018922E-15
1108.  1.021196E-15
1109.  1.023483E-15
1110.  1.025782E-15
1111.  1.028093E-15
1112.  1.030416E-15
1113.  1.032750E-15
1114.  1.035095E-15
1115.  1.037450E-15
1116.  1.039816E-15
1117.  1.042191E-15
1118.  1.044575E-15
1119.  1.046968E-15
1120.  1.049369E-15
1121.  1.051778E-15
1122.  1.054195E-15
1123.  1.056619E-15
1124.  1.059050E-15
1125.  1.061486E-15
1126.  1.063929E-15
1127.  1.066377E-15
1128.  1.068830E-15
1129.  1.071287E-15
1130.  1.073749E-15
1131.  1.076213E-15
1132.  1.078681E-15
1133.  1.081152E-15
1134.  1.083625E-15
1135.  1.086099E-15
1136.  1.088575E-15
1137.  1.091052E-15
1138.  1.093529E-15
1139.  1.096006E-15
1140.  1.098483E-15
1141.  1.100958E-15
1142.  1.103432E-15
1143.  1.105904E-15
1144.  1.108374E-15
1145.  1.110841E-15
1146.  1.113304E-15
1147.  1.115764E-15
1148.  1.118220E-15
1149.  1.120671E-15
1150.  1.123117E-15
1151.  1.125558E-15
1152.  1.127992E-15
1153.  1.130420E-15
1154.  1.132842E-15
1155.  1.135256E-15
1156.  1.137662E-15
1157.  1.140061E-15
1158.  1.142451E-15
1159.  1.144832E-15
1160.  1.147203E-15
1161.  1.149565E-15
1162.  1.151917E-15
1163.  1.154258E-15
1164.  1.156588E-15
1165.  1.158907E-15
1166.  1.161214E-15
1167.  1.163510E-15
1168.  1.165792E-15
1169.  1.168062E-15
1170.  1.170319E-15
1171.  1.172562E-15
1172.  1.174791E-15
1173.  1.177006E-15
1174.  1.179207E-15
1175.  1.181393E-15
1176.  1.183563E-15
1177.  1.185719E-15
1178.  1.187858E-15
1179.  1.189981E-15
1180.  1.192089E-15
1181.  1.194179E-15
1182.  1.196252E-15
1183.  1.198309E-15
1184.  1.200347E-15
1185.  1.202369E-15
1186.  1.204372E-15
1187.  1.206357E-15
1188.  1.208324E-15
1189.  1.210272E-15
1190.  1.212202E-15
1191.  1.214113E-15
1192.  1.216004E-15
1193.  1.217876E-15
1194.  1.219729E-15
1195.  1.221563E-15
1196.  1.223376E-15
1197.  1.225169E-15
1198.  1.226943E-15
1199.  1.228696E-15
1200.  1.230429E-15
1201.  1.232142E-15
1202.  1.233834E-15
1203.  1.235506E-15
1204.  1.237158E-15
1205.  1.238788E-15
1206.  1.240398E-15
1207.  1.241987E-15
1208.  1.243556E-15
1209.  1.245103E-15
1210.  1.246630E-15
1211.  1.248137E-15
1212.  1.249622E-15
1213.  1.251087E-15
1214.  1.252530E-15
1215.  1.253954E-15
1216.  1.255356E-15
1217.  1.256738E-15
1218.  1.258100E-15
1219.  1.259441E-15
1220.  1.260761E-15
1221.  1.262062E-15
1222.  1.263342E-15
1223.  1.264603E-15
1224.  1.265843E-15
1225.  1.267064E-15
1226.  1.268265E-15
1227.  1.269446E-15
1228.  1.270609E-15
1229.  1.271752E-15
1230.  1.272876E-15
1231.  1.273981E-15
1232.  1.275068E-15
1233.  1.276137E-15
1234.  1.277187E-15
1235.  1.278220E-15
1236.  1.279234E-15
1237.  1.280232E-15
1238.  1.281212E-15
1239.  1.282175E-15
1240.  1.283121E-15
1241.  1.284051E-15
1242.  1.284965E-15
1243.  1.285863E-15
1244.  1.286745E-15
1245.  1.287612E-15
1246.  1.288465E-15
1247.  1.289302E-15
1248.  1.290125E-15
1249.  1.290934E-15
1250.  1.291730E-15
1251.  1.292512E-15
1252.  1.293281E-15
1253.  1.294037E-15
1254.  1.294782E-15
1255.  1.295514E-15
1256.  1.296235E-15
1257.  1.296944E-15
1258.  1.297643E-15
1259.  1.298331E-15
1260.  1.299009E-15
1261.  1.299678E-15
1262.  1.300337E-15
1263.  1.300987E-15
1264.  1.301629E-15
1265.  1.302263E-15
1266.  1.302889E-15
1267.  1.303508E-15
1268.  1.304120E-15
1269.  1.304726E-15
1270.  1.305326E-15
1271.  1.305920E-15
1272.  1.306509E-15
1273.  1.307094E-15
1274.  1.307674E-15
1275.  1.308250E-15
1276.  1.308823E-15
1277.  1.309393E-15
1278.  1.309961E-15
1279.  1.310527E-15
1280.  1.311090E-15
1281.  1.311653E-15
1282.  1.312215E-15
1283.  1.312777E-15
1284.  1.313339E-15
1285.  1.313902E-15
1286.  1.314466E-15
1287.  1.315031E-15
1288.  1.315598E-15
1289.  1.316168E-15
1290.  1.316740E-15
1291.  1.317316E-15
1292.  1.317896E-15
1293.  1.318480E-15
1294.  1.319069E-15
1295.  1.319663E-15
1296.  1.320262E-15
1297.  1.320867E-15
1298.  1.321479E-15
1299.  1.322097E-15
1300.  1.322723E-15
1301.  1.323357E-15
1302.  1.323999E-15
1303.  1.324649E-15
1304.  1.325309E-15
1305.  1.325978E-15
1306.  1.326656E-15
1307.  1.327346E-15
1308.  1.328046E-15
1309.  1.328756E-15
1310.  1.329479E-15
1311.  1.330214E-15
1312.  1.330960E-15
1313.  1.331720E-15
1314.  1.332493E-15
1315.  1.333279E-15
1316.  1.334080E-15
1317.  1.334894E-15
1318.  1.335724E-15
1319.  1.336568E-15
1320.  1.337428E-15
1321.  1.338303E-15
1322.  1.339195E-15
1323.  1.340103E-15
1324.  1.341028E-15
1325.  1.341971E-15
1326.  1.342931E-15
1327.  1.343908E-15
1328.  1.344904E-15
1329.  1.345919E-15
1330.  1.346952E-15
1331.  1.348005E-15
1332.  1.349077E-15
1333.  1.350169E-15
1334.  1.351281E-15
1335.  1.352413E-15
1336.  1.353566E-15
1337.  1.354739E-15
1338.  1.355934E-15
1339.  1.357151E-15
1340.  1.358389E-15
1341.  1.359649E-15
1342.  1.360931E-15
1343.  1.362236E-15
1344.  1.363563E-15
1345.  1.364913E-15
1346.  1.366287E-15
1347.  1.367683E-15
1348.  1.369103E-15
1349.  1.370547E-15
1350.  1.372015E-15
1351.  1.373506E-15
1352.  1.375022E-15
1353.  1.376562E-15
1354.  1.378127E-15
1355.  1.379717E-15
1356.  1.381331E-15
1357.  1.382970E-15
1358.  1.384634E-15
1359.  1.386324E-15
1360.  1.388038E-15
1361.  1.389778E-15
1362.  1.391544E-15
1363.  1.393335E-15
1364.  1.395151E-15
1365.  1.396994E-15
1366.  1.398862E-15
1367.  1.400755E-15
1368.  1.402675E-15
1369.  1.404620E-15
1370.  1.406592E-15
1371.  1.408589E-15
1372.  1.410612E-15
1373.  1.412661E-15
1374.  1.414735E-15
1375.  1.416836E-15
1376.  1.418962E-15
1377.  1.421114E-15
1378.  1.423291E-15
1379.  1.425495E-15
1380.  1.427723E-15
1381.  1.429978E-15
1382.  1.432257E-15
1383.  1.434562E-15
1384.  1.436892E-15
1385.  1.439247E-15
1386.  1.441627E-15
1387.  1.444032E-15
1388.  1.446461E-15
1389.  1.448915E-15
1390.  1.451393E-15
1391.  1.453895E-15
1392.  1.456421E-15
1393.  1.458971E-15
1394.  1.461543E-15
1395.  1.464140E-15
1396.  1.466760E-15
1397.  1.469402E-15
1398.  1.472067E-15
1399.  1.474755E-15
1400.  1.477464E-15
1401.  1.480195E-15
1402.  1.482948E-15
1403.  1.485723E-15
1404.  1.488518E-15
1405.  1.491333E-15
1406.  1.494169E-15
1407.  1.497025E-15
1408.  1.499900E-15
1409.  1.502795E-15
1410.  1.505709E-15
1411.  1.508641E-15
1412.  1.511591E-15
1413.  1.514559E-15
1414.  1.517545E-15
1415.  1.520547E-15
1416.  1.523567E-15
1417.  1.526602E-15
1418.  1.529653E-15
1419.  1.532719E-15
1420.  1.535800E-15
1421.  1.538895E-15
1422.  1.542005E-15
1423.  1.545128E-15
1424.  1.548263E-15
1425.  1.551411E-15
1426.  1.554571E-15
1427.  1.557743E-15
1428.  1.560925E-15
1429.  1.564118E-15
1430.  1.567321E-15
1431.  1.570532E-15
1432.  1.573753E-15
1433.  1.576982E-15
1434.  1.580219E-15
1435.  1.583463E-15
1436.  1.586713E-15
1437.  1.589969E-15
1438.  1.593230E-15
1439.  1.596496E-15
1440.  1.599767E-15
1441.  1.603040E-15
1442.  1.606317E-15
1443.  1.609596E-15
1444.  1.612876E-15
1445.  1.616158E-15
1446.  1.619440E-15
1447.  1.622721E-15
1448.  1.626002E-15
1449.  1.629281E-15
1450.  1.632557E-15
1451.  1.635831E-15
1452.  1.639101E-15
1453.  1.642367E-15
1454.  1.645627E-15
1455.  1.648883E-15
1456.  1.652131E-15
1457.  1.655373E-15
1458.  1.658607E-15
1459.  1.661832E-15
1460.  1.665048E-15
1461.  1.668254E-15
1462.  1.671450E-15
1463.  1.674634E-15
1464.  1.677807E-15
1465.  1.680966E-15
1466.  1.684112E-15
1467.  1.687243E-15
1468.  1.690360E-15
1469.  1.693461E-15
1470.  1.696546E-15
1471.  1.699613E-15
1472.  1.702663E-15
1473.  1.705694E-15
1474.  1.708705E-15
1475.  1.711697E-15
1476.  1.714667E-15
1477.  1.717616E-15
1478.  1.720543E-15
1479.  1.723447E-15
1480.  1.726326E-15
1481.  1.729182E-15
1482.  1.732012E-15
1483.  1.734816E-15
1484.  1.737593E-15
1485.  1.740344E-15
1486.  1.743065E-15
1487.  1.745758E-15
1488.  1.748421E-15
1489.  1.751054E-15
1490.  1.753656E-15
1491.  1.756226E-15
1492.  1.758764E-15
1493.  1.761268E-15
1494.  1.763738E-15
1495.  1.766174E-15
1496.  1.768575E-15
1497.  1.770939E-15
1498.  1.773267E-15
1499.  1.775557E-15
1500.  1.777809E-15
1501.  1.780023E-15
1502.  1.782197E-15
1503.  1.784331E-15
1504.  1.786424E-15
1505.  1.788476E-15
1506.  1.790486E-15
1507.  1.792453E-15
1508.  1.794377E-15
1509.  1.796257E-15
1510.  1.798092E-15
1511.  1.799882E-15
1512.  1.801627E-15
1513.  1.803325E-15
1514.  1.804976E-15
1515.  1.806579E-15
1516.  1.808134E-15
1517.  1.809640E-15
1518.  1.811097E-15
1519.  1.812504E-15
1520.  1.813860E-15
1521.  1.815166E-15
1522.  1.816420E-15
1523.  1.817622E-15
1524.  1.818772E-15
1525.  1.819868E-15
1526.  1.820911E-15
1527.  1.821899E-15
1528.  1.822834E-15
1529.  1.823713E-15
1530.  1.824536E-15
1531.  1.825304E-15
1532.  1.826016E-15
1533.  1.826670E-15
1534.  1.827267E-15
1535.  1.827807E-15
1536.  1.828289E-15
1537.  1.828712E-15
1538.  1.829076E-15
1539.  1.829381E-15
1540.  1.829627E-15
1541.  1.829812E-15
1542.  1.829937E-15
1543.  1.830002E-15
1544.  1.830005E-15
1545.  1.829948E-15
1546.  1.829828E-15
1547.  1.829647E-15
1548.  1.829404E-15
1549.  1.829099E-15
1550.  1.828731E-15
1551.  1.828300E-15
1552.  1.827806E-15
1553.  1.827248E-15
1554.  1.826627E-15
1555.  1.825942E-15
1556.  1.825193E-15
1557.  1.824380E-15
1558.  1.823502E-15
1559.  1.822560E-15
1560.  1.821554E-15
1561.  1.820483E-15
1562.  1.819347E-15
1563.  1.818146E-15
1564.  1.816879E-15
1565.  1.815548E-15
1566.  1.814151E-15
1567.  1.812689E-15
1568.  1.811162E-15
1569.  1.809570E-15
1570.  1.807911E-15
1571.  1.806188E-15
1572.  1.804399E-15
1573.  1.802544E-15
1574.  1.800624E-15
1575.  1.798638E-15
1576.  1.796587E-15
1577.  1.794471E-15
1578.  1.792290E-15
1579.  1.790043E-15
1580.  1.787731E-15
1581.  1.785354E-15
1582.  1.782912E-15
1583.  1.780405E-15
1584.  1.777833E-15
1585.  1.775197E-15
1586.  1.772497E-15
1587.  1.769732E-15
1588.  1.766903E-15
1589.  1.764010E-15
1590.  1.761054E-15
1591.  1.758033E-15
1592.  1.754950E-15
1593.  1.751803E-15
1594.  1.748594E-15
1595.  1.745322E-15
1596.  1.741988E-15
1597.  1.738592E-15
1598.  1.735133E-15
1599.  1.731614E-15
1600.  1.728033E-15
1601.  1.724391E-15
1602.  1.720689E-15
1603.  1.716926E-15
1604.  1.713103E-15
1605.  1.709221E-15
1606.  1.705280E-15
1607.  1.701279E-15
1608.  1.697220E-15
1609.  1.693104E-15
1610.  1.688929E-15
1611.  1.684697E-15
1612.  1.680409E-15
1613.  1.676063E-15
1614.  1.671662E-15
1615.  1.667206E-15
1616.  1.662694E-15
1617.  1.658127E-15
1618.  1.653507E-15
1619.  1.648832E-15
1620.  1.644105E-15
1621.  1.639324E-15
1622.  1.634492E-15
1623.  1.629608E-15
1624.  1.624672E-15
1625.  1.619686E-15
1626.  1.614650E-15
1627.  1.609565E-15
1628.  1.604430E-15
1629.  1.599247E-15
1630.  1.594016E-15
1631.  1.588738E-15
1632.  1.583414E-15
1633.  1.578043E-15
1634.  1.572627E-15
1635.  1.567166E-15
1636.  1.561660E-15
1637.  1.556111E-15
1638.  1.550519E-15
1639.  1.544885E-15
1640.  1.539209E-15
1641.  1.533492E-15
1642.  1.527734E-15
1643.  1.521937E-15
1644.  1.516100E-15
1645.  1.510226E-15
1646.  1.504314E-15
1647.  1.498364E-15
1648.  1.492378E-15
1649.  1.486357E-15
1650.  1.480301E-15
1651.  1.474211E-15
1652.  1.468087E-15
1653.  1.461931E-15
1654.  1.455742E-15
1655.  1.449523E-15
1656.  1.443273E-15
1657.  1.436992E-15
1658.  1.430683E-15
1659.  1.424346E-15
1660.  1.417981E-15
1661.  1.411590E-15
1662.  1.405172E-15
1663.  1.398729E-15
1664.  1.392262E-15
1665.  1.385771E-15
1666.  1.379257E-15
1667.  1.372721E-15
1668.  1.366164E-15
1669.  1.359587E-15
1670.  1.352989E-15
1671.  1.346373E-15
1672.  1.339738E-15
1673.  1.333086E-15
1674.  1.326418E-15
1675.  1.319734E-15
1676.  1.313035E-15
1677.  1.306322E-15
1678.  1.299596E-15
1679.  1.292857E-15
1680.  1.286106E-15
1681.  1.279345E-15
1682.  1.272574E-15
1683.  1.265793E-15
1684.  1.259004E-15
1685.  1.252208E-15
1686.  1.245405E-15
1687.  1.238596E-15
1688.  1.231782E-15
1689.  1.224963E-15
1690.  1.218142E-15
1691.  1.211317E-15
1692.  1.204491E-15
1693.  1.197664E-15
1694.  1.190836E-15
1695.  1.184010E-15
1696.  1.177184E-15
1697.  1.170362E-15
1698.  1.163542E-15
1699.  1.156726E-15
1700.  1.149915E-15
1701.  1.143110E-15
1702.  1.136311E-15
1703.  1.129519E-15
1704.  1.122735E-15
1705.  1.115960E-15
1706.  1.109194E-15
1707.  1.102439E-15
1708.  1.095695E-15
1709.  1.088964E-15
1710.  1.082244E-15
1711.  1.075539E-15
1712.  1.068848E-15
1713.  1.062171E-15
1714.  1.055511E-15
1715.  1.048868E-15
1716.  1.042242E-15
1717.  1.035634E-15
1718.  1.029045E-15
1719.  1.022476E-15
1720.  1.015927E-15
1721.  1.009400E-15
1722.  1.002894E-15
1723.  9.964115E-16
1724.  9.899521E-16
1725.  9.835171E-16
1726.  9.771065E-16
1727.  9.707220E-16
1728.  9.643636E-16
1729.  9.580324E-16
1730.  9.517288E-16
1731.  9.454536E-16
1732.  9.392075E-16
1733.  9.329912E-16
1734.  9.268055E-16
1735.  9.206507E-16
1736.  9.145279E-16
1737.  9.084373E-16
1738.  9.023801E-16
1739.  8.963565E-16
1740.  8.903674E-16
1741.  8.844131E-16
1742.  8.784947E-16
1743.  8.726124E-16
1744.  8.667670E-16
1745.  8.609591E-16
1746.  8.551893E-16
1747.  8.494582E-16
1748.  8.437662E-16
1749.  8.381141E-16
1750.  8.325023E-16
1751.  8.269315E-16
1752.  8.214022E-16
1753.  8.159150E-16
1754.  8.104701E-16
1755.  8.050684E-16
1756.  7.997103E-16
1757.  7.943965E-16
1758.  7.891272E-16
1759.  7.839029E-16
1760.  7.787244E-16
1761.  7.735919E-16
1762.  7.685060E-16
1763.  7.634672E-16
1764.  7.584757E-16
1765.  7.535322E-16
1766.  7.486370E-16
1767.  7.437906E-16
1768.  7.389936E-16
1769.  7.342460E-16
1770.  7.295485E-16
1771.  7.249014E-16
1772.  7.203052E-16
1773.  7.157601E-16
1774.  7.112665E-16
1775.  7.068249E-16
1776.  7.024356E-16
1777.  6.980989E-16
1778.  6.938152E-16
1779.  6.895848E-16
1780.  6.854080E-16
1781.  6.812851E-16
1782.  6.772163E-16
1783.  6.732024E-16
1784.  6.692430E-16
1785.  6.653388E-16
1786.  6.614897E-16
1787.  6.576965E-16
1788.  6.539591E-16
1789.  6.502778E-16
1790.  6.466529E-16
1791.  6.430846E-16
1792.  6.395729E-16
1793.  6.361185E-16
1794.  6.327211E-16
1795.  6.293812E-16
1796.  6.260989E-16
1797.  6.228743E-16
1798.  6.197076E-16
1799.  6.165991E-16
1800.  6.135488E-16
1801.  6.105569E-16
1802.  6.076235E-16
1803.  6.047490E-16
1804.  6.019332E-16
1805.  5.991762E-16
1806.  5.964783E-16
1807.  5.938394E-16
1808.  5.912596E-16
1809.  5.887392E-16
1810.  5.862782E-16
1811.  5.838766E-16
1812.  5.815346E-16
1813.  5.792520E-16
1814.  5.770289E-16
1815.  5.748655E-16
1816.  5.727618E-16
1817.  5.707177E-16
1818.  5.687332E-16
1819.  5.668084E-16
1820.  5.649432E-16
1821.  5.631378E-16
1822.  5.613920E-16
1823.  5.597057E-16
1824.  5.580791E-16
1825.  5.565120E-16
1826.  5.550046E-16
1827.  5.535564E-16
1828.  5.521676E-16
1829.  5.508383E-16
1830.  5.495681E-16
1831.  5.483571E-16
1832.  5.472052E-16
1833.  5.461121E-16
1834.  5.450781E-16
1835.  5.441027E-16
1836.  5.431860E-16
1837.  5.423280E-16
1838.  5.415281E-16
1839.  5.407866E-16
1840.  5.401031E-16
1841.  5.394776E-16
1842.  5.389100E-16
1843.  5.383999E-16
1844.  5.379473E-16
1845.  5.375520E-16
1846.  5.372139E-16
1847.  5.369325E-16
1848.  5.367078E-16
1849.  5.365398E-16
1850.  5.364279E-16
1851.  5.363721E-16
1852.  5.363722E-16
1853.  5.364279E-16
1854.  5.365388E-16
1855.  5.367051E-16
1856.  5.369261E-16
1857.  5.372017E-16
1858.  5.375319E-16
1859.  5.379159E-16
1860.  5.383538E-16
1861.  5.388452E-16
1862.  5.393899E-16
1863.  5.399875E-16
1864.  5.406377E-16
1865.  5.413403E-16
1866.  5.420949E-16
1867.  5.429013E-16
1868.  5.437589E-16
1869.  5.446676E-16
1870.  5.456269E-16
1871.  5.466366E-16
1872.  5.476964E-16
1873.  5.488057E-16
1874.  5.499644E-16
1875.  5.511719E-16
1876.  5.524280E-16
1877.  5.537322E-16
1878.  5.550842E-16
1879.  5.564835E-16
1880.  5.579299E-16
1881.  5.594228E-16
1882.  5.609619E-16
1883.  5.625466E-16
1884.  5.641767E-16
1885.  5.658517E-16
1886.  5.675710E-16
1887.  5.693345E-16
1888.  5.711414E-16
1889.  5.729915E-16
1890.  5.748843E-16
1891.  5.768192E-16
1892.  5.787958E-16
1893.  5.808137E-16
1894.  5.828725E-16
1895.  5.849713E-16
1896.  5.871101E-16
1897.  5.892882E-16
1898.  5.915050E-16
1899.  5.937602E-16
1900.  5.960531E-16
1901.  5.983832E-16
1902.  6.007502E-16
1903.  6.031534E-16
1904.  6.055921E-16
1905.  6.080662E-16
1906.  6.105747E-16
1907.  6.131174E-16
1908.  6.156936E-16
1909.  6.183028E-16
1910.  6.209443E-16
1911.  6.236178E-16
1912.  6.263224E-16
1913.  6.290578E-16
1914.  6.318233E-16
1915.  6.346184E-16
1916.  6.374422E-16
1917.  6.402946E-16
1918.  6.431748E-16
1919.  6.460820E-16
1920.  6.490159E-16
1921.  6.519758E-16
1922.  6.549610E-16
1923.  6.579709E-16
1924.  6.610049E-16
1925.  6.640627E-16
1926.  6.671432E-16
1927.  6.702461E-16
1928.  6.733705E-16
1929.  6.765159E-16
1930.  6.796819E-16
1931.  6.828675E-16
1932.  6.860721E-16
1933.  6.892953E-16
1934.  6.925364E-16
1935.  6.957946E-16
1936.  6.990693E-16
1937.  7.023599E-16
1938.  7.056658E-16
1939.  7.089864E-16
1940.  7.123208E-16
1941.  7.156685E-16
1942.  7.190288E-16
1943.  7.224010E-16
1944.  7.257846E-16
1945.  7.291788E-16
1946.  7.325830E-16
1947.  7.359966E-16
1948.  7.394188E-16
1949.  7.428490E-16
1950.  7.462865E-16
1951.  7.497307E-16
1952.  7.531810E-16
1953.  7.566365E-16
1954.  7.600968E-16
1955.  7.635610E-16
1956.  7.670286E-16
1957.  7.704990E-16
1958.  7.739712E-16
1959.  7.774451E-16
1960.  7.809195E-16
1961.  7.843941E-16
1962.  7.878681E-16
1963.  7.913408E-16
1964.  7.948117E-16
1965.  7.982799E-16
1966.  8.017451E-16
1967.  8.052064E-16
1968.  8.086632E-16
1969.  8.121149E-16
1970.  8.155608E-16
1971.  8.190003E-16
1972.  8.224329E-16
1973.  8.258577E-16
1974.  8.292744E-16
1975.  8.326821E-16
1976.  8.360802E-16
1977.  8.394684E-16
1978.  8.428456E-16
1979.  8.462116E-16
1980.  8.495656E-16
1981.  8.529072E-16
1982.  8.562354E-16
1983.  8.595501E-16
1984.  8.628502E-16
1985.  8.661357E-16
1986.  8.694054E-16
1987.  8.726594E-16
1988.  8.758964E-16
1989.  8.791164E-16
1990.  8.823188E-16
1991.  8.855027E-16
1992.  8.886678E-16
1993.  8.918137E-16
1994.  8.949396E-16
1995.  8.980450E-16
1996.  9.011296E-16
1997.  9.041926E-16
1998.  9.072338E-16
1999.  9.102525E-16
2000.  9.132482E-16
2001.  9.162203E-16
2002.  9.191686E-16
2003.  9.220926E-16
2004.  9.249916E-16
2005.  9.278654E-16
2006.  9.307134E-16
2007.  9.335351E-16
2008.  9.363303E-16
2009.  9.390983E-16
2010.  9.418388E-16
2011.  9.445513E-16
2012.  9.472357E-16
2013.  9.498911E-16
2014.  9.525177E-16
2015.  9.551147E-16
2016.  9.576818E-16
2017.  9.602188E-16
2018.  9.627252E-16
2019.  9.652005E-16
2020.  9.676447E-16
2021.  9.700574E-16
2022.  9.724381E-16
2023.  9.747865E-16
2024.  9.771025E-16
2025.  9.793859E-16
2026.  9.816359E-16
2027.  9.838527E-16
2028.  9.860359E-16
2029.  9.881851E-16
2030.  9.903001E-16
2031.  9.923808E-16
2032.  9.944271E-16
2033.  9.964383E-16
2034.  9.984149E-16
2035.  1.000356E-15
2036.  1.002262E-15
2037.  1.004132E-15
2038.  1.005966E-15
2039.  1.007765E-15
2040.  1.009527E-15
2041.  1.011254E-15
2042.  1.012944E-15
2043.  1.014597E-15
2044.  1.016214E-15
2045.  1.017795E-15
2046.  1.019338E-15
2047.  1.020845E-15
2048.  1.022315E-15
2049.  1.023748E-15
2050.  1.025144E-15
2051.  1.026504E-15
2052.  1.027826E-15
2053.  1.029111E-15
2054.  1.030359E-15
2055.  1.031570E-15
2056.  1.032744E-15
2057.  1.033881E-15
2058.  1.034981E-15
2059.  1.036044E-15
2060.  1.037070E-15
2061.  1.038060E-15
2062.  1.039012E-15
2063.  1.039929E-15
2064.  1.040808E-15
2065.  1.041652E-15
2066.  1.042458E-15
2067.  1.043229E-15
2068.  1.043964E-15
2069.  1.044663E-15
2070.  1.045327E-15
2071.  1.045954E-15
2072.  1.046547E-15
2073.  1.047104E-15
2074.  1.047626E-15
2075.  1.048114E-15
2076.  1.048567E-15
2077.  1.048986E-15
2078.  1.049371E-15
2079.  1.049722E-15
2080.  1.050039E-15
2081.  1.050324E-15
2082.  1.050575E-15
2083.  1.050794E-15
2084.  1.050980E-15
2085.  1.051135E-15
2086.  1.051258E-15
2087.  1.051349E-15
2088.  1.051409E-15
2089.  1.051439E-15
2090.  1.051438E-15
2091.  1.051408E-15
2092.  1.051348E-15
2093.  1.051258E-15
2094.  1.051140E-15
2095.  1.050994E-15
2096.  1.050819E-15
2097.  1.050617E-15
2098.  1.050388E-15
2099.  1.050133E-15
2100.  1.049851E-15
2101.  1.049543E-15
2102.  1.049210E-15
2103.  1.048853E-15
2104.  1.048471E-15
2105.  1.048065E-15
2106.  1.047635E-15
2107.  1.047183E-15
2108.  1.046709E-15
2109.  1.046213E-15
2110.  1.045696E-15
2111.  1.045158E-15
2112.  1.044599E-15
2113.  1.044022E-15
2114.  1.043425E-15
2115.  1.042809E-15
2116.  1.042176E-15
2117.  1.041525E-15
2118.  1.040857E-15
2119.  1.040173E-15
2120.  1.039474E-15
2121.  1.038759E-15
2122.  1.038031E-15
2123.  1.037288E-15
2124.  1.036532E-15
2125.  1.035763E-15
2126.  1.034983E-15
2127.  1.034191E-15
2128.  1.033388E-15
2129.  1.032575E-15
2130.  1.031753E-15
2131.  1.030922E-15
2132.  1.030083E-15
2133.  1.029236E-15
2134.  1.028382E-15
2135.  1.027522E-15
2136.  1.026657E-15
2137.  1.025786E-15
2138.  1.024912E-15
2139.  1.024033E-15
2140.  1.023152E-15
2141.  1.022268E-15
2142.  1.021383E-15
2143.  1.020496E-15
2144.  1.019609E-15
2145.  1.018723E-15
2146.  1.017837E-15
2147.  1.016953E-15
2148.  1.016072E-15
2149.  1.015193E-15
2150.  1.014318E-15
2151.  1.013447E-15
2152.  1.012581E-15
2153.  1.011721E-15
2154.  1.010866E-15
2155.  1.010019E-15
2156.  1.009179E-15
2157.  1.008347E-15
2158.  1.007524E-15
2159.  1.006711E-15
2160.  1.005907E-15
2161.  1.005114E-15
2162.  1.004332E-15
2163.  1.003562E-15
2164.  1.002805E-15
2165.  1.002060E-15
2166.  1.001330E-15
2167.  1.000613E-15
2168.  9.999116E-16
2169.  9.992255E-16
2170.  9.985554E-16
2171.  9.979019E-16
2172.  9.972656E-16
2173.  9.966469E-16
2174.  9.960465E-16
2175.  9.954649E-16
2176.  9.949025E-16
2177.  9.943600E-16
2178.  9.938381E-16
2179.  9.933368E-16
2180.  9.928571E-16
2181.  9.923990E-16
2182.  9.919634E-16
2183.  9.915503E-16
2184.  9.911609E-16
2185.  9.907950E-16
2186.  9.904533E-16
2187.  9.901362E-16
2188.  9.898442E-16
2189.  9.895776E-16
2190.  9.893366E-16
2191.  9.891221E-16
2192.  9.889340E-16
2193.  9.887730E-16
2194.  9.886392E-16
2195.  9.885333E-16
2196.  9.884553E-16
2197.  9.884055E-16
2198.  9.883843E-16
2199.  9.883921E-16
2200.  9.884292E-16
2201.  9.884957E-16
2202.  9.885920E-16
2203.  9.887182E-16
2204.  9.888746E-16
2205.  9.890615E-16
2206.  9.892792E-16
2207.  9.895276E-16
2208.  9.898069E-16
2209.  9.901178E-16
2210.  9.904598E-16
2211.  9.908334E-16
2212.  9.912387E-16
2213.  9.916757E-16
2214.  9.921445E-16
2215.  9.926453E-16
2216.  9.931783E-16
2217.  9.937434E-16
2218.  9.943406E-16
2219.  9.949698E-16
2220.  9.956313E-16
2221.  9.963253E-16
2222.  9.970513E-16
2223.  9.978097E-16
2224.  9.986000E-16
2225.  9.994229E-16
2226.  1.000278E-15
2227.  1.001164E-15
2228.  1.002083E-15
2229.  1.003034E-15
2230.  1.004016E-15
2231.  1.005030E-15
2232.  1.006076E-15
2233.  1.007152E-15
2234.  1.008261E-15
2235.  1.009400E-15
2236.  1.010570E-15
2237.  1.011770E-15
2238.  1.013001E-15
2239.  1.014263E-15
2240.  1.015554E-15
2241.  1.016875E-15
2242.  1.018226E-15
2243.  1.019606E-15
2244.  1.021015E-15
2245.  1.022452E-15
2246.  1.023918E-15
2247.  1.025412E-15
2248.  1.026934E-15
2249.  1.028483E-15
2250.  1.030060E-15
2251.  1.031663E-15
2252.  1.033292E-15
2253.  1.034947E-15
2254.  1.036628E-15
2255.  1.038335E-15
2256.  1.040066E-15
2257.  1.041821E-15
2258.  1.043600E-15
2259.  1.045404E-15
2260.  1.047230E-15
2261.  1.049078E-15
2262.  1.050949E-15
2263.  1.052842E-15
2264.  1.054756E-15
2265.  1.056691E-15
2266.  1.058646E-15
2267.  1.060622E-15
2268.  1.062616E-15
2269.  1.064629E-15
2270.  1.066661E-15
2271.  1.068710E-15
2272.  1.070777E-15
2273.  1.072861E-15
2274.  1.074960E-15
2275.  1.077076E-15
2276.  1.079206E-15
2277.  1.081351E-15
2278.  1.083511E-15
2279.  1.085683E-15
2280.  1.087869E-15
2281.  1.090067E-15
2282.  1.092277E-15
2283.  1.094497E-15
2284.  1.096729E-15
2285.  1.098971E-15
2286.  1.101222E-15
2287.  1.103481E-15
2288.  1.105750E-15
2289.  1.108025E-15
2290.  1.110308E-15
2291.  1.112598E-15
2292.  1.114893E-15
2293.  1.117193E-15
2294.  1.119498E-15
2295.  1.121808E-15
2296.  1.124121E-15
2297.  1.126436E-15
2298.  1.128754E-15
2299.  1.131074E-15
2300.  1.133394E-15
2301.  1.135715E-15
2302.  1.138036E-15
2303.  1.140356E-15
2304.  1.142675E-15
2305.  1.144992E-15
2306.  1.147306E-15
2307.  1.149617E-15
2308.  1.151924E-15
2309.  1.154227E-15
2310.  1.156524E-15
2311.  1.158816E-15
2312.  1.161102E-15
2313.  1.163382E-15
2314.  1.165653E-15
2315.  1.167917E-15
2316.  1.170172E-15
2317.  1.172419E-15
2318.  1.174655E-15
2319.  1.176881E-15
2320.  1.179096E-15
2321.  1.181300E-15
2322.  1.183491E-15
2323.  1.185671E-15
2324.  1.187837E-15
2325.  1.189989E-15
2326.  1.192127E-15
2327.  1.194250E-15
2328.  1.196358E-15
2329.  1.198449E-15
2330.  1.200525E-15
2331.  1.202583E-15
2332.  1.204624E-15
2333.  1.206647E-15
2334.  1.208651E-15
2335.  1.210635E-15
2336.  1.212601E-15
2337.  1.214546E-15
2338.  1.216470E-15
2339.  1.218374E-15
2340.  1.220255E-15
2341.  1.222115E-15
2342.  1.223951E-15
2343.  1.225765E-15
2344.  1.227555E-15
2345.  1.229321E-15
2346.  1.231063E-15
2347.  1.232779E-15
2348.  1.234470E-15
2349.  1.236135E-15
2350.  1.237773E-15
2351.  1.239385E-15
2352.  1.240969E-15
2353.  1.242526E-15
2354.  1.244055E-15
2355.  1.245555E-15
2356.  1.247026E-15
2357.  1.248467E-15
2358.  1.249879E-15
2359.  1.251261E-15
2360.  1.252613E-15
2361.  1.253933E-15
2362.  1.255222E-15
2363.  1.256479E-15
2364.  1.257704E-15
2365.  1.258897E-15
2366.  1.260056E-15
2367.  1.261183E-15
2368.  1.262276E-15
2369.  1.263336E-15
2370.  1.264361E-15
2371.  1.265352E-15
2372.  1.266307E-15
2373.  1.267228E-15
2374.  1.268113E-15
2375.  1.268963E-15
2376.  1.269777E-15
2377.  1.270554E-15
2378.  1.271294E-15
2379.  1.271998E-15
2380.  1.272664E-15
2381.  1.273293E-15
2382.  1.273885E-15
2383.  1.274438E-15
2384.  1.274953E-15
2385.  1.275430E-15
2386.  1.275868E-15
2387.  1.276267E-15
2388.  1.276627E-15
2389.  1.276948E-15
2390.  1.277229E-15
2391.  1.277471E-15
2392.  1.277672E-15
2393.  1.277833E-15
2394.  1.277955E-15
2395.  1.278035E-15
2396.  1.278075E-15
2397.  1.278075E-15
2398.  1.278033E-15
2399.  1.277950E-15
2400.  1.277826E-15
2401.  1.277661E-15
2402.  1.277454E-15
2403.  1.277205E-15
2404.  1.276915E-15
2405.  1.276583E-15
2406.  1.276209E-15
2407.  1.275794E-15
2408.  1.275335E-15
2409.  1.274835E-15
2410.  1.274293E-15
2411.  1.273708E-15
2412.  1.273081E-15
2413.  1.272411E-15
2414.  1.271699E-15
2415.  1.270945E-15
2416.  1.270148E-15
2417.  1.269309E-15
2418.  1.268426E-15
2419.  1.267502E-15
2420.  1.266535E-15
2421.  1.265525E-15
2422.  1.264473E-15
2423.  1.263379E-15
2424.  1.262242E-15
2425.  1.261062E-15
2426.  1.259840E-15
2427.  1.258576E-15
2428.  1.257270E-15
2429.  1.255921E-15
2430.  1.254530E-15
2431.  1.253098E-15
2432.  1.251623E-15
2433.  1.250106E-15
2434.  1.248548E-15
2435.  1.246948E-15
2436.  1.245307E-15
2437.  1.243624E-15
2438.  1.241901E-15
2439.  1.240135E-15
2440.  1.238329E-15
2441.  1.236483E-15
2442.  1.234595E-15
2443.  1.232668E-15
2444.  1.230699E-15
2445.  1.228691E-15
2446.  1.226643E-15
2447.  1.224556E-15
2448.  1.222429E-15
2449.  1.220262E-15
2450.  1.218057E-15
2451.  1.215813E-15
2452.  1.213530E-15
2453.  1.211209E-15
2454.  1.208849E-15
2455.  1.206452E-15
2456.  1.204018E-15
2457.  1.201546E-15
2458.  1.199037E-15
2459.  1.196491E-15
2460.  1.193909E-15
2461.  1.191291E-15
2462.  1.188638E-15
2463.  1.185948E-15
2464.  1.183223E-15
2465.  1.180464E-15
2466.  1.177670E-15
2467.  1.174841E-15
2468.  1.171979E-15
2469.  1.169083E-15
2470.  1.166154E-15
2471.  1.163193E-15
2472.  1.160198E-15
2473.  1.157172E-15
2474.  1.154114E-15
2475.  1.151025E-15
2476.  1.147905E-15
2477.  1.144754E-15
2478.  1.141573E-15
2479.  1.138363E-15
2480.  1.135123E-15
2481.  1.131854E-15
2482.  1.128556E-15
2483.  1.125231E-15
2484.  1.121877E-15
2485.  1.118497E-15
2486.  1.115090E-15
2487.  1.111656E-15
2488.  1.108196E-15
2489.  1.104711E-15
2490.  1.101201E-15
2491.  1.097667E-15
2492.  1.094108E-15
2493.  1.090525E-15
2494.  1.086919E-15
2495.  1.083291E-15
2496.  1.079640E-15
2497.  1.075968E-15
2498.  1.072274E-15
2499.  1.068559E-15
2500.  1.064824E-15
2501.  1.061068E-15
2502.  1.057294E-15
2503.  1.053500E-15
2504.  1.049688E-15
2505.  1.045858E-15
2506.  1.042011E-15
2507.  1.038146E-15
2508.  1.034265E-15
2509.  1.030368E-15
2510.  1.026455E-15
2511.  1.022527E-15
2512.  1.018585E-15
2513.  1.014628E-15
2514.  1.010659E-15
2515.  1.006675E-15
2516.  1.002679E-15
2517.  9.986714E-16
2518.  9.946519E-16
2519.  9.906211E-16
2520.  9.865797E-16
2521.  9.825281E-16
2522.  9.784668E-16
2523.  9.743962E-16
2524.  9.703170E-16
2525.  9.662294E-16
2526.  9.621342E-16
2527.  9.580315E-16
2528.  9.539219E-16
2529.  9.498062E-16
2530.  9.456845E-16
2531.  9.415572E-16
2532.  9.374250E-16
2533.  9.332884E-16
2534.  9.291476E-16
2535.  9.250032E-16
2536.  9.208557E-16
2537.  9.167054E-16
2538.  9.125529E-16
2539.  9.083985E-16
2540.  9.042427E-16
2541.  9.000860E-16
2542.  8.959286E-16
2543.  8.917713E-16
2544.  8.876142E-16
2545.  8.834578E-16
2546.  8.793025E-16
2547.  8.751487E-16
2548.  8.709969E-16
2549.  8.668472E-16
2550.  8.627004E-16
2551.  8.585565E-16
2552.  8.544163E-16
2553.  8.502798E-16
2554.  8.461475E-16
2555.  8.420198E-16
2556.  8.378970E-16
2557.  8.337793E-16
2558.  8.296673E-16
2559.  8.255613E-16
2560.  8.214614E-16
2561.  8.173683E-16
2562.  8.132821E-16
2563.  8.092031E-16
2564.  8.051317E-16
2565.  8.010679E-16
2566.  7.970123E-16
2567.  7.929651E-16
2568.  7.889267E-16
2569.  7.848973E-16
2570.  7.808770E-16
2571.  7.768664E-16
2572.  7.728653E-16
2573.  7.688744E-16
2574.  7.648936E-16
2575.  7.609234E-16
2576.  7.569636E-16
2577.  7.530150E-16
2578.  7.490776E-16
2579.  7.451512E-16
2580.  7.412367E-16
2581.  7.373337E-16
2582.  7.334428E-16
2583.  7.295638E-16
2584.  7.256971E-16
2585.  7.218429E-16
2586.  7.180012E-16
2587.  7.141724E-16
2588.  7.103563E-16
2589.  7.065534E-16
2590.  7.027635E-16
2591.  6.989870E-16
2592.  6.952238E-16
2593.  6.914743E-16
2594.  6.877383E-16
2595.  6.840159E-16
2596.  6.803075E-16
2597.  6.766128E-16
2598.  6.729322E-16
2599.  6.692655E-16
2600.  6.656130E-16
2601.  6.619747E-16
2602.  6.583506E-16
2603.  6.547409E-16
2604.  6.511454E-16
2605.  6.475642E-16
2606.  6.439974E-16
2607.  6.404451E-16
2608.  6.369072E-16
2609.  6.333837E-16
2610.  6.298747E-16
2611.  6.263801E-16
2612.  6.228999E-16
2613.  6.194342E-16
2614.  6.159831E-16
2615.  6.125462E-16
2616.  6.091238E-16
2617.  6.057158E-16
2618.  6.023218E-16
2619.  5.989425E-16
2620.  5.955773E-16
2621.  5.922265E-16
2622.  5.888895E-16
2623.  5.855671E-16
2624.  5.822584E-16
2625.  5.789639E-16
2626.  5.756832E-16
2627.  5.724164E-16
2628.  5.691634E-16
2629.  5.659242E-16
2630.  5.626985E-16
2631.  5.594865E-16
2632.  5.562880E-16
2633.  5.531029E-16
2634.  5.499310E-16
2635.  5.467725E-16
2636.  5.436270E-16
2637.  5.404946E-16
2638.  5.373751E-16
2639.  5.342683E-16
2640.  5.311744E-16
2641.  5.280932E-16
2642.  5.250244E-16
2643.  5.219681E-16
2644.  5.189240E-16
2645.  5.158920E-16
2646.  5.128724E-16
2647.  5.098648E-16
2648.  5.068690E-16
2649.  5.038849E-16
2650.  5.009123E-16
2651.  4.979513E-16
2652.  4.950018E-16
2653.  4.920638E-16
2654.  4.891368E-16
2655.  4.862208E-16
2656.  4.833159E-16
2657.  4.804218E-16
2658.  4.775385E-16
2659.  4.746659E-16
2660.  4.718037E-16
2661.  4.689520E-16
2662.  4.661106E-16
2663.  4.632793E-16
2664.  4.604581E-16
2665.  4.576469E-16
2666.  4.548457E-16
2667.  4.520542E-16
2668.  4.492722E-16
2669.  4.464999E-16
2670.  4.437371E-16
2671.  4.409837E-16
2672.  4.382394E-16
2673.  4.355045E-16
2674.  4.327787E-16
2675.  4.300616E-16
2676.  4.273537E-16
2677.  4.246546E-16
2678.  4.219642E-16
2679.  4.192825E-16
2680.  4.166093E-16
2681.  4.139447E-16
2682.  4.112886E-16
2683.  4.086408E-16
2684.  4.060013E-16
2685.  4.033701E-16
2686.  4.007469E-16
2687.  3.981319E-16
2688.  3.955251E-16
2689.  3.929261E-16
2690.  3.903353E-16
2691.  3.877523E-16
2692.  3.851770E-16
2693.  3.826097E-16
2694.  3.800501E-16
2695.  3.774982E-16
2696.  3.749542E-16
2697.  3.724178E-16
2698.  3.698891E-16
2699.  3.673680E-16
2700.  3.648545E-16
2701.  3.623485E-16
2702.  3.598503E-16
2703.  3.573594E-16
2704.  3.548762E-16
2705.  3.524006E-16
2706.  3.499326E-16
2707.  3.474721E-16
2708.  3.450190E-16
2709.  3.425736E-16
2710.  3.401357E-16
2711.  3.377054E-16
2712.  3.352827E-16
2713.  3.328677E-16
2714.  3.304601E-16
2715.  3.280605E-16
2716.  3.256683E-16
2717.  3.232839E-16
2718.  3.209073E-16
2719.  3.185383E-16
2720.  3.161773E-16
2721.  3.138241E-16
2722.  3.114787E-16
2723.  3.091412E-16
2724.  3.068117E-16
2725.  3.044904E-16
2726.  3.021770E-16
2727.  2.998718E-16
2728.  2.975746E-16
2729.  2.952857E-16
2730.  2.930052E-16
2731.  2.907329E-16
2732.  2.884690E-16
2733.  2.862136E-16
2734.  2.839667E-16
2735.  2.817285E-16
2736.  2.794988E-16
2737.  2.772778E-16
2738.  2.750657E-16
2739.  2.728623E-16
2740.  2.706679E-16
2741.  2.684826E-16
2742.  2.663062E-16
2743.  2.641389E-16
2744.  2.619809E-16
2745.  2.598321E-16
2746.  2.576927E-16
2747.  2.555627E-16
2748.  2.534422E-16
2749.  2.513313E-16
2750.  2.492300E-16
2751.  2.471385E-16
2752.  2.450567E-16
2753.  2.429848E-16
2754.  2.409229E-16
2755.  2.388709E-16
2756.  2.368290E-16
2757.  2.347973E-16
2758.  2.327759E-16
2759.  2.307647E-16
2760.  2.287639E-16
2761.  2.267735E-16
2762.  2.247937E-16
2763.  2.228244E-16
2764.  2.208658E-16
2765.  2.189179E-16
2766.  2.169807E-16
2767.  2.150544E-16
2768.  2.131390E-16
2769.  2.112347E-16
2770.  2.093413E-16
2771.  2.074590E-16
2772.  2.055878E-16
2773.  2.037277E-16
2774.  2.018790E-16
2775.  2.000416E-16
2776.  1.982155E-16
2777.  1.964009E-16
2778.  1.945976E-16
2779.  1.928058E-16
2780.  1.910255E-16
2781.  1.892570E-16
2782.  1.874998E-16
2783.  1.857544E-16
2784.  1.840207E-16
2785.  1.822988E-16
2786.  1.805885E-16
2787.  1.788900E-16
2788.  1.772032E-16
2789.  1.755284E-16
2790.  1.738653E-16
2791.  1.722141E-16
2792.  1.705749E-16
2793.  1.689474E-16
2794.  1.673319E-16
2795.  1.657283E-16
2796.  1.641365E-16
2797.  1.625567E-16
2798.  1.609889E-16
2799.  1.594330E-16
2800.  1.578890E-16
2801.  1.563569E-16
2802.  1.548368E-16
2803.  1.533285E-16
2804.  1.518321E-16
2805.  1.503476E-16
2806.  1.488750E-16
2807.  1.474142E-16
2808.  1.459652E-16
2809.  1.445281E-16
2810.  1.431027E-16
2811.  1.416891E-16
2812.  1.402871E-16
2813.  1.388970E-16
2814.  1.375184E-16
2815.  1.361515E-16
2816.  1.347961E-16
2817.  1.334523E-16
2818.  1.321201E-16
2819.  1.307992E-16
2820.  1.294898E-16
2821.  1.281917E-16
2822.  1.269049E-16
2823.  1.256295E-16
2824.  1.243652E-16
2825.  1.231121E-16
2826.  1.218701E-16
2827.  1.206393E-16
2828.  1.194193E-16
2829.  1.182103E-16
2830.  1.170122E-16
2831.  1.158249E-16
2832.  1.146484E-16
2833.  1.134825E-16
2834.  1.123274E-16
2835.  1.111827E-16
2836.  1.100485E-16
2837.  1.089247E-16
2838.  1.078113E-16
2839.  1.067081E-16
2840.  1.056152E-16
2841.  1.045324E-16
2842.  1.034596E-16
2843.  1.023968E-16
2844.  1.013440E-16
2845.  1.003010E-16
2846.  9.926770E-17
2847.  9.824408E-17
2848.  9.723016E-17
2849.  9.622572E-17
2850.  9.523077E-17
2851.  9.424515E-17
2852.  9.326893E-17
2853.  9.230183E-17
2854.  9.134394E-17
2855.  9.039508E-17
2856.  8.945531E-17
2857.  8.852427E-17
2858.  8.760224E-17
2859.  8.668895E-17
2860.  8.578431E-17
2861.  8.488833E-17
2862.  8.400082E-17
2863.  8.312187E-17
2864.  8.225128E-17
2865.  8.138899E-17
2866.  8.053503E-17
2867.  7.968909E-17
2868.  7.885132E-17
2869.  7.802153E-17
2870.  7.719979E-17
2871.  7.638589E-17
2872.  7.557983E-17
2873.  7.478151E-17
2874.  7.399082E-17
2875.  7.320779E-17
2876.  7.243229E-17
2877.  7.166443E-17
2878.  7.090376E-17
2879.  7.015065E-17
2880.  6.940462E-17
2881.  6.866605E-17
2882.  6.793463E-17
2883.  6.721028E-17
2884.  6.649293E-17
2885.  6.578271E-17
2886.  6.507931E-17
2887.  6.438297E-17
2888.  6.369342E-17
2889.  6.301065E-17
2890.  6.233460E-17
2891.  6.166527E-17
2892.  6.100269E-17
2893.  6.034660E-17
2894.  5.969712E-17
2895.  5.905412E-17
2896.  5.841765E-17
2897.  5.778766E-17
2898.  5.716406E-17
2899.  5.654672E-17
2900.  5.593575E-17
2901.  5.533099E-17
2902.  5.473258E-17
2903.  5.414039E-17
2904.  5.355449E-17
2905.  5.297466E-17
2906.  5.240088E-17
2907.  5.183325E-17
2908.  5.127165E-17
2909.  5.071620E-17
2910.  5.016670E-17
2911.  4.962328E-17
2912.  4.908576E-17
2913.  4.855418E-17
2914.  4.802860E-17
2915.  4.750893E-17
2916.  4.699509E-17
2917.  4.648722E-17
2918.  4.598522E-17
2919.  4.548902E-17
2920.  4.499865E-17
2921.  4.451412E-17
2922.  4.403537E-17
2923.  4.356251E-17
2924.  4.309538E-17
2925.  4.263399E-17
2926.  4.217853E-17
2927.  4.172873E-17
2928.  4.128462E-17
2929.  4.084644E-17
2930.  4.041394E-17
2931.  3.998712E-17
2932.  3.956617E-17
2933.  3.915092E-17
2934.  3.874136E-17
2935.  3.833764E-17
2936.  3.793959E-17
2937.  3.754729E-17
2938.  3.716066E-17
2939.  3.677984E-17
2940.  3.640469E-17
2941.  3.603539E-17
2942.  3.567181E-17
2943.  3.531384E-17
2944.  3.496176E-17
2945.  3.461534E-17
2946.  3.427478E-17
2947.  3.393986E-17
2948.  3.361073E-17
2949.  3.328739E-17
2950.  3.296974E-17
2951.  3.265794E-17
2952.  3.235191E-17
2953.  3.205166E-17
2954.  3.175723E-17
2955.  3.146848E-17
2956.  3.118552E-17
2957.  3.090840E-17
2958.  3.063715E-17
2959.  3.037158E-17
2960.  3.011178E-17
2961.  2.985801E-17
2962.  2.960997E-17
2963.  2.936764E-17
2964.  2.913131E-17
2965.  2.890061E-17
2966.  2.867583E-17
2967.  2.845683E-17
2968.  2.824376E-17
2969.  2.803645E-17
2970.  2.783495E-17
2971.  2.763935E-17
2972.  2.744958E-17
2973.  2.726564E-17
2974.  2.708747E-17
2975.  2.691516E-17
2976.  2.674869E-17
2977.  2.658812E-17
2978.  2.643339E-17
2979.  2.628433E-17
2980.  2.614127E-17
2981.  2.600394E-17
2982.  2.587241E-17
2983.  2.574680E-17
2984.  2.562687E-17
2985.  2.551281E-17
2986.  2.540453E-17
2987.  2.530207E-17
2988.  2.520530E-17
2989.  2.511438E-17
2990.  2.502926E-17
2991.  2.494985E-17
2992.  2.487615E-17
2993.  2.480823E-17
2994.  2.474613E-17
2995.  2.468948E-17
2996.  2.463867E-17
2997.  2.459352E-17
2998.  2.455403E-17
2999.  2.452026E-17
3000.  2.449214E-17
3001.  2.446960E-17
3002.  2.445263E-17
3003.  2.444132E-17
3004.  2.443550E-17
3005.  2.443536E-17
3006.  2.444064E-17
3007.  2.445148E-17
3008.  2.446775E-17
3009.  2.448949E-17
3010.  2.451689E-17
3011.  2.454949E-17
3012.  2.458754E-17
3013.  2.463097E-17
3014.  2.467972E-17
3015.  2.473389E-17
3016.  2.479332E-17
3017.  2.485802E-17
3018.  2.492788E-17
3019.  2.500310E-17
3020.  2.508354E-17
3021.  2.516906E-17
3022.  2.525974E-17
3023.  2.535547E-17
3024.  2.545626E-17
3025.  2.556220E-17
3026.  2.567308E-17
3027.  2.578891E-17
3028.  2.590980E-17
3029.  2.603548E-17
3030.  2.616608E-17
3031.  2.630154E-17
3032.  2.644184E-17
3033.  2.658695E-17
3034.  2.673668E-17
3035.  2.689118E-17
3036.  2.705031E-17
3037.  2.721413E-17
3038.  2.738249E-17
3039.  2.755540E-17
3040.  2.773291E-17
3041.  2.791482E-17
3042.  2.810134E-17
3043.  2.829204E-17
3044.  2.848734E-17
3045.  2.868682E-17
3046.  2.889055E-17
3047.  2.909864E-17
3048.  2.931091E-17
3049.  2.952734E-17
3050.  2.974791E-17
3051.  2.997262E-17
3052.  3.020127E-17
3053.  3.043395E-17
3054.  3.067069E-17
3055.  3.091129E-17
3056.  3.115588E-17
3057.  3.140426E-17
3058.  3.165645E-17
3059.  3.191243E-17
3060.  3.217205E-17
3061.  3.243549E-17
3062.  3.270249E-17
3063.  3.297317E-17
3064.  3.324742E-17
3065.  3.352527E-17
3066.  3.380648E-17
3067.  3.409119E-17
3068.  3.437936E-17
3069.  3.467093E-17
3070.  3.496581E-17
3071.  3.526393E-17
3072.  3.556535E-17
3073.  3.587003E-17
3074.  3.617802E-17
3075.  3.648893E-17
3076.  3.680309E-17
3077.  3.712033E-17
3078.  3.744046E-17
3079.  3.776381E-17
3080.  3.809008E-17
3081.  3.841929E-17
3082.  3.875144E-17
3083.  3.908647E-17
3084.  3.942427E-17
3085.  3.976492E-17
3086.  4.010837E-17
3087.  4.045464E-17
3088.  4.080352E-17
3089.  4.115519E-17
3090.  4.150963E-17
3091.  4.186644E-17
3092.  4.222610E-17
3093.  4.258823E-17
3094.  4.295296E-17
3095.  4.332030E-17
3096.  4.369005E-17
3097.  4.406241E-17
3098.  4.443711E-17
3099.  4.481436E-17
3100.  4.519404E-17
3101.  4.557614E-17
3102.  4.596055E-17
3103.  4.634748E-17
3104.  4.673663E-17
3105.  4.712830E-17
3106.  4.752219E-17
3107.  4.791838E-17
3108.  4.831700E-17
3109.  4.871786E-17
3110.  4.912104E-17
3111.  4.952645E-17
3112.  4.993411E-17
3113.  5.034408E-17
3114.  5.075635E-17
3115.  5.117091E-17
3116.  5.158765E-17
3117.  5.200666E-17
3118.  5.242798E-17
3119.  5.285154E-17
3120.  5.327736E-17
3121.  5.370538E-17
3122.  5.413576E-17
3123.  5.456836E-17
3124.  5.500318E-17
3125.  5.544029E-17
3126.  5.587981E-17
3127.  5.632155E-17
3128.  5.676569E-17
3129.  5.721203E-17
3130.  5.766075E-17
3131.  5.811194E-17
3132.  5.856537E-17
3133.  5.902131E-17
3134.  5.947961E-17
3135.  5.994045E-17
3136.  6.040353E-17
3137.  6.086924E-17
3138.  6.133749E-17
3139.  6.180819E-17
3140.  6.228145E-17
3141.  6.275731E-17
3142.  6.323575E-17
3143.  6.371694E-17
3144.  6.420073E-17
3145.  6.468724E-17
3146.  6.517658E-17
3147.  6.566860E-17
3148.  6.616351E-17
3149.  6.666119E-17
3150.  6.716180E-17
3151.  6.766530E-17
3152.  6.817178E-17
3153.  6.868143E-17
3154.  6.919404E-17
3155.  6.970978E-17
3156.  7.022865E-17
3157.  7.075065E-17
3158.  7.127602E-17
3159.  7.180472E-17
3160.  7.233673E-17
3161.  7.287210E-17
3162.  7.341089E-17
3163.  7.395323E-17
3164.  7.449910E-17
3165.  7.504861E-17
3166.  7.560183E-17
3167.  7.615873E-17
3168.  7.671939E-17
3169.  7.728391E-17
3170.  7.785243E-17
3171.  7.842474E-17
3172.  7.900115E-17
3173.  7.958166E-17
3174.  8.016629E-17
3175.  8.075504E-17
3176.  8.134814E-17
3177.  8.194558E-17
3178.  8.254733E-17
3179.  8.315367E-17
3180.  8.376435E-17
3181.  8.437970E-17
3182.  8.499978E-17
3183.  8.562444E-17
3184.  8.625396E-17
3185.  8.688828E-17
3186.  8.752749E-17
3187.  8.817170E-17
3188.  8.882099E-17
3189.  8.947539E-17
3190.  9.013488E-17
3191.  9.079975E-17
3192.  9.146984E-17
3193.  9.214532E-17
3194.  9.282610E-17
3195.  9.351258E-17
3196.  9.420456E-17
3197.  9.490220E-17
3198.  9.560554E-17
3199.  9.631452E-17
3200.  9.702944E-17
3201.  9.775017E-17
3202.  9.847690E-17
3203.  9.920973E-17
3204.  9.994848E-17
3205.  1.006934E-16
3206.  1.014445E-16
3207.  1.022019E-16
3208.  1.029657E-16
3209.  1.037356E-16
3210.  1.045122E-16
3211.  1.052952E-16
3212.  1.060846E-16
3213.  1.068807E-16
3214.  1.076835E-16
3215.  1.084929E-16
3216.  1.093090E-16
3217.  1.101321E-16
3218.  1.109620E-16
3219.  1.117985E-16
3220.  1.126421E-16
3221.  1.134927E-16
3222.  1.143503E-16
3223.  1.152149E-16
3224.  1.160867E-16
3225.  1.169656E-16
3226.  1.178515E-16
3227.  1.187448E-16
3228.  1.196452E-16
3229.  1.205529E-16
3230.  1.214679E-16
3231.  1.223903E-16
3232.  1.233199E-16
3233.  1.242568E-16
3234.  1.252013E-16
3235.  1.261530E-16
3236.  1.271122E-16
3237.  1.280788E-16
3238.  1.290528E-16
3239.  1.300344E-16
3240.  1.310233E-16
3241.  1.320197E-16
3242.  1.330236E-16
3243.  1.340349E-16
3244.  1.350537E-16
3245.  1.360800E-16
3246.  1.371138E-16
3247.  1.381549E-16
3248.  1.392035E-16
3249.  1.402595E-16
3250.  1.413229E-16
3251.  1.423936E-16
3252.  1.434717E-16
3253.  1.445573E-16
3254.  1.456499E-16
3255.  1.467501E-16
3256.  1.478574E-16
3257.  1.489718E-16
3258.  1.500934E-16
3259.  1.512222E-16
3260.  1.523580E-16
3261.  1.535010E-16
3262.  1.546509E-16
3263.  1.558077E-16
3264.  1.569713E-16
3265.  1.581418E-16
3266.  1.593191E-16
3267.  1.605031E-16
3268.  1.616936E-16
3269.  1.628908E-16
3270.  1.640944E-16
3271.  1.653044E-16
3272.  1.665209E-16
3273.  1.677434E-16
3274.  1.689722E-16
3275.  1.702070E-16
3276.  1.714478E-16
3277.  1.726946E-16
3278.  1.739471E-16
3279.  1.752052E-16
3280.  1.764690E-16
3281.  1.777383E-16
3282.  1.790129E-16
3283.  1.802929E-16
3284.  1.815779E-16
3285.  1.828680E-16
3286.  1.841630E-16
3287.  1.854628E-16
3288.  1.867673E-16
3289.  1.880763E-16
3290.  1.893897E-16
3291.  1.907074E-16
3292.  1.920292E-16
3293.  1.933550E-16
3294.  1.946847E-16
3295.  1.960180E-16
3296.  1.973550E-16
3297.  1.986953E-16
3298.  2.000389E-16
3299.  2.013855E-16
3300.  2.027351E-16
3301.  2.040876E-16
3302.  2.054425E-16
3303.  2.067999E-16
3304.  2.081596E-16
3305.  2.095213E-16
3306.  2.108850E-16
3307.  2.122505E-16
3308.  2.136175E-16
3309.  2.149860E-16
3310.  2.163556E-16
3311.  2.177262E-16
3312.  2.190977E-16
3313.  2.204698E-16
3314.  2.218423E-16
3315.  2.232151E-16
3316.  2.245878E-16
3317.  2.259606E-16
3318.  2.273329E-16
3319.  2.287046E-16
3320.  2.300757E-16
3321.  2.314457E-16
3322.  2.328145E-16
3323.  2.341822E-16
3324.  2.355479E-16
3325.  2.369120E-16
3326.  2.382741E-16
3327.  2.396338E-16
3328.  2.409911E-16
3329.  2.423458E-16
3330.  2.436975E-16
3331.  2.450461E-16
3332.  2.463913E-16
3333.  2.477330E-16
3334.  2.490708E-16
3335.  2.504046E-16
3336.  2.517342E-16
3337.  2.530593E-16
3338.  2.543796E-16
3339.  2.556951E-16
3340.  2.570052E-16
3341.  2.583100E-16
3342.  2.596092E-16
3343.  2.609025E-16
3344.  2.621897E-16
3345.  2.634704E-16
3346.  2.647447E-16
3347.  2.660121E-16
3348.  2.672724E-16
3349.  2.685255E-16
3350.  2.697710E-16
3351.  2.710088E-16
3352.  2.722386E-16
3353.  2.734600E-16
3354.  2.746731E-16
3355.  2.758775E-16
3356.  2.770729E-16
3357.  2.782593E-16
3358.  2.794362E-16
3359.  2.806033E-16
3360.  2.817607E-16
3361.  2.829080E-16
3362.  2.840450E-16
3363.  2.851713E-16
3364.  2.862870E-16
3365.  2.873915E-16
3366.  2.884849E-16
3367.  2.895668E-16
3368.  2.906369E-16
3369.  2.916952E-16
3370.  2.927414E-16
3371.  2.937752E-16
3372.  2.947964E-16
3373.  2.958050E-16
3374.  2.968005E-16
3375.  2.977827E-16
3376.  2.987516E-16
3377.  2.997069E-16
3378.  3.006484E-16
3379.  3.015758E-16
3380.  3.024889E-16
3381.  3.033876E-16
3382.  3.042717E-16
3383.  3.051410E-16
3384.  3.059954E-16
3385.  3.068344E-16
3386.  3.076580E-16
3387.  3.084662E-16
3388.  3.092585E-16
3389.  3.100349E-16
3390.  3.107952E-16
3391.  3.115394E-16
3392.  3.122668E-16
3393.  3.129779E-16
3394.  3.136721E-16
3395.  3.143494E-16
3396.  3.150095E-16
3397.  3.156525E-16
3398.  3.162781E-16
3399.  3.168861E-16
3400.  3.174765E-16
3401.  3.180490E-16
3402.  3.186036E-16
3403.  3.191401E-16
3404.  3.196584E-16
3405.  3.201584E-16
3406.  3.206400E-16
3407.  3.211028E-16
3408.  3.215472E-16
3409.  3.219727E-16
3410.  3.223794E-16
3411.  3.227670E-16
3412.  3.231356E-16
3413.  3.234850E-16
3414.  3.238152E-16
3415.  3.241261E-16
3416.  3.244176E-16
3417.  3.246894E-16
3418.  3.249418E-16
3419.  3.251747E-16
3420.  3.253877E-16
3421.  3.255812E-16
3422.  3.257547E-16
3423.  3.259086E-16
3424.  3.260425E-16
3425.  3.261565E-16
3426.  3.262506E-16
3427.  3.263248E-16
3428.  3.263788E-16
3429.  3.264130E-16
3430.  3.264272E-16
3431.  3.264213E-16
3432.  3.263954E-16
3433.  3.263494E-16
3434.  3.262833E-16
3435.  3.261974E-16
3436.  3.260914E-16
3437.  3.259654E-16
3438.  3.258194E-16
3439.  3.256536E-16
3440.  3.254679E-16
3441.  3.252622E-16
3442.  3.250367E-16
3443.  3.247916E-16
3444.  3.245264E-16
3445.  3.242419E-16
3446.  3.239377E-16
3447.  3.236139E-16
3448.  3.232707E-16
3449.  3.229080E-16
3450.  3.225261E-16
3451.  3.221249E-16
3452.  3.217043E-16
3453.  3.212649E-16
3454.  3.208066E-16
3455.  3.203293E-16
3456.  3.198332E-16
3457.  3.193185E-16
3458.  3.187852E-16
3459.  3.182334E-16
3460.  3.176633E-16
3461.  3.170751E-16
3462.  3.164688E-16
3463.  3.158445E-16
3464.  3.152025E-16
3465.  3.145426E-16
3466.  3.138654E-16
3467.  3.131707E-16
3468.  3.124588E-16
3469.  3.117297E-16
3470.  3.109838E-16
3471.  3.102211E-16
3472.  3.094418E-16
3473.  3.086461E-16
3474.  3.078340E-16
3475.  3.070057E-16
3476.  3.061616E-16
3477.  3.053019E-16
3478.  3.044263E-16
3479.  3.035355E-16
3480.  3.026295E-16
3481.  3.017083E-16
3482.  3.007722E-16
3483.  2.998217E-16
3484.  2.988566E-16
3485.  2.978773E-16
3486.  2.968840E-16
3487.  2.958767E-16
3488.  2.948557E-16
3489.  2.938213E-16
3490.  2.927737E-16
3491.  2.917130E-16
3492.  2.906394E-16
3493.  2.895533E-16
3494.  2.884547E-16
3495.  2.873441E-16
3496.  2.862212E-16
3497.  2.850866E-16
3498.  2.839406E-16
3499.  2.827832E-16
3500.  2.816146E-16
3501.  2.804352E-16
3502.  2.792451E-16
3503.  2.780445E-16
3504.  2.768337E-16
3505.  2.756129E-16
3506.  2.743823E-16
3507.  2.731422E-16
3508.  2.718925E-16
3509.  2.706340E-16
3510.  2.693665E-16
3511.  2.680903E-16
3512.  2.668058E-16
3513.  2.655130E-16
3514.  2.642122E-16
3515.  2.629035E-16
3516.  2.615874E-16
3517.  2.602640E-16
3518.  2.589336E-16
3519.  2.575962E-16
3520.  2.562520E-16
3521.  2.549015E-16
3522.  2.535448E-16
3523.  2.521822E-16
3524.  2.508136E-16
3525.  2.494397E-16
3526.  2.480604E-16
3527.  2.466759E-16
3528.  2.452866E-16
3529.  2.438925E-16
3530.  2.424940E-16
3531.  2.410912E-16
3532.  2.396844E-16
3533.  2.382738E-16
3534.  2.368594E-16
3535.  2.354418E-16
3536.  2.340209E-16
3537.  2.325969E-16
3538.  2.311701E-16
3539.  2.297406E-16
3540.  2.283088E-16
3541.  2.268748E-16
3542.  2.254389E-16
3543.  2.240009E-16
3544.  2.225614E-16
3545.  2.211206E-16
3546.  2.196782E-16
3547.  2.182350E-16
3548.  2.167908E-16
3549.  2.153460E-16
3550.  2.139005E-16
3551.  2.124547E-16
3552.  2.110089E-16
3553.  2.095629E-16
3554.  2.081172E-16
3555.  2.066718E-16
3556.  2.052269E-16
3557.  2.037828E-16
3558.  2.023393E-16
3559.  2.008971E-16
3560.  1.994559E-16
3561.  1.980160E-16
3562.  1.965777E-16
3563.  1.951410E-16
3564.  1.937061E-16
3565.  1.922730E-16
3566.  1.908421E-16
3567.  1.894134E-16
3568.  1.879871E-16
3569.  1.865633E-16
3570.  1.851422E-16
3571.  1.837238E-16
3572.  1.823082E-16
3573.  1.808959E-16
3574.  1.794865E-16
3575.  1.780806E-16
3576.  1.766781E-16
3577.  1.752791E-16
3578.  1.738837E-16
3579.  1.724922E-16
3580.  1.711046E-16
3581.  1.697210E-16
3582.  1.683415E-16
3583.  1.669663E-16
3584.  1.655953E-16
3585.  1.642289E-16
3586.  1.628670E-16
3587.  1.615097E-16
3588.  1.601572E-16
3589.  1.588096E-16
3590.  1.574668E-16
3591.  1.561291E-16
3592.  1.547966E-16
3593.  1.534691E-16
3594.  1.521471E-16
3595.  1.508305E-16
3596.  1.495193E-16
3597.  1.482137E-16
3598.  1.469136E-16
3599.  1.456194E-16
3600.  1.443308E-16
3601.  1.430481E-16
3602.  1.417714E-16
3603.  1.405007E-16
3604.  1.392360E-16
3605.  1.379774E-16
3606.  1.367249E-16
3607.  1.354789E-16
3608.  1.342391E-16
3609.  1.330057E-16
3610.  1.317786E-16
3611.  1.305582E-16
3612.  1.293442E-16
3613.  1.281369E-16
3614.  1.269362E-16
3615.  1.257422E-16
3616.  1.245549E-16
3617.  1.233745E-16
3618.  1.222008E-16
3619.  1.210340E-16
3620.  1.198742E-16
3621.  1.187213E-16
3622.  1.175755E-16
3623.  1.164365E-16
3624.  1.153048E-16
3625.  1.141801E-16
3626.  1.130626E-16
3627.  1.119523E-16
3628.  1.108491E-16
3629.  1.097532E-16
3630.  1.086645E-16
3631.  1.075832E-16
3632.  1.065091E-16
3633.  1.054424E-16
3634.  1.043831E-16
3635.  1.033310E-16
3636.  1.022864E-16
3637.  1.012492E-16
3638.  1.002195E-16
3639.  9.919709E-17
3640.  9.818233E-17
3641.  9.717501E-17
3642.  9.617497E-17
3643.  9.518267E-17
3644.  9.419779E-17
3645.  9.322042E-17
3646.  9.225064E-17
3647.  9.128843E-17
3648.  9.033358E-17
3649.  8.938635E-17
3650.  8.844669E-17
3651.  8.751461E-17
3652.  8.659002E-17
3653.  8.567309E-17
3654.  8.476351E-17
3655.  8.386169E-17
3656.  8.296731E-17
3657.  8.208052E-17
3658.  8.120126E-17
3659.  8.032952E-17
3660.  7.946520E-17
3661.  7.860848E-17
3662.  7.775931E-17
3663.  7.691755E-17
3664.  7.608325E-17
3665.  7.525655E-17
3666.  7.443726E-17
3667.  7.362537E-17
3668.  7.282088E-17
3669.  7.202374E-17
3670.  7.123415E-17
3671.  7.045201E-17
3672.  6.967717E-17
3673.  6.890962E-17
3674.  6.814919E-17
3675.  6.739623E-17
3676.  6.665046E-17
3677.  6.591213E-17
3678.  6.518089E-17
3679.  6.445686E-17
3680.  6.373995E-17
3681.  6.303034E-17
3682.  6.232775E-17
3683.  6.163229E-17
3684.  6.094372E-17
3685.  6.026237E-17
3686.  5.958790E-17
3687.  5.892043E-17
3688.  5.825983E-17
3689.  5.760619E-17
3690.  5.695938E-17
3691.  5.631943E-17
3692.  5.568620E-17
3693.  5.505979E-17
3694.  5.444013E-17
3695.  5.382708E-17
3696.  5.322064E-17
3697.  5.262084E-17
3698.  5.202763E-17
3699.  5.144080E-17
3700.  5.086053E-17
3701.  5.028677E-17
3702.  4.971922E-17
3703.  4.915811E-17
3704.  4.860324E-17
3705.  4.805475E-17
3706.  4.751233E-17
3707.  4.697611E-17
3708.  4.644594E-17
3709.  4.592195E-17
3710.  4.540384E-17
3711.  4.489178E-17
3712.  4.438561E-17
3713.  4.388531E-17
3714.  4.339087E-17
3715.  4.290212E-17
3716.  4.241910E-17
3717.  4.194168E-17
3718.  4.146992E-17
3719.  4.100373E-17
3720.  4.054304E-17
3721.  4.008773E-17
3722.  3.963791E-17
3723.  3.919337E-17
3724.  3.875410E-17
3725.  3.832009E-17
3726.  3.789131E-17
3727.  3.746746E-17
3728.  3.704891E-17
3729.  3.663523E-17
3730.  3.622658E-17
3731.  3.582274E-17
3732.  3.542370E-17
3733.  3.502954E-17
3734.  3.464003E-17
3735.  3.425518E-17
3736.  3.387497E-17
3737.  3.349937E-17
3738.  3.312808E-17
3739.  3.276144E-17
3740.  3.239901E-17
3741.  3.204099E-17
3742.  3.168718E-17
3743.  3.133755E-17
3744.  3.099227E-17
3745.  3.065076E-17
3746.  3.031354E-17
3747.  2.998012E-17
3748.  2.965065E-17
3749.  2.932509E-17
3750.  2.900330E-17
3751.  2.868529E-17
3752.  2.837093E-17
3753.  2.806010E-17
3754.  2.775302E-17
3755.  2.744934E-17
3756.  2.714909E-17
3757.  2.685238E-17
3758.  2.655896E-17
3759.  2.626880E-17
3760.  2.598193E-17
3761.  2.569817E-17
3762.  2.541764E-17
3763.  2.514002E-17
3764.  2.486550E-17
3765.  2.459407E-17
3766.  2.432532E-17
3767.  2.405959E-17
3768.  2.379667E-17
3769.  2.353640E-17
3770.  2.327891E-17
3771.  2.302399E-17
3772.  2.277173E-17
3773.  2.252209E-17
3774.  2.227487E-17
3775.  2.203017E-17
3776.  2.178779E-17
3777.  2.154778E-17
3778.  2.131018E-17
3779.  2.107475E-17
3780.  2.084149E-17
3781.  2.061052E-17
3782.  2.038162E-17
3783.  2.015480E-17
3784.  1.992995E-17
3785.  1.970719E-17
3786.  1.948630E-17
3787.  1.926728E-17
3788.  1.905023E-17
3789.  1.883496E-17
3790.  1.862150E-17
3791.  1.840972E-17
3792.  1.819964E-17
3793.  1.799128E-17
3794.  1.778457E-17
3795.  1.757934E-17
3796.  1.737569E-17
3797.  1.717349E-17
3798.  1.697283E-17
3799.  1.677367E-17
3800.  1.657584E-17
3801.  1.637949E-17
3802.  1.618433E-17
3803.  1.599054E-17
3804.  1.579799E-17
3805.  1.560676E-17
3806.  1.541665E-17
3807.  1.522777E-17
3808.  1.504009E-17
3809.  1.485351E-17
3810.  1.466801E-17
3811.  1.448349E-17
3812.  1.430011E-17
3813.  1.411781E-17
3814.  1.393636E-17
3815.  1.375595E-17
3816.  1.357645E-17
3817.  1.339787E-17
3818.  1.322019E-17
3819.  1.304348E-17
3820.  1.286748E-17
3821.  1.269233E-17
3822.  1.251814E-17
3823.  1.234457E-17
3824.  1.217189E-17
3825.  1.199991E-17
3826.  1.182871E-17
3827.  1.165816E-17
3828.  1.148834E-17
3829.  1.131924E-17
3830.  1.115078E-17
3831.  1.098297E-17
3832.  1.081585E-17
3833.  1.064942E-17
3834.  1.048344E-17
3835.  1.031824E-17
3836.  1.015346E-17
3837.  9.989399E-18
3838.  9.825930E-18
3839.  9.663020E-18
3840.  9.500619E-18
3841.  9.338753E-18
3842.  9.177548E-18
3843.  9.016694E-18
3844.  8.856433E-18
3845.  8.696818E-18
3846.  8.537510E-18
3847.  8.378885E-18
3848.  8.220733E-18
3849.  8.063046E-18
3850.  7.905871E-18
3851.  7.749225E-18
3852.  7.593020E-18
3853.  7.437312E-18
3854.  7.282207E-18
3855.  7.127494E-18
3856.  6.973329E-18
3857.  6.819653E-18
3858.  6.666557E-18
3859.  6.513822E-18
3860.  6.361610E-18
3861.  6.209970E-18
3862.  6.058755E-18
3863.  5.908174E-18
3864.  5.758070E-18
3865.  5.608457E-18
3866.  5.459337E-18
3867.  5.310840E-18
3868.  5.162844E-18
3869.  5.015414E-18
3870.  4.868587E-18
3871.  4.722296E-18
3872.  4.576615E-18
3873.  4.431467E-18
3874.  4.286981E-18
3875.  4.143003E-18
3876.  3.999749E-18
3877.  3.857136E-18
3878.  3.715161E-18
3879.  3.573788E-18
3880.  3.433156E-18
3881.  3.293130E-18
3882.  3.153894E-18
3883.  3.015360E-18
3884.  2.877498E-18
3885.  2.740476E-18
3886.  2.604233E-18
3887.  2.468717E-18
3888.  2.334068E-18
3889.  2.200225E-18
3890.  2.067229E-18
3891.  1.935043E-18
3892.  1.803736E-18
3893.  1.673397E-18
3894.  1.543920E-18
3895.  1.415487E-18
3896.  1.287999E-18
3897.  1.161472E-18
3898.  1.035921E-18
3899.  9.115483E-19
3900.  7.880769E-19
3901.  6.658556E-19
3902.  5.446355E-19
3903.  4.246555E-19
3904.  3.057722E-19
3905.  1.881049E-19
3906.  7.172314E-20
3907.  -4.345749E-20
3908.  -1.573917E-19
3909.  -2.698827E-19
3910.  -3.812704E-19
3911.  -4.910097E-19
3912.  -5.995010E-19
3913.  -7.065047E-19
3914.  -8.120338E-19
3915.  -9.161571E-19
3916.  -1.018655E-18
3917.  -1.119601E-18
3918.  -1.218884E-18
3919.  -1.316664E-18
3920.  -1.412712E-18
3921.  -1.507010E-18
3922.  -1.599653E-18
3923.  -1.690466E-18
3924.  -1.779483E-18
3925.  -1.866721E-18
3926.  -1.952043E-18
3927.  -2.035363E-18
3928.  -2.116753E-18
3929.  -2.196152E-18
3930.  -2.273602E-18
3931.  -2.348857E-18
3932.  -2.422079E-18
3933.  -2.493079E-18
3934.  -2.561976E-18
3935.  -2.628534E-18
3936.  -2.692879E-18
3937.  -2.754968E-18
3938.  -2.814573E-18
3939.  -2.871913E-18
3940.  -2.926834E-18
3941.  -2.979173E-18
3942.  -3.028987E-18
3943.  -3.076325E-18
3944.  -3.121043E-18
3945.  -3.163179E-18
3946.  -3.202566E-18
3947.  -3.239193E-18
3948.  -3.273100E-18
3949.  -3.304201E-18
3950.  -3.332367E-18
3951.  -3.357811E-18
3952.  -3.380212E-18
3953.  -3.399706E-18
3954.  -3.416037E-18
3955.  -3.429450E-18
3956.  -3.439743E-18
3957.  -3.446826E-18
3958.  -3.450804E-18
3959.  -3.451479E-18
3960.  -3.448966E-18
3961.  -3.443102E-18
3962.  -3.433939E-18
3963.  -3.421373E-18
3964.  -3.405355E-18
3965.  -3.385903E-18
3966.  -3.362864E-18
3967.  -3.336378E-18
3968.  -3.306291E-18
3969.  -3.272592E-18
3970.  -3.235172E-18
3971.  -3.194148E-18
3972.  -3.149365E-18
3973.  -3.100760E-18
3974.  -3.048448E-18
3975.  -2.992230E-18
3976.  -2.932135E-18
3977.  -2.868229E-18
3978.  -2.800184E-18
3979.  -2.728403E-18
3980.  -2.652488E-18
3981.  -2.572543E-18
3982.  -2.488548E-18
3983.  -2.400491E-18
3984.  -2.308236E-18
3985.  -2.211839E-18
3986.  -2.111236E-18
3987.  -2.006578E-18
3988.  -1.897591E-18
3989.  -1.784271E-18
3990.  -1.666761E-18
3991.  -1.544931E-18
3992.  -1.418740E-18
3993.  -1.288316E-18
3994.  -1.153467E-18
3995.  -1.014164E-18
3996.  -8.705094E-19
3997.  -7.224055E-19
3998.  -5.698902E-19
3999.  -4.128580E-19
4000.  -2.514214E-19
4001.  -8.551453E-20
4002.  8.492583E-20
4003.  2.598230E-19
4004.  4.392761E-19
4005.  6.232240E-19
4006.  8.116938E-19
4007.  1.004696E-18
4008.  1.202307E-18
4009.  1.404338E-18
4010.  1.611001E-18
4011.  1.822142E-18
4012.  2.037767E-18
4013.  2.258173E-18
4014.  2.482989E-18
4015.  2.712246E-18
4016.  2.946098E-18
4017.  3.184527E-18
4018.  3.427482E-18
4019.  3.674773E-18
4020.  3.926694E-18
4021.  4.183137E-18
4022.  4.443901E-18
4023.  4.709270E-18
4024.  4.978990E-18
4025.  5.253211E-18
4026.  5.531716E-18
4027.  5.814757E-18
4028.  6.101986E-18
4029.  6.393726E-18
4030.  6.689689E-18
4031.  6.989959E-18
4032.  7.294565E-18
4033.  7.603276E-18
4034.  7.916322E-18
4035.  8.233543E-18
4036.  8.554836E-18
4037.  8.880312E-18
4038.  9.209837E-18
4039.  9.543475E-18
4040.  9.881106E-18
4041.  1.022269E-17
4042.  1.056817E-17
4043.  1.091768E-17
4044.  1.127103E-17
4045.  1.162812E-17
4046.  1.198911E-17
4047.  1.235378E-17
4048.  1.272214E-17
4049.  1.309414E-17
4050.  1.346974E-17
4051.  1.384887E-17
4052.  1.423168E-17
4053.  1.461778E-17
4054.  1.500741E-17
4055.  1.540033E-17
4056.  1.579657E-17
4057.  1.619614E-17
4058.  1.659882E-17
4059.  1.700468E-17
4060.  1.741370E-17
4061.  1.782575E-17
4062.  1.824082E-17
4063.  1.865875E-17
4064.  1.907971E-17
4065.  1.950338E-17
4066.  1.992990E-17
4067.  2.035903E-17
4068.  2.079095E-17
4069.  2.122545E-17
4070.  2.166242E-17
4071.  2.210195E-17
4072.  2.254390E-17
4073.  2.298816E-17
4074.  2.343482E-17
4075.  2.388368E-17
4076.  2.433477E-17
4077.  2.478798E-17
4078.  2.524332E-17
4079.  2.570068E-17
4080.  2.616000E-17
4081.  2.662123E-17
4082.  2.708431E-17
4083.  2.754917E-17
4084.  2.801572E-17
4085.  2.848406E-17
4086.  2.895400E-17
4087.  2.942552E-17
4088.  2.989856E-17
4089.  3.037307E-17
4090.  3.084890E-17
4091.  3.132618E-17
4092.  3.180474E-17
4093.  3.228461E-17
4094.  3.276566E-17
4095.  3.324786E-17
4096.  3.373109E-17
4097.  3.421552E-17
4098.  3.470089E-17
4099.  3.518724E-17
4100.  3.567446E-17
4101.  3.616263E-17
4102.  3.665153E-17
4103.  3.714131E-17
4104.  3.763187E-17
4105.  3.812301E-17
4106.  3.861494E-17
4107.  3.910750E-17
4108.  3.960056E-17
4109.  4.009426E-17
4110.  4.058860E-17
4111.  4.108338E-17
4112.  4.157860E-17
4113.  4.207423E-17
4114.  4.257045E-17
4115.  4.306687E-17
4116.  4.356374E-17
4117.  4.406094E-17
4118.  4.455847E-17
4119.  4.505633E-17
4120.  4.555452E-17
4121.  4.605296E-17
4122.  4.655155E-17
4123.  4.705059E-17
4124.  4.754977E-17
4125.  4.804913E-17
4126.  4.854881E-17
4127.  4.904872E-17
4128.  4.954875E-17
4129.  5.004917E-17
4130.  5.054968E-17
4131.  5.105033E-17
4132.  5.155133E-17
4133.  5.205258E-17
4134.  5.255400E-17
4135.  5.305572E-17
4136.  5.355769E-17
4137.  5.405989E-17
4138.  5.456249E-17
4139.  5.506533E-17
4140.  5.556851E-17
4141.  5.607200E-17
4142.  5.657600E-17
4143.  5.708021E-17
4144.  5.758497E-17
4145.  5.809014E-17
4146.  5.859582E-17
4147.  5.910208E-17
4148.  5.960875E-17
4149.  6.011607E-17
4150.  6.062403E-17
4151.  6.113266E-17
4152.  6.164201E-17
4153.  6.215209E-17
4154.  6.266288E-17
4155.  6.317471E-17
4156.  6.368720E-17
4157.  6.420078E-17
4158.  6.471533E-17
4159.  6.523089E-17
4160.  6.574755E-17
4161.  6.626535E-17
4162.  6.678447E-17
4163.  6.730469E-17
4164.  6.782631E-17
4165.  6.834930E-17
4166.  6.887370E-17
4167.  6.939975E-17
4168.  6.992720E-17
4169.  7.045647E-17
4170.  7.098732E-17
4171.  7.151995E-17
4172.  7.205449E-17
4173.  7.259090E-17
4174.  7.312932E-17
4175.  7.366980E-17
4176.  7.421232E-17
4177.  7.475723E-17
4178.  7.530423E-17
4179.  7.585364E-17
4180.  7.640556E-17
4181.  7.695977E-17
4182.  7.751674E-17
4183.  7.807637E-17
4184.  7.863867E-17
4185.  7.920375E-17
4186.  7.977172E-17
4187.  8.034261E-17
4188.  8.091657E-17
4189.  8.149369E-17
4190.  8.207396E-17
4191.  8.265746E-17
4192.  8.324432E-17
4193.  8.383462E-17
4194.  8.442841E-17
4195.  8.502576E-17
4196.  8.562667E-17
4197.  8.623142E-17
4198.  8.683984E-17
4199.  8.745215E-17
4200.  8.806844E-17
4201.  8.868870E-17
4202.  8.931301E-17
4203.  8.994145E-17
4204.  9.057416E-17
4205.  9.121104E-17
4206.  9.185248E-17
4207.  9.249811E-17
4208.  9.314829E-17
4209.  9.380300E-17
4210.  9.446229E-17
4211.  9.512618E-17
4212.  9.579477E-17
4213.  9.646817E-17
4214.  9.714630E-17
4215.  9.782939E-17
4216.  9.851734E-17
4217.  9.921029E-17
4218.  9.990812E-17
4219.  1.006110E-16
4220.  1.013191E-16
4221.  1.020323E-16
4222.  1.027507E-16
4223.  1.034742E-16
4224.  1.042029E-16
4225.  1.049369E-16
4226.  1.056762E-16
4227.  1.064207E-16
4228.  1.071706E-16
4229.  1.079259E-16
4230.  1.086865E-16
4231.  1.094525E-16
4232.  1.102238E-16
4233.  1.110005E-16
4234.  1.117827E-16
4235.  1.125701E-16
4236.  1.133630E-16
4237.  1.141614E-16
4238.  1.149650E-16
4239.  1.157740E-16
4240.  1.165885E-16
4241.  1.174082E-16
4242.  1.182332E-16
4243.  1.190634E-16
4244.  1.198989E-16
4245.  1.207398E-16
4246.  1.215857E-16
4247.  1.224368E-16
4248.  1.232930E-16
4249.  1.241542E-16
4250.  1.250204E-16
4251.  1.258917E-16
4252.  1.267678E-16
4253.  1.276487E-16
4254.  1.285345E-16
4255.  1.294249E-16
4256.  1.303200E-16
4257.  1.312196E-16
4258.  1.321237E-16
4259.  1.330322E-16
4260.  1.339450E-16
4261.  1.348621E-16
4262.  1.357833E-16
4263.  1.367085E-16
4264.  1.376377E-16
4265.  1.385706E-16
4266.  1.395074E-16
4267.  1.404477E-16
4268.  1.413915E-16
4269.  1.423388E-16
4270.  1.432893E-16
4271.  1.442429E-16
4272.  1.451995E-16
4273.  1.461590E-16
4274.  1.471213E-16
4275.  1.480861E-16
4276.  1.490534E-16
4277.  1.500230E-16
4278.  1.509948E-16
4279.  1.519686E-16
4280.  1.529443E-16
4281.  1.539217E-16
4282.  1.549004E-16
4283.  1.558808E-16
4284.  1.568622E-16
4285.  1.578448E-16
4286.  1.588283E-16
4287.  1.598124E-16
4288.  1.607969E-16
4289.  1.617819E-16
4290.  1.627670E-16
4291.  1.637521E-16
4292.  1.647369E-16
4293.  1.657213E-16
4294.  1.667052E-16
4295.  1.676881E-16
4296.  1.686702E-16
4297.  1.696510E-16
4298.  1.706304E-16
4299.  1.716082E-16
4300.  1.725841E-16
4301.  1.735581E-16
4302.  1.745299E-16
4303.  1.754992E-16
4304.  1.764658E-16
4305.  1.774296E-16
4306.  1.783903E-16
4307.  1.793477E-16
4308.  1.803016E-16
4309.  1.812517E-16
4310.  1.821979E-16
4311.  1.831399E-16
4312.  1.840775E-16
4313.  1.850106E-16
4314.  1.859387E-16
4315.  1.868617E-16
4316.  1.877795E-16
4317.  1.886918E-16
4318.  1.895983E-16
4319.  1.904988E-16
4320.  1.913933E-16
4321.  1.922812E-16
4322.  1.931625E-16
4323.  1.940369E-16
4324.  1.949042E-16
4325.  1.957643E-16
4326.  1.966168E-16
4327.  1.974614E-16
4328.  1.982982E-16
4329.  1.991266E-16
4330.  1.999467E-16
4331.  2.007581E-16
4332.  2.015606E-16
4333.  2.023541E-16
4334.  2.031382E-16
4335.  2.039129E-16
4336.  2.046777E-16
4337.  2.054327E-16
4338.  2.061775E-16
4339.  2.069118E-16
4340.  2.076356E-16
4341.  2.083487E-16
4342.  2.090507E-16
4343.  2.097415E-16
4344.  2.104210E-16
4345.  2.110889E-16
4346.  2.117449E-16
4347.  2.123891E-16
4348.  2.130209E-16
4349.  2.136404E-16
4350.  2.142476E-16
4351.  2.148419E-16
4352.  2.154232E-16
4353.  2.159915E-16
4354.  2.165466E-16
4355.  2.170882E-16
4356.  2.176163E-16
4357.  2.181305E-16
4358.  2.186308E-16
4359.  2.191170E-16
4360.  2.195890E-16
4361.  2.200466E-16
4362.  2.204897E-16
4363.  2.209181E-16
4364.  2.213317E-16
4365.  2.217302E-16
4366.  2.221137E-16
4367.  2.224820E-16
4368.  2.228349E-16
4369.  2.231722E-16
4370.  2.234941E-16
4371.  2.238002E-16
4372.  2.240903E-16
4373.  2.243648E-16
4374.  2.246229E-16
4375.  2.248650E-16
4376.  2.250910E-16
4377.  2.253005E-16
4378.  2.254936E-16
4379.  2.256703E-16
4380.  2.258303E-16
4381.  2.259738E-16
4382.  2.261005E-16
4383.  2.262104E-16
4384.  2.263034E-16
4385.  2.263796E-16
4386.  2.264387E-16
4387.  2.264809E-16
4388.  2.265060E-16
4389.  2.265141E-16
4390.  2.265050E-16
4391.  2.264787E-16
4392.  2.264351E-16
4393.  2.263745E-16
4394.  2.262966E-16
4395.  2.262015E-16
4396.  2.260891E-16
4397.  2.259595E-16
4398.  2.258127E-16
4399.  2.256484E-16
4400.  2.254671E-16
4401.  2.252686E-16
4402.  2.250528E-16
4403.  2.248199E-16
4404.  2.245696E-16
4405.  2.243024E-16
4406.  2.240179E-16
4407.  2.237165E-16
4408.  2.233982E-16
4409.  2.230628E-16
4410.  2.227104E-16
4411.  2.223414E-16
4412.  2.219553E-16
4413.  2.215527E-16
4414.  2.211334E-16
4415.  2.206975E-16
4416.  2.202450E-16
4417.  2.197762E-16
4418.  2.192910E-16
4419.  2.187897E-16
4420.  2.182719E-16
4421.  2.177385E-16
4422.  2.171888E-16
4423.  2.166233E-16
4424.  2.160421E-16
4425.  2.154453E-16
4426.  2.148331E-16
4427.  2.142053E-16
4428.  2.135622E-16
4429.  2.129040E-16
4430.  2.122309E-16
4431.  2.115429E-16
4432.  2.108399E-16
4433.  2.101226E-16
4434.  2.093907E-16
4435.  2.086446E-16
4436.  2.078842E-16
4437.  2.071098E-16
4438.  2.063216E-16
4439.  2.055197E-16
4440.  2.047043E-16
4441.  2.038754E-16
4442.  2.030334E-16
4443.  2.021785E-16
4444.  2.013105E-16
4445.  2.004300E-16
4446.  1.995368E-16
4447.  1.986315E-16
4448.  1.977140E-16
4449.  1.967845E-16
4450.  1.958432E-16
4451.  1.948904E-16
4452.  1.939261E-16
4453.  1.929508E-16
4454.  1.919644E-16
4455.  1.909672E-16
4456.  1.899595E-16
4457.  1.889413E-16
4458.  1.879129E-16
4459.  1.868746E-16
4460.  1.858266E-16
4461.  1.847688E-16
4462.  1.837019E-16
4463.  1.826257E-16
4464.  1.815407E-16
4465.  1.804469E-16
4466.  1.793446E-16
4467.  1.782339E-16
4468.  1.771154E-16
4469.  1.759889E-16
4470.  1.748547E-16
4471.  1.737132E-16
4472.  1.725645E-16
4473.  1.714088E-16
4474.  1.702464E-16
4475.  1.690775E-16
4476.  1.679021E-16
4477.  1.667209E-16
4478.  1.655337E-16
4479.  1.643409E-16
4480.  1.631427E-16
4481.  1.619393E-16
4482.  1.607310E-16
4483.  1.595180E-16
4484.  1.583003E-16
4485.  1.570785E-16
4486.  1.558526E-16
4487.  1.546228E-16
4488.  1.533895E-16
4489.  1.521527E-16
4490.  1.509128E-16
4491.  1.496699E-16
4492.  1.484243E-16
4493.  1.471762E-16
4494.  1.459258E-16
4495.  1.446734E-16
4496.  1.434192E-16
4497.  1.421633E-16
4498.  1.409060E-16
4499.  1.396474E-16
4500.  1.383878E-16
