1.  -1.321950E-22
2.  -1.124509E-22
3.  -1.490683E-22
4.  -1.556128E-22
5.  -1.398544E-22
6.  -4.520682E-23
7.  -1.181326E-22
8.  -1.343964E-22
9.  -1.343368E-22
10.  -1.247464E-22
11.  -1.276024E-22
12.  -7.890076E-23
13.  -3.370051E-23
14.  -1.281417E-22
15.  -1.650430E-22
16.  -3.600113E-23
17.  -5.376752E-23
18.  -7.642449E-23
19.  7.219870E-24
20.  -1.179776E-22
21.  -7.705656E-25
22.  -7.776431E-23
23.  -7.493494E-23
24.  -4.436846E-23
25.  -1.015184E-22
26.  -1.123130E-22
27.  -7.735263E-23
28.  -6.864478E-24
29.  -9.837318E-23
30.  -4.861197E-23
31.  -1.193764E-22
32.  -1.326476E-22
33.  -1.006191E-22
34.  -6.317268E-23
35.  -1.199340E-22
36.  -1.234569E-22
37.  -1.068659E-22
38.  -1.060556E-22
39.  -6.507478E-23
40.  -5.544661E-23
41.  -9.976991E-23
42.  -1.183068E-22
43.  -6.603307E-23
44.  -2.566089E-23
45.  -2.941352E-23
46.  -4.247466E-23
47.  -4.574145E-23
48.  -1.807566E-22
49.  -1.213550E-22
50.  -1.557105E-22
51.  -1.003869E-22
52.  -6.955461E-23
53.  -9.568419E-24
54.  -4.694988E-23
55.  -9.934478E-23
56.  -1.890618E-22
57.  -1.505791E-22
58.  -1.336746E-22
59.  -1.046736E-22
60.  -1.458601E-23
61.  -1.447038E-22
62.  -9.136139E-23
63.  -8.114217E-23
64.  -4.385626E-23
65.  -8.970409E-24
66.  -1.401976E-22
67.  -7.027573E-23
68.  -6.835587E-23
69.  -8.584492E-23
70.  -8.767151E-23
71.  -9.617254E-23
72.  -1.266975E-22
73.  -5.057293E-23
74.  -9.072860E-23
75.  -2.497456E-23
76.  -1.336088E-22
77.  -1.307879E-22
78.  -1.628569E-22
79.  -1.157976E-22
80.  -1.358386E-23
81.  -9.873017E-23
82.  -1.753342E-22
83.  -1.022418E-22
84.  -1.385102E-22
85.  -1.689290E-23
86.  -8.529565E-23
87.  -5.017761E-23
88.  -1.055103E-22
89.  -1.628465E-22
90.  -1.264757E-22
91.  -1.003531E-22
92.  -3.292819E-23
93.  -1.054877E-22
94.  -1.340113E-22
95.  -1.067820E-22
96.  -7.485831E-23
97.  -1.330438E-22
98.  -1.614416E-22
99.  -9.530402E-23
100.  -1.675531E-22
101.  -4.368788E-23
102.  -1.369177E-22
103.  -1.974865E-22
104.  -5.183230E-23
105.  -7.745178E-23
106.  -8.930672E-23
107.  1.334359E-23
108.  1.199460E-24
109.  3.801236E-23
110.  2.882858E-23
111.  6.783123E-23
112.  -1.411917E-23
113.  2.457814E-23
114.  1.229576E-23
115.  6.778457E-23
116.  8.841554E-23
117.  9.532718E-23
118.  1.183314E-22
119.  1.512436E-22
120.  1.922024E-22
121.  1.941852E-22
122.  3.936700E-22
123.  4.815393E-22
124.  4.951876E-22
125.  5.400000E-22
126.  5.271522E-22
127.  6.610878E-22
128.  8.694642E-22
129.  9.455677E-22
130.  9.607866E-22
131.  1.134306E-21
132.  1.302857E-21
133.  1.399519E-21
134.  1.746363E-21
135.  1.910335E-21
136.  2.260001E-21
137.  2.519256E-21
138.  2.823440E-21
139.  3.166232E-21
140.  3.575608E-21
141.  4.045772E-21
142.  4.482380E-21
143.  5.146082E-21
144.  5.847118E-21
145.  6.444548E-21
146.  7.191701E-21
147.  8.036746E-21
148.  8.942754E-21
149.  1.001332E-20
150.  1.117123E-20
151.  1.249619E-20
152.  1.393445E-20
153.  1.542816E-20
154.  1.728505E-20
155.  1.926149E-20
156.  2.145267E-20
157.  2.381801E-20
158.  2.643296E-20
159.  2.928959E-20
160.  3.247388E-20
161.  3.602929E-20
162.  3.989664E-20
163.  4.421844E-20
164.  4.890194E-20
165.  5.414956E-20
166.  5.975519E-20
167.  6.605996E-20
168.  7.296914E-20
169.  8.048805E-20
170.  8.880447E-20
171.  9.787052E-20
172.  1.078522E-19
173.  1.188479E-19
174.  1.307305E-19
175.  1.437760E-19
176.  1.580350E-19
177.  1.736447E-19
178.  1.905348E-19
179.  2.092262E-19
180.  2.295137E-19
181.  2.516657E-19
182.  2.755947E-19
183.  3.018391E-19
184.  3.304118E-19
185.  3.613714E-19
186.  3.950559E-19
187.  4.317235E-19
188.  4.715558E-19
189.  5.146608E-19
190.  5.614251E-19
191.  6.121722E-19
192.  6.671906E-19
193.  7.266437E-19
194.  7.908896E-19
195.  8.605232E-19
196.  9.359172E-19
197.  1.017163E-18
198.  1.104872E-18
199.  1.199575E-18
200.  1.301747E-18
201.  1.411798E-18
202.  1.530366E-18
203.  1.658008E-18
204.  1.795383E-18
205.  1.943072E-18
206.  2.101815E-18
207.  2.272341E-18
208.  2.455603E-18
209.  2.651963E-18
210.  2.862638E-18
211.  3.088516E-18
212.  3.330433E-18
213.  3.589581E-18
214.  3.866619E-18
215.  4.163112E-18
216.  4.479822E-18
217.  4.818320E-18
218.  5.179621E-18
219.  5.565222E-18
220.  5.976540E-18
221.  6.414773E-18
222.  6.881787E-18
223.  7.379005E-18
224.  7.908070E-18
225.  8.470718E-18
226.  9.068796E-18
227.  9.704249E-18
228.  1.037905E-17
229.  1.109498E-17
230.  1.185448E-17
231.  1.265948E-17
232.  1.351244E-17
233.  1.441565E-17
234.  1.537147E-17
235.  1.638252E-17
236.  1.745150E-17
237.  1.858088E-17
238.  1.977344E-17
239.  2.103213E-17
240.  2.235993E-17
241.  2.375980E-17
242.  2.523479E-17
243.  2.678843E-17
244.  2.842358E-17
245.  3.014383E-17
246.  3.195248E-17
247.  3.385319E-17
248.  3.584963E-17
249.  3.794508E-17
250.  4.014386E-17
251.  4.244948E-17
252.  4.486577E-17
253.  4.739676E-17
254.  5.004642E-17
255.  5.281902E-17
256.  5.571863E-17
257.  5.874924E-17
258.  6.191516E-17
259.  6.522080E-17
260.  6.867042E-17
261.  7.226832E-17
262.  7.601896E-17
263.  7.992643E-17
264.  8.399554E-17
265.  8.823037E-17
266.  9.263551E-17
267.  9.721531E-17
268.  1.019742E-16
269.  1.069166E-16
270.  1.120465E-16
271.  1.173687E-16
272.  1.228873E-16
273.  1.286062E-16
274.  1.345298E-16
275.  1.406622E-16
276.  1.470075E-16
277.  1.535695E-16
278.  1.603517E-16
279.  1.673581E-16
280.  1.745924E-16
281.  1.820578E-16
282.  1.897578E-16
283.  1.976956E-16
284.  2.058741E-16
285.  2.142961E-16
286.  2.229645E-16
287.  2.318817E-16
288.  2.410500E-16
289.  2.504716E-16
290.  2.601483E-16
291.  2.700819E-16
292.  2.802739E-16
293.  2.907254E-16
294.  3.014374E-16
295.  3.124108E-16
296.  3.236460E-16
297.  3.351432E-16
298.  3.469023E-16
299.  3.589232E-16
300.  3.712050E-16
301.  3.837471E-16
302.  3.965482E-16
303.  4.096066E-16
304.  4.229209E-16
305.  4.364888E-16
306.  4.503076E-16
307.  4.643755E-16
308.  4.786888E-16
309.  4.932442E-16
310.  5.080382E-16
311.  5.230670E-16
312.  5.383261E-16
313.  5.538110E-16
314.  5.695169E-16
315.  5.854387E-16
316.  6.015709E-16
317.  6.179075E-16
318.  6.344424E-16
319.  6.511697E-16
320.  6.680823E-16
321.  6.851735E-16
322.  7.024358E-16
323.  7.198622E-16
324.  7.374448E-16
325.  7.551755E-16
326.  7.730464E-16
327.  7.910485E-16
328.  8.091738E-16
329.  8.274130E-16
330.  8.457572E-16
331.  8.641972E-16
332.  8.827233E-16
333.  9.013263E-16
334.  9.199962E-16
335.  9.387229E-16
336.  9.574971E-16
337.  9.763076E-16
338.  9.951449E-16
339.  1.013999E-15
340.  1.032858E-15
341.  1.051713E-15
342.  1.070553E-15
343.  1.089367E-15
344.  1.108144E-15
345.  1.126875E-15
346.  1.145548E-15
347.  1.164153E-15
348.  1.182679E-15
349.  1.201116E-15
350.  1.219453E-15
351.  1.237679E-15
352.  1.255786E-15
353.  1.273761E-15
354.  1.291595E-15
355.  1.309278E-15
356.  1.326800E-15
357.  1.344152E-15
358.  1.361322E-15
359.  1.378303E-15
360.  1.395084E-15
361.  1.411657E-15
362.  1.428012E-15
363.  1.444140E-15
364.  1.460033E-15
365.  1.475683E-15
366.  1.491081E-15
367.  1.506220E-15
368.  1.521090E-15
369.  1.535686E-15
370.  1.549999E-15
371.  1.564022E-15
372.  1.577749E-15
373.  1.591172E-15
374.  1.604287E-15
375.  1.617086E-15
376.  1.629563E-15
377.  1.641713E-15
378.  1.653531E-15
379.  1.665012E-15
380.  1.676150E-15
381.  1.686942E-15
382.  1.697383E-15
383.  1.707469E-15
384.  1.717196E-15
385.  1.726561E-15
386.  1.735561E-15
387.  1.744193E-15
388.  1.752455E-15
389.  1.760343E-15
390.  1.767857E-15
391.  1.774993E-15
392.  1.781752E-15
393.  1.788132E-15
394.  1.794131E-15
395.  1.799749E-15
396.  1.804987E-15
397.  1.809843E-15
398.  1.814319E-15
399.  1.818413E-15
400.  1.822129E-15
401.  1.825466E-15
402.  1.828426E-15
403.  1.831010E-15
404.  1.833221E-15
405.  1.835061E-15
406.  1.836532E-15
407.  1.837637E-15
408.  1.838380E-15
409.  1.838762E-15
410.  1.838790E-15
411.  1.838465E-15
412.  1.837792E-15
413.  1.836776E-15
414.  1.835423E-15
415.  1.833735E-15
416.  1.831719E-15
417.  1.829382E-15
418.  1.826727E-15
419.  1.823761E-15
420.  1.820492E-15
421.  1.816925E-15
422.  1.813068E-15
423.  1.808927E-15
424.  1.804510E-15
425.  1.799825E-15
426.  1.794880E-15
427.  1.789682E-15
428.  1.784240E-15
429.  1.778564E-15
430.  1.772661E-15
431.  1.766540E-15
432.  1.760211E-15
433.  1.753684E-15
434.  1.746968E-15
435.  1.740073E-15
436.  1.733009E-15
437.  1.725786E-15
438.  1.718414E-15
439.  1.710904E-15
440.  1.703267E-15
441.  1.695514E-15
442.  1.687655E-15
443.  1.679701E-15
444.  1.671663E-15
445.  1.663553E-15
446.  1.655382E-15
447.  1.647162E-15
448.  1.638902E-15
449.  1.630616E-15
450.  1.622314E-15
451.  1.614008E-15
452.  1.605709E-15
453.  1.597428E-15
454.  1.589178E-15
455.  1.580968E-15
456.  1.572811E-15
457.  1.564717E-15
458.  1.556698E-15
459.  1.548765E-15
460.  1.540928E-15
461.  1.533197E-15
462.  1.525584E-15
463.  1.518099E-15
464.  1.510752E-15
465.  1.503553E-15
466.  1.496511E-15
467.  1.489636E-15
468.  1.482938E-15
469.  1.476426E-15
470.  1.470107E-15
471.  1.463991E-15
472.  1.458086E-15
473.  1.452399E-15
474.  1.446939E-15
475.  1.441712E-15
476.  1.436726E-15
477.  1.431986E-15
478.  1.427500E-15
479.  1.423272E-15
480.  1.419309E-15
481.  1.415615E-15
482.  1.412195E-15
483.  1.409053E-15
484.  1.406193E-15
485.  1.403620E-15
486.  1.401334E-15
487.  1.399340E-15
488.  1.397640E-15
489.  1.396234E-15
490.  1.395125E-15
491.  1.394313E-15
492.  1.393800E-15
493.  1.393583E-15
494.  1.393665E-15
495.  1.394043E-15
496.  1.394716E-15
497.  1.395682E-15
498.  1.396939E-15
499.  1.398485E-15
500.  1.400317E-15
501.  1.402431E-15
502.  1.404822E-15
503.  1.407488E-15
504.  1.410422E-15
505.  1.413620E-15
506.  1.417076E-15
507.  1.420785E-15
508.  1.424739E-15
509.  1.428932E-15
510.  1.433358E-15
511.  1.438007E-15
512.  1.442873E-15
513.  1.447947E-15
514.  1.453221E-15
515.  1.458685E-15
516.  1.464332E-15
517.  1.470150E-15
518.  1.476130E-15
519.  1.482261E-15
520.  1.488535E-15
521.  1.494939E-15
522.  1.501463E-15
523.  1.508095E-15
524.  1.514825E-15
525.  1.521641E-15
526.  1.528530E-15
527.  1.535481E-15
528.  1.542481E-15
529.  1.549519E-15
530.  1.556582E-15
531.  1.563657E-15
532.  1.570732E-15
533.  1.577794E-15
534.  1.584830E-15
535.  1.591828E-15
536.  1.598773E-15
537.  1.605654E-15
538.  1.612458E-15
539.  1.619172E-15
540.  1.625783E-15
541.  1.632278E-15
542.  1.638644E-15
543.  1.644870E-15
544.  1.650943E-15
545.  1.656850E-15
546.  1.662579E-15
547.  1.668119E-15
548.  1.673457E-15
549.  1.678583E-15
550.  1.683484E-15
551.  1.688151E-15
552.  1.692572E-15
553.  1.696737E-15
554.  1.700636E-15
555.  1.704259E-15
556.  1.707597E-15
557.  1.710640E-15
558.  1.713381E-15
559.  1.715811E-15
560.  1.717922E-15
561.  1.719708E-15
562.  1.721160E-15
563.  1.722273E-15
564.  1.723041E-15
565.  1.723458E-15
566.  1.723520E-15
567.  1.723222E-15
568.  1.722560E-15
569.  1.721531E-15
570.  1.720133E-15
571.  1.718362E-15
572.  1.716218E-15
573.  1.713698E-15
574.  1.710804E-15
575.  1.707534E-15
576.  1.703890E-15
577.  1.699873E-15
578.  1.695483E-15
579.  1.690724E-15
580.  1.685599E-15
581.  1.680111E-15
582.  1.674265E-15
583.  1.668063E-15
584.  1.661513E-15
585.  1.654619E-15
586.  1.647388E-15
587.  1.639826E-15
588.  1.631940E-15
589.  1.623740E-15
590.  1.615231E-15
591.  1.606423E-15
592.  1.597326E-15
593.  1.587948E-15
594.  1.578299E-15
595.  1.568391E-15
596.  1.558233E-15
597.  1.547836E-15
598.  1.537212E-15
599.  1.526373E-15
600.  1.515330E-15
601.  1.504095E-15
602.  1.492682E-15
603.  1.481102E-15
604.  1.469369E-15
605.  1.457494E-15
606.  1.445493E-15
607.  1.433377E-15
608.  1.421161E-15
609.  1.408857E-15
610.  1.396479E-15
611.  1.384041E-15
612.  1.371555E-15
613.  1.359036E-15
614.  1.346496E-15
615.  1.333950E-15
616.  1.321409E-15
617.  1.308888E-15
618.  1.296399E-15
619.  1.283954E-15
620.  1.271566E-15
621.  1.259249E-15
622.  1.247012E-15
623.  1.234870E-15
624.  1.222832E-15
625.  1.210910E-15
626.  1.199115E-15
627.  1.187458E-15
628.  1.175949E-15
629.  1.164597E-15
630.  1.153413E-15
631.  1.142404E-15
632.  1.131581E-15
633.  1.120951E-15
634.  1.110522E-15
635.  1.100302E-15
636.  1.090297E-15
637.  1.080514E-15
638.  1.070959E-15
639.  1.061638E-15
640.  1.052556E-15
641.  1.043717E-15
642.  1.035126E-15
643.  1.026786E-15
644.  1.018701E-15
645.  1.010873E-15
646.  1.003305E-15
647.  9.959985E-16
648.  9.889544E-16
649.  9.821739E-16
650.  9.756574E-16
651.  9.694046E-16
652.  9.634153E-16
653.  9.576883E-16
654.  9.522218E-16
655.  9.470148E-16
656.  9.420645E-16
657.  9.373681E-16
658.  9.329225E-16
659.  9.287246E-16
660.  9.247700E-16
661.  9.210549E-16
662.  9.175743E-16
663.  9.143232E-16
664.  9.112967E-16
665.  9.084886E-16
666.  9.058933E-16
667.  9.035046E-16
668.  9.013159E-16
669.  8.993203E-16
670.  8.975108E-16
671.  8.958801E-16
672.  8.944208E-16
673.  8.931254E-16
674.  8.919856E-16
675.  8.909937E-16
676.  8.901414E-16
677.  8.894202E-16
678.  8.888217E-16
679.  8.883375E-16
680.  8.879589E-16
681.  8.876769E-16
682.  8.874830E-16
683.  8.873682E-16
684.  8.873238E-16
685.  8.873409E-16
686.  8.874104E-16
687.  8.875241E-16
688.  8.876725E-16
689.  8.878471E-16
690.  8.880396E-16
691.  8.882411E-16
692.  8.884431E-16
693.  8.886375E-16
694.  8.888158E-16
695.  8.889701E-16
696.  8.890926E-16
697.  8.891751E-16
698.  8.892107E-16
699.  8.891915E-16
700.  8.891106E-16
701.  8.889611E-16
702.  8.887360E-16
703.  8.884294E-16
704.  8.880345E-16
705.  8.875461E-16
706.  8.869577E-16
707.  8.862647E-16
708.  8.854616E-16
709.  8.845438E-16
710.  8.835067E-16
711.  8.823463E-16
712.  8.810588E-16
713.  8.796405E-16
714.  8.780884E-16
715.  8.763996E-16
716.  8.745719E-16
717.  8.726026E-16
718.  8.704905E-16
719.  8.682337E-16
720.  8.658314E-16
721.  8.632826E-16
722.  8.605872E-16
723.  8.577448E-16
724.  8.547561E-16
725.  8.516215E-16
726.  8.483419E-16
727.  8.449188E-16
728.  8.413538E-16
729.  8.376488E-16
730.  8.338062E-16
731.  8.298286E-16
732.  8.257190E-16
733.  8.214803E-16
734.  8.171164E-16
735.  8.126309E-16
736.  8.080279E-16
737.  8.033117E-16
738.  7.984868E-16
739.  7.935583E-16
740.  7.885310E-16
741.  7.834104E-16
742.  7.782016E-16
743.  7.729106E-16
744.  7.675430E-16
745.  7.621050E-16
746.  7.566023E-16
747.  7.510418E-16
748.  7.454294E-16
749.  7.397717E-16
750.  7.340754E-16
751.  7.283471E-16
752.  7.225933E-16
753.  7.168210E-16
754.  7.110368E-16
755.  7.052478E-16
756.  6.994604E-16
757.  6.936813E-16
758.  6.879177E-16
759.  6.821759E-16
760.  6.764626E-16
761.  6.707843E-16
762.  6.651477E-16
763.  6.595588E-16
764.  6.540242E-16
765.  6.485496E-16
766.  6.431413E-16
767.  6.378052E-16
768.  6.325465E-16
769.  6.273713E-16
770.  6.222845E-16
771.  6.172914E-16
772.  6.123970E-16
773.  6.076060E-16
774.  6.029231E-16
775.  5.983522E-16
776.  5.938981E-16
777.  5.895641E-16
778.  5.853542E-16
779.  5.812721E-16
780.  5.773207E-16
781.  5.735031E-16
782.  5.698221E-16
783.  5.662803E-16
784.  5.628802E-16
785.  5.596237E-16
786.  5.565128E-16
787.  5.535494E-16
788.  5.507348E-16
789.  5.480704E-16
790.  5.455571E-16
791.  5.431960E-16
792.  5.409879E-16
793.  5.389331E-16
794.  5.370319E-16
795.  5.352849E-16
796.  5.336918E-16
797.  5.322524E-16
798.  5.309668E-16
799.  5.298344E-16
800.  5.288544E-16
801.  5.280267E-16
802.  5.273502E-16
803.  5.268241E-16
804.  5.264475E-16
805.  5.262193E-16
806.  5.261383E-16
807.  5.262035E-16
808.  5.264138E-16
809.  5.267675E-16
810.  5.272637E-16
811.  5.279005E-16
812.  5.286769E-16
813.  5.295914E-16
814.  5.306424E-16
815.  5.318285E-16
816.  5.331485E-16
817.  5.346004E-16
818.  5.361831E-16
819.  5.378950E-16
820.  5.397349E-16
821.  5.417010E-16
822.  5.437918E-16
823.  5.460062E-16
824.  5.483426E-16
825.  5.507997E-16
826.  5.533761E-16
827.  5.560704E-16
828.  5.588813E-16
829.  5.618075E-16
830.  5.648476E-16
831.  5.680006E-16
832.  5.712647E-16
833.  5.746392E-16
834.  5.781224E-16
835.  5.817133E-16
836.  5.854106E-16
837.  5.892130E-16
838.  5.931192E-16
839.  5.971278E-16
840.  6.012378E-16
841.  6.054475E-16
842.  6.097559E-16
843.  6.141615E-16
844.  6.186628E-16
845.  6.232582E-16
846.  6.279467E-16
847.  6.327263E-16
848.  6.375954E-16
849.  6.425524E-16
850.  6.475957E-16
851.  6.527233E-16
852.  6.579334E-16
853.  6.632241E-16
854.  6.685932E-16
855.  6.740384E-16
856.  6.795579E-16
857.  6.851490E-16
858.  6.908097E-16
859.  6.965371E-16
860.  7.023287E-16
861.  7.081816E-16
862.  7.140934E-16
863.  7.200607E-16
864.  7.260808E-16
865.  7.321502E-16
866.  7.382657E-16
867.  7.444241E-16
868.  7.506216E-16
869.  7.568552E-16
870.  7.631205E-16
871.  7.694138E-16
872.  7.757316E-16
873.  7.820693E-16
874.  7.884232E-16
875.  7.947889E-16
876.  8.011620E-16
877.  8.075381E-16
878.  8.139127E-16
879.  8.202814E-16
880.  8.266392E-16
881.  8.329816E-16
882.  8.393036E-16
883.  8.456003E-16
884.  8.518673E-16
885.  8.580988E-16
886.  8.642902E-16
887.  8.704364E-16
888.  8.765324E-16
889.  8.825728E-16
890.  8.885526E-16
891.  8.944666E-16
892.  9.003097E-16
893.  9.060769E-16
894.  9.117626E-16
895.  9.173619E-16
896.  9.228698E-16
897.  9.282812E-16
898.  9.335910E-16
899.  9.387942E-16
900.  9.438863E-16
901.  9.488620E-16
902.  9.537167E-16
903.  9.584457E-16
904.  9.630445E-16
905.  9.675086E-16
906.  9.718335E-16
907.  9.760154E-16
908.  9.800496E-16
909.  9.839327E-16
910.  9.876605E-16
911.  9.912296E-16
912.  9.946364E-16
913.  9.978774E-16
914.  1.000950E-15
915.  1.003850E-15
916.  1.006576E-15
917.  1.009125E-15
918.  1.011494E-15
919.  1.013682E-15
920.  1.015686E-15
921.  1.017505E-15
922.  1.019137E-15
923.  1.020581E-15
924.  1.021836E-15
925.  1.022901E-15
926.  1.023776E-15
927.  1.024461E-15
928.  1.024955E-15
929.  1.025259E-15
930.  1.025373E-15
931.  1.025298E-15
932.  1.025035E-15
933.  1.024586E-15
934.  1.023953E-15
935.  1.023136E-15
936.  1.022138E-15
937.  1.020962E-15
938.  1.019611E-15
939.  1.018086E-15
940.  1.016393E-15
941.  1.014533E-15
942.  1.012510E-15
943.  1.010330E-15
944.  1.007995E-15
945.  1.005510E-15
946.  1.002881E-15
947.  1.000112E-15
948.  9.972072E-16
949.  9.941734E-16
950.  9.910156E-16
951.  9.877395E-16
952.  9.843510E-16
953.  9.808563E-16
954.  9.772617E-16
955.  9.735733E-16
956.  9.697981E-16
957.  9.659424E-16
958.  9.620132E-16
959.  9.580172E-16
960.  9.539613E-16
961.  9.498530E-16
962.  9.456987E-16
963.  9.415059E-16
964.  9.372818E-16
965.  9.330330E-16
966.  9.287674E-16
967.  9.244916E-16
968.  9.202126E-16
969.  9.159375E-16
970.  9.116734E-16
971.  9.074270E-16
972.  9.032050E-16
973.  8.990139E-16
974.  8.948602E-16
975.  8.907504E-16
976.  8.866905E-16
977.  8.826862E-16
978.  8.787435E-16
979.  8.748678E-16
980.  8.710644E-16
981.  8.673386E-16
982.  8.636946E-16
983.  8.601373E-16
984.  8.566708E-16
985.  8.532991E-16
986.  8.500260E-16
987.  8.468545E-16
988.  8.437880E-16
989.  8.408286E-16
990.  8.379791E-16
991.  8.352414E-16
992.  8.326171E-16
993.  8.301076E-16
994.  8.277138E-16
995.  8.254364E-16
996.  8.232756E-16
997.  8.212317E-16
998.  8.193038E-16
999.  8.174914E-16
1000.  8.157935E-16
1001.  8.142086E-16
1002.  8.127350E-16
1003.  8.113708E-16
1004.  8.101136E-16
1005.  8.089608E-16
1006.  8.079095E-16
1007.  8.069565E-16
1008.  8.060985E-16
1009.  8.053320E-16
1010.  8.046530E-16
1011.  8.040576E-16
1012.  8.035416E-16
1013.  8.031003E-16
1014.  8.027297E-16
1015.  8.024248E-16
1016.  8.021812E-16
1017.  8.019937E-16
1018.  8.018576E-16
1019.  8.017681E-16
1020.  8.017200E-16
1021.  8.017087E-16
1022.  8.017293E-16
1023.  8.017768E-16
1024.  8.018465E-16
1025.  8.019336E-16
1026.  8.020341E-16
1027.  8.021428E-16
1028.  8.022562E-16
1029.  8.023697E-16
1030.  8.024800E-16
1031.  8.025826E-16
1032.  8.026749E-16
1033.  8.027533E-16
1034.  8.028149E-16
1035.  8.028573E-16
1036.  8.028782E-16
1037.  8.028754E-16
1038.  8.028470E-16
1039.  8.027921E-16
1040.  8.027094E-16
1041.  8.025981E-16
1042.  8.024580E-16
1043.  8.022890E-16
1044.  8.020914E-16
1045.  8.018660E-16
1046.  8.016138E-16
1047.  8.013362E-16
1048.  8.010347E-16
1049.  8.007117E-16
1050.  8.003693E-16
1051.  8.000104E-16
1052.  7.996381E-16
1053.  7.992554E-16
1054.  7.988662E-16
1055.  7.984743E-16
1056.  7.980838E-16
1057.  7.976991E-16
1058.  7.973247E-16
1059.  7.969657E-16
1060.  7.966268E-16
1061.  7.963133E-16
1062.  7.960304E-16
1063.  7.957836E-16
1064.  7.955786E-16
1065.  7.954207E-16
1066.  7.953157E-16
1067.  7.952694E-16
1068.  7.952873E-16
1069.  7.953751E-16
1070.  7.955384E-16
1071.  7.957831E-16
1072.  7.961144E-16
1073.  7.965378E-16
1074.  7.970584E-16
1075.  7.976818E-16
1076.  7.984124E-16
1077.  7.992554E-16
1078.  8.002148E-16
1079.  8.012953E-16
1080.  8.025011E-16
1081.  8.038358E-16
1082.  8.053030E-16
1083.  8.069060E-16
1084.  8.086478E-16
1085.  8.105309E-16
1086.  8.125579E-16
1087.  8.147307E-16
1088.  8.170508E-16
1089.  8.195200E-16
1090.  8.221388E-16
1091.  8.249082E-16
1092.  8.278287E-16
1093.  8.308998E-16
1094.  8.341216E-16
1095.  8.374931E-16
1096.  8.410136E-16
1097.  8.446817E-16
1098.  8.484956E-16
1099.  8.524536E-16
1100.  8.565532E-16
1101.  8.607922E-16
1102.  8.651676E-16
1103.  8.696766E-16
1104.  8.743159E-16
1105.  8.790818E-16
1106.  8.839707E-16
1107.  8.889788E-16
1108.  8.941018E-16
1109.  8.993362E-16
1110.  9.046767E-16
1111.  9.101193E-16
1112.  9.156596E-16
1113.  9.212926E-16
1114.  9.270140E-16
1115.  9.328188E-16
1116.  9.387022E-16
1117.  9.446594E-16
1118.  9.506859E-16
1119.  9.567765E-16
1120.  9.629270E-16
1121.  9.691324E-16
1122.  9.753883E-16
1123.  9.816904E-16
1124.  9.880339E-16
1125.  9.944150E-16
1126.  1.000829E-15
1127.  1.007273E-15
1128.  1.013742E-15
1129.  1.020233E-15
1130.  1.026742E-15
1131.  1.033267E-15
1132.  1.039803E-15
1133.  1.046347E-15
1134.  1.052898E-15
1135.  1.059452E-15
1136.  1.066007E-15
1137.  1.072561E-15
1138.  1.079111E-15
1139.  1.085656E-15
1140.  1.092194E-15
1141.  1.098722E-15
1142.  1.105242E-15
1143.  1.111749E-15
1144.  1.118244E-15
1145.  1.124726E-15
1146.  1.131193E-15
1147.  1.137645E-15
1148.  1.144081E-15
1149.  1.150501E-15
1150.  1.156904E-15
1151.  1.163289E-15
1152.  1.169657E-15
1153.  1.176007E-15
1154.  1.182339E-15
1155.  1.188652E-15
1156.  1.194946E-15
1157.  1.201220E-15
1158.  1.207475E-15
1159.  1.213710E-15
1160.  1.219924E-15
1161.  1.226117E-15
1162.  1.232288E-15
1163.  1.238437E-15
1164.  1.244562E-15
1165.  1.250663E-15
1166.  1.256739E-15
1167.  1.262788E-15
1168.  1.268810E-15
1169.  1.274802E-15
1170.  1.280763E-15
1171.  1.286692E-15
1172.  1.292585E-15
1173.  1.298442E-15
1174.  1.304259E-15
1175.  1.310034E-15
1176.  1.315765E-15
1177.  1.321449E-15
1178.  1.327083E-15
1179.  1.332663E-15
1180.  1.338187E-15
1181.  1.343650E-15
1182.  1.349049E-15
1183.  1.354380E-15
1184.  1.359640E-15
1185.  1.364824E-15
1186.  1.369928E-15
1187.  1.374948E-15
1188.  1.379879E-15
1189.  1.384717E-15
1190.  1.389457E-15
1191.  1.394094E-15
1192.  1.398625E-15
1193.  1.403044E-15
1194.  1.407345E-15
1195.  1.411526E-15
1196.  1.415580E-15
1197.  1.419503E-15
1198.  1.423291E-15
1199.  1.426938E-15
1200.  1.430441E-15
1201.  1.433794E-15
1202.  1.436993E-15
1203.  1.440034E-15
1204.  1.442913E-15
1205.  1.445626E-15
1206.  1.448168E-15
1207.  1.450537E-15
1208.  1.452729E-15
1209.  1.454740E-15
1210.  1.456567E-15
1211.  1.458209E-15
1212.  1.459661E-15
1213.  1.460922E-15
1214.  1.461990E-15
1215.  1.462863E-15
1216.  1.463539E-15
1217.  1.464017E-15
1218.  1.464297E-15
1219.  1.464378E-15
1220.  1.464259E-15
1221.  1.463941E-15
1222.  1.463424E-15
1223.  1.462709E-15
1224.  1.461796E-15
1225.  1.460688E-15
1226.  1.459386E-15
1227.  1.457891E-15
1228.  1.456208E-15
1229.  1.454337E-15
1230.  1.452282E-15
1231.  1.450048E-15
1232.  1.447636E-15
1233.  1.445052E-15
1234.  1.442300E-15
1235.  1.439384E-15
1236.  1.436309E-15
1237.  1.433081E-15
1238.  1.429705E-15
1239.  1.426187E-15
1240.  1.422533E-15
1241.  1.418749E-15
1242.  1.414841E-15
1243.  1.410817E-15
1244.  1.406684E-15
1245.  1.402448E-15
1246.  1.398116E-15
1247.  1.393697E-15
1248.  1.389198E-15
1249.  1.384626E-15
1250.  1.379990E-15
1251.  1.375297E-15
1252.  1.370555E-15
1253.  1.365773E-15
1254.  1.360958E-15
1255.  1.356120E-15
1256.  1.351265E-15
1257.  1.346402E-15
1258.  1.341540E-15
1259.  1.336686E-15
1260.  1.331848E-15
1261.  1.327035E-15
1262.  1.322254E-15
1263.  1.317513E-15
1264.  1.312819E-15
1265.  1.308181E-15
1266.  1.303605E-15
1267.  1.299099E-15
1268.  1.294670E-15
1269.  1.290323E-15
1270.  1.286067E-15
1271.  1.281907E-15
1272.  1.277850E-15
1273.  1.273900E-15
1274.  1.270064E-15
1275.  1.266347E-15
1276.  1.262754E-15
1277.  1.259290E-15
1278.  1.255959E-15
1279.  1.252765E-15
1280.  1.249712E-15
1281.  1.246804E-15
1282.  1.244042E-15
1283.  1.241431E-15
1284.  1.238973E-15
1285.  1.236669E-15
1286.  1.234522E-15
1287.  1.232532E-15
1288.  1.230702E-15
1289.  1.229031E-15
1290.  1.227519E-15
1291.  1.226168E-15
1292.  1.224976E-15
1293.  1.223942E-15
1294.  1.223067E-15
1295.  1.222348E-15
1296.  1.221784E-15
1297.  1.221372E-15
1298.  1.221111E-15
1299.  1.220998E-15
1300.  1.221030E-15
1301.  1.221204E-15
1302.  1.221516E-15
1303.  1.221963E-15
1304.  1.222541E-15
1305.  1.223246E-15
1306.  1.224073E-15
1307.  1.225017E-15
1308.  1.226075E-15
1309.  1.227240E-15
1310.  1.228508E-15
1311.  1.229874E-15
1312.  1.231331E-15
1313.  1.232875E-15
1314.  1.234500E-15
1315.  1.236200E-15
1316.  1.237969E-15
1317.  1.239802E-15
1318.  1.241691E-15
1319.  1.243633E-15
1320.  1.245620E-15
1321.  1.247646E-15
1322.  1.249706E-15
1323.  1.251793E-15
1324.  1.253902E-15
1325.  1.256027E-15
1326.  1.258162E-15
1327.  1.260302E-15
1328.  1.262440E-15
1329.  1.264572E-15
1330.  1.266692E-15
1331.  1.268796E-15
1332.  1.270878E-15
1333.  1.272933E-15
1334.  1.274956E-15
1335.  1.276944E-15
1336.  1.278892E-15
1337.  1.280796E-15
1338.  1.282652E-15
1339.  1.284457E-15
1340.  1.286207E-15
1341.  1.287900E-15
1342.  1.289531E-15
1343.  1.291100E-15
1344.  1.292603E-15
1345.  1.294039E-15
1346.  1.295405E-15
1347.  1.296701E-15
1348.  1.297925E-15
1349.  1.299076E-15
1350.  1.300154E-15
1351.  1.301157E-15
1352.  1.302087E-15
1353.  1.302943E-15
1354.  1.303726E-15
1355.  1.304436E-15
1356.  1.305075E-15
1357.  1.305643E-15
1358.  1.306143E-15
1359.  1.306577E-15
1360.  1.306945E-15
1361.  1.307251E-15
1362.  1.307498E-15
1363.  1.307687E-15
1364.  1.307822E-15
1365.  1.307907E-15
1366.  1.307944E-15
1367.  1.307938E-15
1368.  1.307892E-15
1369.  1.307810E-15
1370.  1.307697E-15
1371.  1.307556E-15
1372.  1.307393E-15
1373.  1.307212E-15
1374.  1.307017E-15
1375.  1.306814E-15
1376.  1.306607E-15
1377.  1.306403E-15
1378.  1.306204E-15
1379.  1.306018E-15
1380.  1.305849E-15
1381.  1.305702E-15
1382.  1.305584E-15
1383.  1.305498E-15
1384.  1.305451E-15
1385.  1.305448E-15
1386.  1.305494E-15
1387.  1.305594E-15
1388.  1.305754E-15
1389.  1.305979E-15
1390.  1.306275E-15
1391.  1.306645E-15
1392.  1.307095E-15
1393.  1.307630E-15
1394.  1.308255E-15
1395.  1.308974E-15
1396.  1.309792E-15
1397.  1.310714E-15
1398.  1.311743E-15
1399.  1.312885E-15
1400.  1.314142E-15
1401.  1.315518E-15
1402.  1.317019E-15
1403.  1.318646E-15
1404.  1.320403E-15
1405.  1.322294E-15
1406.  1.324321E-15
1407.  1.326488E-15
1408.  1.328796E-15
1409.  1.331249E-15
1410.  1.333849E-15
1411.  1.336597E-15
1412.  1.339497E-15
1413.  1.342548E-15
1414.  1.345754E-15
1415.  1.349114E-15
1416.  1.352631E-15
1417.  1.356305E-15
1418.  1.360137E-15
1419.  1.364128E-15
1420.  1.368278E-15
1421.  1.372586E-15
1422.  1.377054E-15
1423.  1.381681E-15
1424.  1.386466E-15
1425.  1.391409E-15
1426.  1.396509E-15
1427.  1.401766E-15
1428.  1.407178E-15
1429.  1.412744E-15
1430.  1.418462E-15
1431.  1.424331E-15
1432.  1.430350E-15
1433.  1.436516E-15
1434.  1.442827E-15
1435.  1.449282E-15
1436.  1.455877E-15
1437.  1.462610E-15
1438.  1.469479E-15
1439.  1.476480E-15
1440.  1.483612E-15
1441.  1.490870E-15
1442.  1.498251E-15
1443.  1.505753E-15
1444.  1.513372E-15
1445.  1.521104E-15
1446.  1.528945E-15
1447.  1.536892E-15
1448.  1.544941E-15
1449.  1.553088E-15
1450.  1.561328E-15
1451.  1.569657E-15
1452.  1.578071E-15
1453.  1.586566E-15
1454.  1.595137E-15
1455.  1.603780E-15
1456.  1.612488E-15
1457.  1.621259E-15
1458.  1.630087E-15
1459.  1.638967E-15
1460.  1.647894E-15
1461.  1.656863E-15
1462.  1.665869E-15
1463.  1.674907E-15
1464.  1.683971E-15
1465.  1.693057E-15
1466.  1.702159E-15
1467.  1.711272E-15
1468.  1.720390E-15
1469.  1.729508E-15
1470.  1.738621E-15
1471.  1.747723E-15
1472.  1.756810E-15
1473.  1.765875E-15
1474.  1.774914E-15
1475.  1.783921E-15
1476.  1.792891E-15
1477.  1.801819E-15
1478.  1.810699E-15
1479.  1.819527E-15
1480.  1.828298E-15
1481.  1.837006E-15
1482.  1.845646E-15
1483.  1.854215E-15
1484.  1.862707E-15
1485.  1.871117E-15
1486.  1.879442E-15
1487.  1.887676E-15
1488.  1.895815E-15
1489.  1.903856E-15
1490.  1.911794E-15
1491.  1.919625E-15
1492.  1.927346E-15
1493.  1.934952E-15
1494.  1.942441E-15
1495.  1.949809E-15
1496.  1.957053E-15
1497.  1.964170E-15
1498.  1.971157E-15
1499.  1.978011E-15
1500.  1.984729E-15
1501.  1.991311E-15
1502.  1.997751E-15
1503.  2.004051E-15
1504.  2.010206E-15
1505.  2.016215E-15
1506.  2.022077E-15
1507.  2.027791E-15
1508.  2.033354E-15
1509.  2.038766E-15
1510.  2.044026E-15
1511.  2.049133E-15
1512.  2.054086E-15
1513.  2.058885E-15
1514.  2.063529E-15
1515.  2.068018E-15
1516.  2.072351E-15
1517.  2.076529E-15
1518.  2.080551E-15
1519.  2.084418E-15
1520.  2.088130E-15
1521.  2.091687E-15
1522.  2.095090E-15
1523.  2.098338E-15
1524.  2.101433E-15
1525.  2.104375E-15
1526.  2.107165E-15
1527.  2.109803E-15
1528.  2.112291E-15
1529.  2.114628E-15
1530.  2.116816E-15
1531.  2.118856E-15
1532.  2.120748E-15
1533.  2.122494E-15
1534.  2.124095E-15
1535.  2.125551E-15
1536.  2.126863E-15
1537.  2.128032E-15
1538.  2.129059E-15
1539.  2.129946E-15
1540.  2.130693E-15
1541.  2.131300E-15
1542.  2.131770E-15
1543.  2.132103E-15
1544.  2.132299E-15
1545.  2.132361E-15
1546.  2.132287E-15
1547.  2.132081E-15
1548.  2.131742E-15
1549.  2.131271E-15
1550.  2.130670E-15
1551.  2.129939E-15
1552.  2.129079E-15
1553.  2.128091E-15
1554.  2.126975E-15
1555.  2.125734E-15
1556.  2.124367E-15
1557.  2.122877E-15
1558.  2.121262E-15
1559.  2.119526E-15
1560.  2.117668E-15
1561.  2.115691E-15
1562.  2.113593E-15
1563.  2.111378E-15
1564.  2.109047E-15
1565.  2.106600E-15
1566.  2.104039E-15
1567.  2.101365E-15
1568.  2.098580E-15
1569.  2.095684E-15
1570.  2.092680E-15
1571.  2.089570E-15
1572.  2.086354E-15
1573.  2.083035E-15
1574.  2.079615E-15
1575.  2.076094E-15
1576.  2.072476E-15
1577.  2.068762E-15
1578.  2.064954E-15
1579.  2.061055E-15
1580.  2.057066E-15
1581.  2.052991E-15
1582.  2.048830E-15
1583.  2.044587E-15
1584.  2.040264E-15
1585.  2.035863E-15
1586.  2.031388E-15
1587.  2.026840E-15
1588.  2.022222E-15
1589.  2.017537E-15
1590.  2.012786E-15
1591.  2.007974E-15
1592.  2.003102E-15
1593.  1.998173E-15
1594.  1.993190E-15
1595.  1.988154E-15
1596.  1.983070E-15
1597.  1.977938E-15
1598.  1.972762E-15
1599.  1.967544E-15
1600.  1.962285E-15
1601.  1.956989E-15
1602.  1.951657E-15
1603.  1.946291E-15
1604.  1.940894E-15
1605.  1.935466E-15
1606.  1.930010E-15
1607.  1.924527E-15
1608.  1.919018E-15
1609.  1.913485E-15
1610.  1.907928E-15
1611.  1.902349E-15
1612.  1.896748E-15
1613.  1.891126E-15
1614.  1.885483E-15
1615.  1.879819E-15
1616.  1.874135E-15
1617.  1.868429E-15
1618.  1.862702E-15
1619.  1.856953E-15
1620.  1.851182E-15
1621.  1.845387E-15
1622.  1.839567E-15
1623.  1.833720E-15
1624.  1.827847E-15
1625.  1.821944E-15
1626.  1.816009E-15
1627.  1.810042E-15
1628.  1.804039E-15
1629.  1.797998E-15
1630.  1.791917E-15
1631.  1.785793E-15
1632.  1.779623E-15
1633.  1.773404E-15
1634.  1.767134E-15
1635.  1.760808E-15
1636.  1.754425E-15
1637.  1.747980E-15
1638.  1.741470E-15
1639.  1.734892E-15
1640.  1.728242E-15
1641.  1.721517E-15
1642.  1.714713E-15
1643.  1.707826E-15
1644.  1.700854E-15
1645.  1.693792E-15
1646.  1.686637E-15
1647.  1.679386E-15
1648.  1.672035E-15
1649.  1.664581E-15
1650.  1.657021E-15
1651.  1.649351E-15
1652.  1.641569E-15
1653.  1.633672E-15
1654.  1.625656E-15
1655.  1.617520E-15
1656.  1.609262E-15
1657.  1.600877E-15
1658.  1.592366E-15
1659.  1.583725E-15
1660.  1.574953E-15
1661.  1.566049E-15
1662.  1.557012E-15
1663.  1.547840E-15
1664.  1.538532E-15
1665.  1.529088E-15
1666.  1.519508E-15
1667.  1.509792E-15
1668.  1.499940E-15
1669.  1.489952E-15
1670.  1.479830E-15
1671.  1.469573E-15
1672.  1.459184E-15
1673.  1.448663E-15
1674.  1.438013E-15
1675.  1.427236E-15
1676.  1.416333E-15
1677.  1.405308E-15
1678.  1.394163E-15
1679.  1.382902E-15
1680.  1.371527E-15
1681.  1.360042E-15
1682.  1.348451E-15
1683.  1.336759E-15
1684.  1.324968E-15
1685.  1.313084E-15
1686.  1.301111E-15
1687.  1.289054E-15
1688.  1.276918E-15
1689.  1.264709E-15
1690.  1.252431E-15
1691.  1.240090E-15
1692.  1.227693E-15
1693.  1.215244E-15
1694.  1.202749E-15
1695.  1.190216E-15
1696.  1.177649E-15
1697.  1.165055E-15
1698.  1.152440E-15
1699.  1.139811E-15
1700.  1.127174E-15
1701.  1.114536E-15
1702.  1.101903E-15
1703.  1.089281E-15
1704.  1.076677E-15
1705.  1.064097E-15
1706.  1.051548E-15
1707.  1.039036E-15
1708.  1.026568E-15
1709.  1.014149E-15
1710.  1.001785E-15
1711.  9.894836E-16
1712.  9.772497E-16
1713.  9.650892E-16
1714.  9.530079E-16
1715.  9.410113E-16
1716.  9.291046E-16
1717.  9.172935E-16
1718.  9.055824E-16
1719.  8.939766E-16
1720.  8.824806E-16
1721.  8.710988E-16
1722.  8.598354E-16
1723.  8.486947E-16
1724.  8.376803E-16
1725.  8.267960E-16
1726.  8.160448E-16
1727.  8.054303E-16
1728.  7.949549E-16
1729.  7.846217E-16
1730.  7.744328E-16
1731.  7.643904E-16
1732.  7.544966E-16
1733.  7.447528E-16
1734.  7.351605E-16
1735.  7.257212E-16
1736.  7.164355E-16
1737.  7.073042E-16
1738.  6.983277E-16
1739.  6.895064E-16
1740.  6.808403E-16
1741.  6.723292E-16
1742.  6.639728E-16
1743.  6.557702E-16
1744.  6.477207E-16
1745.  6.398234E-16
1746.  6.320772E-16
1747.  6.244805E-16
1748.  6.170320E-16
1749.  6.097299E-16
1750.  6.025726E-16
1751.  5.955579E-16
1752.  5.886838E-16
1753.  5.819482E-16
1754.  5.753487E-16
1755.  5.688832E-16
1756.  5.625491E-16
1757.  5.563437E-16
1758.  5.502647E-16
1759.  5.443093E-16
1760.  5.384750E-16
1761.  5.327592E-16
1762.  5.271588E-16
1763.  5.216716E-16
1764.  5.162946E-16
1765.  5.110254E-16
1766.  5.058611E-16
1767.  5.007991E-16
1768.  4.958372E-16
1769.  4.909726E-16
1770.  4.862029E-16
1771.  4.815258E-16
1772.  4.769391E-16
1773.  4.724402E-16
1774.  4.680274E-16
1775.  4.636987E-16
1776.  4.594517E-16
1777.  4.552850E-16
1778.  4.511968E-16
1779.  4.471854E-16
1780.  4.432494E-16
1781.  4.393872E-16
1782.  4.355978E-16
1783.  4.318799E-16
1784.  4.282324E-16
1785.  4.246545E-16
1786.  4.211453E-16
1787.  4.177041E-16
1788.  4.143302E-16
1789.  4.110233E-16
1790.  4.077829E-16
1791.  4.046086E-16
1792.  4.015003E-16
1793.  3.984579E-16
1794.  3.954814E-16
1795.  3.925707E-16
1796.  3.897261E-16
1797.  3.869476E-16
1798.  3.842356E-16
1799.  3.815904E-16
1800.  3.790124E-16
1801.  3.765017E-16
1802.  3.740590E-16
1803.  3.716848E-16
1804.  3.693797E-16
1805.  3.671438E-16
1806.  3.649778E-16
1807.  3.628823E-16
1808.  3.608579E-16
1809.  3.589049E-16
1810.  3.570239E-16
1811.  3.552154E-16
1812.  3.534797E-16
1813.  3.518174E-16
1814.  3.502287E-16
1815.  3.487140E-16
1816.  3.472737E-16
1817.  3.459078E-16
1818.  3.446167E-16
1819.  3.434003E-16
1820.  3.422589E-16
1821.  3.411921E-16
1822.  3.402003E-16
1823.  3.392830E-16
1824.  3.384401E-16
1825.  3.376713E-16
1826.  3.369762E-16
1827.  3.363544E-16
1828.  3.358052E-16
1829.  3.353283E-16
1830.  3.349228E-16
1831.  3.345881E-16
1832.  3.343232E-16
1833.  3.341274E-16
1834.  3.339996E-16
1835.  3.339389E-16
1836.  3.339442E-16
1837.  3.340142E-16
1838.  3.341479E-16
1839.  3.343439E-16
1840.  3.346010E-16
1841.  3.349178E-16
1842.  3.352930E-16
1843.  3.357250E-16
1844.  3.362126E-16
1845.  3.367540E-16
1846.  3.373480E-16
1847.  3.379929E-16
1848.  3.386872E-16
1849.  3.394295E-16
1850.  3.402181E-16
1851.  3.410515E-16
1852.  3.419282E-16
1853.  3.428467E-16
1854.  3.438056E-16
1855.  3.448034E-16
1856.  3.458386E-16
1857.  3.469100E-16
1858.  3.480161E-16
1859.  3.491557E-16
1860.  3.503275E-16
1861.  3.515304E-16
1862.  3.527632E-16
1863.  3.540250E-16
1864.  3.553147E-16
1865.  3.566314E-16
1866.  3.579744E-16
1867.  3.593430E-16
1868.  3.607364E-16
1869.  3.621541E-16
1870.  3.635957E-16
1871.  3.650609E-16
1872.  3.665494E-16
1873.  3.680609E-16
1874.  3.695956E-16
1875.  3.711535E-16
1876.  3.727346E-16
1877.  3.743395E-16
1878.  3.759684E-16
1879.  3.776217E-16
1880.  3.793004E-16
1881.  3.810048E-16
1882.  3.827360E-16
1883.  3.844949E-16
1884.  3.862827E-16
1885.  3.881003E-16
1886.  3.899493E-16
1887.  3.918310E-16
1888.  3.937469E-16
1889.  3.956986E-16
1890.  3.976878E-16
1891.  3.997164E-16
1892.  4.017863E-16
1893.  4.038995E-16
1894.  4.060582E-16
1895.  4.082643E-16
1896.  4.105204E-16
1897.  4.128288E-16
1898.  4.151917E-16
1899.  4.176119E-16
1900.  4.200919E-16
1901.  4.226342E-16
1902.  4.252415E-16
1903.  4.279167E-16
1904.  4.306624E-16
1905.  4.334816E-16
1906.  4.363770E-16
1907.  4.393516E-16
1908.  4.424082E-16
1909.  4.455497E-16
1910.  4.487792E-16
1911.  4.520993E-16
1912.  4.555134E-16
1913.  4.590239E-16
1914.  4.626340E-16
1915.  4.663464E-16
1916.  4.701640E-16
1917.  4.740895E-16
1918.  4.781257E-16
1919.  4.822753E-16
1920.  4.865406E-16
1921.  4.909245E-16
1922.  4.954293E-16
1923.  5.000573E-16
1924.  5.048107E-16
1925.  5.096918E-16
1926.  5.147024E-16
1927.  5.198446E-16
1928.  5.251202E-16
1929.  5.305305E-16
1930.  5.360774E-16
1931.  5.417620E-16
1932.  5.475853E-16
1933.  5.535486E-16
1934.  5.596526E-16
1935.  5.658977E-16
1936.  5.722847E-16
1937.  5.788137E-16
1938.  5.854845E-16
1939.  5.922971E-16
1940.  5.992511E-16
1941.  6.063457E-16
1942.  6.135802E-16
1943.  6.209532E-16
1944.  6.284636E-16
1945.  6.361095E-16
1946.  6.438893E-16
1947.  6.518009E-16
1948.  6.598416E-16
1949.  6.680088E-16
1950.  6.762998E-16
1951.  6.847112E-16
1952.  6.932395E-16
1953.  7.018809E-16
1954.  7.106316E-16
1955.  7.194871E-16
1956.  7.284427E-16
1957.  7.374941E-16
1958.  7.466356E-16
1959.  7.558620E-16
1960.  7.651676E-16
1961.  7.745466E-16
1962.  7.839928E-16
1963.  7.934997E-16
1964.  8.030607E-16
1965.  8.126690E-16
1966.  8.223174E-16
1967.  8.319985E-16
1968.  8.417049E-16
1969.  8.514288E-16
1970.  8.611621E-16
1971.  8.708973E-16
1972.  8.806254E-16
1973.  8.903388E-16
1974.  9.000284E-16
1975.  9.096854E-16
1976.  9.193018E-16
1977.  9.288684E-16
1978.  9.383763E-16
1979.  9.478167E-16
1980.  9.571806E-16
1981.  9.664593E-16
1982.  9.756435E-16
1983.  9.847245E-16
1984.  9.936935E-16
1985.  1.002542E-15
1986.  1.011261E-15
1987.  1.019842E-15
1988.  1.028277E-15
1989.  1.036557E-15
1990.  1.044674E-15
1991.  1.052622E-15
1992.  1.060391E-15
1993.  1.067975E-15
1994.  1.075367E-15
1995.  1.082559E-15
1996.  1.089546E-15
1997.  1.096322E-15
1998.  1.102879E-15
1999.  1.109215E-15
2000.  1.115322E-15
2001.  1.121197E-15
2002.  1.126835E-15
2003.  1.132233E-15
2004.  1.137387E-15
2005.  1.142295E-15
2006.  1.146954E-15
2007.  1.151363E-15
2008.  1.155519E-15
2009.  1.159423E-15
2010.  1.163075E-15
2011.  1.166473E-15
2012.  1.169619E-15
2013.  1.172514E-15
2014.  1.175161E-15
2015.  1.177561E-15
2016.  1.179717E-15
2017.  1.181632E-15
2018.  1.183311E-15
2019.  1.184757E-15
2020.  1.185976E-15
2021.  1.186974E-15
2022.  1.187755E-15
2023.  1.188326E-15
2024.  1.188694E-15
2025.  1.188867E-15
2026.  1.188851E-15
2027.  1.188655E-15
2028.  1.188287E-15
2029.  1.187756E-15
2030.  1.187072E-15
2031.  1.186242E-15
2032.  1.185277E-15
2033.  1.184187E-15
2034.  1.182982E-15
2035.  1.181673E-15
2036.  1.180269E-15
2037.  1.178782E-15
2038.  1.177221E-15
2039.  1.175599E-15
2040.  1.173926E-15
2041.  1.172212E-15
2042.  1.170469E-15
2043.  1.168707E-15
2044.  1.166937E-15
2045.  1.165170E-15
2046.  1.163416E-15
2047.  1.161685E-15
2048.  1.159988E-15
2049.  1.158334E-15
2050.  1.156733E-15
2051.  1.155194E-15
2052.  1.153726E-15
2053.  1.152337E-15
2054.  1.151036E-15
2055.  1.149831E-15
2056.  1.148729E-15
2057.  1.147736E-15
2058.  1.146859E-15
2059.  1.146105E-15
2060.  1.145478E-15
2061.  1.144984E-15
2062.  1.144626E-15
2063.  1.144409E-15
2064.  1.144335E-15
2065.  1.144408E-15
2066.  1.144629E-15
2067.  1.144999E-15
2068.  1.145520E-15
2069.  1.146192E-15
2070.  1.147014E-15
2071.  1.147985E-15
2072.  1.149103E-15
2073.  1.150367E-15
2074.  1.151773E-15
2075.  1.153317E-15
2076.  1.154997E-15
2077.  1.156807E-15
2078.  1.158741E-15
2079.  1.160795E-15
2080.  1.162962E-15
2081.  1.165235E-15
2082.  1.167607E-15
2083.  1.170070E-15
2084.  1.172616E-15
2085.  1.175236E-15
2086.  1.177921E-15
2087.  1.180662E-15
2088.  1.183450E-15
2089.  1.186273E-15
2090.  1.189121E-15
2091.  1.191985E-15
2092.  1.194853E-15
2093.  1.197713E-15
2094.  1.200555E-15
2095.  1.203368E-15
2096.  1.206139E-15
2097.  1.208857E-15
2098.  1.211512E-15
2099.  1.214090E-15
2100.  1.216581E-15
2101.  1.218972E-15
2102.  1.221254E-15
2103.  1.223414E-15
2104.  1.225441E-15
2105.  1.227324E-15
2106.  1.229053E-15
2107.  1.230617E-15
2108.  1.232007E-15
2109.  1.233212E-15
2110.  1.234222E-15
2111.  1.235030E-15
2112.  1.235625E-15
2113.  1.236001E-15
2114.  1.236148E-15
2115.  1.236060E-15
2116.  1.235729E-15
2117.  1.235151E-15
2118.  1.234317E-15
2119.  1.233224E-15
2120.  1.231866E-15
2121.  1.230240E-15
2122.  1.228342E-15
2123.  1.226168E-15
2124.  1.223717E-15
2125.  1.220986E-15
2126.  1.217975E-15
2127.  1.214682E-15
2128.  1.211108E-15
2129.  1.207253E-15
2130.  1.203120E-15
2131.  1.198708E-15
2132.  1.194022E-15
2133.  1.189063E-15
2134.  1.183836E-15
2135.  1.178345E-15
2136.  1.172594E-15
2137.  1.166589E-15
2138.  1.160336E-15
2139.  1.153840E-15
2140.  1.147109E-15
2141.  1.140150E-15
2142.  1.132970E-15
2143.  1.125579E-15
2144.  1.117983E-15
2145.  1.110194E-15
2146.  1.102219E-15
2147.  1.094069E-15
2148.  1.085753E-15
2149.  1.077282E-15
2150.  1.068667E-15
2151.  1.059918E-15
2152.  1.051046E-15
2153.  1.042064E-15
2154.  1.032981E-15
2155.  1.023810E-15
2156.  1.014563E-15
2157.  1.005250E-15
2158.  9.958852E-16
2159.  9.864789E-16
2160.  9.770437E-16
2161.  9.675913E-16
2162.  9.581335E-16
2163.  9.486823E-16
2164.  9.392493E-16
2165.  9.298462E-16
2166.  9.204845E-16
2167.  9.111757E-16
2168.  9.019307E-16
2169.  8.927609E-16
2170.  8.836770E-16
2171.  8.746893E-16
2172.  8.658086E-16
2173.  8.570449E-16
2174.  8.484080E-16
2175.  8.399077E-16
2176.  8.315529E-16
2177.  8.233531E-16
2178.  8.153167E-16
2179.  8.074521E-16
2180.  7.997673E-16
2181.  7.922704E-16
2182.  7.849682E-16
2183.  7.778683E-16
2184.  7.709770E-16
2185.  7.643006E-16
2186.  7.578452E-16
2187.  7.516168E-16
2188.  7.456200E-16
2189.  7.398601E-16
2190.  7.343417E-16
2191.  7.290687E-16
2192.  7.240451E-16
2193.  7.192745E-16
2194.  7.147599E-16
2195.  7.105042E-16
2196.  7.065097E-16
2197.  7.027790E-16
2198.  6.993136E-16
2199.  6.961149E-16
2200.  6.931842E-16
2201.  6.905226E-16
2202.  6.881304E-16
2203.  6.860081E-16
2204.  6.841557E-16
2205.  6.825729E-16
2206.  6.812593E-16
2207.  6.802140E-16
2208.  6.794364E-16
2209.  6.789246E-16
2210.  6.786777E-16
2211.  6.786939E-16
2212.  6.789710E-16
2213.  6.795074E-16
2214.  6.803004E-16
2215.  6.813478E-16
2216.  6.826468E-16
2217.  6.841945E-16
2218.  6.859884E-16
2219.  6.880247E-16
2220.  6.903008E-16
2221.  6.928128E-16
2222.  6.955573E-16
2223.  6.985307E-16
2224.  7.017291E-16
2225.  7.051489E-16
2226.  7.087858E-16
2227.  7.126358E-16
2228.  7.166946E-16
2229.  7.209582E-16
2230.  7.254221E-16
2231.  7.300817E-16
2232.  7.349327E-16
2233.  7.399702E-16
2234.  7.451897E-16
2235.  7.505866E-16
2236.  7.561559E-16
2237.  7.618929E-16
2238.  7.677924E-16
2239.  7.738498E-16
2240.  7.800599E-16
2241.  7.864175E-16
2242.  7.929174E-16
2243.  7.995548E-16
2244.  8.063242E-16
2245.  8.132204E-16
2246.  8.202379E-16
2247.  8.273715E-16
2248.  8.346160E-16
2249.  8.419655E-16
2250.  8.494146E-16
2251.  8.569579E-16
2252.  8.645900E-16
2253.  8.723051E-16
2254.  8.800975E-16
2255.  8.879617E-16
2256.  8.958918E-16
2257.  9.038822E-16
2258.  9.119271E-16
2259.  9.200207E-16
2260.  9.281574E-16
2261.  9.363312E-16
2262.  9.445362E-16
2263.  9.527666E-16
2264.  9.610166E-16
2265.  9.692801E-16
2266.  9.775518E-16
2267.  9.858252E-16
2268.  9.940948E-16
2269.  1.002355E-15
2270.  1.010599E-15
2271.  1.018822E-15
2272.  1.027018E-15
2273.  1.035181E-15
2274.  1.043305E-15
2275.  1.051385E-15
2276.  1.059416E-15
2277.  1.067391E-15
2278.  1.075305E-15
2279.  1.083154E-15
2280.  1.090931E-15
2281.  1.098631E-15
2282.  1.106250E-15
2283.  1.113782E-15
2284.  1.121222E-15
2285.  1.128566E-15
2286.  1.135810E-15
2287.  1.142948E-15
2288.  1.149976E-15
2289.  1.156891E-15
2290.  1.163689E-15
2291.  1.170364E-15
2292.  1.176915E-15
2293.  1.183337E-15
2294.  1.189627E-15
2295.  1.195783E-15
2296.  1.201801E-15
2297.  1.207679E-15
2298.  1.213415E-15
2299.  1.219006E-15
2300.  1.224450E-15
2301.  1.229747E-15
2302.  1.234894E-15
2303.  1.239890E-15
2304.  1.244735E-15
2305.  1.249428E-15
2306.  1.253968E-15
2307.  1.258355E-15
2308.  1.262590E-15
2309.  1.266672E-15
2310.  1.270604E-15
2311.  1.274384E-15
2312.  1.278015E-15
2313.  1.281498E-15
2314.  1.284834E-15
2315.  1.288026E-15
2316.  1.291076E-15
2317.  1.293985E-15
2318.  1.296757E-15
2319.  1.299395E-15
2320.  1.301901E-15
2321.  1.304279E-15
2322.  1.306532E-15
2323.  1.308664E-15
2324.  1.310678E-15
2325.  1.312579E-15
2326.  1.314372E-15
2327.  1.316059E-15
2328.  1.317646E-15
2329.  1.319137E-15
2330.  1.320537E-15
2331.  1.321851E-15
2332.  1.323084E-15
2333.  1.324240E-15
2334.  1.325325E-15
2335.  1.326344E-15
2336.  1.327302E-15
2337.  1.328204E-15
2338.  1.329055E-15
2339.  1.329862E-15
2340.  1.330627E-15
2341.  1.331358E-15
2342.  1.332059E-15
2343.  1.332736E-15
2344.  1.333392E-15
2345.  1.334034E-15
2346.  1.334666E-15
2347.  1.335293E-15
2348.  1.335919E-15
2349.  1.336550E-15
2350.  1.337189E-15
2351.  1.337841E-15
2352.  1.338510E-15
2353.  1.339200E-15
2354.  1.339915E-15
2355.  1.340659E-15
2356.  1.341434E-15
2357.  1.342244E-15
2358.  1.343094E-15
2359.  1.343984E-15
2360.  1.344918E-15
2361.  1.345898E-15
2362.  1.346927E-15
2363.  1.348007E-15
2364.  1.349140E-15
2365.  1.350326E-15
2366.  1.351568E-15
2367.  1.352866E-15
2368.  1.354222E-15
2369.  1.355636E-15
2370.  1.357109E-15
2371.  1.358640E-15
2372.  1.360231E-15
2373.  1.361880E-15
2374.  1.363587E-15
2375.  1.365352E-15
2376.  1.367173E-15
2377.  1.369050E-15
2378.  1.370981E-15
2379.  1.372965E-15
2380.  1.375000E-15
2381.  1.377084E-15
2382.  1.379215E-15
2383.  1.381392E-15
2384.  1.383610E-15
2385.  1.385869E-15
2386.  1.388165E-15
2387.  1.390495E-15
2388.  1.392856E-15
2389.  1.395246E-15
2390.  1.397660E-15
2391.  1.400096E-15
2392.  1.402550E-15
2393.  1.405018E-15
2394.  1.407497E-15
2395.  1.409982E-15
2396.  1.412471E-15
2397.  1.414958E-15
2398.  1.417441E-15
2399.  1.419914E-15
2400.  1.422375E-15
2401.  1.424818E-15
2402.  1.427240E-15
2403.  1.429636E-15
2404.  1.432003E-15
2405.  1.434335E-15
2406.  1.436630E-15
2407.  1.438882E-15
2408.  1.441088E-15
2409.  1.443243E-15
2410.  1.445343E-15
2411.  1.447385E-15
2412.  1.449364E-15
2413.  1.451276E-15
2414.  1.453117E-15
2415.  1.454884E-15
2416.  1.456572E-15
2417.  1.458178E-15
2418.  1.459698E-15
2419.  1.461130E-15
2420.  1.462467E-15
2421.  1.463709E-15
2422.  1.464851E-15
2423.  1.465890E-15
2424.  1.466823E-15
2425.  1.467647E-15
2426.  1.468358E-15
2427.  1.468955E-15
2428.  1.469433E-15
2429.  1.469792E-15
2430.  1.470027E-15
2431.  1.470136E-15
2432.  1.470118E-15
2433.  1.469969E-15
2434.  1.469688E-15
2435.  1.469272E-15
2436.  1.468720E-15
2437.  1.468031E-15
2438.  1.467201E-15
2439.  1.466229E-15
2440.  1.465115E-15
2441.  1.463857E-15
2442.  1.462452E-15
2443.  1.460901E-15
2444.  1.459203E-15
2445.  1.457355E-15
2446.  1.455358E-15
2447.  1.453210E-15
2448.  1.450911E-15
2449.  1.448461E-15
2450.  1.445860E-15
2451.  1.443106E-15
2452.  1.440200E-15
2453.  1.437141E-15
2454.  1.433931E-15
2455.  1.430568E-15
2456.  1.427054E-15
2457.  1.423388E-15
2458.  1.419572E-15
2459.  1.415606E-15
2460.  1.411490E-15
2461.  1.407226E-15
2462.  1.402815E-15
2463.  1.398257E-15
2464.  1.393554E-15
2465.  1.388708E-15
2466.  1.383719E-15
2467.  1.378590E-15
2468.  1.373322E-15
2469.  1.367918E-15
2470.  1.362377E-15
2471.  1.356705E-15
2472.  1.350901E-15
2473.  1.344968E-15
2474.  1.338910E-15
2475.  1.332728E-15
2476.  1.326426E-15
2477.  1.320005E-15
2478.  1.313469E-15
2479.  1.306821E-15
2480.  1.300064E-15
2481.  1.293201E-15
2482.  1.286235E-15
2483.  1.279170E-15
2484.  1.272009E-15
2485.  1.264757E-15
2486.  1.257416E-15
2487.  1.249991E-15
2488.  1.242484E-15
2489.  1.234901E-15
2490.  1.227245E-15
2491.  1.219521E-15
2492.  1.211731E-15
2493.  1.203882E-15
2494.  1.195976E-15
2495.  1.188019E-15
2496.  1.180014E-15
2497.  1.171966E-15
2498.  1.163879E-15
2499.  1.155758E-15
2500.  1.147608E-15
2501.  1.139432E-15
2502.  1.131236E-15
2503.  1.123023E-15
2504.  1.114798E-15
2505.  1.106567E-15
2506.  1.098332E-15
2507.  1.090099E-15
2508.  1.081872E-15
2509.  1.073655E-15
2510.  1.065452E-15
2511.  1.057268E-15
2512.  1.049107E-15
2513.  1.040973E-15
2514.  1.032870E-15
2515.  1.024802E-15
2516.  1.016772E-15
2517.  1.008785E-15
2518.  1.000844E-15
2519.  9.929517E-16
2520.  9.851129E-16
2521.  9.773300E-16
2522.  9.696062E-16
2523.  9.619446E-16
2524.  9.543481E-16
2525.  9.468191E-16
2526.  9.393605E-16
2527.  9.319742E-16
2528.  9.246627E-16
2529.  9.174281E-16
2530.  9.102720E-16
2531.  9.031962E-16
2532.  8.962022E-16
2533.  8.892916E-16
2534.  8.824651E-16
2535.  8.757240E-16
2536.  8.690689E-16
2537.  8.625005E-16
2538.  8.560191E-16
2539.  8.496251E-16
2540.  8.433185E-16
2541.  8.370991E-16
2542.  8.309666E-16
2543.  8.249207E-16
2544.  8.189605E-16
2545.  8.130855E-16
2546.  8.072945E-16
2547.  8.015861E-16
2548.  7.959596E-16
2549.  7.904131E-16
2550.  7.849452E-16
2551.  7.795542E-16
2552.  7.742381E-16
2553.  7.689952E-16
2554.  7.638230E-16
2555.  7.587196E-16
2556.  7.536828E-16
2557.  7.487099E-16
2558.  7.437988E-16
2559.  7.389470E-16
2560.  7.341516E-16
2561.  7.294104E-16
2562.  7.247205E-16
2563.  7.200792E-16
2564.  7.154842E-16
2565.  7.109323E-16
2566.  7.064213E-16
2567.  7.019483E-16
2568.  6.975110E-16
2569.  6.931065E-16
2570.  6.887323E-16
2571.  6.843863E-16
2572.  6.800658E-16
2573.  6.757689E-16
2574.  6.714930E-16
2575.  6.672364E-16
2576.  6.629969E-16
2577.  6.587730E-16
2578.  6.545629E-16
2579.  6.503648E-16
2580.  6.461776E-16
2581.  6.420000E-16
2582.  6.378312E-16
2583.  6.336698E-16
2584.  6.295155E-16
2585.  6.253675E-16
2586.  6.212258E-16
2587.  6.170897E-16
2588.  6.129599E-16
2589.  6.088363E-16
2590.  6.047193E-16
2591.  6.006094E-16
2592.  5.965076E-16
2593.  5.924149E-16
2594.  5.883321E-16
2595.  5.842612E-16
2596.  5.802030E-16
2597.  5.761599E-16
2598.  5.721331E-16
2599.  5.681250E-16
2600.  5.641379E-16
2601.  5.601739E-16
2602.  5.562356E-16
2603.  5.523255E-16
2604.  5.484464E-16
2605.  5.446009E-16
2606.  5.407923E-16
2607.  5.370232E-16
2608.  5.332969E-16
2609.  5.296167E-16
2610.  5.259852E-16
2611.  5.224061E-16
2612.  5.188826E-16
2613.  5.154177E-16
2614.  5.120150E-16
2615.  5.086773E-16
2616.  5.054081E-16
2617.  5.022105E-16
2618.  4.990874E-16
2619.  4.960418E-16
2620.  4.930766E-16
2621.  4.901952E-16
2622.  4.873995E-16
2623.  4.846924E-16
2624.  4.820763E-16
2625.  4.795536E-16
2626.  4.771262E-16
2627.  4.747962E-16
2628.  4.725652E-16
2629.  4.704350E-16
2630.  4.684067E-16
2631.  4.664815E-16
2632.  4.646604E-16
2633.  4.629442E-16
2634.  4.613329E-16
2635.  4.598271E-16
2636.  4.584268E-16
2637.  4.571314E-16
2638.  4.559407E-16
2639.  4.548537E-16
2640.  4.538694E-16
2641.  4.529864E-16
2642.  4.522032E-16
2643.  4.515179E-16
2644.  4.509285E-16
2645.  4.504323E-16
2646.  4.500274E-16
2647.  4.497103E-16
2648.  4.494782E-16
2649.  4.493276E-16
2650.  4.492549E-16
2651.  4.492565E-16
2652.  4.493282E-16
2653.  4.494657E-16
2654.  4.496649E-16
2655.  4.499207E-16
2656.  4.502286E-16
2657.  4.505837E-16
2658.  4.509805E-16
2659.  4.514140E-16
2660.  4.518787E-16
2661.  4.523692E-16
2662.  4.528795E-16
2663.  4.534041E-16
2664.  4.539370E-16
2665.  4.544726E-16
2666.  4.550049E-16
2667.  4.555275E-16
2668.  4.560348E-16
2669.  4.565206E-16
2670.  4.569789E-16
2671.  4.574039E-16
2672.  4.577894E-16
2673.  4.581297E-16
2674.  4.584189E-16
2675.  4.586511E-16
2676.  4.588209E-16
2677.  4.589226E-16
2678.  4.589507E-16
2679.  4.589001E-16
2680.  4.587654E-16
2681.  4.585419E-16
2682.  4.582247E-16
2683.  4.578091E-16
2684.  4.572908E-16
2685.  4.566655E-16
2686.  4.559293E-16
2687.  4.550784E-16
2688.  4.541091E-16
2689.  4.530185E-16
2690.  4.518032E-16
2691.  4.504606E-16
2692.  4.489883E-16
2693.  4.473839E-16
2694.  4.456453E-16
2695.  4.437713E-16
2696.  4.417600E-16
2697.  4.396106E-16
2698.  4.373223E-16
2699.  4.348943E-16
2700.  4.323266E-16
2701.  4.296190E-16
2702.  4.267722E-16
2703.  4.237863E-16
2704.  4.206626E-16
2705.  4.174022E-16
2706.  4.140065E-16
2707.  4.104772E-16
2708.  4.068162E-16
2709.  4.030258E-16
2710.  3.991086E-16
2711.  3.950672E-16
2712.  3.909046E-16
2713.  3.866240E-16
2714.  3.822285E-16
2715.  3.777223E-16
2716.  3.731088E-16
2717.  3.683921E-16
2718.  3.635766E-16
2719.  3.586662E-16
2720.  3.536660E-16
2721.  3.485801E-16
2722.  3.434136E-16
2723.  3.381713E-16
2724.  3.328585E-16
2725.  3.274802E-16
2726.  3.220415E-16
2727.  3.165478E-16
2728.  3.110045E-16
2729.  3.054170E-16
2730.  2.997910E-16
2731.  2.941317E-16
2732.  2.884449E-16
2733.  2.827359E-16
2734.  2.770105E-16
2735.  2.712742E-16
2736.  2.655323E-16
2737.  2.597907E-16
2738.  2.540546E-16
2739.  2.483295E-16
2740.  2.426206E-16
2741.  2.369335E-16
2742.  2.312733E-16
2743.  2.256451E-16
2744.  2.200539E-16
2745.  2.145048E-16
2746.  2.090025E-16
2747.  2.035520E-16
2748.  1.981578E-16
2749.  1.928243E-16
2750.  1.875561E-16
2751.  1.823574E-16
2752.  1.772322E-16
2753.  1.721847E-16
2754.  1.672187E-16
2755.  1.623378E-16
2756.  1.575457E-16
2757.  1.528456E-16
2758.  1.482408E-16
2759.  1.437345E-16
2760.  1.393297E-16
2761.  1.350289E-16
2762.  1.308349E-16
2763.  1.267499E-16
2764.  1.227765E-16
2765.  1.189166E-16
2766.  1.151722E-16
2767.  1.115450E-16
2768.  1.080366E-16
2769.  1.046487E-16
2770.  1.013822E-16
2771.  9.823831E-17
2772.  9.521804E-17
2773.  9.232199E-17
2774.  8.955102E-17
2775.  8.690530E-17
2776.  8.438523E-17
2777.  8.199090E-17
2778.  7.972211E-17
2779.  7.757877E-17
2780.  7.556047E-17
2781.  7.366673E-17
2782.  7.189673E-17
2783.  7.024956E-17
2784.  6.872442E-17
2785.  6.732003E-17
2786.  6.603511E-17
2787.  6.486805E-17
2788.  6.381746E-17
2789.  6.288154E-17
2790.  6.205840E-17
2791.  6.134593E-17
2792.  6.074210E-17
2793.  6.024462E-17
2794.  5.985114E-17
2795.  5.955898E-17
2796.  5.936555E-17
2797.  5.926810E-17
2798.  5.926398E-17
2799.  5.934997E-17
2800.  5.952301E-17
2801.  5.978005E-17
2802.  6.011783E-17
2803.  6.053281E-17
2804.  6.102187E-17
2805.  6.158129E-17
2806.  6.220766E-17
2807.  6.289727E-17
2808.  6.364639E-17
2809.  6.445142E-17
2810.  6.530844E-17
2811.  6.621367E-17
2812.  6.716329E-17
2813.  6.815352E-17
2814.  6.918029E-17
2815.  7.023980E-17
2816.  7.132806E-17
2817.  7.244131E-17
2818.  7.357563E-17
2819.  7.472698E-17
2820.  7.589166E-17
2821.  7.706578E-17
2822.  7.824554E-17
2823.  7.942739E-17
2824.  8.060739E-17
2825.  8.178206E-17
2826.  8.294767E-17
2827.  8.410095E-17
2828.  8.523838E-17
2829.  8.635658E-17
2830.  8.745241E-17
2831.  8.852265E-17
2832.  8.956422E-17
2833.  9.057437E-17
2834.  9.155013E-17
2835.  9.248882E-17
2836.  9.338775E-17
2837.  9.424460E-17
2838.  9.505706E-17
2839.  9.582279E-17
2840.  9.653989E-17
2841.  9.720631E-17
2842.  9.782027E-17
2843.  9.838012E-17
2844.  9.888455E-17
2845.  9.933199E-17
2846.  9.972137E-17
2847.  1.000515E-16
2848.  1.003217E-16
2849.  1.005310E-16
2850.  1.006788E-16
2851.  1.007647E-16
2852.  1.007884E-16
2853.  1.007498E-16
2854.  1.006487E-16
2855.  1.004853E-16
2856.  1.002597E-16
2857.  9.997254E-17
2858.  9.962403E-17
2859.  9.921496E-17
2860.  9.874602E-17
2861.  9.821810E-17
2862.  9.763222E-17
2863.  9.698932E-17
2864.  9.629071E-17
2865.  9.553772E-17
2866.  9.473165E-17
2867.  9.387384E-17
2868.  9.296603E-17
2869.  9.200977E-17
2870.  9.100691E-17
2871.  8.995886E-17
2872.  8.886773E-17
2873.  8.773530E-17
2874.  8.656336E-17
2875.  8.535400E-17
2876.  8.410915E-17
2877.  8.283086E-17
2878.  8.152116E-17
2879.  8.018207E-17
2880.  7.881563E-17
2881.  7.742401E-17
2882.  7.600927E-17
2883.  7.457330E-17
2884.  7.311829E-17
2885.  7.164628E-17
2886.  7.015929E-17
2887.  6.865935E-17
2888.  6.714830E-17
2889.  6.562817E-17
2890.  6.410079E-17
2891.  6.256809E-17
2892.  6.103191E-17
2893.  5.949389E-17
2894.  5.795597E-17
2895.  5.641960E-17
2896.  5.488654E-17
2897.  5.335840E-17
2898.  5.183653E-17
2899.  5.032248E-17
2900.  4.881763E-17
2901.  4.732338E-17
2902.  4.584099E-17
2903.  4.437152E-17
2904.  4.291637E-17
2905.  4.147650E-17
2906.  4.005284E-17
2907.  3.864649E-17
2908.  3.725835E-17
2909.  3.588943E-17
2910.  3.454020E-17
2911.  3.321168E-17
2912.  3.190444E-17
2913.  3.061906E-17
2914.  2.935621E-17
2915.  2.811628E-17
2916.  2.689993E-17
2917.  2.570755E-17
2918.  2.453950E-17
2919.  2.339594E-17
2920.  2.227731E-17
2921.  2.118402E-17
2922.  2.011605E-17
2923.  1.907357E-17
2924.  1.805702E-17
2925.  1.706617E-17
2926.  1.610125E-17
2927.  1.516230E-17
2928.  1.424941E-17
2929.  1.336245E-17
2930.  1.250148E-17
2931.  1.166642E-17
2932.  1.085720E-17
2933.  1.007375E-17
2934.  9.316028E-18
2935.  8.583810E-18
2936.  7.876879E-18
2937.  7.195393E-18
2938.  6.538930E-18
2939.  5.907255E-18
2940.  5.300410E-18
2941.  4.718098E-18
2942.  4.160174E-18
2943.  3.626168E-18
2944.  3.116178E-18
2945.  2.629895E-18
2946.  2.167090E-18
2947.  1.727272E-18
2948.  1.310460E-18
2949.  9.162744E-19
2950.  5.445551E-19
2951.  1.949808E-19
2952.  -1.327313E-19
2953.  -4.388237E-19
2954.  -7.236151E-19
2955.  -9.874974E-19
2956.  -1.230718E-18
2957.  -1.453535E-18
2958.  -1.656093E-18
2959.  -1.839068E-18
2960.  -2.002589E-18
2961.  -2.146988E-18
2962.  -2.272559E-18
2963.  -2.379871E-18
2964.  -2.469044E-18
2965.  -2.540579E-18
2966.  -2.594743E-18
2967.  -2.632030E-18
2968.  -2.652742E-18
2969.  -2.657258E-18
2970.  -2.646191E-18
2971.  -2.619656E-18
2972.  -2.578102E-18
2973.  -2.522125E-18
2974.  -2.452048E-18
2975.  -2.368297E-18
2976.  -2.271275E-18
2977.  -2.161662E-18
2978.  -2.039659E-18
2979.  -1.905856E-18
2980.  -1.760688E-18
2981.  -1.604361E-18
2982.  -1.437688E-18
2983.  -1.260955E-18
2984.  -1.074913E-18
2985.  -8.796057E-19
2986.  -6.758658E-19
2987.  -4.638738E-19
2988.  -2.443166E-19
2989.  -1.744738E-20
2990.  2.159844E-19
2991.  4.556993E-19
2992.  7.012455E-19
2993.  9.522826E-19
2994.  1.208109E-18
2995.  1.468298E-18
2996.  1.732630E-18
2997.  2.000607E-18
2998.  2.271992E-18
2999.  2.546015E-18
3000.  2.822468E-18
3001.  3.101159E-18
3002.  3.381352E-18
3003.  3.663039E-18
3004.  3.945749E-18
3005.  4.229125E-18
3006.  4.512947E-18
3007.  4.796822E-18
3008.  5.080660E-18
3009.  5.364063E-18
3010.  5.646902E-18
3011.  5.928705E-18
3012.  6.209665E-18
3013.  6.489262E-18
3014.  6.767453E-18
3015.  7.044224E-18
3016.  7.319273E-18
3017.  7.592567E-18
3018.  7.863947E-18
3019.  8.133322E-18
3020.  8.400817E-18
3021.  8.666279E-18
3022.  8.929694E-18
3023.  9.191039E-18
3024.  9.450274E-18
3025.  9.707700E-18
3026.  9.962955E-18
3027.  1.021650E-17
3028.  1.046823E-17
3029.  1.071811E-17
3030.  1.096652E-17
3031.  1.121344E-17
3032.  1.145900E-17
3033.  1.170337E-17
3034.  1.194663E-17
3035.  1.218905E-17
3036.  1.243085E-17
3037.  1.267218E-17
3038.  1.291325E-17
3039.  1.315410E-17
3040.  1.339515E-17
3041.  1.363651E-17
3042.  1.387863E-17
3043.  1.412136E-17
3044.  1.436519E-17
3045.  1.461036E-17
3046.  1.485712E-17
3047.  1.510559E-17
3048.  1.535613E-17
3049.  1.560895E-17
3050.  1.586439E-17
3051.  1.612248E-17
3052.  1.638370E-17
3053.  1.664822E-17
3054.  1.691630E-17
3055.  1.718823E-17
3056.  1.746419E-17
3057.  1.774443E-17
3058.  1.802929E-17
3059.  1.831885E-17
3060.  1.861345E-17
3061.  1.891342E-17
3062.  1.921883E-17
3063.  1.952998E-17
3064.  1.984710E-17
3065.  2.017043E-17
3066.  2.050015E-17
3067.  2.083636E-17
3068.  2.117954E-17
3069.  2.152975E-17
3070.  2.188706E-17
3071.  2.225188E-17
3072.  2.262435E-17
3073.  2.300465E-17
3074.  2.339292E-17
3075.  2.378939E-17
3076.  2.419428E-17
3077.  2.460762E-17
3078.  2.502978E-17
3079.  2.546076E-17
3080.  2.590094E-17
3081.  2.635024E-17
3082.  2.680895E-17
3083.  2.727716E-17
3084.  2.775506E-17
3085.  2.824284E-17
3086.  2.874056E-17
3087.  2.924841E-17
3088.  2.976650E-17
3089.  3.029500E-17
3090.  3.083399E-17
3091.  3.138352E-17
3092.  3.194378E-17
3093.  3.251484E-17
3094.  3.309695E-17
3095.  3.368988E-17
3096.  3.429398E-17
3097.  3.490911E-17
3098.  3.553555E-17
3099.  3.617310E-17
3100.  3.682207E-17
3101.  3.748229E-17
3102.  3.815375E-17
3103.  3.883649E-17
3104.  3.953053E-17
3105.  4.023579E-17
3106.  4.095208E-17
3107.  4.167955E-17
3108.  4.241792E-17
3109.  4.316724E-17
3110.  4.392720E-17
3111.  4.469756E-17
3112.  4.547834E-17
3113.  4.626936E-17
3114.  4.707009E-17
3115.  4.788049E-17
3116.  4.870012E-17
3117.  4.952873E-17
3118.  5.036598E-17
3119.  5.121132E-17
3120.  5.206445E-17
3121.  5.292506E-17
3122.  5.379238E-17
3123.  5.466598E-17
3124.  5.554534E-17
3125.  5.642989E-17
3126.  5.731912E-17
3127.  5.821198E-17
3128.  5.910826E-17
3129.  6.000692E-17
3130.  6.090732E-17
3131.  6.180859E-17
3132.  6.271000E-17
3133.  6.361085E-17
3134.  6.451011E-17
3135.  6.540673E-17
3136.  6.629996E-17
3137.  6.718906E-17
3138.  6.807271E-17
3139.  6.895004E-17
3140.  6.982014E-17
3141.  7.068190E-17
3142.  7.153437E-17
3143.  7.237644E-17
3144.  7.320697E-17
3145.  7.402509E-17
3146.  7.482964E-17
3147.  7.561946E-17
3148.  7.639369E-17
3149.  7.715128E-17
3150.  7.789097E-17
3151.  7.861195E-17
3152.  7.931312E-17
3153.  7.999352E-17
3154.  8.065202E-17
3155.  8.128790E-17
3156.  8.190030E-17
3157.  8.248798E-17
3158.  8.305051E-17
3159.  8.358679E-17
3160.  8.409617E-17
3161.  8.457796E-17
3162.  8.503139E-17
3163.  8.545588E-17
3164.  8.585080E-17
3165.  8.621580E-17
3166.  8.655033E-17
3167.  8.685390E-17
3168.  8.712631E-17
3169.  8.736725E-17
3170.  8.757648E-17
3171.  8.775391E-17
3172.  8.789940E-17
3173.  8.801312E-17
3174.  8.809495E-17
3175.  8.814509E-17
3176.  8.816370E-17
3177.  8.815122E-17
3178.  8.810799E-17
3179.  8.803413E-17
3180.  8.793058E-17
3181.  8.779757E-17
3182.  8.763600E-17
3183.  8.744635E-17
3184.  8.722956E-17
3185.  8.698645E-17
3186.  8.671791E-17
3187.  8.642476E-17
3188.  8.610824E-17
3189.  8.576946E-17
3190.  8.540953E-17
3191.  8.502948E-17
3192.  8.463062E-17
3193.  8.421440E-17
3194.  8.378213E-17
3195.  8.333506E-17
3196.  8.287480E-17
3197.  8.240270E-17
3198.  8.192035E-17
3199.  8.142919E-17
3200.  8.093078E-17
3201.  8.042690E-17
3202.  7.991897E-17
3203.  7.940858E-17
3204.  7.889752E-17
3205.  7.838745E-17
3206.  7.787988E-17
3207.  7.737665E-17
3208.  7.687939E-17
3209.  7.638971E-17
3210.  7.590936E-17
3211.  7.543992E-17
3212.  7.498309E-17
3213.  7.454053E-17
3214.  7.411411E-17
3215.  7.370502E-17
3216.  7.331503E-17
3217.  7.294602E-17
3218.  7.259919E-17
3219.  7.227616E-17
3220.  7.197853E-17
3221.  7.170782E-17
3222.  7.146533E-17
3223.  7.125272E-17
3224.  7.107119E-17
3225.  7.092224E-17
3226.  7.080713E-17
3227.  7.072717E-17
3228.  7.068359E-17
3229.  7.067767E-17
3230.  7.071069E-17
3231.  7.078361E-17
3232.  7.089776E-17
3233.  7.105386E-17
3234.  7.125323E-17
3235.  7.149674E-17
3236.  7.178538E-17
3237.  7.212014E-17
3238.  7.250169E-17
3239.  7.293083E-17
3240.  7.340843E-17
3241.  7.393506E-17
3242.  7.451165E-17
3243.  7.513857E-17
3244.  7.581657E-17
3245.  7.654584E-17
3246.  7.732733E-17
3247.  7.816097E-17
3248.  7.904744E-17
3249.  7.998704E-17
3250.  8.097979E-17
3251.  8.202600E-17
3252.  8.312574E-17
3253.  8.427930E-17
3254.  8.548669E-17
3255.  8.674758E-17
3256.  8.806201E-17
3257.  8.942998E-17
3258.  9.085097E-17
3259.  9.232494E-17
3260.  9.385128E-17
3261.  9.542976E-17
3262.  9.705981E-17
3263.  9.874084E-17
3264.  1.004723E-16
3265.  1.022534E-16
3266.  1.040835E-16
3267.  1.059614E-16
3268.  1.078866E-16
3269.  1.098580E-16
3270.  1.118742E-16
3271.  1.139344E-16
3272.  1.160373E-16
3273.  1.181816E-16
3274.  1.203659E-16
3275.  1.225887E-16
3276.  1.248490E-16
3277.  1.271446E-16
3278.  1.294741E-16
3279.  1.318358E-16
3280.  1.342280E-16
3281.  1.366488E-16
3282.  1.390964E-16
3283.  1.415689E-16
3284.  1.440642E-16
3285.  1.465802E-16
3286.  1.491151E-16
3287.  1.516666E-16
3288.  1.542325E-16
3289.  1.568108E-16
3290.  1.593991E-16
3291.  1.619953E-16
3292.  1.645971E-16
3293.  1.672024E-16
3294.  1.698088E-16
3295.  1.724139E-16
3296.  1.750159E-16
3297.  1.776121E-16
3298.  1.802005E-16
3299.  1.827790E-16
3300.  1.853453E-16
3301.  1.878975E-16
3302.  1.904335E-16
3303.  1.929511E-16
3304.  1.954484E-16
3305.  1.979239E-16
3306.  2.003756E-16
3307.  2.028018E-16
3308.  2.052008E-16
3309.  2.075711E-16
3310.  2.099117E-16
3311.  2.122208E-16
3312.  2.144976E-16
3313.  2.167407E-16
3314.  2.189494E-16
3315.  2.211229E-16
3316.  2.232605E-16
3317.  2.253617E-16
3318.  2.274262E-16
3319.  2.294536E-16
3320.  2.314440E-16
3321.  2.333974E-16
3322.  2.353139E-16
3323.  2.371942E-16
3324.  2.390386E-16
3325.  2.408477E-16
3326.  2.426226E-16
3327.  2.443641E-16
3328.  2.460736E-16
3329.  2.477522E-16
3330.  2.494013E-16
3331.  2.510227E-16
3332.  2.526179E-16
3333.  2.541889E-16
3334.  2.557378E-16
3335.  2.572664E-16
3336.  2.587771E-16
3337.  2.602723E-16
3338.  2.617541E-16
3339.  2.632253E-16
3340.  2.646884E-16
3341.  2.661461E-16
3342.  2.676010E-16
3343.  2.690560E-16
3344.  2.705139E-16
3345.  2.719776E-16
3346.  2.734497E-16
3347.  2.749333E-16
3348.  2.764311E-16
3349.  2.779461E-16
3350.  2.794810E-16
3351.  2.810386E-16
3352.  2.826216E-16
3353.  2.842328E-16
3354.  2.858746E-16
3355.  2.875493E-16
3356.  2.892597E-16
3357.  2.910079E-16
3358.  2.927961E-16
3359.  2.946260E-16
3360.  2.965000E-16
3361.  2.984193E-16
3362.  3.003858E-16
3363.  3.024008E-16
3364.  3.044654E-16
3365.  3.065809E-16
3366.  3.087478E-16
3367.  3.109669E-16
3368.  3.132384E-16
3369.  3.155629E-16
3370.  3.179401E-16
3371.  3.203698E-16
3372.  3.228516E-16
3373.  3.253850E-16
3374.  3.279689E-16
3375.  3.306020E-16
3376.  3.332834E-16
3377.  3.360113E-16
3378.  3.387840E-16
3379.  3.415994E-16
3380.  3.444553E-16
3381.  3.473496E-16
3382.  3.502794E-16
3383.  3.532420E-16
3384.  3.562344E-16
3385.  3.592536E-16
3386.  3.622961E-16
3387.  3.653583E-16
3388.  3.684369E-16
3389.  3.715281E-16
3390.  3.746279E-16
3391.  3.777322E-16
3392.  3.808372E-16
3393.  3.839385E-16
3394.  3.870319E-16
3395.  3.901131E-16
3396.  3.931777E-16
3397.  3.962212E-16
3398.  3.992394E-16
3399.  4.022277E-16
3400.  4.051817E-16
3401.  4.080970E-16
3402.  4.109691E-16
3403.  4.137939E-16
3404.  4.165672E-16
3405.  4.192842E-16
3406.  4.219416E-16
3407.  4.245347E-16
3408.  4.270602E-16
3409.  4.295139E-16
3410.  4.318922E-16
3411.  4.341917E-16
3412.  4.364090E-16
3413.  4.385409E-16
3414.  4.405844E-16
3415.  4.425364E-16
3416.  4.443946E-16
3417.  4.461562E-16
3418.  4.478191E-16
3419.  4.493812E-16
3420.  4.508405E-16
3421.  4.521952E-16
3422.  4.534441E-16
3423.  4.545856E-16
3424.  4.556189E-16
3425.  4.565431E-16
3426.  4.573572E-16
3427.  4.580612E-16
3428.  4.586546E-16
3429.  4.591373E-16
3430.  4.595095E-16
3431.  4.597714E-16
3432.  4.599237E-16
3433.  4.599671E-16
3434.  4.599022E-16
3435.  4.597299E-16
3436.  4.594520E-16
3437.  4.590690E-16
3438.  4.585829E-16
3439.  4.579952E-16
3440.  4.573076E-16
3441.  4.565217E-16
3442.  4.556396E-16
3443.  4.546633E-16
3444.  4.535949E-16
3445.  4.524365E-16
3446.  4.511905E-16
3447.  4.498590E-16
3448.  4.484442E-16
3449.  4.469489E-16
3450.  4.453753E-16
3451.  4.437256E-16
3452.  4.420026E-16
3453.  4.402084E-16
3454.  4.383457E-16
3455.  4.364168E-16
3456.  4.344239E-16
3457.  4.323697E-16
3458.  4.302563E-16
3459.  4.280860E-16
3460.  4.258612E-16
3461.  4.235838E-16
3462.  4.212562E-16
3463.  4.188805E-16
3464.  4.164586E-16
3465.  4.139924E-16
3466.  4.114838E-16
3467.  4.089350E-16
3468.  4.063472E-16
3469.  4.037224E-16
3470.  4.010622E-16
3471.  3.983681E-16
3472.  3.956415E-16
3473.  3.928841E-16
3474.  3.900969E-16
3475.  3.872815E-16
3476.  3.844389E-16
3477.  3.815705E-16
3478.  3.786772E-16
3479.  3.757602E-16
3480.  3.728205E-16
3481.  3.698593E-16
3482.  3.668772E-16
3483.  3.638752E-16
3484.  3.608544E-16
3485.  3.578156E-16
3486.  3.547594E-16
3487.  3.516869E-16
3488.  3.485990E-16
3489.  3.454961E-16
3490.  3.423794E-16
3491.  3.392497E-16
3492.  3.361076E-16
3493.  3.329544E-16
3494.  3.297903E-16
3495.  3.266168E-16
3496.  3.234344E-16
3497.  3.202443E-16
3498.  3.170472E-16
3499.  3.138443E-16
3500.  3.106366E-16
3501.  3.074252E-16
3502.  3.042111E-16
3503.  3.009955E-16
3504.  2.977794E-16
3505.  2.945645E-16
3506.  2.913518E-16
3507.  2.881424E-16
3508.  2.849379E-16
3509.  2.817397E-16
3510.  2.785494E-16
3511.  2.753680E-16
3512.  2.721974E-16
3513.  2.690392E-16
3514.  2.658945E-16
3515.  2.627656E-16
3516.  2.596535E-16
3517.  2.565602E-16
3518.  2.534872E-16
3519.  2.504364E-16
3520.  2.474093E-16
3521.  2.444078E-16
3522.  2.414334E-16
3523.  2.384878E-16
3524.  2.355730E-16
3525.  2.326903E-16
3526.  2.298415E-16
3527.  2.270284E-16
3528.  2.242524E-16
3529.  2.215153E-16
3530.  2.188184E-16
3531.  2.161633E-16
3532.  2.135515E-16
3533.  2.109843E-16
3534.  2.084631E-16
3535.  2.059891E-16
3536.  2.035634E-16
3537.  2.011875E-16
3538.  1.988621E-16
3539.  1.965882E-16
3540.  1.943670E-16
3541.  1.921987E-16
3542.  1.900845E-16
3543.  1.880250E-16
3544.  1.860204E-16
3545.  1.840712E-16
3546.  1.821778E-16
3547.  1.803402E-16
3548.  1.785587E-16
3549.  1.768332E-16
3550.  1.751636E-16
3551.  1.735493E-16
3552.  1.719904E-16
3553.  1.704861E-16
3554.  1.690361E-16
3555.  1.676394E-16
3556.  1.662954E-16
3557.  1.650031E-16
3558.  1.637614E-16
3559.  1.625694E-16
3560.  1.614256E-16
3561.  1.603288E-16
3562.  1.592777E-16
3563.  1.582705E-16
3564.  1.573057E-16
3565.  1.563818E-16
3566.  1.554967E-16
3567.  1.546488E-16
3568.  1.538361E-16
3569.  1.530566E-16
3570.  1.523083E-16
3571.  1.515889E-16
3572.  1.508965E-16
3573.  1.502288E-16
3574.  1.495835E-16
3575.  1.489585E-16
3576.  1.483512E-16
3577.  1.477596E-16
3578.  1.471813E-16
3579.  1.466138E-16
3580.  1.460549E-16
3581.  1.455023E-16
3582.  1.449535E-16
3583.  1.444063E-16
3584.  1.438585E-16
3585.  1.433078E-16
3586.  1.427520E-16
3587.  1.421889E-16
3588.  1.416165E-16
3589.  1.410324E-16
3590.  1.404349E-16
3591.  1.398221E-16
3592.  1.391920E-16
3593.  1.385428E-16
3594.  1.378728E-16
3595.  1.371805E-16
3596.  1.364642E-16
3597.  1.357223E-16
3598.  1.349537E-16
3599.  1.341570E-16
3600.  1.333313E-16
3601.  1.324751E-16
3602.  1.315879E-16
3603.  1.306686E-16
3604.  1.297165E-16
3605.  1.287309E-16
3606.  1.277116E-16
3607.  1.266576E-16
3608.  1.255691E-16
3609.  1.244457E-16
3610.  1.232875E-16
3611.  1.220942E-16
3612.  1.208663E-16
3613.  1.196039E-16
3614.  1.183073E-16
3615.  1.169768E-16
3616.  1.156133E-16
3617.  1.142173E-16
3618.  1.127893E-16
3619.  1.113306E-16
3620.  1.098416E-16
3621.  1.083237E-16
3622.  1.067778E-16
3623.  1.052049E-16
3624.  1.036067E-16
3625.  1.019840E-16
3626.  1.003384E-16
3627.  9.867129E-17
3628.  9.698402E-17
3629.  9.527819E-17
3630.  9.355546E-17
3631.  9.181723E-17
3632.  9.006515E-17
3633.  8.830122E-17
3634.  8.652665E-17
3635.  8.474355E-17
3636.  8.295330E-17
3637.  8.115793E-17
3638.  7.935901E-17
3639.  7.755825E-17
3640.  7.575750E-17
3641.  7.395855E-17
3642.  7.216296E-17
3643.  7.037245E-17
3644.  6.858885E-17
3645.  6.681377E-17
3646.  6.504886E-17
3647.  6.329565E-17
3648.  6.155580E-17
3649.  5.983095E-17
3650.  5.812240E-17
3651.  5.643184E-17
3652.  5.476048E-17
3653.  5.310989E-17
3654.  5.148138E-17
3655.  4.987632E-17
3656.  4.829558E-17
3657.  4.674072E-17
3658.  4.521291E-17
3659.  4.371292E-17
3660.  4.224215E-17
3661.  4.080116E-17
3662.  3.939136E-17
3663.  3.801322E-17
3664.  3.666775E-17
3665.  3.535566E-17
3666.  3.407749E-17
3667.  3.283419E-17
3668.  3.162630E-17
3669.  3.045396E-17
3670.  2.931825E-17
3671.  2.821917E-17
3672.  2.715725E-17
3673.  2.613275E-17
3674.  2.514600E-17
3675.  2.419727E-17
3676.  2.328646E-17
3677.  2.241407E-17
3678.  2.157995E-17
3679.  2.078404E-17
3680.  2.002657E-17
3681.  1.930739E-17
3682.  1.862617E-17
3683.  1.798324E-17
3684.  1.737795E-17
3685.  1.681025E-17
3686.  1.627981E-17
3687.  1.578653E-17
3688.  1.532960E-17
3689.  1.490920E-17
3690.  1.452462E-17
3691.  1.417528E-17
3692.  1.386088E-17
3693.  1.358081E-17
3694.  1.333475E-17
3695.  1.312178E-17
3696.  1.294148E-17
3697.  1.279313E-17
3698.  1.267616E-17
3699.  1.258968E-17
3700.  1.253312E-17
3701.  1.250579E-17
3702.  1.250677E-17
3703.  1.253524E-17
3704.  1.259040E-17
3705.  1.267155E-17
3706.  1.277765E-17
3707.  1.290785E-17
3708.  1.306130E-17
3709.  1.323689E-17
3710.  1.343385E-17
3711.  1.365124E-17
3712.  1.388785E-17
3713.  1.414309E-17
3714.  1.441558E-17
3715.  1.470441E-17
3716.  1.500858E-17
3717.  1.532701E-17
3718.  1.565859E-17
3719.  1.600242E-17
3720.  1.635732E-17
3721.  1.672230E-17
3722.  1.709631E-17
3723.  1.747817E-17
3724.  1.786677E-17
3725.  1.826105E-17
3726.  1.866023E-17
3727.  1.906281E-17
3728.  1.946808E-17
3729.  1.987480E-17
3730.  2.028204E-17
3731.  2.068878E-17
3732.  2.109388E-17
3733.  2.149635E-17
3734.  2.189543E-17
3735.  2.228990E-17
3736.  2.267895E-17
3737.  2.306168E-17
3738.  2.343722E-17
3739.  2.380444E-17
3740.  2.416292E-17
3741.  2.451143E-17
3742.  2.484959E-17
3743.  2.517627E-17
3744.  2.549111E-17
3745.  2.579305E-17
3746.  2.608167E-17
3747.  2.635629E-17
3748.  2.661636E-17
3749.  2.686143E-17
3750.  2.709080E-17
3751.  2.730430E-17
3752.  2.750113E-17
3753.  2.768116E-17
3754.  2.784410E-17
3755.  2.798953E-17
3756.  2.811714E-17
3757.  2.822686E-17
3758.  2.831851E-17
3759.  2.839181E-17
3760.  2.844675E-17
3761.  2.848344E-17
3762.  2.850177E-17
3763.  2.850166E-17
3764.  2.848315E-17
3765.  2.844664E-17
3766.  2.839203E-17
3767.  2.831966E-17
3768.  2.822949E-17
3769.  2.812224E-17
3770.  2.799764E-17
3771.  2.785632E-17
3772.  2.769867E-17
3773.  2.752491E-17
3774.  2.733544E-17
3775.  2.713085E-17
3776.  2.691145E-17
3777.  2.667775E-17
3778.  2.643032E-17
3779.  2.616952E-17
3780.  2.589604E-17
3781.  2.561025E-17
3782.  2.531278E-17
3783.  2.500429E-17
3784.  2.468528E-17
3785.  2.435634E-17
3786.  2.401813E-17
3787.  2.367098E-17
3788.  2.331591E-17
3789.  2.295322E-17
3790.  2.258361E-17
3791.  2.220771E-17
3792.  2.182593E-17
3793.  2.143927E-17
3794.  2.104791E-17
3795.  2.065265E-17
3796.  2.025404E-17
3797.  1.985243E-17
3798.  1.944871E-17
3799.  1.904325E-17
3800.  1.863647E-17
3801.  1.822915E-17
3802.  1.782162E-17
3803.  1.741433E-17
3804.  1.700780E-17
3805.  1.660265E-17
3806.  1.619904E-17
3807.  1.579750E-17
3808.  1.539855E-17
3809.  1.500242E-17
3810.  1.460960E-17
3811.  1.422032E-17
3812.  1.383495E-17
3813.  1.345387E-17
3814.  1.307731E-17
3815.  1.270560E-17
3816.  1.233876E-17
3817.  1.197742E-17
3818.  1.162161E-17
3819.  1.127150E-17
3820.  1.092715E-17
3821.  1.058899E-17
3822.  1.025714E-17
3823.  9.931552E-18
3824.  9.612502E-18
3825.  9.300073E-18
3826.  8.994343E-18
3827.  8.695264E-18
3828.  8.403080E-18
3829.  8.117772E-18
3830.  7.839404E-18
3831.  7.567982E-18
3832.  7.303451E-18
3833.  7.045870E-18
3834.  6.795234E-18
3835.  6.551493E-18
3836.  6.314636E-18
3837.  6.084666E-18
3838.  5.861434E-18
3839.  5.644981E-18
3840.  5.435104E-18
3841.  5.231987E-18
3842.  5.035419E-18
3843.  4.845227E-18
3844.  4.661448E-18
3845.  4.483849E-18
3846.  4.312447E-18
3847.  4.147252E-18
3848.  3.987922E-18
3849.  3.834518E-18
3850.  3.686848E-18
3851.  3.544844E-18
3852.  3.408325E-18
3853.  3.277202E-18
3854.  3.151444E-18
3855.  3.030807E-18
3856.  2.915217E-18
3857.  2.804636E-18
3858.  2.698833E-18
3859.  2.597732E-18
3860.  2.501127E-18
3861.  2.408945E-18
3862.  2.321160E-18
3863.  2.237572E-18
3864.  2.157960E-18
3865.  2.082339E-18
3866.  2.010637E-18
3867.  1.942444E-18
3868.  1.877923E-18
3869.  1.816818E-18
3870.  1.759161E-18
3871.  1.704565E-18
3872.  1.653253E-18
3873.  1.604772E-18
3874.  1.559140E-18
3875.  1.516316E-18
3876.  1.476057E-18
3877.  1.438355E-18
3878.  1.403022E-18
3879.  1.369986E-18
3880.  1.339017E-18
3881.  1.310214E-18
3882.  1.283309E-18
3883.  1.258199E-18
3884.  1.234694E-18
3885.  1.212830E-18
3886.  1.192450E-18
3887.  1.173396E-18
3888.  1.155504E-18
3889.  1.138773E-18
3890.  1.123036E-18
3891.  1.108128E-18
3892.  1.093889E-18
3893.  1.080296E-18
3894.  1.067314E-18
3895.  1.054596E-18
3896.  1.042064E-18
3897.  1.029729E-18
3898.  1.017295E-18
3899.  1.004742E-18
3900.  9.918398E-19
3901.  9.785144E-19
3902.  9.646280E-19
3903.  9.499803E-19
3904.  9.344755E-19
3905.  9.180042E-19
3906.  9.003141E-19
3907.  8.812695E-19
3908.  8.607953E-19
3909.  8.386168E-19
3910.  8.146853E-19
3911.  7.887411E-19
3912.  7.606546E-19
3913.  7.302528E-19
3914.  6.973902E-19
3915.  6.617756E-19
3916.  6.233755E-19
3917.  5.818801E-19
3918.  5.371884E-19
3919.  4.890556E-19
3920.  4.372960E-19
3921.  3.818589E-19
3922.  3.222633E-19
3923.  2.584932E-19
3924.  1.904099E-19
3925.  1.175870E-19
3926.  4.006974E-20
3927.  -4.249888E-20
3928.  -1.303940E-19
3929.  -2.235415E-19
3930.  -3.224751E-19
3931.  -4.272583E-19
3932.  -5.381144E-19
3933.  -6.551229E-19
3934.  -7.787160E-19
3935.  -9.089505E-19
3936.  -1.046123E-18
3937.  -1.190291E-18
3938.  -1.341773E-18
3939.  -1.500842E-18
3940.  -1.667443E-18
3941.  -1.841965E-18
3942.  -2.024441E-18
3943.  -2.215238E-18
3944.  -2.414517E-18
3945.  -2.622146E-18
3946.  -2.838589E-18
3947.  -3.063855E-18
3948.  -3.298129E-18
3949.  -3.541597E-18
3950.  -3.794214E-18
3951.  -4.056300E-18
3952.  -4.327626E-18
3953.  -4.608728E-18
3954.  -4.899347E-18
3955.  -5.199666E-18
3956.  -5.509727E-18
3957.  -5.829637E-18
3958.  -6.159114E-18
3959.  -6.498481E-18
3960.  -6.847727E-18
3961.  -7.206589E-18
3962.  -7.575067E-18
3963.  -7.953395E-18
3964.  -8.341048E-18
3965.  -8.738189E-18
3966.  -9.144588E-18
3967.  -9.560145E-18
3968.  -9.984704E-18
3969.  -1.041803E-17
3970.  -1.085982E-17
3971.  -1.131006E-17
3972.  -1.176826E-17
3973.  -1.223431E-17
3974.  -1.270782E-17
3975.  -1.318835E-17
3976.  -1.367576E-17
3977.  -1.416945E-17
3978.  -1.466910E-17
3979.  -1.517433E-17
3980.  -1.568474E-17
3981.  -1.619971E-17
3982.  -1.671866E-17
3983.  -1.724119E-17
3984.  -1.776678E-17
3985.  -1.829468E-17
3986.  -1.882441E-17
3987.  -1.935541E-17
3988.  -1.988674E-17
3989.  -2.041803E-17
3990.  -2.094835E-17
3991.  -2.147716E-17
3992.  -2.200368E-17
3993.  -2.252700E-17
3994.  -2.304652E-17
3995.  -2.356136E-17
3996.  -2.407059E-17
3997.  -2.457358E-17
3998.  -2.506945E-17
3999.  -2.555715E-17
4000.  -2.603590E-17
4001.  -2.650500E-17
4002.  -2.696335E-17
4003.  -2.741009E-17
4004.  -2.784434E-17
4005.  -2.826506E-17
4006.  -2.867142E-17
4007.  -2.906256E-17
4008.  -2.943757E-17
4009.  -2.979528E-17
4010.  -3.013512E-17
4011.  -3.045580E-17
4012.  -3.075677E-17
4013.  -3.103686E-17
4014.  -3.129535E-17
4015.  -3.153134E-17
4016.  -3.174388E-17
4017.  -3.193206E-17
4018.  -3.209520E-17
4019.  -3.223252E-17
4020.  -3.234310E-17
4021.  -3.242627E-17
4022.  -3.248108E-17
4023.  -3.250707E-17
4024.  -3.250359E-17
4025.  -3.246964E-17
4026.  -3.240485E-17
4027.  -3.230858E-17
4028.  -3.218023E-17
4029.  -3.201936E-17
4030.  -3.182541E-17
4031.  -3.159791E-17
4032.  -3.133661E-17
4033.  -3.104097E-17
4034.  -3.071058E-17
4035.  -3.034545E-17
4036.  -2.994503E-17
4037.  -2.950950E-17
4038.  -2.903832E-17
4039.  -2.853158E-17
4040.  -2.798913E-17
4041.  -2.741104E-17
4042.  -2.679729E-17
4043.  -2.614808E-17
4044.  -2.546337E-17
4045.  -2.474329E-17
4046.  -2.398829E-17
4047.  -2.319844E-17
4048.  -2.237419E-17
4049.  -2.151578E-17
4050.  -2.062377E-17
4051.  -1.969829E-17
4052.  -1.874002E-17
4053.  -1.774971E-17
4054.  -1.672763E-17
4055.  -1.567443E-17
4056.  -1.459092E-17
4057.  -1.347758E-17
4058.  -1.233536E-17
4059.  -1.116490E-17
4060.  -9.966971E-18
4061.  -8.742512E-18
4062.  -7.492318E-18
4063.  -6.217396E-18
4064.  -4.918503E-18
4065.  -3.596744E-18
4066.  -2.252933E-18
4067.  -8.883390E-19
4068.  4.961884E-19
4069.  1.899577E-18
4070.  3.320839E-18
4071.  4.758656E-18
4072.  6.211985E-18
4073.  7.679730E-18
4074.  9.160846E-18
4075.  1.065399E-17
4076.  1.215811E-17
4077.  1.367187E-17
4078.  1.519435E-17
4079.  1.672412E-17
4080.  1.826015E-17
4081.  1.980101E-17
4082.  2.134568E-17
4083.  2.289286E-17
4084.  2.444138E-17
4085.  2.599000E-17
4086.  2.753748E-17
4087.  2.908265E-17
4088.  3.062426E-17
4089.  3.216110E-17
4090.  3.369202E-17
4091.  3.521588E-17
4092.  3.673140E-17
4093.  3.823748E-17
4094.  3.973282E-17
4095.  4.121652E-17
4096.  4.268724E-17
4097.  4.414409E-17
4098.  4.558571E-17
4099.  4.701118E-17
4100.  4.841942E-17
4101.  4.980922E-17
4102.  5.117979E-17
4103.  5.253003E-17
4104.  5.385909E-17
4105.  5.516568E-17
4106.  5.644933E-17
4107.  5.770879E-17
4108.  5.894333E-17
4109.  6.015206E-17
4110.  6.133422E-17
4111.  6.248909E-17
4112.  6.361581E-17
4113.  6.471389E-17
4114.  6.578233E-17
4115.  6.682083E-17
4116.  6.782868E-17
4117.  6.880515E-17
4118.  6.975015E-17
4119.  7.066278E-17
4120.  7.154298E-17
4121.  7.239014E-17
4122.  7.320427E-17
4123.  7.398470E-17
4124.  7.473153E-17
4125.  7.544442E-17
4126.  7.612339E-17
4127.  7.676814E-17
4128.  7.737907E-17
4129.  7.795590E-17
4130.  7.849871E-17
4131.  7.900793E-17
4132.  7.948364E-17
4133.  7.992611E-17
4134.  8.033568E-17
4135.  8.071260E-17
4136.  8.105752E-17
4137.  8.137095E-17
4138.  8.165331E-17
4139.  8.190528E-17
4140.  8.212734E-17
4141.  8.232037E-17
4142.  8.248519E-17
4143.  8.262232E-17
4144.  8.273284E-17
4145.  8.281769E-17
4146.  8.287762E-17
4147.  8.291371E-17
4148.  8.292693E-17
4149.  8.291820E-17
4150.  8.288895E-17
4151.  8.283993E-17
4152.  8.277245E-17
4153.  8.268754E-17
4154.  8.258651E-17
4155.  8.247038E-17
4156.  8.234042E-17
4157.  8.219794E-17
4158.  8.204396E-17
4159.  8.187975E-17
4160.  8.170641E-17
4161.  8.152537E-17
4162.  8.133756E-17
4163.  8.114425E-17
4164.  8.094656E-17
4165.  8.074548E-17
4166.  8.054235E-17
4167.  8.033804E-17
4168.  8.013350E-17
4169.  7.992987E-17
4170.  7.972802E-17
4171.  7.952868E-17
4172.  7.933284E-17
4173.  7.914130E-17
4174.  7.895471E-17
4175.  7.877379E-17
4176.  7.859899E-17
4177.  7.843103E-17
4178.  7.827025E-17
4179.  7.811719E-17
4180.  7.797206E-17
4181.  7.783517E-17
4182.  7.770684E-17
4183.  7.758710E-17
4184.  7.747597E-17
4185.  7.737354E-17
4186.  7.727963E-17
4187.  7.719422E-17
4188.  7.711696E-17
4189.  7.704780E-17
4190.  7.698623E-17
4191.  7.693181E-17
4192.  7.688423E-17
4193.  7.684300E-17
4194.  7.680735E-17
4195.  7.677681E-17
4196.  7.675065E-17
4197.  7.672824E-17
4198.  7.670892E-17
4199.  7.669167E-17
4200.  7.667579E-17
4201.  7.666064E-17
4202.  7.664518E-17
4203.  7.662856E-17
4204.  7.660989E-17
4205.  7.658845E-17
4206.  7.656316E-17
4207.  7.653337E-17
4208.  7.649813E-17
4209.  7.645658E-17
4210.  7.640792E-17
4211.  7.635134E-17
4212.  7.628614E-17
4213.  7.621164E-17
4214.  7.612721E-17
4215.  7.603205E-17
4216.  7.592578E-17
4217.  7.580784E-17
4218.  7.567783E-17
4219.  7.553537E-17
4220.  7.538023E-17
4221.  7.521217E-17
4222.  7.503105E-17
4223.  7.483687E-17
4224.  7.462957E-17
4225.  7.440954E-17
4226.  7.417685E-17
4227.  7.393193E-17
4228.  7.367507E-17
4229.  7.340704E-17
4230.  7.312830E-17
4231.  7.283982E-17
4232.  7.254228E-17
4233.  7.223671E-17
4234.  7.192424E-17
4235.  7.160601E-17
4236.  7.128329E-17
4237.  7.095751E-17
4238.  7.063029E-17
4239.  7.030302E-17
4240.  6.997755E-17
4241.  6.965575E-17
4242.  6.933929E-17
4243.  6.903035E-17
4244.  6.873101E-17
4245.  6.844331E-17
4246.  6.816956E-17
4247.  6.791210E-17
4248.  6.767336E-17
4249.  6.745573E-17
4250.  6.726182E-17
4251.  6.709400E-17
4252.  6.695508E-17
4253.  6.684774E-17
4254.  6.677452E-17
4255.  6.673832E-17
4256.  6.674187E-17
4257.  6.678780E-17
4258.  6.687893E-17
4259.  6.701813E-17
4260.  6.720803E-17
4261.  6.745162E-17
4262.  6.775148E-17
4263.  6.811021E-17
4264.  6.853056E-17
4265.  6.901521E-17
4266.  6.956678E-17
4267.  7.018762E-17
4268.  7.088025E-17
4269.  7.164690E-17
4270.  7.249001E-17
4271.  7.341161E-17
4272.  7.441384E-17
4273.  7.549868E-17
4274.  7.666798E-17
4275.  7.792343E-17
4276.  7.926655E-17
4277.  8.069892E-17
4278.  8.222179E-17
4279.  8.383639E-17
4280.  8.554351E-17
4281.  8.734438E-17
4282.  8.923933E-17
4283.  9.122890E-17
4284.  9.331349E-17
4285.  9.549326E-17
4286.  9.776814E-17
4287.  1.001379E-16
4288.  1.026021E-16
4289.  1.051601E-16
4290.  1.078112E-16
4291.  1.105542E-16
4292.  1.133881E-16
4293.  1.163112E-16
4294.  1.193221E-16
4295.  1.224189E-16
4296.  1.255998E-16
4297.  1.288622E-16
4298.  1.322041E-16
4299.  1.356225E-16
4300.  1.391149E-16
4301.  1.426784E-16
4302.  1.463094E-16
4303.  1.500051E-16
4304.  1.537617E-16
4305.  1.575756E-16
4306.  1.614431E-16
4307.  1.653601E-16
4308.  1.693224E-16
4309.  1.733260E-16
4310.  1.773663E-16
4311.  1.814391E-16
4312.  1.855395E-16
4313.  1.896630E-16
4314.  1.938048E-16
4315.  1.979599E-16
4316.  2.021235E-16
4317.  2.062907E-16
4318.  2.104565E-16
4319.  2.146156E-16
4320.  2.187633E-16
4321.  2.228943E-16
4322.  2.270037E-16
4323.  2.310862E-16
4324.  2.351369E-16
4325.  2.391511E-16
4326.  2.431235E-16
4327.  2.470496E-16
4328.  2.509243E-16
4329.  2.547432E-16
4330.  2.585016E-16
4331.  2.621953E-16
4332.  2.658195E-16
4333.  2.693704E-16
4334.  2.728439E-16
4335.  2.762361E-16
4336.  2.795434E-16
4337.  2.827620E-16
4338.  2.858888E-16
4339.  2.889205E-16
4340.  2.918543E-16
4341.  2.946873E-16
4342.  2.974172E-16
4343.  3.000415E-16
4344.  3.025583E-16
4345.  3.049656E-16
4346.  3.072619E-16
4347.  3.094458E-16
4348.  3.115162E-16
4349.  3.134721E-16
4350.  3.153130E-16
4351.  3.170384E-16
4352.  3.186480E-16
4353.  3.201423E-16
4354.  3.215213E-16
4355.  3.227855E-16
4356.  3.239359E-16
4357.  3.249733E-16
4358.  3.258990E-16
4359.  3.267145E-16
4360.  3.274214E-16
4361.  3.280214E-16
4362.  3.285169E-16
4363.  3.289099E-16
4364.  3.292028E-16
4365.  3.293982E-16
4366.  3.294989E-16
4367.  3.295076E-16
4368.  3.294276E-16
4369.  3.292619E-16
4370.  3.290138E-16
4371.  3.286866E-16
4372.  3.282840E-16
4373.  3.278092E-16
4374.  3.272661E-16
4375.  3.266583E-16
4376.  3.259894E-16
4377.  3.252634E-16
4378.  3.244839E-16
4379.  3.236548E-16
4380.  3.227796E-16
4381.  3.218626E-16
4382.  3.209073E-16
4383.  3.199173E-16
4384.  3.188964E-16
4385.  3.178482E-16
4386.  3.167762E-16
4387.  3.156839E-16
4388.  3.145747E-16
4389.  3.134520E-16
4390.  3.123188E-16
4391.  3.111781E-16
4392.  3.100330E-16
4393.  3.088863E-16
4394.  3.077408E-16
4395.  3.065988E-16
4396.  3.054627E-16
4397.  3.043349E-16
4398.  3.032174E-16
4399.  3.021120E-16
4400.  3.010206E-16
4401.  2.999447E-16
4402.  2.988858E-16
4403.  2.978449E-16
4404.  2.968233E-16
4405.  2.958218E-16
4406.  2.948409E-16
4407.  2.938815E-16
4408.  2.929437E-16
4409.  2.920277E-16
4410.  2.911336E-16
4411.  2.902612E-16
4412.  2.894100E-16
4413.  2.885799E-16
4414.  2.877699E-16
4415.  2.869792E-16
4416.  2.862070E-16
4417.  2.854524E-16
4418.  2.847137E-16
4419.  2.839900E-16
4420.  2.832794E-16
4421.  2.825805E-16
4422.  2.818916E-16
4423.  2.812109E-16
4424.  2.805363E-16
4425.  2.798660E-16
4426.  2.791978E-16
4427.  2.785295E-16
4428.  2.778590E-16
4429.  2.771838E-16
4430.  2.765017E-16
4431.  2.758103E-16
4432.  2.751072E-16
4433.  2.743900E-16
4434.  2.736561E-16
4435.  2.729033E-16
4436.  2.721290E-16
4437.  2.713306E-16
4438.  2.705060E-16
4439.  2.696526E-16
4440.  2.687680E-16
4441.  2.678502E-16
4442.  2.668966E-16
4443.  2.659051E-16
4444.  2.648736E-16
4445.  2.638001E-16
4446.  2.626825E-16
4447.  2.615189E-16
4448.  2.603075E-16
4449.  2.590469E-16
4450.  2.577351E-16
4451.  2.563708E-16
4452.  2.549525E-16
4453.  2.534790E-16
4454.  2.519494E-16
4455.  2.503622E-16
4456.  2.487170E-16
4457.  2.470128E-16
4458.  2.452492E-16
4459.  2.434255E-16
4460.  2.415414E-16
4461.  2.395967E-16
4462.  2.375916E-16
4463.  2.355260E-16
4464.  2.334000E-16
4465.  2.312142E-16
4466.  2.289691E-16
4467.  2.266651E-16
4468.  2.243032E-16
4469.  2.218844E-16
4470.  2.194096E-16
4471.  2.168799E-16
4472.  2.142967E-16
4473.  2.116614E-16
4474.  2.089758E-16
4475.  2.062411E-16
4476.  2.034594E-16
4477.  2.006325E-16
4478.  1.977625E-16
4479.  1.948510E-16
4480.  1.919006E-16
4481.  1.889134E-16
4482.  1.858918E-16
4483.  1.828379E-16
4484.  1.797544E-16
4485.  1.766436E-16
4486.  1.735083E-16
4487.  1.703510E-16
4488.  1.671741E-16
4489.  1.639805E-16
4490.  1.607730E-16
4491.  1.575538E-16
4492.  1.543262E-16
4493.  1.510924E-16
4494.  1.478554E-16
4495.  1.446179E-16
4496.  1.413824E-16
4497.  1.381517E-16
4498.  1.349285E-16
4499.  1.317152E-16
4500.  1.285145E-16
