1.  1.392669E-23
2.  -7.064095E-23
3.  -1.010788E-22
4.  -8.148294E-23
5.  -5.548535E-24
6.  1.135789E-23
7.  -2.434774E-23
8.  2.005368E-23
9.  -1.837333E-23
10.  1.160837E-23
11.  -2.746237E-23
12.  9.270120E-23
13.  8.100119E-23
14.  9.257180E-23
15.  6.421437E-23
16.  1.303790E-22
17.  5.368781E-23
18.  -2.912945E-23
19.  1.055078E-22
20.  5.698402E-23
21.  1.570120E-22
22.  1.491588E-22
23.  1.581865E-22
24.  1.646238E-22
25.  8.144931E-23
26.  1.432040E-22
27.  1.803951E-22
28.  2.859756E-22
29.  1.727737E-22
30.  2.248276E-22
31.  1.962177E-22
32.  2.857479E-22
33.  2.733861E-22
34.  3.474772E-22
35.  3.611434E-22
36.  3.772665E-22
37.  4.529974E-22
38.  4.998453E-22
39.  5.440499E-22
40.  6.544362E-22
41.  6.079209E-22
42.  7.178583E-22
43.  8.013478E-22
44.  8.686980E-22
45.  9.649769E-22
46.  1.058492E-21
47.  1.168388E-21
48.  1.236474E-21
49.  1.349846E-21
50.  1.457253E-21
51.  1.551782E-21
52.  1.649524E-21
53.  1.895739E-21
54.  2.087070E-21
55.  2.212296E-21
56.  2.329266E-21
57.  2.511540E-21
58.  2.821777E-21
59.  3.067455E-21
60.  3.354337E-21
61.  3.644194E-21
62.  3.981818E-21
63.  4.218540E-21
64.  4.721681E-21
65.  4.959987E-21
66.  5.310133E-21
67.  5.818377E-21
68.  6.349264E-21
69.  6.885764E-21
70.  7.436266E-21
71.  8.048288E-21
72.  8.694819E-21
73.  9.392440E-21
74.  1.020479E-20
75.  1.092345E-20
76.  1.179667E-20
77.  1.277877E-20
78.  1.383188E-20
79.  1.495833E-20
80.  1.620198E-20
81.  1.727143E-20
82.  1.870485E-20
83.  2.020601E-20
84.  2.173391E-20
85.  2.360342E-20
86.  2.531887E-20
87.  2.722145E-20
88.  2.921881E-20
89.  3.156260E-20
90.  3.393180E-20
91.  3.650334E-20
92.  3.935430E-20
93.  4.218741E-20
94.  4.536035E-20
95.  4.870527E-20
96.  5.237124E-20
97.  5.621310E-20
98.  6.026395E-20
99.  6.473154E-20
100.  6.943558E-20
101.  7.447276E-20
102.  7.982563E-20
103.  8.564494E-20
104.  9.182447E-20
105.  9.839797E-20
106.  1.053288E-19
107.  1.129009E-19
108.  1.208874E-19
109.  1.293581E-19
110.  1.384486E-19
111.  1.481498E-19
112.  1.584598E-19
113.  1.694295E-19
114.  1.809602E-19
115.  1.935023E-19
116.  2.066205E-19
117.  2.207786E-19
118.  2.358011E-19
119.  2.516493E-19
120.  2.685888E-19
121.  2.864859E-19
122.  3.056545E-19
123.  3.258926E-19
124.  3.475048E-19
125.  3.703641E-19
126.  3.946147E-19
127.  4.203158E-19
128.  4.477151E-19
129.  4.766311E-19
130.  5.073392E-19
131.  5.398423E-19
132.  5.741965E-19
133.  6.107328E-19
134.  6.494397E-19
135.  6.903752E-19
136.  7.335534E-19
137.  7.794902E-19
138.  8.279119E-19
139.  8.790614E-19
140.  9.331864E-19
141.  9.904873E-19
142.  1.050919E-18
143.  1.114776E-18
144.  1.182210E-18
145.  1.253353E-18
146.  1.328340E-18
147.  1.407544E-18
148.  1.491087E-18
149.  1.579235E-18
150.  1.672119E-18
151.  1.769998E-18
152.  1.872936E-18
153.  1.981543E-18
154.  2.096060E-18
155.  2.216303E-18
156.  2.342977E-18
157.  2.476195E-18
158.  2.616390E-18
159.  2.763756E-18
160.  2.918559E-18
161.  3.081332E-18
162.  3.252310E-18
163.  3.431980E-18
164.  3.620535E-18
165.  3.818516E-18
166.  4.026300E-18
167.  4.244173E-18
168.  4.472805E-18
169.  4.712496E-18
170.  4.963771E-18
171.  5.227029E-18
172.  5.502896E-18
173.  5.791782E-18
174.  6.094413E-18
175.  6.410943E-18
176.  6.742406E-18
177.  7.089108E-18
178.  7.451652E-18
179.  7.830851E-18
180.  8.227182E-18
181.  8.641428E-18
182.  9.074233E-18
183.  9.526221E-18
184.  9.998043E-18
185.  1.049074E-17
186.  1.100492E-17
187.  1.154133E-17
188.  1.210080E-17
189.  1.268414E-17
190.  1.329226E-17
191.  1.392607E-17
192.  1.458639E-17
193.  1.527410E-17
194.  1.599013E-17
195.  1.673565E-17
196.  1.751143E-17
197.  1.831860E-17
198.  1.915826E-17
199.  2.003121E-17
200.  2.093866E-17
201.  2.188191E-17
202.  2.286178E-17
203.  2.387958E-17
204.  2.493642E-17
205.  2.603358E-17
206.  2.717231E-17
207.  2.835363E-17
208.  2.957912E-17
209.  3.084971E-17
210.  3.216695E-17
211.  3.353210E-17
212.  3.494661E-17
213.  3.641176E-17
214.  3.792895E-17
215.  3.949961E-17
216.  4.112493E-17
217.  4.280685E-17
218.  4.454654E-17
219.  4.634556E-17
220.  4.820543E-17
221.  5.012740E-17
222.  5.211342E-17
223.  5.416489E-17
224.  5.628326E-17
225.  5.847017E-17
226.  6.072729E-17
227.  6.305632E-17
228.  6.545845E-17
229.  6.793584E-17
230.  7.048990E-17
231.  7.312220E-17
232.  7.583442E-17
233.  7.862833E-17
234.  8.150540E-17
235.  8.446752E-17
236.  8.751616E-17
237.  9.065297E-17
238.  9.387980E-17
239.  9.719804E-17
240.  1.006096E-16
241.  1.041161E-16
242.  1.077189E-16
243.  1.114200E-16
244.  1.152206E-16
245.  1.191228E-16
246.  1.231278E-16
247.  1.272373E-16
248.  1.314529E-16
249.  1.357760E-16
250.  1.402084E-16
251.  1.447512E-16
252.  1.494063E-16
253.  1.541748E-16
254.  1.590582E-16
255.  1.640579E-16
256.  1.691753E-16
257.  1.744115E-16
258.  1.797679E-16
259.  1.852459E-16
260.  1.908463E-16
261.  1.965708E-16
262.  2.024201E-16
263.  2.083951E-16
264.  2.144972E-16
265.  2.207272E-16
266.  2.270860E-16
267.  2.335743E-16
268.  2.401930E-16
269.  2.469430E-16
270.  2.538247E-16
271.  2.608388E-16
272.  2.679858E-16
273.  2.752662E-16
274.  2.826804E-16
275.  2.902287E-16
276.  2.979114E-16
277.  3.057287E-16
278.  3.136807E-16
279.  3.217673E-16
280.  3.299885E-16
281.  3.383441E-16
282.  3.468343E-16
283.  3.554582E-16
284.  3.642159E-16
285.  3.731066E-16
286.  3.821300E-16
287.  3.912850E-16
288.  4.005714E-16
289.  4.099881E-16
290.  4.195343E-16
291.  4.292088E-16
292.  4.390105E-16
293.  4.489385E-16
294.  4.589913E-16
295.  4.691673E-16
296.  4.794654E-16
297.  4.898838E-16
298.  5.004209E-16
299.  5.110749E-16
300.  5.218439E-16
301.  5.327260E-16
302.  5.437189E-16
303.  5.548207E-16
304.  5.660291E-16
305.  5.773416E-16
306.  5.887559E-16
307.  6.002696E-16
308.  6.118797E-16
309.  6.235839E-16
310.  6.353790E-16
311.  6.472622E-16
312.  6.592307E-16
313.  6.712812E-16
314.  6.834109E-16
315.  6.956160E-16
316.  7.078936E-16
317.  7.202398E-16
318.  7.326519E-16
319.  7.451257E-16
320.  7.576577E-16
321.  7.702444E-16
322.  7.828815E-16
323.  7.955658E-16
324.  8.082929E-16
325.  8.210591E-16
326.  8.338603E-16
327.  8.466921E-16
328.  8.595508E-16
329.  8.724320E-16
330.  8.853314E-16
331.  8.982448E-16
332.  9.111677E-16
333.  9.240959E-16
334.  9.370249E-16
335.  9.499502E-16
336.  9.628676E-16
337.  9.757719E-16
338.  9.886592E-16
339.  1.001525E-15
340.  1.014364E-15
341.  1.027173E-15
342.  1.039946E-15
343.  1.052679E-15
344.  1.065367E-15
345.  1.078007E-15
346.  1.090592E-15
347.  1.103119E-15
348.  1.115583E-15
349.  1.127980E-15
350.  1.140305E-15
351.  1.152554E-15
352.  1.164721E-15
353.  1.176803E-15
354.  1.188796E-15
355.  1.200694E-15
356.  1.212494E-15
357.  1.224192E-15
358.  1.235783E-15
359.  1.247263E-15
360.  1.258628E-15
361.  1.269874E-15
362.  1.280997E-15
363.  1.291993E-15
364.  1.302858E-15
365.  1.313589E-15
366.  1.324183E-15
367.  1.334634E-15
368.  1.344941E-15
369.  1.355100E-15
370.  1.365106E-15
371.  1.374958E-15
372.  1.384652E-15
373.  1.394184E-15
374.  1.403554E-15
375.  1.412756E-15
376.  1.421789E-15
377.  1.430651E-15
378.  1.439338E-15
379.  1.447850E-15
380.  1.456182E-15
381.  1.464333E-15
382.  1.472302E-15
383.  1.480087E-15
384.  1.487685E-15
385.  1.495096E-15
386.  1.502317E-15
387.  1.509348E-15
388.  1.516187E-15
389.  1.522834E-15
390.  1.529288E-15
391.  1.535547E-15
392.  1.541611E-15
393.  1.547480E-15
394.  1.553154E-15
395.  1.558631E-15
396.  1.563913E-15
397.  1.568999E-15
398.  1.573890E-15
399.  1.578585E-15
400.  1.583086E-15
401.  1.587392E-15
402.  1.591506E-15
403.  1.595427E-15
404.  1.599156E-15
405.  1.602696E-15
406.  1.606048E-15
407.  1.609211E-15
408.  1.612189E-15
409.  1.614983E-15
410.  1.617595E-15
411.  1.620026E-15
412.  1.622280E-15
413.  1.624357E-15
414.  1.626262E-15
415.  1.627995E-15
416.  1.629559E-15
417.  1.630958E-15
418.  1.632194E-15
419.  1.633269E-15
420.  1.634188E-15
421.  1.634952E-15
422.  1.635566E-15
423.  1.636032E-15
424.  1.636354E-15
425.  1.636535E-15
426.  1.636579E-15
427.  1.636489E-15
428.  1.636270E-15
429.  1.635924E-15
430.  1.635457E-15
431.  1.634871E-15
432.  1.634171E-15
433.  1.633361E-15
434.  1.632444E-15
435.  1.631425E-15
436.  1.630309E-15
437.  1.629099E-15
438.  1.627799E-15
439.  1.626415E-15
440.  1.624949E-15
441.  1.623407E-15
442.  1.621793E-15
443.  1.620110E-15
444.  1.618365E-15
445.  1.616560E-15
446.  1.614700E-15
447.  1.612790E-15
448.  1.610833E-15
449.  1.608835E-15
450.  1.606800E-15
451.  1.604731E-15
452.  1.602633E-15
453.  1.600510E-15
454.  1.598367E-15
455.  1.596206E-15
456.  1.594034E-15
457.  1.591853E-15
458.  1.589667E-15
459.  1.587481E-15
460.  1.585298E-15
461.  1.583122E-15
462.  1.580956E-15
463.  1.578804E-15
464.  1.576671E-15
465.  1.574558E-15
466.  1.572470E-15
467.  1.570409E-15
468.  1.568379E-15
469.  1.566384E-15
470.  1.564425E-15
471.  1.562505E-15
472.  1.560628E-15
473.  1.558796E-15
474.  1.557011E-15
475.  1.555276E-15
476.  1.553594E-15
477.  1.551964E-15
478.  1.550392E-15
479.  1.548877E-15
480.  1.547422E-15
481.  1.546029E-15
482.  1.544697E-15
483.  1.543431E-15
484.  1.542229E-15
485.  1.541094E-15
486.  1.540026E-15
487.  1.539026E-15
488.  1.538095E-15
489.  1.537233E-15
490.  1.536440E-15
491.  1.535717E-15
492.  1.535063E-15
493.  1.534480E-15
494.  1.533965E-15
495.  1.533520E-15
496.  1.533144E-15
497.  1.532835E-15
498.  1.532593E-15
499.  1.532418E-15
500.  1.532308E-15
501.  1.532262E-15
502.  1.532279E-15
503.  1.532357E-15
504.  1.532495E-15
505.  1.532691E-15
506.  1.532943E-15
507.  1.533249E-15
508.  1.533608E-15
509.  1.534016E-15
510.  1.534473E-15
511.  1.534975E-15
512.  1.535520E-15
513.  1.536106E-15
514.  1.536729E-15
515.  1.537387E-15
516.  1.538078E-15
517.  1.538798E-15
518.  1.539544E-15
519.  1.540313E-15
520.  1.541103E-15
521.  1.541909E-15
522.  1.542728E-15
523.  1.543558E-15
524.  1.544395E-15
525.  1.545235E-15
526.  1.546075E-15
527.  1.546911E-15
528.  1.547741E-15
529.  1.548559E-15
530.  1.549363E-15
531.  1.550150E-15
532.  1.550915E-15
533.  1.551655E-15
534.  1.552366E-15
535.  1.553045E-15
536.  1.553688E-15
537.  1.554291E-15
538.  1.554851E-15
539.  1.555365E-15
540.  1.555828E-15
541.  1.556238E-15
542.  1.556591E-15
543.  1.556884E-15
544.  1.557113E-15
545.  1.557274E-15
546.  1.557365E-15
547.  1.557383E-15
548.  1.557325E-15
549.  1.557187E-15
550.  1.556966E-15
551.  1.556661E-15
552.  1.556267E-15
553.  1.555782E-15
554.  1.555204E-15
555.  1.554530E-15
556.  1.553758E-15
557.  1.552886E-15
558.  1.551911E-15
559.  1.550831E-15
560.  1.549644E-15
561.  1.548349E-15
562.  1.546944E-15
563.  1.545427E-15
564.  1.543797E-15
565.  1.542052E-15
566.  1.540192E-15
567.  1.538214E-15
568.  1.536119E-15
569.  1.533904E-15
570.  1.531571E-15
571.  1.529118E-15
572.  1.526544E-15
573.  1.523850E-15
574.  1.521034E-15
575.  1.518098E-15
576.  1.515042E-15
577.  1.511865E-15
578.  1.508567E-15
579.  1.505151E-15
580.  1.501615E-15
581.  1.497961E-15
582.  1.494190E-15
583.  1.490303E-15
584.  1.486300E-15
585.  1.482184E-15
586.  1.477956E-15
587.  1.473616E-15
588.  1.469168E-15
589.  1.464612E-15
590.  1.459950E-15
591.  1.455186E-15
592.  1.450319E-15
593.  1.445353E-15
594.  1.440290E-15
595.  1.435132E-15
596.  1.429882E-15
597.  1.424543E-15
598.  1.419116E-15
599.  1.413605E-15
600.  1.408012E-15
601.  1.402341E-15
602.  1.396595E-15
603.  1.390775E-15
604.  1.384886E-15
605.  1.378930E-15
606.  1.372911E-15
607.  1.366832E-15
608.  1.360696E-15
609.  1.354506E-15
610.  1.348266E-15
611.  1.341978E-15
612.  1.335647E-15
613.  1.329276E-15
614.  1.322868E-15
615.  1.316426E-15
616.  1.309955E-15
617.  1.303456E-15
618.  1.296934E-15
619.  1.290392E-15
620.  1.283834E-15
621.  1.277262E-15
622.  1.270680E-15
623.  1.264092E-15
624.  1.257500E-15
625.  1.250908E-15
626.  1.244319E-15
627.  1.237735E-15
628.  1.231161E-15
629.  1.224599E-15
630.  1.218051E-15
631.  1.211522E-15
632.  1.205013E-15
633.  1.198528E-15
634.  1.192069E-15
635.  1.185639E-15
636.  1.179241E-15
637.  1.172875E-15
638.  1.166546E-15
639.  1.160256E-15
640.  1.154006E-15
641.  1.147799E-15
642.  1.141636E-15
643.  1.135520E-15
644.  1.129453E-15
645.  1.123435E-15
646.  1.117470E-15
647.  1.111558E-15
648.  1.105701E-15
649.  1.099900E-15
650.  1.094156E-15
651.  1.088470E-15
652.  1.082844E-15
653.  1.077279E-15
654.  1.071775E-15
655.  1.066333E-15
656.  1.060953E-15
657.  1.055636E-15
658.  1.050383E-15
659.  1.045194E-15
660.  1.040069E-15
661.  1.035008E-15
662.  1.030012E-15
663.  1.025080E-15
664.  1.020211E-15
665.  1.015407E-15
666.  1.010666E-15
667.  1.005989E-15
668.  1.001373E-15
669.  9.968206E-16
670.  9.923290E-16
671.  9.878981E-16
672.  9.835269E-16
673.  9.792152E-16
674.  9.749614E-16
675.  9.707648E-16
676.  9.666240E-16
677.  9.625384E-16
678.  9.585066E-16
679.  9.545273E-16
680.  9.505992E-16
681.  9.467213E-16
682.  9.428919E-16
683.  9.391098E-16
684.  9.353736E-16
685.  9.316815E-16
686.  9.280326E-16
687.  9.244250E-16
688.  9.208574E-16
689.  9.173280E-16
690.  9.138353E-16
691.  9.103779E-16
692.  9.069542E-16
693.  9.035627E-16
694.  9.002015E-16
695.  8.968694E-16
696.  8.935644E-16
697.  8.902854E-16
698.  8.870308E-16
699.  8.837988E-16
700.  8.805884E-16
701.  8.773976E-16
702.  8.742251E-16
703.  8.710698E-16
704.  8.679299E-16
705.  8.648044E-16
706.  8.616916E-16
707.  8.585907E-16
708.  8.555000E-16
709.  8.524187E-16
710.  8.493456E-16
711.  8.462792E-16
712.  8.432190E-16
713.  8.401638E-16
714.  8.371126E-16
715.  8.340646E-16
716.  8.310190E-16
717.  8.279750E-16
718.  8.249321E-16
719.  8.218894E-16
720.  8.188463E-16
721.  8.158026E-16
722.  8.127577E-16
723.  8.097112E-16
724.  8.066627E-16
725.  8.036122E-16
726.  8.005594E-16
727.  7.975042E-16
728.  7.944464E-16
729.  7.913865E-16
730.  7.883240E-16
731.  7.852594E-16
732.  7.821929E-16
733.  7.791245E-16
734.  7.760550E-16
735.  7.729847E-16
736.  7.699139E-16
737.  7.668434E-16
738.  7.637734E-16
739.  7.607049E-16
740.  7.576386E-16
741.  7.545752E-16
742.  7.515156E-16
743.  7.484607E-16
744.  7.454112E-16
745.  7.423686E-16
746.  7.393334E-16
747.  7.363072E-16
748.  7.332907E-16
749.  7.302854E-16
750.  7.272923E-16
751.  7.243129E-16
752.  7.213484E-16
753.  7.184001E-16
754.  7.154694E-16
755.  7.125578E-16
756.  7.096666E-16
757.  7.067973E-16
758.  7.039514E-16
759.  7.011306E-16
760.  6.983360E-16
761.  6.955697E-16
762.  6.928329E-16
763.  6.901272E-16
764.  6.874544E-16
765.  6.848160E-16
766.  6.822134E-16
767.  6.796485E-16
768.  6.771228E-16
769.  6.746380E-16
770.  6.721954E-16
771.  6.697971E-16
772.  6.674444E-16
773.  6.651389E-16
774.  6.628822E-16
775.  6.606759E-16
776.  6.585215E-16
777.  6.564206E-16
778.  6.543747E-16
779.  6.523851E-16
780.  6.504536E-16
781.  6.485814E-16
782.  6.467701E-16
783.  6.450209E-16
784.  6.433352E-16
785.  6.417144E-16
786.  6.401597E-16
787.  6.386724E-16
788.  6.372537E-16
789.  6.359049E-16
790.  6.346270E-16
791.  6.334211E-16
792.  6.322882E-16
793.  6.312294E-16
794.  6.302457E-16
795.  6.293380E-16
796.  6.285072E-16
797.  6.277539E-16
798.  6.270791E-16
799.  6.264835E-16
800.  6.259677E-16
801.  6.255325E-16
802.  6.251782E-16
803.  6.249054E-16
804.  6.247147E-16
805.  6.246065E-16
806.  6.245810E-16
807.  6.246387E-16
808.  6.247795E-16
809.  6.250041E-16
810.  6.253122E-16
811.  6.257040E-16
812.  6.261797E-16
813.  6.267391E-16
814.  6.273822E-16
815.  6.281086E-16
816.  6.289185E-16
817.  6.298113E-16
818.  6.307869E-16
819.  6.318449E-16
820.  6.329847E-16
821.  6.342061E-16
822.  6.355084E-16
823.  6.368909E-16
824.  6.383530E-16
825.  6.398944E-16
826.  6.415138E-16
827.  6.432107E-16
828.  6.449842E-16
829.  6.468332E-16
830.  6.487570E-16
831.  6.507544E-16
832.  6.528245E-16
833.  6.549662E-16
834.  6.571779E-16
835.  6.594590E-16
836.  6.618078E-16
837.  6.642231E-16
838.  6.667038E-16
839.  6.692482E-16
840.  6.718549E-16
841.  6.745226E-16
842.  6.772497E-16
843.  6.800344E-16
844.  6.828755E-16
845.  6.857709E-16
846.  6.887194E-16
847.  6.917189E-16
848.  6.947679E-16
849.  6.978643E-16
850.  7.010066E-16
851.  7.041927E-16
852.  7.074208E-16
853.  7.106892E-16
854.  7.139957E-16
855.  7.173382E-16
856.  7.207150E-16
857.  7.241241E-16
858.  7.275632E-16
859.  7.310304E-16
860.  7.345236E-16
861.  7.380405E-16
862.  7.415793E-16
863.  7.451375E-16
864.  7.487134E-16
865.  7.523045E-16
866.  7.559087E-16
867.  7.595238E-16
868.  7.631478E-16
869.  7.667781E-16
870.  7.704130E-16
871.  7.740499E-16
872.  7.776867E-16
873.  7.813214E-16
874.  7.849515E-16
875.  7.885750E-16
876.  7.921897E-16
877.  7.957933E-16
878.  7.993838E-16
879.  8.029588E-16
880.  8.065164E-16
881.  8.100543E-16
882.  8.135705E-16
883.  8.170629E-16
884.  8.205293E-16
885.  8.239679E-16
886.  8.273764E-16
887.  8.307528E-16
888.  8.340953E-16
889.  8.374018E-16
890.  8.406707E-16
891.  8.438997E-16
892.  8.470873E-16
893.  8.502313E-16
894.  8.533304E-16
895.  8.563825E-16
896.  8.593862E-16
897.  8.623396E-16
898.  8.652411E-16
899.  8.680894E-16
900.  8.708826E-16
901.  8.736196E-16
902.  8.762990E-16
903.  8.789190E-16
904.  8.814788E-16
905.  8.839768E-16
906.  8.864119E-16
907.  8.887831E-16
908.  8.910890E-16
909.  8.933289E-16
910.  8.955019E-16
911.  8.976065E-16
912.  8.996424E-16
913.  9.016088E-16
914.  9.035046E-16
915.  9.053295E-16
916.  9.070827E-16
917.  9.087636E-16
918.  9.103722E-16
919.  9.119075E-16
920.  9.133694E-16
921.  9.147578E-16
922.  9.160725E-16
923.  9.173128E-16
924.  9.184791E-16
925.  9.195712E-16
926.  9.205895E-16
927.  9.215335E-16
928.  9.224041E-16
929.  9.232009E-16
930.  9.239245E-16
931.  9.245753E-16
932.  9.251537E-16
933.  9.256601E-16
934.  9.260949E-16
935.  9.264592E-16
936.  9.267531E-16
937.  9.269778E-16
938.  9.271339E-16
939.  9.272218E-16
940.  9.272430E-16
941.  9.271983E-16
942.  9.270886E-16
943.  9.269147E-16
944.  9.266781E-16
945.  9.263797E-16
946.  9.260207E-16
947.  9.256025E-16
948.  9.251260E-16
949.  9.245928E-16
950.  9.240041E-16
951.  9.233614E-16
952.  9.226656E-16
953.  9.219191E-16
954.  9.211225E-16
955.  9.202776E-16
956.  9.193861E-16
957.  9.184492E-16
958.  9.174686E-16
959.  9.164462E-16
960.  9.153829E-16
961.  9.142812E-16
962.  9.131420E-16
963.  9.119673E-16
964.  9.107586E-16
965.  9.095179E-16
966.  9.082465E-16
967.  9.069461E-16
968.  9.056186E-16
969.  9.042657E-16
970.  9.028888E-16
971.  9.014898E-16
972.  9.000701E-16
973.  8.986319E-16
974.  8.971765E-16
975.  8.957054E-16
976.  8.942205E-16
977.  8.927234E-16
978.  8.912157E-16
979.  8.896988E-16
980.  8.881746E-16
981.  8.866444E-16
982.  8.851100E-16
983.  8.835728E-16
984.  8.820340E-16
985.  8.804958E-16
986.  8.789591E-16
987.  8.774253E-16
988.  8.758962E-16
989.  8.743728E-16
990.  8.728567E-16
991.  8.713492E-16
992.  8.698515E-16
993.  8.683650E-16
994.  8.668909E-16
995.  8.654305E-16
996.  8.639847E-16
997.  8.625551E-16
998.  8.611427E-16
999.  8.597484E-16
1000.  8.583734E-16
1001.  8.570190E-16
1002.  8.556859E-16
1003.  8.543752E-16
1004.  8.530882E-16
1005.  8.518252E-16
1006.  8.505876E-16
1007.  8.493762E-16
1008.  8.481918E-16
1009.  8.470353E-16
1010.  8.459076E-16
1011.  8.448092E-16
1012.  8.437411E-16
1013.  8.427043E-16
1014.  8.416992E-16
1015.  8.407265E-16
1016.  8.397870E-16
1017.  8.388814E-16
1018.  8.380104E-16
1019.  8.371744E-16
1020.  8.363743E-16
1021.  8.356104E-16
1022.  8.348836E-16
1023.  8.341945E-16
1024.  8.335434E-16
1025.  8.329310E-16
1026.  8.323579E-16
1027.  8.318245E-16
1028.  8.313314E-16
1029.  8.308791E-16
1030.  8.304682E-16
1031.  8.300987E-16
1032.  8.297719E-16
1033.  8.294879E-16
1034.  8.292469E-16
1035.  8.290498E-16
1036.  8.288969E-16
1037.  8.287885E-16
1038.  8.287254E-16
1039.  8.287078E-16
1040.  8.287362E-16
1041.  8.288112E-16
1042.  8.289330E-16
1043.  8.291023E-16
1044.  8.293193E-16
1045.  8.295848E-16
1046.  8.298991E-16
1047.  8.302623E-16
1048.  8.306750E-16
1049.  8.311380E-16
1050.  8.316515E-16
1051.  8.322156E-16
1052.  8.328312E-16
1053.  8.334985E-16
1054.  8.342181E-16
1055.  8.349903E-16
1056.  8.358153E-16
1057.  8.366939E-16
1058.  8.376262E-16
1059.  8.386126E-16
1060.  8.396539E-16
1061.  8.407501E-16
1062.  8.419016E-16
1063.  8.431089E-16
1064.  8.443722E-16
1065.  8.456920E-16
1066.  8.470686E-16
1067.  8.485022E-16
1068.  8.499934E-16
1069.  8.515421E-16
1070.  8.531489E-16
1071.  8.548140E-16
1072.  8.565376E-16
1073.  8.583200E-16
1074.  8.601613E-16
1075.  8.620619E-16
1076.  8.640217E-16
1077.  8.660411E-16
1078.  8.681202E-16
1079.  8.702590E-16
1080.  8.724576E-16
1081.  8.747163E-16
1082.  8.770349E-16
1083.  8.794135E-16
1084.  8.818521E-16
1085.  8.843505E-16
1086.  8.869088E-16
1087.  8.895269E-16
1088.  8.922048E-16
1089.  8.949421E-16
1090.  8.977386E-16
1091.  9.005943E-16
1092.  9.035089E-16
1093.  9.064820E-16
1094.  9.095133E-16
1095.  9.126024E-16
1096.  9.157491E-16
1097.  9.189528E-16
1098.  9.222132E-16
1099.  9.255296E-16
1100.  9.289016E-16
1101.  9.323290E-16
1102.  9.358105E-16
1103.  9.393458E-16
1104.  9.429344E-16
1105.  9.465754E-16
1106.  9.502681E-16
1107.  9.540115E-16
1108.  9.578051E-16
1109.  9.616482E-16
1110.  9.655394E-16
1111.  9.694779E-16
1112.  9.734629E-16
1113.  9.774937E-16
1114.  9.815689E-16
1115.  9.856872E-16
1116.  9.898480E-16
1117.  9.940499E-16
1118.  9.982917E-16
1119.  1.002573E-15
1120.  1.006891E-15
1121.  1.011245E-15
1122.  1.015635E-15
1123.  1.020058E-15
1124.  1.024514E-15
1125.  1.029001E-15
1126.  1.033517E-15
1127.  1.038061E-15
1128.  1.042632E-15
1129.  1.047229E-15
1130.  1.051848E-15
1131.  1.056490E-15
1132.  1.061153E-15
1133.  1.065835E-15
1134.  1.070534E-15
1135.  1.075249E-15
1136.  1.079978E-15
1137.  1.084719E-15
1138.  1.089471E-15
1139.  1.094233E-15
1140.  1.099001E-15
1141.  1.103776E-15
1142.  1.108554E-15
1143.  1.113335E-15
1144.  1.118115E-15
1145.  1.122895E-15
1146.  1.127671E-15
1147.  1.132443E-15
1148.  1.137207E-15
1149.  1.141963E-15
1150.  1.146709E-15
1151.  1.151443E-15
1152.  1.156162E-15
1153.  1.160866E-15
1154.  1.165552E-15
1155.  1.170219E-15
1156.  1.174864E-15
1157.  1.179487E-15
1158.  1.184084E-15
1159.  1.188655E-15
1160.  1.193197E-15
1161.  1.197709E-15
1162.  1.202189E-15
1163.  1.206635E-15
1164.  1.211046E-15
1165.  1.215419E-15
1166.  1.219753E-15
1167.  1.224046E-15
1168.  1.228297E-15
1169.  1.232504E-15
1170.  1.236665E-15
1171.  1.240778E-15
1172.  1.244842E-15
1173.  1.248856E-15
1174.  1.252818E-15
1175.  1.256725E-15
1176.  1.260578E-15
1177.  1.264374E-15
1178.  1.268111E-15
1179.  1.271789E-15
1180.  1.275406E-15
1181.  1.278960E-15
1182.  1.282451E-15
1183.  1.285877E-15
1184.  1.289236E-15
1185.  1.292528E-15
1186.  1.295752E-15
1187.  1.298906E-15
1188.  1.301988E-15
1189.  1.304999E-15
1190.  1.307938E-15
1191.  1.310802E-15
1192.  1.313592E-15
1193.  1.316306E-15
1194.  1.318944E-15
1195.  1.321504E-15
1196.  1.323987E-15
1197.  1.326392E-15
1198.  1.328718E-15
1199.  1.330963E-15
1200.  1.333129E-15
1201.  1.335215E-15
1202.  1.337220E-15
1203.  1.339143E-15
1204.  1.340985E-15
1205.  1.342746E-15
1206.  1.344425E-15
1207.  1.346022E-15
1208.  1.347537E-15
1209.  1.348971E-15
1210.  1.350323E-15
1211.  1.351594E-15
1212.  1.352783E-15
1213.  1.353891E-15
1214.  1.354919E-15
1215.  1.355867E-15
1216.  1.356735E-15
1217.  1.357524E-15
1218.  1.358235E-15
1219.  1.358867E-15
1220.  1.359423E-15
1221.  1.359902E-15
1222.  1.360306E-15
1223.  1.360635E-15
1224.  1.360890E-15
1225.  1.361073E-15
1226.  1.361184E-15
1227.  1.361224E-15
1228.  1.361196E-15
1229.  1.361099E-15
1230.  1.360936E-15
1231.  1.360707E-15
1232.  1.360414E-15
1233.  1.360058E-15
1234.  1.359641E-15
1235.  1.359165E-15
1236.  1.358630E-15
1237.  1.358039E-15
1238.  1.357393E-15
1239.  1.356694E-15
1240.  1.355943E-15
1241.  1.355142E-15
1242.  1.354294E-15
1243.  1.353399E-15
1244.  1.352460E-15
1245.  1.351478E-15
1246.  1.350455E-15
1247.  1.349394E-15
1248.  1.348296E-15
1249.  1.347163E-15
1250.  1.345997E-15
1251.  1.344799E-15
1252.  1.343573E-15
1253.  1.342319E-15
1254.  1.341041E-15
1255.  1.339739E-15
1256.  1.338415E-15
1257.  1.337073E-15
1258.  1.335713E-15
1259.  1.334337E-15
1260.  1.332948E-15
1261.  1.331548E-15
1262.  1.330138E-15
1263.  1.328720E-15
1264.  1.327296E-15
1265.  1.325868E-15
1266.  1.324438E-15
1267.  1.323008E-15
1268.  1.321578E-15
1269.  1.320152E-15
1270.  1.318731E-15
1271.  1.317317E-15
1272.  1.315910E-15
1273.  1.314513E-15
1274.  1.313128E-15
1275.  1.311755E-15
1276.  1.310397E-15
1277.  1.309054E-15
1278.  1.307729E-15
1279.  1.306423E-15
1280.  1.305136E-15
1281.  1.303871E-15
1282.  1.302627E-15
1283.  1.301408E-15
1284.  1.300213E-15
1285.  1.299044E-15
1286.  1.297901E-15
1287.  1.296786E-15
1288.  1.295700E-15
1289.  1.294644E-15
1290.  1.293618E-15
1291.  1.292623E-15
1292.  1.291660E-15
1293.  1.290729E-15
1294.  1.289832E-15
1295.  1.288968E-15
1296.  1.288138E-15
1297.  1.287344E-15
1298.  1.286584E-15
1299.  1.285859E-15
1300.  1.285171E-15
1301.  1.284518E-15
1302.  1.283902E-15
1303.  1.283323E-15
1304.  1.282780E-15
1305.  1.282273E-15
1306.  1.281804E-15
1307.  1.281371E-15
1308.  1.280976E-15
1309.  1.280617E-15
1310.  1.280294E-15
1311.  1.280009E-15
1312.  1.279760E-15
1313.  1.279547E-15
1314.  1.279370E-15
1315.  1.279229E-15
1316.  1.279124E-15
1317.  1.279054E-15
1318.  1.279019E-15
1319.  1.279019E-15
1320.  1.279054E-15
1321.  1.279122E-15
1322.  1.279225E-15
1323.  1.279361E-15
1324.  1.279530E-15
1325.  1.279732E-15
1326.  1.279966E-15
1327.  1.280232E-15
1328.  1.280530E-15
1329.  1.280859E-15
1330.  1.281218E-15
1331.  1.281609E-15
1332.  1.282029E-15
1333.  1.282480E-15
1334.  1.282960E-15
1335.  1.283469E-15
1336.  1.284008E-15
1337.  1.284575E-15
1338.  1.285170E-15
1339.  1.285793E-15
1340.  1.286445E-15
1341.  1.287124E-15
1342.  1.287831E-15
1343.  1.288565E-15
1344.  1.289326E-15
1345.  1.290115E-15
1346.  1.290931E-15
1347.  1.291773E-15
1348.  1.292643E-15
1349.  1.293540E-15
1350.  1.294464E-15
1351.  1.295416E-15
1352.  1.296394E-15
1353.  1.297400E-15
1354.  1.298434E-15
1355.  1.299496E-15
1356.  1.300585E-15
1357.  1.301704E-15
1358.  1.302850E-15
1359.  1.304026E-15
1360.  1.305232E-15
1361.  1.306467E-15
1362.  1.307732E-15
1363.  1.309028E-15
1364.  1.310356E-15
1365.  1.311715E-15
1366.  1.313107E-15
1367.  1.314531E-15
1368.  1.315989E-15
1369.  1.317481E-15
1370.  1.319009E-15
1371.  1.320571E-15
1372.  1.322170E-15
1373.  1.323806E-15
1374.  1.325480E-15
1375.  1.327192E-15
1376.  1.328943E-15
1377.  1.330735E-15
1378.  1.332568E-15
1379.  1.334442E-15
1380.  1.336359E-15
1381.  1.338320E-15
1382.  1.340325E-15
1383.  1.342375E-15
1384.  1.344471E-15
1385.  1.346615E-15
1386.  1.348806E-15
1387.  1.351046E-15
1388.  1.353335E-15
1389.  1.355675E-15
1390.  1.358067E-15
1391.  1.360510E-15
1392.  1.363007E-15
1393.  1.365557E-15
1394.  1.368162E-15
1395.  1.370823E-15
1396.  1.373540E-15
1397.  1.376314E-15
1398.  1.379145E-15
1399.  1.382035E-15
1400.  1.384984E-15
1401.  1.387993E-15
1402.  1.391063E-15
1403.  1.394193E-15
1404.  1.397385E-15
1405.  1.400639E-15
1406.  1.403955E-15
1407.  1.407335E-15
1408.  1.410778E-15
1409.  1.414285E-15
1410.  1.417855E-15
1411.  1.421491E-15
1412.  1.425191E-15
1413.  1.428955E-15
1414.  1.432785E-15
1415.  1.436680E-15
1416.  1.440640E-15
1417.  1.444665E-15
1418.  1.448755E-15
1419.  1.452911E-15
1420.  1.457131E-15
1421.  1.461415E-15
1422.  1.465764E-15
1423.  1.470177E-15
1424.  1.474654E-15
1425.  1.479194E-15
1426.  1.483796E-15
1427.  1.488461E-15
1428.  1.493187E-15
1429.  1.497975E-15
1430.  1.502822E-15
1431.  1.507729E-15
1432.  1.512695E-15
1433.  1.517718E-15
1434.  1.522798E-15
1435.  1.527934E-15
1436.  1.533124E-15
1437.  1.538368E-15
1438.  1.543665E-15
1439.  1.549013E-15
1440.  1.554411E-15
1441.  1.559858E-15
1442.  1.565352E-15
1443.  1.570892E-15
1444.  1.576477E-15
1445.  1.582104E-15
1446.  1.587773E-15
1447.  1.593482E-15
1448.  1.599229E-15
1449.  1.605012E-15
1450.  1.610830E-15
1451.  1.616681E-15
1452.  1.622563E-15
1453.  1.628475E-15
1454.  1.634413E-15
1455.  1.640378E-15
1456.  1.646365E-15
1457.  1.652375E-15
1458.  1.658403E-15
1459.  1.664450E-15
1460.  1.670511E-15
1461.  1.676586E-15
1462.  1.682672E-15
1463.  1.688767E-15
1464.  1.694869E-15
1465.  1.700976E-15
1466.  1.707085E-15
1467.  1.713194E-15
1468.  1.719301E-15
1469.  1.725404E-15
1470.  1.731500E-15
1471.  1.737588E-15
1472.  1.743665E-15
1473.  1.749728E-15
1474.  1.755776E-15
1475.  1.761806E-15
1476.  1.767816E-15
1477.  1.773803E-15
1478.  1.779767E-15
1479.  1.785702E-15
1480.  1.791609E-15
1481.  1.797485E-15
1482.  1.803327E-15
1483.  1.809133E-15
1484.  1.814901E-15
1485.  1.820629E-15
1486.  1.826315E-15
1487.  1.831956E-15
1488.  1.837551E-15
1489.  1.843096E-15
1490.  1.848592E-15
1491.  1.854034E-15
1492.  1.859421E-15
1493.  1.864752E-15
1494.  1.870023E-15
1495.  1.875235E-15
1496.  1.880383E-15
1497.  1.885466E-15
1498.  1.890484E-15
1499.  1.895433E-15
1500.  1.900312E-15
1501.  1.905119E-15
1502.  1.909853E-15
1503.  1.914512E-15
1504.  1.919095E-15
1505.  1.923599E-15
1506.  1.928023E-15
1507.  1.932366E-15
1508.  1.936626E-15
1509.  1.940802E-15
1510.  1.944892E-15
1511.  1.948895E-15
1512.  1.952811E-15
1513.  1.956637E-15
1514.  1.960372E-15
1515.  1.964016E-15
1516.  1.967566E-15
1517.  1.971024E-15
1518.  1.974386E-15
1519.  1.977651E-15
1520.  1.980820E-15
1521.  1.983892E-15
1522.  1.986865E-15
1523.  1.989738E-15
1524.  1.992512E-15
1525.  1.995184E-15
1526.  1.997756E-15
1527.  2.000225E-15
1528.  2.002591E-15
1529.  2.004854E-15
1530.  2.007014E-15
1531.  2.009069E-15
1532.  2.011021E-15
1533.  2.012867E-15
1534.  2.014608E-15
1535.  2.016244E-15
1536.  2.017774E-15
1537.  2.019198E-15
1538.  2.020516E-15
1539.  2.021728E-15
1540.  2.022834E-15
1541.  2.023833E-15
1542.  2.024727E-15
1543.  2.025514E-15
1544.  2.026195E-15
1545.  2.026770E-15
1546.  2.027239E-15
1547.  2.027602E-15
1548.  2.027859E-15
1549.  2.028012E-15
1550.  2.028059E-15
1551.  2.028001E-15
1552.  2.027839E-15
1553.  2.027572E-15
1554.  2.027202E-15
1555.  2.026728E-15
1556.  2.026151E-15
1557.  2.025472E-15
1558.  2.024690E-15
1559.  2.023807E-15
1560.  2.022822E-15
1561.  2.021736E-15
1562.  2.020551E-15
1563.  2.019265E-15
1564.  2.017881E-15
1565.  2.016398E-15
1566.  2.014817E-15
1567.  2.013138E-15
1568.  2.011362E-15
1569.  2.009491E-15
1570.  2.007524E-15
1571.  2.005461E-15
1572.  2.003305E-15
1573.  2.001054E-15
1574.  1.998711E-15
1575.  1.996275E-15
1576.  1.993747E-15
1577.  1.991128E-15
1578.  1.988419E-15
1579.  1.985620E-15
1580.  1.982731E-15
1581.  1.979754E-15
1582.  1.976688E-15
1583.  1.973536E-15
1584.  1.970296E-15
1585.  1.966971E-15
1586.  1.963560E-15
1587.  1.960064E-15
1588.  1.956484E-15
1589.  1.952820E-15
1590.  1.949073E-15
1591.  1.945244E-15
1592.  1.941332E-15
1593.  1.937339E-15
1594.  1.933266E-15
1595.  1.929112E-15
1596.  1.924878E-15
1597.  1.920564E-15
1598.  1.916172E-15
1599.  1.911702E-15
1600.  1.907154E-15
1601.  1.902529E-15
1602.  1.897826E-15
1603.  1.893047E-15
1604.  1.888192E-15
1605.  1.883261E-15
1606.  1.878255E-15
1607.  1.873174E-15
1608.  1.868019E-15
1609.  1.862789E-15
1610.  1.857486E-15
1611.  1.852109E-15
1612.  1.846659E-15
1613.  1.841136E-15
1614.  1.835541E-15
1615.  1.829874E-15
1616.  1.824134E-15
1617.  1.818323E-15
1618.  1.812441E-15
1619.  1.806487E-15
1620.  1.800463E-15
1621.  1.794369E-15
1622.  1.788204E-15
1623.  1.781968E-15
1624.  1.775664E-15
1625.  1.769289E-15
1626.  1.762846E-15
1627.  1.756333E-15
1628.  1.749751E-15
1629.  1.743101E-15
1630.  1.736383E-15
1631.  1.729596E-15
1632.  1.722742E-15
1633.  1.715820E-15
1634.  1.708831E-15
1635.  1.701775E-15
1636.  1.694652E-15
1637.  1.687463E-15
1638.  1.680208E-15
1639.  1.672887E-15
1640.  1.665501E-15
1641.  1.658049E-15
1642.  1.650533E-15
1643.  1.642953E-15
1644.  1.635309E-15
1645.  1.627601E-15
1646.  1.619831E-15
1647.  1.611998E-15
1648.  1.604103E-15
1649.  1.596147E-15
1650.  1.588130E-15
1651.  1.580052E-15
1652.  1.571915E-15
1653.  1.563719E-15
1654.  1.555464E-15
1655.  1.547151E-15
1656.  1.538782E-15
1657.  1.530356E-15
1658.  1.521875E-15
1659.  1.513339E-15
1660.  1.504749E-15
1661.  1.496106E-15
1662.  1.487411E-15
1663.  1.478665E-15
1664.  1.469869E-15
1665.  1.461024E-15
1666.  1.452131E-15
1667.  1.443191E-15
1668.  1.434205E-15
1669.  1.425174E-15
1670.  1.416100E-15
1671.  1.406984E-15
1672.  1.397826E-15
1673.  1.388629E-15
1674.  1.379394E-15
1675.  1.370121E-15
1676.  1.360813E-15
1677.  1.351471E-15
1678.  1.342096E-15
1679.  1.332690E-15
1680.  1.323254E-15
1681.  1.313790E-15
1682.  1.304299E-15
1683.  1.294784E-15
1684.  1.285245E-15
1685.  1.275685E-15
1686.  1.266105E-15
1687.  1.256507E-15
1688.  1.246892E-15
1689.  1.237263E-15
1690.  1.227620E-15
1691.  1.217967E-15
1692.  1.208304E-15
1693.  1.198634E-15
1694.  1.188959E-15
1695.  1.179280E-15
1696.  1.169599E-15
1697.  1.159919E-15
1698.  1.150240E-15
1699.  1.140566E-15
1700.  1.130897E-15
1701.  1.121237E-15
1702.  1.111586E-15
1703.  1.101947E-15
1704.  1.092321E-15
1705.  1.082712E-15
1706.  1.073119E-15
1707.  1.063547E-15
1708.  1.053996E-15
1709.  1.044468E-15
1710.  1.034966E-15
1711.  1.025491E-15
1712.  1.016044E-15
1713.  1.006629E-15
1714.  9.972475E-16
1715.  9.878998E-16
1716.  9.785890E-16
1717.  9.693166E-16
1718.  9.600843E-16
1719.  9.508940E-16
1720.  9.417471E-16
1721.  9.326460E-16
1722.  9.235918E-16
1723.  9.145866E-16
1724.  9.056316E-16
1725.  8.967288E-16
1726.  8.878796E-16
1727.  8.790858E-16
1728.  8.703484E-16
1729.  8.616695E-16
1730.  8.530503E-16
1731.  8.444920E-16
1732.  8.359962E-16
1733.  8.275644E-16
1734.  8.191978E-16
1735.  8.108975E-16
1736.  8.026648E-16
1737.  7.945012E-16
1738.  7.864075E-16
1739.  7.783848E-16
1740.  7.704345E-16
1741.  7.625577E-16
1742.  7.547550E-16
1743.  7.470276E-16
1744.  7.393762E-16
1745.  7.318021E-16
1746.  7.243058E-16
1747.  7.168882E-16
1748.  7.095500E-16
1749.  7.022922E-16
1750.  6.951152E-16
1751.  6.880198E-16
1752.  6.810063E-16
1753.  6.740758E-16
1754.  6.672283E-16
1755.  6.604646E-16
1756.  6.537850E-16
1757.  6.471901E-16
1758.  6.406801E-16
1759.  6.342554E-16
1760.  6.279164E-16
1761.  6.216634E-16
1762.  6.154963E-16
1763.  6.094156E-16
1764.  6.034215E-16
1765.  5.975140E-16
1766.  5.916933E-16
1767.  5.859594E-16
1768.  5.803124E-16
1769.  5.747524E-16
1770.  5.692793E-16
1771.  5.638930E-16
1772.  5.585936E-16
1773.  5.533809E-16
1774.  5.482549E-16
1775.  5.432154E-16
1776.  5.382622E-16
1777.  5.333952E-16
1778.  5.286142E-16
1779.  5.239188E-16
1780.  5.193090E-16
1781.  5.147845E-16
1782.  5.103450E-16
1783.  5.059901E-16
1784.  5.017195E-16
1785.  4.975332E-16
1786.  4.934304E-16
1787.  4.894110E-16
1788.  4.854747E-16
1789.  4.816209E-16
1790.  4.778494E-16
1791.  4.741597E-16
1792.  4.705514E-16
1793.  4.670242E-16
1794.  4.635774E-16
1795.  4.602108E-16
1796.  4.569240E-16
1797.  4.537163E-16
1798.  4.505875E-16
1799.  4.475370E-16
1800.  4.445642E-16
1801.  4.416691E-16
1802.  4.388507E-16
1803.  4.361087E-16
1804.  4.334428E-16
1805.  4.308524E-16
1806.  4.283369E-16
1807.  4.258959E-16
1808.  4.235290E-16
1809.  4.212357E-16
1810.  4.190155E-16
1811.  4.168679E-16
1812.  4.147924E-16
1813.  4.127885E-16
1814.  4.108559E-16
1815.  4.089940E-16
1816.  4.072022E-16
1817.  4.054803E-16
1818.  4.038277E-16
1819.  4.022440E-16
1820.  4.007287E-16
1821.  3.992814E-16
1822.  3.979017E-16
1823.  3.965891E-16
1824.  3.953432E-16
1825.  3.941636E-16
1826.  3.930500E-16
1827.  3.920017E-16
1828.  3.910185E-16
1829.  3.901002E-16
1830.  3.892460E-16
1831.  3.884560E-16
1832.  3.877294E-16
1833.  3.870663E-16
1834.  3.864659E-16
1835.  3.859282E-16
1836.  3.854529E-16
1837.  3.850395E-16
1838.  3.846878E-16
1839.  3.843975E-16
1840.  3.841684E-16
1841.  3.840001E-16
1842.  3.838926E-16
1843.  3.838453E-16
1844.  3.838582E-16
1845.  3.839313E-16
1846.  3.840641E-16
1847.  3.842564E-16
1848.  3.845081E-16
1849.  3.848193E-16
1850.  3.851895E-16
1851.  3.856187E-16
1852.  3.861068E-16
1853.  3.866537E-16
1854.  3.872592E-16
1855.  3.879234E-16
1856.  3.886462E-16
1857.  3.894274E-16
1858.  3.902671E-16
1859.  3.911653E-16
1860.  3.921219E-16
1861.  3.931370E-16
1862.  3.942106E-16
1863.  3.953426E-16
1864.  3.965332E-16
1865.  3.977824E-16
1866.  3.990903E-16
1867.  4.004568E-16
1868.  4.018824E-16
1869.  4.033667E-16
1870.  4.049102E-16
1871.  4.065128E-16
1872.  4.081747E-16
1873.  4.098961E-16
1874.  4.116771E-16
1875.  4.135178E-16
1876.  4.154184E-16
1877.  4.173791E-16
1878.  4.194003E-16
1879.  4.214817E-16
1880.  4.236238E-16
1881.  4.258268E-16
1882.  4.280908E-16
1883.  4.304159E-16
1884.  4.328026E-16
1885.  4.352509E-16
1886.  4.377609E-16
1887.  4.403329E-16
1888.  4.429672E-16
1889.  4.456637E-16
1890.  4.484230E-16
1891.  4.512448E-16
1892.  4.541297E-16
1893.  4.570775E-16
1894.  4.600886E-16
1895.  4.631630E-16
1896.  4.663009E-16
1897.  4.695024E-16
1898.  4.727675E-16
1899.  4.760965E-16
1900.  4.794892E-16
1901.  4.829459E-16
1902.  4.864664E-16
1903.  4.900509E-16
1904.  4.936992E-16
1905.  4.974115E-16
1906.  5.011873E-16
1907.  5.050270E-16
1908.  5.089302E-16
1909.  5.128970E-16
1910.  5.169268E-16
1911.  5.210198E-16
1912.  5.251755E-16
1913.  5.293936E-16
1914.  5.336743E-16
1915.  5.380166E-16
1916.  5.424204E-16
1917.  5.468852E-16
1918.  5.514108E-16
1919.  5.559964E-16
1920.  5.606417E-16
1921.  5.653460E-16
1922.  5.701084E-16
1923.  5.749287E-16
1924.  5.798060E-16
1925.  5.847395E-16
1926.  5.897285E-16
1927.  5.947721E-16
1928.  5.998694E-16
1929.  6.050194E-16
1930.  6.102214E-16
1931.  6.154741E-16
1932.  6.207764E-16
1933.  6.261274E-16
1934.  6.315259E-16
1935.  6.369704E-16
1936.  6.424599E-16
1937.  6.479932E-16
1938.  6.535685E-16
1939.  6.591849E-16
1940.  6.648406E-16
1941.  6.705344E-16
1942.  6.762646E-16
1943.  6.820296E-16
1944.  6.878277E-16
1945.  6.936575E-16
1946.  6.995173E-16
1947.  7.054051E-16
1948.  7.113194E-16
1949.  7.172581E-16
1950.  7.232197E-16
1951.  7.292020E-16
1952.  7.352034E-16
1953.  7.412217E-16
1954.  7.472551E-16
1955.  7.533014E-16
1956.  7.593588E-16
1957.  7.654253E-16
1958.  7.714986E-16
1959.  7.775769E-16
1960.  7.836578E-16
1961.  7.897394E-16
1962.  7.958194E-16
1963.  8.018959E-16
1964.  8.079667E-16
1965.  8.140293E-16
1966.  8.200821E-16
1967.  8.261226E-16
1968.  8.321487E-16
1969.  8.381584E-16
1970.  8.441493E-16
1971.  8.501195E-16
1972.  8.560668E-16
1973.  8.619892E-16
1974.  8.678846E-16
1975.  8.737506E-16
1976.  8.795854E-16
1977.  8.853872E-16
1978.  8.911536E-16
1979.  8.968832E-16
1980.  9.025733E-16
1981.  9.082226E-16
1982.  9.138291E-16
1983.  9.193906E-16
1984.  9.249060E-16
1985.  9.303732E-16
1986.  9.357901E-16
1987.  9.411557E-16
1988.  9.464682E-16
1989.  9.517260E-16
1990.  9.569276E-16
1991.  9.620716E-16
1992.  9.671564E-16
1993.  9.721810E-16
1994.  9.771441E-16
1995.  9.820443E-16
1996.  9.868804E-16
1997.  9.916516E-16
1998.  9.963568E-16
1999.  1.000995E-15
2000.  1.005565E-15
2001.  1.010066E-15
2002.  1.014498E-15
2003.  1.018860E-15
2004.  1.023150E-15
2005.  1.027369E-15
2006.  1.031517E-15
2007.  1.035592E-15
2008.  1.039594E-15
2009.  1.043523E-15
2010.  1.047379E-15
2011.  1.051162E-15
2012.  1.054871E-15
2013.  1.058506E-15
2014.  1.062068E-15
2015.  1.065556E-15
2016.  1.068971E-15
2017.  1.072313E-15
2018.  1.075582E-15
2019.  1.078778E-15
2020.  1.081901E-15
2021.  1.084953E-15
2022.  1.087934E-15
2023.  1.090843E-15
2024.  1.093682E-15
2025.  1.096451E-15
2026.  1.099151E-15
2027.  1.101782E-15
2028.  1.104345E-15
2029.  1.106841E-15
2030.  1.109271E-15
2031.  1.111635E-15
2032.  1.113934E-15
2033.  1.116169E-15
2034.  1.118341E-15
2035.  1.120450E-15
2036.  1.122498E-15
2037.  1.124485E-15
2038.  1.126413E-15
2039.  1.128281E-15
2040.  1.130092E-15
2041.  1.131845E-15
2042.  1.133542E-15
2043.  1.135184E-15
2044.  1.136771E-15
2045.  1.138305E-15
2046.  1.139785E-15
2047.  1.141214E-15
2048.  1.142592E-15
2049.  1.143918E-15
2050.  1.145196E-15
2051.  1.146424E-15
2052.  1.147603E-15
2053.  1.148735E-15
2054.  1.149820E-15
2055.  1.150859E-15
2056.  1.151851E-15
2057.  1.152798E-15
2058.  1.153700E-15
2059.  1.154558E-15
2060.  1.155371E-15
2061.  1.156140E-15
2062.  1.156866E-15
2063.  1.157548E-15
2064.  1.158187E-15
2065.  1.158784E-15
2066.  1.159337E-15
2067.  1.159847E-15
2068.  1.160315E-15
2069.  1.160739E-15
2070.  1.161121E-15
2071.  1.161459E-15
2072.  1.161754E-15
2073.  1.162006E-15
2074.  1.162213E-15
2075.  1.162376E-15
2076.  1.162495E-15
2077.  1.162569E-15
2078.  1.162597E-15
2079.  1.162580E-15
2080.  1.162516E-15
2081.  1.162404E-15
2082.  1.162246E-15
2083.  1.162039E-15
2084.  1.161783E-15
2085.  1.161477E-15
2086.  1.161121E-15
2087.  1.160714E-15
2088.  1.160255E-15
2089.  1.159743E-15
2090.  1.159178E-15
2091.  1.158559E-15
2092.  1.157885E-15
2093.  1.157155E-15
2094.  1.156369E-15
2095.  1.155524E-15
2096.  1.154622E-15
2097.  1.153661E-15
2098.  1.152640E-15
2099.  1.151558E-15
2100.  1.150415E-15
2101.  1.149209E-15
2102.  1.147941E-15
2103.  1.146609E-15
2104.  1.145213E-15
2105.  1.143752E-15
2106.  1.142226E-15
2107.  1.140634E-15
2108.  1.138976E-15
2109.  1.137250E-15
2110.  1.135457E-15
2111.  1.133597E-15
2112.  1.131668E-15
2113.  1.129671E-15
2114.  1.127606E-15
2115.  1.125473E-15
2116.  1.123270E-15
2117.  1.120999E-15
2118.  1.118660E-15
2119.  1.116252E-15
2120.  1.113776E-15
2121.  1.111232E-15
2122.  1.108621E-15
2123.  1.105942E-15
2124.  1.103198E-15
2125.  1.100387E-15
2126.  1.097511E-15
2127.  1.094570E-15
2128.  1.091566E-15
2129.  1.088500E-15
2130.  1.085372E-15
2131.  1.082183E-15
2132.  1.078935E-15
2133.  1.075629E-15
2134.  1.072267E-15
2135.  1.068849E-15
2136.  1.065378E-15
2137.  1.061855E-15
2138.  1.058282E-15
2139.  1.054660E-15
2140.  1.050991E-15
2141.  1.047278E-15
2142.  1.043523E-15
2143.  1.039727E-15
2144.  1.035892E-15
2145.  1.032022E-15
2146.  1.028118E-15
2147.  1.024182E-15
2148.  1.020218E-15
2149.  1.016227E-15
2150.  1.012213E-15
2151.  1.008178E-15
2152.  1.004124E-15
2153.  1.000055E-15
2154.  9.959727E-16
2155.  9.918807E-16
2156.  9.877816E-16
2157.  9.836784E-16
2158.  9.795741E-16
2159.  9.754717E-16
2160.  9.713745E-16
2161.  9.672854E-16
2162.  9.632071E-16
2163.  9.591433E-16
2164.  9.550968E-16
2165.  9.510709E-16
2166.  9.470688E-16
2167.  9.430937E-16
2168.  9.391486E-16
2169.  9.352366E-16
2170.  9.313611E-16
2171.  9.275252E-16
2172.  9.237318E-16
2173.  9.199845E-16
2174.  9.162859E-16
2175.  9.126395E-16
2176.  9.090479E-16
2177.  9.055149E-16
2178.  9.020427E-16
2179.  8.986343E-16
2180.  8.952930E-16
2181.  8.920215E-16
2182.  8.888227E-16
2183.  8.856994E-16
2184.  8.826539E-16
2185.  8.796892E-16
2186.  8.768080E-16
2187.  8.740126E-16
2188.  8.713056E-16
2189.  8.686894E-16
2190.  8.661662E-16
2191.  8.637382E-16
2192.  8.614078E-16
2193.  8.591770E-16
2194.  8.570478E-16
2195.  8.550221E-16
2196.  8.531018E-16
2197.  8.512888E-16
2198.  8.495846E-16
2199.  8.479906E-16
2200.  8.465086E-16
2201.  8.451400E-16
2202.  8.438860E-16
2203.  8.427478E-16
2204.  8.417265E-16
2205.  8.408232E-16
2206.  8.400389E-16
2207.  8.393742E-16
2208.  8.388301E-16
2209.  8.384070E-16
2210.  8.381054E-16
2211.  8.379260E-16
2212.  8.378688E-16
2213.  8.379344E-16
2214.  8.381227E-16
2215.  8.384338E-16
2216.  8.388675E-16
2217.  8.394238E-16
2218.  8.401024E-16
2219.  8.409030E-16
2220.  8.418250E-16
2221.  8.428681E-16
2222.  8.440315E-16
2223.  8.453144E-16
2224.  8.467162E-16
2225.  8.482359E-16
2226.  8.498724E-16
2227.  8.516247E-16
2228.  8.534917E-16
2229.  8.554721E-16
2230.  8.575647E-16
2231.  8.597680E-16
2232.  8.620803E-16
2233.  8.645004E-16
2234.  8.670264E-16
2235.  8.696568E-16
2236.  8.723897E-16
2237.  8.752233E-16
2238.  8.781558E-16
2239.  8.811852E-16
2240.  8.843094E-16
2241.  8.875265E-16
2242.  8.908341E-16
2243.  8.942302E-16
2244.  8.977125E-16
2245.  9.012788E-16
2246.  9.049270E-16
2247.  9.086542E-16
2248.  9.124584E-16
2249.  9.163372E-16
2250.  9.202877E-16
2251.  9.243082E-16
2252.  9.283953E-16
2253.  9.325471E-16
2254.  9.367608E-16
2255.  9.410337E-16
2256.  9.453635E-16
2257.  9.497473E-16
2258.  9.541826E-16
2259.  9.586668E-16
2260.  9.631970E-16
2261.  9.677711E-16
2262.  9.723860E-16
2263.  9.770392E-16
2264.  9.817281E-16
2265.  9.864500E-16
2266.  9.912025E-16
2267.  9.959828E-16
2268.  1.000788E-15
2269.  1.005616E-15
2270.  1.010465E-15
2271.  1.015331E-15
2272.  1.020212E-15
2273.  1.025106E-15
2274.  1.030010E-15
2275.  1.034922E-15
2276.  1.039840E-15
2277.  1.044761E-15
2278.  1.049682E-15
2279.  1.054602E-15
2280.  1.059518E-15
2281.  1.064429E-15
2282.  1.069332E-15
2283.  1.074224E-15
2284.  1.079105E-15
2285.  1.083971E-15
2286.  1.088822E-15
2287.  1.093654E-15
2288.  1.098467E-15
2289.  1.103259E-15
2290.  1.108027E-15
2291.  1.112770E-15
2292.  1.117487E-15
2293.  1.122176E-15
2294.  1.126835E-15
2295.  1.131463E-15
2296.  1.136059E-15
2297.  1.140621E-15
2298.  1.145149E-15
2299.  1.149640E-15
2300.  1.154094E-15
2301.  1.158509E-15
2302.  1.162886E-15
2303.  1.167222E-15
2304.  1.171517E-15
2305.  1.175769E-15
2306.  1.179979E-15
2307.  1.184146E-15
2308.  1.188268E-15
2309.  1.192346E-15
2310.  1.196378E-15
2311.  1.200365E-15
2312.  1.204305E-15
2313.  1.208199E-15
2314.  1.212046E-15
2315.  1.215846E-15
2316.  1.219598E-15
2317.  1.223303E-15
2318.  1.226960E-15
2319.  1.230570E-15
2320.  1.234132E-15
2321.  1.237646E-15
2322.  1.241113E-15
2323.  1.244532E-15
2324.  1.247904E-15
2325.  1.251228E-15
2326.  1.254506E-15
2327.  1.257737E-15
2328.  1.260921E-15
2329.  1.264060E-15
2330.  1.267153E-15
2331.  1.270201E-15
2332.  1.273203E-15
2333.  1.276161E-15
2334.  1.279076E-15
2335.  1.281946E-15
2336.  1.284774E-15
2337.  1.287560E-15
2338.  1.290303E-15
2339.  1.293004E-15
2340.  1.295665E-15
2341.  1.298286E-15
2342.  1.300867E-15
2343.  1.303408E-15
2344.  1.305911E-15
2345.  1.308376E-15
2346.  1.310803E-15
2347.  1.313194E-15
2348.  1.315547E-15
2349.  1.317865E-15
2350.  1.320148E-15
2351.  1.322396E-15
2352.  1.324610E-15
2353.  1.326790E-15
2354.  1.328936E-15
2355.  1.331050E-15
2356.  1.333131E-15
2357.  1.335181E-15
2358.  1.337199E-15
2359.  1.339185E-15
2360.  1.341141E-15
2361.  1.343066E-15
2362.  1.344962E-15
2363.  1.346827E-15
2364.  1.348663E-15
2365.  1.350469E-15
2366.  1.352245E-15
2367.  1.353993E-15
2368.  1.355712E-15
2369.  1.357402E-15
2370.  1.359062E-15
2371.  1.360694E-15
2372.  1.362297E-15
2373.  1.363871E-15
2374.  1.365416E-15
2375.  1.366932E-15
2376.  1.368419E-15
2377.  1.369875E-15
2378.  1.371303E-15
2379.  1.372699E-15
2380.  1.374066E-15
2381.  1.375402E-15
2382.  1.376706E-15
2383.  1.377979E-15
2384.  1.379220E-15
2385.  1.380429E-15
2386.  1.381604E-15
2387.  1.382746E-15
2388.  1.383853E-15
2389.  1.384926E-15
2390.  1.385963E-15
2391.  1.386964E-15
2392.  1.387928E-15
2393.  1.388854E-15
2394.  1.389742E-15
2395.  1.390590E-15
2396.  1.391398E-15
2397.  1.392166E-15
2398.  1.392892E-15
2399.  1.393575E-15
2400.  1.394214E-15
2401.  1.394809E-15
2402.  1.395358E-15
2403.  1.395860E-15
2404.  1.396316E-15
2405.  1.396722E-15
2406.  1.397080E-15
2407.  1.397386E-15
2408.  1.397642E-15
2409.  1.397844E-15
2410.  1.397993E-15
2411.  1.398088E-15
2412.  1.398127E-15
2413.  1.398109E-15
2414.  1.398033E-15
2415.  1.397899E-15
2416.  1.397705E-15
2417.  1.397450E-15
2418.  1.397133E-15
2419.  1.396753E-15
2420.  1.396309E-15
2421.  1.395801E-15
2422.  1.395227E-15
2423.  1.394586E-15
2424.  1.393877E-15
2425.  1.393100E-15
2426.  1.392253E-15
2427.  1.391337E-15
2428.  1.390348E-15
2429.  1.389288E-15
2430.  1.388155E-15
2431.  1.386949E-15
2432.  1.385669E-15
2433.  1.384313E-15
2434.  1.382882E-15
2435.  1.381375E-15
2436.  1.379791E-15
2437.  1.378129E-15
2438.  1.376390E-15
2439.  1.374572E-15
2440.  1.372675E-15
2441.  1.370699E-15
2442.  1.368644E-15
2443.  1.366508E-15
2444.  1.364292E-15
2445.  1.361996E-15
2446.  1.359620E-15
2447.  1.357162E-15
2448.  1.354624E-15
2449.  1.352004E-15
2450.  1.349304E-15
2451.  1.346522E-15
2452.  1.343660E-15
2453.  1.340717E-15
2454.  1.337694E-15
2455.  1.334590E-15
2456.  1.331406E-15
2457.  1.328142E-15
2458.  1.324799E-15
2459.  1.321377E-15
2460.  1.317877E-15
2461.  1.314298E-15
2462.  1.310642E-15
2463.  1.306909E-15
2464.  1.303099E-15
2465.  1.299215E-15
2466.  1.295255E-15
2467.  1.291221E-15
2468.  1.287114E-15
2469.  1.282935E-15
2470.  1.278683E-15
2471.  1.274362E-15
2472.  1.269971E-15
2473.  1.265511E-15
2474.  1.260984E-15
2475.  1.256390E-15
2476.  1.251731E-15
2477.  1.247008E-15
2478.  1.242222E-15
2479.  1.237374E-15
2480.  1.232465E-15
2481.  1.227498E-15
2482.  1.222473E-15
2483.  1.217391E-15
2484.  1.212254E-15
2485.  1.207063E-15
2486.  1.201821E-15
2487.  1.196527E-15
2488.  1.191184E-15
2489.  1.185793E-15
2490.  1.180356E-15
2491.  1.174874E-15
2492.  1.169348E-15
2493.  1.163781E-15
2494.  1.158174E-15
2495.  1.152528E-15
2496.  1.146845E-15
2497.  1.141127E-15
2498.  1.135375E-15
2499.  1.129591E-15
2500.  1.123776E-15
2501.  1.117933E-15
2502.  1.112062E-15
2503.  1.106166E-15
2504.  1.100245E-15
2505.  1.094302E-15
2506.  1.088338E-15
2507.  1.082355E-15
2508.  1.076354E-15
2509.  1.070338E-15
2510.  1.064307E-15
2511.  1.058263E-15
2512.  1.052207E-15
2513.  1.046142E-15
2514.  1.040069E-15
2515.  1.033989E-15
2516.  1.027904E-15
2517.  1.021815E-15
2518.  1.015724E-15
2519.  1.009633E-15
2520.  1.003542E-15
2521.  9.974524E-16
2522.  9.913669E-16
2523.  9.852863E-16
2524.  9.792116E-16
2525.  9.731447E-16
2526.  9.670867E-16
2527.  9.610384E-16
2528.  9.550017E-16
2529.  9.489777E-16
2530.  9.429674E-16
2531.  9.369719E-16
2532.  9.309925E-16
2533.  9.250305E-16
2534.  9.190867E-16
2535.  9.131622E-16
2536.  9.072582E-16
2537.  9.013757E-16
2538.  8.955156E-16
2539.  8.896787E-16
2540.  8.838662E-16
2541.  8.780791E-16
2542.  8.723180E-16
2543.  8.665837E-16
2544.  8.608774E-16
2545.  8.551996E-16
2546.  8.495511E-16
2547.  8.439327E-16
2548.  8.383451E-16
2549.  8.327890E-16
2550.  8.272651E-16
2551.  8.217739E-16
2552.  8.163162E-16
2553.  8.108925E-16
2554.  8.055036E-16
2555.  8.001496E-16
2556.  7.948316E-16
2557.  7.895495E-16
2558.  7.843041E-16
2559.  7.790960E-16
2560.  7.739255E-16
2561.  7.687930E-16
2562.  7.636990E-16
2563.  7.586438E-16
2564.  7.536277E-16
2565.  7.486511E-16
2566.  7.437146E-16
2567.  7.388181E-16
2568.  7.339622E-16
2569.  7.291471E-16
2570.  7.243730E-16
2571.  7.196403E-16
2572.  7.149493E-16
2573.  7.102999E-16
2574.  7.056926E-16
2575.  7.011274E-16
2576.  6.966048E-16
2577.  6.921247E-16
2578.  6.876873E-16
2579.  6.832928E-16
2580.  6.789415E-16
2581.  6.746330E-16
2582.  6.703683E-16
2583.  6.661468E-16
2584.  6.619687E-16
2585.  6.578342E-16
2586.  6.537434E-16
2587.  6.496962E-16
2588.  6.456929E-16
2589.  6.417332E-16
2590.  6.378175E-16
2591.  6.339455E-16
2592.  6.301174E-16
2593.  6.263331E-16
2594.  6.225927E-16
2595.  6.188960E-16
2596.  6.152429E-16
2597.  6.116336E-16
2598.  6.080679E-16
2599.  6.045455E-16
2600.  6.010665E-16
2601.  5.976311E-16
2602.  5.942385E-16
2603.  5.908889E-16
2604.  5.875823E-16
2605.  5.843182E-16
2606.  5.810966E-16
2607.  5.779172E-16
2608.  5.747800E-16
2609.  5.716843E-16
2610.  5.686303E-16
2611.  5.656173E-16
2612.  5.626451E-16
2613.  5.597137E-16
2614.  5.568224E-16
2615.  5.539709E-16
2616.  5.511588E-16
2617.  5.483859E-16
2618.  5.456513E-16
2619.  5.429549E-16
2620.  5.402963E-16
2621.  5.376748E-16
2622.  5.350898E-16
2623.  5.325409E-16
2624.  5.300274E-16
2625.  5.275490E-16
2626.  5.251046E-16
2627.  5.226939E-16
2628.  5.203161E-16
2629.  5.179706E-16
2630.  5.156566E-16
2631.  5.133733E-16
2632.  5.111200E-16
2633.  5.088958E-16
2634.  5.067001E-16
2635.  5.045318E-16
2636.  5.023902E-16
2637.  5.002743E-16
2638.  4.981833E-16
2639.  4.961160E-16
2640.  4.940718E-16
2641.  4.920496E-16
2642.  4.900484E-16
2643.  4.880669E-16
2644.  4.861045E-16
2645.  4.841599E-16
2646.  4.822322E-16
2647.  4.803200E-16
2648.  4.784225E-16
2649.  4.765384E-16
2650.  4.746666E-16
2651.  4.728061E-16
2652.  4.709554E-16
2653.  4.691139E-16
2654.  4.672798E-16
2655.  4.654524E-16
2656.  4.636303E-16
2657.  4.618124E-16
2658.  4.599974E-16
2659.  4.581840E-16
2660.  4.563714E-16
2661.  4.545581E-16
2662.  4.527429E-16
2663.  4.509248E-16
2664.  4.491025E-16
2665.  4.472748E-16
2666.  4.454408E-16
2667.  4.435990E-16
2668.  4.417484E-16
2669.  4.398879E-16
2670.  4.380165E-16
2671.  4.361329E-16
2672.  4.342362E-16
2673.  4.323254E-16
2674.  4.303992E-16
2675.  4.284568E-16
2676.  4.264972E-16
2677.  4.245196E-16
2678.  4.225230E-16
2679.  4.205063E-16
2680.  4.184688E-16
2681.  4.164097E-16
2682.  4.143283E-16
2683.  4.122237E-16
2684.  4.100952E-16
2685.  4.079423E-16
2686.  4.057641E-16
2687.  4.035602E-16
2688.  4.013299E-16
2689.  3.990730E-16
2690.  3.967887E-16
2691.  3.944767E-16
2692.  3.921368E-16
2693.  3.897682E-16
2694.  3.873711E-16
2695.  3.849451E-16
2696.  3.824901E-16
2697.  3.800057E-16
2698.  3.774922E-16
2699.  3.749493E-16
2700.  3.723771E-16
2701.  3.697755E-16
2702.  3.671449E-16
2703.  3.644852E-16
2704.  3.617968E-16
2705.  3.590800E-16
2706.  3.563350E-16
2707.  3.535621E-16
2708.  3.507618E-16
2709.  3.479346E-16
2710.  3.450810E-16
2711.  3.422013E-16
2712.  3.392966E-16
2713.  3.363671E-16
2714.  3.334137E-16
2715.  3.304372E-16
2716.  3.274381E-16
2717.  3.244175E-16
2718.  3.213762E-16
2719.  3.183149E-16
2720.  3.152349E-16
2721.  3.121369E-16
2722.  3.090219E-16
2723.  3.058911E-16
2724.  3.027456E-16
2725.  2.995863E-16
2726.  2.964145E-16
2727.  2.932313E-16
2728.  2.900379E-16
2729.  2.868355E-16
2730.  2.836255E-16
2731.  2.804089E-16
2732.  2.771872E-16
2733.  2.739615E-16
2734.  2.707333E-16
2735.  2.675038E-16
2736.  2.642744E-16
2737.  2.610463E-16
2738.  2.578211E-16
2739.  2.545999E-16
2740.  2.513842E-16
2741.  2.481754E-16
2742.  2.449747E-16
2743.  2.417836E-16
2744.  2.386035E-16
2745.  2.354356E-16
2746.  2.322813E-16
2747.  2.291419E-16
2748.  2.260188E-16
2749.  2.229131E-16
2750.  2.198264E-16
2751.  2.167598E-16
2752.  2.137145E-16
2753.  2.106918E-16
2754.  2.076930E-16
2755.  2.047191E-16
2756.  2.017713E-16
2757.  1.988508E-16
2758.  1.959587E-16
2759.  1.930962E-16
2760.  1.902640E-16
2761.  1.874634E-16
2762.  1.846952E-16
2763.  1.819604E-16
2764.  1.792601E-16
2765.  1.765949E-16
2766.  1.739657E-16
2767.  1.713734E-16
2768.  1.688185E-16
2769.  1.663020E-16
2770.  1.638244E-16
2771.  1.613863E-16
2772.  1.589883E-16
2773.  1.566310E-16
2774.  1.543149E-16
2775.  1.520404E-16
2776.  1.498079E-16
2777.  1.476177E-16
2778.  1.454702E-16
2779.  1.433657E-16
2780.  1.413042E-16
2781.  1.392862E-16
2782.  1.373117E-16
2783.  1.353806E-16
2784.  1.334932E-16
2785.  1.316494E-16
2786.  1.298491E-16
2787.  1.280921E-16
2788.  1.263786E-16
2789.  1.247082E-16
2790.  1.230806E-16
2791.  1.214958E-16
2792.  1.199532E-16
2793.  1.184526E-16
2794.  1.169937E-16
2795.  1.155760E-16
2796.  1.141989E-16
2797.  1.128622E-16
2798.  1.115652E-16
2799.  1.103073E-16
2800.  1.090879E-16
2801.  1.079065E-16
2802.  1.067623E-16
2803.  1.056547E-16
2804.  1.045831E-16
2805.  1.035464E-16
2806.  1.025442E-16
2807.  1.015754E-16
2808.  1.006395E-16
2809.  9.973537E-17
2810.  9.886236E-17
2811.  9.801943E-17
2812.  9.720585E-17
2813.  9.642065E-17
2814.  9.566282E-17
2815.  9.493154E-17
2816.  9.422577E-17
2817.  9.354464E-17
2818.  9.288708E-17
2819.  9.225224E-17
2820.  9.163913E-17
2821.  9.104658E-17
2822.  9.047379E-17
2823.  8.991971E-17
2824.  8.938350E-17
2825.  8.886399E-17
2826.  8.836019E-17
2827.  8.787124E-17
2828.  8.739611E-17
2829.  8.693381E-17
2830.  8.648348E-17
2831.  8.604409E-17
2832.  8.561470E-17
2833.  8.519447E-17
2834.  8.478244E-17
2835.  8.437766E-17
2836.  8.397933E-17
2837.  8.358651E-17
2838.  8.319845E-17
2839.  8.281421E-17
2840.  8.243302E-17
2841.  8.205411E-17
2842.  8.167663E-17
2843.  8.129992E-17
2844.  8.092328E-17
2845.  8.054599E-17
2846.  8.016721E-17
2847.  7.978640E-17
2848.  7.940304E-17
2849.  7.901628E-17
2850.  7.862569E-17
2851.  7.823073E-17
2852.  7.783083E-17
2853.  7.742557E-17
2854.  7.701420E-17
2855.  7.659649E-17
2856.  7.617203E-17
2857.  7.574038E-17
2858.  7.530112E-17
2859.  7.485403E-17
2860.  7.439861E-17
2861.  7.393474E-17
2862.  7.346208E-17
2863.  7.298052E-17
2864.  7.248969E-17
2865.  7.198944E-17
2866.  7.147975E-17
2867.  7.096026E-17
2868.  7.043099E-17
2869.  6.989198E-17
2870.  6.934310E-17
2871.  6.878424E-17
2872.  6.821548E-17
2873.  6.763681E-17
2874.  6.704831E-17
2875.  6.645007E-17
2876.  6.584204E-17
2877.  6.522453E-17
2878.  6.459745E-17
2879.  6.396117E-17
2880.  6.331571E-17
2881.  6.266139E-17
2882.  6.199831E-17
2883.  6.132668E-17
2884.  6.064678E-17
2885.  5.995896E-17
2886.  5.926343E-17
2887.  5.856036E-17
2888.  5.785023E-17
2889.  5.713325E-17
2890.  5.640984E-17
2891.  5.568019E-17
2892.  5.494482E-17
2893.  5.420393E-17
2894.  5.345799E-17
2895.  5.270731E-17
2896.  5.195234E-17
2897.  5.119355E-17
2898.  5.043113E-17
2899.  4.966562E-17
2900.  4.889739E-17
2901.  4.812678E-17
2902.  4.735445E-17
2903.  4.658055E-17
2904.  4.580567E-17
2905.  4.503006E-17
2906.  4.425426E-17
2907.  4.347862E-17
2908.  4.270371E-17
2909.  4.192983E-17
2910.  4.115740E-17
2911.  4.038687E-17
2912.  3.961861E-17
2913.  3.885304E-17
2914.  3.809060E-17
2915.  3.733158E-17
2916.  3.657654E-17
2917.  3.582579E-17
2918.  3.507963E-17
2919.  3.433850E-17
2920.  3.360274E-17
2921.  3.287274E-17
2922.  3.214894E-17
2923.  3.143149E-17
2924.  3.072091E-17
2925.  3.001739E-17
2926.  2.932137E-17
2927.  2.863298E-17
2928.  2.795265E-17
2929.  2.728080E-17
2930.  2.661735E-17
2931.  2.596285E-17
2932.  2.531756E-17
2933.  2.468169E-17
2934.  2.405535E-17
2935.  2.343882E-17
2936.  2.283246E-17
2937.  2.223631E-17
2938.  2.165062E-17
2939.  2.107564E-17
2940.  2.051143E-17
2941.  1.995829E-17
2942.  1.941630E-17
2943.  1.888554E-17
2944.  1.836618E-17
2945.  1.785842E-17
2946.  1.736228E-17
2947.  1.687795E-17
2948.  1.640542E-17
2949.  1.594477E-17
2950.  1.549611E-17
2951.  1.505955E-17
2952.  1.463509E-17
2953.  1.422268E-17
2954.  1.382260E-17
2955.  1.343460E-17
2956.  1.305872E-17
2957.  1.269525E-17
2958.  1.234384E-17
2959.  1.200457E-17
2960.  1.167758E-17
2961.  1.136270E-17
2962.  1.106000E-17
2963.  1.076925E-17
2964.  1.049056E-17
2965.  1.022375E-17
2966.  9.968856E-18
2967.  9.725733E-18
2968.  9.494387E-18
2969.  9.274706E-18
2970.  9.066543E-18
2971.  8.869871E-18
2972.  8.684545E-18
2973.  8.510526E-18
2974.  8.347483E-18
2975.  8.195735E-18
2976.  8.054802E-18
2977.  7.924691E-18
2978.  7.805227E-18
2979.  7.696300E-18
2980.  7.597813E-18
2981.  7.509715E-18
2982.  7.431662E-18
2983.  7.363645E-18
2984.  7.305512E-18
2985.  7.257081E-18
2986.  7.218228E-18
2987.  7.188956E-18
2988.  7.168870E-18
2989.  7.157948E-18
2990.  7.156154E-18
2991.  7.163181E-18
2992.  7.178882E-18
2993.  7.203227E-18
2994.  7.236020E-18
2995.  7.277029E-18
2996.  7.326347E-18
2997.  7.383553E-18
2998.  7.448741E-18
2999.  7.521552E-18
3000.  7.602025E-18
3001.  7.689898E-18
3002.  7.785067E-18
3003.  7.887517E-18
3004.  7.997023E-18
3005.  8.113487E-18
3006.  8.236702E-18
3007.  8.366651E-18
3008.  8.503130E-18
3009.  8.646142E-18
3010.  8.795413E-18
3011.  8.950927E-18
3012.  9.112614E-18
3013.  9.280376E-18
3014.  9.453970E-18
3015.  9.633431E-18
3016.  9.818531E-18
3017.  1.000930E-17
3018.  1.020567E-17
3019.  1.040742E-17
3020.  1.061473E-17
3021.  1.082719E-17
3022.  1.104489E-17
3023.  1.126776E-17
3024.  1.149572E-17
3025.  1.172880E-17
3026.  1.196680E-17
3027.  1.220965E-17
3028.  1.245748E-17
3029.  1.270996E-17
3030.  1.296742E-17
3031.  1.322946E-17
3032.  1.349624E-17
3033.  1.376755E-17
3034.  1.404355E-17
3035.  1.432415E-17
3036.  1.460924E-17
3037.  1.489896E-17
3038.  1.519313E-17
3039.  1.549170E-17
3040.  1.579483E-17
3041.  1.610243E-17
3042.  1.641446E-17
3043.  1.673086E-17
3044.  1.705171E-17
3045.  1.737689E-17
3046.  1.770658E-17
3047.  1.804059E-17
3048.  1.837902E-17
3049.  1.872182E-17
3050.  1.906900E-17
3051.  1.942065E-17
3052.  1.977653E-17
3053.  2.013686E-17
3054.  2.050167E-17
3055.  2.087081E-17
3056.  2.124429E-17
3057.  2.162216E-17
3058.  2.200447E-17
3059.  2.239119E-17
3060.  2.278224E-17
3061.  2.317773E-17
3062.  2.357758E-17
3063.  2.398178E-17
3064.  2.439045E-17
3065.  2.480335E-17
3066.  2.522077E-17
3067.  2.564249E-17
3068.  2.606847E-17
3069.  2.649891E-17
3070.  2.693357E-17
3071.  2.737255E-17
3072.  2.781575E-17
3073.  2.826329E-17
3074.  2.871495E-17
3075.  2.917085E-17
3076.  2.963094E-17
3077.  3.009501E-17
3078.  3.056316E-17
3079.  3.103542E-17
3080.  3.151170E-17
3081.  3.199176E-17
3082.  3.247569E-17
3083.  3.296353E-17
3084.  3.345506E-17
3085.  3.395022E-17
3086.  3.444908E-17
3087.  3.495134E-17
3088.  3.545710E-17
3089.  3.596626E-17
3090.  3.647864E-17
3091.  3.699412E-17
3092.  3.751282E-17
3093.  3.803426E-17
3094.  3.855862E-17
3095.  3.908569E-17
3096.  3.961544E-17
3097.  4.014755E-17
3098.  4.068215E-17
3099.  4.121891E-17
3100.  4.175779E-17
3101.  4.229851E-17
3102.  4.284112E-17
3103.  4.338532E-17
3104.  4.393103E-17
3105.  4.447806E-17
3106.  4.502625E-17
3107.  4.557541E-17
3108.  4.612550E-17
3109.  4.667615E-17
3110.  4.722727E-17
3111.  4.777867E-17
3112.  4.833019E-17
3113.  4.888167E-17
3114.  4.943285E-17
3115.  4.998364E-17
3116.  5.053371E-17
3117.  5.108292E-17
3118.  5.163113E-17
3119.  5.217810E-17
3120.  5.272378E-17
3121.  5.326765E-17
3122.  5.380970E-17
3123.  5.434961E-17
3124.  5.488742E-17
3125.  5.542274E-17
3126.  5.595547E-17
3127.  5.648533E-17
3128.  5.701208E-17
3129.  5.753571E-17
3130.  5.805588E-17
3131.  5.857243E-17
3132.  5.908513E-17
3133.  5.959398E-17
3134.  6.009858E-17
3135.  6.059881E-17
3136.  6.109454E-17
3137.  6.158559E-17
3138.  6.207177E-17
3139.  6.255305E-17
3140.  6.302910E-17
3141.  6.349984E-17
3142.  6.396511E-17
3143.  6.442479E-17
3144.  6.487885E-17
3145.  6.532698E-17
3146.  6.576930E-17
3147.  6.620554E-17
3148.  6.663564E-17
3149.  6.705951E-17
3150.  6.747704E-17
3151.  6.788827E-17
3152.  6.829309E-17
3153.  6.869146E-17
3154.  6.908330E-17
3155.  6.946863E-17
3156.  6.984738E-17
3157.  7.021965E-17
3158.  7.058539E-17
3159.  7.094459E-17
3160.  7.129732E-17
3161.  7.164363E-17
3162.  7.198345E-17
3163.  7.231709E-17
3164.  7.264433E-17
3165.  7.296551E-17
3166.  7.328068E-17
3167.  7.358989E-17
3168.  7.389333E-17
3169.  7.419113E-17
3170.  7.448343E-17
3171.  7.477036E-17
3172.  7.505225E-17
3173.  7.532914E-17
3174.  7.560136E-17
3175.  7.586894E-17
3176.  7.613227E-17
3177.  7.639161E-17
3178.  7.664723E-17
3179.  7.689926E-17
3180.  7.714809E-17
3181.  7.739406E-17
3182.  7.763737E-17
3183.  7.787836E-17
3184.  7.811736E-17
3185.  7.835481E-17
3186.  7.859102E-17
3187.  7.882628E-17
3188.  7.906097E-17
3189.  7.929560E-17
3190.  7.953043E-17
3191.  7.976585E-17
3192.  8.000242E-17
3193.  8.024037E-17
3194.  8.048019E-17
3195.  8.072246E-17
3196.  8.096747E-17
3197.  8.121569E-17
3198.  8.146755E-17
3199.  8.172362E-17
3200.  8.198414E-17
3201.  8.224982E-17
3202.  8.252103E-17
3203.  8.279830E-17
3204.  8.308203E-17
3205.  8.337259E-17
3206.  8.367065E-17
3207.  8.397662E-17
3208.  8.429108E-17
3209.  8.461434E-17
3210.  8.494708E-17
3211.  8.528959E-17
3212.  8.564248E-17
3213.  8.600606E-17
3214.  8.638098E-17
3215.  8.676765E-17
3216.  8.716643E-17
3217.  8.757799E-17
3218.  8.800269E-17
3219.  8.844081E-17
3220.  8.889300E-17
3221.  8.935966E-17
3222.  8.984115E-17
3223.  9.033788E-17
3224.  9.085033E-17
3225.  9.137877E-17
3226.  9.192379E-17
3227.  9.248561E-17
3228.  9.306459E-17
3229.  9.366118E-17
3230.  9.427563E-17
3231.  9.490832E-17
3232.  9.555956E-17
3233.  9.622967E-17
3234.  9.691894E-17
3235.  9.762761E-17
3236.  9.835584E-17
3237.  9.910418E-17
3238.  9.987262E-17
3239.  1.006614E-16
3240.  1.014708E-16
3241.  1.023008E-16
3242.  1.031519E-16
3243.  1.040241E-16
3244.  1.049174E-16
3245.  1.058320E-16
3246.  1.067683E-16
3247.  1.077259E-16
3248.  1.087052E-16
3249.  1.097062E-16
3250.  1.107288E-16
3251.  1.117732E-16
3252.  1.128392E-16
3253.  1.139270E-16
3254.  1.150365E-16
3255.  1.161676E-16
3256.  1.173203E-16
3257.  1.184945E-16
3258.  1.196900E-16
3259.  1.209070E-16
3260.  1.221451E-16
3261.  1.234043E-16
3262.  1.246843E-16
3263.  1.259851E-16
3264.  1.273065E-16
3265.  1.286482E-16
3266.  1.300101E-16
3267.  1.313919E-16
3268.  1.327934E-16
3269.  1.342145E-16
3270.  1.356547E-16
3271.  1.371139E-16
3272.  1.385919E-16
3273.  1.400881E-16
3274.  1.416025E-16
3275.  1.431347E-16
3276.  1.446845E-16
3277.  1.462514E-16
3278.  1.478352E-16
3279.  1.494356E-16
3280.  1.510521E-16
3281.  1.526846E-16
3282.  1.543326E-16
3283.  1.559958E-16
3284.  1.576737E-16
3285.  1.593662E-16
3286.  1.610728E-16
3287.  1.627932E-16
3288.  1.645271E-16
3289.  1.662739E-16
3290.  1.680335E-16
3291.  1.698054E-16
3292.  1.715893E-16
3293.  1.733848E-16
3294.  1.751917E-16
3295.  1.770094E-16
3296.  1.788377E-16
3297.  1.806764E-16
3298.  1.825249E-16
3299.  1.843830E-16
3300.  1.862503E-16
3301.  1.881265E-16
3302.  1.900114E-16
3303.  1.919044E-16
3304.  1.938056E-16
3305.  1.957144E-16
3306.  1.976306E-16
3307.  1.995539E-16
3308.  2.014839E-16
3309.  2.034205E-16
3310.  2.053635E-16
3311.  2.073124E-16
3312.  2.092670E-16
3313.  2.112272E-16
3314.  2.131927E-16
3315.  2.151630E-16
3316.  2.171383E-16
3317.  2.191182E-16
3318.  2.211025E-16
3319.  2.230907E-16
3320.  2.250832E-16
3321.  2.270793E-16
3322.  2.290789E-16
3323.  2.310820E-16
3324.  2.330884E-16
3325.  2.350977E-16
3326.  2.371099E-16
3327.  2.391248E-16
3328.  2.411421E-16
3329.  2.431619E-16
3330.  2.451838E-16
3331.  2.472078E-16
3332.  2.492338E-16
3333.  2.512614E-16
3334.  2.532905E-16
3335.  2.553210E-16
3336.  2.573529E-16
3337.  2.593858E-16
3338.  2.614196E-16
3339.  2.634542E-16
3340.  2.654894E-16
3341.  2.675249E-16
3342.  2.695607E-16
3343.  2.715966E-16
3344.  2.736324E-16
3345.  2.756676E-16
3346.  2.777024E-16
3347.  2.797364E-16
3348.  2.817694E-16
3349.  2.838012E-16
3350.  2.858315E-16
3351.  2.878601E-16
3352.  2.898867E-16
3353.  2.919110E-16
3354.  2.939327E-16
3355.  2.959518E-16
3356.  2.979675E-16
3357.  2.999798E-16
3358.  3.019883E-16
3359.  3.039925E-16
3360.  3.059922E-16
3361.  3.079870E-16
3362.  3.099765E-16
3363.  3.119602E-16
3364.  3.139379E-16
3365.  3.159089E-16
3366.  3.178728E-16
3367.  3.198292E-16
3368.  3.217776E-16
3369.  3.237174E-16
3370.  3.256482E-16
3371.  3.275694E-16
3372.  3.294805E-16
3373.  3.313809E-16
3374.  3.332701E-16
3375.  3.351473E-16
3376.  3.370121E-16
3377.  3.388637E-16
3378.  3.407017E-16
3379.  3.425252E-16
3380.  3.443336E-16
3381.  3.461264E-16
3382.  3.479027E-16
3383.  3.496619E-16
3384.  3.514033E-16
3385.  3.531262E-16
3386.  3.548298E-16
3387.  3.565134E-16
3388.  3.581762E-16
3389.  3.598176E-16
3390.  3.614366E-16
3391.  3.630327E-16
3392.  3.646050E-16
3393.  3.661528E-16
3394.  3.676752E-16
3395.  3.691714E-16
3396.  3.706409E-16
3397.  3.720827E-16
3398.  3.734962E-16
3399.  3.748804E-16
3400.  3.762346E-16
3401.  3.775581E-16
3402.  3.788501E-16
3403.  3.801100E-16
3404.  3.813368E-16
3405.  3.825300E-16
3406.  3.836885E-16
3407.  3.848120E-16
3408.  3.858996E-16
3409.  3.869507E-16
3410.  3.879645E-16
3411.  3.889404E-16
3412.  3.898778E-16
3413.  3.907758E-16
3414.  3.916342E-16
3415.  3.924519E-16
3416.  3.932288E-16
3417.  3.939639E-16
3418.  3.946570E-16
3419.  3.953073E-16
3420.  3.959146E-16
3421.  3.964782E-16
3422.  3.969977E-16
3423.  3.974726E-16
3424.  3.979026E-16
3425.  3.982873E-16
3426.  3.986263E-16
3427.  3.989192E-16
3428.  3.991658E-16
3429.  3.993657E-16
3430.  3.995190E-16
3431.  3.996249E-16
3432.  3.996836E-16
3433.  3.996948E-16
3434.  3.996584E-16
3435.  3.995743E-16
3436.  3.994424E-16
3437.  3.992625E-16
3438.  3.990350E-16
3439.  3.987594E-16
3440.  3.984360E-16
3441.  3.980648E-16
3442.  3.976459E-16
3443.  3.971795E-16
3444.  3.966656E-16
3445.  3.961045E-16
3446.  3.954964E-16
3447.  3.948415E-16
3448.  3.941399E-16
3449.  3.933922E-16
3450.  3.925986E-16
3451.  3.917594E-16
3452.  3.908749E-16
3453.  3.899456E-16
3454.  3.889721E-16
3455.  3.879546E-16
3456.  3.868936E-16
3457.  3.857897E-16
3458.  3.846434E-16
3459.  3.834551E-16
3460.  3.822257E-16
3461.  3.809553E-16
3462.  3.796450E-16
3463.  3.782952E-16
3464.  3.769066E-16
3465.  3.754800E-16
3466.  3.740159E-16
3467.  3.725151E-16
3468.  3.709784E-16
3469.  3.694063E-16
3470.  3.677998E-16
3471.  3.661595E-16
3472.  3.644864E-16
3473.  3.627812E-16
3474.  3.610449E-16
3475.  3.592779E-16
3476.  3.574814E-16
3477.  3.556562E-16
3478.  3.538030E-16
3479.  3.519228E-16
3480.  3.500167E-16
3481.  3.480851E-16
3482.  3.461292E-16
3483.  3.441500E-16
3484.  3.421482E-16
3485.  3.401248E-16
3486.  3.380805E-16
3487.  3.360165E-16
3488.  3.339337E-16
3489.  3.318330E-16
3490.  3.297152E-16
3491.  3.275813E-16
3492.  3.254321E-16
3493.  3.232687E-16
3494.  3.210918E-16
3495.  3.189026E-16
3496.  3.167017E-16
3497.  3.144902E-16
3498.  3.122689E-16
3499.  3.100389E-16
3500.  3.078008E-16
3501.  3.055554E-16
3502.  3.033040E-16
3503.  3.010472E-16
3504.  2.987856E-16
3505.  2.965205E-16
3506.  2.942525E-16
3507.  2.919824E-16
3508.  2.897111E-16
3509.  2.874393E-16
3510.  2.851677E-16
3511.  2.828973E-16
3512.  2.806287E-16
3513.  2.783626E-16
3514.  2.760997E-16
3515.  2.738409E-16
3516.  2.715867E-16
3517.  2.693378E-16
3518.  2.670948E-16
3519.  2.648586E-16
3520.  2.626296E-16
3521.  2.604082E-16
3522.  2.581955E-16
3523.  2.559916E-16
3524.  2.537973E-16
3525.  2.516131E-16
3526.  2.494393E-16
3527.  2.472767E-16
3528.  2.451254E-16
3529.  2.429860E-16
3530.  2.408590E-16
3531.  2.387449E-16
3532.  2.366439E-16
3533.  2.345562E-16
3534.  2.324824E-16
3535.  2.304228E-16
3536.  2.283776E-16
3537.  2.263470E-16
3538.  2.243315E-16
3539.  2.223310E-16
3540.  2.203460E-16
3541.  2.183766E-16
3542.  2.164229E-16
3543.  2.144851E-16
3544.  2.125635E-16
3545.  2.106577E-16
3546.  2.087684E-16
3547.  2.068952E-16
3548.  2.050382E-16
3549.  2.031978E-16
3550.  2.013737E-16
3551.  1.995657E-16
3552.  1.977741E-16
3553.  1.959988E-16
3554.  1.942398E-16
3555.  1.924967E-16
3556.  1.907696E-16
3557.  1.890584E-16
3558.  1.873628E-16
3559.  1.856830E-16
3560.  1.840186E-16
3561.  1.823693E-16
3562.  1.807351E-16
3563.  1.791158E-16
3564.  1.775111E-16
3565.  1.759207E-16
3566.  1.743446E-16
3567.  1.727823E-16
3568.  1.712337E-16
3569.  1.696983E-16
3570.  1.681762E-16
3571.  1.666668E-16
3572.  1.651699E-16
3573.  1.636852E-16
3574.  1.622124E-16
3575.  1.607513E-16
3576.  1.593014E-16
3577.  1.578624E-16
3578.  1.564341E-16
3579.  1.550159E-16
3580.  1.536079E-16
3581.  1.522095E-16
3582.  1.508204E-16
3583.  1.494402E-16
3584.  1.480688E-16
3585.  1.467058E-16
3586.  1.453506E-16
3587.  1.440033E-16
3588.  1.426634E-16
3589.  1.413305E-16
3590.  1.400043E-16
3591.  1.386847E-16
3592.  1.373714E-16
3593.  1.360639E-16
3594.  1.347619E-16
3595.  1.334655E-16
3596.  1.321742E-16
3597.  1.308878E-16
3598.  1.296058E-16
3599.  1.283284E-16
3600.  1.270551E-16
3601.  1.257858E-16
3602.  1.245203E-16
3603.  1.232584E-16
3604.  1.220001E-16
3605.  1.207447E-16
3606.  1.194927E-16
3607.  1.182436E-16
3608.  1.169974E-16
3609.  1.157538E-16
3610.  1.145131E-16
3611.  1.132749E-16
3612.  1.120392E-16
3613.  1.108061E-16
3614.  1.095753E-16
3615.  1.083469E-16
3616.  1.071209E-16
3617.  1.058973E-16
3618.  1.046762E-16
3619.  1.034575E-16
3620.  1.022414E-16
3621.  1.010276E-16
3622.  9.981663E-17
3623.  9.860829E-17
3624.  9.740290E-17
3625.  9.620024E-17
3626.  9.500065E-17
3627.  9.380431E-17
3628.  9.261130E-17
3629.  9.142164E-17
3630.  9.023558E-17
3631.  8.905354E-17
3632.  8.787547E-17
3633.  8.670156E-17
3634.  8.553210E-17
3635.  8.436702E-17
3636.  8.320706E-17
3637.  8.205209E-17
3638.  8.090239E-17
3639.  7.975830E-17
3640.  7.862006E-17
3641.  7.748784E-17
3642.  7.636199E-17
3643.  7.524266E-17
3644.  7.413015E-17
3645.  7.302497E-17
3646.  7.192711E-17
3647.  7.083696E-17
3648.  6.975480E-17
3649.  6.868091E-17
3650.  6.761550E-17
3651.  6.655902E-17
3652.  6.551155E-17
3653.  6.447356E-17
3654.  6.344518E-17
3655.  6.242684E-17
3656.  6.141868E-17
3657.  6.042091E-17
3658.  5.943413E-17
3659.  5.845818E-17
3660.  5.749356E-17
3661.  5.654058E-17
3662.  5.559910E-17
3663.  5.466985E-17
3664.  5.375288E-17
3665.  5.284836E-17
3666.  5.195652E-17
3667.  5.107757E-17
3668.  5.021179E-17
3669.  4.935917E-17
3670.  4.852026E-17
3671.  4.769494E-17
3672.  4.688349E-17
3673.  4.608590E-17
3674.  4.530240E-17
3675.  4.453339E-17
3676.  4.377859E-17
3677.  4.303837E-17
3678.  4.231271E-17
3679.  4.160171E-17
3680.  4.090554E-17
3681.  4.022410E-17
3682.  3.955758E-17
3683.  3.890606E-17
3684.  3.826952E-17
3685.  3.764777E-17
3686.  3.704112E-17
3687.  3.644931E-17
3688.  3.587261E-17
3689.  3.531067E-17
3690.  3.476377E-17
3691.  3.423149E-17
3692.  3.371401E-17
3693.  3.321123E-17
3694.  3.272304E-17
3695.  3.224934E-17
3696.  3.178984E-17
3697.  3.134458E-17
3698.  3.091357E-17
3699.  3.049637E-17
3700.  3.009302E-17
3701.  2.970327E-17
3702.  2.932692E-17
3703.  2.896386E-17
3704.  2.861383E-17
3705.  2.827664E-17
3706.  2.795206E-17
3707.  2.763991E-17
3708.  2.733988E-17
3709.  2.705181E-17
3710.  2.677542E-17
3711.  2.651037E-17
3712.  2.625651E-17
3713.  2.601363E-17
3714.  2.578127E-17
3715.  2.555930E-17
3716.  2.534745E-17
3717.  2.514517E-17
3718.  2.495239E-17
3719.  2.476877E-17
3720.  2.459410E-17
3721.  2.442794E-17
3722.  2.427012E-17
3723.  2.412016E-17
3724.  2.397786E-17
3725.  2.384279E-17
3726.  2.371468E-17
3727.  2.359332E-17
3728.  2.347836E-17
3729.  2.336942E-17
3730.  2.326625E-17
3731.  2.316845E-17
3732.  2.307576E-17
3733.  2.298777E-17
3734.  2.290433E-17
3735.  2.282510E-17
3736.  2.274966E-17
3737.  2.267787E-17
3738.  2.260925E-17
3739.  2.254375E-17
3740.  2.248081E-17
3741.  2.242032E-17
3742.  2.236192E-17
3743.  2.230532E-17
3744.  2.225047E-17
3745.  2.219671E-17
3746.  2.214407E-17
3747.  2.209221E-17
3748.  2.204096E-17
3749.  2.198994E-17
3750.  2.193897E-17
3751.  2.188790E-17
3752.  2.183641E-17
3753.  2.178429E-17
3754.  2.173144E-17
3755.  2.167759E-17
3756.  2.162258E-17
3757.  2.156613E-17
3758.  2.150815E-17
3759.  2.144854E-17
3760.  2.138692E-17
3761.  2.132334E-17
3762.  2.125766E-17
3763.  2.118963E-17
3764.  2.111918E-17
3765.  2.104609E-17
3766.  2.097045E-17
3767.  2.089203E-17
3768.  2.081084E-17
3769.  2.072661E-17
3770.  2.063934E-17
3771.  2.054917E-17
3772.  2.045568E-17
3773.  2.035905E-17
3774.  2.025915E-17
3775.  2.015597E-17
3776.  2.004951E-17
3777.  1.993966E-17
3778.  1.982655E-17
3779.  1.970994E-17
3780.  1.959009E-17
3781.  1.946678E-17
3782.  1.934013E-17
3783.  1.921026E-17
3784.  1.907698E-17
3785.  1.894038E-17
3786.  1.880053E-17
3787.  1.865749E-17
3788.  1.851138E-17
3789.  1.836208E-17
3790.  1.820973E-17
3791.  1.805439E-17
3792.  1.789608E-17
3793.  1.773499E-17
3794.  1.757108E-17
3795.  1.740448E-17
3796.  1.723521E-17
3797.  1.706345E-17
3798.  1.688923E-17
3799.  1.671261E-17
3800.  1.653385E-17
3801.  1.635284E-17
3802.  1.616969E-17
3803.  1.598467E-17
3804.  1.579778E-17
3805.  1.560911E-17
3806.  1.541881E-17
3807.  1.522694E-17
3808.  1.503369E-17
3809.  1.483909E-17
3810.  1.464326E-17
3811.  1.444628E-17
3812.  1.424840E-17
3813.  1.404959E-17
3814.  1.384996E-17
3815.  1.364970E-17
3816.  1.344888E-17
3817.  1.324752E-17
3818.  1.304595E-17
3819.  1.284412E-17
3820.  1.264209E-17
3821.  1.244000E-17
3822.  1.223809E-17
3823.  1.203636E-17
3824.  1.183482E-17
3825.  1.163358E-17
3826.  1.143293E-17
3827.  1.123275E-17
3828.  1.103331E-17
3829.  1.083448E-17
3830.  1.063648E-17
3831.  1.043940E-17
3832.  1.024326E-17
3833.  1.004814E-17
3834.  9.854139E-18
3835.  9.661365E-18
3836.  9.469754E-18
3837.  9.279512E-18
3838.  9.090594E-18
3839.  8.903110E-18
3840.  8.717081E-18
3841.  8.532645E-18
3842.  8.349720E-18
3843.  8.168388E-18
3844.  7.988809E-18
3845.  7.810832E-18
3846.  7.634500E-18
3847.  7.459949E-18
3848.  7.287256E-18
3849.  7.116304E-18
3850.  6.947126E-18
3851.  6.779838E-18
3852.  6.614288E-18
3853.  6.450596E-18
3854.  6.288706E-18
3855.  6.128727E-18
3856.  5.970575E-18
3857.  5.814225E-18
3858.  5.659774E-18
3859.  5.507017E-18
3860.  5.356132E-18
3861.  5.206927E-18
3862.  5.059500E-18
3863.  4.913720E-18
3864.  4.769747E-18
3865.  4.627355E-18
3866.  4.486585E-18
3867.  4.347397E-18
3868.  4.209748E-18
3869.  4.073687E-18
3870.  3.938896E-18
3871.  3.805632E-18
3872.  3.673692E-18
3873.  3.543009E-18
3874.  3.413529E-18
3875.  3.285334E-18
3876.  3.158226E-18
3877.  3.032156E-18
3878.  2.907053E-18
3879.  2.782818E-18
3880.  2.659568E-18
3881.  2.536970E-18
3882.  2.415185E-18
3883.  2.294068E-18
3884.  2.173442E-18
3885.  2.053290E-18
3886.  1.933551E-18
3887.  1.814270E-18
3888.  1.695165E-18
3889.  1.576185E-18
3890.  1.457361E-18
3891.  1.338488E-18
3892.  1.219552E-18
3893.  1.100523E-18
3894.  9.812776E-19
3895.  8.616468E-19
3896.  7.417191E-19
3897.  6.211805E-19
3898.  5.001006E-19
3899.  3.784896E-19
3900.  2.560839E-19
3901.  1.328946E-19
3902.  8.737648E-21
3903.  -1.163344E-19
3904.  -2.424310E-19
3905.  -3.696362E-19
3906.  -4.980863E-19
3907.  -6.277987E-19
3908.  -7.588800E-19
3909.  -8.913429E-19
3910.  -1.025260E-18
3911.  -1.160785E-18
3912.  -1.297940E-18
3913.  -1.436800E-18
3914.  -1.577302E-18
3915.  -1.719699E-18
3916.  -1.863944E-18
3917.  -2.010094E-18
3918.  -2.158317E-18
3919.  -2.308495E-18
3920.  -2.460736E-18
3921.  -2.615029E-18
3922.  -2.771516E-18
3923.  -2.930229E-18
3924.  -3.091031E-18
3925.  -3.254215E-18
3926.  -3.419579E-18
3927.  -3.587271E-18
3928.  -3.757221E-18
3929.  -3.929519E-18
3930.  -4.104215E-18
3931.  -4.281155E-18
3932.  -4.460441E-18
3933.  -4.642051E-18
3934.  -4.825974E-18
3935.  -5.012180E-18
3936.  -5.200629E-18
3937.  -5.391330E-18
3938.  -5.584299E-18
3939.  -5.779392E-18
3940.  -5.976611E-18
3941.  -6.175984E-18
3942.  -6.377347E-18
3943.  -6.580773E-18
3944.  -6.786032E-18
3945.  -6.993199E-18
3946.  -7.202144E-18
3947.  -7.412751E-18
3948.  -7.624919E-18
3949.  -7.838679E-18
3950.  -8.053803E-18
3951.  -8.270201E-18
3952.  -8.487818E-18
3953.  -8.706581E-18
3954.  -8.926182E-18
3955.  -9.146745E-18
3956.  -9.367858E-18
3957.  -9.589538E-18
3958.  -9.811695E-18
3959.  -1.003402E-17
3960.  -1.025650E-17
3961.  -1.047890E-17
3962.  -1.070105E-17
3963.  -1.092275E-17
3964.  -1.114389E-17
3965.  -1.136407E-17
3966.  -1.158333E-17
3967.  -1.180148E-17
3968.  -1.201821E-17
3969.  -1.223338E-17
3970.  -1.244664E-17
3971.  -1.265790E-17
3972.  -1.286681E-17
3973.  -1.307334E-17
3974.  -1.327714E-17
3975.  -1.347798E-17
3976.  -1.367553E-17
3977.  -1.386974E-17
3978.  -1.406009E-17
3979.  -1.424659E-17
3980.  -1.442888E-17
3981.  -1.460669E-17
3982.  -1.477974E-17
3983.  -1.494786E-17
3984.  -1.511062E-17
3985.  -1.526790E-17
3986.  -1.541926E-17
3987.  -1.556461E-17
3988.  -1.570361E-17
3989.  -1.583601E-17
3990.  -1.596152E-17
3991.  -1.607986E-17
3992.  -1.619061E-17
3993.  -1.629374E-17
3994.  -1.638880E-17
3995.  -1.647550E-17
3996.  -1.655382E-17
3997.  -1.662311E-17
3998.  -1.668348E-17
3999.  -1.673431E-17
4000.  -1.677563E-17
4001.  -1.680699E-17
4002.  -1.682820E-17
4003.  -1.683896E-17
4004.  -1.683906E-17
4005.  -1.682827E-17
4006.  -1.680630E-17
4007.  -1.677292E-17
4008.  -1.672793E-17
4009.  -1.667105E-17
4010.  -1.660214E-17
4011.  -1.652087E-17
4012.  -1.642708E-17
4013.  -1.632062E-17
4014.  -1.620129E-17
4015.  -1.606867E-17
4016.  -1.592298E-17
4017.  -1.576370E-17
4018.  -1.559083E-17
4019.  -1.540425E-17
4020.  -1.520363E-17
4021.  -1.498912E-17
4022.  -1.476027E-17
4023.  -1.451723E-17
4024.  -1.425972E-17
4025.  -1.398774E-17
4026.  -1.370118E-17
4027.  -1.339991E-17
4028.  -1.308397E-17
4029.  -1.275309E-17
4030.  -1.240747E-17
4031.  -1.204704E-17
4032.  -1.167156E-17
4033.  -1.128134E-17
4034.  -1.087621E-17
4035.  -1.045611E-17
4036.  -1.002117E-17
4037.  -9.571450E-18
4038.  -9.106954E-18
4039.  -8.627654E-18
4040.  -8.133865E-18
4041.  -7.625537E-18
4042.  -7.102686E-18
4043.  -6.565520E-18
4044.  -6.014151E-18
4045.  -5.448818E-18
4046.  -4.869381E-18
4047.  -4.276330E-18
4048.  -3.669640E-18
4049.  -3.049476E-18
4050.  -2.416119E-18
4051.  -1.769881E-18
4052.  -1.110796E-18
4053.  -4.391569E-19
4054.  2.448324E-19
4055.  9.408561E-19
4056.  1.648719E-18
4057.  2.368047E-18
4058.  3.098631E-18
4059.  3.840174E-18
4060.  4.592302E-18
4061.  5.354935E-18
4062.  6.127458E-18
4063.  6.909605E-18
4064.  7.701192E-18
4065.  8.501733E-18
4066.  9.310929E-18
4067.  1.012837E-17
4068.  1.095379E-17
4069.  1.178668E-17
4070.  1.262677E-17
4071.  1.347360E-17
4072.  1.432678E-17
4073.  1.518590E-17
4074.  1.605061E-17
4075.  1.692054E-17
4076.  1.779515E-17
4077.  1.867407E-17
4078.  1.955698E-17
4079.  2.044331E-17
4080.  2.133271E-17
4081.  2.222473E-17
4082.  2.311902E-17
4083.  2.401507E-17
4084.  2.491249E-17
4085.  2.581075E-17
4086.  2.670966E-17
4087.  2.760858E-17
4088.  2.850717E-17
4089.  2.940498E-17
4090.  3.030163E-17
4091.  3.119666E-17
4092.  3.208965E-17
4093.  3.298029E-17
4094.  3.386801E-17
4095.  3.475246E-17
4096.  3.563336E-17
4097.  3.651027E-17
4098.  3.738272E-17
4099.  3.825029E-17
4100.  3.911284E-17
4101.  3.996975E-17
4102.  4.082083E-17
4103.  4.166560E-17
4104.  4.250386E-17
4105.  4.333505E-17
4106.  4.415908E-17
4107.  4.497563E-17
4108.  4.578414E-17
4109.  4.658452E-17
4110.  4.737635E-17
4111.  4.815953E-17
4112.  4.893363E-17
4113.  4.969849E-17
4114.  5.045376E-17
4115.  5.119917E-17
4116.  5.193470E-17
4117.  5.265983E-17
4118.  5.337465E-17
4119.  5.407860E-17
4120.  5.477190E-17
4121.  5.545413E-17
4122.  5.612520E-17
4123.  5.678497E-17
4124.  5.743319E-17
4125.  5.806981E-17
4126.  5.869472E-17
4127.  5.930784E-17
4128.  5.990893E-17
4129.  6.049810E-17
4130.  6.107514E-17
4131.  6.164007E-17
4132.  6.219280E-17
4133.  6.273312E-17
4134.  6.326136E-17
4135.  6.377712E-17
4136.  6.428073E-17
4137.  6.477196E-17
4138.  6.525097E-17
4139.  6.571765E-17
4140.  6.617213E-17
4141.  6.661443E-17
4142.  6.704456E-17
4143.  6.746269E-17
4144.  6.786879E-17
4145.  6.826294E-17
4146.  6.864535E-17
4147.  6.901586E-17
4148.  6.937487E-17
4149.  6.972235E-17
4150.  7.005847E-17
4151.  7.038342E-17
4152.  7.069718E-17
4153.  7.099992E-17
4154.  7.129206E-17
4155.  7.157343E-17
4156.  7.184438E-17
4157.  7.210512E-17
4158.  7.235565E-17
4159.  7.259636E-17
4160.  7.282736E-17
4161.  7.304878E-17
4162.  7.326100E-17
4163.  7.346419E-17
4164.  7.365844E-17
4165.  7.384409E-17
4166.  7.402140E-17
4167.  7.419053E-17
4168.  7.435176E-17
4169.  7.450532E-17
4170.  7.465158E-17
4171.  7.479056E-17
4172.  7.492276E-17
4173.  7.504835E-17
4174.  7.516746E-17
4175.  7.528069E-17
4176.  7.538808E-17
4177.  7.549002E-17
4178.  7.558671E-17
4179.  7.567857E-17
4180.  7.576579E-17
4181.  7.584872E-17
4182.  7.592769E-17
4183.  7.600298E-17
4184.  7.607493E-17
4185.  7.614380E-17
4186.  7.620992E-17
4187.  7.627378E-17
4188.  7.633563E-17
4189.  7.639567E-17
4190.  7.645444E-17
4191.  7.651220E-17
4192.  7.656934E-17
4193.  7.662621E-17
4194.  7.668312E-17
4195.  7.674046E-17
4196.  7.679870E-17
4197.  7.685816E-17
4198.  7.691919E-17
4199.  7.698215E-17
4200.  7.704752E-17
4201.  7.711563E-17
4202.  7.718704E-17
4203.  7.726187E-17
4204.  7.734079E-17
4205.  7.742421E-17
4206.  7.751250E-17
4207.  7.760598E-17
4208.  7.770516E-17
4209.  7.781060E-17
4210.  7.792268E-17
4211.  7.804168E-17
4212.  7.816829E-17
4213.  7.830292E-17
4214.  7.844598E-17
4215.  7.859796E-17
4216.  7.875928E-17
4217.  7.893055E-17
4218.  7.911214E-17
4219.  7.930454E-17
4220.  7.950826E-17
4221.  7.972397E-17
4222.  7.995192E-17
4223.  8.019267E-17
4224.  8.044666E-17
4225.  8.071456E-17
4226.  8.099684E-17
4227.  8.129393E-17
4228.  8.160642E-17
4229.  8.193457E-17
4230.  8.227925E-17
4231.  8.264064E-17
4232.  8.301951E-17
4233.  8.341627E-17
4234.  8.383141E-17
4235.  8.426529E-17
4236.  8.471866E-17
4237.  8.519178E-17
4238.  8.568527E-17
4239.  8.619960E-17
4240.  8.673522E-17
4241.  8.729261E-17
4242.  8.787218E-17
4243.  8.847440E-17
4244.  8.909965E-17
4245.  8.974853E-17
4246.  9.042139E-17
4247.  9.111846E-17
4248.  9.184035E-17
4249.  9.258744E-17
4250.  9.335993E-17
4251.  9.415846E-17
4252.  9.498292E-17
4253.  9.583418E-17
4254.  9.671216E-17
4255.  9.761720E-17
4256.  9.854976E-17
4257.  9.950987E-17
4258.  1.004979E-16
4259.  1.015140E-16
4260.  1.025584E-16
4261.  1.036311E-16
4262.  1.047325E-16
4263.  1.058626E-16
4264.  1.070215E-16
4265.  1.082093E-16
4266.  1.094259E-16
4267.  1.106716E-16
4268.  1.119461E-16
4269.  1.132496E-16
4270.  1.145818E-16
4271.  1.159429E-16
4272.  1.173325E-16
4273.  1.187507E-16
4274.  1.201971E-16
4275.  1.216717E-16
4276.  1.231740E-16
4277.  1.247040E-16
4278.  1.262613E-16
4279.  1.278455E-16
4280.  1.294564E-16
4281.  1.310935E-16
4282.  1.327564E-16
4283.  1.344448E-16
4284.  1.361579E-16
4285.  1.378955E-16
4286.  1.396568E-16
4287.  1.414415E-16
4288.  1.432489E-16
4289.  1.450782E-16
4290.  1.469290E-16
4291.  1.488006E-16
4292.  1.506921E-16
4293.  1.526030E-16
4294.  1.545322E-16
4295.  1.564793E-16
4296.  1.584433E-16
4297.  1.604232E-16
4298.  1.624184E-16
4299.  1.644280E-16
4300.  1.664509E-16
4301.  1.684864E-16
4302.  1.705335E-16
4303.  1.725911E-16
4304.  1.746582E-16
4305.  1.767341E-16
4306.  1.788175E-16
4307.  1.809075E-16
4308.  1.830030E-16
4309.  1.851030E-16
4310.  1.872064E-16
4311.  1.893121E-16
4312.  1.914191E-16
4313.  1.935262E-16
4314.  1.956323E-16
4315.  1.977365E-16
4316.  1.998376E-16
4317.  2.019343E-16
4318.  2.040257E-16
4319.  2.061107E-16
4320.  2.081881E-16
4321.  2.102569E-16
4322.  2.123160E-16
4323.  2.143641E-16
4324.  2.164004E-16
4325.  2.184238E-16
4326.  2.204330E-16
4327.  2.224271E-16
4328.  2.244051E-16
4329.  2.263660E-16
4330.  2.283087E-16
4331.  2.302323E-16
4332.  2.321356E-16
4333.  2.340179E-16
4334.  2.358782E-16
4335.  2.377156E-16
4336.  2.395291E-16
4337.  2.413177E-16
4338.  2.430809E-16
4339.  2.448176E-16
4340.  2.465272E-16
4341.  2.482087E-16
4342.  2.498615E-16
4343.  2.514848E-16
4344.  2.530780E-16
4345.  2.546403E-16
4346.  2.561710E-16
4347.  2.576698E-16
4348.  2.591358E-16
4349.  2.605685E-16
4350.  2.619675E-16
4351.  2.633322E-16
4352.  2.646620E-16
4353.  2.659569E-16
4354.  2.672160E-16
4355.  2.684391E-16
4356.  2.696260E-16
4357.  2.707762E-16
4358.  2.718894E-16
4359.  2.729655E-16
4360.  2.740041E-16
4361.  2.750051E-16
4362.  2.759683E-16
4363.  2.768936E-16
4364.  2.777807E-16
4365.  2.786297E-16
4366.  2.794405E-16
4367.  2.802130E-16
4368.  2.809472E-16
4369.  2.816431E-16
4370.  2.823008E-16
4371.  2.829203E-16
4372.  2.835016E-16
4373.  2.840449E-16
4374.  2.845503E-16
4375.  2.850179E-16
4376.  2.854479E-16
4377.  2.858405E-16
4378.  2.861959E-16
4379.  2.865141E-16
4380.  2.867956E-16
4381.  2.870406E-16
4382.  2.872491E-16
4383.  2.874215E-16
4384.  2.875582E-16
4385.  2.876595E-16
4386.  2.877253E-16
4387.  2.877564E-16
4388.  2.877528E-16
4389.  2.877149E-16
4390.  2.876431E-16
4391.  2.875377E-16
4392.  2.873988E-16
4393.  2.872270E-16
4394.  2.870225E-16
4395.  2.867858E-16
4396.  2.865171E-16
4397.  2.862167E-16
4398.  2.858851E-16
4399.  2.855224E-16
4400.  2.851293E-16
4401.  2.847058E-16
4402.  2.842524E-16
4403.  2.837692E-16
4404.  2.832568E-16
4405.  2.827154E-16
4406.  2.821454E-16
4407.  2.815469E-16
4408.  2.809205E-16
4409.  2.802661E-16
4410.  2.795842E-16
4411.  2.788753E-16
4412.  2.781394E-16
4413.  2.773769E-16
4414.  2.765879E-16
4415.  2.757728E-16
4416.  2.749317E-16
4417.  2.740651E-16
4418.  2.731730E-16
4419.  2.722557E-16
4420.  2.713135E-16
4421.  2.703466E-16
4422.  2.693550E-16
4423.  2.683392E-16
4424.  2.672992E-16
4425.  2.662351E-16
4426.  2.651475E-16
4427.  2.640362E-16
4428.  2.629013E-16
4429.  2.617434E-16
4430.  2.605622E-16
4431.  2.593583E-16
4432.  2.581316E-16
4433.  2.568824E-16
4434.  2.556106E-16
4435.  2.543166E-16
4436.  2.530007E-16
4437.  2.516626E-16
4438.  2.503028E-16
4439.  2.489213E-16
4440.  2.475185E-16
4441.  2.460942E-16
4442.  2.446488E-16
4443.  2.431825E-16
4444.  2.416954E-16
4445.  2.401877E-16
4446.  2.386594E-16
4447.  2.371110E-16
4448.  2.355425E-16
4449.  2.339541E-16
4450.  2.323461E-16
4451.  2.307187E-16
4452.  2.290721E-16
4453.  2.274065E-16
4454.  2.257222E-16
4455.  2.240193E-16
4456.  2.222982E-16
4457.  2.205594E-16
4458.  2.188027E-16
4459.  2.170286E-16
4460.  2.152376E-16
4461.  2.134297E-16
4462.  2.116054E-16
4463.  2.097650E-16
4464.  2.079089E-16
4465.  2.060373E-16
4466.  2.041508E-16
4467.  2.022497E-16
4468.  2.003344E-16
4469.  1.984052E-16
4470.  1.964626E-16
4471.  1.945070E-16
4472.  1.925388E-16
4473.  1.905589E-16
4474.  1.885671E-16
4475.  1.865643E-16
4476.  1.845509E-16
4477.  1.825275E-16
4478.  1.804945E-16
4479.  1.784522E-16
4480.  1.764016E-16
4481.  1.743429E-16
4482.  1.722769E-16
4483.  1.702040E-16
4484.  1.681249E-16
4485.  1.660400E-16
4486.  1.639500E-16
4487.  1.618554E-16
4488.  1.597571E-16
4489.  1.576554E-16
4490.  1.555510E-16
4491.  1.534447E-16
4492.  1.513369E-16
4493.  1.492282E-16
4494.  1.471194E-16
4495.  1.450109E-16
4496.  1.429037E-16
4497.  1.407982E-16
4498.  1.386951E-16
4499.  1.365951E-16
4500.  1.344986E-16
