1.  6.311531E-24
2.  -7.383847E-23
3.  -4.030950E-23
4.  -2.970623E-23
5.  -4.102705E-23
6.  1.988434E-25
7.  3.847345E-23
8.  -7.253185E-23
9.  8.596060E-26
10.  -5.413870E-23
11.  -3.395765E-23
12.  -6.120134E-23
13.  -1.365641E-23
14.  -5.548079E-23
15.  -1.469864E-23
16.  1.261609E-24
17.  1.559930E-23
18.  -2.959205E-23
19.  -2.933928E-23
20.  2.008314E-23
21.  7.908122E-24
22.  3.935343E-25
23.  -1.668118E-23
24.  2.595935E-23
25.  -6.072558E-23
26.  1.090344E-23
27.  5.275604E-23
28.  -1.960169E-23
29.  -9.136855E-23
30.  -6.521697E-23
31.  -5.457766E-23
32.  -1.001591E-23
33.  -7.961598E-23
34.  9.593142E-24
35.  -5.573574E-23
36.  -8.033371E-23
37.  2.925425E-23
38.  3.145838E-24
39.  6.390859E-24
40.  1.753554E-23
41.  -2.278333E-23
42.  6.331851E-23
43.  -1.793265E-23
44.  2.073410E-24
45.  -1.005155E-22
46.  1.598833E-23
47.  -9.756922E-23
48.  6.086083E-23
49.  -4.525802E-24
50.  6.402105E-24
51.  -1.855995E-23
52.  -1.902441E-23
53.  4.593654E-23
54.  1.539220E-23
55.  -5.618950E-23
56.  -4.017501E-23
57.  -1.325969E-22
58.  5.112109E-23
59.  -7.115633E-23
60.  2.319486E-23
61.  -9.042187E-23
62.  -8.351222E-24
63.  -6.391441E-23
64.  4.512056E-23
65.  -6.472434E-23
66.  -1.011632E-22
67.  -6.275436E-23
68.  -4.712555E-23
69.  5.560177E-23
70.  -3.489032E-23
71.  1.497769E-23
72.  2.471617E-23
73.  5.594545E-24
74.  5.829756E-23
75.  3.451607E-24
76.  -1.360366E-22
77.  -5.174573E-23
78.  -3.562104E-23
79.  -5.236967E-23
80.  1.216892E-23
81.  -5.909671E-23
82.  -7.836992E-23
83.  -7.555007E-23
84.  -7.784370E-23
85.  5.786776E-23
86.  -3.954805E-23
87.  5.236882E-24
88.  -2.250786E-23
89.  3.189043E-24
90.  -8.839040E-23
91.  -5.721341E-23
92.  5.456234E-23
93.  -9.710128E-23
94.  -3.165278E-23
95.  -3.726328E-23
96.  -7.583493E-23
97.  -4.546245E-23
98.  -1.242292E-22
99.  -6.536312E-23
100.  -1.198538E-22
101.  -1.619839E-22
102.  -6.536635E-23
103.  -3.988063E-23
104.  4.501897E-24
105.  -6.802502E-23
106.  -1.400774E-22
107.  -3.569587E-23
108.  -2.581699E-23
109.  -9.195054E-23
110.  -5.331352E-23
111.  -8.057119E-23
112.  9.306745E-23
113.  -1.065476E-22
114.  -6.410039E-23
115.  6.891489E-25
116.  -4.230099E-23
117.  -2.332674E-23
118.  -4.967576E-23
119.  -5.122840E-23
120.  1.795642E-23
121.  -2.253089E-23
122.  1.594998E-23
123.  -4.634068E-23
124.  5.486433E-25
125.  -5.232314E-23
126.  -1.381542E-24
127.  -5.871242E-23
128.  7.104325E-23
129.  2.469241E-23
130.  4.511705E-23
131.  -1.903439E-24
132.  7.471927E-23
133.  4.355670E-23
134.  7.527379E-23
135.  1.581717E-22
136.  2.068144E-22
137.  2.754258E-22
138.  2.927939E-22
139.  3.086792E-22
140.  3.286048E-22
141.  4.891158E-22
142.  5.268890E-22
143.  5.562269E-22
144.  7.572901E-22
145.  8.635897E-22
146.  9.321338E-22
147.  1.059844E-21
148.  1.276184E-21
149.  1.465490E-21
150.  1.642790E-21
151.  1.863081E-21
152.  2.118184E-21
153.  2.353216E-21
154.  2.752527E-21
155.  3.156693E-21
156.  3.503435E-21
157.  4.038381E-21
158.  4.582446E-21
159.  5.155024E-21
160.  5.884216E-21
161.  6.730926E-21
162.  7.523492E-21
163.  8.564101E-21
164.  9.608673E-21
165.  1.080929E-20
166.  1.227378E-20
167.  1.384374E-20
168.  1.552486E-20
169.  1.743778E-20
170.  1.968173E-20
171.  2.204939E-20
172.  2.473992E-20
173.  2.781834E-20
174.  3.107398E-20
175.  3.476736E-20
176.  3.898513E-20
177.  4.350734E-20
178.  4.862961E-20
179.  5.431426E-20
180.  6.062446E-20
181.  6.755669E-20
182.  7.526621E-20
183.  8.381967E-20
184.  9.332956E-20
185.  1.036886E-19
186.  1.152552E-19
187.  1.280011E-19
188.  1.420530E-19
189.  1.575221E-19
190.  1.745303E-19
191.  1.932704E-19
192.  2.139814E-19
193.  2.367021E-19
194.  2.615556E-19
195.  2.888744E-19
196.  3.189041E-19
197.  3.517585E-19
198.  3.878621E-19
199.  4.273381E-19
200.  4.704006E-19
201.  5.176012E-19
202.  5.691283E-19
203.  6.254478E-19
204.  6.867068E-19
205.  7.537208E-19
206.  8.266163E-19
207.  9.059309E-19
208.  9.922898E-19
209.  1.086236E-18
210.  1.188245E-18
211.  1.298932E-18
212.  1.419161E-18
213.  1.549595E-18
214.  1.690738E-18
215.  1.843692E-18
216.  2.009163E-18
217.  2.188168E-18
218.  2.381562E-18
219.  2.590452E-18
220.  2.816012E-18
221.  3.059098E-18
222.  3.321254E-18
223.  3.603537E-18
224.  3.907426E-18
225.  4.234220E-18
226.  4.585607E-18
227.  4.963116E-18
228.  5.368296E-18
229.  5.802998E-18
230.  6.269184E-18
231.  6.768611E-18
232.  7.303388E-18
233.  7.875551E-18
234.  8.487354E-18
235.  9.141150E-18
236.  9.839421E-18
237.  1.058456E-17
238.  1.137924E-17
239.  1.222612E-17
240.  1.312845E-17
241.  1.408860E-17
242.  1.511002E-17
243.  1.619607E-17
244.  1.734958E-17
245.  1.857433E-17
246.  1.987368E-17
247.  2.125137E-17
248.  2.271122E-17
249.  2.425701E-17
250.  2.589286E-17
251.  2.762287E-17
252.  2.945116E-17
253.  3.138220E-17
254.  3.342054E-17
255.  3.557053E-17
256.  3.783706E-17
257.  4.022469E-17
258.  4.273847E-17
259.  4.538313E-17
260.  4.816400E-17
261.  5.108617E-17
262.  5.415470E-17
263.  5.737493E-17
264.  6.075231E-17
265.  6.429225E-17
266.  6.799996E-17
267.  7.188129E-17
268.  7.594155E-17
269.  8.018654E-17
270.  8.462161E-17
271.  8.925239E-17
272.  9.408471E-17
273.  9.912375E-17
274.  1.043753E-16
275.  1.098449E-16
276.  1.155380E-16
277.  1.214600E-16
278.  1.276163E-16
279.  1.340119E-16
280.  1.406523E-16
281.  1.475423E-16
282.  1.546871E-16
283.  1.620912E-16
284.  1.697593E-16
285.  1.776959E-16
286.  1.859055E-16
287.  1.943920E-16
288.  2.031592E-16
289.  2.122111E-16
290.  2.215508E-16
291.  2.311817E-16
292.  2.411066E-16
293.  2.513284E-16
294.  2.618494E-16
295.  2.726713E-16
296.  2.837964E-16
297.  2.952258E-16
298.  3.069609E-16
299.  3.190021E-16
300.  3.313501E-16
301.  3.440048E-16
302.  3.569659E-16
303.  3.702325E-16
304.  3.838042E-16
305.  3.976786E-16
306.  4.118544E-16
307.  4.263292E-16
308.  4.411001E-16
309.  4.561643E-16
310.  4.715178E-16
311.  4.871570E-16
312.  5.030773E-16
313.  5.192741E-16
314.  5.357421E-16
315.  5.524755E-16
316.  5.694687E-16
317.  5.867147E-16
318.  6.042070E-16
319.  6.219383E-16
320.  6.399010E-16
321.  6.580869E-16
322.  6.764875E-16
323.  6.950946E-16
324.  7.138986E-16
325.  7.328902E-16
326.  7.520599E-16
327.  7.713970E-16
328.  7.908916E-16
329.  8.105330E-16
330.  8.303102E-16
331.  8.502119E-16
332.  8.702268E-16
333.  8.903434E-16
334.  9.105495E-16
335.  9.308333E-16
336.  9.511827E-16
337.  9.715852E-16
338.  9.920285E-16
339.  1.012500E-15
340.  1.032986E-15
341.  1.053476E-15
342.  1.073955E-15
343.  1.094412E-15
344.  1.114833E-15
345.  1.135205E-15
346.  1.155516E-15
347.  1.175754E-15
348.  1.195904E-15
349.  1.215955E-15
350.  1.235895E-15
351.  1.255710E-15
352.  1.275389E-15
353.  1.294920E-15
354.  1.314289E-15
355.  1.333487E-15
356.  1.352501E-15
357.  1.371319E-15
358.  1.389932E-15
359.  1.408327E-15
360.  1.426493E-15
361.  1.444422E-15
362.  1.462101E-15
363.  1.479523E-15
364.  1.496675E-15
365.  1.513550E-15
366.  1.530138E-15
367.  1.546431E-15
368.  1.562420E-15
369.  1.578096E-15
370.  1.593451E-15
371.  1.608479E-15
372.  1.623172E-15
373.  1.637522E-15
374.  1.651524E-15
375.  1.665170E-15
376.  1.678455E-15
377.  1.691373E-15
378.  1.703918E-15
379.  1.716085E-15
380.  1.727870E-15
381.  1.739267E-15
382.  1.750274E-15
383.  1.760884E-15
384.  1.771096E-15
385.  1.780905E-15
386.  1.790309E-15
387.  1.799305E-15
388.  1.807890E-15
389.  1.816062E-15
390.  1.823819E-15
391.  1.831159E-15
392.  1.838081E-15
393.  1.844584E-15
394.  1.850668E-15
395.  1.856331E-15
396.  1.861573E-15
397.  1.866395E-15
398.  1.870796E-15
399.  1.874777E-15
400.  1.878339E-15
401.  1.881483E-15
402.  1.884209E-15
403.  1.886521E-15
404.  1.888419E-15
405.  1.889906E-15
406.  1.890985E-15
407.  1.891657E-15
408.  1.891926E-15
409.  1.891795E-15
410.  1.891269E-15
411.  1.890350E-15
412.  1.889042E-15
413.  1.887351E-15
414.  1.885281E-15
415.  1.882837E-15
416.  1.880023E-15
417.  1.876847E-15
418.  1.873314E-15
419.  1.869429E-15
420.  1.865201E-15
421.  1.860635E-15
422.  1.855738E-15
423.  1.850518E-15
424.  1.844984E-15
425.  1.839142E-15
426.  1.833002E-15
427.  1.826572E-15
428.  1.819861E-15
429.  1.812879E-15
430.  1.805635E-15
431.  1.798138E-15
432.  1.790401E-15
433.  1.782431E-15
434.  1.774241E-15
435.  1.765842E-15
436.  1.757245E-15
437.  1.748461E-15
438.  1.739501E-15
439.  1.730380E-15
440.  1.721107E-15
441.  1.711697E-15
442.  1.702161E-15
443.  1.692512E-15
444.  1.682764E-15
445.  1.672929E-15
446.  1.663021E-15
447.  1.653053E-15
448.  1.643039E-15
449.  1.632992E-15
450.  1.622926E-15
451.  1.612855E-15
452.  1.602792E-15
453.  1.592751E-15
454.  1.582747E-15
455.  1.572791E-15
456.  1.562899E-15
457.  1.553084E-15
458.  1.543360E-15
459.  1.533738E-15
460.  1.524234E-15
461.  1.514860E-15
462.  1.505629E-15
463.  1.496554E-15
464.  1.487648E-15
465.  1.478921E-15
466.  1.470388E-15
467.  1.462058E-15
468.  1.453945E-15
469.  1.446059E-15
470.  1.438410E-15
471.  1.431010E-15
472.  1.423868E-15
473.  1.416994E-15
474.  1.410399E-15
475.  1.404089E-15
476.  1.398075E-15
477.  1.392363E-15
478.  1.386963E-15
479.  1.381880E-15
480.  1.377122E-15
481.  1.372695E-15
482.  1.368605E-15
483.  1.364856E-15
484.  1.361454E-15
485.  1.358403E-15
486.  1.355707E-15
487.  1.353369E-15
488.  1.351391E-15
489.  1.349776E-15
490.  1.348525E-15
491.  1.347639E-15
492.  1.347120E-15
493.  1.346966E-15
494.  1.347178E-15
495.  1.347755E-15
496.  1.348694E-15
497.  1.349995E-15
498.  1.351653E-15
499.  1.353667E-15
500.  1.356033E-15
501.  1.358746E-15
502.  1.361802E-15
503.  1.365196E-15
504.  1.368922E-15
505.  1.372973E-15
506.  1.377345E-15
507.  1.382029E-15
508.  1.387018E-15
509.  1.392304E-15
510.  1.397879E-15
511.  1.403734E-15
512.  1.409860E-15
513.  1.416247E-15
514.  1.422885E-15
515.  1.429764E-15
516.  1.436872E-15
517.  1.444199E-15
518.  1.451734E-15
519.  1.459464E-15
520.  1.467376E-15
521.  1.475460E-15
522.  1.483701E-15
523.  1.492087E-15
524.  1.500604E-15
525.  1.509238E-15
526.  1.517976E-15
527.  1.526803E-15
528.  1.535705E-15
529.  1.544667E-15
530.  1.553674E-15
531.  1.562712E-15
532.  1.571765E-15
533.  1.580818E-15
534.  1.589855E-15
535.  1.598861E-15
536.  1.607820E-15
537.  1.616717E-15
538.  1.625535E-15
539.  1.634260E-15
540.  1.642874E-15
541.  1.651363E-15
542.  1.659711E-15
543.  1.667901E-15
544.  1.675919E-15
545.  1.683750E-15
546.  1.691376E-15
547.  1.698785E-15
548.  1.705960E-15
549.  1.712887E-15
550.  1.719551E-15
551.  1.725939E-15
552.  1.732036E-15
553.  1.737829E-15
554.  1.743304E-15
555.  1.748449E-15
556.  1.753252E-15
557.  1.757699E-15
558.  1.761781E-15
559.  1.765485E-15
560.  1.768802E-15
561.  1.771720E-15
562.  1.774232E-15
563.  1.776328E-15
564.  1.777999E-15
565.  1.779238E-15
566.  1.780039E-15
567.  1.780395E-15
568.  1.780300E-15
569.  1.779750E-15
570.  1.778740E-15
571.  1.777267E-15
572.  1.775327E-15
573.  1.772921E-15
574.  1.770045E-15
575.  1.766700E-15
576.  1.762886E-15
577.  1.758604E-15
578.  1.753856E-15
579.  1.748646E-15
580.  1.742975E-15
581.  1.736850E-15
582.  1.730274E-15
583.  1.723253E-15
584.  1.715795E-15
585.  1.707906E-15
586.  1.699594E-15
587.  1.690868E-15
588.  1.681738E-15
589.  1.672214E-15
590.  1.662305E-15
591.  1.652025E-15
592.  1.641384E-15
593.  1.630396E-15
594.  1.619073E-15
595.  1.607429E-15
596.  1.595479E-15
597.  1.583236E-15
598.  1.570717E-15
599.  1.557936E-15
600.  1.544909E-15
601.  1.531653E-15
602.  1.518184E-15
603.  1.504518E-15
604.  1.490674E-15
605.  1.476667E-15
606.  1.462516E-15
607.  1.448237E-15
608.  1.433850E-15
609.  1.419370E-15
610.  1.404815E-15
611.  1.390204E-15
612.  1.375554E-15
613.  1.360883E-15
614.  1.346207E-15
615.  1.331544E-15
616.  1.316911E-15
617.  1.302326E-15
618.  1.287803E-15
619.  1.273360E-15
620.  1.259013E-15
621.  1.244778E-15
622.  1.230669E-15
623.  1.216701E-15
624.  1.202889E-15
625.  1.189247E-15
626.  1.175789E-15
627.  1.162528E-15
628.  1.149475E-15
629.  1.136644E-15
630.  1.124046E-15
631.  1.111691E-15
632.  1.099591E-15
633.  1.087755E-15
634.  1.076192E-15
635.  1.064911E-15
636.  1.053920E-15
637.  1.043226E-15
638.  1.032837E-15
639.  1.022758E-15
640.  1.012995E-15
641.  1.003553E-15
642.  9.944366E-16
643.  9.856486E-16
644.  9.771927E-16
645.  9.690711E-16
646.  9.612858E-16
647.  9.538379E-16
648.  9.467279E-16
649.  9.399558E-16
650.  9.335209E-16
651.  9.274224E-16
652.  9.216582E-16
653.  9.162261E-16
654.  9.111233E-16
655.  9.063462E-16
656.  9.018912E-16
657.  8.977535E-16
658.  8.939284E-16
659.  8.904105E-16
660.  8.871939E-16
661.  8.842722E-16
662.  8.816389E-16
663.  8.792866E-16
664.  8.772080E-16
665.  8.753951E-16
666.  8.738395E-16
667.  8.725328E-16
668.  8.714658E-16
669.  8.706297E-16
670.  8.700146E-16
671.  8.696111E-16
672.  8.694089E-16
673.  8.693981E-16
674.  8.695679E-16
675.  8.699080E-16
676.  8.704075E-16
677.  8.710554E-16
678.  8.718411E-16
679.  8.727530E-16
680.  8.737801E-16
681.  8.749112E-16
682.  8.761349E-16
683.  8.774398E-16
684.  8.788147E-16
685.  8.802483E-16
686.  8.817291E-16
687.  8.832460E-16
688.  8.847880E-16
689.  8.863435E-16
690.  8.879022E-16
691.  8.894528E-16
692.  8.909844E-16
693.  8.924871E-16
694.  8.939501E-16
695.  8.953633E-16
696.  8.967165E-16
697.  8.980001E-16
698.  8.992048E-16
699.  9.003208E-16
700.  9.013395E-16
701.  9.022523E-16
702.  9.030502E-16
703.  9.037257E-16
704.  9.042705E-16
705.  9.046776E-16
706.  9.049394E-16
707.  9.050495E-16
708.  9.050016E-16
709.  9.047892E-16
710.  9.044071E-16
711.  9.038501E-16
712.  9.031133E-16
713.  9.021922E-16
714.  9.010829E-16
715.  8.997820E-16
716.  8.982865E-16
717.  8.965935E-16
718.  8.947012E-16
719.  8.926073E-16
720.  8.903110E-16
721.  8.878114E-16
722.  8.851083E-16
723.  8.822014E-16
724.  8.790918E-16
725.  8.757802E-16
726.  8.722682E-16
727.  8.685579E-16
728.  8.646513E-16
729.  8.605520E-16
730.  8.562625E-16
731.  8.517871E-16
732.  8.471299E-16
733.  8.422953E-16
734.  8.372884E-16
735.  8.321146E-16
736.  8.267796E-16
737.  8.212896E-16
738.  8.156511E-16
739.  8.098708E-16
740.  8.039560E-16
741.  7.979140E-16
742.  7.917527E-16
743.  7.854800E-16
744.  7.791043E-16
745.  7.726338E-16
746.  7.660773E-16
747.  7.594438E-16
748.  7.527420E-16
749.  7.459814E-16
750.  7.391709E-16
751.  7.323201E-16
752.  7.254384E-16
753.  7.185351E-16
754.  7.116200E-16
755.  7.047023E-16
756.  6.977912E-16
757.  6.908967E-16
758.  6.840275E-16
759.  6.771932E-16
760.  6.704025E-16
761.  6.636648E-16
762.  6.569883E-16
763.  6.503821E-16
764.  6.438540E-16
765.  6.374126E-16
766.  6.310655E-16
767.  6.248204E-16
768.  6.186847E-16
769.  6.126653E-16
770.  6.067691E-16
771.  6.010023E-16
772.  5.953711E-16
773.  5.898813E-16
774.  5.845383E-16
775.  5.793468E-16
776.  5.743118E-16
777.  5.694376E-16
778.  5.647280E-16
779.  5.601866E-16
780.  5.558167E-16
781.  5.516210E-16
782.  5.476021E-16
783.  5.437619E-16
784.  5.401025E-16
785.  5.366250E-16
786.  5.333306E-16
787.  5.302200E-16
788.  5.272936E-16
789.  5.245515E-16
790.  5.219938E-16
791.  5.196196E-16
792.  5.174286E-16
793.  5.154196E-16
794.  5.135913E-16
795.  5.119425E-16
796.  5.104714E-16
797.  5.091763E-16
798.  5.080550E-16
799.  5.071056E-16
800.  5.063257E-16
801.  5.057131E-16
802.  5.052650E-16
803.  5.049789E-16
804.  5.048522E-16
805.  5.048823E-16
806.  5.050665E-16
807.  5.054017E-16
808.  5.058857E-16
809.  5.065153E-16
810.  5.072881E-16
811.  5.082012E-16
812.  5.092522E-16
813.  5.104384E-16
814.  5.117573E-16
815.  5.132067E-16
816.  5.147841E-16
817.  5.164871E-16
818.  5.183141E-16
819.  5.202627E-16
820.  5.223311E-16
821.  5.245175E-16
822.  5.268204E-16
823.  5.292379E-16
824.  5.317689E-16
825.  5.344121E-16
826.  5.371661E-16
827.  5.400299E-16
828.  5.430025E-16
829.  5.460832E-16
830.  5.492709E-16
831.  5.525651E-16
832.  5.559652E-16
833.  5.594708E-16
834.  5.630810E-16
835.  5.667960E-16
836.  5.706150E-16
837.  5.745377E-16
838.  5.785641E-16
839.  5.826936E-16
840.  5.869260E-16
841.  5.912613E-16
842.  5.956989E-16
843.  6.002388E-16
844.  6.048803E-16
845.  6.096232E-16
846.  6.144672E-16
847.  6.194115E-16
848.  6.244556E-16
849.  6.295990E-16
850.  6.348403E-16
851.  6.401795E-16
852.  6.456149E-16
853.  6.511456E-16
854.  6.567703E-16
855.  6.624877E-16
856.  6.682959E-16
857.  6.741935E-16
858.  6.801785E-16
859.  6.862490E-16
860.  6.924028E-16
861.  6.986371E-16
862.  7.049499E-16
863.  7.113384E-16
864.  7.177992E-16
865.  7.243296E-16
866.  7.309263E-16
867.  7.375860E-16
868.  7.443047E-16
869.  7.510788E-16
870.  7.579044E-16
871.  7.647773E-16
872.  7.716932E-16
873.  7.786474E-16
874.  7.856354E-16
875.  7.926528E-16
876.  7.996939E-16
877.  8.067541E-16
878.  8.138281E-16
879.  8.209105E-16
880.  8.279957E-16
881.  8.350782E-16
882.  8.421522E-16
883.  8.492119E-16
884.  8.562516E-16
885.  8.632647E-16
886.  8.702458E-16
887.  8.771882E-16
888.  8.840859E-16
889.  8.909325E-16
890.  8.977219E-16
891.  9.044476E-16
892.  9.111032E-16
893.  9.176822E-16
894.  9.241785E-16
895.  9.305853E-16
896.  9.368966E-16
897.  9.431058E-16
898.  9.492065E-16
899.  9.551924E-16
900.  9.610576E-16
901.  9.667956E-16
902.  9.724005E-16
903.  9.778661E-16
904.  9.831865E-16
905.  9.883562E-16
906.  9.933690E-16
907.  9.982199E-16
908.  1.002903E-15
909.  1.007413E-15
910.  1.011745E-15
911.  1.015894E-15
912.  1.019856E-15
913.  1.023625E-15
914.  1.027197E-15
915.  1.030568E-15
916.  1.033735E-15
917.  1.036692E-15
918.  1.039438E-15
919.  1.041968E-15
920.  1.044280E-15
921.  1.046371E-15
922.  1.048238E-15
923.  1.049880E-15
924.  1.051293E-15
925.  1.052478E-15
926.  1.053432E-15
927.  1.054155E-15
928.  1.054646E-15
929.  1.054904E-15
930.  1.054930E-15
931.  1.054725E-15
932.  1.054288E-15
933.  1.053620E-15
934.  1.052725E-15
935.  1.051602E-15
936.  1.050254E-15
937.  1.048684E-15
938.  1.046894E-15
939.  1.044888E-15
940.  1.042670E-15
941.  1.040242E-15
942.  1.037610E-15
943.  1.034778E-15
944.  1.031751E-15
945.  1.028534E-15
946.  1.025134E-15
947.  1.021555E-15
948.  1.017805E-15
949.  1.013890E-15
950.  1.009817E-15
951.  1.005593E-15
952.  1.001226E-15
953.  9.967240E-16
954.  9.920943E-16
955.  9.873456E-16
956.  9.824864E-16
957.  9.775256E-16
958.  9.724720E-16
959.  9.673349E-16
960.  9.621238E-16
961.  9.568480E-16
962.  9.515169E-16
963.  9.461407E-16
964.  9.407288E-16
965.  9.352911E-16
966.  9.298378E-16
967.  9.243785E-16
968.  9.189231E-16
969.  9.134817E-16
970.  9.080640E-16
971.  9.026798E-16
972.  8.973384E-16
973.  8.920500E-16
974.  8.868232E-16
975.  8.816677E-16
976.  8.765922E-16
977.  8.716053E-16
978.  8.667156E-16
979.  8.619313E-16
980.  8.572602E-16
981.  8.527098E-16
982.  8.482871E-16
983.  8.439992E-16
984.  8.398523E-16
985.  8.358525E-16
986.  8.320050E-16
987.  8.283151E-16
988.  8.247872E-16
989.  8.214253E-16
990.  8.182334E-16
991.  8.152139E-16
992.  8.123697E-16
993.  8.097027E-16
994.  8.072141E-16
995.  8.049049E-16
996.  8.027753E-16
997.  8.008250E-16
998.  7.990531E-16
999.  7.974581E-16
1000.  7.960380E-16
1001.  7.947904E-16
1002.  7.937120E-16
1003.  7.927993E-16
1004.  7.920480E-16
1005.  7.914534E-16
1006.  7.910105E-16
1007.  7.907133E-16
1008.  7.905561E-16
1009.  7.905320E-16
1010.  7.906344E-16
1011.  7.908558E-16
1012.  7.911885E-16
1013.  7.916247E-16
1014.  7.921562E-16
1015.  7.927741E-16
1016.  7.934700E-16
1017.  7.942349E-16
1018.  7.950598E-16
1019.  7.959357E-16
1020.  7.968532E-16
1021.  7.978032E-16
1022.  7.987767E-16
1023.  7.997641E-16
1024.  8.007569E-16
1025.  8.017458E-16
1026.  8.027225E-16
1027.  8.036783E-16
1028.  8.046051E-16
1029.  8.054949E-16
1030.  8.063404E-16
1031.  8.071340E-16
1032.  8.078693E-16
1033.  8.085399E-16
1034.  8.091398E-16
1035.  8.096641E-16
1036.  8.101074E-16
1037.  8.104659E-16
1038.  8.107358E-16
1039.  8.109140E-16
1040.  8.109982E-16
1041.  8.109863E-16
1042.  8.108772E-16
1043.  8.106708E-16
1044.  8.103668E-16
1045.  8.099660E-16
1046.  8.094703E-16
1047.  8.088814E-16
1048.  8.082021E-16
1049.  8.074361E-16
1050.  8.065873E-16
1051.  8.056603E-16
1052.  8.046602E-16
1053.  8.035931E-16
1054.  8.024655E-16
1055.  8.012840E-16
1056.  8.000561E-16
1057.  7.987897E-16
1058.  7.974931E-16
1059.  7.961750E-16
1060.  7.948443E-16
1061.  7.935105E-16
1062.  7.921833E-16
1063.  7.908724E-16
1064.  7.895880E-16
1065.  7.883401E-16
1066.  7.871391E-16
1067.  7.859956E-16
1068.  7.849199E-16
1069.  7.839219E-16
1070.  7.830124E-16
1071.  7.822013E-16
1072.  7.814985E-16
1073.  7.809139E-16
1074.  7.804567E-16
1075.  7.801365E-16
1076.  7.799618E-16
1077.  7.799413E-16
1078.  7.800830E-16
1079.  7.803944E-16
1080.  7.808826E-16
1081.  7.815545E-16
1082.  7.824162E-16
1083.  7.834730E-16
1084.  7.847300E-16
1085.  7.861915E-16
1086.  7.878613E-16
1087.  7.897426E-16
1088.  7.918377E-16
1089.  7.941487E-16
1090.  7.966764E-16
1091.  7.994218E-16
1092.  8.023844E-16
1093.  8.055637E-16
1094.  8.089585E-16
1095.  8.125663E-16
1096.  8.163849E-16
1097.  8.204110E-16
1098.  8.246410E-16
1099.  8.290704E-16
1100.  8.336944E-16
1101.  8.385080E-16
1102.  8.435050E-16
1103.  8.486794E-16
1104.  8.540247E-16
1105.  8.595338E-16
1106.  8.651993E-16
1107.  8.710137E-16
1108.  8.769692E-16
1109.  8.830578E-16
1110.  8.892709E-16
1111.  8.956005E-16
1112.  9.020378E-16
1113.  9.085745E-16
1114.  9.152019E-16
1115.  9.219115E-16
1116.  9.286948E-16
1117.  9.355432E-16
1118.  9.424488E-16
1119.  9.494034E-16
1120.  9.563987E-16
1121.  9.634275E-16
1122.  9.704821E-16
1123.  9.775554E-16
1124.  9.846405E-16
1125.  9.917312E-16
1126.  9.988213E-16
1127.  1.005905E-15
1128.  1.012976E-15
1129.  1.020031E-15
1130.  1.027065E-15
1131.  1.034072E-15
1132.  1.041051E-15
1133.  1.047998E-15
1134.  1.054909E-15
1135.  1.061782E-15
1136.  1.068617E-15
1137.  1.075409E-15
1138.  1.082160E-15
1139.  1.088868E-15
1140.  1.095533E-15
1141.  1.102154E-15
1142.  1.108733E-15
1143.  1.115270E-15
1144.  1.121765E-15
1145.  1.128221E-15
1146.  1.134639E-15
1147.  1.141021E-15
1148.  1.147368E-15
1149.  1.153684E-15
1150.  1.159970E-15
1151.  1.166229E-15
1152.  1.172463E-15
1153.  1.178676E-15
1154.  1.184869E-15
1155.  1.191045E-15
1156.  1.197208E-15
1157.  1.203360E-15
1158.  1.209502E-15
1159.  1.215639E-15
1160.  1.221770E-15
1161.  1.227900E-15
1162.  1.234029E-15
1163.  1.240159E-15
1164.  1.246292E-15
1165.  1.252428E-15
1166.  1.258569E-15
1167.  1.264715E-15
1168.  1.270865E-15
1169.  1.277020E-15
1170.  1.283180E-15
1171.  1.289342E-15
1172.  1.295507E-15
1173.  1.301672E-15
1174.  1.307836E-15
1175.  1.313995E-15
1176.  1.320147E-15
1177.  1.326290E-15
1178.  1.332418E-15
1179.  1.338529E-15
1180.  1.344618E-15
1181.  1.350681E-15
1182.  1.356712E-15
1183.  1.362706E-15
1184.  1.368657E-15
1185.  1.374560E-15
1186.  1.380408E-15
1187.  1.386196E-15
1188.  1.391915E-15
1189.  1.397559E-15
1190.  1.403122E-15
1191.  1.408595E-15
1192.  1.413971E-15
1193.  1.419244E-15
1194.  1.424405E-15
1195.  1.429446E-15
1196.  1.434360E-15
1197.  1.439139E-15
1198.  1.443775E-15
1199.  1.448262E-15
1200.  1.452590E-15
1201.  1.456753E-15
1202.  1.460744E-15
1203.  1.464554E-15
1204.  1.468178E-15
1205.  1.471608E-15
1206.  1.474838E-15
1207.  1.477862E-15
1208.  1.480673E-15
1209.  1.483266E-15
1210.  1.485635E-15
1211.  1.487776E-15
1212.  1.489683E-15
1213.  1.491353E-15
1214.  1.492782E-15
1215.  1.493966E-15
1216.  1.494902E-15
1217.  1.495587E-15
1218.  1.496020E-15
1219.  1.496198E-15
1220.  1.496121E-15
1221.  1.495789E-15
1222.  1.495200E-15
1223.  1.494354E-15
1224.  1.493254E-15
1225.  1.491899E-15
1226.  1.490293E-15
1227.  1.488436E-15
1228.  1.486332E-15
1229.  1.483985E-15
1230.  1.481397E-15
1231.  1.478574E-15
1232.  1.475519E-15
1233.  1.472239E-15
1234.  1.468737E-15
1235.  1.465022E-15
1236.  1.461099E-15
1237.  1.456975E-15
1238.  1.452657E-15
1239.  1.448153E-15
1240.  1.443472E-15
1241.  1.438621E-15
1242.  1.433610E-15
1243.  1.428447E-15
1244.  1.423141E-15
1245.  1.417704E-15
1246.  1.412143E-15
1247.  1.406470E-15
1248.  1.400695E-15
1249.  1.394828E-15
1250.  1.388880E-15
1251.  1.382862E-15
1252.  1.376784E-15
1253.  1.370659E-15
1254.  1.364496E-15
1255.  1.358307E-15
1256.  1.352103E-15
1257.  1.345896E-15
1258.  1.339695E-15
1259.  1.333514E-15
1260.  1.327361E-15
1261.  1.321249E-15
1262.  1.315188E-15
1263.  1.309187E-15
1264.  1.303260E-15
1265.  1.297413E-15
1266.  1.291659E-15
1267.  1.286006E-15
1268.  1.280465E-15
1269.  1.275043E-15
1270.  1.269751E-15
1271.  1.264596E-15
1272.  1.259587E-15
1273.  1.254731E-15
1274.  1.250036E-15
1275.  1.245509E-15
1276.  1.241156E-15
1277.  1.236984E-15
1278.  1.232998E-15
1279.  1.229203E-15
1280.  1.225605E-15
1281.  1.222208E-15
1282.  1.219016E-15
1283.  1.216031E-15
1284.  1.213257E-15
1285.  1.210697E-15
1286.  1.208352E-15
1287.  1.206223E-15
1288.  1.204312E-15
1289.  1.202619E-15
1290.  1.201144E-15
1291.  1.199886E-15
1292.  1.198845E-15
1293.  1.198018E-15
1294.  1.197405E-15
1295.  1.197001E-15
1296.  1.196805E-15
1297.  1.196814E-15
1298.  1.197023E-15
1299.  1.197427E-15
1300.  1.198024E-15
1301.  1.198807E-15
1302.  1.199771E-15
1303.  1.200911E-15
1304.  1.202221E-15
1305.  1.203694E-15
1306.  1.205323E-15
1307.  1.207102E-15
1308.  1.209023E-15
1309.  1.211080E-15
1310.  1.213264E-15
1311.  1.215567E-15
1312.  1.217982E-15
1313.  1.220500E-15
1314.  1.223113E-15
1315.  1.225813E-15
1316.  1.228590E-15
1317.  1.231438E-15
1318.  1.234346E-15
1319.  1.237306E-15
1320.  1.240311E-15
1321.  1.243350E-15
1322.  1.246416E-15
1323.  1.249499E-15
1324.  1.252593E-15
1325.  1.255688E-15
1326.  1.258777E-15
1327.  1.261850E-15
1328.  1.264901E-15
1329.  1.267922E-15
1330.  1.270905E-15
1331.  1.273844E-15
1332.  1.276731E-15
1333.  1.279560E-15
1334.  1.282323E-15
1335.  1.285016E-15
1336.  1.287632E-15
1337.  1.290165E-15
1338.  1.292612E-15
1339.  1.294965E-15
1340.  1.297222E-15
1341.  1.299378E-15
1342.  1.301429E-15
1343.  1.303372E-15
1344.  1.305203E-15
1345.  1.306921E-15
1346.  1.308523E-15
1347.  1.310006E-15
1348.  1.311370E-15
1349.  1.312614E-15
1350.  1.313736E-15
1351.  1.314737E-15
1352.  1.315617E-15
1353.  1.316376E-15
1354.  1.317015E-15
1355.  1.317535E-15
1356.  1.317939E-15
1357.  1.318228E-15
1358.  1.318405E-15
1359.  1.318473E-15
1360.  1.318434E-15
1361.  1.318292E-15
1362.  1.318052E-15
1363.  1.317717E-15
1364.  1.317292E-15
1365.  1.316782E-15
1366.  1.316191E-15
1367.  1.315525E-15
1368.  1.314791E-15
1369.  1.313993E-15
1370.  1.313137E-15
1371.  1.312231E-15
1372.  1.311280E-15
1373.  1.310292E-15
1374.  1.309272E-15
1375.  1.308229E-15
1376.  1.307168E-15
1377.  1.306098E-15
1378.  1.305026E-15
1379.  1.303958E-15
1380.  1.302903E-15
1381.  1.301867E-15
1382.  1.300859E-15
1383.  1.299885E-15
1384.  1.298954E-15
1385.  1.298071E-15
1386.  1.297245E-15
1387.  1.296483E-15
1388.  1.295792E-15
1389.  1.295179E-15
1390.  1.294650E-15
1391.  1.294213E-15
1392.  1.293874E-15
1393.  1.293639E-15
1394.  1.293515E-15
1395.  1.293507E-15
1396.  1.293622E-15
1397.  1.293865E-15
1398.  1.294241E-15
1399.  1.294755E-15
1400.  1.295413E-15
1401.  1.296219E-15
1402.  1.297177E-15
1403.  1.298292E-15
1404.  1.299567E-15
1405.  1.301005E-15
1406.  1.302612E-15
1407.  1.304388E-15
1408.  1.306338E-15
1409.  1.308463E-15
1410.  1.310767E-15
1411.  1.313250E-15
1412.  1.315915E-15
1413.  1.318763E-15
1414.  1.321796E-15
1415.  1.325015E-15
1416.  1.328420E-15
1417.  1.332011E-15
1418.  1.335790E-15
1419.  1.339756E-15
1420.  1.343910E-15
1421.  1.348250E-15
1422.  1.352776E-15
1423.  1.357488E-15
1424.  1.362384E-15
1425.  1.367464E-15
1426.  1.372726E-15
1427.  1.378169E-15
1428.  1.383791E-15
1429.  1.389590E-15
1430.  1.395564E-15
1431.  1.401712E-15
1432.  1.408031E-15
1433.  1.414518E-15
1434.  1.421172E-15
1435.  1.427988E-15
1436.  1.434966E-15
1437.  1.442102E-15
1438.  1.449392E-15
1439.  1.456834E-15
1440.  1.464424E-15
1441.  1.472159E-15
1442.  1.480036E-15
1443.  1.488050E-15
1444.  1.496199E-15
1445.  1.504477E-15
1446.  1.512882E-15
1447.  1.521409E-15
1448.  1.530054E-15
1449.  1.538813E-15
1450.  1.547681E-15
1451.  1.556653E-15
1452.  1.565725E-15
1453.  1.574893E-15
1454.  1.584150E-15
1455.  1.593493E-15
1456.  1.602916E-15
1457.  1.612413E-15
1458.  1.621980E-15
1459.  1.631611E-15
1460.  1.641299E-15
1461.  1.651041E-15
1462.  1.660829E-15
1463.  1.670658E-15
1464.  1.680522E-15
1465.  1.690414E-15
1466.  1.700329E-15
1467.  1.710260E-15
1468.  1.720201E-15
1469.  1.730146E-15
1470.  1.740088E-15
1471.  1.750021E-15
1472.  1.759937E-15
1473.  1.769832E-15
1474.  1.779697E-15
1475.  1.789527E-15
1476.  1.799315E-15
1477.  1.809054E-15
1478.  1.818739E-15
1479.  1.828362E-15
1480.  1.837917E-15
1481.  1.847398E-15
1482.  1.856798E-15
1483.  1.866112E-15
1484.  1.875334E-15
1485.  1.884457E-15
1486.  1.893476E-15
1487.  1.902386E-15
1488.  1.911180E-15
1489.  1.919854E-15
1490.  1.928402E-15
1491.  1.936820E-15
1492.  1.945102E-15
1493.  1.953246E-15
1494.  1.961245E-15
1495.  1.969097E-15
1496.  1.976798E-15
1497.  1.984343E-15
1498.  1.991731E-15
1499.  1.998957E-15
1500.  2.006019E-15
1501.  2.012914E-15
1502.  2.019641E-15
1503.  2.026198E-15
1504.  2.032581E-15
1505.  2.038791E-15
1506.  2.044826E-15
1507.  2.050685E-15
1508.  2.056368E-15
1509.  2.061873E-15
1510.  2.067202E-15
1511.  2.072353E-15
1512.  2.077326E-15
1513.  2.082124E-15
1514.  2.086745E-15
1515.  2.091191E-15
1516.  2.095463E-15
1517.  2.099562E-15
1518.  2.103489E-15
1519.  2.107245E-15
1520.  2.110833E-15
1521.  2.114254E-15
1522.  2.117509E-15
1523.  2.120601E-15
1524.  2.123530E-15
1525.  2.126300E-15
1526.  2.128913E-15
1527.  2.131369E-15
1528.  2.133672E-15
1529.  2.135822E-15
1530.  2.137823E-15
1531.  2.139676E-15
1532.  2.141382E-15
1533.  2.142944E-15
1534.  2.144364E-15
1535.  2.145644E-15
1536.  2.146784E-15
1537.  2.147786E-15
1538.  2.148653E-15
1539.  2.149385E-15
1540.  2.149983E-15
1541.  2.150449E-15
1542.  2.150785E-15
1543.  2.150989E-15
1544.  2.151065E-15
1545.  2.151011E-15
1546.  2.150830E-15
1547.  2.150521E-15
1548.  2.150086E-15
1549.  2.149524E-15
1550.  2.148835E-15
1551.  2.148020E-15
1552.  2.147080E-15
1553.  2.146013E-15
1554.  2.144821E-15
1555.  2.143503E-15
1556.  2.142059E-15
1557.  2.140489E-15
1558.  2.138793E-15
1559.  2.136971E-15
1560.  2.135023E-15
1561.  2.132948E-15
1562.  2.130749E-15
1563.  2.128423E-15
1564.  2.125971E-15
1565.  2.123394E-15
1566.  2.120692E-15
1567.  2.117865E-15
1568.  2.114914E-15
1569.  2.111840E-15
1570.  2.108643E-15
1571.  2.105325E-15
1572.  2.101886E-15
1573.  2.098328E-15
1574.  2.094653E-15
1575.  2.090862E-15
1576.  2.086956E-15
1577.  2.082939E-15
1578.  2.078811E-15
1579.  2.074576E-15
1580.  2.070235E-15
1581.  2.065792E-15
1582.  2.061250E-15
1583.  2.056611E-15
1584.  2.051879E-15
1585.  2.047057E-15
1586.  2.042149E-15
1587.  2.037159E-15
1588.  2.032090E-15
1589.  2.026946E-15
1590.  2.021731E-15
1591.  2.016450E-15
1592.  2.011107E-15
1593.  2.005706E-15
1594.  2.000251E-15
1595.  1.994746E-15
1596.  1.989197E-15
1597.  1.983608E-15
1598.  1.977982E-15
1599.  1.972324E-15
1600.  1.966639E-15
1601.  1.960930E-15
1602.  1.955201E-15
1603.  1.949457E-15
1604.  1.943701E-15
1605.  1.937937E-15
1606.  1.932167E-15
1607.  1.926396E-15
1608.  1.920626E-15
1609.  1.914861E-15
1610.  1.909101E-15
1611.  1.903351E-15
1612.  1.897610E-15
1613.  1.891882E-15
1614.  1.886167E-15
1615.  1.880467E-15
1616.  1.874782E-15
1617.  1.869112E-15
1618.  1.863457E-15
1619.  1.857817E-15
1620.  1.852191E-15
1621.  1.846578E-15
1622.  1.840977E-15
1623.  1.835386E-15
1624.  1.829803E-15
1625.  1.824224E-15
1626.  1.818648E-15
1627.  1.813071E-15
1628.  1.807491E-15
1629.  1.801902E-15
1630.  1.796301E-15
1631.  1.790684E-15
1632.  1.785047E-15
1633.  1.779383E-15
1634.  1.773689E-15
1635.  1.767959E-15
1636.  1.762187E-15
1637.  1.756369E-15
1638.  1.750497E-15
1639.  1.744568E-15
1640.  1.738573E-15
1641.  1.732509E-15
1642.  1.726368E-15
1643.  1.720144E-15
1644.  1.713831E-15
1645.  1.707424E-15
1646.  1.700916E-15
1647.  1.694301E-15
1648.  1.687573E-15
1649.  1.680728E-15
1650.  1.673758E-15
1651.  1.666659E-15
1652.  1.659425E-15
1653.  1.652051E-15
1654.  1.644533E-15
1655.  1.636865E-15
1656.  1.629044E-15
1657.  1.621066E-15
1658.  1.612925E-15
1659.  1.604620E-15
1660.  1.596148E-15
1661.  1.587503E-15
1662.  1.578686E-15
1663.  1.569693E-15
1664.  1.560523E-15
1665.  1.551174E-15
1666.  1.541645E-15
1667.  1.531936E-15
1668.  1.522045E-15
1669.  1.511975E-15
1670.  1.501723E-15
1671.  1.491293E-15
1672.  1.480684E-15
1673.  1.469899E-15
1674.  1.458939E-15
1675.  1.447807E-15
1676.  1.436507E-15
1677.  1.425040E-15
1678.  1.413410E-15
1679.  1.401622E-15
1680.  1.389680E-15
1681.  1.377587E-15
1682.  1.365350E-15
1683.  1.352973E-15
1684.  1.340462E-15
1685.  1.327823E-15
1686.  1.315062E-15
1687.  1.302184E-15
1688.  1.289199E-15
1689.  1.276111E-15
1690.  1.262928E-15
1691.  1.249658E-15
1692.  1.236308E-15
1693.  1.222886E-15
1694.  1.209400E-15
1695.  1.195858E-15
1696.  1.182268E-15
1697.  1.168639E-15
1698.  1.154980E-15
1699.  1.141298E-15
1700.  1.127603E-15
1701.  1.113903E-15
1702.  1.100206E-15
1703.  1.086523E-15
1704.  1.072861E-15
1705.  1.059229E-15
1706.  1.045635E-15
1707.  1.032089E-15
1708.  1.018599E-15
1709.  1.005173E-15
1710.  9.918197E-16
1711.  9.785471E-16
1712.  9.653630E-16
1713.  9.522755E-16
1714.  9.392922E-16
1715.  9.264204E-16
1716.  9.136671E-16
1717.  9.010393E-16
1718.  8.885441E-16
1719.  8.761875E-16
1720.  8.639754E-16
1721.  8.519141E-16
1722.  8.400087E-16
1723.  8.282646E-16
1724.  8.166866E-16
1725.  8.052793E-16
1726.  7.940462E-16
1727.  7.829919E-16
1728.  7.721191E-16
1729.  7.614315E-16
1730.  7.509313E-16
1731.  7.406207E-16
1732.  7.305020E-16
1733.  7.205762E-16
1734.  7.108449E-16
1735.  7.013086E-16
1736.  6.919676E-16
1737.  6.828222E-16
1738.  6.738718E-16
1739.  6.651158E-16
1740.  6.565531E-16
1741.  6.481825E-16
1742.  6.400020E-16
1743.  6.320097E-16
1744.  6.242032E-16
1745.  6.165803E-16
1746.  6.091376E-16
1747.  6.018722E-16
1748.  5.947808E-16
1749.  5.878596E-16
1750.  5.811050E-16
1751.  5.745131E-16
1752.  5.680795E-16
1753.  5.618002E-16
1754.  5.556705E-16
1755.  5.496862E-16
1756.  5.438424E-16
1757.  5.381349E-16
1758.  5.325585E-16
1759.  5.271088E-16
1760.  5.217810E-16
1761.  5.165705E-16
1762.  5.114725E-16
1763.  5.064822E-16
1764.  5.015954E-16
1765.  4.968075E-16
1766.  4.921143E-16
1767.  4.875115E-16
1768.  4.829947E-16
1769.  4.785604E-16
1770.  4.742046E-16
1771.  4.699239E-16
1772.  4.657148E-16
1773.  4.615739E-16
1774.  4.574984E-16
1775.  4.534855E-16
1776.  4.495325E-16
1777.  4.456372E-16
1778.  4.417974E-16
1779.  4.380112E-16
1780.  4.342770E-16
1781.  4.305934E-16
1782.  4.269590E-16
1783.  4.233731E-16
1784.  4.198347E-16
1785.  4.163437E-16
1786.  4.128992E-16
1787.  4.095016E-16
1788.  4.061508E-16
1789.  4.028471E-16
1790.  3.995911E-16
1791.  3.963833E-16
1792.  3.932246E-16
1793.  3.901162E-16
1794.  3.870589E-16
1795.  3.840541E-16
1796.  3.811033E-16
1797.  3.782077E-16
1798.  3.753692E-16
1799.  3.725891E-16
1800.  3.698695E-16
1801.  3.672118E-16
1802.  3.646181E-16
1803.  3.620900E-16
1804.  3.596295E-16
1805.  3.572384E-16
1806.  3.549185E-16
1807.  3.526716E-16
1808.  3.504994E-16
1809.  3.484038E-16
1810.  3.463861E-16
1811.  3.444482E-16
1812.  3.425914E-16
1813.  3.408172E-16
1814.  3.391267E-16
1815.  3.375212E-16
1816.  3.360019E-16
1817.  3.345696E-16
1818.  3.332251E-16
1819.  3.319690E-16
1820.  3.308019E-16
1821.  3.297243E-16
1822.  3.287363E-16
1823.  3.278380E-16
1824.  3.270294E-16
1825.  3.263103E-16
1826.  3.256803E-16
1827.  3.251388E-16
1828.  3.246854E-16
1829.  3.243190E-16
1830.  3.240387E-16
1831.  3.238436E-16
1832.  3.237324E-16
1833.  3.237036E-16
1834.  3.237560E-16
1835.  3.238876E-16
1836.  3.240970E-16
1837.  3.243823E-16
1838.  3.247415E-16
1839.  3.251726E-16
1840.  3.256734E-16
1841.  3.262418E-16
1842.  3.268756E-16
1843.  3.275724E-16
1844.  3.283298E-16
1845.  3.291453E-16
1846.  3.300165E-16
1847.  3.309409E-16
1848.  3.319159E-16
1849.  3.329393E-16
1850.  3.340081E-16
1851.  3.351202E-16
1852.  3.362728E-16
1853.  3.374636E-16
1854.  3.386899E-16
1855.  3.399497E-16
1856.  3.412401E-16
1857.  3.425593E-16
1858.  3.439049E-16
1859.  3.452747E-16
1860.  3.466666E-16
1861.  3.480786E-16
1862.  3.495088E-16
1863.  3.509554E-16
1864.  3.524168E-16
1865.  3.538914E-16
1866.  3.553777E-16
1867.  3.568742E-16
1868.  3.583800E-16
1869.  3.598939E-16
1870.  3.614149E-16
1871.  3.629423E-16
1872.  3.644755E-16
1873.  3.660138E-16
1874.  3.675570E-16
1875.  3.691049E-16
1876.  3.706574E-16
1877.  3.722147E-16
1878.  3.737770E-16
1879.  3.753447E-16
1880.  3.769186E-16
1881.  3.784992E-16
1882.  3.800876E-16
1883.  3.816847E-16
1884.  3.832920E-16
1885.  3.849106E-16
1886.  3.865421E-16
1887.  3.881883E-16
1888.  3.898510E-16
1889.  3.915321E-16
1890.  3.932338E-16
1891.  3.949584E-16
1892.  3.967084E-16
1893.  3.984861E-16
1894.  4.002942E-16
1895.  4.021357E-16
1896.  4.040134E-16
1897.  4.059304E-16
1898.  4.078896E-16
1899.  4.098946E-16
1900.  4.119486E-16
1901.  4.140548E-16
1902.  4.162170E-16
1903.  4.184386E-16
1904.  4.207235E-16
1905.  4.230753E-16
1906.  4.254977E-16
1907.  4.279947E-16
1908.  4.305702E-16
1909.  4.332279E-16
1910.  4.359720E-16
1911.  4.388065E-16
1912.  4.417350E-16
1913.  4.447620E-16
1914.  4.478911E-16
1915.  4.511267E-16
1916.  4.544724E-16
1917.  4.579322E-16
1918.  4.615101E-16
1919.  4.652099E-16
1920.  4.690355E-16
1921.  4.729904E-16
1922.  4.770785E-16
1923.  4.813033E-16
1924.  4.856684E-16
1925.  4.901771E-16
1926.  4.948326E-16
1927.  4.996382E-16
1928.  5.045970E-16
1929.  5.097117E-16
1930.  5.149851E-16
1931.  5.204202E-16
1932.  5.260189E-16
1933.  5.317836E-16
1934.  5.377165E-16
1935.  5.438194E-16
1936.  5.500940E-16
1937.  5.565416E-16
1938.  5.631636E-16
1939.  5.699609E-16
1940.  5.769343E-16
1941.  5.840841E-16
1942.  5.914106E-16
1943.  5.989136E-16
1944.  6.065931E-16
1945.  6.144480E-16
1946.  6.224776E-16
1947.  6.306806E-16
1948.  6.390553E-16
1949.  6.475997E-16
1950.  6.563117E-16
1951.  6.651884E-16
1952.  6.742271E-16
1953.  6.834244E-16
1954.  6.927763E-16
1955.  7.022789E-16
1956.  7.119280E-16
1957.  7.217183E-16
1958.  7.316447E-16
1959.  7.417018E-16
1960.  7.518832E-16
1961.  7.621829E-16
1962.  7.725936E-16
1963.  7.831087E-16
1964.  7.937203E-16
1965.  8.044206E-16
1966.  8.152011E-16
1967.  8.260533E-16
1968.  8.369681E-16
1969.  8.479360E-16
1970.  8.589475E-16
1971.  8.699927E-16
1972.  8.810606E-16
1973.  8.921412E-16
1974.  9.032232E-16
1975.  9.142954E-16
1976.  9.253466E-16
1977.  9.363651E-16
1978.  9.473388E-16
1979.  9.582560E-16
1980.  9.691042E-16
1981.  9.798713E-16
1982.  9.905449E-16
1983.  1.001113E-15
1984.  1.011562E-15
1985.  1.021880E-15
1986.  1.032055E-15
1987.  1.042074E-15
1988.  1.051924E-15
1989.  1.061595E-15
1990.  1.071073E-15
1991.  1.080347E-15
1992.  1.089406E-15
1993.  1.098238E-15
1994.  1.106831E-15
1995.  1.115176E-15
1996.  1.123262E-15
1997.  1.131080E-15
1998.  1.138620E-15
1999.  1.145873E-15
2000.  1.152830E-15
2001.  1.159485E-15
2002.  1.165829E-15
2003.  1.171857E-15
2004.  1.177561E-15
2005.  1.182938E-15
2006.  1.187981E-15
2007.  1.192688E-15
2008.  1.197056E-15
2009.  1.201081E-15
2010.  1.204762E-15
2011.  1.208099E-15
2012.  1.211092E-15
2013.  1.213740E-15
2014.  1.216046E-15
2015.  1.218012E-15
2016.  1.219642E-15
2017.  1.220939E-15
2018.  1.221909E-15
2019.  1.222556E-15
2020.  1.222889E-15
2021.  1.222913E-15
2022.  1.222637E-15
2023.  1.222069E-15
2024.  1.221220E-15
2025.  1.220100E-15
2026.  1.218719E-15
2027.  1.217089E-15
2028.  1.215222E-15
2029.  1.213131E-15
2030.  1.210829E-15
2031.  1.208331E-15
2032.  1.205651E-15
2033.  1.202802E-15
2034.  1.199802E-15
2035.  1.196665E-15
2036.  1.193406E-15
2037.  1.190043E-15
2038.  1.186591E-15
2039.  1.183067E-15
2040.  1.179487E-15
2041.  1.175868E-15
2042.  1.172226E-15
2043.  1.168579E-15
2044.  1.164942E-15
2045.  1.161332E-15
2046.  1.157765E-15
2047.  1.154257E-15
2048.  1.150823E-15
2049.  1.147479E-15
2050.  1.144240E-15
2051.  1.141119E-15
2052.  1.138131E-15
2053.  1.135288E-15
2054.  1.132605E-15
2055.  1.130092E-15
2056.  1.127762E-15
2057.  1.125626E-15
2058.  1.123692E-15
2059.  1.121971E-15
2060.  1.120471E-15
2061.  1.119200E-15
2062.  1.118165E-15
2063.  1.117371E-15
2064.  1.116825E-15
2065.  1.116529E-15
2066.  1.116488E-15
2067.  1.116704E-15
2068.  1.117178E-15
2069.  1.117911E-15
2070.  1.118902E-15
2071.  1.120151E-15
2072.  1.121653E-15
2073.  1.123408E-15
2074.  1.125409E-15
2075.  1.127653E-15
2076.  1.130133E-15
2077.  1.132843E-15
2078.  1.135773E-15
2079.  1.138917E-15
2080.  1.142265E-15
2081.  1.145806E-15
2082.  1.149529E-15
2083.  1.153424E-15
2084.  1.157476E-15
2085.  1.161674E-15
2086.  1.166004E-15
2087.  1.170451E-15
2088.  1.175001E-15
2089.  1.179638E-15
2090.  1.184347E-15
2091.  1.189112E-15
2092.  1.193916E-15
2093.  1.198743E-15
2094.  1.203574E-15
2095.  1.208394E-15
2096.  1.213185E-15
2097.  1.217928E-15
2098.  1.222608E-15
2099.  1.227205E-15
2100.  1.231703E-15
2101.  1.236084E-15
2102.  1.240332E-15
2103.  1.244428E-15
2104.  1.248356E-15
2105.  1.252100E-15
2106.  1.255644E-15
2107.  1.258972E-15
2108.  1.262068E-15
2109.  1.264919E-15
2110.  1.267509E-15
2111.  1.269826E-15
2112.  1.271855E-15
2113.  1.273585E-15
2114.  1.275005E-15
2115.  1.276103E-15
2116.  1.276869E-15
2117.  1.277293E-15
2118.  1.277368E-15
2119.  1.277085E-15
2120.  1.276438E-15
2121.  1.275420E-15
2122.  1.274027E-15
2123.  1.272254E-15
2124.  1.270098E-15
2125.  1.267557E-15
2126.  1.264629E-15
2127.  1.261313E-15
2128.  1.257611E-15
2129.  1.253523E-15
2130.  1.249051E-15
2131.  1.244199E-15
2132.  1.238971E-15
2133.  1.233372E-15
2134.  1.227406E-15
2135.  1.221082E-15
2136.  1.214405E-15
2137.  1.207385E-15
2138.  1.200031E-15
2139.  1.192350E-15
2140.  1.184356E-15
2141.  1.176057E-15
2142.  1.167466E-15
2143.  1.158595E-15
2144.  1.149456E-15
2145.  1.140064E-15
2146.  1.130431E-15
2147.  1.120572E-15
2148.  1.110501E-15
2149.  1.100234E-15
2150.  1.089785E-15
2151.  1.079170E-15
2152.  1.068405E-15
2153.  1.057506E-15
2154.  1.046488E-15
2155.  1.035369E-15
2156.  1.024164E-15
2157.  1.012889E-15
2158.  1.001561E-15
2159.  9.901957E-16
2160.  9.788099E-16
2161.  9.674189E-16
2162.  9.560388E-16
2163.  9.446853E-16
2164.  9.333738E-16
2165.  9.221193E-16
2166.  9.109369E-16
2167.  8.998412E-16
2168.  8.888462E-16
2169.  8.779658E-16
2170.  8.672136E-16
2171.  8.566027E-16
2172.  8.461457E-16
2173.  8.358550E-16
2174.  8.257422E-16
2175.  8.158186E-16
2176.  8.060952E-16
2177.  7.965822E-16
2178.  7.872897E-16
2179.  7.782266E-16
2180.  7.694021E-16
2181.  7.608246E-16
2182.  7.525016E-16
2183.  7.444408E-16
2184.  7.366487E-16
2185.  7.291317E-16
2186.  7.218956E-16
2187.  7.149455E-16
2188.  7.082866E-16
2189.  7.019229E-16
2190.  6.958583E-16
2191.  6.900963E-16
2192.  6.846396E-16
2193.  6.794907E-16
2194.  6.746518E-16
2195.  6.701243E-16
2196.  6.659096E-16
2197.  6.620083E-16
2198.  6.584209E-16
2199.  6.551473E-16
2200.  6.521875E-16
2201.  6.495407E-16
2202.  6.472058E-16
2203.  6.451816E-16
2204.  6.434666E-16
2205.  6.420588E-16
2206.  6.409562E-16
2207.  6.401562E-16
2208.  6.396565E-16
2209.  6.394542E-16
2210.  6.395460E-16
2211.  6.399289E-16
2212.  6.405995E-16
2213.  6.415542E-16
2214.  6.427888E-16
2215.  6.443003E-16
2216.  6.460840E-16
2217.  6.481361E-16
2218.  6.504521E-16
2219.  6.530279E-16
2220.  6.558591E-16
2221.  6.589410E-16
2222.  6.622692E-16
2223.  6.658390E-16
2224.  6.696457E-16
2225.  6.736845E-16
2226.  6.779508E-16
2227.  6.824396E-16
2228.  6.871461E-16
2229.  6.920656E-16
2230.  6.971930E-16
2231.  7.025234E-16
2232.  7.080520E-16
2233.  7.137736E-16
2234.  7.196833E-16
2235.  7.257764E-16
2236.  7.320475E-16
2237.  7.384918E-16
2238.  7.451042E-16
2239.  7.518798E-16
2240.  7.588133E-16
2241.  7.658999E-16
2242.  7.731341E-16
2243.  7.805112E-16
2244.  7.880259E-16
2245.  7.956729E-16
2246.  8.034471E-16
2247.  8.113430E-16
2248.  8.193557E-16
2249.  8.274796E-16
2250.  8.357095E-16
2251.  8.440399E-16
2252.  8.524652E-16
2253.  8.609800E-16
2254.  8.695788E-16
2255.  8.782556E-16
2256.  8.870052E-16
2257.  8.958212E-16
2258.  9.046981E-16
2259.  9.136299E-16
2260.  9.226105E-16
2261.  9.316343E-16
2262.  9.406945E-16
2263.  9.497850E-16
2264.  9.589001E-16
2265.  9.680329E-16
2266.  9.771770E-16
2267.  9.863260E-16
2268.  9.954734E-16
2269.  1.004613E-15
2270.  1.013737E-15
2271.  1.022840E-15
2272.  1.031914E-15
2273.  1.040954E-15
2274.  1.049951E-15
2275.  1.058900E-15
2276.  1.067793E-15
2277.  1.076625E-15
2278.  1.085387E-15
2279.  1.094073E-15
2280.  1.102677E-15
2281.  1.111192E-15
2282.  1.119611E-15
2283.  1.127928E-15
2284.  1.136137E-15
2285.  1.144230E-15
2286.  1.152202E-15
2287.  1.160047E-15
2288.  1.167760E-15
2289.  1.175333E-15
2290.  1.182762E-15
2291.  1.190042E-15
2292.  1.197166E-15
2293.  1.204131E-15
2294.  1.210932E-15
2295.  1.217565E-15
2296.  1.224024E-15
2297.  1.230307E-15
2298.  1.236409E-15
2299.  1.242329E-15
2300.  1.248062E-15
2301.  1.253605E-15
2302.  1.258958E-15
2303.  1.264119E-15
2304.  1.269084E-15
2305.  1.273854E-15
2306.  1.278427E-15
2307.  1.282804E-15
2308.  1.286983E-15
2309.  1.290967E-15
2310.  1.294754E-15
2311.  1.298346E-15
2312.  1.301746E-15
2313.  1.304954E-15
2314.  1.307973E-15
2315.  1.310806E-15
2316.  1.313455E-15
2317.  1.315924E-15
2318.  1.318217E-15
2319.  1.320337E-15
2320.  1.322290E-15
2321.  1.324079E-15
2322.  1.325711E-15
2323.  1.327189E-15
2324.  1.328520E-15
2325.  1.329709E-15
2326.  1.330763E-15
2327.  1.331688E-15
2328.  1.332490E-15
2329.  1.333176E-15
2330.  1.333753E-15
2331.  1.334228E-15
2332.  1.334608E-15
2333.  1.334901E-15
2334.  1.335113E-15
2335.  1.335253E-15
2336.  1.335327E-15
2337.  1.335344E-15
2338.  1.335310E-15
2339.  1.335234E-15
2340.  1.335122E-15
2341.  1.334982E-15
2342.  1.334822E-15
2343.  1.334648E-15
2344.  1.334469E-15
2345.  1.334290E-15
2346.  1.334120E-15
2347.  1.333963E-15
2348.  1.333828E-15
2349.  1.333721E-15
2350.  1.333646E-15
2351.  1.333611E-15
2352.  1.333622E-15
2353.  1.333682E-15
2354.  1.333799E-15
2355.  1.333976E-15
2356.  1.334218E-15
2357.  1.334529E-15
2358.  1.334914E-15
2359.  1.335376E-15
2360.  1.335919E-15
2361.  1.336545E-15
2362.  1.337258E-15
2363.  1.338059E-15
2364.  1.338952E-15
2365.  1.339937E-15
2366.  1.341016E-15
2367.  1.342191E-15
2368.  1.343461E-15
2369.  1.344829E-15
2370.  1.346292E-15
2371.  1.347853E-15
2372.  1.349509E-15
2373.  1.351261E-15
2374.  1.353107E-15
2375.  1.355045E-15
2376.  1.357075E-15
2377.  1.359194E-15
2378.  1.361400E-15
2379.  1.363690E-15
2380.  1.366062E-15
2381.  1.368513E-15
2382.  1.371039E-15
2383.  1.373638E-15
2384.  1.376304E-15
2385.  1.379035E-15
2386.  1.381826E-15
2387.  1.384674E-15
2388.  1.387573E-15
2389.  1.390519E-15
2390.  1.393508E-15
2391.  1.396535E-15
2392.  1.399594E-15
2393.  1.402681E-15
2394.  1.405790E-15
2395.  1.408916E-15
2396.  1.412054E-15
2397.  1.415199E-15
2398.  1.418344E-15
2399.  1.421486E-15
2400.  1.424617E-15
2401.  1.427733E-15
2402.  1.430828E-15
2403.  1.433898E-15
2404.  1.436935E-15
2405.  1.439936E-15
2406.  1.442894E-15
2407.  1.445805E-15
2408.  1.448663E-15
2409.  1.451462E-15
2410.  1.454199E-15
2411.  1.456868E-15
2412.  1.459463E-15
2413.  1.461981E-15
2414.  1.464417E-15
2415.  1.466765E-15
2416.  1.469023E-15
2417.  1.471184E-15
2418.  1.473246E-15
2419.  1.475204E-15
2420.  1.477054E-15
2421.  1.478792E-15
2422.  1.480415E-15
2423.  1.481920E-15
2424.  1.483302E-15
2425.  1.484559E-15
2426.  1.485688E-15
2427.  1.486685E-15
2428.  1.487547E-15
2429.  1.488273E-15
2430.  1.488859E-15
2431.  1.489304E-15
2432.  1.489604E-15
2433.  1.489758E-15
2434.  1.489763E-15
2435.  1.489618E-15
2436.  1.489320E-15
2437.  1.488869E-15
2438.  1.488262E-15
2439.  1.487498E-15
2440.  1.486576E-15
2441.  1.485494E-15
2442.  1.484251E-15
2443.  1.482847E-15
2444.  1.481279E-15
2445.  1.479548E-15
2446.  1.477652E-15
2447.  1.475591E-15
2448.  1.473364E-15
2449.  1.470970E-15
2450.  1.468410E-15
2451.  1.465682E-15
2452.  1.462787E-15
2453.  1.459725E-15
2454.  1.456495E-15
2455.  1.453098E-15
2456.  1.449533E-15
2457.  1.445801E-15
2458.  1.441902E-15
2459.  1.437837E-15
2460.  1.433606E-15
2461.  1.429210E-15
2462.  1.424650E-15
2463.  1.419926E-15
2464.  1.415040E-15
2465.  1.409993E-15
2466.  1.404786E-15
2467.  1.399421E-15
2468.  1.393898E-15
2469.  1.388221E-15
2470.  1.382390E-15
2471.  1.376408E-15
2472.  1.370276E-15
2473.  1.363997E-15
2474.  1.357574E-15
2475.  1.351009E-15
2476.  1.344305E-15
2477.  1.337464E-15
2478.  1.330490E-15
2479.  1.323386E-15
2480.  1.316155E-15
2481.  1.308800E-15
2482.  1.301326E-15
2483.  1.293737E-15
2484.  1.286035E-15
2485.  1.278225E-15
2486.  1.270312E-15
2487.  1.262299E-15
2488.  1.254191E-15
2489.  1.245994E-15
2490.  1.237711E-15
2491.  1.229347E-15
2492.  1.220907E-15
2493.  1.212397E-15
2494.  1.203821E-15
2495.  1.195185E-15
2496.  1.186494E-15
2497.  1.177754E-15
2498.  1.168969E-15
2499.  1.160146E-15
2500.  1.151289E-15
2501.  1.142406E-15
2502.  1.133499E-15
2503.  1.124578E-15
2504.  1.115645E-15
2505.  1.106707E-15
2506.  1.097770E-15
2507.  1.088839E-15
2508.  1.079921E-15
2509.  1.071019E-15
2510.  1.062140E-15
2511.  1.053290E-15
2512.  1.044473E-15
2513.  1.035695E-15
2514.  1.026962E-15
2515.  1.018277E-15
2516.  1.009647E-15
2517.  1.001076E-15
2518.  9.925690E-16
2519.  9.841301E-16
2520.  9.757644E-16
2521.  9.674756E-16
2522.  9.592681E-16
2523.  9.511462E-16
2524.  9.431131E-16
2525.  9.351728E-16
2526.  9.273285E-16
2527.  9.195834E-16
2528.  9.119407E-16
2529.  9.044029E-16
2530.  8.969725E-16
2531.  8.896517E-16
2532.  8.824429E-16
2533.  8.753477E-16
2534.  8.683675E-16
2535.  8.615037E-16
2536.  8.547574E-16
2537.  8.481292E-16
2538.  8.416197E-16
2539.  8.352291E-16
2540.  8.289574E-16
2541.  8.228042E-16
2542.  8.167687E-16
2543.  8.108505E-16
2544.  8.050482E-16
2545.  7.993603E-16
2546.  7.937854E-16
2547.  7.883214E-16
2548.  7.829661E-16
2549.  7.777171E-16
2550.  7.725718E-16
2551.  7.675274E-16
2552.  7.625806E-16
2553.  7.577280E-16
2554.  7.529663E-16
2555.  7.482916E-16
2556.  7.437002E-16
2557.  7.391878E-16
2558.  7.347503E-16
2559.  7.303834E-16
2560.  7.260826E-16
2561.  7.218433E-16
2562.  7.176607E-16
2563.  7.135305E-16
2564.  7.094477E-16
2565.  7.054073E-16
2566.  7.014049E-16
2567.  6.974355E-16
2568.  6.934945E-16
2569.  6.895770E-16
2570.  6.856785E-16
2571.  6.817944E-16
2572.  6.779206E-16
2573.  6.740524E-16
2574.  6.701859E-16
2575.  6.663170E-16
2576.  6.624420E-16
2577.  6.585575E-16
2578.  6.546601E-16
2579.  6.507465E-16
2580.  6.468142E-16
2581.  6.428602E-16
2582.  6.388826E-16
2583.  6.348795E-16
2584.  6.308489E-16
2585.  6.267897E-16
2586.  6.227009E-16
2587.  6.185815E-16
2588.  6.144316E-16
2589.  6.102509E-16
2590.  6.060398E-16
2591.  6.017992E-16
2592.  5.975301E-16
2593.  5.932337E-16
2594.  5.889119E-16
2595.  5.845669E-16
2596.  5.802009E-16
2597.  5.758168E-16
2598.  5.714175E-16
2599.  5.670065E-16
2600.  5.625875E-16
2601.  5.581645E-16
2602.  5.537414E-16
2603.  5.493228E-16
2604.  5.449136E-16
2605.  5.405183E-16
2606.  5.361424E-16
2607.  5.317907E-16
2608.  5.274690E-16
2609.  5.231826E-16
2610.  5.189373E-16
2611.  5.147385E-16
2612.  5.105926E-16
2613.  5.065049E-16
2614.  5.024814E-16
2615.  4.985279E-16
2616.  4.946500E-16
2617.  4.908540E-16
2618.  4.871448E-16
2619.  4.835285E-16
2620.  4.800102E-16
2621.  4.765954E-16
2622.  4.732887E-16
2623.  4.700956E-16
2624.  4.670202E-16
2625.  4.640673E-16
2626.  4.612409E-16
2627.  4.585448E-16
2628.  4.559828E-16
2629.  4.535579E-16
2630.  4.512731E-16
2631.  4.491313E-16
2632.  4.471346E-16
2633.  4.452847E-16
2634.  4.435832E-16
2635.  4.420315E-16
2636.  4.406301E-16
2637.  4.393792E-16
2638.  4.382790E-16
2639.  4.373289E-16
2640.  4.365281E-16
2641.  4.358752E-16
2642.  4.353686E-16
2643.  4.350063E-16
2644.  4.347853E-16
2645.  4.347031E-16
2646.  4.347565E-16
2647.  4.349415E-16
2648.  4.352541E-16
2649.  4.356898E-16
2650.  4.362438E-16
2651.  4.369108E-16
2652.  4.376855E-16
2653.  4.385618E-16
2654.  4.395338E-16
2655.  4.405950E-16
2656.  4.417385E-16
2657.  4.429572E-16
2658.  4.442441E-16
2659.  4.455916E-16
2660.  4.469922E-16
2661.  4.484377E-16
2662.  4.499201E-16
2663.  4.514314E-16
2664.  4.529631E-16
2665.  4.545068E-16
2666.  4.560541E-16
2667.  4.575962E-16
2668.  4.591247E-16
2669.  4.606308E-16
2670.  4.621059E-16
2671.  4.635414E-16
2672.  4.649288E-16
2673.  4.662597E-16
2674.  4.675255E-16
2675.  4.687181E-16
2676.  4.698293E-16
2677.  4.708510E-16
2678.  4.717756E-16
2679.  4.725958E-16
2680.  4.733036E-16
2681.  4.738924E-16
2682.  4.743550E-16
2683.  4.746850E-16
2684.  4.748762E-16
2685.  4.749226E-16
2686.  4.748182E-16
2687.  4.745583E-16
2688.  4.741374E-16
2689.  4.735512E-16
2690.  4.727956E-16
2691.  4.718666E-16
2692.  4.707608E-16
2693.  4.694753E-16
2694.  4.680074E-16
2695.  4.663550E-16
2696.  4.645163E-16
2697.  4.624898E-16
2698.  4.602748E-16
2699.  4.578710E-16
2700.  4.552780E-16
2701.  4.524961E-16
2702.  4.495265E-16
2703.  4.463701E-16
2704.  4.430286E-16
2705.  4.395041E-16
2706.  4.357988E-16
2707.  4.319157E-16
2708.  4.278577E-16
2709.  4.236287E-16
2710.  4.192322E-16
2711.  4.146725E-16
2712.  4.099545E-16
2713.  4.050826E-16
2714.  4.000621E-16
2715.  3.948985E-16
2716.  3.895973E-16
2717.  3.841645E-16
2718.  3.786064E-16
2719.  3.729289E-16
2720.  3.671391E-16
2721.  3.612432E-16
2722.  3.552485E-16
2723.  3.491615E-16
2724.  3.429898E-16
2725.  3.367403E-16
2726.  3.304200E-16
2727.  3.240369E-16
2728.  3.175979E-16
2729.  3.111104E-16
2730.  3.045819E-16
2731.  2.980199E-16
2732.  2.914316E-16
2733.  2.848243E-16
2734.  2.782053E-16
2735.  2.715819E-16
2736.  2.649611E-16
2737.  2.583499E-16
2738.  2.517553E-16
2739.  2.451840E-16
2740.  2.386425E-16
2741.  2.321377E-16
2742.  2.256756E-16
2743.  2.192627E-16
2744.  2.129048E-16
2745.  2.066081E-16
2746.  2.003778E-16
2747.  1.942199E-16
2748.  1.881396E-16
2749.  1.821420E-16
2750.  1.762320E-16
2751.  1.704146E-16
2752.  1.646941E-16
2753.  1.590750E-16
2754.  1.535616E-16
2755.  1.481577E-16
2756.  1.428672E-16
2757.  1.376936E-16
2758.  1.326401E-16
2759.  1.277104E-16
2760.  1.229072E-16
2761.  1.182334E-16
2762.  1.136914E-16
2763.  1.092839E-16
2764.  1.050131E-16
2765.  1.008808E-16
2766.  9.688911E-17
2767.  9.303971E-17
2768.  8.933401E-17
2769.  8.577343E-17
2770.  8.235910E-17
2771.  7.909194E-17
2772.  7.597291E-17
2773.  7.300224E-17
2774.  7.018088E-17
2775.  6.750886E-17
2776.  6.498640E-17
2777.  6.261330E-17
2778.  6.038941E-17
2779.  5.831438E-17
2780.  5.638755E-17
2781.  5.460844E-17
2782.  5.297576E-17
2783.  5.148882E-17
2784.  5.014627E-17
2785.  4.894668E-17
2786.  4.788863E-17
2787.  4.697015E-17
2788.  4.618973E-17
2789.  4.554494E-17
2790.  4.503376E-17
2791.  4.465389E-17
2792.  4.440272E-17
2793.  4.427746E-17
2794.  4.427551E-17
2795.  4.439378E-17
2796.  4.462902E-17
2797.  4.497805E-17
2798.  4.543731E-17
2799.  4.600344E-17
2800.  4.667244E-17
2801.  4.744069E-17
2802.  4.830409E-17
2803.  4.925846E-17
2804.  5.029976E-17
2805.  5.142335E-17
2806.  5.262508E-17
2807.  5.390021E-17
2808.  5.524411E-17
2809.  5.665212E-17
2810.  5.811936E-17
2811.  5.964098E-17
2812.  6.121192E-17
2813.  6.282742E-17
2814.  6.448220E-17
2815.  6.617143E-17
2816.  6.788976E-17
2817.  6.963213E-17
2818.  7.139376E-17
2819.  7.316909E-17
2820.  7.495334E-17
2821.  7.674122E-17
2822.  7.852792E-17
2823.  8.030848E-17
2824.  8.207794E-17
2825.  8.383145E-17
2826.  8.556432E-17
2827.  8.727188E-17
2828.  8.894961E-17
2829.  9.059307E-17
2830.  9.219798E-17
2831.  9.376027E-17
2832.  9.527570E-17
2833.  9.674067E-17
2834.  9.815128E-17
2835.  9.950418E-17
2836.  1.007958E-16
2837.  1.020232E-16
2838.  1.031832E-16
2839.  1.042731E-16
2840.  1.052905E-16
2841.  1.062327E-16
2842.  1.070978E-16
2843.  1.078837E-16
2844.  1.085888E-16
2845.  1.092116E-16
2846.  1.097506E-16
2847.  1.102051E-16
2848.  1.105739E-16
2849.  1.108565E-16
2850.  1.110525E-16
2851.  1.111619E-16
2852.  1.111844E-16
2853.  1.111205E-16
2854.  1.109704E-16
2855.  1.107349E-16
2856.  1.104150E-16
2857.  1.100114E-16
2858.  1.095256E-16
2859.  1.089588E-16
2860.  1.083127E-16
2861.  1.075890E-16
2862.  1.067896E-16
2863.  1.059165E-16
2864.  1.049719E-16
2865.  1.039580E-16
2866.  1.028774E-16
2867.  1.017325E-16
2868.  1.005259E-16
2869.  9.926034E-17
2870.  9.793872E-17
2871.  9.656374E-17
2872.  9.513838E-17
2873.  9.366579E-17
2874.  9.214856E-17
2875.  9.059019E-17
2876.  8.899329E-17
2877.  8.736136E-17
2878.  8.569695E-17
2879.  8.400371E-17
2880.  8.228420E-17
2881.  8.054157E-17
2882.  7.877891E-17
2883.  7.699899E-17
2884.  7.520477E-17
2885.  7.339895E-17
2886.  7.158431E-17
2887.  6.976363E-17
2888.  6.793957E-17
2889.  6.611447E-17
2890.  6.429086E-17
2891.  6.247108E-17
2892.  6.065746E-17
2893.  5.885205E-17
2894.  5.705693E-17
2895.  5.527406E-17
2896.  5.350529E-17
2897.  5.175244E-17
2898.  5.001709E-17
2899.  4.830086E-17
2900.  4.660508E-17
2901.  4.493100E-17
2902.  4.328006E-17
2903.  4.165327E-17
2904.  4.005183E-17
2905.  3.847634E-17
2906.  3.692782E-17
2907.  3.540709E-17
2908.  3.391457E-17
2909.  3.245112E-17
2910.  3.101681E-17
2911.  2.961255E-17
2912.  2.823833E-17
2913.  2.689439E-17
2914.  2.558111E-17
2915.  2.429855E-17
2916.  2.304684E-17
2917.  2.182568E-17
2918.  2.063530E-17
2919.  1.947570E-17
2920.  1.834666E-17
2921.  1.724790E-17
2922.  1.617941E-17
2923.  1.514090E-17
2924.  1.413222E-17
2925.  1.315298E-17
2926.  1.220291E-17
2927.  1.128171E-17
2928.  1.038924E-17
2929.  9.525072E-18
2930.  8.688876E-18
2931.  7.880244E-18
2932.  7.099125E-18
2933.  6.344897E-18
2934.  5.617450E-18
2935.  4.916406E-18
2936.  4.241451E-18
2937.  3.592264E-18
2938.  2.968541E-18
2939.  2.370166E-18
2940.  1.796778E-18
2941.  1.247948E-18
2942.  7.237179E-19
2943.  2.236530E-19
2944.  -2.524962E-19
2945.  -7.049988E-19
2946.  -1.133637E-18
2947.  -1.539264E-18
2948.  -1.921550E-18
2949.  -2.281031E-18
2950.  -2.617799E-18
2951.  -2.931992E-18
2952.  -3.223797E-18
2953.  -3.493556E-18
2954.  -3.741270E-18
2955.  -3.967210E-18
2956.  -4.171670E-18
2957.  -4.354918E-18
2958.  -4.516941E-18
2959.  -4.657964E-18
2960.  -4.778510E-18
2961.  -4.878590E-18
2962.  -4.958549E-18
2963.  -5.018671E-18
2964.  -5.059198E-18
2965.  -5.080394E-18
2966.  -5.082938E-18
2967.  -5.066674E-18
2968.  -5.032296E-18
2969.  -4.979998E-18
2970.  -4.910289E-18
2971.  -4.823501E-18
2972.  -4.720117E-18
2973.  -4.600749E-18
2974.  -4.465596E-18
2975.  -4.315283E-18
2976.  -4.150273E-18
2977.  -3.971216E-18
2978.  -3.778492E-18
2979.  -3.572912E-18
2980.  -3.354662E-18
2981.  -3.124559E-18
2982.  -2.883290E-18
2983.  -2.631277E-18
2984.  -2.369223E-18
2985.  -2.097783E-18
2986.  -1.817589E-18
2987.  -1.529010E-18
2988.  -1.232988E-18
2989.  -9.301791E-19
2990.  -6.210274E-19
2991.  -3.062813E-19
2992.  1.345080E-20
2993.  3.375485E-19
2994.  6.654811E-19
2995.  9.965372E-19
2996.  1.330008E-18
2997.  1.665583E-18
2998.  2.002492E-18
2999.  2.340312E-18
3000.  2.678510E-18
3001.  3.016404E-18
3002.  3.353539E-18
3003.  3.689546E-18
3004.  4.024095E-18
3005.  4.356415E-18
3006.  4.686331E-18
3007.  5.013459E-18
3008.  5.337511E-18
3009.  5.657789E-18
3010.  5.974608E-18
3011.  6.287218E-18
3012.  6.595527E-18
3013.  6.899490E-18
3014.  7.198499E-18
3015.  7.492981E-18
3016.  7.782420E-18
3017.  8.066789E-18
3018.  8.346085E-18
3019.  8.620286E-18
3020.  8.889411E-18
3021.  9.153243E-18
3022.  9.412166E-18
3023.  9.666107E-18
3024.  9.915207E-18
3025.  1.015942E-17
3026.  1.039912E-17
3027.  1.063433E-17
3028.  1.086535E-17
3029.  1.109221E-17
3030.  1.131542E-17
3031.  1.153490E-17
3032.  1.175134E-17
3033.  1.196451E-17
3034.  1.217512E-17
3035.  1.238329E-17
3036.  1.258937E-17
3037.  1.279372E-17
3038.  1.299661E-17
3039.  1.319850E-17
3040.  1.339962E-17
3041.  1.360037E-17
3042.  1.380120E-17
3043.  1.400236E-17
3044.  1.420434E-17
3045.  1.440724E-17
3046.  1.461159E-17
3047.  1.481789E-17
3048.  1.502633E-17
3049.  1.523725E-17
3050.  1.545106E-17
3051.  1.566813E-17
3052.  1.588872E-17
3053.  1.611320E-17
3054.  1.634184E-17
3055.  1.657509E-17
3056.  1.681310E-17
3057.  1.705614E-17
3058.  1.730474E-17
3059.  1.755882E-17
3060.  1.781897E-17
3061.  1.808517E-17
3062.  1.835772E-17
3063.  1.863706E-17
3064.  1.892315E-17
3065.  1.921640E-17
3066.  1.951685E-17
3067.  1.982470E-17
3068.  2.014023E-17
3069.  2.046364E-17
3070.  2.079480E-17
3071.  2.113427E-17
3072.  2.148201E-17
3073.  2.183794E-17
3074.  2.220265E-17
3075.  2.257596E-17
3076.  2.295810E-17
3077.  2.334910E-17
3078.  2.374909E-17
3079.  2.415840E-17
3080.  2.457703E-17
3081.  2.500502E-17
3082.  2.544254E-17
3083.  2.588981E-17
3084.  2.634683E-17
3085.  2.681380E-17
3086.  2.729092E-17
3087.  2.777814E-17
3088.  2.827578E-17
3089.  2.878387E-17
3090.  2.930270E-17
3091.  2.983223E-17
3092.  3.037300E-17
3093.  3.092472E-17
3094.  3.148769E-17
3095.  3.206242E-17
3096.  3.264869E-17
3097.  3.324690E-17
3098.  3.385728E-17
3099.  3.447982E-17
3100.  3.511484E-17
3101.  3.576251E-17
3102.  3.642297E-17
3103.  3.709656E-17
3104.  3.778342E-17
3105.  3.848344E-17
3106.  3.919694E-17
3107.  3.992438E-17
3108.  4.066552E-17
3109.  4.142059E-17
3110.  4.218960E-17
3111.  4.297275E-17
3112.  4.377014E-17
3113.  4.458160E-17
3114.  4.540731E-17
3115.  4.624705E-17
3116.  4.710100E-17
3117.  4.796877E-17
3118.  4.885050E-17
3119.  4.974574E-17
3120.  5.065440E-17
3121.  5.157602E-17
3122.  5.251054E-17
3123.  5.345731E-17
3124.  5.441605E-17
3125.  5.538621E-17
3126.  5.636720E-17
3127.  5.735852E-17
3128.  5.835922E-17
3129.  5.936892E-17
3130.  6.038649E-17
3131.  6.141142E-17
3132.  6.244242E-17
3133.  6.347885E-17
3134.  6.451931E-17
3135.  6.556300E-17
3136.  6.660859E-17
3137.  6.765496E-17
3138.  6.870071E-17
3139.  6.974463E-17
3140.  7.078525E-17
3141.  7.182122E-17
3142.  7.285097E-17
3143.  7.387317E-17
3144.  7.488623E-17
3145.  7.588837E-17
3146.  7.687823E-17
3147.  7.785419E-17
3148.  7.881438E-17
3149.  7.975746E-17
3150.  8.068148E-17
3151.  8.158505E-17
3152.  8.246635E-17
3153.  8.332376E-17
3154.  8.415586E-17
3155.  8.496086E-17
3156.  8.573726E-17
3157.  8.648357E-17
3158.  8.719832E-17
3159.  8.788002E-17
3160.  8.852742E-17
3161.  8.913929E-17
3162.  8.971404E-17
3163.  9.025088E-17
3164.  9.074844E-17
3165.  9.120593E-17
3166.  9.162232E-17
3167.  9.199703E-17
3168.  9.232913E-17
3169.  9.261786E-17
3170.  9.286309E-17
3171.  9.306420E-17
3172.  9.322087E-17
3173.  9.333297E-17
3174.  9.340042E-17
3175.  9.342337E-17
3176.  9.340187E-17
3177.  9.333619E-17
3178.  9.322688E-17
3179.  9.307430E-17
3180.  9.287927E-17
3181.  9.264237E-17
3182.  9.236458E-17
3183.  9.204674E-17
3184.  9.169007E-17
3185.  9.129570E-17
3186.  9.086486E-17
3187.  9.039888E-17
3188.  8.989951E-17
3189.  8.936806E-17
3190.  8.880614E-17
3191.  8.821577E-17
3192.  8.759847E-17
3193.  8.695610E-17
3194.  8.629067E-17
3195.  8.560423E-17
3196.  8.489876E-17
3197.  8.417622E-17
3198.  8.343887E-17
3199.  8.268875E-17
3200.  8.192813E-17
3201.  8.115902E-17
3202.  8.038396E-17
3203.  7.960478E-17
3204.  7.882387E-17
3205.  7.804352E-17
3206.  7.726590E-17
3207.  7.649306E-17
3208.  7.572744E-17
3209.  7.497114E-17
3210.  7.422598E-17
3211.  7.349439E-17
3212.  7.277827E-17
3213.  7.207986E-17
3214.  7.140107E-17
3215.  7.074372E-17
3216.  7.010978E-17
3217.  6.950133E-17
3218.  6.891985E-17
3219.  6.836732E-17
3220.  6.784547E-17
3221.  6.735581E-17
3222.  6.690007E-17
3223.  6.647978E-17
3224.  6.609647E-17
3225.  6.575159E-17
3226.  6.544652E-17
3227.  6.518255E-17
3228.  6.496117E-17
3229.  6.478346E-17
3230.  6.465057E-17
3231.  6.456384E-17
3232.  6.452435E-17
3233.  6.453302E-17
3234.  6.459095E-17
3235.  6.469909E-17
3236.  6.485859E-17
3237.  6.507008E-17
3238.  6.533435E-17
3239.  6.565249E-17
3240.  6.602507E-17
3241.  6.645286E-17
3242.  6.693678E-17
3243.  6.747723E-17
3244.  6.807512E-17
3245.  6.873055E-17
3246.  6.944478E-17
3247.  7.021779E-17
3248.  7.105045E-17
3249.  7.194291E-17
3250.  7.289577E-17
3251.  7.390942E-17
3252.  7.498406E-17
3253.  7.612022E-17
3254.  7.731791E-17
3255.  7.857753E-17
3256.  7.989916E-17
3257.  8.128291E-17
3258.  8.272885E-17
3259.  8.423700E-17
3260.  8.580720E-17
3261.  8.743950E-17
3262.  8.913342E-17
3263.  9.088889E-17
3264.  9.270556E-17
3265.  9.458290E-17
3266.  9.652052E-17
3267.  9.851772E-17
3268.  1.005739E-16
3269.  1.026883E-16
3270.  1.048596E-16
3271.  1.070875E-16
3272.  1.093706E-16
3273.  1.117076E-16
3274.  1.140973E-16
3275.  1.165383E-16
3276.  1.190291E-16
3277.  1.215680E-16
3278.  1.241532E-16
3279.  1.267829E-16
3280.  1.294551E-16
3281.  1.321675E-16
3282.  1.349182E-16
3283.  1.377048E-16
3284.  1.405246E-16
3285.  1.433752E-16
3286.  1.462540E-16
3287.  1.491581E-16
3288.  1.520848E-16
3289.  1.550310E-16
3290.  1.579936E-16
3291.  1.609698E-16
3292.  1.639560E-16
3293.  1.669492E-16
3294.  1.699459E-16
3295.  1.729431E-16
3296.  1.759370E-16
3297.  1.789243E-16
3298.  1.819017E-16
3299.  1.848656E-16
3300.  1.878126E-16
3301.  1.907392E-16
3302.  1.936423E-16
3303.  1.965181E-16
3304.  1.993637E-16
3305.  2.021756E-16
3306.  2.049508E-16
3307.  2.076863E-16
3308.  2.103790E-16
3309.  2.130262E-16
3310.  2.156251E-16
3311.  2.181734E-16
3312.  2.206686E-16
3313.  2.231083E-16
3314.  2.254908E-16
3315.  2.278141E-16
3316.  2.300767E-16
3317.  2.322771E-16
3318.  2.344142E-16
3319.  2.364870E-16
3320.  2.384950E-16
3321.  2.404374E-16
3322.  2.423144E-16
3323.  2.441259E-16
3324.  2.458724E-16
3325.  2.475542E-16
3326.  2.491726E-16
3327.  2.507285E-16
3328.  2.522235E-16
3329.  2.536592E-16
3330.  2.550377E-16
3331.  2.563612E-16
3332.  2.576323E-16
3333.  2.588536E-16
3334.  2.600283E-16
3335.  2.611596E-16
3336.  2.622510E-16
3337.  2.633063E-16
3338.  2.643293E-16
3339.  2.653242E-16
3340.  2.662951E-16
3341.  2.672467E-16
3342.  2.681837E-16
3343.  2.691105E-16
3344.  2.700323E-16
3345.  2.709538E-16
3346.  2.718801E-16
3347.  2.728164E-16
3348.  2.737677E-16
3349.  2.747392E-16
3350.  2.757359E-16
3351.  2.767630E-16
3352.  2.778254E-16
3353.  2.789283E-16
3354.  2.800764E-16
3355.  2.812745E-16
3356.  2.825272E-16
3357.  2.838390E-16
3358.  2.852141E-16
3359.  2.866566E-16
3360.  2.881703E-16
3361.  2.897587E-16
3362.  2.914253E-16
3363.  2.931732E-16
3364.  2.950051E-16
3365.  2.969235E-16
3366.  2.989302E-16
3367.  3.010275E-16
3368.  3.032164E-16
3369.  3.054983E-16
3370.  3.078737E-16
3371.  3.103431E-16
3372.  3.129063E-16
3373.  3.155630E-16
3374.  3.183122E-16
3375.  3.211530E-16
3376.  3.240834E-16
3377.  3.271016E-16
3378.  3.302053E-16
3379.  3.333915E-16
3380.  3.366572E-16
3381.  3.399990E-16
3382.  3.434129E-16
3383.  3.468948E-16
3384.  3.504399E-16
3385.  3.540437E-16
3386.  3.577009E-16
3387.  3.614059E-16
3388.  3.651532E-16
3389.  3.689369E-16
3390.  3.727507E-16
3391.  3.765884E-16
3392.  3.804433E-16
3393.  3.843087E-16
3394.  3.881778E-16
3395.  3.920437E-16
3396.  3.958992E-16
3397.  3.997375E-16
3398.  4.035512E-16
3399.  4.073334E-16
3400.  4.110768E-16
3401.  4.147746E-16
3402.  4.184196E-16
3403.  4.220049E-16
3404.  4.255239E-16
3405.  4.289699E-16
3406.  4.323363E-16
3407.  4.356171E-16
3408.  4.388061E-16
3409.  4.418974E-16
3410.  4.448856E-16
3411.  4.477653E-16
3412.  4.505315E-16
3413.  4.531796E-16
3414.  4.557048E-16
3415.  4.581034E-16
3416.  4.603718E-16
3417.  4.625062E-16
3418.  4.645038E-16
3419.  4.663619E-16
3420.  4.680781E-16
3421.  4.696508E-16
3422.  4.710779E-16
3423.  4.723588E-16
3424.  4.734923E-16
3425.  4.744780E-16
3426.  4.753159E-16
3427.  4.760060E-16
3428.  4.765494E-16
3429.  4.769466E-16
3430.  4.771990E-16
3431.  4.773080E-16
3432.  4.772760E-16
3433.  4.771044E-16
3434.  4.767962E-16
3435.  4.763538E-16
3436.  4.757802E-16
3437.  4.750783E-16
3438.  4.742517E-16
3439.  4.733039E-16
3440.  4.722383E-16
3441.  4.710588E-16
3442.  4.697694E-16
3443.  4.683740E-16
3444.  4.668766E-16
3445.  4.652816E-16
3446.  4.635929E-16
3447.  4.618151E-16
3448.  4.599519E-16
3449.  4.580077E-16
3450.  4.559868E-16
3451.  4.538931E-16
3452.  4.517306E-16
3453.  4.495034E-16
3454.  4.472153E-16
3455.  4.448700E-16
3456.  4.424712E-16
3457.  4.400222E-16
3458.  4.375265E-16
3459.  4.349872E-16
3460.  4.324073E-16
3461.  4.297899E-16
3462.  4.271373E-16
3463.  4.244523E-16
3464.  4.217372E-16
3465.  4.189941E-16
3466.  4.162250E-16
3467.  4.134317E-16
3468.  4.106157E-16
3469.  4.077786E-16
3470.  4.049217E-16
3471.  4.020461E-16
3472.  3.991525E-16
3473.  3.962422E-16
3474.  3.933155E-16
3475.  3.903730E-16
3476.  3.874151E-16
3477.  3.844422E-16
3478.  3.814544E-16
3479.  3.784518E-16
3480.  3.754345E-16
3481.  3.724022E-16
3482.  3.693551E-16
3483.  3.662929E-16
3484.  3.632154E-16
3485.  3.601221E-16
3486.  3.570132E-16
3487.  3.538882E-16
3488.  3.507471E-16
3489.  3.475893E-16
3490.  3.444150E-16
3491.  3.412238E-16
3492.  3.380159E-16
3493.  3.347911E-16
3494.  3.315492E-16
3495.  3.282908E-16
3496.  3.250160E-16
3497.  3.217248E-16
3498.  3.184178E-16
3499.  3.150958E-16
3500.  3.117591E-16
3501.  3.084082E-16
3502.  3.050445E-16
3503.  3.016686E-16
3504.  2.982817E-16
3505.  2.948847E-16
3506.  2.914796E-16
3507.  2.880673E-16
3508.  2.846494E-16
3509.  2.812277E-16
3510.  2.778040E-16
3511.  2.743803E-16
3512.  2.709581E-16
3513.  2.675400E-16
3514.  2.641278E-16
3515.  2.607243E-16
3516.  2.573312E-16
3517.  2.539514E-16
3518.  2.505873E-16
3519.  2.472413E-16
3520.  2.439161E-16
3521.  2.406141E-16
3522.  2.373382E-16
3523.  2.340912E-16
3524.  2.308752E-16
3525.  2.276937E-16
3526.  2.245486E-16
3527.  2.214434E-16
3528.  2.183799E-16
3529.  2.153611E-16
3530.  2.123896E-16
3531.  2.094679E-16
3532.  2.065982E-16
3533.  2.037831E-16
3534.  2.010247E-16
3535.  1.983254E-16
3536.  1.956870E-16
3537.  1.931115E-16
3538.  1.906011E-16
3539.  1.881571E-16
3540.  1.857813E-16
3541.  1.834753E-16
3542.  1.812402E-16
3543.  1.790770E-16
3544.  1.769872E-16
3545.  1.749713E-16
3546.  1.730300E-16
3547.  1.711641E-16
3548.  1.693736E-16
3549.  1.676588E-16
3550.  1.660198E-16
3551.  1.644564E-16
3552.  1.629682E-16
3553.  1.615546E-16
3554.  1.602151E-16
3555.  1.589487E-16
3556.  1.577543E-16
3557.  1.566308E-16
3558.  1.555766E-16
3559.  1.545905E-16
3560.  1.536705E-16
3561.  1.528146E-16
3562.  1.520213E-16
3563.  1.512877E-16
3564.  1.506122E-16
3565.  1.499917E-16
3566.  1.494239E-16
3567.  1.489062E-16
3568.  1.484356E-16
3569.  1.480093E-16
3570.  1.476242E-16
3571.  1.472770E-16
3572.  1.469648E-16
3573.  1.466842E-16
3574.  1.464317E-16
3575.  1.462042E-16
3576.  1.459981E-16
3577.  1.458101E-16
3578.  1.456364E-16
3579.  1.454739E-16
3580.  1.453188E-16
3581.  1.451677E-16
3582.  1.450171E-16
3583.  1.448637E-16
3584.  1.447041E-16
3585.  1.445347E-16
3586.  1.443526E-16
3587.  1.441544E-16
3588.  1.439367E-16
3589.  1.436968E-16
3590.  1.434316E-16
3591.  1.431385E-16
3592.  1.428144E-16
3593.  1.424568E-16
3594.  1.420634E-16
3595.  1.416317E-16
3596.  1.411596E-16
3597.  1.406449E-16
3598.  1.400859E-16
3599.  1.394808E-16
3600.  1.388277E-16
3601.  1.381257E-16
3602.  1.373731E-16
3603.  1.365692E-16
3604.  1.357129E-16
3605.  1.348035E-16
3606.  1.338404E-16
3607.  1.328235E-16
3608.  1.317522E-16
3609.  1.306267E-16
3610.  1.294471E-16
3611.  1.282139E-16
3612.  1.269272E-16
3613.  1.255879E-16
3614.  1.241967E-16
3615.  1.227547E-16
3616.  1.212628E-16
3617.  1.197223E-16
3618.  1.181348E-16
3619.  1.165014E-16
3620.  1.148242E-16
3621.  1.131047E-16
3622.  1.113446E-16
3623.  1.095461E-16
3624.  1.077113E-16
3625.  1.058422E-16
3626.  1.039411E-16
3627.  1.020103E-16
3628.  1.000522E-16
3629.  9.806895E-17
3630.  9.606346E-17
3631.  9.403776E-17
3632.  9.199466E-17
3633.  8.993661E-17
3634.  8.786612E-17
3635.  8.578573E-17
3636.  8.369814E-17
3637.  8.160579E-17
3638.  7.951127E-17
3639.  7.741698E-17
3640.  7.532540E-17
3641.  7.323898E-17
3642.  7.116018E-17
3643.  6.909134E-17
3644.  6.703460E-17
3645.  6.499237E-17
3646.  6.296672E-17
3647.  6.095970E-17
3648.  5.897331E-17
3649.  5.700956E-17
3650.  5.507036E-17
3651.  5.315747E-17
3652.  5.127256E-17
3653.  4.941724E-17
3654.  4.759306E-17
3655.  4.580153E-17
3656.  4.404419E-17
3657.  4.232193E-17
3658.  4.063606E-17
3659.  3.898806E-17
3660.  3.737842E-17
3661.  3.580847E-17
3662.  3.427891E-17
3663.  3.279063E-17
3664.  3.134427E-17
3665.  2.994014E-17
3666.  2.857939E-17
3667.  2.726217E-17
3668.  2.598882E-17
3669.  2.475986E-17
3670.  2.357551E-17
3671.  2.243605E-17
3672.  2.134153E-17
3673.  2.029195E-17
3674.  1.928764E-17
3675.  1.832831E-17
3676.  1.741405E-17
3677.  1.654469E-17
3678.  1.572018E-17
3679.  1.494043E-17
3680.  1.420487E-17
3681.  1.351325E-17
3682.  1.286569E-17
3683.  1.226162E-17
3684.  1.170051E-17
3685.  1.118215E-17
3686.  1.070590E-17
3687.  1.027155E-17
3688.  9.878647E-18
3689.  9.526341E-18
3690.  9.214400E-18
3691.  8.942046E-18
3692.  8.708773E-18
3693.  8.514066E-18
3694.  8.357234E-18
3695.  8.237524E-18
3696.  8.154259E-18
3697.  8.106864E-18
3698.  8.094594E-18
3699.  8.116501E-18
3700.  8.171953E-18
3701.  8.260135E-18
3702.  8.380129E-18
3703.  8.531213E-18
3704.  8.712465E-18
3705.  8.922766E-18
3706.  9.161404E-18
3707.  9.427407E-18
3708.  9.719706E-18
3709.  1.003729E-17
3710.  1.037916E-17
3711.  1.074427E-17
3712.  1.113138E-17
3713.  1.153944E-17
3714.  1.196747E-17
3715.  1.241401E-17
3716.  1.287811E-17
3717.  1.335829E-17
3718.  1.385349E-17
3719.  1.436239E-17
3720.  1.488385E-17
3721.  1.541646E-17
3722.  1.595882E-17
3723.  1.650976E-17
3724.  1.706777E-17
3725.  1.763161E-17
3726.  1.819986E-17
3727.  1.877133E-17
3728.  1.934449E-17
3729.  1.991797E-17
3730.  2.049053E-17
3731.  2.106078E-17
3732.  2.162732E-17
3733.  2.218891E-17
3734.  2.274423E-17
3735.  2.329187E-17
3736.  2.383072E-17
3737.  2.435954E-17
3738.  2.487689E-17
3739.  2.538185E-17
3740.  2.587331E-17
3741.  2.634987E-17
3742.  2.681064E-17
3743.  2.725469E-17
3744.  2.768098E-17
3745.  2.808835E-17
3746.  2.847635E-17
3747.  2.884381E-17
3748.  2.919022E-17
3749.  2.951479E-17
3750.  2.981666E-17
3751.  3.009558E-17
3752.  3.035096E-17
3753.  3.058200E-17
3754.  3.078871E-17
3755.  3.097069E-17
3756.  3.112759E-17
3757.  3.125918E-17
3758.  3.136531E-17
3759.  3.144601E-17
3760.  3.150130E-17
3761.  3.153116E-17
3762.  3.153569E-17
3763.  3.151506E-17
3764.  3.146949E-17
3765.  3.139950E-17
3766.  3.130509E-17
3767.  3.118695E-17
3768.  3.104549E-17
3769.  3.088108E-17
3770.  3.069432E-17
3771.  3.048588E-17
3772.  3.025642E-17
3773.  3.000643E-17
3774.  2.973688E-17
3775.  2.944829E-17
3776.  2.914159E-17
3777.  2.881731E-17
3778.  2.847664E-17
3779.  2.812027E-17
3780.  2.774903E-17
3781.  2.736381E-17
3782.  2.696530E-17
3783.  2.655468E-17
3784.  2.613286E-17
3785.  2.570051E-17
3786.  2.525865E-17
3787.  2.480809E-17
3788.  2.434995E-17
3789.  2.388480E-17
3790.  2.341358E-17
3791.  2.293735E-17
3792.  2.245675E-17
3793.  2.197259E-17
3794.  2.148586E-17
3795.  2.099714E-17
3796.  2.050732E-17
3797.  2.001694E-17
3798.  1.952696E-17
3799.  1.903783E-17
3800.  1.855050E-17
3801.  1.806524E-17
3802.  1.758281E-17
3803.  1.710387E-17
3804.  1.662887E-17
3805.  1.615827E-17
3806.  1.569259E-17
3807.  1.523234E-17
3808.  1.477786E-17
3809.  1.432956E-17
3810.  1.388781E-17
3811.  1.345296E-17
3812.  1.302534E-17
3813.  1.260501E-17
3814.  1.219242E-17
3815.  1.178779E-17
3816.  1.139133E-17
3817.  1.100299E-17
3818.  1.062318E-17
3819.  1.025189E-17
3820.  9.889237E-18
3821.  9.535267E-18
3822.  9.190035E-18
3823.  8.853736E-18
3824.  8.526241E-18
3825.  8.207559E-18
3826.  7.897760E-18
3827.  7.596667E-18
3828.  7.304389E-18
3829.  7.020752E-18
3830.  6.745772E-18
3831.  6.479312E-18
3832.  6.221378E-18
3833.  5.971660E-18
3834.  5.730276E-18
3835.  5.496991E-18
3836.  5.271759E-18
3837.  5.054331E-18
3838.  4.844701E-18
3839.  4.642740E-18
3840.  4.448069E-18
3841.  4.260643E-18
3842.  4.080680E-18
3843.  3.907477E-18
3844.  3.741183E-18
3845.  3.581537E-18
3846.  3.428406E-18
3847.  3.281727E-18
3848.  3.141227E-18
3849.  3.006790E-18
3850.  2.878197E-18
3851.  2.755422E-18
3852.  2.638112E-18
3853.  2.526280E-18
3854.  2.419700E-18
3855.  2.318410E-18
3856.  2.221972E-18
3857.  2.130325E-18
3858.  2.043486E-18
3859.  1.961111E-18
3860.  1.883149E-18
3861.  1.809515E-18
3862.  1.739854E-18
3863.  1.674383E-18
3864.  1.612625E-18
3865.  1.554747E-18
3866.  1.500293E-18
3867.  1.449498E-18
3868.  1.402024E-18
3869.  1.357792E-18
3870.  1.316674E-18
3871.  1.278692E-18
3872.  1.243581E-18
3873.  1.211145E-18
3874.  1.181509E-18
3875.  1.154466E-18
3876.  1.129874E-18
3877.  1.107738E-18
3878.  1.087734E-18
3879.  1.069950E-18
3880.  1.054326E-18
3881.  1.040574E-18
3882.  1.028737E-18
3883.  1.018672E-18
3884.  1.010369E-18
3885.  1.003585E-18
3886.  9.983578E-19
3887.  9.945221E-19
3888.  9.919717E-19
3889.  9.906139E-19
3890.  9.904280E-19
3891.  9.911948E-19
3892.  9.928777E-19
3893.  9.953983E-19
3894.  9.986142E-19
3895.  1.002495E-18
3896.  1.006885E-18
3897.  1.011700E-18
3898.  1.016670E-18
3899.  1.021981E-18
3900.  1.027213E-18
3901.  1.032577E-18
3902.  1.037575E-18
3903.  1.042492E-18
3904.  1.046852E-18
3905.  1.050666E-18
3906.  1.053927E-18
3907.  1.056252E-18
3908.  1.057762E-18
3909.  1.058040E-18
3910.  1.057048E-18
3911.  1.054634E-18
3912.  1.050726E-18
3913.  1.044980E-18
3914.  1.037405E-18
3915.  1.027735E-18
3916.  1.015731E-18
3917.  1.001366E-18
3918.  9.842314E-19
3919.  9.643720E-19
3920.  9.413537E-19
3921.  9.150369E-19
3922.  8.854157E-19
3923.  8.519493E-19
3924.  8.146045E-19
3925.  7.730124E-19
3926.  7.271083E-19
3927.  6.765871E-19
3928.  6.211607E-19
3929.  5.605962E-19
3930.  4.946212E-19
3931.  4.230393E-19
3932.  3.455026E-19
3933.  2.618188E-19
3934.  1.716755E-19
3935.  7.488053E-20
3936.  -2.886780E-20
3937.  -1.400392E-19
3938.  -2.584942E-19
3939.  -3.848194E-19
3940.  -5.192939E-19
3941.  -6.621158E-19
3942.  -8.135127E-19
3943.  -9.738059E-19
3944.  -1.143130E-18
3945.  -1.321952E-18
3946.  -1.510485E-18
3947.  -1.708917E-18
3948.  -1.917407E-18
3949.  -2.136377E-18
3950.  -2.365982E-18
3951.  -2.606431E-18
3952.  -2.857896E-18
3953.  -3.120656E-18
3954.  -3.394775E-18
3955.  -3.680692E-18
3956.  -3.978291E-18
3957.  -4.287920E-18
3958.  -4.609517E-18
3959.  -4.943360E-18
3960.  -5.289440E-18
3961.  -5.648056E-18
3962.  -6.019026E-18
3963.  -6.402497E-18
3964.  -6.798442E-18
3965.  -7.206952E-18
3966.  -7.627939E-18
3967.  -8.061350E-18
3968.  -8.507154E-18
3969.  -8.965308E-18
3970.  -9.435376E-18
3971.  -9.917649E-18
3972.  -1.041168E-17
3973.  -1.091728E-17
3974.  -1.143429E-17
3975.  -1.196233E-17
3976.  -1.250120E-17
3977.  -1.305043E-17
3978.  -1.360979E-17
3979.  -1.417886E-17
3980.  -1.475717E-17
3981.  -1.534439E-17
3982.  -1.593965E-17
3983.  -1.654271E-17
3984.  -1.715294E-17
3985.  -1.776974E-17
3986.  -1.839245E-17
3987.  -1.902035E-17
3988.  -1.965284E-17
3989.  -2.028900E-17
3990.  -2.092822E-17
3991.  -2.156944E-17
3992.  -2.221228E-17
3993.  -2.285520E-17
3994.  -2.349786E-17
3995.  -2.413904E-17
3996.  -2.477773E-17
3997.  -2.541317E-17
3998.  -2.604413E-17
3999.  -2.666944E-17
4000.  -2.728824E-17
4001.  -2.789947E-17
4002.  -2.850172E-17
4003.  -2.909421E-17
4004.  -2.967536E-17
4005.  -3.024429E-17
4006.  -3.079978E-17
4007.  -3.134048E-17
4008.  -3.186536E-17
4009.  -3.237311E-17
4010.  -3.286249E-17
4011.  -3.333218E-17
4012.  -3.378108E-17
4013.  -3.420816E-17
4014.  -3.461174E-17
4015.  -3.499100E-17
4016.  -3.534465E-17
4017.  -3.567149E-17
4018.  -3.597029E-17
4019.  -3.624002E-17
4020.  -3.647959E-17
4021.  -3.668773E-17
4022.  -3.686366E-17
4023.  -3.700608E-17
4024.  -3.711410E-17
4025.  -3.718694E-17
4026.  -3.722356E-17
4027.  -3.722298E-17
4028.  -3.718453E-17
4029.  -3.710741E-17
4030.  -3.699088E-17
4031.  -3.683428E-17
4032.  -3.663693E-17
4033.  -3.639853E-17
4034.  -3.611814E-17
4035.  -3.579569E-17
4036.  -3.543073E-17
4037.  -3.502279E-17
4038.  -3.457190E-17
4039.  -3.407754E-17
4040.  -3.353982E-17
4041.  -3.295866E-17
4042.  -3.233393E-17
4043.  -3.166594E-17
4044.  -3.095456E-17
4045.  -3.020030E-17
4046.  -2.940327E-17
4047.  -2.856376E-17
4048.  -2.768227E-17
4049.  -2.675922E-17
4050.  -2.579513E-17
4051.  -2.479068E-17
4052.  -2.374652E-17
4053.  -2.266332E-17
4054.  -2.154169E-17
4055.  -2.038281E-17
4056.  -1.918715E-17
4057.  -1.795590E-17
4058.  -1.668995E-17
4059.  -1.539025E-17
4060.  -1.405799E-17
4061.  -1.269420E-17
4062.  -1.130001E-17
4063.  -9.876522E-18
4064.  -8.424989E-18
4065.  -6.946779E-18
4066.  -5.442882E-18
4067.  -3.914781E-18
4068.  -2.363793E-18
4069.  -7.911736E-19
4070.  8.016907E-19
4071.  2.413626E-18
4072.  4.043099E-18
4073.  5.688555E-18
4074.  7.348975E-18
4075.  9.022752E-18
4076.  1.070854E-17
4077.  1.240488E-17
4078.  1.411042E-17
4079.  1.582384E-17
4080.  1.754354E-17
4081.  1.926835E-17
4082.  2.099677E-17
4083.  2.272740E-17
4084.  2.445886E-17
4085.  2.618981E-17
4086.  2.791894E-17
4087.  2.964496E-17
4088.  3.136631E-17
4089.  3.308178E-17
4090.  3.479010E-17
4091.  3.648996E-17
4092.  3.817998E-17
4093.  3.985894E-17
4094.  4.152551E-17
4095.  4.317860E-17
4096.  4.481670E-17
4097.  4.643876E-17
4098.  4.804360E-17
4099.  4.962978E-17
4100.  5.119627E-17
4101.  5.274192E-17
4102.  5.426551E-17
4103.  5.576572E-17
4104.  5.724175E-17
4105.  5.869218E-17
4106.  6.011597E-17
4107.  6.151223E-17
4108.  6.287964E-17
4109.  6.421714E-17
4110.  6.552394E-17
4111.  6.679891E-17
4112.  6.804101E-17
4113.  6.924937E-17
4114.  7.042304E-17
4115.  7.156102E-17
4116.  7.266280E-17
4117.  7.372707E-17
4118.  7.475343E-17
4119.  7.574108E-17
4120.  7.668903E-17
4121.  7.759715E-17
4122.  7.846441E-17
4123.  7.929056E-17
4124.  8.007489E-17
4125.  8.081716E-17
4126.  8.151685E-17
4127.  8.217382E-17
4128.  8.278784E-17
4129.  8.335858E-17
4130.  8.388625E-17
4131.  8.437060E-17
4132.  8.481185E-17
4133.  8.521019E-17
4134.  8.556571E-17
4135.  8.587888E-17
4136.  8.615020E-17
4137.  8.637997E-17
4138.  8.656896E-17
4139.  8.671782E-17
4140.  8.682742E-17
4141.  8.689825E-17
4142.  8.693188E-17
4143.  8.692893E-17
4144.  8.689062E-17
4145.  8.681821E-17
4146.  8.671293E-17
4147.  8.657636E-17
4148.  8.640970E-17
4149.  8.621476E-17
4150.  8.599286E-17
4151.  8.574594E-17
4152.  8.547550E-17
4153.  8.518332E-17
4154.  8.487144E-17
4155.  8.454158E-17
4156.  8.419564E-17
4157.  8.383562E-17
4158.  8.346345E-17
4159.  8.308105E-17
4160.  8.269041E-17
4161.  8.229368E-17
4162.  8.189252E-17
4163.  8.148921E-17
4164.  8.108544E-17
4165.  8.068332E-17
4166.  8.028446E-17
4167.  7.989094E-17
4168.  7.950450E-17
4169.  7.912658E-17
4170.  7.875905E-17
4171.  7.840346E-17
4172.  7.806111E-17
4173.  7.773366E-17
4174.  7.742205E-17
4175.  7.712777E-17
4176.  7.685172E-17
4177.  7.659478E-17
4178.  7.635807E-17
4179.  7.614209E-17
4180.  7.594742E-17
4181.  7.577469E-17
4182.  7.562421E-17
4183.  7.549604E-17
4184.  7.539035E-17
4185.  7.530711E-17
4186.  7.524599E-17
4187.  7.520686E-17
4188.  7.518899E-17
4189.  7.519207E-17
4190.  7.521532E-17
4191.  7.525776E-17
4192.  7.531848E-17
4193.  7.539647E-17
4194.  7.549059E-17
4195.  7.559948E-17
4196.  7.572171E-17
4197.  7.585589E-17
4198.  7.600038E-17
4199.  7.615369E-17
4200.  7.631402E-17
4201.  7.647950E-17
4202.  7.664854E-17
4203.  7.681922E-17
4204.  7.698950E-17
4205.  7.715769E-17
4206.  7.732173E-17
4207.  7.747980E-17
4208.  7.763000E-17
4209.  7.777020E-17
4210.  7.789887E-17
4211.  7.801383E-17
4212.  7.811362E-17
4213.  7.819623E-17
4214.  7.826030E-17
4215.  7.830401E-17
4216.  7.832598E-17
4217.  7.832454E-17
4218.  7.829879E-17
4219.  7.824728E-17
4220.  7.816894E-17
4221.  7.806289E-17
4222.  7.792835E-17
4223.  7.776453E-17
4224.  7.757091E-17
4225.  7.734712E-17
4226.  7.709298E-17
4227.  7.680830E-17
4228.  7.649322E-17
4229.  7.614802E-17
4230.  7.577313E-17
4231.  7.536907E-17
4232.  7.493659E-17
4233.  7.447687E-17
4234.  7.399063E-17
4235.  7.347943E-17
4236.  7.294443E-17
4237.  7.238758E-17
4238.  7.181062E-17
4239.  7.121541E-17
4240.  7.060401E-17
4241.  6.997878E-17
4242.  6.934212E-17
4243.  6.869662E-17
4244.  6.804500E-17
4245.  6.739021E-17
4246.  6.673520E-17
4247.  6.608303E-17
4248.  6.543693E-17
4249.  6.480051E-17
4250.  6.417697E-17
4251.  6.356994E-17
4252.  6.298315E-17
4253.  6.242031E-17
4254.  6.188521E-17
4255.  6.138176E-17
4256.  6.091394E-17
4257.  6.048551E-17
4258.  6.010077E-17
4259.  5.976348E-17
4260.  5.947787E-17
4261.  5.924802E-17
4262.  5.907781E-17
4263.  5.897139E-17
4264.  5.893267E-17
4265.  5.896574E-17
4266.  5.907435E-17
4267.  5.926249E-17
4268.  5.953392E-17
4269.  5.989216E-17
4270.  6.034109E-17
4271.  6.088403E-17
4272.  6.152435E-17
4273.  6.226537E-17
4274.  6.311016E-17
4275.  6.406162E-17
4276.  6.512254E-17
4277.  6.629587E-17
4278.  6.758368E-17
4279.  6.898840E-17
4280.  7.051205E-17
4281.  7.215646E-17
4282.  7.392334E-17
4283.  7.581403E-17
4284.  7.782964E-17
4285.  7.997117E-17
4286.  8.223940E-17
4287.  8.463443E-17
4288.  8.715670E-17
4289.  8.980593E-17
4290.  9.258179E-17
4291.  9.548352E-17
4292.  9.851024E-17
4293.  1.016607E-16
4294.  1.049332E-16
4295.  1.083259E-16
4296.  1.118369E-16
4297.  1.154636E-16
4298.  1.192032E-16
4299.  1.230528E-16
4300.  1.270091E-16
4301.  1.310685E-16
4302.  1.352270E-16
4303.  1.394805E-16
4304.  1.438247E-16
4305.  1.482546E-16
4306.  1.527655E-16
4307.  1.573521E-16
4308.  1.620090E-16
4309.  1.667305E-16
4310.  1.715108E-16
4311.  1.763436E-16
4312.  1.812229E-16
4313.  1.861419E-16
4314.  1.910942E-16
4315.  1.960731E-16
4316.  2.010714E-16
4317.  2.060825E-16
4318.  2.110989E-16
4319.  2.161138E-16
4320.  2.211196E-16
4321.  2.261093E-16
4322.  2.310756E-16
4323.  2.360109E-16
4324.  2.409082E-16
4325.  2.457603E-16
4326.  2.505600E-16
4327.  2.553000E-16
4328.  2.599737E-16
4329.  2.645740E-16
4330.  2.690943E-16
4331.  2.735280E-16
4332.  2.778687E-16
4333.  2.821103E-16
4334.  2.862470E-16
4335.  2.902728E-16
4336.  2.941826E-16
4337.  2.979710E-16
4338.  3.016333E-16
4339.  3.051647E-16
4340.  3.085610E-16
4341.  3.118183E-16
4342.  3.149331E-16
4343.  3.179022E-16
4344.  3.207224E-16
4345.  3.233913E-16
4346.  3.259069E-16
4347.  3.282672E-16
4348.  3.304711E-16
4349.  3.325173E-16
4350.  3.344053E-16
4351.  3.361348E-16
4352.  3.377059E-16
4353.  3.391193E-16
4354.  3.403758E-16
4355.  3.414766E-16
4356.  3.424233E-16
4357.  3.432181E-16
4358.  3.438631E-16
4359.  3.443609E-16
4360.  3.447147E-16
4361.  3.449278E-16
4362.  3.450036E-16
4363.  3.449461E-16
4364.  3.447594E-16
4365.  3.444479E-16
4366.  3.440163E-16
4367.  3.434694E-16
4368.  3.428121E-16
4369.  3.420497E-16
4370.  3.411877E-16
4371.  3.402315E-16
4372.  3.391868E-16
4373.  3.380592E-16
4374.  3.368548E-16
4375.  3.355793E-16
4376.  3.342384E-16
4377.  3.328384E-16
4378.  3.313850E-16
4379.  3.298844E-16
4380.  3.283422E-16
4381.  3.267644E-16
4382.  3.251567E-16
4383.  3.235249E-16
4384.  3.218743E-16
4385.  3.202104E-16
4386.  3.185387E-16
4387.  3.168641E-16
4388.  3.151918E-16
4389.  3.135263E-16
4390.  3.118724E-16
4391.  3.102343E-16
4392.  3.086163E-16
4393.  3.070224E-16
4394.  3.054560E-16
4395.  3.039210E-16
4396.  3.024202E-16
4397.  3.009568E-16
4398.  2.995335E-16
4399.  2.981526E-16
4400.  2.968161E-16
4401.  2.955262E-16
4402.  2.942843E-16
4403.  2.930918E-16
4404.  2.919495E-16
4405.  2.908587E-16
4406.  2.898196E-16
4407.  2.888325E-16
4408.  2.878973E-16
4409.  2.870138E-16
4410.  2.861813E-16
4411.  2.853992E-16
4412.  2.846664E-16
4413.  2.839816E-16
4414.  2.833435E-16
4415.  2.827502E-16
4416.  2.821997E-16
4417.  2.816900E-16
4418.  2.812187E-16
4419.  2.807833E-16
4420.  2.803811E-16
4421.  2.800094E-16
4422.  2.796648E-16
4423.  2.793445E-16
4424.  2.790452E-16
4425.  2.787634E-16
4426.  2.784956E-16
4427.  2.782382E-16
4428.  2.779875E-16
4429.  2.777398E-16
4430.  2.774913E-16
4431.  2.772381E-16
4432.  2.769763E-16
4433.  2.767019E-16
4434.  2.764111E-16
4435.  2.761000E-16
4436.  2.757647E-16
4437.  2.754013E-16
4438.  2.750060E-16
4439.  2.745748E-16
4440.  2.741043E-16
4441.  2.735907E-16
4442.  2.730304E-16
4443.  2.724201E-16
4444.  2.717564E-16
4445.  2.710361E-16
4446.  2.702560E-16
4447.  2.694133E-16
4448.  2.685049E-16
4449.  2.675287E-16
4450.  2.664816E-16
4451.  2.653616E-16
4452.  2.641665E-16
4453.  2.628945E-16
4454.  2.615434E-16
4455.  2.601122E-16
4456.  2.585991E-16
4457.  2.570030E-16
4458.  2.553233E-16
4459.  2.535588E-16
4460.  2.517095E-16
4461.  2.497746E-16
4462.  2.477542E-16
4463.  2.456485E-16
4464.  2.434578E-16
4465.  2.411828E-16
4466.  2.388241E-16
4467.  2.363825E-16
4468.  2.338597E-16
4469.  2.312567E-16
4470.  2.285754E-16
4471.  2.258174E-16
4472.  2.229848E-16
4473.  2.200796E-16
4474.  2.171044E-16
4475.  2.140616E-16
4476.  2.109540E-16
4477.  2.077842E-16
4478.  2.045553E-16
4479.  2.012705E-16
4480.  1.979330E-16
4481.  1.945459E-16
4482.  1.911132E-16
4483.  1.876379E-16
4484.  1.841239E-16
4485.  1.805750E-16
4486.  1.769947E-16
4487.  1.733871E-16
4488.  1.697559E-16
4489.  1.661051E-16
4490.  1.624384E-16
4491.  1.587599E-16
4492.  1.550732E-16
4493.  1.513827E-16
4494.  1.476920E-16
4495.  1.440049E-16
4496.  1.403250E-16
4497.  1.366563E-16
4498.  1.330025E-16
4499.  1.293668E-16
4500.  1.257529E-16
