1.  -6.817176E-23
2.  -1.878224E-22
3.  -1.264837E-22
4.  -1.446967E-22
5.  -2.232614E-22
6.  -2.900694E-23
7.  -2.676055E-23
8.  -1.637989E-22
9.  -9.065923E-23
10.  -1.849088E-22
11.  -1.967505E-22
12.  -1.122725E-22
13.  -1.213462E-22
14.  -1.006440E-22
15.  -1.215100E-22
16.  -6.207699E-23
17.  -4.491925E-23
18.  -1.409527E-22
19.  -4.583105E-23
20.  -1.309231E-22
21.  -5.746081E-23
22.  -1.014643E-22
23.  -6.464116E-23
24.  -8.217184E-23
25.  -1.114632E-22
26.  -1.171168E-22
27.  -1.208647E-22
28.  -2.526219E-23
29.  -1.009694E-22
30.  -1.746832E-22
31.  -1.029222E-22
32.  -1.170628E-22
33.  -1.467790E-22
34.  -1.654995E-23
35.  -4.110146E-23
36.  -9.692556E-23
37.  5.670591E-24
38.  -1.001766E-22
39.  -1.208628E-22
40.  -2.474683E-23
41.  -1.153166E-22
42.  -1.185172E-22
43.  -1.186519E-22
44.  -5.776777E-23
45.  -5.728236E-23
46.  -6.441280E-23
47.  -4.447128E-23
48.  -5.706754E-23
49.  -9.374154E-23
50.  -8.443149E-23
51.  -3.894885E-23
52.  -1.008071E-22
53.  -7.638572E-25
54.  -4.771586E-23
55.  -2.496921E-24
56.  -9.667604E-24
57.  -1.373202E-22
58.  2.399658E-23
59.  6.888636E-24
60.  1.286997E-22
61.  1.706578E-23
62.  1.755350E-22
63.  6.198483E-23
64.  9.058584E-23
65.  1.184539E-22
66.  3.322804E-23
67.  1.758126E-22
68.  2.472919E-22
69.  2.020303E-22
70.  2.338929E-22
71.  3.767423E-22
72.  3.372730E-22
73.  4.703479E-22
74.  5.373757E-22
75.  4.925703E-22
76.  5.568275E-22
77.  6.572409E-22
78.  8.180975E-22
79.  8.637016E-22
80.  9.222312E-22
81.  1.059806E-21
82.  1.113151E-21
83.  1.280094E-21
84.  1.464436E-21
85.  1.638472E-21
86.  1.803082E-21
87.  1.974369E-21
88.  2.043360E-21
89.  2.414127E-21
90.  2.555430E-21
91.  2.839951E-21
92.  3.189411E-21
93.  3.425695E-21
94.  3.812552E-21
95.  4.074524E-21
96.  4.520082E-21
97.  4.974087E-21
98.  5.419333E-21
99.  6.034141E-21
100.  6.547213E-21
101.  7.206595E-21
102.  7.871830E-21
103.  8.565830E-21
104.  9.372639E-21
105.  1.028714E-20
106.  1.119642E-20
107.  1.228198E-20
108.  1.337669E-20
109.  1.462109E-20
110.  1.591993E-20
111.  1.737336E-20
112.  1.898142E-20
113.  2.063769E-20
114.  2.238503E-20
115.  2.448628E-20
116.  2.655598E-20
117.  2.889731E-20
118.  3.149107E-20
119.  3.411452E-20
120.  3.715540E-20
121.  4.028275E-20
122.  4.374372E-20
123.  4.750129E-20
124.  5.151931E-20
125.  5.589592E-20
126.  6.052404E-20
127.  6.562477E-20
128.  7.102539E-20
129.  7.688995E-20
130.  8.315360E-20
131.  9.008225E-20
132.  9.741745E-20
133.  1.052595E-19
134.  1.138740E-19
135.  1.230341E-19
136.  1.328890E-19
137.  1.434952E-19
138.  1.548818E-19
139.  1.671483E-19
140.  1.802164E-19
141.  1.943050E-19
142.  2.095036E-19
143.  2.257265E-19
144.  2.431097E-19
145.  2.617696E-19
146.  2.816563E-19
147.  3.030976E-19
148.  3.260375E-19
149.  3.505143E-19
150.  3.768415E-19
151.  4.048003E-19
152.  4.347756E-19
153.  4.667588E-19
154.  5.011158E-19
155.  5.376401E-19
156.  5.767151E-19
157.  6.184397E-19
158.  6.627909E-19
159.  7.102752E-19
160.  7.607932E-19
161.  8.146542E-19
162.  8.719324E-19
163.  9.331381E-19
164.  9.981171E-19
165.  1.067375E-18
166.  1.140885E-18
167.  1.219166E-18
168.  1.302268E-18
169.  1.390695E-18
170.  1.484553E-18
171.  1.584332E-18
172.  1.690133E-18
173.  1.802434E-18
174.  1.921474E-18
175.  2.047758E-18
176.  2.181505E-18
177.  2.323342E-18
178.  2.473477E-18
179.  2.632510E-18
180.  2.800769E-18
181.  2.978789E-18
182.  3.167075E-18
183.  3.366196E-18
184.  3.576530E-18
185.  3.798723E-18
186.  4.033593E-18
187.  4.281334E-18
188.  4.542894E-18
189.  4.818756E-18
190.  5.109738E-18
191.  5.416410E-18
192.  5.739673E-18
193.  6.080167E-18
194.  6.438714E-18
195.  6.816188E-18
196.  7.213440E-18
197.  7.631294E-18
198.  8.070795E-18
199.  8.532677E-18
200.  9.017969E-18
201.  9.527948E-18
202.  1.006330E-17
203.  1.062540E-17
204.  1.121503E-17
205.  1.183361E-17
206.  1.248226E-17
207.  1.316219E-17
208.  1.387466E-17
209.  1.462090E-17
210.  1.540226E-17
211.  1.622012E-17
212.  1.707593E-17
213.  1.797106E-17
214.  1.890700E-17
215.  1.988517E-17
216.  2.090725E-17
217.  2.197494E-17
218.  2.308966E-17
219.  2.425300E-17
220.  2.546696E-17
221.  2.673305E-17
222.  2.805318E-17
223.  2.942902E-17
224.  3.086255E-17
225.  3.235554E-17
226.  3.390996E-17
227.  3.552790E-17
228.  3.721109E-17
229.  3.896192E-17
230.  4.078203E-17
231.  4.267367E-17
232.  4.463907E-17
233.  4.668029E-17
234.  4.879946E-17
235.  5.099897E-17
236.  5.328083E-17
237.  5.564736E-17
238.  5.810084E-17
239.  6.064353E-17
240.  6.327786E-17
241.  6.600608E-17
242.  6.883051E-17
243.  7.175374E-17
244.  7.477779E-17
245.  7.790539E-17
246.  8.113864E-17
247.  8.448010E-17
248.  8.793213E-17
249.  9.149713E-17
250.  9.517761E-17
251.  9.897593E-17
252.  1.028943E-16
253.  1.069353E-16
254.  1.111011E-16
255.  1.153942E-16
256.  1.198170E-16
257.  1.243717E-16
258.  1.290604E-16
259.  1.338857E-16
260.  1.388496E-16
261.  1.439544E-16
262.  1.492023E-16
263.  1.545952E-16
264.  1.601351E-16
265.  1.658244E-16
266.  1.716647E-16
267.  1.776581E-16
268.  1.838063E-16
269.  1.901113E-16
270.  1.965746E-16
271.  2.031979E-16
272.  2.099829E-16
273.  2.169307E-16
274.  2.240431E-16
275.  2.313214E-16
276.  2.387667E-16
277.  2.463801E-16
278.  2.541629E-16
279.  2.621158E-16
280.  2.702396E-16
281.  2.785353E-16
282.  2.870035E-16
283.  2.956447E-16
284.  3.044592E-16
285.  3.134472E-16
286.  3.226090E-16
287.  3.319447E-16
288.  3.414543E-16
289.  3.511374E-16
290.  3.609936E-16
291.  3.710227E-16
292.  3.812239E-16
293.  3.915965E-16
294.  4.021396E-16
295.  4.128522E-16
296.  4.237330E-16
297.  4.347809E-16
298.  4.459943E-16
299.  4.573716E-16
300.  4.689111E-16
301.  4.806109E-16
302.  4.924690E-16
303.  5.044827E-16
304.  5.166502E-16
305.  5.289690E-16
306.  5.414359E-16
307.  5.540488E-16
308.  5.668042E-16
309.  5.796993E-16
310.  5.927308E-16
311.  6.058949E-16
312.  6.191887E-16
313.  6.326080E-16
314.  6.461493E-16
315.  6.598085E-16
316.  6.735815E-16
317.  6.874638E-16
318.  7.014515E-16
319.  7.155397E-16
320.  7.297239E-16
321.  7.439992E-16
322.  7.583607E-16
323.  7.728037E-16
324.  7.873231E-16
325.  8.019131E-16
326.  8.165690E-16
327.  8.312848E-16
328.  8.460554E-16
329.  8.608749E-16
330.  8.757377E-16
331.  8.906380E-16
332.  9.055696E-16
333.  9.205268E-16
334.  9.355038E-16
335.  9.504940E-16
336.  9.654916E-16
337.  9.804900E-16
338.  9.954833E-16
339.  1.010465E-15
340.  1.025429E-15
341.  1.040368E-15
342.  1.055277E-15
343.  1.070148E-15
344.  1.084976E-15
345.  1.099754E-15
346.  1.114475E-15
347.  1.129133E-15
348.  1.143722E-15
349.  1.158235E-15
350.  1.172665E-15
351.  1.187007E-15
352.  1.201254E-15
353.  1.215399E-15
354.  1.229437E-15
355.  1.243361E-15
356.  1.257165E-15
357.  1.270842E-15
358.  1.284388E-15
359.  1.297795E-15
360.  1.311058E-15
361.  1.324172E-15
362.  1.337130E-15
363.  1.349927E-15
364.  1.362557E-15
365.  1.375015E-15
366.  1.387296E-15
367.  1.399394E-15
368.  1.411306E-15
369.  1.423024E-15
370.  1.434545E-15
371.  1.445865E-15
372.  1.456979E-15
373.  1.467881E-15
374.  1.478569E-15
375.  1.489038E-15
376.  1.499284E-15
377.  1.509303E-15
378.  1.519093E-15
379.  1.528649E-15
380.  1.537969E-15
381.  1.547048E-15
382.  1.555885E-15
383.  1.564477E-15
384.  1.572821E-15
385.  1.580915E-15
386.  1.588757E-15
387.  1.596344E-15
388.  1.603676E-15
389.  1.610751E-15
390.  1.617566E-15
391.  1.624122E-15
392.  1.630417E-15
393.  1.636451E-15
394.  1.642222E-15
395.  1.647731E-15
396.  1.652978E-15
397.  1.657962E-15
398.  1.662684E-15
399.  1.667144E-15
400.  1.671343E-15
401.  1.675283E-15
402.  1.678962E-15
403.  1.682385E-15
404.  1.685551E-15
405.  1.688463E-15
406.  1.691122E-15
407.  1.693530E-15
408.  1.695691E-15
409.  1.697605E-15
410.  1.699276E-15
411.  1.700707E-15
412.  1.701901E-15
413.  1.702861E-15
414.  1.703591E-15
415.  1.704093E-15
416.  1.704372E-15
417.  1.704431E-15
418.  1.704276E-15
419.  1.703910E-15
420.  1.703337E-15
421.  1.702562E-15
422.  1.701590E-15
423.  1.700426E-15
424.  1.699074E-15
425.  1.697541E-15
426.  1.695830E-15
427.  1.693948E-15
428.  1.691899E-15
429.  1.689691E-15
430.  1.687328E-15
431.  1.684817E-15
432.  1.682162E-15
433.  1.679371E-15
434.  1.676450E-15
435.  1.673404E-15
436.  1.670240E-15
437.  1.666965E-15
438.  1.663584E-15
439.  1.660105E-15
440.  1.656534E-15
441.  1.652876E-15
442.  1.649141E-15
443.  1.645332E-15
444.  1.641458E-15
445.  1.637525E-15
446.  1.633539E-15
447.  1.629508E-15
448.  1.625437E-15
449.  1.621334E-15
450.  1.617205E-15
451.  1.613057E-15
452.  1.608896E-15
453.  1.604729E-15
454.  1.600563E-15
455.  1.596402E-15
456.  1.592255E-15
457.  1.588127E-15
458.  1.584024E-15
459.  1.579953E-15
460.  1.575919E-15
461.  1.571928E-15
462.  1.567986E-15
463.  1.564099E-15
464.  1.560272E-15
465.  1.556510E-15
466.  1.552819E-15
467.  1.549204E-15
468.  1.545670E-15
469.  1.542222E-15
470.  1.538863E-15
471.  1.535599E-15
472.  1.532434E-15
473.  1.529373E-15
474.  1.526418E-15
475.  1.523574E-15
476.  1.520845E-15
477.  1.518233E-15
478.  1.515742E-15
479.  1.513375E-15
480.  1.511134E-15
481.  1.509022E-15
482.  1.507042E-15
483.  1.505195E-15
484.  1.503483E-15
485.  1.501908E-15
486.  1.500471E-15
487.  1.499174E-15
488.  1.498017E-15
489.  1.497002E-15
490.  1.496127E-15
491.  1.495395E-15
492.  1.494805E-15
493.  1.494356E-15
494.  1.494049E-15
495.  1.493882E-15
496.  1.493855E-15
497.  1.493966E-15
498.  1.494214E-15
499.  1.494598E-15
500.  1.495115E-15
501.  1.495763E-15
502.  1.496541E-15
503.  1.497446E-15
504.  1.498474E-15
505.  1.499624E-15
506.  1.500891E-15
507.  1.502273E-15
508.  1.503766E-15
509.  1.505366E-15
510.  1.507070E-15
511.  1.508872E-15
512.  1.510770E-15
513.  1.512758E-15
514.  1.514831E-15
515.  1.516986E-15
516.  1.519216E-15
517.  1.521518E-15
518.  1.523885E-15
519.  1.526313E-15
520.  1.528794E-15
521.  1.531326E-15
522.  1.533900E-15
523.  1.536512E-15
524.  1.539156E-15
525.  1.541825E-15
526.  1.544514E-15
527.  1.547216E-15
528.  1.549926E-15
529.  1.552636E-15
530.  1.555340E-15
531.  1.558033E-15
532.  1.560708E-15
533.  1.563358E-15
534.  1.565977E-15
535.  1.568559E-15
536.  1.571097E-15
537.  1.573585E-15
538.  1.576017E-15
539.  1.578386E-15
540.  1.580686E-15
541.  1.582912E-15
542.  1.585056E-15
543.  1.587113E-15
544.  1.589077E-15
545.  1.590942E-15
546.  1.592703E-15
547.  1.594353E-15
548.  1.595888E-15
549.  1.597302E-15
550.  1.598589E-15
551.  1.599746E-15
552.  1.600766E-15
553.  1.601645E-15
554.  1.602379E-15
555.  1.602963E-15
556.  1.603392E-15
557.  1.603664E-15
558.  1.603773E-15
559.  1.603717E-15
560.  1.603491E-15
561.  1.603093E-15
562.  1.602520E-15
563.  1.601769E-15
564.  1.600837E-15
565.  1.599722E-15
566.  1.598422E-15
567.  1.596936E-15
568.  1.595260E-15
569.  1.593395E-15
570.  1.591338E-15
571.  1.589090E-15
572.  1.586649E-15
573.  1.584014E-15
574.  1.581187E-15
575.  1.578167E-15
576.  1.574954E-15
577.  1.571549E-15
578.  1.567952E-15
579.  1.564165E-15
580.  1.560190E-15
581.  1.556027E-15
582.  1.551678E-15
583.  1.547146E-15
584.  1.542432E-15
585.  1.537540E-15
586.  1.532471E-15
587.  1.527230E-15
588.  1.521818E-15
589.  1.516240E-15
590.  1.510499E-15
591.  1.504597E-15
592.  1.498541E-15
593.  1.492333E-15
594.  1.485978E-15
595.  1.479480E-15
596.  1.472844E-15
597.  1.466075E-15
598.  1.459178E-15
599.  1.452157E-15
600.  1.445018E-15
601.  1.437766E-15
602.  1.430406E-15
603.  1.422945E-15
604.  1.415387E-15
605.  1.407738E-15
606.  1.400005E-15
607.  1.392192E-15
608.  1.384307E-15
609.  1.376354E-15
610.  1.368340E-15
611.  1.360270E-15
612.  1.352152E-15
613.  1.343990E-15
614.  1.335791E-15
615.  1.327561E-15
616.  1.319305E-15
617.  1.311031E-15
618.  1.302744E-15
619.  1.294449E-15
620.  1.286153E-15
621.  1.277861E-15
622.  1.269580E-15
623.  1.261314E-15
624.  1.253070E-15
625.  1.244852E-15
626.  1.236666E-15
627.  1.228518E-15
628.  1.220412E-15
629.  1.212354E-15
630.  1.204348E-15
631.  1.196399E-15
632.  1.188512E-15
633.  1.180691E-15
634.  1.172940E-15
635.  1.165264E-15
636.  1.157666E-15
637.  1.150150E-15
638.  1.142721E-15
639.  1.135380E-15
640.  1.128132E-15
641.  1.120980E-15
642.  1.113926E-15
643.  1.106972E-15
644.  1.100123E-15
645.  1.093379E-15
646.  1.086743E-15
647.  1.080217E-15
648.  1.073803E-15
649.  1.067501E-15
650.  1.061313E-15
651.  1.055241E-15
652.  1.049285E-15
653.  1.043445E-15
654.  1.037724E-15
655.  1.032119E-15
656.  1.026633E-15
657.  1.021263E-15
658.  1.016012E-15
659.  1.010877E-15
660.  1.005858E-15
661.  1.000955E-15
662.  9.961664E-16
663.  9.914906E-16
664.  9.869270E-16
665.  9.824734E-16
666.  9.781289E-16
667.  9.738908E-16
668.  9.697580E-16
669.  9.657278E-16
670.  9.617982E-16
671.  9.579669E-16
672.  9.542312E-16
673.  9.505889E-16
674.  9.470365E-16
675.  9.435723E-16
676.  9.401922E-16
677.  9.368940E-16
678.  9.336744E-16
679.  9.305302E-16
680.  9.274581E-16
681.  9.244550E-16
682.  9.215174E-16
683.  9.186420E-16
684.  9.158249E-16
685.  9.130634E-16
686.  9.103535E-16
687.  9.076917E-16
688.  9.050747E-16
689.  9.024988E-16
690.  8.999604E-16
691.  8.974564E-16
692.  8.949826E-16
693.  8.925362E-16
694.  8.901131E-16
695.  8.877105E-16
696.  8.853247E-16
697.  8.829522E-16
698.  8.805903E-16
699.  8.782353E-16
700.  8.758842E-16
701.  8.735337E-16
702.  8.711813E-16
703.  8.688239E-16
704.  8.664585E-16
705.  8.640827E-16
706.  8.616933E-16
707.  8.592883E-16
708.  8.568653E-16
709.  8.544217E-16
710.  8.519555E-16
711.  8.494644E-16
712.  8.469464E-16
713.  8.444001E-16
714.  8.418236E-16
715.  8.392150E-16
716.  8.365733E-16
717.  8.338968E-16
718.  8.311846E-16
719.  8.284354E-16
720.  8.256486E-16
721.  8.228231E-16
722.  8.199584E-16
723.  8.170540E-16
724.  8.141095E-16
725.  8.111248E-16
726.  8.080994E-16
727.  8.050339E-16
728.  8.019280E-16
729.  7.987822E-16
730.  7.955970E-16
731.  7.923730E-16
732.  7.891106E-16
733.  7.858109E-16
734.  7.824747E-16
735.  7.791033E-16
736.  7.756975E-16
737.  7.722590E-16
738.  7.687889E-16
739.  7.652889E-16
740.  7.617604E-16
741.  7.582056E-16
742.  7.546256E-16
743.  7.510230E-16
744.  7.473994E-16
745.  7.437571E-16
746.  7.400979E-16
747.  7.364246E-16
748.  7.327394E-16
749.  7.290442E-16
750.  7.253419E-16
751.  7.216350E-16
752.  7.179260E-16
753.  7.142174E-16
754.  7.105119E-16
755.  7.068124E-16
756.  7.031214E-16
757.  6.994417E-16
758.  6.957762E-16
759.  6.921276E-16
760.  6.884989E-16
761.  6.848926E-16
762.  6.813119E-16
763.  6.777597E-16
764.  6.742384E-16
765.  6.707512E-16
766.  6.673009E-16
767.  6.638902E-16
768.  6.605221E-16
769.  6.571992E-16
770.  6.539243E-16
771.  6.507001E-16
772.  6.475295E-16
773.  6.444148E-16
774.  6.413591E-16
775.  6.383645E-16
776.  6.354336E-16
777.  6.325691E-16
778.  6.297733E-16
779.  6.270485E-16
780.  6.243972E-16
781.  6.218216E-16
782.  6.193238E-16
783.  6.169061E-16
784.  6.145702E-16
785.  6.123184E-16
786.  6.101526E-16
787.  6.080746E-16
788.  6.060863E-16
789.  6.041891E-16
790.  6.023850E-16
791.  6.006753E-16
792.  5.990617E-16
793.  5.975455E-16
794.  5.961280E-16
795.  5.948105E-16
796.  5.935942E-16
797.  5.924801E-16
798.  5.914691E-16
799.  5.905624E-16
800.  5.897609E-16
801.  5.890651E-16
802.  5.884759E-16
803.  5.879938E-16
804.  5.876194E-16
805.  5.873532E-16
806.  5.871955E-16
807.  5.871466E-16
808.  5.872071E-16
809.  5.873766E-16
810.  5.876555E-16
811.  5.880437E-16
812.  5.885413E-16
813.  5.891479E-16
814.  5.898636E-16
815.  5.906879E-16
816.  5.916206E-16
817.  5.926612E-16
818.  5.938092E-16
819.  5.950642E-16
820.  5.964253E-16
821.  5.978921E-16
822.  5.994637E-16
823.  6.011392E-16
824.  6.029180E-16
825.  6.047989E-16
826.  6.067811E-16
827.  6.088633E-16
828.  6.110447E-16
829.  6.133237E-16
830.  6.156996E-16
831.  6.181706E-16
832.  6.207355E-16
833.  6.233932E-16
834.  6.261417E-16
835.  6.289799E-16
836.  6.319061E-16
837.  6.349185E-16
838.  6.380158E-16
839.  6.411959E-16
840.  6.444571E-16
841.  6.477978E-16
842.  6.512158E-16
843.  6.547094E-16
844.  6.582763E-16
845.  6.619149E-16
846.  6.656231E-16
847.  6.693982E-16
848.  6.732385E-16
849.  6.771417E-16
850.  6.811056E-16
851.  6.851278E-16
852.  6.892060E-16
853.  6.933378E-16
854.  6.975207E-16
855.  7.017522E-16
856.  7.060300E-16
857.  7.103515E-16
858.  7.147137E-16
859.  7.191146E-16
860.  7.235512E-16
861.  7.280206E-16
862.  7.325206E-16
863.  7.370482E-16
864.  7.416004E-16
865.  7.461747E-16
866.  7.507680E-16
867.  7.553778E-16
868.  7.600008E-16
869.  7.646343E-16
870.  7.692753E-16
871.  7.739209E-16
872.  7.785682E-16
873.  7.832142E-16
874.  7.878557E-16
875.  7.924900E-16
876.  7.971139E-16
877.  8.017244E-16
878.  8.063188E-16
879.  8.108937E-16
880.  8.154462E-16
881.  8.199734E-16
882.  8.244721E-16
883.  8.289397E-16
884.  8.333729E-16
885.  8.377688E-16
886.  8.421247E-16
887.  8.464373E-16
888.  8.507040E-16
889.  8.549218E-16
890.  8.590881E-16
891.  8.631999E-16
892.  8.672546E-16
893.  8.712492E-16
894.  8.751814E-16
895.  8.790486E-16
896.  8.828479E-16
897.  8.865770E-16
898.  8.902333E-16
899.  8.938147E-16
900.  8.973188E-16
901.  9.007430E-16
902.  9.040854E-16
903.  9.073437E-16
904.  9.105162E-16
905.  9.136004E-16
906.  9.165949E-16
907.  9.194976E-16
908.  9.223069E-16
909.  9.250212E-16
910.  9.276389E-16
911.  9.301584E-16
912.  9.325786E-16
913.  9.348982E-16
914.  9.371156E-16
915.  9.392306E-16
916.  9.412414E-16
917.  9.431478E-16
918.  9.449490E-16
919.  9.466436E-16
920.  9.482321E-16
921.  9.497134E-16
922.  9.510875E-16
923.  9.523541E-16
924.  9.535129E-16
925.  9.545643E-16
926.  9.555086E-16
927.  9.563454E-16
928.  9.570757E-16
929.  9.576995E-16
930.  9.582176E-16
931.  9.586308E-16
932.  9.589397E-16
933.  9.591455E-16
934.  9.592487E-16
935.  9.592510E-16
936.  9.591535E-16
937.  9.589573E-16
938.  9.586639E-16
939.  9.582751E-16
940.  9.577922E-16
941.  9.572171E-16
942.  9.565516E-16
943.  9.557975E-16
944.  9.549569E-16
945.  9.540316E-16
946.  9.530241E-16
947.  9.519366E-16
948.  9.507710E-16
949.  9.495300E-16
950.  9.482159E-16
951.  9.468312E-16
952.  9.453781E-16
953.  9.438597E-16
954.  9.422784E-16
955.  9.406369E-16
956.  9.389377E-16
957.  9.371837E-16
958.  9.353776E-16
959.  9.335226E-16
960.  9.316206E-16
961.  9.296754E-16
962.  9.276892E-16
963.  9.256651E-16
964.  9.236058E-16
965.  9.215142E-16
966.  9.193934E-16
967.  9.172455E-16
968.  9.150739E-16
969.  9.128813E-16
970.  9.106704E-16
971.  9.084437E-16
972.  9.062041E-16
973.  9.039544E-16
974.  9.016967E-16
975.  8.994342E-16
976.  8.971690E-16
977.  8.949035E-16
978.  8.926406E-16
979.  8.903820E-16
980.  8.881304E-16
981.  8.858879E-16
982.  8.836566E-16
983.  8.814389E-16
984.  8.792365E-16
985.  8.770515E-16
986.  8.748856E-16
987.  8.727407E-16
988.  8.706187E-16
989.  8.685209E-16
990.  8.664492E-16
991.  8.644049E-16
992.  8.623893E-16
993.  8.604041E-16
994.  8.584501E-16
995.  8.565288E-16
996.  8.546411E-16
997.  8.527882E-16
998.  8.509709E-16
999.  8.491900E-16
1000.  8.474466E-16
1001.  8.457410E-16
1002.  8.440740E-16
1003.  8.424465E-16
1004.  8.408588E-16
1005.  8.393109E-16
1006.  8.378038E-16
1007.  8.363376E-16
1008.  8.349126E-16
1009.  8.335292E-16
1010.  8.321871E-16
1011.  8.308869E-16
1012.  8.296284E-16
1013.  8.284118E-16
1014.  8.272370E-16
1015.  8.261040E-16
1016.  8.250128E-16
1017.  8.239634E-16
1018.  8.229554E-16
1019.  8.219891E-16
1020.  8.210641E-16
1021.  8.201801E-16
1022.  8.193373E-16
1023.  8.185354E-16
1024.  8.177743E-16
1025.  8.170536E-16
1026.  8.163734E-16
1027.  8.157335E-16
1028.  8.151338E-16
1029.  8.145741E-16
1030.  8.140547E-16
1031.  8.135749E-16
1032.  8.131349E-16
1033.  8.127349E-16
1034.  8.123745E-16
1035.  8.120543E-16
1036.  8.117740E-16
1037.  8.115337E-16
1038.  8.113337E-16
1039.  8.111741E-16
1040.  8.110552E-16
1041.  8.109772E-16
1042.  8.109403E-16
1043.  8.109452E-16
1044.  8.109917E-16
1045.  8.110808E-16
1046.  8.112128E-16
1047.  8.113881E-16
1048.  8.116073E-16
1049.  8.118710E-16
1050.  8.121800E-16
1051.  8.125345E-16
1052.  8.129357E-16
1053.  8.133842E-16
1054.  8.138809E-16
1055.  8.144263E-16
1056.  8.150215E-16
1057.  8.156673E-16
1058.  8.163645E-16
1059.  8.171143E-16
1060.  8.179172E-16
1061.  8.187747E-16
1062.  8.196872E-16
1063.  8.206562E-16
1064.  8.216825E-16
1065.  8.227669E-16
1066.  8.239107E-16
1067.  8.251149E-16
1068.  8.263803E-16
1069.  8.277080E-16
1070.  8.290991E-16
1071.  8.305543E-16
1072.  8.320749E-16
1073.  8.336617E-16
1074.  8.353155E-16
1075.  8.370375E-16
1076.  8.388282E-16
1077.  8.406886E-16
1078.  8.426196E-16
1079.  8.446219E-16
1080.  8.466960E-16
1081.  8.488428E-16
1082.  8.510631E-16
1083.  8.533572E-16
1084.  8.557257E-16
1085.  8.581689E-16
1086.  8.606878E-16
1087.  8.632822E-16
1088.  8.659525E-16
1089.  8.686992E-16
1090.  8.715223E-16
1091.  8.744219E-16
1092.  8.773982E-16
1093.  8.804510E-16
1094.  8.835805E-16
1095.  8.867864E-16
1096.  8.900684E-16
1097.  8.934264E-16
1098.  8.968599E-16
1099.  9.003685E-16
1100.  9.039519E-16
1101.  9.076092E-16
1102.  9.113403E-16
1103.  9.151443E-16
1104.  9.190202E-16
1105.  9.229675E-16
1106.  9.269851E-16
1107.  9.310722E-16
1108.  9.352276E-16
1109.  9.394506E-16
1110.  9.437400E-16
1111.  9.480941E-16
1112.  9.525123E-16
1113.  9.569928E-16
1114.  9.615346E-16
1115.  9.661364E-16
1116.  9.707963E-16
1117.  9.755130E-16
1118.  9.802850E-16
1119.  9.851110E-16
1120.  9.899888E-16
1121.  9.949173E-16
1122.  9.998942E-16
1123.  1.004918E-15
1124.  1.009987E-15
1125.  1.015100E-15
1126.  1.020254E-15
1127.  1.025447E-15
1128.  1.030678E-15
1129.  1.035946E-15
1130.  1.041246E-15
1131.  1.046579E-15
1132.  1.051942E-15
1133.  1.057332E-15
1134.  1.062748E-15
1135.  1.068188E-15
1136.  1.073650E-15
1137.  1.079131E-15
1138.  1.084630E-15
1139.  1.090144E-15
1140.  1.095671E-15
1141.  1.101209E-15
1142.  1.106756E-15
1143.  1.112310E-15
1144.  1.117869E-15
1145.  1.123430E-15
1146.  1.128992E-15
1147.  1.134552E-15
1148.  1.140107E-15
1149.  1.145656E-15
1150.  1.151197E-15
1151.  1.156727E-15
1152.  1.162245E-15
1153.  1.167747E-15
1154.  1.173232E-15
1155.  1.178698E-15
1156.  1.184142E-15
1157.  1.189562E-15
1158.  1.194956E-15
1159.  1.200322E-15
1160.  1.205657E-15
1161.  1.210960E-15
1162.  1.216227E-15
1163.  1.221458E-15
1164.  1.226649E-15
1165.  1.231798E-15
1166.  1.236904E-15
1167.  1.241964E-15
1168.  1.246976E-15
1169.  1.251937E-15
1170.  1.256846E-15
1171.  1.261700E-15
1172.  1.266498E-15
1173.  1.271236E-15
1174.  1.275914E-15
1175.  1.280528E-15
1176.  1.285077E-15
1177.  1.289558E-15
1178.  1.293970E-15
1179.  1.298311E-15
1180.  1.302578E-15
1181.  1.306769E-15
1182.  1.310883E-15
1183.  1.314917E-15
1184.  1.318870E-15
1185.  1.322739E-15
1186.  1.326523E-15
1187.  1.330221E-15
1188.  1.333829E-15
1189.  1.337347E-15
1190.  1.340773E-15
1191.  1.344105E-15
1192.  1.347342E-15
1193.  1.350482E-15
1194.  1.353523E-15
1195.  1.356464E-15
1196.  1.359304E-15
1197.  1.362042E-15
1198.  1.364676E-15
1199.  1.367205E-15
1200.  1.369628E-15
1201.  1.371944E-15
1202.  1.374152E-15
1203.  1.376252E-15
1204.  1.378241E-15
1205.  1.380121E-15
1206.  1.381890E-15
1207.  1.383547E-15
1208.  1.385093E-15
1209.  1.386526E-15
1210.  1.387848E-15
1211.  1.389057E-15
1212.  1.390154E-15
1213.  1.391138E-15
1214.  1.392010E-15
1215.  1.392770E-15
1216.  1.393419E-15
1217.  1.393957E-15
1218.  1.394385E-15
1219.  1.394703E-15
1220.  1.394913E-15
1221.  1.395014E-15
1222.  1.395009E-15
1223.  1.394899E-15
1224.  1.394684E-15
1225.  1.394366E-15
1226.  1.393946E-15
1227.  1.393427E-15
1228.  1.392810E-15
1229.  1.392096E-15
1230.  1.391288E-15
1231.  1.390387E-15
1232.  1.389396E-15
1233.  1.388317E-15
1234.  1.387152E-15
1235.  1.385903E-15
1236.  1.384574E-15
1237.  1.383166E-15
1238.  1.381682E-15
1239.  1.380125E-15
1240.  1.378498E-15
1241.  1.376803E-15
1242.  1.375044E-15
1243.  1.373223E-15
1244.  1.371344E-15
1245.  1.369409E-15
1246.  1.367422E-15
1247.  1.365386E-15
1248.  1.363304E-15
1249.  1.361179E-15
1250.  1.359015E-15
1251.  1.356816E-15
1252.  1.354583E-15
1253.  1.352322E-15
1254.  1.350034E-15
1255.  1.347724E-15
1256.  1.345394E-15
1257.  1.343049E-15
1258.  1.340691E-15
1259.  1.338325E-15
1260.  1.335952E-15
1261.  1.333577E-15
1262.  1.331202E-15
1263.  1.328831E-15
1264.  1.326467E-15
1265.  1.324114E-15
1266.  1.321774E-15
1267.  1.319449E-15
1268.  1.317144E-15
1269.  1.314862E-15
1270.  1.312603E-15
1271.  1.310373E-15
1272.  1.308173E-15
1273.  1.306005E-15
1274.  1.303873E-15
1275.  1.301778E-15
1276.  1.299724E-15
1277.  1.297711E-15
1278.  1.295743E-15
1279.  1.293821E-15
1280.  1.291948E-15
1281.  1.290124E-15
1282.  1.288352E-15
1283.  1.286633E-15
1284.  1.284969E-15
1285.  1.283361E-15
1286.  1.281810E-15
1287.  1.280318E-15
1288.  1.278885E-15
1289.  1.277512E-15
1290.  1.276200E-15
1291.  1.274950E-15
1292.  1.273762E-15
1293.  1.272637E-15
1294.  1.271575E-15
1295.  1.270577E-15
1296.  1.269641E-15
1297.  1.268769E-15
1298.  1.267960E-15
1299.  1.267214E-15
1300.  1.266530E-15
1301.  1.265909E-15
1302.  1.265350E-15
1303.  1.264852E-15
1304.  1.264414E-15
1305.  1.264036E-15
1306.  1.263717E-15
1307.  1.263455E-15
1308.  1.263250E-15
1309.  1.263101E-15
1310.  1.263007E-15
1311.  1.262965E-15
1312.  1.262976E-15
1313.  1.263038E-15
1314.  1.263149E-15
1315.  1.263308E-15
1316.  1.263513E-15
1317.  1.263763E-15
1318.  1.264057E-15
1319.  1.264392E-15
1320.  1.264768E-15
1321.  1.265182E-15
1322.  1.265633E-15
1323.  1.266120E-15
1324.  1.266641E-15
1325.  1.267193E-15
1326.  1.267777E-15
1327.  1.268389E-15
1328.  1.269029E-15
1329.  1.269695E-15
1330.  1.270385E-15
1331.  1.271098E-15
1332.  1.271832E-15
1333.  1.272587E-15
1334.  1.273360E-15
1335.  1.274151E-15
1336.  1.274957E-15
1337.  1.275779E-15
1338.  1.276614E-15
1339.  1.277462E-15
1340.  1.278321E-15
1341.  1.279191E-15
1342.  1.280071E-15
1343.  1.280960E-15
1344.  1.281856E-15
1345.  1.282761E-15
1346.  1.283672E-15
1347.  1.284590E-15
1348.  1.285514E-15
1349.  1.286443E-15
1350.  1.287379E-15
1351.  1.288319E-15
1352.  1.289264E-15
1353.  1.290215E-15
1354.  1.291172E-15
1355.  1.292134E-15
1356.  1.293101E-15
1357.  1.294075E-15
1358.  1.295056E-15
1359.  1.296044E-15
1360.  1.297040E-15
1361.  1.298044E-15
1362.  1.299058E-15
1363.  1.300082E-15
1364.  1.301117E-15
1365.  1.302165E-15
1366.  1.303226E-15
1367.  1.304301E-15
1368.  1.305393E-15
1369.  1.306501E-15
1370.  1.307629E-15
1371.  1.308776E-15
1372.  1.309945E-15
1373.  1.311137E-15
1374.  1.312353E-15
1375.  1.313597E-15
1376.  1.314868E-15
1377.  1.316170E-15
1378.  1.317503E-15
1379.  1.318869E-15
1380.  1.320272E-15
1381.  1.321711E-15
1382.  1.323191E-15
1383.  1.324711E-15
1384.  1.326274E-15
1385.  1.327883E-15
1386.  1.329539E-15
1387.  1.331244E-15
1388.  1.333001E-15
1389.  1.334811E-15
1390.  1.336676E-15
1391.  1.338598E-15
1392.  1.340579E-15
1393.  1.342621E-15
1394.  1.344726E-15
1395.  1.346896E-15
1396.  1.349133E-15
1397.  1.351438E-15
1398.  1.353813E-15
1399.  1.356260E-15
1400.  1.358782E-15
1401.  1.361378E-15
1402.  1.364051E-15
1403.  1.366803E-15
1404.  1.369634E-15
1405.  1.372547E-15
1406.  1.375543E-15
1407.  1.378622E-15
1408.  1.381786E-15
1409.  1.385037E-15
1410.  1.388375E-15
1411.  1.391801E-15
1412.  1.395316E-15
1413.  1.398921E-15
1414.  1.402617E-15
1415.  1.406403E-15
1416.  1.410282E-15
1417.  1.414253E-15
1418.  1.418316E-15
1419.  1.422472E-15
1420.  1.426722E-15
1421.  1.431064E-15
1422.  1.435499E-15
1423.  1.440028E-15
1424.  1.444649E-15
1425.  1.449363E-15
1426.  1.454168E-15
1427.  1.459065E-15
1428.  1.464053E-15
1429.  1.469131E-15
1430.  1.474299E-15
1431.  1.479555E-15
1432.  1.484899E-15
1433.  1.490329E-15
1434.  1.495845E-15
1435.  1.501444E-15
1436.  1.507126E-15
1437.  1.512890E-15
1438.  1.518733E-15
1439.  1.524654E-15
1440.  1.530651E-15
1441.  1.536723E-15
1442.  1.542867E-15
1443.  1.549082E-15
1444.  1.555365E-15
1445.  1.561716E-15
1446.  1.568130E-15
1447.  1.574606E-15
1448.  1.581142E-15
1449.  1.587736E-15
1450.  1.594383E-15
1451.  1.601084E-15
1452.  1.607833E-15
1453.  1.614630E-15
1454.  1.621472E-15
1455.  1.628354E-15
1456.  1.635275E-15
1457.  1.642233E-15
1458.  1.649223E-15
1459.  1.656243E-15
1460.  1.663290E-15
1461.  1.670361E-15
1462.  1.677453E-15
1463.  1.684564E-15
1464.  1.691688E-15
1465.  1.698825E-15
1466.  1.705970E-15
1467.  1.713121E-15
1468.  1.720273E-15
1469.  1.727425E-15
1470.  1.734573E-15
1471.  1.741714E-15
1472.  1.748843E-15
1473.  1.755960E-15
1474.  1.763059E-15
1475.  1.770139E-15
1476.  1.777195E-15
1477.  1.784225E-15
1478.  1.791227E-15
1479.  1.798195E-15
1480.  1.805128E-15
1481.  1.812022E-15
1482.  1.818874E-15
1483.  1.825682E-15
1484.  1.832442E-15
1485.  1.839152E-15
1486.  1.845808E-15
1487.  1.852409E-15
1488.  1.858950E-15
1489.  1.865429E-15
1490.  1.871844E-15
1491.  1.878191E-15
1492.  1.884469E-15
1493.  1.890675E-15
1494.  1.896805E-15
1495.  1.902858E-15
1496.  1.908831E-15
1497.  1.914723E-15
1498.  1.920529E-15
1499.  1.926249E-15
1500.  1.931881E-15
1501.  1.937422E-15
1502.  1.942870E-15
1503.  1.948223E-15
1504.  1.953478E-15
1505.  1.958636E-15
1506.  1.963693E-15
1507.  1.968648E-15
1508.  1.973499E-15
1509.  1.978244E-15
1510.  1.982883E-15
1511.  1.987413E-15
1512.  1.991834E-15
1513.  1.996144E-15
1514.  2.000342E-15
1515.  2.004426E-15
1516.  2.008395E-15
1517.  2.012250E-15
1518.  2.015987E-15
1519.  2.019606E-15
1520.  2.023108E-15
1521.  2.026491E-15
1522.  2.029754E-15
1523.  2.032896E-15
1524.  2.035917E-15
1525.  2.038816E-15
1526.  2.041594E-15
1527.  2.044249E-15
1528.  2.046781E-15
1529.  2.049190E-15
1530.  2.051476E-15
1531.  2.053639E-15
1532.  2.055677E-15
1533.  2.057593E-15
1534.  2.059384E-15
1535.  2.061052E-15
1536.  2.062596E-15
1537.  2.064017E-15
1538.  2.065315E-15
1539.  2.066489E-15
1540.  2.067542E-15
1541.  2.068472E-15
1542.  2.069280E-15
1543.  2.069966E-15
1544.  2.070532E-15
1545.  2.070977E-15
1546.  2.071302E-15
1547.  2.071508E-15
1548.  2.071595E-15
1549.  2.071564E-15
1550.  2.071416E-15
1551.  2.071151E-15
1552.  2.070771E-15
1553.  2.070276E-15
1554.  2.069666E-15
1555.  2.068943E-15
1556.  2.068108E-15
1557.  2.067161E-15
1558.  2.066103E-15
1559.  2.064936E-15
1560.  2.063661E-15
1561.  2.062277E-15
1562.  2.060788E-15
1563.  2.059193E-15
1564.  2.057493E-15
1565.  2.055690E-15
1566.  2.053784E-15
1567.  2.051778E-15
1568.  2.049671E-15
1569.  2.047465E-15
1570.  2.045162E-15
1571.  2.042762E-15
1572.  2.040266E-15
1573.  2.037676E-15
1574.  2.034992E-15
1575.  2.032217E-15
1576.  2.029350E-15
1577.  2.026394E-15
1578.  2.023349E-15
1579.  2.020216E-15
1580.  2.016996E-15
1581.  2.013692E-15
1582.  2.010302E-15
1583.  2.006830E-15
1584.  2.003275E-15
1585.  1.999639E-15
1586.  1.995923E-15
1587.  1.992128E-15
1588.  1.988255E-15
1589.  1.984304E-15
1590.  1.980277E-15
1591.  1.976176E-15
1592.  1.971999E-15
1593.  1.967748E-15
1594.  1.963425E-15
1595.  1.959030E-15
1596.  1.954564E-15
1597.  1.950027E-15
1598.  1.945420E-15
1599.  1.940744E-15
1600.  1.936000E-15
1601.  1.931187E-15
1602.  1.926307E-15
1603.  1.921360E-15
1604.  1.916346E-15
1605.  1.911267E-15
1606.  1.906122E-15
1607.  1.900911E-15
1608.  1.895636E-15
1609.  1.890295E-15
1610.  1.884891E-15
1611.  1.879421E-15
1612.  1.873888E-15
1613.  1.868290E-15
1614.  1.862629E-15
1615.  1.856903E-15
1616.  1.851113E-15
1617.  1.845260E-15
1618.  1.839342E-15
1619.  1.833359E-15
1620.  1.827312E-15
1621.  1.821201E-15
1622.  1.815025E-15
1623.  1.808784E-15
1624.  1.802477E-15
1625.  1.796105E-15
1626.  1.789666E-15
1627.  1.783161E-15
1628.  1.776590E-15
1629.  1.769951E-15
1630.  1.763245E-15
1631.  1.756471E-15
1632.  1.749629E-15
1633.  1.742718E-15
1634.  1.735737E-15
1635.  1.728687E-15
1636.  1.721567E-15
1637.  1.714377E-15
1638.  1.707116E-15
1639.  1.699783E-15
1640.  1.692378E-15
1641.  1.684902E-15
1642.  1.677353E-15
1643.  1.669731E-15
1644.  1.662036E-15
1645.  1.654268E-15
1646.  1.646425E-15
1647.  1.638509E-15
1648.  1.630519E-15
1649.  1.622455E-15
1650.  1.614315E-15
1651.  1.606102E-15
1652.  1.597814E-15
1653.  1.589452E-15
1654.  1.581015E-15
1655.  1.572504E-15
1656.  1.563918E-15
1657.  1.555259E-15
1658.  1.546527E-15
1659.  1.537721E-15
1660.  1.528843E-15
1661.  1.519892E-15
1662.  1.510870E-15
1663.  1.501777E-15
1664.  1.492614E-15
1665.  1.483381E-15
1666.  1.474080E-15
1667.  1.464712E-15
1668.  1.455276E-15
1669.  1.445776E-15
1670.  1.436211E-15
1671.  1.426583E-15
1672.  1.416893E-15
1673.  1.407143E-15
1674.  1.397335E-15
1675.  1.387469E-15
1676.  1.377548E-15
1677.  1.367573E-15
1678.  1.357546E-15
1679.  1.347468E-15
1680.  1.337343E-15
1681.  1.327171E-15
1682.  1.316955E-15
1683.  1.306698E-15
1684.  1.296400E-15
1685.  1.286065E-15
1686.  1.275695E-15
1687.  1.265292E-15
1688.  1.254859E-15
1689.  1.244398E-15
1690.  1.233912E-15
1691.  1.223403E-15
1692.  1.212874E-15
1693.  1.202328E-15
1694.  1.191767E-15
1695.  1.181194E-15
1696.  1.170613E-15
1697.  1.160025E-15
1698.  1.149434E-15
1699.  1.138842E-15
1700.  1.128252E-15
1701.  1.117668E-15
1702.  1.107092E-15
1703.  1.096527E-15
1704.  1.085976E-15
1705.  1.075442E-15
1706.  1.064928E-15
1707.  1.054436E-15
1708.  1.043970E-15
1709.  1.033532E-15
1710.  1.023126E-15
1711.  1.012753E-15
1712.  1.002418E-15
1713.  9.921221E-16
1714.  9.818686E-16
1715.  9.716603E-16
1716.  9.614995E-16
1717.  9.513891E-16
1718.  9.413319E-16
1719.  9.313299E-16
1720.  9.213858E-16
1721.  9.115021E-16
1722.  9.016809E-16
1723.  8.919248E-16
1724.  8.822358E-16
1725.  8.726164E-16
1726.  8.630683E-16
1727.  8.535939E-16
1728.  8.441950E-16
1729.  8.348735E-16
1730.  8.256312E-16
1731.  8.164701E-16
1732.  8.073916E-16
1733.  7.983975E-16
1734.  7.894893E-16
1735.  7.806685E-16
1736.  7.719365E-16
1737.  7.632945E-16
1738.  7.547439E-16
1739.  7.462857E-16
1740.  7.379214E-16
1741.  7.296514E-16
1742.  7.214773E-16
1743.  7.133993E-16
1744.  7.054188E-16
1745.  6.975363E-16
1746.  6.897523E-16
1747.  6.820677E-16
1748.  6.744828E-16
1749.  6.669981E-16
1750.  6.596139E-16
1751.  6.523308E-16
1752.  6.451489E-16
1753.  6.380684E-16
1754.  6.310893E-16
1755.  6.242120E-16
1756.  6.174364E-16
1757.  6.107624E-16
1758.  6.041899E-16
1759.  5.977190E-16
1760.  5.913494E-16
1761.  5.850808E-16
1762.  5.789130E-16
1763.  5.728458E-16
1764.  5.668789E-16
1765.  5.610119E-16
1766.  5.552441E-16
1767.  5.495755E-16
1768.  5.440054E-16
1769.  5.385332E-16
1770.  5.331586E-16
1771.  5.278811E-16
1772.  5.227000E-16
1773.  5.176147E-16
1774.  5.126246E-16
1775.  5.077291E-16
1776.  5.029277E-16
1777.  4.982196E-16
1778.  4.936040E-16
1779.  4.890807E-16
1780.  4.846486E-16
1781.  4.803072E-16
1782.  4.760558E-16
1783.  4.718935E-16
1784.  4.678200E-16
1785.  4.638343E-16
1786.  4.599358E-16
1787.  4.561237E-16
1788.  4.523975E-16
1789.  4.487565E-16
1790.  4.451997E-16
1791.  4.417268E-16
1792.  4.383369E-16
1793.  4.350294E-16
1794.  4.318036E-16
1795.  4.286587E-16
1796.  4.255943E-16
1797.  4.226094E-16
1798.  4.197039E-16
1799.  4.168766E-16
1800.  4.141270E-16
1801.  4.114546E-16
1802.  4.088586E-16
1803.  4.063387E-16
1804.  4.038940E-16
1805.  4.015239E-16
1806.  3.992279E-16
1807.  3.970054E-16
1808.  3.948557E-16
1809.  3.927784E-16
1810.  3.907728E-16
1811.  3.888383E-16
1812.  3.869744E-16
1813.  3.851805E-16
1814.  3.834561E-16
1815.  3.818005E-16
1816.  3.802134E-16
1817.  3.786941E-16
1818.  3.772420E-16
1819.  3.758567E-16
1820.  3.745375E-16
1821.  3.732840E-16
1822.  3.720956E-16
1823.  3.709718E-16
1824.  3.699123E-16
1825.  3.689161E-16
1826.  3.679831E-16
1827.  3.671127E-16
1828.  3.663042E-16
1829.  3.655574E-16
1830.  3.648714E-16
1831.  3.642462E-16
1832.  3.636809E-16
1833.  3.631752E-16
1834.  3.627286E-16
1835.  3.623406E-16
1836.  3.620108E-16
1837.  3.617387E-16
1838.  3.615238E-16
1839.  3.613658E-16
1840.  3.612642E-16
1841.  3.612183E-16
1842.  3.612282E-16
1843.  3.612932E-16
1844.  3.614128E-16
1845.  3.615869E-16
1846.  3.618150E-16
1847.  3.620967E-16
1848.  3.624318E-16
1849.  3.628198E-16
1850.  3.632606E-16
1851.  3.637539E-16
1852.  3.642992E-16
1853.  3.648964E-16
1854.  3.655454E-16
1855.  3.662460E-16
1856.  3.669976E-16
1857.  3.678005E-16
1858.  3.686545E-16
1859.  3.695595E-16
1860.  3.705151E-16
1861.  3.715216E-16
1862.  3.725788E-16
1863.  3.736868E-16
1864.  3.748457E-16
1865.  3.760553E-16
1866.  3.773158E-16
1867.  3.786274E-16
1868.  3.799901E-16
1869.  3.814042E-16
1870.  3.828700E-16
1871.  3.843874E-16
1872.  3.859570E-16
1873.  3.875789E-16
1874.  3.892536E-16
1875.  3.909812E-16
1876.  3.927624E-16
1877.  3.945974E-16
1878.  3.964868E-16
1879.  3.984310E-16
1880.  4.004305E-16
1881.  4.024858E-16
1882.  4.045975E-16
1883.  4.067662E-16
1884.  4.089925E-16
1885.  4.112771E-16
1886.  4.136205E-16
1887.  4.160236E-16
1888.  4.184871E-16
1889.  4.210114E-16
1890.  4.235976E-16
1891.  4.262462E-16
1892.  4.289581E-16
1893.  4.317340E-16
1894.  4.345748E-16
1895.  4.374811E-16
1896.  4.404539E-16
1897.  4.434940E-16
1898.  4.466020E-16
1899.  4.497788E-16
1900.  4.530252E-16
1901.  4.563420E-16
1902.  4.597301E-16
1903.  4.631900E-16
1904.  4.667227E-16
1905.  4.703287E-16
1906.  4.740089E-16
1907.  4.777640E-16
1908.  4.815943E-16
1909.  4.855010E-16
1910.  4.894844E-16
1911.  4.935449E-16
1912.  4.976832E-16
1913.  5.018999E-16
1914.  5.061954E-16
1915.  5.105699E-16
1916.  5.150239E-16
1917.  5.195575E-16
1918.  5.241712E-16
1919.  5.288651E-16
1920.  5.336391E-16
1921.  5.384936E-16
1922.  5.434282E-16
1923.  5.484431E-16
1924.  5.535381E-16
1925.  5.587129E-16
1926.  5.639671E-16
1927.  5.693004E-16
1928.  5.747123E-16
1929.  5.802021E-16
1930.  5.857694E-16
1931.  5.914135E-16
1932.  5.971332E-16
1933.  6.029279E-16
1934.  6.087965E-16
1935.  6.147379E-16
1936.  6.207508E-16
1937.  6.268342E-16
1938.  6.329864E-16
1939.  6.392061E-16
1940.  6.454914E-16
1941.  6.518411E-16
1942.  6.582530E-16
1943.  6.647256E-16
1944.  6.712567E-16
1945.  6.778442E-16
1946.  6.844859E-16
1947.  6.911798E-16
1948.  6.979233E-16
1949.  7.047139E-16
1950.  7.115494E-16
1951.  7.184269E-16
1952.  7.253440E-16
1953.  7.322975E-16
1954.  7.392847E-16
1955.  7.463027E-16
1956.  7.533485E-16
1957.  7.604190E-16
1958.  7.675108E-16
1959.  7.746212E-16
1960.  7.817463E-16
1961.  7.888832E-16
1962.  7.960282E-16
1963.  8.031782E-16
1964.  8.103294E-16
1965.  8.174784E-16
1966.  8.246217E-16
1967.  8.317556E-16
1968.  8.388767E-16
1969.  8.459809E-16
1970.  8.530651E-16
1971.  8.601255E-16
1972.  8.671583E-16
1973.  8.741598E-16
1974.  8.811268E-16
1975.  8.880551E-16
1976.  8.949416E-16
1977.  9.017824E-16
1978.  9.085741E-16
1979.  9.153133E-16
1980.  9.219962E-16
1981.  9.286197E-16
1982.  9.351804E-16
1983.  9.416753E-16
1984.  9.481007E-16
1985.  9.544539E-16
1986.  9.607313E-16
1987.  9.669305E-16
1988.  9.730483E-16
1989.  9.790822E-16
1990.  9.850293E-16
1991.  9.908873E-16
1992.  9.966533E-16
1993.  1.002325E-15
1994.  1.007901E-15
1995.  1.013379E-15
1996.  1.018756E-15
1997.  1.024031E-15
1998.  1.029202E-15
1999.  1.034268E-15
2000.  1.039227E-15
2001.  1.044078E-15
2002.  1.048819E-15
2003.  1.053451E-15
2004.  1.057972E-15
2005.  1.062381E-15
2006.  1.066678E-15
2007.  1.070862E-15
2008.  1.074934E-15
2009.  1.078893E-15
2010.  1.082739E-15
2011.  1.086473E-15
2012.  1.090095E-15
2013.  1.093606E-15
2014.  1.097005E-15
2015.  1.100295E-15
2016.  1.103476E-15
2017.  1.106549E-15
2018.  1.109516E-15
2019.  1.112377E-15
2020.  1.115135E-15
2021.  1.117791E-15
2022.  1.120346E-15
2023.  1.122803E-15
2024.  1.125164E-15
2025.  1.127430E-15
2026.  1.129605E-15
2027.  1.131689E-15
2028.  1.133686E-15
2029.  1.135598E-15
2030.  1.137427E-15
2031.  1.139177E-15
2032.  1.140849E-15
2033.  1.142446E-15
2034.  1.143971E-15
2035.  1.145428E-15
2036.  1.146817E-15
2037.  1.148143E-15
2038.  1.149409E-15
2039.  1.150616E-15
2040.  1.151768E-15
2041.  1.152868E-15
2042.  1.153919E-15
2043.  1.154922E-15
2044.  1.155881E-15
2045.  1.156799E-15
2046.  1.157678E-15
2047.  1.158521E-15
2048.  1.159330E-15
2049.  1.160108E-15
2050.  1.160856E-15
2051.  1.161578E-15
2052.  1.162276E-15
2053.  1.162950E-15
2054.  1.163605E-15
2055.  1.164240E-15
2056.  1.164859E-15
2057.  1.165462E-15
2058.  1.166052E-15
2059.  1.166628E-15
2060.  1.167194E-15
2061.  1.167749E-15
2062.  1.168295E-15
2063.  1.168833E-15
2064.  1.169363E-15
2065.  1.169885E-15
2066.  1.170400E-15
2067.  1.170909E-15
2068.  1.171411E-15
2069.  1.171906E-15
2070.  1.172393E-15
2071.  1.172874E-15
2072.  1.173346E-15
2073.  1.173809E-15
2074.  1.174262E-15
2075.  1.174705E-15
2076.  1.175135E-15
2077.  1.175553E-15
2078.  1.175956E-15
2079.  1.176342E-15
2080.  1.176711E-15
2081.  1.177059E-15
2082.  1.177386E-15
2083.  1.177689E-15
2084.  1.177966E-15
2085.  1.178215E-15
2086.  1.178434E-15
2087.  1.178618E-15
2088.  1.178768E-15
2089.  1.178879E-15
2090.  1.178949E-15
2091.  1.178975E-15
2092.  1.178955E-15
2093.  1.178886E-15
2094.  1.178764E-15
2095.  1.178587E-15
2096.  1.178352E-15
2097.  1.178056E-15
2098.  1.177696E-15
2099.  1.177269E-15
2100.  1.176771E-15
2101.  1.176202E-15
2102.  1.175556E-15
2103.  1.174833E-15
2104.  1.174028E-15
2105.  1.173138E-15
2106.  1.172163E-15
2107.  1.171098E-15
2108.  1.169941E-15
2109.  1.168691E-15
2110.  1.167344E-15
2111.  1.165898E-15
2112.  1.164352E-15
2113.  1.162703E-15
2114.  1.160949E-15
2115.  1.159089E-15
2116.  1.157122E-15
2117.  1.155045E-15
2118.  1.152858E-15
2119.  1.150559E-15
2120.  1.148148E-15
2121.  1.145623E-15
2122.  1.142985E-15
2123.  1.140232E-15
2124.  1.137365E-15
2125.  1.134383E-15
2126.  1.131286E-15
2127.  1.128075E-15
2128.  1.124750E-15
2129.  1.121311E-15
2130.  1.117761E-15
2131.  1.114099E-15
2132.  1.110327E-15
2133.  1.106446E-15
2134.  1.102459E-15
2135.  1.098366E-15
2136.  1.094170E-15
2137.  1.089872E-15
2138.  1.085476E-15
2139.  1.080983E-15
2140.  1.076397E-15
2141.  1.071721E-15
2142.  1.066956E-15
2143.  1.062107E-15
2144.  1.057177E-15
2145.  1.052170E-15
2146.  1.047088E-15
2147.  1.041937E-15
2148.  1.036719E-15
2149.  1.031439E-15
2150.  1.026102E-15
2151.  1.020711E-15
2152.  1.015271E-15
2153.  1.009786E-15
2154.  1.004262E-15
2155.  9.987021E-16
2156.  9.931124E-16
2157.  9.874973E-16
2158.  9.818620E-16
2159.  9.762114E-16
2160.  9.705507E-16
2161.  9.648849E-16
2162.  9.592194E-16
2163.  9.535592E-16
2164.  9.479099E-16
2165.  9.422763E-16
2166.  9.366642E-16
2167.  9.310785E-16
2168.  9.255247E-16
2169.  9.200080E-16
2170.  9.145338E-16
2171.  9.091071E-16
2172.  9.037331E-16
2173.  8.984172E-16
2174.  8.931641E-16
2175.  8.879794E-16
2176.  8.828676E-16
2177.  8.778338E-16
2178.  8.728827E-16
2179.  8.680192E-16
2180.  8.632479E-16
2181.  8.585736E-16
2182.  8.540003E-16
2183.  8.495328E-16
2184.  8.451752E-16
2185.  8.409315E-16
2186.  8.368060E-16
2187.  8.328026E-16
2188.  8.289248E-16
2189.  8.251764E-16
2190.  8.215609E-16
2191.  8.180818E-16
2192.  8.147421E-16
2193.  8.115451E-16
2194.  8.084935E-16
2195.  8.055904E-16
2196.  8.028382E-16
2197.  8.002394E-16
2198.  7.977964E-16
2199.  7.955111E-16
2200.  7.933861E-16
2201.  7.914228E-16
2202.  7.896230E-16
2203.  7.879881E-16
2204.  7.865197E-16
2205.  7.852189E-16
2206.  7.840866E-16
2207.  7.831240E-16
2208.  7.823316E-16
2209.  7.817101E-16
2210.  7.812597E-16
2211.  7.809809E-16
2212.  7.808736E-16
2213.  7.809379E-16
2214.  7.811733E-16
2215.  7.815797E-16
2216.  7.821566E-16
2217.  7.829032E-16
2218.  7.838187E-16
2219.  7.849022E-16
2220.  7.861527E-16
2221.  7.875687E-16
2222.  7.891490E-16
2223.  7.908923E-16
2224.  7.927966E-16
2225.  7.948602E-16
2226.  7.970815E-16
2227.  7.994582E-16
2228.  8.019883E-16
2229.  8.046697E-16
2230.  8.074997E-16
2231.  8.104762E-16
2232.  8.135963E-16
2233.  8.168575E-16
2234.  8.202573E-16
2235.  8.237925E-16
2236.  8.274602E-16
2237.  8.312576E-16
2238.  8.351814E-16
2239.  8.392284E-16
2240.  8.433954E-16
2241.  8.476790E-16
2242.  8.520759E-16
2243.  8.565826E-16
2244.  8.611956E-16
2245.  8.659112E-16
2246.  8.707259E-16
2247.  8.756360E-16
2248.  8.806377E-16
2249.  8.857273E-16
2250.  8.909010E-16
2251.  8.961551E-16
2252.  9.014857E-16
2253.  9.068886E-16
2254.  9.123604E-16
2255.  9.178970E-16
2256.  9.234942E-16
2257.  9.291483E-16
2258.  9.348557E-16
2259.  9.406117E-16
2260.  9.464130E-16
2261.  9.522556E-16
2262.  9.581353E-16
2263.  9.640484E-16
2264.  9.699910E-16
2265.  9.759594E-16
2266.  9.819496E-16
2267.  9.879578E-16
2268.  9.939805E-16
2269.  1.000013E-15
2270.  1.006054E-15
2271.  1.012097E-15
2272.  1.018140E-15
2273.  1.024179E-15
2274.  1.030211E-15
2275.  1.036232E-15
2276.  1.042239E-15
2277.  1.048229E-15
2278.  1.054198E-15
2279.  1.060143E-15
2280.  1.066062E-15
2281.  1.071950E-15
2282.  1.077806E-15
2283.  1.083627E-15
2284.  1.089409E-15
2285.  1.095150E-15
2286.  1.100848E-15
2287.  1.106499E-15
2288.  1.112102E-15
2289.  1.117655E-15
2290.  1.123154E-15
2291.  1.128598E-15
2292.  1.133986E-15
2293.  1.139314E-15
2294.  1.144582E-15
2295.  1.149787E-15
2296.  1.154928E-15
2297.  1.160004E-15
2298.  1.165012E-15
2299.  1.169953E-15
2300.  1.174824E-15
2301.  1.179625E-15
2302.  1.184355E-15
2303.  1.189012E-15
2304.  1.193597E-15
2305.  1.198108E-15
2306.  1.202545E-15
2307.  1.206908E-15
2308.  1.211195E-15
2309.  1.215408E-15
2310.  1.219546E-15
2311.  1.223609E-15
2312.  1.227596E-15
2313.  1.231509E-15
2314.  1.235348E-15
2315.  1.239112E-15
2316.  1.242802E-15
2317.  1.246420E-15
2318.  1.249965E-15
2319.  1.253438E-15
2320.  1.256840E-15
2321.  1.260172E-15
2322.  1.263435E-15
2323.  1.266630E-15
2324.  1.269758E-15
2325.  1.272820E-15
2326.  1.275818E-15
2327.  1.278752E-15
2328.  1.281624E-15
2329.  1.284436E-15
2330.  1.287188E-15
2331.  1.289883E-15
2332.  1.292522E-15
2333.  1.295106E-15
2334.  1.297637E-15
2335.  1.300116E-15
2336.  1.302546E-15
2337.  1.304928E-15
2338.  1.307263E-15
2339.  1.309554E-15
2340.  1.311801E-15
2341.  1.314007E-15
2342.  1.316173E-15
2343.  1.318301E-15
2344.  1.320393E-15
2345.  1.322449E-15
2346.  1.324473E-15
2347.  1.326466E-15
2348.  1.328428E-15
2349.  1.330362E-15
2350.  1.332269E-15
2351.  1.334152E-15
2352.  1.336010E-15
2353.  1.337845E-15
2354.  1.339660E-15
2355.  1.341455E-15
2356.  1.343231E-15
2357.  1.344991E-15
2358.  1.346734E-15
2359.  1.348462E-15
2360.  1.350176E-15
2361.  1.351877E-15
2362.  1.353566E-15
2363.  1.355243E-15
2364.  1.356910E-15
2365.  1.358568E-15
2366.  1.360215E-15
2367.  1.361855E-15
2368.  1.363486E-15
2369.  1.365109E-15
2370.  1.366725E-15
2371.  1.368333E-15
2372.  1.369934E-15
2373.  1.371528E-15
2374.  1.373115E-15
2375.  1.374695E-15
2376.  1.376267E-15
2377.  1.377832E-15
2378.  1.379389E-15
2379.  1.380937E-15
2380.  1.382477E-15
2381.  1.384007E-15
2382.  1.385526E-15
2383.  1.387035E-15
2384.  1.388532E-15
2385.  1.390017E-15
2386.  1.391488E-15
2387.  1.392945E-15
2388.  1.394386E-15
2389.  1.395811E-15
2390.  1.397218E-15
2391.  1.398605E-15
2392.  1.399972E-15
2393.  1.401317E-15
2394.  1.402639E-15
2395.  1.403935E-15
2396.  1.405206E-15
2397.  1.406448E-15
2398.  1.407660E-15
2399.  1.408842E-15
2400.  1.409990E-15
2401.  1.411103E-15
2402.  1.412180E-15
2403.  1.413218E-15
2404.  1.414217E-15
2405.  1.415172E-15
2406.  1.416085E-15
2407.  1.416951E-15
2408.  1.417769E-15
2409.  1.418537E-15
2410.  1.419254E-15
2411.  1.419917E-15
2412.  1.420524E-15
2413.  1.421073E-15
2414.  1.421564E-15
2415.  1.421992E-15
2416.  1.422357E-15
2417.  1.422657E-15
2418.  1.422890E-15
2419.  1.423054E-15
2420.  1.423146E-15
2421.  1.423166E-15
2422.  1.423111E-15
2423.  1.422980E-15
2424.  1.422771E-15
2425.  1.422482E-15
2426.  1.422111E-15
2427.  1.421658E-15
2428.  1.421120E-15
2429.  1.420495E-15
2430.  1.419783E-15
2431.  1.418981E-15
2432.  1.418089E-15
2433.  1.417105E-15
2434.  1.416028E-15
2435.  1.414857E-15
2436.  1.413590E-15
2437.  1.412226E-15
2438.  1.410765E-15
2439.  1.409205E-15
2440.  1.407546E-15
2441.  1.405786E-15
2442.  1.403925E-15
2443.  1.401963E-15
2444.  1.399897E-15
2445.  1.397729E-15
2446.  1.395458E-15
2447.  1.393082E-15
2448.  1.390602E-15
2449.  1.388018E-15
2450.  1.385330E-15
2451.  1.382536E-15
2452.  1.379638E-15
2453.  1.376635E-15
2454.  1.373528E-15
2455.  1.370316E-15
2456.  1.367000E-15
2457.  1.363581E-15
2458.  1.360058E-15
2459.  1.356433E-15
2460.  1.352705E-15
2461.  1.348876E-15
2462.  1.344947E-15
2463.  1.340918E-15
2464.  1.336789E-15
2465.  1.332563E-15
2466.  1.328240E-15
2467.  1.323821E-15
2468.  1.319307E-15
2469.  1.314700E-15
2470.  1.310001E-15
2471.  1.305211E-15
2472.  1.300332E-15
2473.  1.295365E-15
2474.  1.290313E-15
2475.  1.285175E-15
2476.  1.279955E-15
2477.  1.274654E-15
2478.  1.269274E-15
2479.  1.263816E-15
2480.  1.258283E-15
2481.  1.252677E-15
2482.  1.246999E-15
2483.  1.241251E-15
2484.  1.235436E-15
2485.  1.229556E-15
2486.  1.223612E-15
2487.  1.217608E-15
2488.  1.211546E-15
2489.  1.205426E-15
2490.  1.199253E-15
2491.  1.193028E-15
2492.  1.186753E-15
2493.  1.180431E-15
2494.  1.174065E-15
2495.  1.167655E-15
2496.  1.161207E-15
2497.  1.154720E-15
2498.  1.148198E-15
2499.  1.141643E-15
2500.  1.135057E-15
2501.  1.128444E-15
2502.  1.121805E-15
2503.  1.115142E-15
2504.  1.108459E-15
2505.  1.101757E-15
2506.  1.095039E-15
2507.  1.088307E-15
2508.  1.081563E-15
2509.  1.074810E-15
2510.  1.068049E-15
2511.  1.061284E-15
2512.  1.054516E-15
2513.  1.047747E-15
2514.  1.040980E-15
2515.  1.034217E-15
2516.  1.027459E-15
2517.  1.020708E-15
2518.  1.013968E-15
2519.  1.007238E-15
2520.  1.000522E-15
2521.  9.938215E-16
2522.  9.871375E-16
2523.  9.804722E-16
2524.  9.738271E-16
2525.  9.672039E-16
2526.  9.606042E-16
2527.  9.540293E-16
2528.  9.474809E-16
2529.  9.409600E-16
2530.  9.344683E-16
2531.  9.280070E-16
2532.  9.215774E-16
2533.  9.151803E-16
2534.  9.088169E-16
2535.  9.024885E-16
2536.  8.961960E-16
2537.  8.899401E-16
2538.  8.837221E-16
2539.  8.775423E-16
2540.  8.714020E-16
2541.  8.653015E-16
2542.  8.592416E-16
2543.  8.532229E-16
2544.  8.472461E-16
2545.  8.413113E-16
2546.  8.354196E-16
2547.  8.295707E-16
2548.  8.237656E-16
2549.  8.180043E-16
2550.  8.122870E-16
2551.  8.066141E-16
2552.  8.009859E-16
2553.  7.954024E-16
2554.  7.898637E-16
2555.  7.843702E-16
2556.  7.789218E-16
2557.  7.735184E-16
2558.  7.681601E-16
2559.  7.628472E-16
2560.  7.575793E-16
2561.  7.523566E-16
2562.  7.471789E-16
2563.  7.420462E-16
2564.  7.369587E-16
2565.  7.319156E-16
2566.  7.269175E-16
2567.  7.219640E-16
2568.  7.170550E-16
2569.  7.121905E-16
2570.  7.073701E-16
2571.  7.025940E-16
2572.  6.978623E-16
2573.  6.931743E-16
2574.  6.885303E-16
2575.  6.839300E-16
2576.  6.793735E-16
2577.  6.748607E-16
2578.  6.703916E-16
2579.  6.659661E-16
2580.  6.615841E-16
2581.  6.572458E-16
2582.  6.529509E-16
2583.  6.486996E-16
2584.  6.444922E-16
2585.  6.403282E-16
2586.  6.362082E-16
2587.  6.321320E-16
2588.  6.280996E-16
2589.  6.241116E-16
2590.  6.201675E-16
2591.  6.162680E-16
2592.  6.124130E-16
2593.  6.086029E-16
2594.  6.048376E-16
2595.  6.011176E-16
2596.  5.974428E-16
2597.  5.938139E-16
2598.  5.902308E-16
2599.  5.866938E-16
2600.  5.832033E-16
2601.  5.797594E-16
2602.  5.763625E-16
2603.  5.730128E-16
2604.  5.697105E-16
2605.  5.664561E-16
2606.  5.632497E-16
2607.  5.600915E-16
2608.  5.569819E-16
2609.  5.539209E-16
2610.  5.509088E-16
2611.  5.479458E-16
2612.  5.450323E-16
2613.  5.421682E-16
2614.  5.393539E-16
2615.  5.365890E-16
2616.  5.338741E-16
2617.  5.312090E-16
2618.  5.285936E-16
2619.  5.260281E-16
2620.  5.235125E-16
2621.  5.210464E-16
2622.  5.186298E-16
2623.  5.162627E-16
2624.  5.139444E-16
2625.  5.116749E-16
2626.  5.094541E-16
2627.  5.072813E-16
2628.  5.051561E-16
2629.  5.030779E-16
2630.  5.010462E-16
2631.  4.990607E-16
2632.  4.971202E-16
2633.  4.952244E-16
2634.  4.933723E-16
2635.  4.915632E-16
2636.  4.897961E-16
2637.  4.880698E-16
2638.  4.863833E-16
2639.  4.847359E-16
2640.  4.831260E-16
2641.  4.815527E-16
2642.  4.800146E-16
2643.  4.785101E-16
2644.  4.770381E-16
2645.  4.755969E-16
2646.  4.741853E-16
2647.  4.728013E-16
2648.  4.714437E-16
2649.  4.701105E-16
2650.  4.688000E-16
2651.  4.675105E-16
2652.  4.662401E-16
2653.  4.649869E-16
2654.  4.637492E-16
2655.  4.625249E-16
2656.  4.613119E-16
2657.  4.601083E-16
2658.  4.589120E-16
2659.  4.577209E-16
2660.  4.565331E-16
2661.  4.553462E-16
2662.  4.541580E-16
2663.  4.529668E-16
2664.  4.517700E-16
2665.  4.505657E-16
2666.  4.493516E-16
2667.  4.481257E-16
2668.  4.468856E-16
2669.  4.456293E-16
2670.  4.443546E-16
2671.  4.430598E-16
2672.  4.417423E-16
2673.  4.404001E-16
2674.  4.390315E-16
2675.  4.376341E-16
2676.  4.362062E-16
2677.  4.347459E-16
2678.  4.332513E-16
2679.  4.317204E-16
2680.  4.301516E-16
2681.  4.285432E-16
2682.  4.268937E-16
2683.  4.252013E-16
2684.  4.234645E-16
2685.  4.216819E-16
2686.  4.198522E-16
2687.  4.179741E-16
2688.  4.160462E-16
2689.  4.140677E-16
2690.  4.120372E-16
2691.  4.099541E-16
2692.  4.078173E-16
2693.  4.056260E-16
2694.  4.033795E-16
2695.  4.010775E-16
2696.  3.987191E-16
2697.  3.963041E-16
2698.  3.938323E-16
2699.  3.913033E-16
2700.  3.887171E-16
2701.  3.860736E-16
2702.  3.833730E-16
2703.  3.806154E-16
2704.  3.778011E-16
2705.  3.749307E-16
2706.  3.720045E-16
2707.  3.690230E-16
2708.  3.659869E-16
2709.  3.628973E-16
2710.  3.597548E-16
2711.  3.565604E-16
2712.  3.533153E-16
2713.  3.500205E-16
2714.  3.466772E-16
2715.  3.432869E-16
2716.  3.398510E-16
2717.  3.363709E-16
2718.  3.328481E-16
2719.  3.292844E-16
2720.  3.256817E-16
2721.  3.220414E-16
2722.  3.183656E-16
2723.  3.146561E-16
2724.  3.109150E-16
2725.  3.071443E-16
2726.  3.033462E-16
2727.  2.995227E-16
2728.  2.956760E-16
2729.  2.918085E-16
2730.  2.879222E-16
2731.  2.840199E-16
2732.  2.801034E-16
2733.  2.761754E-16
2734.  2.722382E-16
2735.  2.682943E-16
2736.  2.643463E-16
2737.  2.603961E-16
2738.  2.564467E-16
2739.  2.525003E-16
2740.  2.485595E-16
2741.  2.446267E-16
2742.  2.407042E-16
2743.  2.367947E-16
2744.  2.329005E-16
2745.  2.290241E-16
2746.  2.251677E-16
2747.  2.213339E-16
2748.  2.175248E-16
2749.  2.137428E-16
2750.  2.099901E-16
2751.  2.062690E-16
2752.  2.025817E-16
2753.  1.989302E-16
2754.  1.953168E-16
2755.  1.917434E-16
2756.  1.882118E-16
2757.  1.847243E-16
2758.  1.812823E-16
2759.  1.778880E-16
2760.  1.745429E-16
2761.  1.712488E-16
2762.  1.680072E-16
2763.  1.648195E-16
2764.  1.616875E-16
2765.  1.586122E-16
2766.  1.555950E-16
2767.  1.526373E-16
2768.  1.497400E-16
2769.  1.469044E-16
2770.  1.441312E-16
2771.  1.414215E-16
2772.  1.387760E-16
2773.  1.361953E-16
2774.  1.336804E-16
2775.  1.312317E-16
2776.  1.288495E-16
2777.  1.265344E-16
2778.  1.242865E-16
2779.  1.221063E-16
2780.  1.199937E-16
2781.  1.179488E-16
2782.  1.159716E-16
2783.  1.140620E-16
2784.  1.122199E-16
2785.  1.104448E-16
2786.  1.087365E-16
2787.  1.070944E-16
2788.  1.055184E-16
2789.  1.040074E-16
2790.  1.025611E-16
2791.  1.011786E-16
2792.  9.985917E-17
2793.  9.860183E-17
2794.  9.740590E-17
2795.  9.627022E-17
2796.  9.519367E-17
2797.  9.417521E-17
2798.  9.321362E-17
2799.  9.230786E-17
2800.  9.145638E-17
2801.  9.065790E-17
2802.  8.991120E-17
2803.  8.921467E-17
2804.  8.856700E-17
2805.  8.796656E-17
2806.  8.741183E-17
2807.  8.690127E-17
2808.  8.643319E-17
2809.  8.600607E-17
2810.  8.561812E-17
2811.  8.526780E-17
2812.  8.495317E-17
2813.  8.467275E-17
2814.  8.442458E-17
2815.  8.420718E-17
2816.  8.401850E-17
2817.  8.385698E-17
2818.  8.372075E-17
2819.  8.360801E-17
2820.  8.351718E-17
2821.  8.344621E-17
2822.  8.339361E-17
2823.  8.335751E-17
2824.  8.333621E-17
2825.  8.332798E-17
2826.  8.333113E-17
2827.  8.334406E-17
2828.  8.336502E-17
2829.  8.339237E-17
2830.  8.342455E-17
2831.  8.346008E-17
2832.  8.349724E-17
2833.  8.353466E-17
2834.  8.357097E-17
2835.  8.360456E-17
2836.  8.363405E-17
2837.  8.365802E-17
2838.  8.367537E-17
2839.  8.368468E-17
2840.  8.368496E-17
2841.  8.367472E-17
2842.  8.365289E-17
2843.  8.361870E-17
2844.  8.357076E-17
2845.  8.350830E-17
2846.  8.343026E-17
2847.  8.333585E-17
2848.  8.322435E-17
2849.  8.309476E-17
2850.  8.294648E-17
2851.  8.277886E-17
2852.  8.259134E-17
2853.  8.238321E-17
2854.  8.215405E-17
2855.  8.190345E-17
2856.  8.163095E-17
2857.  8.133619E-17
2858.  8.101892E-17
2859.  8.067903E-17
2860.  8.031601E-17
2861.  7.993000E-17
2862.  7.952076E-17
2863.  7.908836E-17
2864.  7.863275E-17
2865.  7.815382E-17
2866.  7.765196E-17
2867.  7.712713E-17
2868.  7.657949E-17
2869.  7.600936E-17
2870.  7.541709E-17
2871.  7.480264E-17
2872.  7.416679E-17
2873.  7.350962E-17
2874.  7.283158E-17
2875.  7.213341E-17
2876.  7.141517E-17
2877.  7.067761E-17
2878.  6.992123E-17
2879.  6.914669E-17
2880.  6.835426E-17
2881.  6.754488E-17
2882.  6.671924E-17
2883.  6.587778E-17
2884.  6.502127E-17
2885.  6.415037E-17
2886.  6.326578E-17
2887.  6.236835E-17
2888.  6.145874E-17
2889.  6.053768E-17
2890.  5.960589E-17
2891.  5.866438E-17
2892.  5.771369E-17
2893.  5.675461E-17
2894.  5.578804E-17
2895.  5.481469E-17
2896.  5.383536E-17
2897.  5.285093E-17
2898.  5.186206E-17
2899.  5.086958E-17
2900.  4.987429E-17
2901.  4.887688E-17
2902.  4.787831E-17
2903.  4.687911E-17
2904.  4.588023E-17
2905.  4.488219E-17
2906.  4.388598E-17
2907.  4.289213E-17
2908.  4.190134E-17
2909.  4.091447E-17
2910.  3.993198E-17
2911.  3.895475E-17
2912.  3.798328E-17
2913.  3.701823E-17
2914.  3.606039E-17
2915.  3.510997E-17
2916.  3.416796E-17
2917.  3.323467E-17
2918.  3.231068E-17
2919.  3.139662E-17
2920.  3.049290E-17
2921.  2.960010E-17
2922.  2.871866E-17
2923.  2.784894E-17
2924.  2.699146E-17
2925.  2.614655E-17
2926.  2.531466E-17
2927.  2.449616E-17
2928.  2.369146E-17
2929.  2.290070E-17
2930.  2.212437E-17
2931.  2.136263E-17
2932.  2.061588E-17
2933.  1.988424E-17
2934.  1.916801E-17
2935.  1.846730E-17
2936.  1.778255E-17
2937.  1.711359E-17
2938.  1.646089E-17
2939.  1.582446E-17
2940.  1.520433E-17
2941.  1.460070E-17
2942.  1.401365E-17
2943.  1.344328E-17
2944.  1.288952E-17
2945.  1.235252E-17
2946.  1.183222E-17
2947.  1.132871E-17
2948.  1.084200E-17
2949.  1.037185E-17
2950.  9.918430E-18
2951.  9.481634E-18
2952.  9.061352E-18
2953.  8.657607E-18
2954.  8.270193E-18
2955.  7.899087E-18
2956.  7.544117E-18
2957.  7.205132E-18
2958.  6.882129E-18
2959.  6.574786E-18
2960.  6.283129E-18
2961.  6.006857E-18
2962.  5.745918E-18
2963.  5.499965E-18
2964.  5.268905E-18
2965.  5.052619E-18
2966.  4.850746E-18
2967.  4.663189E-18
2968.  4.489735E-18
2969.  4.330069E-18
2970.  4.183914E-18
2971.  4.051309E-18
2972.  3.931831E-18
2973.  3.825133E-18
2974.  3.731028E-18
2975.  3.649571E-18
2976.  3.580163E-18
2977.  3.522707E-18
2978.  3.476908E-18
2979.  3.442391E-18
2980.  3.419080E-18
2981.  3.406661E-18
2982.  3.404921E-18
2983.  3.413488E-18
2984.  3.432184E-18
2985.  3.460657E-18
2986.  3.498707E-18
2987.  3.546359E-18
2988.  3.602843E-18
2989.  3.668238E-18
2990.  3.742202E-18
2991.  3.824644E-18
2992.  3.915106E-18
2993.  4.013414E-18
2994.  4.119280E-18
2995.  4.232600E-18
2996.  4.353064E-18
2997.  4.480521E-18
2998.  4.614549E-18
2999.  4.755134E-18
3000.  4.902015E-18
3001.  5.055002E-18
3002.  5.213863E-18
3003.  5.378435E-18
3004.  5.548475E-18
3005.  5.723813E-18
3006.  5.904242E-18
3007.  6.089632E-18
3008.  6.279869E-18
3009.  6.474583E-18
3010.  6.674060E-18
3011.  6.877660E-18
3012.  7.085622E-18
3013.  7.297594E-18
3014.  7.513336E-18
3015.  7.733178E-18
3016.  7.956685E-18
3017.  8.183655E-18
3018.  8.414255E-18
3019.  8.648307E-18
3020.  8.885702E-18
3021.  9.126294E-18
3022.  9.370140E-18
3023.  9.617067E-18
3024.  9.867179E-18
3025.  1.012032E-17
3026.  1.037643E-17
3027.  1.063546E-17
3028.  1.089751E-17
3029.  1.116250E-17
3030.  1.143036E-17
3031.  1.170118E-17
3032.  1.197485E-17
3033.  1.225143E-17
3034.  1.253092E-17
3035.  1.281344E-17
3036.  1.309876E-17
3037.  1.338726E-17
3038.  1.367871E-17
3039.  1.397320E-17
3040.  1.427081E-17
3041.  1.457173E-17
3042.  1.487577E-17
3043.  1.518295E-17
3044.  1.549370E-17
3045.  1.580766E-17
3046.  1.612520E-17
3047.  1.644623E-17
3048.  1.677088E-17
3049.  1.709930E-17
3050.  1.743153E-17
3051.  1.776758E-17
3052.  1.810747E-17
3053.  1.845153E-17
3054.  1.879971E-17
3055.  1.915218E-17
3056.  1.950892E-17
3057.  1.987000E-17
3058.  2.023565E-17
3059.  2.060582E-17
3060.  2.098076E-17
3061.  2.136051E-17
3062.  2.174504E-17
3063.  2.213460E-17
3064.  2.252912E-17
3065.  2.292888E-17
3066.  2.333386E-17
3067.  2.374412E-17
3068.  2.415973E-17
3069.  2.458088E-17
3070.  2.500744E-17
3071.  2.543970E-17
3072.  2.587753E-17
3073.  2.632126E-17
3074.  2.677072E-17
3075.  2.722601E-17
3076.  2.768724E-17
3077.  2.815430E-17
3078.  2.862742E-17
3079.  2.910655E-17
3080.  2.959160E-17
3081.  3.008284E-17
3082.  3.058008E-17
3083.  3.108339E-17
3084.  3.159277E-17
3085.  3.210806E-17
3086.  3.262949E-17
3087.  3.315696E-17
3088.  3.369037E-17
3089.  3.422963E-17
3090.  3.477495E-17
3091.  3.532601E-17
3092.  3.588274E-17
3093.  3.644515E-17
3094.  3.701314E-17
3095.  3.758669E-17
3096.  3.816561E-17
3097.  3.874971E-17
3098.  3.933890E-17
3099.  3.993314E-17
3100.  4.053229E-17
3101.  4.113615E-17
3102.  4.174427E-17
3103.  4.235692E-17
3104.  4.297377E-17
3105.  4.359459E-17
3106.  4.421905E-17
3107.  4.484711E-17
3108.  4.547842E-17
3109.  4.611280E-17
3110.  4.674994E-17
3111.  4.738977E-17
3112.  4.803176E-17
3113.  4.867587E-17
3114.  4.932170E-17
3115.  4.996893E-17
3116.  5.061731E-17
3117.  5.126650E-17
3118.  5.191621E-17
3119.  5.256614E-17
3120.  5.321589E-17
3121.  5.386511E-17
3122.  5.451351E-17
3123.  5.516069E-17
3124.  5.580633E-17
3125.  5.645006E-17
3126.  5.709161E-17
3127.  5.773036E-17
3128.  5.836616E-17
3129.  5.899854E-17
3130.  5.962710E-17
3131.  6.025166E-17
3132.  6.087147E-17
3133.  6.148651E-17
3134.  6.209613E-17
3135.  6.270019E-17
3136.  6.329793E-17
3137.  6.388939E-17
3138.  6.447408E-17
3139.  6.505151E-17
3140.  6.562143E-17
3141.  6.618339E-17
3142.  6.673712E-17
3143.  6.728228E-17
3144.  6.781836E-17
3145.  6.834535E-17
3146.  6.886263E-17
3147.  6.937008E-17
3148.  6.986726E-17
3149.  7.035399E-17
3150.  7.082989E-17
3151.  7.129488E-17
3152.  7.174855E-17
3153.  7.219070E-17
3154.  7.262124E-17
3155.  7.303973E-17
3156.  7.344623E-17
3157.  7.384037E-17
3158.  7.422226E-17
3159.  7.459149E-17
3160.  7.494824E-17
3161.  7.529216E-17
3162.  7.562325E-17
3163.  7.594159E-17
3164.  7.624697E-17
3165.  7.653966E-17
3166.  7.681931E-17
3167.  7.708629E-17
3168.  7.734040E-17
3169.  7.758213E-17
3170.  7.781116E-17
3171.  7.802779E-17
3172.  7.823239E-17
3173.  7.842476E-17
3174.  7.860536E-17
3175.  7.877443E-17
3176.  7.893212E-17
3177.  7.907890E-17
3178.  7.921487E-17
3179.  7.934057E-17
3180.  7.945610E-17
3181.  7.956220E-17
3182.  7.965891E-17
3183.  7.974693E-17
3184.  7.982656E-17
3185.  7.989843E-17
3186.  7.996293E-17
3187.  8.002049E-17
3188.  8.007195E-17
3189.  8.011761E-17
3190.  8.015820E-17
3191.  8.019413E-17
3192.  8.022630E-17
3193.  8.025514E-17
3194.  8.028144E-17
3195.  8.030582E-17
3196.  8.032902E-17
3197.  8.035162E-17
3198.  8.037459E-17
3199.  8.039844E-17
3200.  8.042400E-17
3201.  8.045204E-17
3202.  8.048328E-17
3203.  8.051866E-17
3204.  8.055875E-17
3205.  8.060441E-17
3206.  8.065657E-17
3207.  8.071585E-17
3208.  8.078316E-17
3209.  8.085939E-17
3210.  8.094521E-17
3211.  8.104172E-17
3212.  8.114922E-17
3213.  8.126891E-17
3214.  8.140155E-17
3215.  8.154787E-17
3216.  8.170866E-17
3217.  8.188484E-17
3218.  8.207716E-17
3219.  8.228618E-17
3220.  8.251295E-17
3221.  8.275807E-17
3222.  8.302226E-17
3223.  8.330642E-17
3224.  8.361116E-17
3225.  8.393711E-17
3226.  8.428505E-17
3227.  8.465559E-17
3228.  8.504943E-17
3229.  8.546711E-17
3230.  8.590916E-17
3231.  8.637641E-17
3232.  8.686929E-17
3233.  8.738826E-17
3234.  8.793405E-17
3235.  8.850686E-17
3236.  8.910732E-17
3237.  8.973580E-17
3238.  9.039283E-17
3239.  9.107861E-17
3240.  9.179351E-17
3241.  9.253790E-17
3242.  9.331219E-17
3243.  9.411649E-17
3244.  9.495103E-17
3245.  9.581594E-17
3246.  9.671152E-17
3247.  9.763785E-17
3248.  9.859515E-17
3249.  9.958319E-17
3250.  1.006022E-16
3251.  1.016521E-16
3252.  1.027330E-16
3253.  1.038448E-16
3254.  1.049872E-16
3255.  1.061604E-16
3256.  1.073639E-16
3257.  1.085977E-16
3258.  1.098616E-16
3259.  1.111554E-16
3260.  1.124786E-16
3261.  1.138310E-16
3262.  1.152122E-16
3263.  1.166220E-16
3264.  1.180596E-16
3265.  1.195251E-16
3266.  1.210177E-16
3267.  1.225371E-16
3268.  1.240826E-16
3269.  1.256538E-16
3270.  1.272500E-16
3271.  1.288709E-16
3272.  1.305157E-16
3273.  1.321838E-16
3274.  1.338746E-16
3275.  1.355876E-16
3276.  1.373220E-16
3277.  1.390769E-16
3278.  1.408519E-16
3279.  1.426464E-16
3280.  1.444593E-16
3281.  1.462900E-16
3282.  1.481381E-16
3283.  1.500025E-16
3284.  1.518826E-16
3285.  1.537775E-16
3286.  1.556868E-16
3287.  1.576095E-16
3288.  1.595450E-16
3289.  1.614924E-16
3290.  1.634509E-16
3291.  1.654202E-16
3292.  1.673992E-16
3293.  1.693873E-16
3294.  1.713838E-16
3295.  1.733882E-16
3296.  1.753995E-16
3297.  1.774173E-16
3298.  1.794409E-16
3299.  1.814696E-16
3300.  1.835030E-16
3301.  1.855403E-16
3302.  1.875810E-16
3303.  1.896247E-16
3304.  1.916708E-16
3305.  1.937189E-16
3306.  1.957685E-16
3307.  1.978192E-16
3308.  1.998704E-16
3309.  2.019220E-16
3310.  2.039735E-16
3311.  2.060247E-16
3312.  2.080751E-16
3313.  2.101247E-16
3314.  2.121731E-16
3315.  2.142202E-16
3316.  2.162659E-16
3317.  2.183099E-16
3318.  2.203521E-16
3319.  2.223925E-16
3320.  2.244311E-16
3321.  2.264678E-16
3322.  2.285027E-16
3323.  2.305357E-16
3324.  2.325670E-16
3325.  2.345965E-16
3326.  2.366246E-16
3327.  2.386513E-16
3328.  2.406766E-16
3329.  2.427008E-16
3330.  2.447242E-16
3331.  2.467469E-16
3332.  2.487692E-16
3333.  2.507913E-16
3334.  2.528135E-16
3335.  2.548360E-16
3336.  2.568592E-16
3337.  2.588833E-16
3338.  2.609086E-16
3339.  2.629355E-16
3340.  2.649642E-16
3341.  2.669949E-16
3342.  2.690280E-16
3343.  2.710640E-16
3344.  2.731029E-16
3345.  2.751451E-16
3346.  2.771910E-16
3347.  2.792405E-16
3348.  2.812941E-16
3349.  2.833520E-16
3350.  2.854143E-16
3351.  2.874813E-16
3352.  2.895532E-16
3353.  2.916299E-16
3354.  2.937116E-16
3355.  2.957987E-16
3356.  2.978908E-16
3357.  2.999882E-16
3358.  3.020905E-16
3359.  3.041981E-16
3360.  3.063107E-16
3361.  3.084283E-16
3362.  3.105504E-16
3363.  3.126771E-16
3364.  3.148081E-16
3365.  3.169430E-16
3366.  3.190815E-16
3367.  3.212232E-16
3368.  3.233677E-16
3369.  3.255146E-16
3370.  3.276633E-16
3371.  3.298132E-16
3372.  3.319637E-16
3373.  3.341143E-16
3374.  3.362639E-16
3375.  3.384123E-16
3376.  3.405584E-16
3377.  3.427013E-16
3378.  3.448402E-16
3379.  3.469743E-16
3380.  3.491024E-16
3381.  3.512237E-16
3382.  3.533372E-16
3383.  3.554416E-16
3384.  3.575359E-16
3385.  3.596190E-16
3386.  3.616897E-16
3387.  3.637467E-16
3388.  3.657889E-16
3389.  3.678148E-16
3390.  3.698234E-16
3391.  3.718134E-16
3392.  3.737831E-16
3393.  3.757313E-16
3394.  3.776570E-16
3395.  3.795584E-16
3396.  3.814342E-16
3397.  3.832833E-16
3398.  3.851037E-16
3399.  3.868946E-16
3400.  3.886542E-16
3401.  3.903812E-16
3402.  3.920743E-16
3403.  3.937322E-16
3404.  3.953531E-16
3405.  3.969361E-16
3406.  3.984795E-16
3407.  3.999821E-16
3408.  4.014427E-16
3409.  4.028599E-16
3410.  4.042324E-16
3411.  4.055590E-16
3412.  4.068384E-16
3413.  4.080696E-16
3414.  4.092514E-16
3415.  4.103824E-16
3416.  4.114621E-16
3417.  4.124887E-16
3418.  4.134620E-16
3419.  4.143805E-16
3420.  4.152437E-16
3421.  4.160504E-16
3422.  4.167997E-16
3423.  4.174912E-16
3424.  4.181240E-16
3425.  4.186975E-16
3426.  4.192110E-16
3427.  4.196638E-16
3428.  4.200559E-16
3429.  4.203861E-16
3430.  4.206546E-16
3431.  4.208607E-16
3432.  4.210044E-16
3433.  4.210852E-16
3434.  4.211029E-16
3435.  4.210574E-16
3436.  4.209488E-16
3437.  4.207769E-16
3438.  4.205417E-16
3439.  4.202433E-16
3440.  4.198818E-16
3441.  4.194575E-16
3442.  4.189706E-16
3443.  4.184212E-16
3444.  4.178097E-16
3445.  4.171366E-16
3446.  4.164021E-16
3447.  4.156069E-16
3448.  4.147514E-16
3449.  4.138359E-16
3450.  4.128615E-16
3451.  4.118285E-16
3452.  4.107375E-16
3453.  4.095893E-16
3454.  4.083848E-16
3455.  4.071247E-16
3456.  4.058098E-16
3457.  4.044408E-16
3458.  4.030186E-16
3459.  4.015444E-16
3460.  4.000190E-16
3461.  3.984431E-16
3462.  3.968182E-16
3463.  3.951447E-16
3464.  3.934240E-16
3465.  3.916573E-16
3466.  3.898454E-16
3467.  3.879894E-16
3468.  3.860906E-16
3469.  3.841500E-16
3470.  3.821687E-16
3471.  3.801480E-16
3472.  3.780889E-16
3473.  3.759930E-16
3474.  3.738609E-16
3475.  3.716942E-16
3476.  3.694939E-16
3477.  3.672614E-16
3478.  3.649978E-16
3479.  3.627043E-16
3480.  3.603825E-16
3481.  3.580330E-16
3482.  3.556575E-16
3483.  3.532573E-16
3484.  3.508333E-16
3485.  3.483869E-16
3486.  3.459194E-16
3487.  3.434320E-16
3488.  3.409259E-16
3489.  3.384026E-16
3490.  3.358629E-16
3491.  3.333082E-16
3492.  3.307397E-16
3493.  3.281589E-16
3494.  3.255667E-16
3495.  3.229643E-16
3496.  3.203531E-16
3497.  3.177341E-16
3498.  3.151085E-16
3499.  3.124778E-16
3500.  3.098426E-16
3501.  3.072044E-16
3502.  3.045642E-16
3503.  3.019234E-16
3504.  2.992827E-16
3505.  2.966435E-16
3506.  2.940067E-16
3507.  2.913736E-16
3508.  2.887450E-16
3509.  2.861221E-16
3510.  2.835058E-16
3511.  2.808972E-16
3512.  2.782974E-16
3513.  2.757071E-16
3514.  2.731273E-16
3515.  2.705592E-16
3516.  2.680036E-16
3517.  2.654610E-16
3518.  2.629328E-16
3519.  2.604194E-16
3520.  2.579220E-16
3521.  2.554410E-16
3522.  2.529777E-16
3523.  2.505324E-16
3524.  2.481057E-16
3525.  2.456987E-16
3526.  2.433118E-16
3527.  2.409458E-16
3528.  2.386012E-16
3529.  2.362786E-16
3530.  2.339783E-16
3531.  2.317013E-16
3532.  2.294477E-16
3533.  2.272182E-16
3534.  2.250128E-16
3535.  2.228322E-16
3536.  2.206766E-16
3537.  2.185465E-16
3538.  2.164422E-16
3539.  2.143636E-16
3540.  2.123112E-16
3541.  2.102851E-16
3542.  2.082854E-16
3543.  2.063122E-16
3544.  2.043656E-16
3545.  2.024456E-16
3546.  2.005522E-16
3547.  1.986856E-16
3548.  1.968453E-16
3549.  1.950315E-16
3550.  1.932439E-16
3551.  1.914824E-16
3552.  1.897467E-16
3553.  1.880368E-16
3554.  1.863521E-16
3555.  1.846924E-16
3556.  1.830575E-16
3557.  1.814469E-16
3558.  1.798600E-16
3559.  1.782968E-16
3560.  1.767566E-16
3561.  1.752390E-16
3562.  1.737435E-16
3563.  1.722694E-16
3564.  1.708162E-16
3565.  1.693834E-16
3566.  1.679704E-16
3567.  1.665765E-16
3568.  1.652012E-16
3569.  1.638436E-16
3570.  1.625033E-16
3571.  1.611793E-16
3572.  1.598713E-16
3573.  1.585784E-16
3574.  1.572996E-16
3575.  1.560346E-16
3576.  1.547824E-16
3577.  1.535424E-16
3578.  1.523135E-16
3579.  1.510956E-16
3580.  1.498874E-16
3581.  1.486884E-16
3582.  1.474977E-16
3583.  1.463148E-16
3584.  1.451387E-16
3585.  1.439688E-16
3586.  1.428044E-16
3587.  1.416448E-16
3588.  1.404893E-16
3589.  1.393371E-16
3590.  1.381875E-16
3591.  1.370401E-16
3592.  1.358942E-16
3593.  1.347491E-16
3594.  1.336041E-16
3595.  1.324588E-16
3596.  1.313127E-16
3597.  1.301651E-16
3598.  1.290155E-16
3599.  1.278636E-16
3600.  1.267087E-16
3601.  1.255506E-16
3602.  1.243890E-16
3603.  1.232232E-16
3604.  1.220530E-16
3605.  1.208781E-16
3606.  1.196983E-16
3607.  1.185133E-16
3608.  1.173229E-16
3609.  1.161268E-16
3610.  1.149250E-16
3611.  1.137173E-16
3612.  1.125037E-16
3613.  1.112842E-16
3614.  1.100585E-16
3615.  1.088268E-16
3616.  1.075892E-16
3617.  1.063458E-16
3618.  1.050964E-16
3619.  1.038415E-16
3620.  1.025809E-16
3621.  1.013152E-16
3622.  1.000443E-16
3623.  9.876862E-17
3624.  9.748841E-17
3625.  9.620395E-17
3626.  9.491564E-17
3627.  9.362368E-17
3628.  9.232863E-17
3629.  9.103067E-17
3630.  8.973064E-17
3631.  8.842851E-17
3632.  8.712511E-17
3633.  8.582074E-17
3634.  8.451576E-17
3635.  8.321102E-17
3636.  8.190689E-17
3637.  8.060397E-17
3638.  7.930286E-17
3639.  7.800396E-17
3640.  7.670793E-17
3641.  7.541551E-17
3642.  7.412704E-17
3643.  7.284343E-17
3644.  7.156505E-17
3645.  7.029272E-17
3646.  6.902683E-17
3647.  6.776821E-17
3648.  6.651727E-17
3649.  6.527485E-17
3650.  6.404151E-17
3651.  6.281779E-17
3652.  6.160430E-17
3653.  6.040177E-17
3654.  5.921059E-17
3655.  5.803141E-17
3656.  5.686499E-17
3657.  5.571178E-17
3658.  5.457235E-17
3659.  5.344721E-17
3660.  5.233687E-17
3661.  5.124176E-17
3662.  5.016258E-17
3663.  4.909973E-17
3664.  4.805379E-17
3665.  4.702505E-17
3666.  4.601405E-17
3667.  4.502105E-17
3668.  4.404655E-17
3669.  4.309093E-17
3670.  4.215461E-17
3671.  4.123776E-17
3672.  4.034079E-17
3673.  3.946397E-17
3674.  3.860749E-17
3675.  3.777189E-17
3676.  3.695701E-17
3677.  3.616309E-17
3678.  3.539065E-17
3679.  3.463943E-17
3680.  3.390980E-17
3681.  3.320187E-17
3682.  3.251547E-17
3683.  3.185092E-17
3684.  3.120807E-17
3685.  3.058695E-17
3686.  2.998767E-17
3687.  2.941009E-17
3688.  2.885415E-17
3689.  2.831974E-17
3690.  2.780687E-17
3691.  2.731526E-17
3692.  2.684469E-17
3693.  2.639524E-17
3694.  2.596649E-17
3695.  2.555845E-17
3696.  2.517051E-17
3697.  2.480275E-17
3698.  2.445487E-17
3699.  2.412627E-17
3700.  2.381690E-17
3701.  2.352642E-17
3702.  2.325431E-17
3703.  2.300040E-17
3704.  2.276415E-17
3705.  2.254527E-17
3706.  2.234332E-17
3707.  2.215792E-17
3708.  2.198851E-17
3709.  2.183459E-17
3710.  2.169604E-17
3711.  2.157203E-17
3712.  2.146223E-17
3713.  2.136607E-17
3714.  2.128308E-17
3715.  2.121294E-17
3716.  2.115486E-17
3717.  2.110848E-17
3718.  2.107322E-17
3719.  2.104848E-17
3720.  2.103386E-17
3721.  2.102884E-17
3722.  2.103282E-17
3723.  2.104528E-17
3724.  2.106564E-17
3725.  2.109332E-17
3726.  2.112796E-17
3727.  2.116876E-17
3728.  2.121535E-17
3729.  2.126738E-17
3730.  2.132399E-17
3731.  2.138489E-17
3732.  2.144941E-17
3733.  2.151712E-17
3734.  2.158762E-17
3735.  2.166023E-17
3736.  2.173460E-17
3737.  2.181015E-17
3738.  2.188642E-17
3739.  2.196321E-17
3740.  2.203970E-17
3741.  2.211559E-17
3742.  2.219047E-17
3743.  2.226397E-17
3744.  2.233578E-17
3745.  2.240526E-17
3746.  2.247219E-17
3747.  2.253607E-17
3748.  2.259684E-17
3749.  2.265383E-17
3750.  2.270693E-17
3751.  2.275584E-17
3752.  2.280015E-17
3753.  2.283961E-17
3754.  2.287403E-17
3755.  2.290320E-17
3756.  2.292669E-17
3757.  2.294445E-17
3758.  2.295630E-17
3759.  2.296184E-17
3760.  2.296125E-17
3761.  2.295409E-17
3762.  2.294031E-17
3763.  2.291983E-17
3764.  2.289247E-17
3765.  2.285822E-17
3766.  2.281688E-17
3767.  2.276859E-17
3768.  2.271306E-17
3769.  2.265045E-17
3770.  2.258065E-17
3771.  2.250380E-17
3772.  2.241953E-17
3773.  2.232826E-17
3774.  2.222990E-17
3775.  2.212440E-17
3776.  2.201185E-17
3777.  2.189238E-17
3778.  2.176613E-17
3779.  2.163313E-17
3780.  2.149343E-17
3781.  2.134720E-17
3782.  2.119445E-17
3783.  2.103548E-17
3784.  2.087037E-17
3785.  2.069930E-17
3786.  2.052235E-17
3787.  2.033977E-17
3788.  2.015169E-17
3789.  1.995823E-17
3790.  1.975968E-17
3791.  1.955618E-17
3792.  1.934792E-17
3793.  1.913514E-17
3794.  1.891806E-17
3795.  1.869673E-17
3796.  1.847150E-17
3797.  1.824256E-17
3798.  1.801029E-17
3799.  1.777463E-17
3800.  1.753585E-17
3801.  1.729431E-17
3802.  1.705010E-17
3803.  1.680359E-17
3804.  1.655488E-17
3805.  1.630421E-17
3806.  1.605183E-17
3807.  1.579784E-17
3808.  1.554270E-17
3809.  1.528655E-17
3810.  1.502938E-17
3811.  1.477149E-17
3812.  1.451331E-17
3813.  1.425478E-17
3814.  1.399623E-17
3815.  1.373781E-17
3816.  1.347972E-17
3817.  1.322223E-17
3818.  1.296542E-17
3819.  1.270947E-17
3820.  1.245457E-17
3821.  1.220085E-17
3822.  1.194858E-17
3823.  1.169788E-17
3824.  1.144874E-17
3825.  1.120157E-17
3826.  1.095634E-17
3827.  1.071315E-17
3828.  1.047231E-17
3829.  1.023375E-17
3830.  9.997639E-18
3831.  9.764243E-18
3832.  9.533456E-18
3833.  9.305433E-18
3834.  9.080299E-18
3835.  8.858111E-18
3836.  8.638975E-18
3837.  8.422957E-18
3838.  8.210145E-18
3839.  8.000608E-18
3840.  7.794228E-18
3841.  7.591295E-18
3842.  7.391642E-18
3843.  7.195486E-18
3844.  7.002827E-18
3845.  6.813579E-18
3846.  6.627868E-18
3847.  6.445642E-18
3848.  6.266911E-18
3849.  6.091743E-18
3850.  5.920075E-18
3851.  5.751968E-18
3852.  5.587292E-18
3853.  5.426119E-18
3854.  5.268462E-18
3855.  5.114178E-18
3856.  4.963317E-18
3857.  4.815829E-18
3858.  4.671769E-18
3859.  4.530919E-18
3860.  4.393288E-18
3861.  4.258859E-18
3862.  4.127576E-18
3863.  3.999398E-18
3864.  3.874249E-18
3865.  3.752021E-18
3866.  3.632519E-18
3867.  3.516019E-18
3868.  3.402195E-18
3869.  3.290977E-18
3870.  3.182368E-18
3871.  3.076194E-18
3872.  2.972473E-18
3873.  2.871006E-18
3874.  2.771772E-18
3875.  2.674561E-18
3876.  2.579454E-18
3877.  2.486246E-18
3878.  2.394842E-18
3879.  2.305158E-18
3880.  2.217047E-18
3881.  2.130440E-18
3882.  2.045174E-18
3883.  1.961303E-18
3884.  1.878415E-18
3885.  1.796670E-18
3886.  1.715819E-18
3887.  1.635713E-18
3888.  1.556397E-18
3889.  1.477524E-18
3890.  1.399110E-18
3891.  1.321106E-18
3892.  1.243236E-18
3893.  1.165381E-18
3894.  1.087579E-18
3895.  1.009498E-18
3896.  9.311483E-19
3897.  8.522715E-19
3898.  7.728670E-19
3899.  6.928566E-19
3900.  6.118577E-19
3901.  5.299825E-19
3902.  4.470058E-19
3903.  3.628545E-19
3904.  2.772265E-19
3905.  1.901666E-19
3906.  1.016247E-19
3907.  1.121999E-20
3908.  -8.096322E-20
3909.  -1.751576E-19
3910.  -2.714838E-19
3911.  -3.700271E-19
3912.  -4.709292E-19
3913.  -5.743255E-19
3914.  -6.803658E-19
3915.  -7.890334E-19
3916.  -9.005653E-19
3917.  -1.015098E-18
3918.  -1.132614E-18
3919.  -1.253422E-18
3920.  -1.377431E-18
3921.  -1.504782E-18
3922.  -1.635670E-18
3923.  -1.770179E-18
3924.  -1.908356E-18
3925.  -2.050308E-18
3926.  -2.196081E-18
3927.  -2.345921E-18
3928.  -2.499623E-18
3929.  -2.657560E-18
3930.  -2.819681E-18
3931.  -2.985969E-18
3932.  -3.156581E-18
3933.  -3.331620E-18
3934.  -3.511054E-18
3935.  -3.694978E-18
3936.  -3.883323E-18
3937.  -4.076240E-18
3938.  -4.273701E-18
3939.  -4.475898E-18
3940.  -4.682577E-18
3941.  -4.893876E-18
3942.  -5.109889E-18
3943.  -5.330371E-18
3944.  -5.555528E-18
3945.  -5.785202E-18
3946.  -6.019387E-18
3947.  -6.258137E-18
3948.  -6.501307E-18
3949.  -6.748955E-18
3950.  -7.000927E-18
3951.  -7.257115E-18
3952.  -7.517484E-18
3953.  -7.781872E-18
3954.  -8.050346E-18
3955.  -8.322694E-18
3956.  -8.598749E-18
3957.  -8.878426E-18
3958.  -9.161705E-18
3959.  -9.448219E-18
3960.  -9.737876E-18
3961.  -1.003066E-17
3962.  -1.032621E-17
3963.  -1.062441E-17
3964.  -1.092503E-17
3965.  -1.122790E-17
3966.  -1.153268E-17
3967.  -1.183934E-17
3968.  -1.214753E-17
3969.  -1.245692E-17
3970.  -1.276738E-17
3971.  -1.307856E-17
3972.  -1.339017E-17
3973.  -1.370197E-17
3974.  -1.401358E-17
3975.  -1.432486E-17
3976.  -1.463530E-17
3977.  -1.494462E-17
3978.  -1.525250E-17
3979.  -1.555856E-17
3980.  -1.586258E-17
3981.  -1.616405E-17
3982.  -1.646249E-17
3983.  -1.675790E-17
3984.  -1.704950E-17
3985.  -1.733709E-17
3986.  -1.762025E-17
3987.  -1.789857E-17
3988.  -1.817166E-17
3989.  -1.843893E-17
3990.  -1.870022E-17
3991.  -1.895495E-17
3992.  -1.920266E-17
3993.  -1.944302E-17
3994.  -1.967558E-17
3995.  -1.989983E-17
3996.  -2.011530E-17
3997.  -2.032170E-17
3998.  -2.051848E-17
3999.  -2.070521E-17
4000.  -2.088142E-17
4001.  -2.104663E-17
4002.  -2.120057E-17
4003.  -2.134277E-17
4004.  -2.147264E-17
4005.  -2.158981E-17
4006.  -2.169389E-17
4007.  -2.178444E-17
4008.  -2.186102E-17
4009.  -2.192329E-17
4010.  -2.197085E-17
4011.  -2.200309E-17
4012.  -2.201994E-17
4013.  -2.202076E-17
4014.  -2.200534E-17
4015.  -2.197322E-17
4016.  -2.192413E-17
4017.  -2.185756E-17
4018.  -2.177351E-17
4019.  -2.167127E-17
4020.  -2.155083E-17
4021.  -2.141174E-17
4022.  -2.125386E-17
4023.  -2.107673E-17
4024.  -2.088032E-17
4025.  -2.066434E-17
4026.  -2.042848E-17
4027.  -2.017256E-17
4028.  -1.989650E-17
4029.  -1.960003E-17
4030.  -1.928306E-17
4031.  -1.894549E-17
4032.  -1.858714E-17
4033.  -1.820804E-17
4034.  -1.780790E-17
4035.  -1.738688E-17
4036.  -1.694478E-17
4037.  -1.648181E-17
4038.  -1.599779E-17
4039.  -1.549284E-17
4040.  -1.496688E-17
4041.  -1.442014E-17
4042.  -1.385269E-17
4043.  -1.326449E-17
4044.  -1.265588E-17
4045.  -1.202689E-17
4046.  -1.137767E-17
4047.  -1.070861E-17
4048.  -1.001958E-17
4049.  -9.311220E-18
4050.  -8.583480E-18
4051.  -7.836757E-18
4052.  -7.071431E-18
4053.  -6.287579E-18
4054.  -5.485837E-18
4055.  -4.666282E-18
4056.  -3.829460E-18
4057.  -2.975769E-18
4058.  -2.105621E-18
4059.  -1.219259E-18
4060.  -3.174274E-19
4061.  5.997234E-19
4062.  1.531468E-18
4063.  2.477345E-18
4064.  3.436911E-18
4065.  4.409836E-18
4066.  5.395135E-18
4067.  6.392549E-18
4068.  7.401473E-18
4069.  8.421254E-18
4070.  9.451462E-18
4071.  1.049127E-17
4072.  1.154025E-17
4073.  1.259769E-17
4074.  1.366299E-17
4075.  1.473548E-17
4076.  1.581462E-17
4077.  1.689957E-17
4078.  1.798994E-17
4079.  1.908486E-17
4080.  2.018364E-17
4081.  2.128584E-17
4082.  2.239057E-17
4083.  2.349713E-17
4084.  2.460510E-17
4085.  2.571368E-17
4086.  2.682211E-17
4087.  2.792995E-17
4088.  2.903624E-17
4089.  3.014046E-17
4090.  3.124206E-17
4091.  3.234016E-17
4092.  3.343422E-17
4093.  3.452367E-17
4094.  3.560784E-17
4095.  3.668606E-17
4096.  3.775772E-17
4097.  3.882230E-17
4098.  3.987910E-17
4099.  4.092769E-17
4100.  4.196732E-17
4101.  4.299750E-17
4102.  4.401774E-17
4103.  4.502749E-17
4104.  4.602621E-17
4105.  4.701338E-17
4106.  4.798851E-17
4107.  4.895124E-17
4108.  4.990109E-17
4109.  5.083742E-17
4110.  5.176013E-17
4111.  5.266867E-17
4112.  5.356259E-17
4113.  5.444167E-17
4114.  5.530568E-17
4115.  5.615389E-17
4116.  5.698639E-17
4117.  5.780265E-17
4118.  5.860264E-17
4119.  5.938588E-17
4120.  6.015242E-17
4121.  6.090191E-17
4122.  6.163409E-17
4123.  6.234898E-17
4124.  6.304636E-17
4125.  6.372621E-17
4126.  6.438828E-17
4127.  6.503266E-17
4128.  6.565911E-17
4129.  6.626789E-17
4130.  6.685871E-17
4131.  6.743166E-17
4132.  6.798683E-17
4133.  6.852417E-17
4134.  6.904383E-17
4135.  6.954590E-17
4136.  7.003045E-17
4137.  7.049759E-17
4138.  7.094753E-17
4139.  7.138033E-17
4140.  7.179602E-17
4141.  7.219512E-17
4142.  7.257769E-17
4143.  7.294376E-17
4144.  7.329382E-17
4145.  7.362796E-17
4146.  7.394632E-17
4147.  7.424946E-17
4148.  7.453738E-17
4149.  7.481053E-17
4150.  7.506914E-17
4151.  7.531344E-17
4152.  7.554376E-17
4153.  7.576043E-17
4154.  7.596385E-17
4155.  7.615420E-17
4156.  7.633180E-17
4157.  7.649715E-17
4158.  7.665043E-17
4159.  7.679207E-17
4160.  7.692226E-17
4161.  7.704146E-17
4162.  7.715005E-17
4163.  7.724822E-17
4164.  7.733646E-17
4165.  7.741501E-17
4166.  7.748418E-17
4167.  7.754432E-17
4168.  7.759584E-17
4169.  7.763908E-17
4170.  7.767424E-17
4171.  7.770176E-17
4172.  7.772178E-17
4173.  7.773475E-17
4174.  7.774100E-17
4175.  7.774067E-17
4176.  7.773428E-17
4177.  7.772201E-17
4178.  7.770416E-17
4179.  7.768080E-17
4180.  7.765258E-17
4181.  7.761954E-17
4182.  7.758201E-17
4183.  7.754023E-17
4184.  7.749460E-17
4185.  7.744523E-17
4186.  7.739229E-17
4187.  7.733625E-17
4188.  7.727712E-17
4189.  7.721534E-17
4190.  7.715107E-17
4191.  7.708449E-17
4192.  7.701594E-17
4193.  7.694580E-17
4194.  7.687405E-17
4195.  7.680098E-17
4196.  7.672696E-17
4197.  7.665213E-17
4198.  7.657672E-17
4199.  7.650117E-17
4200.  7.642560E-17
4201.  7.635029E-17
4202.  7.627552E-17
4203.  7.620159E-17
4204.  7.612873E-17
4205.  7.605744E-17
4206.  7.598774E-17
4207.  7.592019E-17
4208.  7.585494E-17
4209.  7.579253E-17
4210.  7.573320E-17
4211.  7.567727E-17
4212.  7.562529E-17
4213.  7.557746E-17
4214.  7.553444E-17
4215.  7.549638E-17
4216.  7.546404E-17
4217.  7.543759E-17
4218.  7.541774E-17
4219.  7.540486E-17
4220.  7.539959E-17
4221.  7.540230E-17
4222.  7.541379E-17
4223.  7.543448E-17
4224.  7.546492E-17
4225.  7.550585E-17
4226.  7.555789E-17
4227.  7.562171E-17
4228.  7.569779E-17
4229.  7.578710E-17
4230.  7.589022E-17
4231.  7.600781E-17
4232.  7.614070E-17
4233.  7.628976E-17
4234.  7.645559E-17
4235.  7.663898E-17
4236.  7.684090E-17
4237.  7.706196E-17
4238.  7.730319E-17
4239.  7.756522E-17
4240.  7.784906E-17
4241.  7.815564E-17
4242.  7.848565E-17
4243.  7.883993E-17
4244.  7.921958E-17
4245.  7.962525E-17
4246.  8.005798E-17
4247.  8.051854E-17
4248.  8.100784E-17
4249.  8.152680E-17
4250.  8.207620E-17
4251.  8.265696E-17
4252.  8.326990E-17
4253.  8.391594E-17
4254.  8.459571E-17
4255.  8.531022E-17
4256.  8.606008E-17
4257.  8.684620E-17
4258.  8.766923E-17
4259.  8.852983E-17
4260.  8.942884E-17
4261.  9.036683E-17
4262.  9.134454E-17
4263.  9.236248E-17
4264.  9.342113E-17
4265.  9.452121E-17
4266.  9.566303E-17
4267.  9.684721E-17
4268.  9.807395E-17
4269.  9.934384E-17
4270.  1.006570E-16
4271.  1.020138E-16
4272.  1.034144E-16
4273.  1.048591E-16
4274.  1.063478E-16
4275.  1.078807E-16
4276.  1.094577E-16
4277.  1.110788E-16
4278.  1.127440E-16
4279.  1.144531E-16
4280.  1.162056E-16
4281.  1.180015E-16
4282.  1.198403E-16
4283.  1.217217E-16
4284.  1.236451E-16
4285.  1.256100E-16
4286.  1.276159E-16
4287.  1.296620E-16
4288.  1.317476E-16
4289.  1.338719E-16
4290.  1.360341E-16
4291.  1.382333E-16
4292.  1.404685E-16
4293.  1.427386E-16
4294.  1.450425E-16
4295.  1.473793E-16
4296.  1.497474E-16
4297.  1.521458E-16
4298.  1.545731E-16
4299.  1.570280E-16
4300.  1.595089E-16
4301.  1.620145E-16
4302.  1.645432E-16
4303.  1.670934E-16
4304.  1.696636E-16
4305.  1.722521E-16
4306.  1.748572E-16
4307.  1.774772E-16
4308.  1.801102E-16
4309.  1.827547E-16
4310.  1.854087E-16
4311.  1.880703E-16
4312.  1.907379E-16
4313.  1.934094E-16
4314.  1.960828E-16
4315.  1.987565E-16
4316.  2.014283E-16
4317.  2.040965E-16
4318.  2.067592E-16
4319.  2.094141E-16
4320.  2.120597E-16
4321.  2.146939E-16
4322.  2.173147E-16
4323.  2.199204E-16
4324.  2.225089E-16
4325.  2.250786E-16
4326.  2.276275E-16
4327.  2.301537E-16
4328.  2.326555E-16
4329.  2.351314E-16
4330.  2.375793E-16
4331.  2.399977E-16
4332.  2.423849E-16
4333.  2.447393E-16
4334.  2.470594E-16
4335.  2.493436E-16
4336.  2.515905E-16
4337.  2.537987E-16
4338.  2.559668E-16
4339.  2.580935E-16
4340.  2.601777E-16
4341.  2.622179E-16
4342.  2.642133E-16
4343.  2.661626E-16
4344.  2.680651E-16
4345.  2.699195E-16
4346.  2.717252E-16
4347.  2.734812E-16
4348.  2.751869E-16
4349.  2.768415E-16
4350.  2.784447E-16
4351.  2.799957E-16
4352.  2.814941E-16
4353.  2.829394E-16
4354.  2.843314E-16
4355.  2.856699E-16
4356.  2.869544E-16
4357.  2.881852E-16
4358.  2.893618E-16
4359.  2.904846E-16
4360.  2.915533E-16
4361.  2.925683E-16
4362.  2.935296E-16
4363.  2.944374E-16
4364.  2.952922E-16
4365.  2.960942E-16
4366.  2.968438E-16
4367.  2.975414E-16
4368.  2.981877E-16
4369.  2.987831E-16
4370.  2.993282E-16
4371.  2.998236E-16
4372.  3.002700E-16
4373.  3.006681E-16
4374.  3.010186E-16
4375.  3.013224E-16
4376.  3.015802E-16
4377.  3.017927E-16
4378.  3.019608E-16
4379.  3.020855E-16
4380.  3.021677E-16
4381.  3.022082E-16
4382.  3.022080E-16
4383.  3.021677E-16
4384.  3.020886E-16
4385.  3.019714E-16
4386.  3.018171E-16
4387.  3.016267E-16
4388.  3.014010E-16
4389.  3.011410E-16
4390.  3.008476E-16
4391.  3.005215E-16
4392.  3.001640E-16
4393.  2.997755E-16
4394.  2.993571E-16
4395.  2.989097E-16
4396.  2.984340E-16
4397.  2.979306E-16
4398.  2.974005E-16
4399.  2.968443E-16
4400.  2.962629E-16
4401.  2.956567E-16
4402.  2.950265E-16
4403.  2.943729E-16
4404.  2.936964E-16
4405.  2.929975E-16
4406.  2.922769E-16
4407.  2.915350E-16
4408.  2.907720E-16
4409.  2.899886E-16
4410.  2.891850E-16
4411.  2.883615E-16
4412.  2.875186E-16
4413.  2.866562E-16
4414.  2.857749E-16
4415.  2.848746E-16
4416.  2.839555E-16
4417.  2.830178E-16
4418.  2.820617E-16
4419.  2.810868E-16
4420.  2.800935E-16
4421.  2.790817E-16
4422.  2.780513E-16
4423.  2.770022E-16
4424.  2.759343E-16
4425.  2.748477E-16
4426.  2.737420E-16
4427.  2.726171E-16
4428.  2.714727E-16
4429.  2.703088E-16
4430.  2.691251E-16
4431.  2.679212E-16
4432.  2.666971E-16
4433.  2.654524E-16
4434.  2.641868E-16
4435.  2.629001E-16
4436.  2.615919E-16
4437.  2.602619E-16
4438.  2.589101E-16
4439.  2.575357E-16
4440.  2.561390E-16
4441.  2.547192E-16
4442.  2.532763E-16
4443.  2.518100E-16
4444.  2.503202E-16
4445.  2.488062E-16
4446.  2.472681E-16
4447.  2.457056E-16
4448.  2.441187E-16
4449.  2.425070E-16
4450.  2.408703E-16
4451.  2.392087E-16
4452.  2.375218E-16
4453.  2.358098E-16
4454.  2.340725E-16
4455.  2.323099E-16
4456.  2.305219E-16
4457.  2.287086E-16
4458.  2.268702E-16
4459.  2.250065E-16
4460.  2.231179E-16
4461.  2.212045E-16
4462.  2.192664E-16
4463.  2.173038E-16
4464.  2.153172E-16
4465.  2.133066E-16
4466.  2.112726E-16
4467.  2.092153E-16
4468.  2.071353E-16
4469.  2.050330E-16
4470.  2.029087E-16
4471.  2.007634E-16
4472.  1.985971E-16
4473.  1.964106E-16
4474.  1.942044E-16
4475.  1.919793E-16
4476.  1.897361E-16
4477.  1.874750E-16
4478.  1.851973E-16
4479.  1.829035E-16
4480.  1.805944E-16
4481.  1.782708E-16
4482.  1.759337E-16
4483.  1.735838E-16
4484.  1.712220E-16
4485.  1.688493E-16
4486.  1.664668E-16
4487.  1.640750E-16
4488.  1.616754E-16
4489.  1.592686E-16
4490.  1.568558E-16
4491.  1.544379E-16
4492.  1.520159E-16
4493.  1.495910E-16
4494.  1.471644E-16
4495.  1.447366E-16
4496.  1.423092E-16
4497.  1.398831E-16
4498.  1.374591E-16
4499.  1.350386E-16
4500.  1.326224E-16
