1.  -9.241709E-23
2.  -1.064534E-22
3.  -1.405847E-22
4.  -6.468389E-23
5.  6.614258E-23
6.  -1.262125E-22
7.  -3.101376E-23
8.  -2.000245E-22
9.  -5.904022E-23
10.  -1.287376E-22
11.  -9.353928E-24
12.  -5.101146E-23
13.  -3.959905E-23
14.  5.772168E-23
15.  -2.246653E-23
16.  9.244175E-24
17.  -6.048516E-23
18.  -9.327684E-23
19.  4.894857E-24
20.  -1.404034E-22
21.  1.360682E-22
22.  2.284133E-23
23.  -6.921218E-23
24.  -1.395203E-23
25.  -1.304525E-23
26.  -1.084273E-22
27.  6.611078E-23
28.  -1.004542E-23
29.  7.874148E-23
30.  5.056884E-23
31.  -8.144459E-23
32.  -9.489638E-23
33.  -1.035998E-22
34.  7.880802E-23
35.  -3.114705E-23
36.  -7.782219E-23
37.  -2.695735E-23
38.  -5.326541E-23
39.  -4.889471E-23
40.  -1.108998E-22
41.  -1.434996E-23
42.  -1.024905E-22
43.  -3.152061E-23
44.  -4.796141E-23
45.  -4.643251E-23
46.  -3.052723E-23
47.  -3.721297E-23
48.  -1.539344E-22
49.  -1.334869E-22
50.  7.208327E-24
51.  -6.205473E-23
52.  -1.843060E-22
53.  -1.514290E-23
54.  -9.682618E-23
55.  -1.330503E-22
56.  -2.334591E-22
57.  -1.235501E-22
58.  -1.301014E-22
59.  -2.805170E-23
60.  -8.014263E-23
61.  -1.212524E-22
62.  -4.734271E-23
63.  -1.540204E-22
64.  -1.289958E-23
65.  -1.861569E-22
66.  -1.781027E-22
67.  -2.124809E-22
68.  -1.709150E-22
69.  -1.406918E-23
70.  -1.874015E-22
71.  -5.448869E-23
72.  -1.390860E-22
73.  -3.662960E-23
74.  -7.264754E-23
75.  -5.282735E-23
76.  -1.819553E-22
77.  -4.300875E-23
78.  -5.584216E-23
79.  -9.207037E-23
80.  -1.005751E-22
81.  -3.483953E-23
82.  -1.478536E-22
83.  -3.310224E-23
84.  -1.512403E-22
85.  6.860467E-23
86.  -9.330989E-23
87.  -1.733003E-22
88.  -8.236614E-23
89.  -1.233847E-22
90.  -8.871546E-23
91.  -6.370693E-23
92.  -4.479798E-23
93.  1.035326E-22
94.  -2.074559E-23
95.  -9.041366E-23
96.  -1.517153E-22
97.  -1.103837E-22
98.  -1.457764E-22
99.  -8.227475E-23
100.  -1.550622E-22
101.  -3.486483E-23
102.  -1.447209E-22
103.  -1.293454E-22
104.  -1.434936E-22
105.  -2.643063E-23
106.  -2.043470E-22
107.  -2.324588E-23
108.  -1.019494E-22
109.  4.152704E-23
110.  -4.197466E-23
111.  2.231703E-23
112.  -9.065996E-23
113.  1.259175E-23
114.  -6.905790E-23
115.  5.056395E-23
116.  -9.992334E-23
117.  -1.528333E-24
118.  -1.033289E-22
119.  -1.182513E-22
120.  -4.705153E-23
121.  -3.135433E-23
122.  -1.121080E-22
123.  -2.044989E-23
124.  2.743851E-23
125.  -5.556137E-25
126.  -9.287196E-24
127.  -9.863336E-24
128.  -3.345825E-23
129.  -4.204515E-23
130.  -1.273493E-22
131.  -9.266338E-23
132.  -7.947368E-23
133.  -8.763997E-23
134.  -1.307966E-22
135.  -4.698991E-23
136.  -1.634064E-22
137.  -5.746728E-23
138.  -1.281194E-22
139.  -3.170967E-23
140.  -1.465403E-22
141.  -1.338969E-23
142.  2.346703E-25
143.  -7.511006E-23
144.  9.332761E-24
145.  -5.257675E-23
146.  -5.892005E-23
147.  -5.705289E-23
148.  -4.982182E-23
149.  -4.243271E-23
150.  -3.931709E-23
151.  -8.243420E-23
152.  -1.077493E-22
153.  -1.616855E-22
154.  -1.180522E-22
155.  -9.834759E-23
156.  -4.482380E-23
157.  7.498916E-23
158.  -6.900881E-23
159.  -7.931628E-23
160.  -2.074844E-22
161.  -1.252519E-22
162.  -9.461755E-23
163.  -8.656224E-23
164.  -8.676566E-23
165.  -5.209858E-23
166.  -2.038407E-22
167.  -7.074278E-23
168.  -2.197565E-22
169.  -1.291330E-23
170.  -1.330245E-22
171.  -3.724260E-23
172.  -4.987538E-23
173.  -7.364947E-24
174.  -4.114341E-23
175.  -6.832651E-23
176.  -1.564211E-22
177.  -1.152006E-22
178.  -1.470430E-22
179.  -1.054314E-22
180.  -1.855090E-22
181.  -9.883400E-23
182.  -1.934392E-22
183.  -1.501076E-22
184.  -1.274275E-22
185.  -8.229076E-23
186.  -1.654835E-22
187.  -1.322000E-23
188.  -7.033277E-23
189.  -2.820371E-23
190.  -1.358473E-22
191.  -1.300581E-22
192.  -1.229603E-22
193.  -5.420801E-23
194.  -4.931431E-23
195.  -1.073210E-22
196.  -9.785461E-23
197.  -5.246841E-23
198.  -1.558976E-22
199.  -1.686451E-23
200.  -1.417131E-22
201.  -7.393447E-23
202.  -1.769166E-22
203.  3.325459E-25
204.  -9.371406E-23
205.  -2.996504E-23
206.  -8.940919E-23
207.  -1.106842E-22
208.  -1.261758E-22
209.  -1.343194E-22
210.  -2.761049E-22
211.  -1.398542E-22
212.  -2.047980E-22
213.  -5.538219E-23
214.  -1.277438E-22
215.  -7.958296E-23
216.  -1.153129E-22
217.  -1.217989E-22
218.  -1.651817E-22
219.  -9.864765E-23
220.  -7.941591E-23
221.  1.223181E-23
222.  -5.946741E-23
223.  5.683945E-24
224.  -1.623098E-22
225.  -5.508708E-23
226.  -1.221781E-22
227.  -1.431762E-22
228.  -1.574841E-22
229.  -7.380537E-23
230.  -2.898859E-22
231.  -1.311631E-22
232.  -2.930323E-22
233.  -1.348994E-22
234.  -1.968480E-22
235.  -1.225238E-22
236.  -1.303478E-22
237.  -3.080059E-23
238.  -3.785338E-23
239.  -1.475024E-22
240.  -1.141936E-22
241.  -1.136095E-22
242.  -2.066805E-22
243.  -1.387387E-22
244.  -1.888169E-22
245.  -9.287302E-23
246.  -2.171471E-22
247.  -1.148901E-22
248.  -1.856788E-22
249.  -1.613691E-22
250.  -1.405356E-22
251.  -3.324684E-23
252.  -2.178971E-22
253.  -6.401855E-23
254.  -4.033706E-23
255.  -1.598121E-22
256.  -6.118494E-23
257.  -1.702831E-23
258.  -2.460277E-22
259.  -1.904905E-22
260.  -1.990755E-22
261.  -1.337666E-22
262.  -2.829513E-22
263.  -1.575515E-22
264.  -1.608648E-22
265.  -8.586506E-23
266.  -1.727603E-22
267.  -3.184656E-23
268.  -1.524237E-22
269.  -1.526312E-22
270.  -7.209594E-23
271.  -1.162396E-22
272.  -9.686924E-23
273.  -1.211692E-22
274.  -2.420941E-22
275.  -1.891056E-22
276.  -2.322505E-22
277.  -1.853573E-22
278.  -1.186212E-22
279.  -1.092920E-22
280.  -2.609613E-22
281.  -1.908401E-22
282.  -1.462343E-22
283.  -7.873847E-23
284.  -1.020532E-22
285.  -5.712426E-23
286.  1.198136E-23
287.  1.447641E-22
288.  6.775257E-22
289.  2.637006E-21
290.  8.738334E-21
291.  2.600073E-20
292.  7.201193E-20
293.  1.859529E-19
294.  4.485843E-19
295.  1.012348E-18
296.  2.137373E-18
297.  4.225592E-18
298.  7.825923E-18
299.  1.358822E-17
300.  2.213634E-17
301.  3.386718E-17
302.  4.871504E-17
303.  6.597057E-17
304.  8.425140E-17
305.  1.016916E-16
306.  1.163346E-16
307.  1.266266E-16
308.  1.318397E-16
309.  1.322825E-16
310.  1.292223E-16
311.  1.245664E-16
312.  1.204225E-16
313.  1.187014E-16
314.  1.208678E-16
315.  1.278913E-16
316.  1.403537E-16
317.  1.586327E-16
318.  1.830533E-16
319.  2.139366E-16
320.  2.515244E-16
321.  2.958100E-16
322.  3.463511E-16
323.  4.021427E-16
324.  4.616002E-16
325.  5.226635E-16
326.  5.829870E-16
327.  6.401664E-16
328.  6.919576E-16
329.  7.364696E-16
330.  7.723299E-16
331.  7.988359E-16
332.  8.160838E-16
333.  8.250639E-16
334.  8.276786E-16
335.  8.266567E-16
336.  8.253413E-16
337.  8.273663E-16
338.  8.362588E-16
339.  8.550231E-16
340.  8.857683E-16
341.  9.294340E-16
342.  9.856450E-16
343.  1.052722E-15
344.  1.127832E-15
345.  1.207274E-15
346.  1.286854E-15
347.  1.362331E-15
348.  1.429878E-15
349.  1.486518E-15
350.  1.530469E-15
351.  1.561352E-15
352.  1.580205E-15
353.  1.589300E-15
354.  1.591772E-15
355.  1.591140E-15
356.  1.590810E-15
357.  1.593638E-15
358.  1.601663E-15
359.  1.616018E-15
360.  1.637022E-15
361.  1.664395E-15
362.  1.697504E-15
363.  1.735565E-15
364.  1.777732E-15
365.  1.823061E-15
366.  1.870401E-15
367.  1.918258E-15
368.  1.964752E-15
369.  2.007693E-15
370.  2.044815E-15
371.  2.074104E-15
372.  2.094157E-15
373.  2.104465E-15
374.  2.105542E-15
375.  2.098868E-15
376.  2.086635E-15
377.  2.071356E-15
378.  2.055423E-15
379.  2.040708E-15
380.  2.028292E-15
381.  2.018388E-15
382.  2.010453E-15
383.  2.003469E-15
384.  1.996321E-15
385.  1.988177E-15
386.  1.978803E-15
387.  1.968727E-15
388.  1.959230E-15
389.  1.952177E-15
390.  1.949713E-15
391.  1.953898E-15
392.  1.966335E-15
393.  1.987849E-15
394.  2.018284E-15
395.  2.056426E-15
396.  2.100081E-15
397.  2.146279E-15
398.  2.191575E-15
399.  2.232409E-15
400.  2.265476E-15
401.  2.288064E-15
402.  2.298317E-15
403.  2.295417E-15
404.  2.279640E-15
405.  2.252323E-15
406.  2.215720E-15
407.  2.172773E-15
408.  2.126837E-15
409.  2.081361E-15
410.  2.039590E-15
411.  2.004307E-15
412.  1.977658E-15
413.  1.961069E-15
414.  1.955241E-15
415.  1.960211E-15
416.  1.975446E-15
417.  1.999935E-15
418.  2.032276E-15
419.  2.070745E-15
420.  2.113373E-15
421.  2.158031E-15
422.  2.202545E-15
423.  2.244827E-15
424.  2.283010E-15
425.  2.315574E-15
426.  2.341441E-15
427.  2.360010E-15
428.  2.371128E-15
429.  2.374982E-15
430.  2.371926E-15
431.  2.362277E-15
432.  2.346112E-15
433.  2.323132E-15
434.  2.292646E-15
435.  2.253698E-15
436.  2.205334E-15
437.  2.146939E-15
438.  2.078577E-15
439.  2.001227E-15
440.  1.916860E-15
441.  1.828337E-15
442.  1.739152E-15
443.  1.653076E-15
444.  1.573783E-15
445.  1.504513E-15
446.  1.447827E-15
447.  1.405446E-15
448.  1.378189E-15
449.  1.365932E-15
450.  1.367627E-15
451.  1.381342E-15
452.  1.404386E-15
453.  1.433520E-15
454.  1.465272E-15
455.  1.496296E-15
456.  1.523701E-15
457.  1.545277E-15
458.  1.559569E-15
459.  1.565824E-15
460.  1.563849E-15
461.  1.553883E-15
462.  1.536508E-15
463.  1.512616E-15
464.  1.483393E-15
465.  1.450264E-15
466.  1.414764E-15
467.  1.378338E-15
468.  1.342114E-15
469.  1.306710E-15
470.  1.272156E-15
471.  1.237960E-15
472.  1.203321E-15
473.  1.167438E-15
474.  1.129813E-15
475.  1.090488E-15
476.  1.050120E-15
477.  1.009899E-15
478.  9.713386E-16
479.  9.359927E-16
480.  9.051911E-16
481.  8.798372E-16
482.  8.603046E-16
483.  8.464302E-16
484.  8.375878E-16
485.  8.328142E-16
486.  8.309595E-16
487.  8.308466E-16
488.  8.314149E-16
489.  8.318430E-16
490.  8.316375E-16
491.  8.306899E-16
492.  8.293003E-16
493.  8.281724E-16
494.  8.283796E-16
495.  8.313056E-16
496.  8.385464E-16
497.  8.517751E-16
498.  8.725551E-16
499.  9.021053E-16
500.  9.410261E-16
501.  9.890296E-16
502.  1.044730E-15
503.  1.105574E-15
504.  1.167963E-15
505.  1.227612E-15
506.  1.280084E-15
507.  1.321448E-15
508.  1.348894E-15
509.  1.361222E-15
510.  1.359065E-15
511.  1.344839E-15
512.  1.322415E-15
513.  1.296594E-15
514.  1.272457E-15
515.  1.254704E-15
516.  1.247068E-15
517.  1.251879E-15
518.  1.269838E-15
519.  1.300019E-15
520.  1.340094E-15
521.  1.386733E-15
522.  1.436109E-15
523.  1.484434E-15
524.  1.528423E-15
525.  1.565636E-15
526.  1.594646E-15
527.  1.615027E-15
528.  1.627201E-15
529.  1.632165E-15
530.  1.631194E-15
531.  1.625557E-15
532.  1.616305E-15
533.  1.604170E-15
534.  1.589552E-15
535.  1.572617E-15
536.  1.553431E-15
537.  1.532141E-15
538.  1.509146E-15
539.  1.485247E-15
540.  1.461728E-15
541.  1.440370E-15
542.  1.423354E-15
543.  1.413073E-15
544.  1.411860E-15
545.  1.421662E-15
546.  1.443730E-15
547.  1.478381E-15
548.  1.524888E-15
549.  1.581530E-15
550.  1.645804E-15
551.  1.714748E-15
552.  1.785324E-15
553.  1.854768E-15
554.  1.920857E-15
555.  1.982049E-15
556.  2.037483E-15
557.  2.086882E-15
558.  2.130381E-15
559.  2.168349E-15
560.  2.201249E-15
561.  2.229552E-15
562.  2.253733E-15
563.  2.274333E-15
564.  2.292058E-15
565.  2.307901E-15
566.  2.323207E-15
567.  2.339687E-15
568.  2.359304E-15
569.  2.384046E-15
570.  2.415605E-15
571.  2.454999E-15
572.  2.502237E-15
573.  2.556099E-15
574.  2.614083E-15
575.  2.672555E-15
576.  2.727062E-15
577.  2.772747E-15
578.  2.804823E-15
579.  2.819053E-15
580.  2.812188E-15
581.  2.782340E-15
582.  2.729248E-15
583.  2.654388E-15
584.  2.560876E-15
585.  2.453157E-15
586.  2.336504E-15
587.  2.216423E-15
588.  2.098060E-15
589.  1.985752E-15
590.  1.882752E-15
591.  1.791165E-15
592.  1.712026E-15
593.  1.645484E-15
594.  1.591006E-15
595.  1.547589E-15
596.  1.513961E-15
597.  1.488768E-15
598.  1.470754E-15
599.  1.458921E-15
600.  1.452626E-15
601.  1.451602E-15
602.  1.455855E-15
603.  1.465463E-15
604.  1.480302E-15
605.  1.499790E-15
606.  1.522710E-15
607.  1.547192E-15
608.  1.570856E-15
609.  1.591088E-15
610.  1.605376E-15
611.  1.611603E-15
612.  1.608225E-15
613.  1.594290E-15
614.  1.569314E-15
615.  1.533106E-15
616.  1.485592E-15
617.  1.426759E-15
618.  1.356728E-15
619.  1.275949E-15
620.  1.185452E-15
621.  1.087061E-15
622.  9.834947E-16
623.  8.783031E-16
624.  7.756409E-16
625.  6.799132E-16
626.  5.953561E-16
627.  5.256199E-16
628.  4.734119E-16
629.  4.402428E-16
630.  4.263003E-16
631.  4.304540E-16
632.  4.503836E-16
633.  4.828125E-16
634.  5.238179E-16
635.  5.691900E-16
636.  6.147981E-16
637.  6.569298E-16
638.  6.925692E-16
639.  7.195875E-16
640.  7.368374E-16
641.  7.441508E-16
642.  7.422516E-16
643.  7.326014E-16
644.  7.172014E-16
645.  6.983701E-16
646.  6.785217E-16
647.  6.599581E-16
648.  6.446910E-16
649.  6.342974E-16
650.  6.298125E-16
651.  6.316586E-16
652.  6.396126E-16
653.  6.528170E-16
654.  6.698454E-16
655.  6.888302E-16
656.  7.076488E-16
657.  7.241482E-16
658.  7.363734E-16
659.  7.427539E-16
660.  7.422217E-16
661.  7.342418E-16
662.  7.187756E-16
663.  6.962066E-16
664.  6.672685E-16
665.  6.330063E-16
666.  5.947787E-16
667.  5.542884E-16
668.  5.136120E-16
669.  4.751926E-16
670.  4.417677E-16
671.  4.162141E-16
672.  4.013113E-16
673.  3.994467E-16
674.  4.122982E-16
675.  4.405508E-16
676.  4.836991E-16
677.  5.399929E-16
678.  6.065542E-16
679.  6.796722E-16
680.  7.552398E-16
681.  8.292647E-16
682.  8.983573E-16
683.  9.601024E-16
684.  1.013240E-15
685.  1.057636E-15
686.  1.094059E-15
687.  1.123842E-15
688.  1.148504E-15
689.  1.169414E-15
690.  1.187546E-15
691.  1.203342E-15
692.  1.216686E-15
693.  1.226961E-15
694.  1.233192E-15
695.  1.234243E-15
696.  1.229060E-15
697.  1.216935E-15
698.  1.197734E-15
699.  1.172057E-15
700.  1.141263E-15
701.  1.107343E-15
702.  1.072652E-15
703.  1.039546E-15
704.  1.010008E-15
705.  9.853458E-16
706.  9.660430E-16
707.  9.517819E-16
708.  9.416201E-16
709.  9.342612E-16
710.  9.283462E-16
711.  9.227005E-16
712.  9.164999E-16
713.  9.093506E-16
714.  9.012969E-16
715.  8.927863E-16
716.  8.846106E-16
717.  8.778388E-16
718.  8.737342E-16
719.  8.736491E-16
720.  8.788873E-16
721.  8.905372E-16
722.  9.092940E-16
723.  9.353082E-16
724.  9.681006E-16
725.  1.006587E-15
726.  1.049214E-15
727.  1.094197E-15
728.  1.139789E-15
729.  1.184513E-15
730.  1.227282E-15
731.  1.267378E-15
732.  1.304309E-15
733.  1.337602E-15
734.  1.366616E-15
735.  1.390432E-15
736.  1.407875E-15
737.  1.417645E-15
738.  1.418517E-15
739.  1.409550E-15
740.  1.390242E-15
741.  1.360604E-15
742.  1.321145E-15
743.  1.272808E-15
744.  1.216866E-15
745.  1.154837E-15
746.  1.088407E-15
747.  1.019374E-15
748.  9.495822E-16
749.  8.808430E-16
750.  8.148299E-16
751.  7.529498E-16
752.  6.962136E-16
753.  6.451273E-16
754.  5.996327E-16
755.  5.591235E-16
756.  5.225563E-16
757.  4.886603E-16
758.  4.562215E-16
759.  4.243840E-16
760.  3.928921E-16
761.  3.621853E-16
762.  3.333017E-16
763.  3.075925E-16
764.  2.863203E-16
765.  2.702598E-16
766.  2.594223E-16
767.  2.529940E-16
768.  2.495103E-16
769.  2.472089E-16
770.  2.444549E-16
771.  2.401082E-16
772.  2.337302E-16
773.  2.255835E-16
774.  2.164548E-16
775.  2.073805E-16
776.  1.993812E-16
777.  1.932932E-16
778.  1.897311E-16
779.  1.891662E-16
780.  1.920508E-16
781.  1.989085E-16
782.  2.103268E-16
783.  2.268283E-16
784.  2.486494E-16
785.  2.754966E-16
786.  3.063682E-16
787.  3.395175E-16
788.  3.725930E-16
789.  4.029432E-16
790.  4.280202E-16
791.  4.457929E-16
792.  4.550757E-16
793.  4.557071E-16
794.  4.485571E-16
795.  4.353811E-16
796.  4.185716E-16
797.  4.008598E-16
798.  3.850078E-16
799.  3.735141E-16
800.  3.683414E-16
801.  3.706840E-16
802.  3.808066E-16
803.  3.979937E-16
804.  4.206459E-16
805.  4.465248E-16
806.  4.731125E-16
807.  4.980126E-16
808.  5.193075E-16
809.  5.357965E-16
810.  5.470763E-16
811.  5.534732E-16
812.  5.558684E-16
813.  5.554864E-16
814.  5.536995E-16
815.  5.518843E-16
816.  5.513249E-16
817.  5.531396E-16
818.  5.581984E-16
819.  5.670181E-16
820.  5.796419E-16
821.  5.955403E-16
822.  6.135774E-16
823.  6.320827E-16
824.  6.490372E-16
825.  6.623583E-16
826.  6.702296E-16
827.  6.714118E-16
828.  6.654646E-16
829.  6.528337E-16
830.  6.347809E-16
831.  6.131696E-16
832.  5.901526E-16
833.  5.678238E-16
834.  5.479045E-16
835.  5.315204E-16
836.  5.190998E-16
837.  5.103994E-16
838.  5.046303E-16
839.  5.006524E-16
840.  4.971952E-16
841.  4.930728E-16
842.  4.873629E-16
843.  4.795350E-16
844.  4.695154E-16
845.  4.576805E-16
846.  4.447789E-16
847.  4.317934E-16
848.  4.197637E-16
849.  4.096014E-16
850.  4.019396E-16
851.  3.970532E-16
852.  3.948657E-16
853.  3.950501E-16
854.  3.971907E-16
855.  4.009674E-16
856.  4.063070E-16
857.  4.134596E-16
858.  4.229691E-16
859.  4.355342E-16
860.  4.517830E-16
861.  4.720102E-16
862.  4.959458E-16
863.  5.226364E-16
864.  5.504948E-16
865.  5.775425E-16
866.  6.017972E-16
867.  6.217081E-16
868.  6.365077E-16
869.  6.463744E-16
870.  6.523623E-16
871.  6.561438E-16
872.  6.596729E-16
873.  6.648862E-16
874.  6.735227E-16
875.  6.870633E-16
876.  7.067359E-16
877.  7.335099E-16
878.  7.680217E-16
879.  8.104318E-16
880.  8.602543E-16
881.  9.162273E-16
882.  9.762811E-16
883.  1.037639E-15
884.  1.097049E-15
885.  1.151108E-15
886.  1.196636E-15
887.  1.231028E-15
888.  1.252529E-15
889.  1.260399E-15
890.  1.254940E-15
891.  1.237399E-15
892.  1.209759E-15
893.  1.174474E-15
894.  1.134175E-15
895.  1.091398E-15
896.  1.048360E-15
897.  1.006808E-15
898.  9.679521E-16
899.  9.324976E-16
900.  9.007523E-16
901.  8.728069E-16
902.  8.487387E-16
903.  8.287920E-16
904.  8.134857E-16
905.  8.036090E-16
906.  8.001013E-16
907.  8.038361E-16
908.  8.153698E-16
909.  8.347297E-16
910.  8.613052E-16
911.  8.938878E-16
912.  9.308543E-16
913.  9.704471E-16
914.  1.011081E-15
915.  1.051594E-15
916.  1.091374E-15
917.  1.130353E-15
918.  1.168864E-15
919.  1.207420E-15
920.  1.246488E-15
921.  1.286299E-15
922.  1.326743E-15
923.  1.367358E-15
924.  1.407389E-15
925.  1.445905E-15
926.  1.481941E-15
927.  1.514625E-15
928.  1.543260E-15
929.  1.567349E-15
930.  1.586533E-15
931.  1.600487E-15
932.  1.608782E-15
933.  1.610797E-15
934.  1.605700E-15
935.  1.592548E-15
936.  1.570472E-15
937.  1.538931E-15
938.  1.497950E-15
939.  1.448283E-15
940.  1.391470E-15
941.  1.329763E-15
942.  1.265933E-15
943.  1.202993E-15
944.  1.143880E-15
945.  1.091136E-15
946.  1.046629E-15
947.  1.011354E-15
948.  9.853414E-16
949.  9.676989E-16
950.  9.567929E-16
951.  9.505439E-16
952.  9.468011E-16
953.  9.437235E-16
954.  9.400946E-16
955.  9.355072E-16
956.  9.303791E-16
957.  9.257993E-16
958.  9.232452E-16
959.  9.242328E-16
960.  9.299761E-16
961.  9.411245E-16
962.  9.576211E-16
963.  9.787061E-16
964.  1.003039E-15
965.  1.028913E-15
966.  1.054496E-15
967.  1.078054E-15
968.  1.098107E-15
969.  1.113495E-15
970.  1.123362E-15
971.  1.127073E-15
972.  1.124123E-15
973.  1.114058E-15
974.  1.096468E-15
975.  1.071051E-15
976.  1.037737E-15
977.  9.968559E-16
978.  9.492698E-16
979.  8.964418E-16
980.  8.403802E-16
981.  7.834611E-16
982.  7.281462E-16
983.  6.766631E-16
984.  6.307117E-16
985.  5.912683E-16
986.  5.585305E-16
987.  5.320088E-16
988.  5.107359E-16
989.  4.935374E-16
990.  4.792935E-16
991.  4.671325E-16
992.  4.565195E-16
993.  4.472369E-16
994.  4.392756E-16
995.  4.326894E-16
996.  4.274512E-16
997.  4.233550E-16
998.  4.199803E-16
999.  4.167253E-16
1000.  4.128889E-16
1001.  4.077866E-16
1002.  4.008722E-16
1003.  3.918478E-16
1004.  3.807422E-16
1005.  3.679455E-16
1006.  3.541888E-16
1007.  3.404686E-16
1008.  3.279278E-16
1009.  3.177119E-16
1010.  3.108397E-16
1011.  3.081110E-16
1012.  3.100748E-16
1013.  3.170483E-16
1014.  3.291630E-16
1015.  3.464041E-16
1016.  3.686161E-16
1017.  3.954708E-16
1018.  4.264190E-16
1019.  4.606671E-16
1020.  4.972134E-16
1021.  5.349695E-16
1022.  5.729508E-16
1023.  6.104953E-16
1024.  6.474485E-16
1025.  6.842574E-16
1026.  7.219399E-16
1027.  7.619354E-16
1028.  8.058717E-16
1029.  8.553019E-16
1030.  9.114571E-16
1031.  9.750552E-16
1032.  1.046174E-15
1033.  1.124202E-15
1034.  1.207849E-15
1035.  1.295233E-15
1036.  1.384011E-15
1037.  1.471558E-15
1038.  1.555158E-15
1039.  1.632162E-15
1040.  1.700101E-15
1041.  1.756717E-15
1042.  1.799942E-15
1043.  1.827876E-15
1044.  1.838813E-15
1045.  1.831375E-15
1046.  1.804732E-15
1047.  1.758879E-15
1048.  1.694862E-15
1049.  1.614893E-15
1050.  1.522276E-15
1051.  1.421150E-15
1052.  1.316094E-15
1053.  1.211674E-15
1054.  1.112013E-15
1055.  1.020442E-15
1056.  9.392810E-16
1057.  8.697461E-16
1058.  8.119689E-16
1059.  7.651151E-16
1060.  7.275729E-16
1061.  6.971914E-16
1062.  6.715569E-16
1063.  6.482885E-16
1064.  6.253288E-16
1065.  6.011944E-16
1066.  5.751389E-16
1067.  5.471864E-16
1068.  5.180226E-16
1069.  4.887666E-16
1070.  4.606820E-16
1071.  4.349109E-16
1072.  4.122960E-16
1073.  3.933255E-16
1074.  3.781794E-16
1075.  3.668335E-16
1076.  3.591530E-16
1077.  3.549353E-16
1078.  3.538918E-16
1079.  3.555934E-16
1080.  3.594157E-16
1081.  3.645273E-16
1082.  3.699355E-16
1083.  3.745834E-16
1084.  3.774759E-16
1085.  3.778009E-16
1086.  3.750227E-16
1087.  3.689304E-16
1088.  3.596433E-16
1089.  3.475754E-16
1090.  3.333686E-16
1091.  3.178031E-16
1092.  3.017023E-16
1093.  2.858480E-16
1094.  2.709327E-16
1095.  2.575580E-16
1096.  2.462776E-16
1097.  2.376620E-16
1098.  2.323524E-16
1099.  2.310721E-16
1100.  2.345851E-16
1101.  2.436128E-16
1102.  2.587351E-16
1103.  2.803217E-16
1104.  3.085149E-16
1105.  3.432736E-16
1106.  3.844566E-16
1107.  4.319131E-16
1108.  4.855395E-16
1109.  5.452853E-16
1110.  6.111012E-16
1111.  6.828551E-16
1112.  7.602375E-16
1113.  8.426842E-16
1114.  9.293251E-16
1115.  1.018955E-15
1116.  1.110023E-15
1117.  1.200638E-15
1118.  1.288588E-15
1119.  1.371407E-15
1120.  1.446489E-15
1121.  1.511283E-15
1122.  1.563549E-15
1123.  1.601670E-15
1124.  1.624968E-15
1125.  1.633961E-15
1126.  1.630493E-15
1127.  1.617652E-15
1128.  1.599462E-15
1129.  1.580358E-15
1130.  1.564519E-15
1131.  1.555195E-15
1132.  1.554160E-15
1133.  1.561392E-15
1134.  1.575072E-15
1135.  1.591869E-15
1136.  1.607477E-15
1137.  1.617295E-15
1138.  1.617128E-15
1139.  1.603799E-15
1140.  1.575592E-15
1141.  1.532468E-15
1142.  1.476029E-15
1143.  1.409270E-15
1144.  1.336139E-15
1145.  1.261018E-15
1146.  1.188175E-15
1147.  1.121293E-15
1148.  1.063115E-15
1149.  1.015247E-15
1150.  9.781224E-16
1151.  9.511003E-16
1152.  9.326875E-16
1153.  9.208326E-16
1154.  9.132591E-16
1155.  9.077970E-16
1156.  9.026636E-16
1157.  8.966553E-16
1158.  8.892168E-16
1159.  8.803862E-16
1160.  8.706341E-16
1161.  8.606514E-16
1162.  8.511450E-16
1163.  8.427081E-16
1164.  8.357920E-16
1165.  8.307843E-16
1166.  8.281450E-16
1167.  8.285427E-16
1168.  8.329186E-16
1169.  8.424391E-16
1170.  8.583338E-16
1171.  8.816565E-16
1172.  9.130231E-16
1173.  9.524077E-16
1174.  9.990343E-16
1175.  1.051402E-15
1176.  1.107427E-15
1177.  1.164676E-15
1178.  1.220630E-15
1179.  1.272935E-15
1180.  1.319593E-15
1181.  1.359089E-15
1182.  1.390451E-15
1183.  1.413267E-15
1184.  1.427689E-15
1185.  1.434436E-15
1186.  1.434807E-15
1187.  1.430672E-15
1188.  1.424415E-15
1189.  1.418783E-15
1190.  1.416630E-15
1191.  1.420564E-15
1192.  1.432539E-15
1193.  1.453497E-15
1194.  1.483121E-15
1195.  1.519814E-15
1196.  1.560919E-15
1197.  1.603164E-15
1198.  1.643243E-15
1199.  1.678406E-15
1200.  1.706915E-15
1201.  1.728270E-15
1202.  1.743170E-15
1203.  1.753222E-15
1204.  1.760509E-15
1205.  1.767111E-15
1206.  1.774703E-15
1207.  1.784308E-15
1208.  1.796228E-15
1209.  1.810146E-15
1210.  1.825340E-15
1211.  1.840929E-15
1212.  1.856095E-15
1213.  1.870206E-15
1214.  1.882833E-15
1215.  1.893658E-15
1216.  1.902322E-15
1217.  1.908291E-15
1218.  1.910772E-15
1219.  1.908755E-15
1220.  1.901168E-15
1221.  1.887131E-15
1222.  1.866247E-15
1223.  1.838856E-15
1224.  1.806165E-15
1225.  1.770200E-15
1226.  1.733561E-15
1227.  1.699023E-15
1228.  1.669065E-15
1229.  1.645457E-15
1230.  1.629005E-15
1231.  1.619533E-15
1232.  1.616095E-15
1233.  1.617354E-15
1234.  1.621981E-15
1235.  1.628964E-15
1236.  1.637702E-15
1237.  1.647885E-15
1238.  1.659208E-15
1239.  1.671046E-15
1240.  1.682224E-15
1241.  1.690990E-15
1242.  1.695228E-15
1243.  1.692863E-15
1244.  1.682340E-15
1245.  1.663049E-15
1246.  1.635552E-15
1247.  1.601548E-15
1248.  1.563580E-15
1249.  1.524560E-15
1250.  1.487231E-15
1251.  1.453711E-15
1252.  1.425224E-15
1253.  1.402050E-15
1254.  1.383688E-15
1255.  1.369131E-15
1256.  1.357155E-15
1257.  1.346528E-15
1258.  1.336112E-15
1259.  1.324884E-15
1260.  1.311950E-15
1261.  1.296599E-15
1262.  1.278424E-15
1263.  1.257450E-15
1264.  1.234184E-15
1265.  1.209530E-15
1266.  1.184548E-15
1267.  1.160149E-15
1268.  1.136847E-15
1269.  1.114683E-15
1270.  1.093349E-15
1271.  1.072436E-15
1272.  1.051675E-15
1273.  1.031054E-15
1274.  1.010762E-15
1275.  9.910231E-16
1276.  9.719265E-16
1277.  9.533502E-16
1278.  9.350115E-16
1279.  9.166220E-16
1280.  8.980594E-16
1281.  8.794872E-16
1282.  8.613728E-16
1283.  8.444046E-16
1284.  8.293438E-16
1285.  8.168648E-16
1286.  8.074327E-16
1287.  8.012495E-16
1288.  7.982710E-16
1289.  7.982753E-16
1290.  8.009500E-16
1291.  8.059688E-16
1292.  8.130402E-16
1293.  8.219284E-16
1294.  8.324523E-16
1295.  8.444812E-16
1296.  8.579240E-16
1297.  8.727168E-16
1298.  8.887995E-16
1299.  9.060858E-16
1300.  9.244244E-16
1301.  9.435771E-16
1302.  9.632222E-16
1303.  9.829939E-16
1304.  1.002547E-15
1305.  1.021617E-15
1306.  1.040048E-15
1307.  1.057777E-15
1308.  1.074775E-15
1309.  1.090982E-15
1310.  1.106268E-15
1311.  1.120435E-15
1312.  1.133266E-15
1313.  1.144616E-15
1314.  1.154500E-15
1315.  1.163183E-15
1316.  1.171245E-15
1317.  1.179605E-15
1318.  1.189510E-15
1319.  1.202462E-15
1320.  1.220079E-15
1321.  1.243910E-15
1322.  1.275195E-15
1323.  1.314622E-15
1324.  1.362094E-15
1325.  1.416563E-15
1326.  1.475946E-15
1327.  1.537190E-15
1328.  1.596479E-15
1329.  1.649603E-15
1330.  1.692449E-15
1331.  1.721531E-15
1332.  1.734478E-15
1333.  1.730372E-15
1334.  1.709871E-15
1335.  1.675108E-15
1336.  1.629365E-15
1337.  1.576630E-15
1338.  1.521092E-15
1339.  1.466678E-15
1340.  1.416685E-15
1341.  1.373522E-15
1342.  1.338589E-15
1343.  1.312255E-15
1344.  1.293949E-15
1345.  1.282332E-15
1346.  1.275544E-15
1347.  1.271494E-15
1348.  1.268181E-15
1349.  1.263972E-15
1350.  1.257829E-15
1351.  1.249436E-15
1352.  1.239210E-15
1353.  1.228213E-15
1354.  1.217981E-15
1355.  1.210323E-15
1356.  1.207103E-15
1357.  1.210068E-15
1358.  1.220717E-15
1359.  1.240223E-15
1360.  1.269395E-15
1361.  1.308656E-15
1362.  1.358012E-15
1363.  1.416996E-15
1364.  1.484586E-15
1365.  1.559132E-15
1366.  1.638298E-15
1367.  1.719060E-15
1368.  1.797780E-15
1369.  1.870361E-15
1370.  1.932483E-15
1371.  1.979912E-15
1372.  2.008865E-15
1373.  2.016396E-15
1374.  2.000754E-15
1375.  1.961659E-15
1376.  1.900444E-15
1377.  1.820007E-15
1378.  1.724559E-15
1379.  1.619212E-15
1380.  1.509443E-15
1381.  1.400535E-15
1382.  1.297075E-15
1383.  1.202588E-15
1384.  1.119336E-15
1385.  1.048300E-15
1386.  9.893297E-16
1387.  9.413949E-16
1388.  9.029092E-16
1389.  8.720456E-16
1390.  8.470100E-16
1391.  8.262405E-16
1392.  8.085223E-16
1393.  7.930257E-16
1394.  7.792910E-16
1395.  7.671879E-16
1396.  7.568742E-16
1397.  7.487729E-16
1398.  7.435656E-16
1399.  7.421902E-16
1400.  7.458081E-16
1401.  7.557119E-16
1402.  7.731488E-16
1403.  7.990678E-16
1404.  8.338367E-16
1405.  8.770070E-16
1406.  9.272131E-16
1407.  9.822638E-16
1408.  1.039429E-15
1409.  1.095865E-15
1410.  1.149070E-15
1411.  1.197256E-15
1412.  1.239534E-15
1413.  1.275890E-15
1414.  1.306954E-15
1415.  1.333658E-15
1416.  1.356867E-15
1417.  1.377089E-15
1418.  1.394338E-15
1419.  1.408166E-15
1420.  1.417856E-15
1421.  1.422702E-15
1422.  1.422312E-15
1423.  1.416829E-15
1424.  1.407014E-15
1425.  1.394186E-15
1426.  1.380018E-15
1427.  1.366279E-15
1428.  1.354579E-15
1429.  1.346175E-15
1430.  1.341882E-15
1431.  1.342052E-15
1432.  1.346624E-15
1433.  1.355180E-15
1434.  1.367019E-15
1435.  1.381220E-15
1436.  1.396738E-15
1437.  1.412521E-15
1438.  1.427649E-15
1439.  1.441458E-15
1440.  1.453616E-15
1441.  1.464109E-15
1442.  1.473141E-15
1443.  1.480960E-15
1444.  1.487662E-15
1445.  1.493032E-15
1446.  1.496479E-15
1447.  1.497077E-15
1448.  1.493716E-15
1449.  1.485334E-15
1450.  1.471177E-15
1451.  1.451041E-15
1452.  1.425448E-15
1453.  1.395714E-15
1454.  1.363899E-15
1455.  1.332627E-15
1456.  1.304820E-15
1457.  1.283387E-15
1458.  1.270934E-15
1459.  1.269539E-15
1460.  1.280622E-15
1461.  1.304901E-15
1462.  1.342406E-15
1463.  1.392493E-15
1464.  1.453836E-15
1465.  1.524386E-15
1466.  1.601325E-15
1467.  1.681078E-15
1468.  1.759445E-15
1469.  1.831872E-15
1470.  1.893877E-15
1471.  1.941542E-15
1472.  1.971997E-15
1473.  1.983785E-15
1474.  1.977039E-15
1475.  1.953441E-15
1476.  1.915984E-15
1477.  1.868606E-15
1478.  1.815764E-15
1479.  1.762018E-15
1480.  1.711679E-15
1481.  1.668524E-15
1482.  1.635612E-15
1483.  1.615174E-15
1484.  1.608585E-15
1485.  1.616409E-15
1486.  1.638487E-15
1487.  1.674051E-15
1488.  1.721843E-15
1489.  1.780199E-15
1490.  1.847106E-15
1491.  1.920256E-15
1492.  1.997131E-15
1493.  2.075154E-15
1494.  2.151915E-15
1495.  2.225449E-15
1496.  2.294468E-15
1497.  2.358504E-15
1498.  2.417859E-15
1499.  2.473379E-15
1500.  2.526095E-15
1501.  2.576822E-15
1502.  2.625830E-15
1503.  2.672660E-15
1504.  2.716112E-15
1505.  2.754391E-15
1506.  2.785322E-15
1507.  2.806623E-15
1508.  2.816155E-15
1509.  2.812148E-15
1510.  2.793381E-15
1511.  2.759322E-15
1512.  2.710212E-15
1513.  2.647094E-15
1514.  2.571784E-15
1515.  2.486769E-15
1516.  2.395042E-15
1517.  2.299883E-15
1518.  2.204621E-15
1519.  2.112400E-15
1520.  2.025978E-15
1521.  1.947595E-15
1522.  1.878908E-15
1523.  1.820984E-15
1524.  1.774350E-15
1525.  1.739067E-15
1526.  1.714819E-15
1527.  1.700996E-15
1528.  1.696785E-15
1529.  1.701253E-15
1530.  1.713431E-15
1531.  1.732368E-15
1532.  1.757171E-15
1533.  1.787008E-15
1534.  1.821083E-15
1535.  1.858619E-15
1536.  1.898863E-15
1537.  1.941130E-15
1538.  1.984886E-15
1539.  2.029836E-15
1540.  2.075964E-15
1541.  2.123493E-15
1542.  2.172724E-15
1543.  2.223802E-15
1544.  2.276446E-15
1545.  2.329750E-15
1546.  2.382125E-15
1547.  2.431438E-15
1548.  2.475334E-15
1549.  2.511658E-15
1550.  2.538859E-15
1551.  2.556248E-15
1552.  2.564013E-15
1553.  2.563007E-15
1554.  2.554365E-15
1555.  2.539105E-15
1556.  2.517816E-15
1557.  2.490553E-15
1558.  2.456943E-15
1559.  2.416456E-15
1560.  2.368762E-15
1561.  2.314044E-15
1562.  2.253199E-15
1563.  2.187884E-15
1564.  2.120403E-15
1565.  2.053486E-15
1566.  1.990006E-15
1567.  1.932674E-15
1568.  1.883782E-15
1569.  1.845011E-15
1570.  1.817341E-15
1571.  1.801077E-15
1572.  1.795964E-15
1573.  1.801379E-15
1574.  1.816527E-15
1575.  1.840605E-15
1576.  1.872889E-15
1577.  1.912748E-15
1578.  1.959589E-15
1579.  2.012797E-15
1580.  2.071692E-15
1581.  2.135521E-15
1582.  2.203475E-15
1583.  2.274680E-15
1584.  2.348152E-15
1585.  2.422674E-15
1586.  2.496637E-15
1587.  2.567890E-15
1588.  2.633671E-15
1589.  2.690697E-15
1590.  2.735424E-15
1591.  2.764469E-15
1592.  2.775105E-15
1593.  2.765734E-15
1594.  2.736193E-15
1595.  2.687839E-15
1596.  2.623358E-15
1597.  2.546356E-15
1598.  2.460817E-15
1599.  2.370573E-15
1600.  2.278898E-15
1601.  2.188282E-15
1602.  2.100402E-15
1603.  2.016231E-15
1604.  1.936215E-15
1605.  1.860463E-15
1606.  1.788902E-15
1607.  1.721404E-15
1608.  1.657865E-15
1609.  1.598261E-15
1610.  1.542671E-15
1611.  1.491258E-15
1612.  1.444197E-15
1613.  1.401568E-15
1614.  1.363247E-15
1615.  1.328833E-15
1616.  1.297674E-15
1617.  1.269001E-15
1618.  1.242153E-15
1619.  1.216829E-15
1620.  1.193289E-15
1621.  1.172435E-15
1622.  1.155733E-15
1623.  1.144987E-15
1624.  1.142039E-15
1625.  1.148464E-15
1626.  1.165342E-15
1627.  1.193147E-15
1628.  1.231739E-15
1629.  1.280436E-15
1630.  1.338088E-15
1631.  1.403148E-15
1632.  1.473718E-15
1633.  1.547615E-15
1634.  1.622488E-15
1635.  1.696025E-15
1636.  1.766229E-15
1637.  1.831704E-15
1638.  1.891880E-15
1639.  1.947097E-15
1640.  1.998507E-15
1641.  2.047805E-15
1642.  2.096849E-15
1643.  2.147227E-15
1644.  2.199885E-15
1645.  2.254849E-15
1646.  2.311102E-15
1647.  2.366615E-15
1648.  2.418515E-15
1649.  2.463386E-15
1650.  2.497638E-15
1651.  2.517934E-15
1652.  2.521591E-15
1653.  2.506899E-15
1654.  2.473318E-15
1655.  2.421515E-15
1656.  2.353263E-15
1657.  2.271227E-15
1658.  2.178682E-15
1659.  2.079191E-15
1660.  1.976294E-15
1661.  1.873226E-15
1662.  1.772703E-15
1663.  1.676811E-15
1664.  1.586998E-15
1665.  1.504179E-15
1666.  1.428895E-15
1667.  1.361486E-15
1668.  1.302209E-15
1669.  1.251288E-15
1670.  1.208905E-15
1671.  1.175174E-15
1672.  1.150133E-15
1673.  1.133799E-15
1674.  1.126238E-15
1675.  1.127621E-15
1676.  1.138183E-15
1677.  1.158077E-15
1678.  1.187130E-15
1679.  1.224572E-15
1680.  1.268855E-15
1681.  1.317633E-15
1682.  1.367970E-15
1683.  1.416726E-15
1684.  1.461046E-15
1685.  1.498826E-15
1686.  1.529020E-15
1687.  1.551738E-15
1688.  1.568093E-15
1689.  1.579849E-15
1690.  1.588965E-15
1691.  1.597124E-15
1692.  1.605357E-15
1693.  1.613810E-15
1694.  1.621696E-15
1695.  1.627425E-15
1696.  1.628875E-15
1697.  1.623753E-15
1698.  1.609974E-15
1699.  1.585998E-15
1700.  1.551065E-15
1701.  1.505299E-15
1702.  1.449684E-15
1703.  1.385906E-15
1704.  1.316112E-15
1705.  1.242618E-15
1706.  1.167611E-15
1707.  1.092922E-15
1708.  1.019909E-15
1709.  9.494715E-16
1710.  8.821756E-16
1711.  8.184475E-16
1712.  7.587405E-16
1713.  7.036199E-16
1714.  6.537236E-16
1715.  6.096147E-16
1716.  5.715852E-16
1717.  5.394889E-16
1718.  5.126757E-16
1719.  4.900576E-16
1720.  4.702965E-16
1721.  4.520560E-16
1722.  4.342495E-16
1723.  4.162244E-16
1724.  3.978482E-16
1725.  3.795007E-16
1726.  3.619946E-16
1727.  3.464547E-16
1728.  3.341739E-16
1729.  3.264519E-16
1730.  3.244095E-16
1731.  3.287860E-16
1732.  3.397421E-16
1733.  3.567147E-16
1734.  3.783781E-16
1735.  4.027496E-16
1736.  4.274433E-16
1737.  4.500332E-16
1738.  4.684407E-16
1739.  4.812558E-16
1740.  4.879134E-16
1741.  4.886877E-16
1742.  4.845250E-16
1743.  4.767728E-16
1744.  4.668886E-16
1745.  4.561960E-16
1746.  4.457274E-16
1747.  4.361590E-16
1748.  4.278107E-16
1749.  4.206829E-16
1750.  4.145133E-16
1751.  4.088513E-16
1752.  4.031657E-16
1753.  3.969877E-16
1754.  3.900766E-16
1755.  3.825644E-16
1756.  3.750246E-16
1757.  3.684240E-16
1758.  3.639463E-16
1759.  3.627318E-16
1760.  3.656059E-16
1761.  3.728908E-16
1762.  3.843638E-16
1763.  3.993867E-16
1764.  4.171597E-16
1765.  4.370211E-16
1766.  4.586881E-16
1767.  4.823603E-16
1768.  5.086433E-16
1769.  5.383182E-16
1770.  5.720148E-16
1771.  6.098845E-16
1772.  6.513634E-16
1773.  6.950910E-16
1774.  7.390078E-16
1775.  7.806035E-16
1776.  8.172526E-16
1777.  8.465518E-16
1778.  8.665866E-16
1779.  8.760793E-16
1780.  8.744159E-16
1781.  8.615784E-16
1782.  8.380324E-16
1783.  8.046166E-16
1784.  7.624621E-16
1785.  7.129454E-16
1786.  6.576609E-16
1787.  5.983912E-16
1788.  5.370508E-16
1789.  4.755984E-16
1790.  4.159163E-16
1791.  3.596723E-16
1792.  3.081916E-16
1793.  2.623629E-16
1794.  2.226052E-16
1795.  1.888972E-16
1796.  1.608614E-16
1797.  1.378745E-16
1798.  1.191810E-16
1799.  1.039937E-16
1800.  9.158139E-17
1801.  8.135937E-17
1802.  7.298270E-17
1803.  6.643319E-17
1804.  6.206285E-17
1805.  6.055212E-17
1806.  6.275754E-17
1807.  6.946790E-17
1808.  8.113153E-17
1809.  9.764908E-17
1810.  1.183139E-16
1811.  1.419346E-16
1812.  1.670968E-16
1813.  1.924612E-16
1814.  2.169819E-16
1815.  2.399592E-16
1816.  2.609226E-16
1817.  2.794219E-16
1818.  2.948438E-16
1819.  3.063633E-16
1820.  3.130702E-16
1821.  3.142312E-16
1822.  3.095886E-16
1823.  2.995776E-16
1824.  2.853847E-16
1825.  2.688213E-16
1826.  2.520568E-16
1827.  2.372812E-16
1828.  2.263810E-16
1829.  2.206903E-16
1830.  2.208516E-16
1831.  2.267905E-16
1832.  2.377871E-16
1833.  2.526196E-16
1834.  2.697465E-16
1835.  2.874995E-16
1836.  3.042610E-16
1837.  3.186109E-16
1838.  3.294296E-16
1839.  3.359626E-16
1840.  3.378483E-16
1841.  3.351199E-16
1842.  3.281809E-16
1843.  3.177616E-16
1844.  3.048504E-16
1845.  2.906054E-16
1846.  2.762488E-16
1847.  2.629566E-16
1848.  2.517543E-16
1849.  2.434347E-16
1850.  2.385079E-16
1851.  2.371946E-16
1852.  2.394603E-16
1853.  2.450853E-16
1854.  2.537504E-16
1855.  2.651163E-16
1856.  2.788693E-16
1857.  2.947194E-16
1858.  3.123501E-16
1859.  3.313440E-16
1860.  3.511196E-16
1861.  3.709151E-16
1862.  3.898452E-16
1863.  4.070221E-16
1864.  4.217098E-16
1865.  4.334651E-16
1866.  4.422122E-16
1867.  4.482256E-16
1868.  4.520223E-16
1869.  4.541966E-16
1870.  4.552492E-16
1871.  4.554686E-16
1872.  4.549006E-16
1873.  4.534119E-16
1874.  4.508198E-16
1875.  4.470340E-16
1876.  4.421516E-16
1877.  4.364746E-16
1878.  4.304471E-16
1879.  4.245524E-16
1880.  4.192124E-16
1881.  4.147272E-16
1882.  4.112632E-16
1883.  4.088696E-16
1884.  4.075083E-16
1885.  4.070776E-16
1886.  4.074305E-16
1887.  4.083919E-16
1888.  4.097787E-16
1889.  4.114180E-16
1890.  4.131596E-16
1891.  4.148768E-16
1892.  4.164584E-16
1893.  4.177984E-16
1894.  4.187907E-16
1895.  4.193331E-16
1896.  4.193375E-16
1897.  4.187423E-16
1898.  4.175220E-16
1899.  4.156888E-16
1900.  4.132917E-16
1901.  4.104129E-16
1902.  4.071625E-16
1903.  4.036725E-16
1904.  4.000833E-16
1905.  3.965269E-16
1906.  3.931065E-16
1907.  3.898823E-16
1908.  3.868698E-16
1909.  3.840527E-16
1910.  3.814047E-16
1911.  3.789096E-16
1912.  3.765709E-16
1913.  3.744069E-16
1914.  3.724359E-16
1915.  3.706622E-16
1916.  3.690705E-16
1917.  3.676356E-16
1918.  3.663370E-16
1919.  3.651744E-16
1920.  3.641701E-16
1921.  3.633597E-16
1922.  3.627733E-16
1923.  3.624198E-16
1924.  3.622800E-16
1925.  3.623112E-16
1926.  3.624649E-16
1927.  3.627028E-16
1928.  3.630105E-16
1929.  3.634016E-16
1930.  3.639141E-16
1931.  3.646061E-16
1932.  3.655506E-16
1933.  3.668404E-16
1934.  3.685951E-16
1935.  3.709718E-16
1936.  3.741694E-16
1937.  3.784165E-16
1938.  3.839393E-16
1939.  3.909112E-16
1940.  3.993982E-16
1941.  4.093202E-16
1942.  4.204513E-16
1943.  4.324643E-16
1944.  4.450065E-16
1945.  4.577767E-16
1946.  4.705738E-16
1947.  4.832954E-16
1948.  4.958988E-16
1949.  5.083464E-16
1950.  5.205687E-16
1951.  5.324590E-16
1952.  5.439030E-16
1953.  5.548205E-16
1954.  5.652025E-16
1955.  5.751271E-16
1956.  5.847462E-16
1957.  5.942514E-16
1958.  6.038261E-16
1959.  6.136069E-16
1960.  6.236662E-16
1961.  6.340301E-16
1962.  6.447221E-16
1963.  6.558132E-16
1964.  6.674431E-16
1965.  6.797964E-16
1966.  6.930253E-16
1967.  7.071537E-16
1968.  7.220009E-16
1969.  7.371636E-16
1970.  7.520801E-16
1971.  7.661574E-16
1972.  7.789220E-16
1973.  7.901382E-16
1974.  7.998479E-16
1975.  8.083203E-16
1976.  8.159367E-16
1977.  8.230585E-16
1978.  8.299269E-16
1979.  8.366260E-16
1980.  8.431109E-16
1981.  8.492816E-16
1982.  8.550703E-16
1983.  8.605136E-16
1984.  8.657906E-16
1985.  8.712298E-16
1986.  8.772914E-16
1987.  8.845412E-16
1988.  8.936143E-16
1989.  9.051616E-16
1990.  9.197657E-16
1991.  9.378403E-16
1992.  9.595418E-16
1993.  9.847425E-16
1994.  1.013094E-15
1995.  1.044180E-15
1996.  1.077695E-15
1997.  1.113602E-15
1998.  1.152198E-15
1999.  1.194088E-15
2000.  1.240097E-15
2001.  1.291172E-15
2002.  1.348314E-15
2003.  1.412533E-15
2004.  1.484809E-15
2005.  1.565992E-15
2006.  1.656616E-15
2007.  1.756617E-15
2008.  1.865012E-15
2009.  1.979605E-15
2010.  2.096841E-15
2011.  2.211886E-15
2012.  2.318966E-15
2013.  2.411974E-15
2014.  2.485208E-15
2015.  2.534128E-15
2016.  2.555940E-15
2017.  2.549884E-15
2018.  2.517158E-15
2019.  2.460515E-15
2020.  2.383672E-15
2021.  2.290693E-15
2022.  2.185545E-15
2023.  2.071911E-15
2024.  1.953248E-15
2025.  1.832947E-15
2026.  1.714435E-15
2027.  1.601079E-15
2028.  1.495876E-15
2029.  1.401055E-15
2030.  1.317753E-15
2031.  1.245920E-15
2032.  1.184498E-15
2033.  1.131810E-15
2034.  1.086030E-15
2035.  1.045574E-15
2036.  1.009330E-15
2037.  9.766920E-16
2038.  9.474506E-16
2039.  9.216000E-16
2040.  8.991564E-16
2041.  8.800302E-16
2042.  8.639784E-16
2043.  8.506220E-16
2044.  8.395021E-16
2045.  8.301419E-16
2046.  8.220971E-16
2047.  8.149828E-16
2048.  8.084791E-16
2049.  8.023307E-16
2050.  7.963386E-16
2051.  7.903541E-16
2052.  7.842733E-16
2053.  7.780288E-16
2054.  7.715824E-16
2055.  7.649202E-16
2056.  7.580525E-16
2057.  7.510172E-16
2058.  7.438797E-16
2059.  7.367286E-16
2060.  7.296568E-16
2061.  7.227452E-16
2062.  7.160525E-16
2063.  7.096289E-16
2064.  7.035449E-16
2065.  6.979260E-16
2066.  6.929704E-16
2067.  6.889373E-16
2068.  6.861058E-16
2069.  6.847185E-16
2070.  6.849374E-16
2071.  6.868234E-16
2072.  6.903501E-16
2073.  6.954406E-16
2074.  7.020116E-16
2075.  7.100011E-16
2076.  7.193723E-16
2077.  7.300938E-16
2078.  7.421074E-16
2079.  7.553065E-16
2080.  7.695335E-16
2081.  7.845999E-16
2082.  8.003168E-16
2083.  8.165240E-16
2084.  8.331071E-16
2085.  8.500031E-16
2086.  8.671925E-16
2087.  8.846883E-16
2088.  9.025153E-16
2089.  9.206891E-16
2090.  9.391990E-16
2091.  9.580108E-16
2092.  9.770919E-16
2093.  9.964707E-16
2094.  1.016297E-15
2095.  1.036886E-15
2096.  1.058713E-15
2097.  1.082335E-15
2098.  1.108263E-15
2099.  1.136809E-15
2100.  1.167981E-15
2101.  1.201460E-15
2102.  1.236698E-15
2103.  1.273099E-15
2104.  1.310244E-15
2105.  1.348060E-15
2106.  1.386886E-15
2107.  1.427402E-15
2108.  1.470448E-15
2109.  1.516784E-15
2110.  1.566853E-15
2111.  1.620623E-15
2112.  1.677533E-15
2113.  1.736581E-15
2114.  1.796545E-15
2115.  1.856266E-15
2116.  1.914921E-15
2117.  1.972175E-15
2118.  2.028129E-15
2119.  2.083082E-15
2120.  2.137145E-15
2121.  2.189861E-15
2122.  2.239929E-15
2123.  2.285133E-15
2124.  2.322501E-15
2125.  2.348661E-15
2126.  2.360330E-15
2127.  2.354831E-15
2128.  2.330565E-15
2129.  2.287345E-15
2130.  2.226542E-15
2131.  2.151010E-15
2132.  2.064786E-15
2133.  1.972598E-15
2134.  1.879264E-15
2135.  1.789076E-15
2136.  1.705296E-15
2137.  1.629848E-15
2138.  1.563248E-15
2139.  1.504772E-15
2140.  1.452803E-15
2141.  1.405275E-15
2142.  1.360109E-15
2143.  1.315595E-15
2144.  1.270617E-15
2145.  1.224753E-15
2146.  1.178215E-15
2147.  1.131699E-15
2148.  1.086174E-15
2149.  1.042657E-15
2150.  1.002019E-15
2151.  9.648343E-16
2152.  9.313007E-16
2153.  9.012326E-16
2154.  8.741270E-16
2155.  8.492893E-16
2156.  8.259955E-16
2157.  8.036513E-16
2158.  7.819093E-16
2159.  7.607145E-16
2160.  7.402614E-16
2161.  7.208814E-16
2162.  7.028865E-16
2163.  6.864206E-16
2164.  6.713534E-16
2165.  6.572501E-16
2166.  6.434271E-16
2167.  6.290846E-16
2168.  6.134900E-16
2169.  5.961697E-16
2170.  5.770574E-16
2171.  5.565533E-16
2172.  5.354666E-16
2173.  5.148446E-16
2174.  4.957374E-16
2175.  4.789746E-16
2176.  4.650306E-16
2177.  4.540278E-16
2178.  4.458648E-16
2179.  4.404065E-16
2180.  4.376413E-16
2181.  4.377211E-16
2182.  4.408572E-16
2183.  4.471099E-16
2184.  4.561578E-16
2185.  4.671611E-16
2186.  4.787868E-16
2187.  4.894176E-16
2188.  4.974783E-16
2189.  5.017784E-16
2190.  5.017545E-16
2191.  4.975414E-16
2192.  4.898599E-16
2193.  4.797803E-16
2194.  4.684526E-16
2195.  4.568929E-16
2196.  4.458763E-16
2197.  4.359366E-16
2198.  4.274233E-16
2199.  4.205596E-16
2200.  4.154589E-16
2201.  4.120890E-16
2202.  4.102164E-16
2203.  4.093737E-16
2204.  4.088934E-16
2205.  4.080214E-16
2206.  4.060960E-16
2207.  4.027472E-16
2208.  3.980571E-16
2209.  3.926251E-16
2210.  3.875079E-16
2211.  3.840354E-16
2212.  3.835485E-16
2213.  3.871256E-16
2214.  3.953707E-16
2215.  4.083159E-16
2216.  4.254411E-16
2217.  4.457937E-16
2218.  4.681514E-16
2219.  4.911927E-16
2220.  5.136459E-16
2221.  5.344157E-16
2222.  5.526889E-16
2223.  5.680230E-16
2224.  5.803931E-16
2225.  5.901804E-16
2226.  5.980811E-16
2227.  6.049397E-16
2228.  6.115392E-16
2229.  6.183996E-16
2230.  6.256385E-16
2231.  6.329358E-16
2232.  6.396113E-16
2233.  6.447966E-16
2234.  6.476575E-16
2235.  6.476164E-16
2236.  6.445303E-16
2237.  6.388003E-16
2238.  6.313959E-16
2239.  6.237941E-16
2240.  6.178285E-16
2241.  6.154547E-16
2242.  6.184505E-16
2243.  6.280945E-16
2244.  6.448910E-16
2245.  6.684207E-16
2246.  6.973799E-16
2247.  7.298223E-16
2248.  7.635540E-16
2249.  7.965783E-16
2250.  8.274574E-16
2251.  8.554895E-16
2252.  8.806543E-16
2253.  9.033709E-16
2254.  9.241601E-16
2255.  9.433389E-16
2256.  9.608441E-16
2257.  9.762258E-16
2258.  9.887920E-16
2259.  9.978349E-16
2260.  1.002847E-15
2261.  1.003663E-15
2262.  1.000491E-15
2263.  9.938492E-16
2264.  9.844367E-16
2265.  9.730090E-16
2266.  9.602793E-16
2267.  9.468689E-16
2268.  9.333003E-16
2269.  9.200091E-16
2270.  9.073550E-16
2271.  8.956255E-16
2272.  8.850350E-16
2273.  8.757283E-16
2274.  8.678001E-16
2275.  8.613285E-16
2276.  8.564168E-16
2277.  8.532330E-16
2278.  8.520402E-16
2279.  8.532091E-16
2280.  8.572049E-16
2281.  8.645541E-16
2282.  8.758003E-16
2283.  8.914664E-16
2284.  9.120393E-16
2285.  9.379848E-16
2286.  9.697699E-16
2287.  1.007871E-15
2288.  1.052736E-15
2289.  1.104698E-15
2290.  1.163861E-15
2291.  1.230012E-15
2292.  1.302581E-15
2293.  1.380657E-15
2294.  1.463028E-15
2295.  1.548172E-15
2296.  1.634181E-15
2297.  1.718646E-15
2298.  1.798579E-15
2299.  1.870475E-15
2300.  1.930557E-15
2301.  1.975175E-15
2302.  2.001280E-15
2303.  2.006866E-15
2304.  1.991288E-15
2305.  1.955426E-15
2306.  1.901683E-15
2307.  1.833807E-15
2308.  1.756574E-15
2309.  1.675330E-15
2310.  1.595449E-15
2311.  1.521768E-15
2312.  1.458098E-15
2313.  1.406898E-15
2314.  1.369162E-15
2315.  1.344542E-15
2316.  1.331658E-15
2317.  1.328490E-15
2318.  1.332785E-15
2319.  1.342377E-15
2320.  1.355408E-15
2321.  1.370461E-15
2322.  1.386625E-15
2323.  1.403543E-15
2324.  1.421433E-15
2325.  1.441046E-15
2326.  1.463514E-15
2327.  1.490040E-15
2328.  1.521467E-15
2329.  1.557789E-15
2330.  1.597743E-15
2331.  1.638631E-15
2332.  1.676459E-15
2333.  1.706402E-15
2334.  1.723537E-15
2335.  1.723680E-15
2336.  1.704152E-15
2337.  1.664306E-15
2338.  1.605691E-15
2339.  1.531832E-15
2340.  1.447672E-15
2341.  1.358795E-15
2342.  1.270595E-15
2343.  1.187547E-15
2344.  1.112727E-15
2345.  1.047643E-15
2346.  9.924018E-16
2347.  9.461176E-16
2348.  9.074649E-16
2349.  8.752113E-16
2350.  8.486069E-16
2351.  8.275520E-16
2352.  8.125229E-16
2353.  8.043191E-16
2354.  8.037175E-16
2355.  8.111537E-16
2356.  8.265145E-16
2357.  8.490940E-16
2358.  8.777126E-16
2359.  9.109571E-16
2360.  9.474707E-16
2361.  9.862199E-16
2362.  1.026672E-15
2363.  1.068850E-15
2364.  1.113257E-15
2365.  1.160698E-15
2366.  1.212034E-15
2367.  1.267919E-15
2368.  1.328551E-15
2369.  1.393479E-15
2370.  1.461483E-15
2371.  1.530540E-15
2372.  1.597897E-15
2373.  1.660253E-15
2374.  1.714050E-15
2375.  1.755844E-15
2376.  1.782735E-15
2377.  1.792743E-15
2378.  1.785084E-15
2379.  1.760262E-15
2380.  1.719948E-15
2381.  1.666704E-15
2382.  1.603604E-15
2383.  1.533870E-15
2384.  1.460589E-15
2385.  1.386563E-15
2386.  1.314247E-15
2387.  1.245759E-15
2388.  1.182870E-15
2389.  1.126975E-15
2390.  1.079032E-15
2391.  1.039522E-15
2392.  1.008450E-15
2393.  9.854328E-16
2394.  9.698250E-16
2395.  9.608772E-16
2396.  9.578635E-16
2397.  9.601618E-16
2398.  9.672783E-16
2399.  9.788385E-16
2400.  9.945727E-16
2401.  1.014320E-15
2402.  1.038063E-15
2403.  1.065974E-15
2404.  1.098468E-15
2405.  1.136210E-15
2406.  1.180066E-15
2407.  1.230986E-15
2408.  1.289820E-15
2409.  1.357100E-15
2410.  1.432831E-15
2411.  1.516354E-15
2412.  1.606295E-15
2413.  1.700628E-15
2414.  1.796809E-15
2415.  1.891949E-15
2416.  1.982973E-15
2417.  2.066774E-15
2418.  2.140348E-15
2419.  2.200967E-15
2420.  2.246380E-15
2421.  2.275040E-15
2422.  2.286306E-15
2423.  2.280550E-15
2424.  2.259122E-15
2425.  2.224144E-15
2426.  2.178178E-15
2427.  2.123842E-15
2428.  2.063461E-15
2429.  1.998837E-15
2430.  1.931175E-15
2431.  1.861163E-15
2432.  1.789158E-15
2433.  1.715434E-15
2434.  1.640397E-15
2435.  1.564740E-15
2436.  1.489500E-15
2437.  1.416004E-15
2438.  1.345753E-15
2439.  1.280245E-15
2440.  1.220792E-15
2441.  1.168357E-15
2442.  1.123456E-15
2443.  1.086144E-15
2444.  1.056089E-15
2445.  1.032740E-15
2446.  1.015529E-15
2447.  1.004062E-15
2448.  9.982525E-16
2449.  9.983516E-16
2450.  1.004885E-15
2451.  1.018521E-15
2452.  1.039924E-15
2453.  1.069635E-15
2454.  1.108018E-15
2455.  1.155249E-15
2456.  1.211352E-15
2457.  1.276233E-15
2458.  1.349671E-15
2459.  1.431255E-15
2460.  1.520249E-15
2461.  1.615387E-15
2462.  1.714653E-15
2463.  1.815090E-15
2464.  1.912744E-15
2465.  2.002785E-15
2466.  2.079895E-15
2467.  2.138864E-15
2468.  2.175342E-15
2469.  2.186566E-15
2470.  2.171905E-15
2471.  2.133066E-15
2472.  2.073892E-15
2473.  1.999803E-15
2474.  1.916991E-15
2475.  1.831555E-15
2476.  1.748770E-15
2477.  1.672606E-15
2478.  1.605562E-15
2479.  1.548789E-15
2480.  1.502386E-15
2481.  1.465747E-15
2482.  1.437838E-15
2483.  1.417325E-15
2484.  1.402575E-15
2485.  1.391593E-15
2486.  1.381988E-15
2487.  1.371081E-15
2488.  1.356174E-15
2489.  1.334945E-15
2490.  1.305866E-15
2491.  1.268508E-15
2492.  1.223625E-15
2493.  1.172982E-15
2494.  1.118978E-15
2495.  1.064168E-15
2496.  1.010829E-15
2497.  9.606831E-16
2498.  9.148149E-16
2499.  8.737835E-16
2500.  8.378294E-16
2501.  8.070922E-16
2502.  7.817542E-16
2503.  7.620828E-16
2504.  7.483866E-16
2505.  7.409442E-16
2506.  7.399563E-16
2507.  7.455594E-16
2508.  7.578916E-16
2509.  7.771669E-16
2510.  8.036978E-16
2511.  8.378205E-16
2512.  8.796997E-16
2513.  9.290535E-16
2514.  9.848623E-16
2515.  1.045159E-15
2516.  1.106988E-15
2517.  1.166573E-15
2518.  1.219704E-15
2519.  1.262268E-15
2520.  1.290827E-15
2521.  1.303118E-15
2522.  1.298368E-15
2523.  1.277374E-15
2524.  1.242331E-15
2525.  1.196477E-15
2526.  1.143614E-15
2527.  1.087626E-15
2528.  1.032037E-15
2529.  9.796925E-16
2530.  9.325469E-16
2531.  8.915852E-16
2532.  8.568480E-16
2533.  8.275579E-16
2534.  8.023327E-16
2535.  7.794624E-16
2536.  7.572023E-16
2537.  7.340376E-16
2538.  7.088679E-16
2539.  6.810937E-16
2540.  6.506169E-16
2541.  6.177868E-16
2542.  5.833335E-16
2543.  5.483089E-16
2544.  5.140231E-16
2545.  4.819506E-16
2546.  4.535793E-16
2547.  4.302048E-16
2548.  4.127144E-16
2549.  4.014249E-16
2550.  3.960369E-16
2551.  3.957298E-16
2552.  3.993661E-16
2553.  4.057323E-16
2554.  4.137368E-16
2555.  4.225147E-16
2556.  4.314323E-16
2557.  4.400395E-16
2558.  4.480242E-16
2559.  4.552166E-16
2560.  4.616435E-16
2561.  4.676023E-16
2562.  4.737017E-16
2563.  4.808303E-16
2564.  4.900417E-16
2565.  5.023763E-16
2566.  5.186641E-16
2567.  5.393500E-16
2568.  5.643794E-16
2569.  5.931620E-16
2570.  6.246228E-16
2571.  6.573413E-16
2572.  6.897642E-16
2573.  7.204625E-16
2574.  7.483921E-16
2575.  7.730982E-16
2576.  7.948093E-16
2577.  8.143889E-16
2578.  8.331453E-16
2579.  8.525432E-16
2580.  8.738824E-16
2581.  8.980150E-16
2582.  9.251602E-16
2583.  9.548397E-16
2584.  9.859395E-16
2585.  1.016869E-15
2586.  1.045785E-15
2587.  1.070835E-15
2588.  1.090385E-15
2589.  1.103189E-15
2590.  1.108477E-15
2591.  1.105951E-15
2592.  1.095702E-15
2593.  1.078081E-15
2594.  1.053569E-15
2595.  1.022693E-15
2596.  9.860110E-16
2597.  9.441491E-16
2598.  8.978663E-16
2599.  8.481022E-16
2600.  7.959780E-16
2601.  7.427468E-16
2602.  6.897037E-16
2603.  6.380820E-16
2604.  5.889519E-16
2605.  5.431346E-16
2606.  5.011332E-16
2607.  4.630903E-16
2608.  4.287806E-16
2609.  3.976646E-16
2610.  3.690082E-16
2611.  3.420641E-16
2612.  3.162772E-16
2613.  2.914502E-16
2614.  2.678171E-16
2615.  2.459796E-16
2616.  2.267112E-16
2617.  2.106765E-16
2618.  1.981479E-16
2619.  1.888192E-16
2620.  1.817865E-16
2621.  1.757302E-16
2622.  1.692554E-16
2623.  1.612950E-16
2624.  1.514437E-16
2625.  1.401156E-16
2626.  1.284610E-16
2627.  1.180784E-16
2628.  1.106139E-16
2629.  1.073769E-16
2630.  1.090832E-16
2631.  1.157783E-16
2632.  1.269277E-16
2633.  1.416162E-16
2634.  1.587768E-16
2635.  1.773936E-16
2636.  1.966464E-16
2637.  2.159832E-16
2638.  2.351264E-16
2639.  2.540149E-16
2640.  2.726930E-16
2641.  2.911662E-16
2642.  3.092623E-16
2643.  3.265431E-16
2644.  3.423070E-16
2645.  3.556881E-16
2646.  3.658342E-16
2647.  3.721000E-16
2648.  3.742014E-16
2649.  3.722773E-16
2650.  3.668569E-16
2651.  3.587549E-16
2652.  3.489446E-16
2653.  3.384524E-16
2654.  3.282913E-16
2655.  3.194314E-16
2656.  3.127823E-16
2657.  3.091608E-16
2658.  3.092361E-16
2659.  3.134589E-16
2660.  3.219998E-16
2661.  3.347199E-16
2662.  3.511846E-16
2663.  3.707204E-16
2664.  3.924894E-16
2665.  4.155701E-16
2666.  4.390255E-16
2667.  4.619605E-16
2668.  4.835752E-16
2669.  5.032089E-16
2670.  5.203717E-16
2671.  5.347501E-16
2672.  5.461738E-16
2673.  5.545518E-16
2674.  5.597976E-16
2675.  5.617768E-16
2676.  5.603071E-16
2677.  5.552212E-16
2678.  5.464816E-16
2679.  5.343125E-16
2680.  5.193090E-16
2681.  5.024853E-16
2682.  4.852443E-16
2683.  4.692736E-16
2684.  4.563877E-16
2685.  4.483520E-16
2686.  4.467224E-16
2687.  4.527221E-16
2688.  4.671673E-16
2689.  4.904325E-16
2690.  5.224408E-16
2691.  5.626699E-16
2692.  6.101689E-16
2693.  6.635925E-16
2694.  7.212702E-16
2695.  7.813128E-16
2696.  8.417562E-16
2697.  9.007151E-16
2698.  9.565125E-16
2699.  1.007742E-15
2700.  1.053241E-15
2701.  1.091977E-15
2702.  1.122874E-15
2703.  1.144641E-15
2704.  1.155668E-15
2705.  1.154059E-15
2706.  1.137843E-15
2707.  1.105379E-15
2708.  1.055921E-15
2709.  9.902006E-16
2710.  9.108721E-16
2711.  8.225947E-16
2712.  7.316010E-16
2713.  6.447452E-16
2714.  5.682126E-16
2715.  5.062394E-16
2716.  4.602337E-16
2717.  4.285764E-16
2718.  4.071589E-16
2719.  3.904708E-16
2720.  3.729020E-16
2721.  3.499008E-16
2722.  3.187417E-16
2723.  2.788004E-16
2724.  2.313810E-16
2725.  1.792252E-16
2726.  1.258610E-16
2727.  7.494382E-17
2728.  2.970086E-17
2729.  -7.444038E-18
2730.  -3.504473E-17
2731.  -5.262661E-17
2732.  -6.055540E-17
2733.  -5.985200E-17
2734.  -5.201059E-17
2735.  -3.884158E-17
2736.  -2.232817E-17
2737.  -4.464057E-18
2738.  1.295240E-17
2739.  2.855343E-17
2740.  4.161533E-17
2741.  5.217052E-17
2742.  6.095188E-17
2743.  6.915205E-17
2744.  7.804243E-17
2745.  8.855436E-17
2746.  1.009516E-16
2747.  1.147015E-16
2748.  1.285920E-16
2749.  1.410608E-16
2750.  1.506367E-16
2751.  1.563538E-16
2752.  1.580152E-16
2753.  1.562342E-16
2754.  1.522589E-16
2755.  1.476456E-16
2756.  1.438854E-16
2757.  1.420748E-16
2758.  1.427002E-16
2759.  1.455577E-16
2760.  1.498097E-16
2761.  1.541623E-16
2762.  1.571313E-16
2763.  1.573534E-16
2764.  1.538668E-16
2765.  1.462771E-16
2766.  1.347474E-16
2767.  1.198056E-16
2768.  1.020506E-16
2769.  8.188674E-17
2770.  5.941996E-17
2771.  3.457513E-17
2772.  7.385815E-18
2773.  -2.168495E-17
2774.  -5.155489E-17
2775.  -8.057756E-17
2776.  -1.068410E-16
2777.  -1.286093E-16
2778.  -1.447404E-16
2779.  -1.549387E-16
2780.  -1.597572E-16
2781.  -1.603726E-16
2782.  -1.582188E-16
2783.  -1.546041E-16
2784.  -1.504254E-16
2785.  -1.460480E-16
2786.  -1.413629E-16
2787.  -1.359852E-16
2788.  -1.295234E-16
2789.  -1.218355E-16
2790.  -1.131904E-16
2791.  -1.042855E-16
2792.  -9.610573E-17
2793.  -8.966136E-17
2794.  -8.568299E-17
2795.  -8.438067E-17
2796.  -8.535064E-17
2797.  -8.767604E-17
2798.  -9.018590E-17
2799.  -9.178636E-17
2800.  -9.174119E-17
2801.  -8.980867E-17
2802.  -8.620218E-17
2803.  -8.140909E-17
2804.  -7.595600E-17
2805.  -7.021664E-17
2806.  -6.431785E-17
2807.  -5.815453E-17
2808.  -5.147451E-17
2809.  -4.398359E-17
2810.  -3.542946E-17
2811.  -2.565703E-17
2812.  -1.464408E-17
2813.  -2.532214E-18
2814.  1.034819E-17
2815.  2.347822E-17
2816.  3.619752E-17
2817.  4.780849E-17
2818.  5.771500E-17
2819.  6.555286E-17
2820.  7.126757E-17
2821.  7.511652E-17
2822.  7.760744E-17
2823.  7.941336E-17
2824.  8.130439E-17
2825.  8.411641E-17
2826.  8.873924E-17
2827.  9.608909E-17
2828.  1.070254E-16
2829.  1.221997E-16
2830.  1.418625E-16
2831.  1.656813E-16
2832.  1.926424E-16
2833.  2.210853E-16
2834.  2.488935E-16
2835.  2.738141E-16
2836.  2.938416E-16
2837.  3.075729E-16
2838.  3.144514E-16
2839.  3.148373E-16
2840.  3.099008E-16
2841.  3.013738E-16
2842.  2.912323E-16
2843.  2.813797E-16
2844.  2.733846E-16
2845.  2.682921E-16
2846.  2.665149E-16
2847.  2.678048E-16
2848.  2.713187E-16
2849.  2.757853E-16
2850.  2.797689E-16
2851.  2.819789E-16
2852.  2.815484E-16
2853.  2.782056E-16
2854.  2.722823E-16
2855.  2.645716E-16
2856.  2.560843E-16
2857.  2.477817E-16
2858.  2.403515E-16
2859.  2.340692E-16
2860.  2.287559E-16
2861.  2.238356E-16
2862.  2.184761E-16
2863.  2.117949E-16
2864.  2.030870E-16
2865.  1.920184E-16
2866.  1.787268E-16
2867.  1.637906E-16
2868.  1.480752E-16
2869.  1.325015E-16
2870.  1.178200E-16
2871.  1.044587E-16
2872.  9.249286E-17
2873.  8.172674E-17
2874.  7.184789E-17
2875.  6.258415E-17
2876.  5.380852E-17
2877.  4.555659E-17
2878.  3.796520E-17
2879.  3.116995E-17
2880.  2.520941E-17
2881.  1.998019E-17
2882.  1.525678E-17
2883.  1.076362E-17
2884.  6.265707E-18
2885.  1.639484E-18
2886.  -3.102522E-18
2887.  -7.835683E-18
2888.  -1.238417E-17
2889.  -1.658828E-17
2890.  -2.034978E-17
2891.  -2.363575E-17
2892.  -2.643859E-17
2893.  -2.871130E-17
2894.  -3.031269E-17
2895.  -3.099501E-17
2896.  -3.045400E-17
2897.  -2.843560E-17
2898.  -2.486229E-17
2899.  -1.993595E-17
2900.  -1.416715E-17
2901.  -8.310445E-18
2902.  -3.209963E-18
2903.  4.040185E-19
2904.  2.108112E-18
2905.  1.905611E-18
2906.  2.332847E-19
2907.  -2.151949E-18
2908.  -4.370745E-18
2909.  -5.641110E-18
2910.  -5.455623E-18
2911.  -3.667699E-18
2912.  -4.746687E-19
2913.  3.678998E-18
2914.  8.239046E-18
2915.  1.267185E-17
2916.  1.655751E-17
2917.  1.963706E-17
2918.  2.181615E-17
2919.  2.314156E-17
2920.  2.376146E-17
2921.  2.387978E-17
2922.  2.371053E-17
2923.  2.344080E-17
2924.  2.320560E-17
2925.  2.308056E-17
2926.  2.308541E-17
2927.  2.319834E-17
2928.  2.337034E-17
2929.  2.354150E-17
2930.  2.365792E-17
2931.  2.368820E-17
2932.  2.363990E-17
2933.  2.356796E-17
2934.  2.357108E-17
2935.  2.377398E-17
2936.  2.429534E-17
2937.  2.520854E-17
2938.  2.650326E-17
2939.  2.805261E-17
2940.  2.959650E-17
2941.  3.074901E-17
2942.  3.103853E-17
2943.  2.998715E-17
2944.  2.721879E-17
2945.  2.257795E-17
2946.  1.621677E-17
2947.  8.608407E-18
2948.  4.587413E-19
2949.  -7.483501E-18
2950.  -1.466456E-17
2951.  -2.093174E-17
2952.  -2.661540E-17
2953.  -3.243134E-17
2954.  -3.921756E-17
2955.  -4.758796E-17
2956.  -5.763409E-17
2957.  -6.879191E-17
2958.  -7.993054E-17
2959.  -8.963573E-17
2960.  -9.658358E-17
2961.  -9.987892E-17
2962.  -9.924504E-17
2963.  -9.502114E-17
2964.  -8.798682E-17
2965.  -7.909220E-17
2966.  -6.919486E-17
2967.  -5.889070E-17
2968.  -4.849042E-17
2969.  -3.813697E-17
2970.  -2.800063E-17
2971.  -1.846234E-17
2972.  -1.018888E-17
2973.  -4.044979E-18
2974.  -8.562893E-19
2975.  -1.104090E-18
2976.  -4.671440E-18
2977.  -1.075433E-17
2978.  -1.798202E-17
2979.  -2.472174E-17
2980.  -2.945910E-17
2981.  -3.113119E-17
2982.  -2.931541E-17
2983.  -2.423843E-17
2984.  -1.663823E-17
2985.  -7.550984E-18
2986.  1.905079E-18
2987.  1.070778E-17
2988.  1.805571E-17
2989.  2.344882E-17
2990.  2.672360E-17
2991.  2.804220E-17
2992.  2.782623E-17
2993.  2.664215E-17
2994.  2.506699E-17
2995.  2.356766E-17
2996.  2.243201E-17
2997.  2.175791E-17
2998.  2.149349E-17
2999.  2.150162E-17
3000.  2.162274E-17
3001.  2.172009E-17
3002.  2.170198E-17
3003.  2.152601E-17
3004.  2.119222E-17
3005.  2.073269E-17
3006.  2.019902E-17
3007.  1.965036E-17
3008.  1.914112E-17
3009.  1.871032E-17
3010.  1.837748E-17
3011.  1.814295E-17
3012.  1.799538E-17
3013.  1.791863E-17
3014.  1.789622E-17
3015.  1.791069E-17
3016.  1.793846E-17
3017.  1.794665E-17
3018.  1.789420E-17
3019.  1.773847E-17
3020.  1.744659E-17
3021.  1.700425E-17
3022.  1.642282E-17
3023.  1.573564E-17
3024.  1.499265E-17
3025.  1.424902E-17
3026.  1.355522E-17
3027.  1.294931E-17
3028.  1.245543E-17
3029.  1.208450E-17
3030.  1.183863E-17
3031.  1.171488E-17
3032.  1.170700E-17
3033.  1.180301E-17
3034.  1.198484E-17
3035.  1.222516E-17
3036.  1.249293E-17
3037.  1.275914E-17
3038.  1.300454E-17
3039.  1.322392E-17
3040.  1.342305E-17
3041.  1.360966E-17
3042.  1.378367E-17
3043.  1.393047E-17
3044.  1.402264E-17
3045.  1.402892E-17
3046.  1.392735E-17
3047.  1.371632E-17
3048.  1.341616E-17
3049.  1.306456E-17
3050.  1.270487E-17
3051.  1.237329E-17
3052.  1.209125E-17
3053.  1.186202E-17
3054.  1.167212E-17
3055.  1.149689E-17
3056.  1.130688E-17
3057.  1.107503E-17
3058.  1.078524E-17
3059.  1.043763E-17
3060.  1.005453E-17
3061.  9.678748E-18
3062.  9.366520E-18
3063.  9.174786E-18
3064.  9.145279E-18
3065.  9.290706E-18
3066.  9.588312E-18
3067.  9.983004E-18
3068.  1.039826E-17
3069.  1.075434E-17
3070.  1.098546E-17
3071.  1.105556E-17
3072.  1.096247E-17
3073.  1.073566E-17
3074.  1.042486E-17
3075.  1.008511E-17
3076.  9.764303E-18
3077.  9.494262E-18
3078.  9.289601E-18
3079.  9.150624E-18
3080.  9.070562E-18
3081.  9.040699E-18
3082.  9.055451E-18
3083.  9.112462E-18
3084.  9.211499E-18
3085.  9.349676E-18
3086.  9.516799E-18
3087.  9.690743E-18
3088.  9.836806E-18
3089.  9.909939E-18
3090.  9.860923E-18
3091.  9.646852E-18
3092.  9.247352E-18
3093.  8.686677E-18
3094.  8.066563E-18
3095.  7.601982E-18
3096.  7.648301E-18
3097.  8.693207E-18
3098.  1.129323E-17
3099.  1.594700E-17
3100.  2.293242E-17
3101.  3.216008E-17
3102.  4.310934E-17
3103.  5.488873E-17
3104.  6.641845E-17
3105.  7.667944E-17
3106.  8.494691E-17
3107.  9.092804E-17
3108.  9.476538E-17
3109.  9.691560E-17
3110.  9.795522E-17
3111.  9.838703E-17
3112.  9.850494E-17
3113.  9.834796E-17
3114.  9.773359E-17
3115.  9.633838E-17
3116.  9.378600E-17
3117.  8.972487E-17
3118.  8.388886E-17
3119.  7.615780E-17
3120.  6.661753E-17
3121.  5.560986E-17
3122.  4.374374E-17
3123.  3.184759E-17
3124.  2.085542E-17
3125.  1.164584E-17
3126.  4.872719E-18
3127.  8.279996E-19
3128.  -6.244873E-19
3129.  -2.397773E-20
3130.  1.806143E-18
3131.  3.948854E-18
3132.  5.609111E-18
3133.  6.297482E-18
3134.  5.919647E-18
3135.  4.743632E-18
3136.  3.249671E-18
3137.  1.917903E-18
3138.  1.031758E-18
3139.  5.735740E-19
3140.  2.532674E-19
3141.  -3.461097E-19
3142.  -1.569610E-18
3143.  -3.518980E-18
3144.  -5.977118E-18
3145.  -8.444182E-18
3146.  -1.026264E-17
3147.  -1.077393E-17
3148.  -9.453165E-18
3149.  -5.993350E-18
3150.  -3.328820E-19
3151.  7.357492E-18
3152.  1.671525E-17
3153.  2.724346E-17
3154.  3.838111E-17
3155.  4.958166E-17
3156.  6.039080E-17
3157.  7.051128E-17
3158.  7.984857E-17
3159.  8.853592E-17
3160.  9.693916E-17
3161.  1.056380E-16
3162.  1.153804E-16
3163.  1.270007E-16
3164.  1.413063E-16
3165.  1.589454E-16
3166.  1.802796E-16
3167.  2.052855E-16
3168.  2.335060E-16
3169.  2.640532E-16
3170.  2.956592E-16
3171.  3.267569E-16
3172.  3.555781E-16
3173.  3.802600E-16
3174.  3.989627E-16
3175.  4.100124E-16
3176.  4.120749E-16
3177.  4.043586E-16
3178.  3.868124E-16
3179.  3.602627E-16
3180.  3.264207E-16
3181.  2.877114E-16
3182.  2.469187E-16
3183.  2.067176E-16
3184.  1.692144E-16
3185.  1.356412E-16
3186.  1.063038E-16
3187.  8.079896E-17
3188.  5.841003E-17
3189.  3.852551E-17
3190.  2.092674E-17
3191.  5.853138E-18
3192.  -6.149171E-18
3193.  -1.450494E-17
3194.  -1.888866E-17
3195.  -1.939940E-17
3196.  -1.658439E-17
3197.  -1.132420E-17
3198.  -4.639108E-18
3199.  2.513444E-18
3200.  9.387944E-18
3201.  1.551664E-17
3202.  2.069217E-17
3203.  2.489220E-17
3204.  2.818741E-17
3205.  3.066609E-17
3206.  3.240266E-17
3207.  3.346282E-17
3208.  3.393032E-17
3209.  3.392668E-17
3210.  3.360851E-17
3211.  3.314182E-17
3212.  3.266643E-17
3213.  3.226894E-17
3214.  3.197644E-17
3215.  3.176948E-17
3216.  3.160690E-17
3217.  3.145080E-17
3218.  3.128394E-17
3219.  3.111533E-17
3220.  3.097719E-17
3221.  3.091262E-17
3222.  3.096118E-17
3223.  3.114501E-17
3224.  3.146123E-17
3225.  3.188171E-17
3226.  3.236054E-17
3227.  3.284630E-17
3228.  3.329527E-17
3229.  3.368001E-17
3230.  3.399305E-17
3231.  3.424541E-17
3232.  3.446045E-17
3233.  3.466687E-17
3234.  3.489291E-17
3235.  3.515944E-17
3236.  3.547863E-17
3237.  3.585243E-17
3238.  3.627366E-17
3239.  3.673007E-17
3240.  3.720627E-17
3241.  3.768716E-17
3242.  3.815883E-17
3243.  3.860759E-17
3244.  3.901851E-17
3245.  3.937193E-17
3246.  3.963698E-17
3247.  3.976769E-17
3248.  3.970103E-17
3249.  3.936827E-17
3250.  3.872070E-17
3251.  3.776997E-17
3252.  3.663038E-17
3253.  3.554645E-17
3254.  3.488401E-17
3255.  3.508286E-17
3256.  3.657829E-17
3257.  3.972053E-17
3258.  4.472261E-17
3259.  5.165190E-17
3260.  6.045408E-17
3261.  7.098360E-17
3262.  8.300001E-17
3263.  9.612155E-17
3264.  1.097473E-16
3265.  1.229985E-16
3266.  1.347304E-16
3267.  1.436513E-16
3268.  1.485403E-16
3269.  1.485060E-16
3270.  1.432021E-16
3271.  1.329189E-16
3272.  1.185080E-16
3273.  1.011746E-16
3274.  8.221538E-17
3275.  6.280739E-17
3276.  4.391559E-17
3277.  2.632533E-17
3278.  1.073767E-17
3279.  -2.159983E-18
3280.  -1.171180E-17
3281.  -1.740578E-17
3282.  -1.902714E-17
3283.  -1.676687E-17
3284.  -1.122153E-17
3285.  -3.268110E-18
3286.  6.144830E-18
3287.  1.621532E-17
3288.  2.643345E-17
3289.  3.661383E-17
3290.  4.681069E-17
3291.  5.715831E-17
3292.  6.770553E-17
3293.  7.830475E-17
3294.  8.859732E-17
3295.  9.809702E-17
3296.  1.063418E-16
3297.  1.130565E-16
3298.  1.182775E-16
3299.  1.223941E-16
3300.  1.260912E-16
3301.  1.302008E-16
3302.  1.354957E-16
3303.  1.424758E-16
3304.  1.512055E-16
3305.  1.612609E-16
3306.  1.718148E-16
3307.  1.818536E-16
3308.  1.904736E-16
3309.  1.971740E-16
3310.  2.020584E-16
3311.  2.058883E-16
3312.  2.099713E-16
3313.  2.159261E-16
3314.  2.253913E-16
3315.  2.397593E-16
3316.  2.599930E-16
3317.  2.865451E-16
3318.  3.193681E-16
3319.  3.579697E-16
3320.  4.014669E-16
3321.  4.486088E-16
3322.  4.977738E-16
3323.  5.469746E-16
3324.  5.939204E-16
3325.  6.361692E-16
3326.  6.713584E-16
3327.  6.974667E-16
3328.  7.130341E-16
3329.  7.172874E-16
3330.  7.101523E-16
3331.  6.921855E-16
3332.  6.644742E-16
3333.  6.285442E-16
3334.  5.862850E-16
3335.  5.398635E-16
3336.  4.915937E-16
3337.  4.437407E-16
3338.  3.982848E-16
3339.  3.566997E-16
3340.  3.198156E-16
3341.  2.878175E-16
3342.  2.603875E-16
3343.  2.369507E-16
3344.  2.169486E-16
3345.  2.000525E-16
3346.  1.862492E-16
3347.  1.757749E-16
3348.  1.689260E-16
3349.  1.658224E-16
3350.  1.662159E-16
3351.  1.694206E-16
3352.  1.743883E-16
3353.  1.798949E-16
3354.  1.847645E-16
3355.  1.880494E-16
3356.  1.891228E-16
3357.  1.876883E-16
3358.  1.837482E-16
3359.  1.775734E-16
3360.  1.696925E-16
3361.  1.608692E-16
3362.  1.520296E-16
3363.  1.441019E-16
3364.  1.377885E-16
3365.  1.333372E-16
3366.  1.304033E-16
3367.  1.280773E-16
3368.  1.250937E-16
3369.  1.201708E-16
3370.  1.123776E-16
3371.  1.014174E-16
3372.  8.774349E-17
3373.  7.247626E-17
3374.  5.714721E-17
3375.  4.334526E-17
3376.  3.235819E-17
3377.  2.491494E-17
3378.  2.110434E-17
3379.  2.049745E-17
3380.  2.243712E-17
3381.  2.638170E-17
3382.  3.217157E-17
3383.  4.010338E-17
3384.  5.078181E-17
3385.  6.481753E-17
3386.  8.250581E-17
3387.  1.036243E-16
3388.  1.274198E-16
3389.  1.527679E-16
3390.  1.784086E-16
3391.  2.031646E-16
3392.  2.260744E-16
3393.  2.464535E-16
3394.  2.639271E-16
3395.  2.784803E-16
3396.  2.905340E-16
3397.  3.010024E-16
3398.  3.112737E-16
3399.  3.230765E-16
3400.  3.382385E-16
3401.  3.584004E-16
3402.  3.847585E-16
3403.  4.178998E-16
3404.  4.577531E-16
3405.  5.036439E-16
3406.  5.544200E-16
3407.  6.086146E-16
3408.  6.646188E-16
3409.  7.208373E-16
3410.  7.758084E-16
3411.  8.282688E-16
3412.  8.771672E-16
3413.  9.216381E-16
3414.  9.609737E-16
3415.  9.946104E-16
3416.  1.022146E-15
3417.  1.043358E-15
3418.  1.058207E-15
3419.  1.066778E-15
3420.  1.069197E-15
3421.  1.065510E-15
3422.  1.055600E-15
3423.  1.039168E-15
3424.  1.015800E-15
3425.  9.851276E-16
3426.  9.470478E-16
3427.  9.019622E-16
3428.  8.509460E-16
3429.  7.957830E-16
3430.  7.388065E-16
3431.  6.825627E-16
3432.  6.293727E-16
3433.  5.809296E-16
3434.  5.380591E-16
3435.  5.007267E-16
3436.  4.682851E-16
3437.  4.398715E-16
3438.  4.148179E-16
3439.  3.929365E-16
3440.  3.745902E-16
3441.  3.605378E-16
3442.  3.516122E-16
3443.  3.483403E-16
3444.  3.506361E-16
3445.  3.576543E-16
3446.  3.678542E-16
3447.  3.792418E-16
3448.  3.897082E-16
3449.  3.973652E-16
3450.  4.007926E-16
3451.  3.991618E-16
3452.  3.922493E-16
3453.  3.803796E-16
3454.  3.643300E-16
3455.  3.452174E-16
3456.  3.243626E-16
3457.  3.031345E-16
3458.  2.827888E-16
3459.  2.643307E-16
3460.  2.484325E-16
3461.  2.354203E-16
3462.  2.253264E-16
3463.  2.179808E-16
3464.  2.131138E-16
3465.  2.104429E-16
3466.  2.097285E-16
3467.  2.108006E-16
3468.  2.135640E-16
3469.  2.179925E-16
3470.  2.241243E-16
3471.  2.320584E-16
3472.  2.419542E-16
3473.  2.540298E-16
3474.  2.685539E-16
3475.  2.858222E-16
3476.  3.061153E-16
3477.  3.296300E-16
3478.  3.563973E-16
3479.  3.862062E-16
3480.  4.185615E-16
3481.  4.526906E-16
3482.  4.875984E-16
3483.  5.221411E-16
3484.  5.550817E-16
3485.  5.851117E-16
3486.  6.108419E-16
3487.  6.308120E-16
3488.  6.435679E-16
3489.  6.478402E-16
3490.  6.428069E-16
3491.  6.283690E-16
3492.  6.053411E-16
3493.  5.754714E-16
3494.  5.412521E-16
3495.  5.055640E-16
3496.  4.712422E-16
3497.  4.406705E-16
3498.  4.154811E-16
3499.  3.963979E-16
3500.  3.832193E-16
3501.  3.749283E-16
3502.  3.699069E-16
3503.  3.662359E-16
3504.  3.620359E-16
3505.  3.557934E-16
3506.  3.466038E-16
3507.  3.342749E-16
3508.  3.192751E-16
3509.  3.025514E-16
3510.  2.852749E-16
3511.  2.685914E-16
3512.  2.534304E-16
3513.  2.404022E-16
3514.  2.297728E-16
3515.  2.214899E-16
3516.  2.152202E-16
3517.  2.103895E-16
3518.  2.062245E-16
3519.  2.018198E-16
3520.  1.962467E-16
3521.  1.887042E-16
3522.  1.786858E-16
3523.  1.661194E-16
3524.  1.514353E-16
3525.  1.355285E-16
3526.  1.196183E-16
3527.  1.050374E-16
3528.  9.300322E-17
3529.  8.443859E-17
3530.  7.987998E-17
3531.  7.948537E-17
3532.  8.311482E-17
3533.  9.042721E-17
3534.  1.009431E-16
3535.  1.140428E-16
3536.  1.289158E-16
3537.  1.445092E-16
3538.  1.595419E-16
3539.  1.726205E-16
3540.  1.824569E-16
3541.  1.881172E-16
3542.  1.892174E-16
3543.  1.859802E-16
3544.  1.791299E-16
3545.  1.696547E-16
3546.  1.585238E-16
3547.  1.464450E-16
3548.  1.337356E-16
3549.  1.203301E-16
3550.  1.059170E-16
3551.  9.015911E-17
3552.  7.294061E-17
3553.  5.456419E-17
3554.  3.583346E-17
3555.  1.797661E-17
3556.  2.412368E-18
3557.  -9.579771E-18
3558.  -1.718490E-17
3559.  -2.026316E-17
3560.  -1.937967E-17
3561.  -1.564096E-17
3562.  -1.039729E-17
3563.  -4.902532E-18
3564.  -2.306203E-20
3565.  3.932014E-18
3566.  7.235826E-18
3567.  1.062823E-17
3568.  1.509872E-17
3569.  2.162572E-17
3570.  3.093288E-17
3571.  4.331474E-17
3572.  5.856956E-17
3573.  7.603469E-17
3574.  9.470935E-17
3575.  1.134258E-16
3576.  1.310301E-16
3577.  1.465393E-16
3578.  1.592477E-16
3579.  1.687683E-16
3580.  1.750118E-16
3581.  1.781285E-16
3582.  1.784528E-16
3583.  1.764954E-16
3584.  1.729914E-16
3585.  1.689749E-16
3586.  1.658113E-16
3587.  1.651070E-16
3588.  1.684700E-16
3589.  1.771508E-16
3590.  1.916645E-16
3591.  2.115084E-16
3592.  2.350807E-16
3593.  2.598421E-16
3594.  2.827077E-16
3595.  3.005957E-16
3596.  3.110235E-16
3597.  3.126050E-16
3598.  3.053275E-16
3599.  2.905172E-16
3600.  2.704988E-16
3601.  2.480483E-16
3602.  2.258171E-16
3603.  2.059190E-16
3604.  1.898130E-16
3605.  1.784806E-16
3606.  1.727716E-16
3607.  1.736978E-16
3608.  1.824659E-16
3609.  2.001444E-16
3610.  2.270415E-16
3611.  2.620310E-16
3612.  3.021514E-16
3613.  3.427340E-16
3614.  3.781383E-16
3615.  4.029228E-16
3616.  4.130938E-16
3617.  4.070099E-16
3618.  3.856516E-16
3619.  3.521777E-16
3620.  3.109629E-16
3621.  2.664505E-16
3622.  2.221962E-16
3623.  1.803506E-16
3624.  1.416539E-16
3625.  1.058388E-16
3626.  7.223257E-17
3627.  4.033250E-17
3628.  1.018787E-17
3629.  -1.748402E-17
3630.  -4.143194E-17
3631.  -6.017713E-17
3632.  -7.239265E-17
3633.  -7.726112E-17
3634.  -7.473801E-17
3635.  -6.566119E-17
3636.  -5.168002E-17
3637.  -3.500756E-17
3638.  -1.803489E-17
3639.  -2.904216E-18
3640.  8.851827E-18
3641.  1.650570E-17
3642.  2.012106E-17
3643.  2.036106E-17
3644.  1.820267E-17
3645.  1.465869E-17
3646.  1.058587E-17
3647.  6.601556E-18
3648.  3.091629E-18
3649.  2.679226E-19
3650.  -1.769323E-18
3651.  -2.991031E-18
3652.  -3.420064E-18
3653.  -3.133087E-18
3654.  -2.262362E-18
3655.  -9.917472E-19
3656.  4.619409E-19
3657.  1.880216E-18
3658.  3.076246E-18
3659.  3.923577E-18
3660.  4.369485E-18
3661.  4.429713E-18
3662.  4.169586E-18
3663.  3.679280E-18
3664.  3.052127E-18
3665.  2.368921E-18
3666.  1.693807E-18
3667.  1.073970E-18
3668.  5.437472E-19
3669.  1.259581E-19
3670.  -1.666573E-19
3671.  -3.330643E-19
3672.  -3.833675E-19
3673.  -3.386002E-19
3674.  -2.270111E-19
3675.  -8.072209E-20
3676.  7.017738E-20
3677.  2.020490E-19
3678.  2.999949E-19
3679.  3.585325E-19
3680.  3.785134E-19
3681.  3.630178E-19
3682.  3.132795E-19
3683.  2.243676E-19
3684.  8.604673E-20
3685.  -1.154372E-19
3686.  -3.928132E-19
3687.  -7.513841E-19
3688.  -1.186902E-18
3689.  -1.683106E-18
3690.  -2.214931E-18
3691.  -2.754045E-18
3692.  -3.273630E-18
3693.  -3.754166E-18
3694.  -4.185724E-18
3695.  -4.567888E-18
3696.  -4.908457E-18
3697.  -5.219615E-18
3698.  -5.513986E-18
3699.  -5.804685E-18
3700.  -6.100256E-18
3701.  -6.404905E-18
3702.  -6.716348E-18
3703.  -7.024974E-18
3704.  -7.314535E-18
3705.  -7.565541E-18
3706.  -7.758899E-18
3707.  -7.883797E-18
3708.  -7.945497E-18
3709.  -7.973028E-18
3710.  -8.024901E-18
3711.  -8.191719E-18
3712.  -8.592329E-18
3713.  -9.363752E-18
3714.  -1.064419E-17
3715.  -1.255323E-17
3716.  -1.517190E-17
3717.  -1.853006E-17
3718.  -2.260059E-17
3719.  -2.730724E-17
3720.  -3.253861E-17
3721.  -3.816435E-17
3722.  -4.404720E-17
3723.  -5.004445E-17
3724.  -5.599631E-17
3725.  -6.170575E-17
3726.  -6.691495E-17
3727.  -7.129098E-17
3728.  -7.442632E-17
3729.  -7.586069E-17
3730.  -7.512407E-17
3731.  -7.179419E-17
3732.  -6.555768E-17
3733.  -5.626443E-17
3734.  -4.396054E-17
3735.  -2.889370E-17
3736.  -1.148414E-17
3737.  7.729128E-18
3738.  2.815804E-17
3739.  4.923294E-17
3740.  7.044938E-17
3741.  9.138433E-17
3742.  1.116778E-16
3743.  1.309887E-16
3744.  1.489414E-16
3745.  1.650770E-16
3746.  1.788312E-16
3747.  1.895434E-16
3748.  1.965054E-16
3749.  1.990493E-16
3750.  1.966682E-16
3751.  1.891610E-16
3752.  1.767719E-16
3753.  1.602896E-16
3754.  1.410583E-16
3755.  1.208607E-16
3756.  1.016654E-16
3757.  8.527573E-17
3758.  7.296325E-17
3759.  6.519996E-17
3760.  6.157960E-17
3761.  6.096591E-17
3762.  6.182182E-17
3763.  6.260759E-17
3764.  6.212257E-17
3765.  5.969409E-17
3766.  5.519483E-17
3767.  4.892920E-17
3768.  4.146011E-17
3769.  3.344002E-17
3770.  2.548060E-17
3771.  1.807573E-17
3772.  1.157501E-17
3773.  6.204888E-18
3774.  2.115197E-18
3775.  -5.843933E-19
3776.  -1.829669E-18
3777.  -1.664116E-18
3778.  -3.213944E-19
3779.  1.730842E-18
3780.  3.846223E-18
3781.  5.362646E-18
3782.  5.823897E-18
3783.  5.166118E-18
3784.  3.784263E-18
3785.  2.438543E-18
3786.  2.023401E-18
3787.  3.271667E-18
3788.  6.486708E-18
3789.  1.138158E-17
3790.  1.708311E-17
3791.  2.230693E-17
3792.  2.567757E-17
3793.  2.610795E-17
3794.  2.313608E-17
3795.  1.710352E-17
3796.  9.114008E-18
3797.  7.724766E-19
3798.  -6.210532E-18
3799.  -1.042435E-17
3800.  -1.105653E-17
3801.  -8.021584E-18
3802.  -1.922781E-18
3803.  6.102537E-18
3804.  1.460393E-17
3805.  2.206958E-17
3806.  2.719178E-17
3807.  2.912019E-17
3808.  2.764994E-17
3809.  2.327542E-17
3810.  1.706852E-17
3811.  1.039330E-17
3812.  4.549056E-18
3813.  4.604987E-19
3814.  -1.476541E-18
3815.  -1.361044E-18
3816.  3.890586E-19
3817.  3.259967E-18
3818.  6.815659E-18
3819.  1.076852E-17
3820.  1.495203E-17
3821.  1.923553E-17
3822.  2.343543E-17
3823.  2.725605E-17
3824.  3.027434E-17
3825.  3.196385E-17
3826.  3.175419E-17
3827.  2.912490E-17
3828.  2.373452E-17
3829.  1.556012E-17
3830.  5.005766E-18
3831.  -7.080051E-18
3832.  -1.951790E-17
3833.  -3.103198E-17
3834.  -4.053352E-17
3835.  -4.734164E-17
3836.  -5.124801E-17
3837.  -5.240179E-17
3838.  -5.108703E-17
3839.  -4.752339E-17
3840.  -4.181371E-17
3841.  -3.407336E-17
3842.  -2.465960E-17
3843.  -1.434725E-17
3844.  -4.297412E-18
3845.  4.224856E-18
3846.  1.029215E-17
3847.  1.371742E-17
3848.  1.521566E-17
3849.  1.621543E-17
3850.  1.836945E-17
3851.  2.294436E-17
3852.  3.032375E-17
3853.  3.980707E-17
3854.  4.976946E-17
3855.  5.810802E-17
3856.  6.281633E-17
3857.  6.249134E-17
3858.  5.663916E-17
3859.  4.571688E-17
3860.  3.095654E-17
3861.  1.406100E-17
3862.  -3.117561E-18
3863.  -1.884599E-17
3864.  -3.170391E-17
3865.  -4.072067E-17
3866.  -4.547079E-17
3867.  -4.612403E-17
3868.  -4.341328E-17
3869.  -3.848864E-17
3870.  -3.265632E-17
3871.  -2.706346E-17
3872.  -2.242182E-17
3873.  -1.887489E-17
3874.  -1.604960E-17
3875.  -1.327475E-17
3876.  -9.869958E-18
3877.  -5.400039E-18
3878.  1.861817E-19
3879.  6.550256E-18
3880.  1.305540E-17
3881.  1.889516E-17
3882.  2.321950E-17
3883.  2.524913E-17
3884.  2.439562E-17
3885.  2.039566E-17
3886.  1.343702E-17
3887.  4.226782E-18
3888.  -6.053193E-18
3889.  -1.592516E-17
3890.  -2.389684E-17
3891.  -2.877545E-17
3892.  -2.992093E-17
3893.  -2.737254E-17
3894.  -2.180541E-17
3895.  -1.433161E-17
3896.  -6.188119E-18
3897.  1.599031E-18
3898.  8.469970E-18
3899.  1.441486E-17
3900.  1.984832E-17
3901.  2.532333E-17
3902.  3.120044E-17
3903.  3.740968E-17
3904.  4.339238E-17
3905.  4.822474E-17
3906.  5.085082E-17
3907.  5.032268E-17
3908.  4.598608E-17
3909.  3.759320E-17
3910.  2.536787E-17
3911.  1.004280E-17
3912.  -7.144045E-18
3913.  -2.453253E-17
3914.  -4.023851E-17
3915.  -5.245785E-17
3916.  -5.980675E-17
3917.  -6.159823E-17
3918.  -5.796100E-17
3919.  -4.977006E-17
3920.  -3.841841E-17
3921.  -2.552324E-17
3922.  -1.264168E-17
3923.  -1.064017E-18
3924.  8.313660E-18
3925.  1.503891E-17
3926.  1.909088E-17
3927.  2.080325E-17
3928.  2.073077E-17
3929.  1.947990E-17
3930.  1.755948E-17
3931.  1.530063E-17
3932.  1.287442E-17
3933.  1.037826E-17
3934.  7.928647E-18
3935.  5.695483E-18
3936.  3.857679E-18
3937.  2.509309E-18
3938.  1.589222E-18
3939.  8.851732E-19
3940.  1.310519E-19
3941.  -8.460852E-19
3942.  -1.998997E-18
3943.  -3.016289E-18
3944.  -3.399465E-18
3945.  -2.645270E-18
3946.  -4.774514E-19
3947.  2.958681E-18
3948.  7.030761E-18
3949.  1.073761E-17
3950.  1.299971E-17
3951.  1.302696E-17
3952.  1.062445E-17
3953.  6.301930E-18
3954.  1.139146E-18
3955.  -3.545510E-18
3956.  -6.579939E-18
3957.  -7.236976E-18
3958.  -5.345927E-18
3959.  -1.219601E-18
3960.  4.536909E-18
3961.  1.123466E-17
3962.  1.825403E-17
3963.  2.510147E-17
3964.  3.138287E-17
3965.  3.671890E-17
3966.  4.064463E-17
3967.  4.254515E-17
3968.  4.167472E-17
3969.  3.730132E-17
3970.  2.897345E-17
3971.  1.684292E-17
3972.  1.919601E-18
3973.  -1.389601E-17
3974.  -2.809642E-17
3975.  -3.815314E-17
3976.  -4.223932E-17
3977.  -3.983555E-17
3978.  -3.197121E-17
3979.  -2.098273E-17
3980.  -9.856644E-18
3981.  -1.388324E-18
3982.  2.556705E-18
3983.  1.447324E-18
3984.  -3.919887E-18
3985.  -1.178102E-17
3986.  -1.995370E-17
3987.  -2.641157E-17
3988.  -2.974031E-17
3989.  -2.941020E-17
3990.  -2.583330E-17
3991.  -2.021355E-17
3992.  -1.422189E-17
3993.  -9.557559E-18
3994.  -7.486502E-18
3995.  -8.472043E-18
3996.  -1.200936E-17
3997.  -1.673730E-17
3998.  -2.082904E-17
3999.  -2.257068E-17
4000.  -2.095777E-17
4001.  -1.610730E-17
4002.  -9.313794E-18
4003.  -2.691960E-18
4004.  1.508513E-18
4005.  1.691907E-18
4006.  -2.481197E-18
4007.  -9.915677E-18
4008.  -1.841717E-17
4009.  -2.543221E-17
4010.  -2.891866E-17
4011.  -2.802487E-17
4012.  -2.333521E-17
4013.  -1.660758E-17
4014.  -1.013250E-17
4015.  -5.965679E-18
4016.  -5.321731E-18
4017.  -8.337079E-18
4018.  -1.425756E-17
4019.  -2.194961E-17
4020.  -3.050301E-17
4021.  -3.966982E-17
4022.  -4.994588E-17
4023.  -6.226400E-17
4024.  -7.743394E-17
4025.  -9.557763E-17
4026.  -1.158056E-16
4027.  -1.362689E-16
4028.  -1.545564E-16
4029.  -1.682752E-16
4030.  -1.756096E-16
4031.  -1.756940E-16
4032.  -1.687342E-16
4033.  -1.558864E-16
4034.  -1.389635E-16
4035.  -1.200549E-16
4036.  -1.011442E-16
4037.  -8.380564E-17
4038.  -6.903595E-17
4039.  -5.724486E-17
4040.  -4.838078E-17
4041.  -4.213108E-17
4042.  -3.812442E-17
4043.  -3.607734E-17
4044.  -3.585504E-17
4045.  -3.744349E-17
4046.  -4.084883E-17
4047.  -4.595855E-17
4048.  -5.240904E-17
4049.  -5.952914E-17
4050.  -6.640795E-17
4051.  -7.210788E-17
4052.  -7.596295E-17
4053.  -7.784884E-17
4054.  -7.828578E-17
4055.  -7.829008E-17
4056.  -7.899093E-17
4057.  -8.114713E-17
4058.  -8.475983E-17
4059.  -8.896020E-17
4060.  -9.223473E-17
4061.  -9.291830E-17
4062.  -8.975949E-17
4063.  -8.233455E-17
4064.  -7.115213E-17
4065.  -5.742085E-17
4066.  -4.259485E-17
4067.  -2.790184E-17
4068.  -1.405341E-17
4069.  -1.248583E-18
4070.  1.055601E-17
4071.  2.126377E-17
4072.  3.034971E-17
4073.  3.683597E-17
4074.  3.957616E-17
4075.  3.774329E-17
4076.  3.131153E-17
4077.  2.131488E-17
4078.  9.749596E-18
4079.  -8.599158E-19
4080.  -8.078127E-18
4081.  -1.014498E-17
4082.  -6.339957E-18
4083.  2.970148E-18
4084.  1.658698E-17
4085.  3.292253E-17
4086.  5.047037E-17
4087.  6.815407E-17
4088.  8.545148E-17
4089.  1.022786E-16
4090.  1.186984E-16
4091.  1.345807E-16
4092.  1.493573E-16
4093.  1.619743E-16
4094.  1.710664E-16
4095.  1.752950E-16
4096.  1.737335E-16
4097.  1.661786E-16
4098.  1.532990E-16
4099.  1.365793E-16
4100.  1.180697E-16
4101.  9.997677E-17
4102.  8.417678E-17
4103.  7.176722E-17
4104.  6.280178E-17
4105.  5.632622E-17
4106.  5.074420E-17
4107.  4.439885E-17
4108.  3.615473E-17
4109.  2.574229E-17
4110.  1.373932E-17
4111.  1.232752E-18
4112.  -1.064133E-17
4113.  -2.105336E-17
4114.  -2.958319E-17
4115.  -3.608387E-17
4116.  -4.043532E-17
4117.  -4.236775E-17
4118.  -4.145551E-17
4119.  -3.727916E-17
4120.  -2.965414E-17
4121.  -1.879570E-17
4122.  -5.332798E-18
4123.  9.832216E-18
4124.  2.575320E-17
4125.  4.165741E-17
4126.  5.708142E-17
4127.  7.189910E-17
4128.  8.626904E-17
4129.  1.005403E-16
4130.  1.151504E-16
4131.  1.305243E-16
4132.  1.469843E-16
4133.  1.646828E-16
4134.  1.835736E-16
4135.  2.034294E-16
4136.  2.238823E-16
4137.  2.444511E-16
4138.  2.645255E-16
4139.  2.833205E-16
4140.  2.998504E-16
4141.  3.129838E-16
4142.  3.215982E-16
4143.  3.247964E-16
4144.  3.221002E-16
4145.  3.135386E-16
4146.  2.996035E-16
4147.  2.811047E-16
4148.  2.590072E-16
4149.  2.343103E-16
4150.  2.079980E-16
4151.  1.810406E-16
4152.  1.544107E-16
4153.  1.290872E-16
4154.  1.060385E-16
4155.  8.618493E-17
4156.  7.033670E-17
4157.  5.910404E-17
4158.  5.278491E-17
4159.  5.126097E-17
4160.  5.393868E-17
4161.  5.976647E-17
4162.  6.733188E-17
4163.  7.501432E-17
4164.  8.117052E-17
4165.  8.433379E-17
4166.  8.341665E-17
4167.  7.789565E-17
4168.  6.792635E-17
4169.  5.432718E-17
4170.  3.839029E-17
4171.  2.154690E-17
4172.  4.996374E-18
4173.  -1.055517E-17
4174.  -2.492758E-17
4175.  -3.826006E-17
4176.  -5.067346E-17
4177.  -6.198239E-17
4178.  -7.160879E-17
4179.  -7.874468E-17
4180.  -8.266244E-17
4181.  -8.300114E-17
4182.  -7.987048E-17
4183.  -7.373042E-17
4184.  -6.513768E-17
4185.  -5.452516E-17
4186.  -4.215100E-17
4187.  -2.824837E-17
4188.  -1.328033E-17
4189.  1.856903E-18
4190.  1.581788E-17
4191.  2.702361E-17
4192.  3.405076E-17
4193.  3.605713E-17
4194.  3.309732E-17
4195.  2.621387E-17
4196.  1.726302E-17
4197.  8.516913E-18
4198.  2.145148E-18
4199.  -2.804287E-19
4200.  1.864716E-18
4201.  8.135432E-18
4202.  1.713218E-17
4203.  2.680776E-17
4204.  3.489745E-17
4205.  3.939428E-17
4206.  3.899962E-17
4207.  3.347467E-17
4208.  2.381515E-17
4209.  1.218033E-17
4210.  1.561029E-18
4211.  -4.759560E-18
4212.  -3.808837E-18
4213.  6.573844E-18
4214.  2.748179E-17
4215.  5.896861E-17
4216.  1.002862E-16
4217.  1.501766E-16
4218.  2.070516E-16
4219.  2.689694E-16
4220.  3.334321E-16
4221.  3.971437E-16
4222.  4.559133E-16
4223.  5.048602E-16
4224.  5.389611E-16
4225.  5.538438E-16
4226.  5.466159E-16
4227.  5.164869E-16
4228.  4.650028E-16
4229.  3.958349E-16
4230.  3.142078E-16
4231.  2.261403E-16
4232.  1.376926E-16
4233.  5.436600E-17
4234.  -1.928639E-17
4235.  -7.984381E-17
4236.  -1.250474E-16
4237.  -1.537354E-16
4238.  -1.657311E-16
4239.  -1.617340E-16
4240.  -1.432383E-16
4241.  -1.124948E-16
4242.  -7.247588E-17
4243.  -2.678247E-17
4244.  2.058621E-17
4245.  6.561999E-17
4246.  1.047889E-16
4247.  1.354988E-16
4248.  1.563642E-16
4249.  1.672083E-16
4250.  1.688187E-16
4251.  1.625818E-16
4252.  1.501442E-16
4253.  1.331939E-16
4254.  1.133494E-16
4255.  9.208155E-17
4256.  7.060126E-17
4257.  4.972772E-17
4258.  2.983776E-17
4259.  1.100082E-17
4260.  -6.681396E-18
4261.  -2.266930E-17
4262.  -3.574987E-17
4263.  -4.417936E-17
4264.  -4.623814E-17
4265.  -4.100170E-17
4266.  -2.897718E-17
4267.  -1.228295E-17
4268.  5.767438E-18
4269.  2.154108E-17
4270.  3.208070E-17
4271.  3.583933E-17
4272.  3.290575E-17
4273.  2.470024E-17
4274.  1.333543E-17
4275.  9.245359E-19
4276.  -1.091202E-17
4277.  -2.123455E-17
4278.  -2.969703E-17
4279.  -3.631470E-17
4280.  -4.122678E-17
4281.  -4.455669E-17
4282.  -4.639925E-17
4283.  -4.690729E-17
4284.  -4.640724E-17
4285.  -4.545665E-17
4286.  -4.478422E-17
4287.  -4.509892E-17
4288.  -4.682407E-17
4289.  -4.986726E-17
4290.  -5.354268E-17
4291.  -5.671198E-17
4292.  -5.811784E-17
4293.  -5.679732E-17
4294.  -5.242030E-17
4295.  -4.543036E-17
4296.  -3.694141E-17
4297.  -2.843075E-17
4298.  -2.133158E-17
4299.  -1.665049E-17
4300.  -1.471371E-17
4301.  -1.511140E-17
4302.  -1.684839E-17
4303.  -1.865580E-17
4304.  -1.936163E-17
4305.  -1.820734E-17
4306.  -1.500318E-17
4307.  -1.009504E-17
4308.  -4.169233E-18
4309.  2.002503E-18
4310.  7.781070E-18
4311.  1.277514E-17
4312.  1.684477E-17
4313.  2.003231E-17
4314.  2.247222E-17
4315.  2.431269E-17
4316.  2.566528E-17
4317.  2.658218E-17
4318.  2.706420E-17
4319.  2.710841E-17
4320.  2.680454E-17
4321.  2.647956E-17
4322.  2.688004E-17
4323.  2.935626E-17
4324.  3.599913E-17
4325.  4.963698E-17
4326.  7.360207E-17
4327.  1.111955E-16
4328.  1.648708E-16
4329.  2.352977E-16
4330.  3.205860E-16
4331.  4.159844E-16
4332.  5.142737E-16
4333.  6.068591E-16
4334.  6.853146E-16
4335.  7.429749E-16
4336.  7.761397E-16
4337.  7.845987E-16
4338.  7.714075E-16
4339.  7.420615E-16
4340.  7.033557E-16
4341.  6.622286E-16
4342.  6.248171E-16
4343.  5.958125E-16
4344.  5.781084E-16
4345.  5.726778E-16
4346.  5.786347E-16
4347.  5.934884E-16
4348.  6.136262E-16
4349.  6.350350E-16
4350.  6.541776E-16
4351.  6.688388E-16
4352.  6.786829E-16
4353.  6.852966E-16
4354.  6.916167E-16
4355.  7.008482E-16
4356.  7.151704E-16
4357.  7.346484E-16
4358.  7.567413E-16
4359.  7.766249E-16
4360.  7.882873E-16
4361.  7.860771E-16
4362.  7.662177E-16
4363.  7.278055E-16
4364.  6.729895E-16
4365.  6.063270E-16
4366.  5.335905E-16
4367.  4.604610E-16
4368.  3.915163E-16
4369.  3.297492E-16
4370.  2.766136E-16
4371.  2.324061E-16
4372.  1.967259E-16
4373.  1.688093E-16
4374.  1.476686E-16
4375.  1.321007E-16
4376.  1.207011E-16
4377.  1.120012E-16
4378.  1.047638E-16
4379.  9.834814E-17
4380.  9.298443E-17
4381.  8.978298E-17
4382.  9.039353E-17
4383.  9.636915E-17
4384.  1.084460E-16
4385.  1.260136E-16
4386.  1.470287E-16
4387.  1.684538E-16
4388.  1.871013E-16
4389.  2.005749E-16
4390.  2.079475E-16
4391.  2.099093E-16
4392.  2.083485E-16
4393.  2.055672E-16
4394.  2.034840E-16
4395.  2.031467E-16
4396.  2.047015E-16
4397.  2.077319E-16
4398.  2.117120E-16
4399.  2.163212E-16
4400.  2.214909E-16
4401.  2.272417E-16
4402.  2.334782E-16
4403.  2.399057E-16
4404.  2.461217E-16
4405.  2.517992E-16
4406.  2.568195E-16
4407.  2.612387E-16
4408.  2.650861E-16
4409.  2.681037E-16
4410.  2.695980E-16
4411.  2.685333E-16
4412.  2.638840E-16
4413.  2.551249E-16
4414.  2.426476E-16
4415.  2.278992E-16
4416.  2.131414E-16
4417.  2.008939E-16
4418.  1.932541E-16
4419.  1.913413E-16
4420.  1.950613E-16
4421.  2.032527E-16
4422.  2.141388E-16
4423.  2.259027E-16
4424.  2.371882E-16
4425.  2.473725E-16
4426.  2.565556E-16
4427.  2.653051E-16
4428.  2.742677E-16
4429.  2.837855E-16
4430.  2.936374E-16
4431.  3.029821E-16
4432.  3.105104E-16
4433.  3.147601E-16
4434.  3.145042E-16
4435.  3.091031E-16
4436.  2.987381E-16
4437.  2.844661E-16
4438.  2.680911E-16
4439.  2.518812E-16
4440.  2.381919E-16
4441.  2.290661E-16
4442.  2.258833E-16
4443.  2.291146E-16
4444.  2.382339E-16
4445.  2.518076E-16
4446.  2.677706E-16
4447.  2.838434E-16
4448.  2.980180E-16
4449.  3.089834E-16
4450.  3.163777E-16
4451.  3.207801E-16
4452.  3.234611E-16
4453.  3.259883E-16
4454.  3.298431E-16
4455.  3.361814E-16
4456.  3.457787E-16
4457.  3.591036E-16
4458.  3.764039E-16
4459.  3.976976E-16
4460.  4.226441E-16
4461.  4.503571E-16
4462.  4.792765E-16
4463.  5.072060E-16
4464.  5.315607E-16
4465.  5.497803E-16
4466.  5.598001E-16
4467.  5.604538E-16
4468.  5.517143E-16
4469.  5.347154E-16
4470.  5.115756E-16
4471.  4.850573E-16
4472.  4.581173E-16
4473.  4.334077E-16
4474.  4.127929E-16
4475.  3.969690E-16
4476.  3.852842E-16
4477.  3.758420E-16
4478.  3.659070E-16
4479.  3.525395E-16
4480.  3.332975E-16
4481.  3.068155E-16
4482.  2.731121E-16
4483.  2.335634E-16
4484.  1.905972E-16
4485.  1.472054E-16
4486.  1.064043E-16
4487.  7.073793E-17
4488.  4.190832E-17
4489.  2.058727E-17
4490.  6.440605E-18
4491.  -1.651430E-18
4492.  -5.241968E-18
4493.  -5.944263E-18
4494.  -5.133737E-18
4495.  -3.793331E-18
4496.  -2.496409E-18
4497.  -1.491005E-18
4498.  -8.157209E-19
4499.  -4.113601E-19
4500.  -1.918200E-19
