1.  2.116697E-18
2.  2.182062E-18
3.  2.249467E-18
4.  2.318575E-18
5.  2.389624E-18
6.  2.462821E-18
7.  2.538010E-18
8.  2.615200E-18
9.  2.694584E-18
10.  2.776120E-18
11.  2.859993E-18
12.  2.946057E-18
13.  3.034570E-18
14.  3.125510E-18
15.  3.218856E-18
16.  3.314750E-18
17.  3.413276E-18
18.  3.514408E-18
19.  3.618269E-18
20.  3.724872E-18
21.  3.834349E-18
22.  3.946767E-18
23.  4.062257E-18
24.  4.180582E-18
25.  4.302199E-18
26.  4.426941E-18
27.  4.555004E-18
28.  4.686316E-18
29.  4.821107E-18
30.  4.959419E-18
31.  5.101181E-18
32.  5.246676E-18
33.  5.395930E-18
34.  5.548998E-18
35.  5.705891E-18
36.  5.866857E-18
37.  6.031882E-18
38.  6.200994E-18
39.  6.374514E-18
40.  6.552214E-18
41.  6.734409E-18
42.  6.921181E-18
43.  7.112514E-18
44.  7.308645E-18
45.  7.509637E-18
46.  7.715447E-18
47.  7.926438E-18
48.  8.142335E-18
49.  8.363714E-18
50.  8.590292E-18
51.  8.822421E-18
52.  9.060057E-18
53.  9.303472E-18
54.  9.552619E-18
55.  9.807755E-18
56.  1.006887E-17
57.  1.033617E-17
58.  1.060969E-17
59.  1.088968E-17
60.  1.117627E-17
61.  1.146941E-17
62.  1.176951E-17
63.  1.207641E-17
64.  1.239031E-17
65.  1.271148E-17
66.  1.303992E-17
67.  1.337598E-17
68.  1.371951E-17
69.  1.407081E-17
70.  1.443002E-17
71.  1.479733E-17
72.  1.517273E-17
73.  1.555651E-17
74.  1.594881E-17
75.  1.634972E-17
76.  1.675933E-17
77.  1.717812E-17
78.  1.760595E-17
79.  1.804308E-17
80.  1.848955E-17
81.  1.894577E-17
82.  1.941168E-17
83.  1.988752E-17
84.  2.037353E-17
85.  2.086987E-17
86.  2.137649E-17
87.  2.189402E-17
88.  2.242212E-17
89.  2.296152E-17
90.  2.351182E-17
91.  2.407368E-17
92.  2.464704E-17
93.  2.523215E-17
94.  2.582917E-17
95.  2.643832E-17
96.  2.705975E-17
97.  2.769388E-17
98.  2.834047E-17
99.  2.900023E-17
100.  2.967290E-17
101.  3.035900E-17
102.  3.105853E-17
103.  3.177193E-17
104.  3.249919E-17
105.  3.324063E-17
106.  3.399642E-17
107.  3.476669E-17
108.  3.555181E-17
109.  3.635196E-17
110.  3.716731E-17
111.  3.799805E-17
112.  3.884442E-17
113.  3.970681E-17
114.  4.058514E-17
115.  4.147991E-17
116.  4.239109E-17
117.  4.331903E-17
118.  4.426416E-17
119.  4.522645E-17
120.  4.620617E-17
121.  4.720363E-17
122.  4.821900E-17
123.  4.925253E-17
124.  5.030448E-17
125.  5.137494E-17
126.  5.246446E-17
127.  5.357291E-17
128.  5.470083E-17
129.  5.584829E-17
130.  5.701563E-17
131.  5.820294E-17
132.  5.941063E-17
133.  6.063885E-17
134.  6.188779E-17
135.  6.315793E-17
136.  6.444924E-17
137.  6.576217E-17
138.  6.709679E-17
139.  6.845344E-17
140.  6.983224E-17
141.  7.123370E-17
142.  7.265780E-17
143.  7.410501E-17
144.  7.557546E-17
145.  7.706933E-17
146.  7.858692E-17
147.  8.012845E-17
148.  8.169426E-17
149.  8.328445E-17
150.  8.489945E-17
151.  8.653940E-17
152.  8.820439E-17
153.  8.989495E-17
154.  9.161114E-17
155.  9.335323E-17
156.  9.512138E-17
157.  9.691613E-17
158.  9.873735E-17
159.  1.005854E-16
160.  1.024605E-16
161.  1.043631E-16
162.  1.062931E-16
163.  1.082511E-16
164.  1.102368E-16
165.  1.122510E-16
166.  1.142934E-16
167.  1.163646E-16
168.  1.184648E-16
169.  1.205941E-16
170.  1.227527E-16
171.  1.249408E-16
172.  1.271587E-16
173.  1.294066E-16
174.  1.316847E-16
175.  1.339932E-16
176.  1.363322E-16
177.  1.387021E-16
178.  1.411029E-16
179.  1.435349E-16
180.  1.459983E-16
181.  1.484932E-16
182.  1.510198E-16
183.  1.535784E-16
184.  1.561691E-16
185.  1.587920E-16
186.  1.614473E-16
187.  1.641354E-16
188.  1.668562E-16
189.  1.696098E-16
190.  1.723965E-16
191.  1.752165E-16
192.  1.780699E-16
193.  1.809568E-16
194.  1.838774E-16
195.  1.868317E-16
196.  1.898199E-16
197.  1.928422E-16
198.  1.958987E-16
199.  1.989894E-16
200.  2.021144E-16
201.  2.052741E-16
202.  2.084683E-16
203.  2.116972E-16
204.  2.149607E-16
205.  2.182592E-16
206.  2.215927E-16
207.  2.249610E-16
208.  2.283646E-16
209.  2.318032E-16
210.  2.352770E-16
211.  2.387861E-16
212.  2.423304E-16
213.  2.459101E-16
214.  2.495250E-16
215.  2.531754E-16
216.  2.568610E-16
217.  2.605823E-16
218.  2.643389E-16
219.  2.681309E-16
220.  2.719584E-16
221.  2.758210E-16
222.  2.797192E-16
223.  2.836527E-16
224.  2.876214E-16
225.  2.916254E-16
226.  2.956648E-16
227.  2.997393E-16
228.  3.038488E-16
229.  3.079934E-16
230.  3.121729E-16
231.  3.163874E-16
232.  3.206366E-16
233.  3.249205E-16
234.  3.292391E-16
235.  3.335920E-16
236.  3.379793E-16
237.  3.424010E-16
238.  3.468566E-16
239.  3.513461E-16
240.  3.558695E-16
241.  3.604266E-16
242.  3.650171E-16
243.  3.696409E-16
244.  3.742978E-16
245.  3.789877E-16
246.  3.837103E-16
247.  3.884656E-16
248.  3.932531E-16
249.  3.980727E-16
250.  4.029242E-16
251.  4.078073E-16
252.  4.127220E-16
253.  4.176677E-16
254.  4.226444E-16
255.  4.276516E-16
256.  4.326894E-16
257.  4.377571E-16
258.  4.428547E-16
259.  4.479819E-16
260.  4.531381E-16
261.  4.583233E-16
262.  4.635372E-16
263.  4.687792E-16
264.  4.740492E-16
265.  4.793468E-16
266.  4.846716E-16
267.  4.900233E-16
268.  4.954015E-16
269.  5.008059E-16
270.  5.062361E-16
271.  5.116917E-16
272.  5.171723E-16
273.  5.226775E-16
274.  5.282068E-16
275.  5.337601E-16
276.  5.393367E-16
277.  5.449362E-16
278.  5.505584E-16
279.  5.562026E-16
280.  5.618684E-16
281.  5.675555E-16
282.  5.732633E-16
283.  5.789914E-16
284.  5.847394E-16
285.  5.905065E-16
286.  5.962927E-16
287.  6.020972E-16
288.  6.079195E-16
289.  6.137592E-16
290.  6.196160E-16
291.  6.254889E-16
292.  6.313778E-16
293.  6.372823E-16
294.  6.432012E-16
295.  6.491346E-16
296.  6.550817E-16
297.  6.610421E-16
298.  6.670152E-16
299.  6.730004E-16
300.  6.789971E-16
301.  6.850050E-16
302.  6.910233E-16
303.  6.970514E-16
304.  7.030889E-16
305.  7.091353E-16
306.  7.151897E-16
307.  7.212519E-16
308.  7.273210E-16
309.  7.333968E-16
310.  7.394783E-16
311.  7.455652E-16
312.  7.516567E-16
313.  7.577522E-16
314.  7.638513E-16
315.  7.699535E-16
316.  7.760577E-16
317.  7.821637E-16
318.  7.882709E-16
319.  7.943786E-16
320.  8.004862E-16
321.  8.065931E-16
322.  8.126984E-16
323.  8.188020E-16
324.  8.249030E-16
325.  8.310008E-16
326.  8.370951E-16
327.  8.431848E-16
328.  8.492695E-16
329.  8.553487E-16
330.  8.614216E-16
331.  8.674878E-16
332.  8.735465E-16
333.  8.795972E-16
334.  8.856391E-16
335.  8.916720E-16
336.  8.976948E-16
337.  9.037073E-16
338.  9.097087E-16
339.  9.156983E-16
340.  9.216757E-16
341.  9.276404E-16
342.  9.335915E-16
343.  9.395284E-16
344.  9.454508E-16
345.  9.513580E-16
346.  9.572493E-16
347.  9.631243E-16
348.  9.689822E-16
349.  9.748225E-16
350.  9.806448E-16
351.  9.864484E-16
352.  9.922325E-16
353.  9.979971E-16
354.  1.003741E-15
355.  1.009464E-15
356.  1.015166E-15
357.  1.020845E-15
358.  1.026502E-15
359.  1.032136E-15
360.  1.037746E-15
361.  1.043332E-15
362.  1.048894E-15
363.  1.054430E-15
364.  1.059940E-15
365.  1.065424E-15
366.  1.070881E-15
367.  1.076311E-15
368.  1.081713E-15
369.  1.087087E-15
370.  1.092433E-15
371.  1.097749E-15
372.  1.103036E-15
373.  1.108292E-15
374.  1.113518E-15
375.  1.118713E-15
376.  1.123876E-15
377.  1.129007E-15
378.  1.134106E-15
379.  1.139173E-15
380.  1.144206E-15
381.  1.149205E-15
382.  1.154171E-15
383.  1.159102E-15
384.  1.163998E-15
385.  1.168859E-15
386.  1.173685E-15
387.  1.178475E-15
388.  1.183228E-15
389.  1.187945E-15
390.  1.192625E-15
391.  1.197267E-15
392.  1.201871E-15
393.  1.206438E-15
394.  1.210967E-15
395.  1.215456E-15
396.  1.219907E-15
397.  1.224319E-15
398.  1.228691E-15
399.  1.233023E-15
400.  1.237315E-15
401.  1.241566E-15
402.  1.245777E-15
403.  1.249948E-15
404.  1.254077E-15
405.  1.258164E-15
406.  1.262210E-15
407.  1.266215E-15
408.  1.270177E-15
409.  1.274096E-15
410.  1.277974E-15
411.  1.281808E-15
412.  1.285600E-15
413.  1.289349E-15
414.  1.293054E-15
415.  1.296717E-15
416.  1.300335E-15
417.  1.303910E-15
418.  1.307441E-15
419.  1.310928E-15
420.  1.314371E-15
421.  1.317769E-15
422.  1.321124E-15
423.  1.324433E-15
424.  1.327699E-15
425.  1.330919E-15
426.  1.334095E-15
427.  1.337225E-15
428.  1.340311E-15
429.  1.343352E-15
430.  1.346347E-15
431.  1.349298E-15
432.  1.352203E-15
433.  1.355063E-15
434.  1.357878E-15
435.  1.360647E-15
436.  1.363371E-15
437.  1.366050E-15
438.  1.368683E-15
439.  1.371270E-15
440.  1.373812E-15
441.  1.376309E-15
442.  1.378760E-15
443.  1.381166E-15
444.  1.383527E-15
445.  1.385841E-15
446.  1.388111E-15
447.  1.390335E-15
448.  1.392514E-15
449.  1.394648E-15
450.  1.396736E-15
451.  1.398780E-15
452.  1.400777E-15
453.  1.402731E-15
454.  1.404639E-15
455.  1.406501E-15
456.  1.408320E-15
457.  1.410093E-15
458.  1.411821E-15
459.  1.413506E-15
460.  1.415145E-15
461.  1.416740E-15
462.  1.418290E-15
463.  1.419797E-15
464.  1.421259E-15
465.  1.422677E-15
466.  1.424051E-15
467.  1.425381E-15
468.  1.426668E-15
469.  1.427911E-15
470.  1.429110E-15
471.  1.430266E-15
472.  1.431379E-15
473.  1.432448E-15
474.  1.433475E-15
475.  1.434459E-15
476.  1.435400E-15
477.  1.436299E-15
478.  1.437155E-15
479.  1.437969E-15
480.  1.438741E-15
481.  1.439471E-15
482.  1.440159E-15
483.  1.440805E-15
484.  1.441410E-15
485.  1.441974E-15
486.  1.442496E-15
487.  1.442977E-15
488.  1.443418E-15
489.  1.443818E-15
490.  1.444177E-15
491.  1.444496E-15
492.  1.444775E-15
493.  1.445014E-15
494.  1.445213E-15
495.  1.445372E-15
496.  1.445492E-15
497.  1.445573E-15
498.  1.445614E-15
499.  1.445617E-15
500.  1.445581E-15
501.  1.445506E-15
502.  1.445393E-15
503.  1.445241E-15
504.  1.445052E-15
505.  1.444825E-15
506.  1.444560E-15
507.  1.444258E-15
508.  1.443919E-15
509.  1.443542E-15
510.  1.443129E-15
511.  1.442679E-15
512.  1.442192E-15
513.  1.441670E-15
514.  1.441111E-15
515.  1.440516E-15
516.  1.439886E-15
517.  1.439220E-15
518.  1.438519E-15
519.  1.437783E-15
520.  1.437012E-15
521.  1.436206E-15
522.  1.435366E-15
523.  1.434492E-15
524.  1.433583E-15
525.  1.432641E-15
526.  1.431665E-15
527.  1.430655E-15
528.  1.429613E-15
529.  1.428537E-15
530.  1.427428E-15
531.  1.426287E-15
532.  1.425114E-15
533.  1.423908E-15
534.  1.422670E-15
535.  1.421401E-15
536.  1.420100E-15
537.  1.418767E-15
538.  1.417404E-15
539.  1.416009E-15
540.  1.414584E-15
541.  1.413129E-15
542.  1.411643E-15
543.  1.410127E-15
544.  1.408581E-15
545.  1.407006E-15
546.  1.405401E-15
547.  1.403767E-15
548.  1.402104E-15
549.  1.400413E-15
550.  1.398692E-15
551.  1.396944E-15
552.  1.395167E-15
553.  1.393363E-15
554.  1.391531E-15
555.  1.389672E-15
556.  1.387786E-15
557.  1.385873E-15
558.  1.383933E-15
559.  1.381966E-15
560.  1.379974E-15
561.  1.377955E-15
562.  1.375911E-15
563.  1.373841E-15
564.  1.371746E-15
565.  1.369626E-15
566.  1.367481E-15
567.  1.365311E-15
568.  1.363118E-15
569.  1.360900E-15
570.  1.358658E-15
571.  1.356393E-15
572.  1.354105E-15
573.  1.351793E-15
574.  1.349459E-15
575.  1.347102E-15
576.  1.344723E-15
577.  1.342321E-15
578.  1.339898E-15
579.  1.337453E-15
580.  1.334987E-15
581.  1.332500E-15
582.  1.329993E-15
583.  1.327464E-15
584.  1.324916E-15
585.  1.322347E-15
586.  1.319759E-15
587.  1.317151E-15
588.  1.314525E-15
589.  1.311879E-15
590.  1.309214E-15
591.  1.306532E-15
592.  1.303831E-15
593.  1.301112E-15
594.  1.298376E-15
595.  1.295623E-15
596.  1.292852E-15
597.  1.290065E-15
598.  1.287261E-15
599.  1.284442E-15
600.  1.281606E-15
601.  1.278755E-15
602.  1.275889E-15
603.  1.273008E-15
604.  1.270112E-15
605.  1.267201E-15
606.  1.264277E-15
607.  1.261339E-15
608.  1.258387E-15
609.  1.255422E-15
610.  1.252444E-15
611.  1.249454E-15
612.  1.246451E-15
613.  1.243436E-15
614.  1.240410E-15
615.  1.237372E-15
616.  1.234323E-15
617.  1.231263E-15
618.  1.228193E-15
619.  1.225112E-15
620.  1.222022E-15
621.  1.218923E-15
622.  1.215814E-15
623.  1.212696E-15
624.  1.209569E-15
625.  1.206435E-15
626.  1.203292E-15
627.  1.200141E-15
628.  1.196983E-15
629.  1.193819E-15
630.  1.190647E-15
631.  1.187469E-15
632.  1.184285E-15
633.  1.181096E-15
634.  1.177901E-15
635.  1.174701E-15
636.  1.171496E-15
637.  1.168286E-15
638.  1.165073E-15
639.  1.161856E-15
640.  1.158635E-15
641.  1.155411E-15
642.  1.152184E-15
643.  1.148955E-15
644.  1.145724E-15
645.  1.142490E-15
646.  1.139256E-15
647.  1.136020E-15
648.  1.132783E-15
649.  1.129546E-15
650.  1.126308E-15
651.  1.123070E-15
652.  1.119833E-15
653.  1.116597E-15
654.  1.113362E-15
655.  1.110128E-15
656.  1.106896E-15
657.  1.103666E-15
658.  1.100438E-15
659.  1.097213E-15
660.  1.093991E-15
661.  1.090772E-15
662.  1.087557E-15
663.  1.084346E-15
664.  1.081140E-15
665.  1.077938E-15
666.  1.074741E-15
667.  1.071549E-15
668.  1.068362E-15
669.  1.065182E-15
670.  1.062008E-15
671.  1.058840E-15
672.  1.055679E-15
673.  1.052525E-15
674.  1.049379E-15
675.  1.046240E-15
676.  1.043110E-15
677.  1.039988E-15
678.  1.036874E-15
679.  1.033769E-15
680.  1.030674E-15
681.  1.027588E-15
682.  1.024512E-15
683.  1.021447E-15
684.  1.018391E-15
685.  1.015347E-15
686.  1.012313E-15
687.  1.009291E-15
688.  1.006280E-15
689.  1.003282E-15
690.  1.000295E-15
691.  9.973206E-16
692.  9.943593E-16
693.  9.914108E-16
694.  9.884757E-16
695.  9.855540E-16
696.  9.826463E-16
697.  9.797524E-16
698.  9.768731E-16
699.  9.740084E-16
700.  9.711584E-16
701.  9.683236E-16
702.  9.655041E-16
703.  9.627004E-16
704.  9.599123E-16
705.  9.571407E-16
706.  9.543851E-16
707.  9.516462E-16
708.  9.489240E-16
709.  9.462190E-16
710.  9.435316E-16
711.  9.408614E-16
712.  9.382091E-16
713.  9.355745E-16
714.  9.329584E-16
715.  9.303607E-16
716.  9.277814E-16
717.  9.252213E-16
718.  9.226800E-16
719.  9.201579E-16
720.  9.176554E-16
721.  9.151723E-16
722.  9.127093E-16
723.  9.102663E-16
724.  9.078433E-16
725.  9.054410E-16
726.  9.030591E-16
727.  9.006980E-16
728.  8.983577E-16
729.  8.960387E-16
730.  8.937409E-16
731.  8.914645E-16
732.  8.892097E-16
733.  8.869765E-16
734.  8.847654E-16
735.  8.825762E-16
736.  8.804092E-16
737.  8.782646E-16
738.  8.761425E-16
739.  8.740428E-16
740.  8.719658E-16
741.  8.699118E-16
742.  8.678807E-16
743.  8.658725E-16
744.  8.638877E-16
745.  8.619261E-16
746.  8.599880E-16
747.  8.580734E-16
748.  8.561823E-16
749.  8.543149E-16
750.  8.524713E-16
751.  8.506515E-16
752.  8.488558E-16
753.  8.470839E-16
754.  8.453362E-16
755.  8.436126E-16
756.  8.419132E-16
757.  8.402382E-16
758.  8.385873E-16
759.  8.369611E-16
760.  8.353591E-16
761.  8.337816E-16
762.  8.322286E-16
763.  8.307002E-16
764.  8.291964E-16
765.  8.277171E-16
766.  8.262625E-16
767.  8.248325E-16
768.  8.234271E-16
769.  8.220465E-16
770.  8.206905E-16
771.  8.193591E-16
772.  8.180525E-16
773.  8.167705E-16
774.  8.155132E-16
775.  8.142803E-16
776.  8.130722E-16
777.  8.118886E-16
778.  8.107295E-16
779.  8.095950E-16
780.  8.084851E-16
781.  8.073996E-16
782.  8.063385E-16
783.  8.053016E-16
784.  8.042891E-16
785.  8.033008E-16
786.  8.023368E-16
787.  8.013967E-16
788.  8.004808E-16
789.  7.995888E-16
790.  7.987209E-16
791.  7.978767E-16
792.  7.970562E-16
793.  7.962594E-16
794.  7.954860E-16
795.  7.947362E-16
796.  7.940096E-16
797.  7.933065E-16
798.  7.926263E-16
799.  7.919692E-16
800.  7.913351E-16
801.  7.907239E-16
802.  7.901353E-16
803.  7.895692E-16
804.  7.890254E-16
805.  7.885042E-16
806.  7.880050E-16
807.  7.875279E-16
808.  7.870725E-16
809.  7.866389E-16
810.  7.862271E-16
811.  7.858366E-16
812.  7.854673E-16
813.  7.851192E-16
814.  7.847921E-16
815.  7.844857E-16
816.  7.841999E-16
817.  7.839346E-16
818.  7.836897E-16
819.  7.834649E-16
820.  7.832599E-16
821.  7.830749E-16
822.  7.829093E-16
823.  7.827632E-16
824.  7.826362E-16
825.  7.825283E-16
826.  7.824391E-16
827.  7.823686E-16
828.  7.823166E-16
829.  7.822827E-16
830.  7.822670E-16
831.  7.822691E-16
832.  7.822887E-16
833.  7.823259E-16
834.  7.823801E-16
835.  7.824514E-16
836.  7.825394E-16
837.  7.826441E-16
838.  7.827652E-16
839.  7.829024E-16
840.  7.830554E-16
841.  7.832243E-16
842.  7.834085E-16
843.  7.836082E-16
844.  7.838228E-16
845.  7.840522E-16
846.  7.842963E-16
847.  7.845547E-16
848.  7.848273E-16
849.  7.851138E-16
850.  7.854139E-16
851.  7.857277E-16
852.  7.860546E-16
853.  7.863945E-16
854.  7.867472E-16
855.  7.871125E-16
856.  7.874901E-16
857.  7.878798E-16
858.  7.882815E-16
859.  7.886948E-16
860.  7.891194E-16
861.  7.895551E-16
862.  7.900020E-16
863.  7.904597E-16
864.  7.909277E-16
865.  7.914062E-16
866.  7.918945E-16
867.  7.923929E-16
868.  7.929008E-16
869.  7.934182E-16
870.  7.939447E-16
871.  7.944801E-16
872.  7.950243E-16
873.  7.955771E-16
874.  7.961381E-16
875.  7.967073E-16
876.  7.972844E-16
877.  7.978689E-16
878.  7.984613E-16
879.  7.990607E-16
880.  7.996671E-16
881.  8.002805E-16
882.  8.009005E-16
883.  8.015267E-16
884.  8.021596E-16
885.  8.027982E-16
886.  8.034428E-16
887.  8.040931E-16
888.  8.047489E-16
889.  8.054100E-16
890.  8.060760E-16
891.  8.067472E-16
892.  8.074231E-16
893.  8.081036E-16
894.  8.087884E-16
895.  8.094775E-16
896.  8.101707E-16
897.  8.108677E-16
898.  8.115685E-16
899.  8.122730E-16
900.  8.129807E-16
901.  8.136920E-16
902.  8.144063E-16
903.  8.151234E-16
904.  8.158436E-16
905.  8.165664E-16
906.  8.172918E-16
907.  8.180198E-16
908.  8.187499E-16
909.  8.194824E-16
910.  8.202169E-16
911.  8.209532E-16
912.  8.216915E-16
913.  8.224316E-16
914.  8.231731E-16
915.  8.239164E-16
916.  8.246608E-16
917.  8.254067E-16
918.  8.261540E-16
919.  8.269024E-16
920.  8.276517E-16
921.  8.284022E-16
922.  8.291535E-16
923.  8.299056E-16
924.  8.306586E-16
925.  8.314124E-16
926.  8.321667E-16
927.  8.329216E-16
928.  8.336771E-16
929.  8.344331E-16
930.  8.351895E-16
931.  8.359465E-16
932.  8.367037E-16
933.  8.374614E-16
934.  8.382193E-16
935.  8.389775E-16
936.  8.397360E-16
937.  8.404949E-16
938.  8.412539E-16
939.  8.420130E-16
940.  8.427726E-16
941.  8.435324E-16
942.  8.442924E-16
943.  8.450526E-16
944.  8.458131E-16
945.  8.465737E-16
946.  8.473349E-16
947.  8.480963E-16
948.  8.488579E-16
949.  8.496201E-16
950.  8.503825E-16
951.  8.511455E-16
952.  8.519089E-16
953.  8.526727E-16
954.  8.534371E-16
955.  8.542023E-16
956.  8.549681E-16
957.  8.557344E-16
958.  8.565016E-16
959.  8.572698E-16
960.  8.580387E-16
961.  8.588088E-16
962.  8.595798E-16
963.  8.603520E-16
964.  8.611254E-16
965.  8.619000E-16
966.  8.626761E-16
967.  8.634535E-16
968.  8.642326E-16
969.  8.650132E-16
970.  8.657956E-16
971.  8.665799E-16
972.  8.673660E-16
973.  8.681542E-16
974.  8.689444E-16
975.  8.697370E-16
976.  8.705320E-16
977.  8.713291E-16
978.  8.721291E-16
979.  8.729317E-16
980.  8.737370E-16
981.  8.745453E-16
982.  8.753566E-16
983.  8.761711E-16
984.  8.769887E-16
985.  8.778098E-16
986.  8.786344E-16
987.  8.794627E-16
988.  8.802948E-16
989.  8.811306E-16
990.  8.819705E-16
991.  8.828146E-16
992.  8.836629E-16
993.  8.845157E-16
994.  8.853730E-16
995.  8.862349E-16
996.  8.871016E-16
997.  8.879734E-16
998.  8.888501E-16
999.  8.897321E-16
1000.  8.906196E-16
1001.  8.915122E-16
1002.  8.924106E-16
1003.  8.933148E-16
1004.  8.942248E-16
1005.  8.951407E-16
1006.  8.960628E-16
1007.  8.969912E-16
1008.  8.979259E-16
1009.  8.988671E-16
1010.  8.998151E-16
1011.  9.007698E-16
1012.  9.017314E-16
1013.  9.027000E-16
1014.  9.036757E-16
1015.  9.046587E-16
1016.  9.056493E-16
1017.  9.066471E-16
1018.  9.076527E-16
1019.  9.086660E-16
1020.  9.096873E-16
1021.  9.107165E-16
1022.  9.117539E-16
1023.  9.127993E-16
1024.  9.138533E-16
1025.  9.149154E-16
1026.  9.159861E-16
1027.  9.170656E-16
1028.  9.181539E-16
1029.  9.192508E-16
1030.  9.203568E-16
1031.  9.214717E-16
1032.  9.225957E-16
1033.  9.237290E-16
1034.  9.248715E-16
1035.  9.260234E-16
1036.  9.271847E-16
1037.  9.283555E-16
1038.  9.295361E-16
1039.  9.307262E-16
1040.  9.319262E-16
1041.  9.331358E-16
1042.  9.343553E-16
1043.  9.355847E-16
1044.  9.368242E-16
1045.  9.380737E-16
1046.  9.393334E-16
1047.  9.406032E-16
1048.  9.418828E-16
1049.  9.431731E-16
1050.  9.444735E-16
1051.  9.457841E-16
1052.  9.471050E-16
1053.  9.484363E-16
1054.  9.497780E-16
1055.  9.511300E-16
1056.  9.524925E-16
1057.  9.538652E-16
1058.  9.552484E-16
1059.  9.566422E-16
1060.  9.580461E-16
1061.  9.594607E-16
1062.  9.608855E-16
1063.  9.623207E-16
1064.  9.637665E-16
1065.  9.652224E-16
1066.  9.666886E-16
1067.  9.681652E-16
1068.  9.696522E-16
1069.  9.711493E-16
1070.  9.726566E-16
1071.  9.741741E-16
1072.  9.757016E-16
1073.  9.772393E-16
1074.  9.787870E-16
1075.  9.803447E-16
1076.  9.819121E-16
1077.  9.834895E-16
1078.  9.850766E-16
1079.  9.866733E-16
1080.  9.882798E-16
1081.  9.898956E-16
1082.  9.915211E-16
1083.  9.931557E-16
1084.  9.947996E-16
1085.  9.964527E-16
1086.  9.981150E-16
1087.  9.997863E-16
1088.  1.001466E-15
1089.  1.003155E-15
1090.  1.004853E-15
1091.  1.006559E-15
1092.  1.008273E-15
1093.  1.009996E-15
1094.  1.011727E-15
1095.  1.013466E-15
1096.  1.015212E-15
1097.  1.016967E-15
1098.  1.018729E-15
1099.  1.020499E-15
1100.  1.022276E-15
1101.  1.024060E-15
1102.  1.025851E-15
1103.  1.027649E-15
1104.  1.029454E-15
1105.  1.031266E-15
1106.  1.033084E-15
1107.  1.034908E-15
1108.  1.036738E-15
1109.  1.038575E-15
1110.  1.040417E-15
1111.  1.042264E-15
1112.  1.044117E-15
1113.  1.045975E-15
1114.  1.047839E-15
1115.  1.049707E-15
1116.  1.051580E-15
1117.  1.053457E-15
1118.  1.055339E-15
1119.  1.057224E-15
1120.  1.059114E-15
1121.  1.061008E-15
1122.  1.062905E-15
1123.  1.064805E-15
1124.  1.066709E-15
1125.  1.068615E-15
1126.  1.070525E-15
1127.  1.072437E-15
1128.  1.074351E-15
1129.  1.076268E-15
1130.  1.078186E-15
1131.  1.080107E-15
1132.  1.082028E-15
1133.  1.083952E-15
1134.  1.085876E-15
1135.  1.087802E-15
1136.  1.089728E-15
1137.  1.091655E-15
1138.  1.093582E-15
1139.  1.095509E-15
1140.  1.097437E-15
1141.  1.099364E-15
1142.  1.101290E-15
1143.  1.103216E-15
1144.  1.105141E-15
1145.  1.107065E-15
1146.  1.108988E-15
1147.  1.110910E-15
1148.  1.112830E-15
1149.  1.114748E-15
1150.  1.116664E-15
1151.  1.118577E-15
1152.  1.120489E-15
1153.  1.122397E-15
1154.  1.124303E-15
1155.  1.126206E-15
1156.  1.128106E-15
1157.  1.130003E-15
1158.  1.131895E-15
1159.  1.133784E-15
1160.  1.135670E-15
1161.  1.137551E-15
1162.  1.139427E-15
1163.  1.141300E-15
1164.  1.143168E-15
1165.  1.145031E-15
1166.  1.146889E-15
1167.  1.148742E-15
1168.  1.150590E-15
1169.  1.152432E-15
1170.  1.154269E-15
1171.  1.156100E-15
1172.  1.157925E-15
1173.  1.159744E-15
1174.  1.161557E-15
1175.  1.163364E-15
1176.  1.165164E-15
1177.  1.166958E-15
1178.  1.168745E-15
1179.  1.170524E-15
1180.  1.172297E-15
1181.  1.174063E-15
1182.  1.175822E-15
1183.  1.177574E-15
1184.  1.179317E-15
1185.  1.181054E-15
1186.  1.182783E-15
1187.  1.184504E-15
1188.  1.186217E-15
1189.  1.187922E-15
1190.  1.189619E-15
1191.  1.191308E-15
1192.  1.192989E-15
1193.  1.194661E-15
1194.  1.196326E-15
1195.  1.197982E-15
1196.  1.199629E-15
1197.  1.201268E-15
1198.  1.202898E-15
1199.  1.204519E-15
1200.  1.206132E-15
1201.  1.207737E-15
1202.  1.209332E-15
1203.  1.210918E-15
1204.  1.212496E-15
1205.  1.214065E-15
1206.  1.215625E-15
1207.  1.217176E-15
1208.  1.218718E-15
1209.  1.220252E-15
1210.  1.221776E-15
1211.  1.223292E-15
1212.  1.224798E-15
1213.  1.226296E-15
1214.  1.227784E-15
1215.  1.229264E-15
1216.  1.230735E-15
1217.  1.232197E-15
1218.  1.233651E-15
1219.  1.235095E-15
1220.  1.236531E-15
1221.  1.237959E-15
1222.  1.239377E-15
1223.  1.240787E-15
1224.  1.242189E-15
1225.  1.243582E-15
1226.  1.244967E-15
1227.  1.246343E-15
1228.  1.247712E-15
1229.  1.249072E-15
1230.  1.250424E-15
1231.  1.251768E-15
1232.  1.253104E-15
1233.  1.254433E-15
1234.  1.255753E-15
1235.  1.257066E-15
1236.  1.258372E-15
1237.  1.259670E-15
1238.  1.260961E-15
1239.  1.262245E-15
1240.  1.263522E-15
1241.  1.264792E-15
1242.  1.266055E-15
1243.  1.267312E-15
1244.  1.268562E-15
1245.  1.269806E-15
1246.  1.271044E-15
1247.  1.272276E-15
1248.  1.273501E-15
1249.  1.274721E-15
1250.  1.275936E-15
1251.  1.277145E-15
1252.  1.278349E-15
1253.  1.279548E-15
1254.  1.280742E-15
1255.  1.281931E-15
1256.  1.283116E-15
1257.  1.284296E-15
1258.  1.285472E-15
1259.  1.286644E-15
1260.  1.287813E-15
1261.  1.288977E-15
1262.  1.290139E-15
1263.  1.291297E-15
1264.  1.292452E-15
1265.  1.293604E-15
1266.  1.294753E-15
1267.  1.295901E-15
1268.  1.297046E-15
1269.  1.298189E-15
1270.  1.299330E-15
1271.  1.300469E-15
1272.  1.301607E-15
1273.  1.302744E-15
1274.  1.303880E-15
1275.  1.305016E-15
1276.  1.306151E-15
1277.  1.307285E-15
1278.  1.308420E-15
1279.  1.309554E-15
1280.  1.310689E-15
1281.  1.311825E-15
1282.  1.312961E-15
1283.  1.314099E-15
1284.  1.315237E-15
1285.  1.316378E-15
1286.  1.317520E-15
1287.  1.318663E-15
1288.  1.319809E-15
1289.  1.320958E-15
1290.  1.322109E-15
1291.  1.323263E-15
1292.  1.324420E-15
1293.  1.325580E-15
1294.  1.326744E-15
1295.  1.327912E-15
1296.  1.329084E-15
1297.  1.330259E-15
1298.  1.331440E-15
1299.  1.332625E-15
1300.  1.333814E-15
1301.  1.335009E-15
1302.  1.336210E-15
1303.  1.337415E-15
1304.  1.338627E-15
1305.  1.339844E-15
1306.  1.341068E-15
1307.  1.342298E-15
1308.  1.343534E-15
1309.  1.344778E-15
1310.  1.346029E-15
1311.  1.347286E-15
1312.  1.348551E-15
1313.  1.349824E-15
1314.  1.351104E-15
1315.  1.352393E-15
1316.  1.353690E-15
1317.  1.354995E-15
1318.  1.356309E-15
1319.  1.357631E-15
1320.  1.358963E-15
1321.  1.360303E-15
1322.  1.361653E-15
1323.  1.363012E-15
1324.  1.364381E-15
1325.  1.365760E-15
1326.  1.367149E-15
1327.  1.368548E-15
1328.  1.369957E-15
1329.  1.371377E-15
1330.  1.372807E-15
1331.  1.374248E-15
1332.  1.375701E-15
1333.  1.377164E-15
1334.  1.378638E-15
1335.  1.380123E-15
1336.  1.381620E-15
1337.  1.383129E-15
1338.  1.384649E-15
1339.  1.386181E-15
1340.  1.387725E-15
1341.  1.389280E-15
1342.  1.390848E-15
1343.  1.392429E-15
1344.  1.394021E-15
1345.  1.395626E-15
1346.  1.397243E-15
1347.  1.398873E-15
1348.  1.400516E-15
1349.  1.402171E-15
1350.  1.403839E-15
1351.  1.405519E-15
1352.  1.407213E-15
1353.  1.408919E-15
1354.  1.410639E-15
1355.  1.412371E-15
1356.  1.414116E-15
1357.  1.415875E-15
1358.  1.417646E-15
1359.  1.419431E-15
1360.  1.421229E-15
1361.  1.423039E-15
1362.  1.424863E-15
1363.  1.426700E-15
1364.  1.428550E-15
1365.  1.430414E-15
1366.  1.432290E-15
1367.  1.434179E-15
1368.  1.436081E-15
1369.  1.437996E-15
1370.  1.439924E-15
1371.  1.441865E-15
1372.  1.443819E-15
1373.  1.445785E-15
1374.  1.447764E-15
1375.  1.449756E-15
1376.  1.451760E-15
1377.  1.453777E-15
1378.  1.455806E-15
1379.  1.457847E-15
1380.  1.459901E-15
1381.  1.461966E-15
1382.  1.464044E-15
1383.  1.466133E-15
1384.  1.468233E-15
1385.  1.470346E-15
1386.  1.472470E-15
1387.  1.474604E-15
1388.  1.476750E-15
1389.  1.478908E-15
1390.  1.481076E-15
1391.  1.483254E-15
1392.  1.485443E-15
1393.  1.487642E-15
1394.  1.489851E-15
1395.  1.492070E-15
1396.  1.494299E-15
1397.  1.496537E-15
1398.  1.498784E-15
1399.  1.501041E-15
1400.  1.503306E-15
1401.  1.505580E-15
1402.  1.507862E-15
1403.  1.510153E-15
1404.  1.512451E-15
1405.  1.514757E-15
1406.  1.517071E-15
1407.  1.519391E-15
1408.  1.521719E-15
1409.  1.524053E-15
1410.  1.526393E-15
1411.  1.528739E-15
1412.  1.531091E-15
1413.  1.533449E-15
1414.  1.535812E-15
1415.  1.538179E-15
1416.  1.540551E-15
1417.  1.542927E-15
1418.  1.545308E-15
1419.  1.547692E-15
1420.  1.550079E-15
1421.  1.552469E-15
1422.  1.554861E-15
1423.  1.557256E-15
1424.  1.559653E-15
1425.  1.562051E-15
1426.  1.564451E-15
1427.  1.566851E-15
1428.  1.569252E-15
1429.  1.571653E-15
1430.  1.574054E-15
1431.  1.576454E-15
1432.  1.578853E-15
1433.  1.581250E-15
1434.  1.583646E-15
1435.  1.586040E-15
1436.  1.588431E-15
1437.  1.590819E-15
1438.  1.593204E-15
1439.  1.595585E-15
1440.  1.597961E-15
1441.  1.600333E-15
1442.  1.602700E-15
1443.  1.605061E-15
1444.  1.607417E-15
1445.  1.609766E-15
1446.  1.612108E-15
1447.  1.614444E-15
1448.  1.616771E-15
1449.  1.619091E-15
1450.  1.621402E-15
1451.  1.623704E-15
1452.  1.625997E-15
1453.  1.628280E-15
1454.  1.630553E-15
1455.  1.632814E-15
1456.  1.635065E-15
1457.  1.637304E-15
1458.  1.639531E-15
1459.  1.641746E-15
1460.  1.643947E-15
1461.  1.646135E-15
1462.  1.648309E-15
1463.  1.650468E-15
1464.  1.652613E-15
1465.  1.654742E-15
1466.  1.656856E-15
1467.  1.658953E-15
1468.  1.661033E-15
1469.  1.663097E-15
1470.  1.665142E-15
1471.  1.667169E-15
1472.  1.669178E-15
1473.  1.671168E-15
1474.  1.673138E-15
1475.  1.675088E-15
1476.  1.677018E-15
1477.  1.678926E-15
1478.  1.680813E-15
1479.  1.682679E-15
1480.  1.684522E-15
1481.  1.686342E-15
1482.  1.688138E-15
1483.  1.689911E-15
1484.  1.691659E-15
1485.  1.693384E-15
1486.  1.695083E-15
1487.  1.696756E-15
1488.  1.698403E-15
1489.  1.700023E-15
1490.  1.701617E-15
1491.  1.703183E-15
1492.  1.704721E-15
1493.  1.706231E-15
1494.  1.707712E-15
1495.  1.709164E-15
1496.  1.710586E-15
1497.  1.711979E-15
1498.  1.713340E-15
1499.  1.714670E-15
1500.  1.715970E-15
1501.  1.717237E-15
1502.  1.718472E-15
1503.  1.719675E-15
1504.  1.720844E-15
1505.  1.721980E-15
1506.  1.723082E-15
1507.  1.724149E-15
1508.  1.725182E-15
1509.  1.726180E-15
1510.  1.727142E-15
1511.  1.728068E-15
1512.  1.728958E-15
1513.  1.729812E-15
1514.  1.730628E-15
1515.  1.731407E-15
1516.  1.732148E-15
1517.  1.732851E-15
1518.  1.733515E-15
1519.  1.734141E-15
1520.  1.734727E-15
1521.  1.735274E-15
1522.  1.735781E-15
1523.  1.736247E-15
1524.  1.736673E-15
1525.  1.737058E-15
1526.  1.737402E-15
1527.  1.737705E-15
1528.  1.737965E-15
1529.  1.738184E-15
1530.  1.738359E-15
1531.  1.738493E-15
1532.  1.738583E-15
1533.  1.738630E-15
1534.  1.738634E-15
1535.  1.738593E-15
1536.  1.738509E-15
1537.  1.738380E-15
1538.  1.738207E-15
1539.  1.737989E-15
1540.  1.737725E-15
1541.  1.737417E-15
1542.  1.737063E-15
1543.  1.736664E-15
1544.  1.736218E-15
1545.  1.735726E-15
1546.  1.735189E-15
1547.  1.734604E-15
1548.  1.733973E-15
1549.  1.733295E-15
1550.  1.732570E-15
1551.  1.731798E-15
1552.  1.730979E-15
1553.  1.730112E-15
1554.  1.729197E-15
1555.  1.728235E-15
1556.  1.727225E-15
1557.  1.726167E-15
1558.  1.725061E-15
1559.  1.723907E-15
1560.  1.722705E-15
1561.  1.721454E-15
1562.  1.720155E-15
1563.  1.718807E-15
1564.  1.717411E-15
1565.  1.715966E-15
1566.  1.714473E-15
1567.  1.712931E-15
1568.  1.711339E-15
1569.  1.709700E-15
1570.  1.708012E-15
1571.  1.706275E-15
1572.  1.704489E-15
1573.  1.702654E-15
1574.  1.700771E-15
1575.  1.698839E-15
1576.  1.696858E-15
1577.  1.694828E-15
1578.  1.692750E-15
1579.  1.690624E-15
1580.  1.688449E-15
1581.  1.686225E-15
1582.  1.683954E-15
1583.  1.681634E-15
1584.  1.679265E-15
1585.  1.676849E-15
1586.  1.674385E-15
1587.  1.671873E-15
1588.  1.669313E-15
1589.  1.666706E-15
1590.  1.664051E-15
1591.  1.661349E-15
1592.  1.658600E-15
1593.  1.655804E-15
1594.  1.652961E-15
1595.  1.650071E-15
1596.  1.647135E-15
1597.  1.644153E-15
1598.  1.641125E-15
1599.  1.638051E-15
1600.  1.634931E-15
1601.  1.631766E-15
1602.  1.628555E-15
1603.  1.625300E-15
1604.  1.622000E-15
1605.  1.618656E-15
1606.  1.615267E-15
1607.  1.611835E-15
1608.  1.608359E-15
1609.  1.604839E-15
1610.  1.601277E-15
1611.  1.597672E-15
1612.  1.594024E-15
1613.  1.590334E-15
1614.  1.586602E-15
1615.  1.582829E-15
1616.  1.579015E-15
1617.  1.575159E-15
1618.  1.571264E-15
1619.  1.567328E-15
1620.  1.563352E-15
1621.  1.559337E-15
1622.  1.555282E-15
1623.  1.551189E-15
1624.  1.547058E-15
1625.  1.542889E-15
1626.  1.538682E-15
1627.  1.534438E-15
1628.  1.530157E-15
1629.  1.525840E-15
1630.  1.521487E-15
1631.  1.517098E-15
1632.  1.512675E-15
1633.  1.508217E-15
1634.  1.503724E-15
1635.  1.499198E-15
1636.  1.494639E-15
1637.  1.490046E-15
1638.  1.485422E-15
1639.  1.480765E-15
1640.  1.476077E-15
1641.  1.471358E-15
1642.  1.466609E-15
1643.  1.461829E-15
1644.  1.457020E-15
1645.  1.452182E-15
1646.  1.447315E-15
1647.  1.442421E-15
1648.  1.437499E-15
1649.  1.432550E-15
1650.  1.427574E-15
1651.  1.422572E-15
1652.  1.417545E-15
1653.  1.412494E-15
1654.  1.407417E-15
1655.  1.402317E-15
1656.  1.397194E-15
1657.  1.392048E-15
1658.  1.386879E-15
1659.  1.381689E-15
1660.  1.376478E-15
1661.  1.371246E-15
1662.  1.365995E-15
1663.  1.360724E-15
1664.  1.355434E-15
1665.  1.350125E-15
1666.  1.344799E-15
1667.  1.339456E-15
1668.  1.334096E-15
1669.  1.328721E-15
1670.  1.323330E-15
1671.  1.317923E-15
1672.  1.312503E-15
1673.  1.307069E-15
1674.  1.301622E-15
1675.  1.296163E-15
1676.  1.290691E-15
1677.  1.285209E-15
1678.  1.279715E-15
1679.  1.274212E-15
1680.  1.268699E-15
1681.  1.263177E-15
1682.  1.257647E-15
1683.  1.252109E-15
1684.  1.246564E-15
1685.  1.241012E-15
1686.  1.235455E-15
1687.  1.229892E-15
1688.  1.224325E-15
1689.  1.218753E-15
1690.  1.213178E-15
1691.  1.207600E-15
1692.  1.202020E-15
1693.  1.196438E-15
1694.  1.190856E-15
1695.  1.185272E-15
1696.  1.179689E-15
1697.  1.174107E-15
1698.  1.168526E-15
1699.  1.162947E-15
1700.  1.157370E-15
1701.  1.151796E-15
1702.  1.146227E-15
1703.  1.140662E-15
1704.  1.135101E-15
1705.  1.129547E-15
1706.  1.123998E-15
1707.  1.118456E-15
1708.  1.112922E-15
1709.  1.107395E-15
1710.  1.101877E-15
1711.  1.096368E-15
1712.  1.090869E-15
1713.  1.085380E-15
1714.  1.079902E-15
1715.  1.074435E-15
1716.  1.068980E-15
1717.  1.063538E-15
1718.  1.058110E-15
1719.  1.052694E-15
1720.  1.047294E-15
1721.  1.041908E-15
1722.  1.036537E-15
1723.  1.031183E-15
1724.  1.025845E-15
1725.  1.020524E-15
1726.  1.015220E-15
1727.  1.009935E-15
1728.  1.004669E-15
1729.  9.994222E-16
1730.  9.941950E-16
1731.  9.889880E-16
1732.  9.838023E-16
1733.  9.786379E-16
1734.  9.734954E-16
1735.  9.683752E-16
1736.  9.632782E-16
1737.  9.582044E-16
1738.  9.531548E-16
1739.  9.481297E-16
1740.  9.431295E-16
1741.  9.381551E-16
1742.  9.332065E-16
1743.  9.282843E-16
1744.  9.233889E-16
1745.  9.185213E-16
1746.  9.136814E-16
1747.  9.088698E-16
1748.  9.040872E-16
1749.  8.993338E-16
1750.  8.946102E-16
1751.  8.899168E-16
1752.  8.852540E-16
1753.  8.806224E-16
1754.  8.760221E-16
1755.  8.714539E-16
1756.  8.669181E-16
1757.  8.624150E-16
1758.  8.579451E-16
1759.  8.535088E-16
1760.  8.491067E-16
1761.  8.447389E-16
1762.  8.404059E-16
1763.  8.361080E-16
1764.  8.318457E-16
1765.  8.276196E-16
1766.  8.234295E-16
1767.  8.192763E-16
1768.  8.151601E-16
1769.  8.110811E-16
1770.  8.070401E-16
1771.  8.030371E-16
1772.  7.990724E-16
1773.  7.951467E-16
1774.  7.912599E-16
1775.  7.874124E-16
1776.  7.836048E-16
1777.  7.798372E-16
1778.  7.761098E-16
1779.  7.724230E-16
1780.  7.687771E-16
1781.  7.651725E-16
1782.  7.616091E-16
1783.  7.580876E-16
1784.  7.546080E-16
1785.  7.511706E-16
1786.  7.477757E-16
1787.  7.444237E-16
1788.  7.411144E-16
1789.  7.378485E-16
1790.  7.346260E-16
1791.  7.314470E-16
1792.  7.283119E-16
1793.  7.252209E-16
1794.  7.221741E-16
1795.  7.191718E-16
1796.  7.162142E-16
1797.  7.133012E-16
1798.  7.104333E-16
1799.  7.076105E-16
1800.  7.048332E-16
1801.  7.021011E-16
1802.  6.994146E-16
1803.  6.967741E-16
1804.  6.941794E-16
1805.  6.916307E-16
1806.  6.891281E-16
1807.  6.866716E-16
1808.  6.842616E-16
1809.  6.818981E-16
1810.  6.795812E-16
1811.  6.773107E-16
1812.  6.750871E-16
1813.  6.729103E-16
1814.  6.707804E-16
1815.  6.686973E-16
1816.  6.666613E-16
1817.  6.646723E-16
1818.  6.627302E-16
1819.  6.608354E-16
1820.  6.589876E-16
1821.  6.571870E-16
1822.  6.554337E-16
1823.  6.537274E-16
1824.  6.520685E-16
1825.  6.504567E-16
1826.  6.488920E-16
1827.  6.473746E-16
1828.  6.459042E-16
1829.  6.444810E-16
1830.  6.431048E-16
1831.  6.417757E-16
1832.  6.404935E-16
1833.  6.392583E-16
1834.  6.380700E-16
1835.  6.369284E-16
1836.  6.358336E-16
1837.  6.347854E-16
1838.  6.337840E-16
1839.  6.328289E-16
1840.  6.319201E-16
1841.  6.310576E-16
1842.  6.302414E-16
1843.  6.294711E-16
1844.  6.287468E-16
1845.  6.280683E-16
1846.  6.274355E-16
1847.  6.268481E-16
1848.  6.263061E-16
1849.  6.258094E-16
1850.  6.253578E-16
1851.  6.249510E-16
1852.  6.245889E-16
1853.  6.242714E-16
1854.  6.239984E-16
1855.  6.237695E-16
1856.  6.235846E-16
1857.  6.234435E-16
1858.  6.233459E-16
1859.  6.232918E-16
1860.  6.232808E-16
1861.  6.233129E-16
1862.  6.233876E-16
1863.  6.235049E-16
1864.  6.236643E-16
1865.  6.238657E-16
1866.  6.241090E-16
1867.  6.243938E-16
1868.  6.247198E-16
1869.  6.250868E-16
1870.  6.254946E-16
1871.  6.259427E-16
1872.  6.264311E-16
1873.  6.269595E-16
1874.  6.275273E-16
1875.  6.281344E-16
1876.  6.287807E-16
1877.  6.294657E-16
1878.  6.301889E-16
1879.  6.309503E-16
1880.  6.317495E-16
1881.  6.325861E-16
1882.  6.334599E-16
1883.  6.343704E-16
1884.  6.353175E-16
1885.  6.363007E-16
1886.  6.373197E-16
1887.  6.383741E-16
1888.  6.394635E-16
1889.  6.405878E-16
1890.  6.417463E-16
1891.  6.429389E-16
1892.  6.441651E-16
1893.  6.454247E-16
1894.  6.467170E-16
1895.  6.480419E-16
1896.  6.493989E-16
1897.  6.507878E-16
1898.  6.522079E-16
1899.  6.536590E-16
1900.  6.551407E-16
1901.  6.566525E-16
1902.  6.581942E-16
1903.  6.597651E-16
1904.  6.613650E-16
1905.  6.629935E-16
1906.  6.646501E-16
1907.  6.663342E-16
1908.  6.680460E-16
1909.  6.697843E-16
1910.  6.715492E-16
1911.  6.733401E-16
1912.  6.751565E-16
1913.  6.769980E-16
1914.  6.788642E-16
1915.  6.807549E-16
1916.  6.826691E-16
1917.  6.846069E-16
1918.  6.865674E-16
1919.  6.885506E-16
1920.  6.905558E-16
1921.  6.925825E-16
1922.  6.946303E-16
1923.  6.966988E-16
1924.  6.987875E-16
1925.  7.008960E-16
1926.  7.030238E-16
1927.  7.051704E-16
1928.  7.073354E-16
1929.  7.095182E-16
1930.  7.117185E-16
1931.  7.139358E-16
1932.  7.161696E-16
1933.  7.184194E-16
1934.  7.206849E-16
1935.  7.229653E-16
1936.  7.252604E-16
1937.  7.275699E-16
1938.  7.298927E-16
1939.  7.322290E-16
1940.  7.345778E-16
1941.  7.369390E-16
1942.  7.393121E-16
1943.  7.416964E-16
1944.  7.440917E-16
1945.  7.464973E-16
1946.  7.489126E-16
1947.  7.513376E-16
1948.  7.537714E-16
1949.  7.562138E-16
1950.  7.586643E-16
1951.  7.611223E-16
1952.  7.635874E-16
1953.  7.660590E-16
1954.  7.685369E-16
1955.  7.710204E-16
1956.  7.735091E-16
1957.  7.760027E-16
1958.  7.785005E-16
1959.  7.810021E-16
1960.  7.835071E-16
1961.  7.860150E-16
1962.  7.885254E-16
1963.  7.910377E-16
1964.  7.935517E-16
1965.  7.960667E-16
1966.  7.985825E-16
1967.  8.010985E-16
1968.  8.036140E-16
1969.  8.061291E-16
1970.  8.086429E-16
1971.  8.111553E-16
1972.  8.136656E-16
1973.  8.161734E-16
1974.  8.186786E-16
1975.  8.211802E-16
1976.  8.236784E-16
1977.  8.261724E-16
1978.  8.286616E-16
1979.  8.311463E-16
1980.  8.336253E-16
1981.  8.360985E-16
1982.  8.385656E-16
1983.  8.410262E-16
1984.  8.434797E-16
1985.  8.459259E-16
1986.  8.483642E-16
1987.  8.507944E-16
1988.  8.532161E-16
1989.  8.556290E-16
1990.  8.580324E-16
1991.  8.604261E-16
1992.  8.628100E-16
1993.  8.651832E-16
1994.  8.675459E-16
1995.  8.698974E-16
1996.  8.722376E-16
1997.  8.745658E-16
1998.  8.768818E-16
1999.  8.791855E-16
2000.  8.814764E-16
2001.  8.837542E-16
2002.  8.860184E-16
2003.  8.882688E-16
2004.  8.905052E-16
2005.  8.927272E-16
2006.  8.949347E-16
2007.  8.971269E-16
2008.  8.993040E-16
2009.  9.014655E-16
2010.  9.036111E-16
2011.  9.057406E-16
2012.  9.078538E-16
2013.  9.099503E-16
2014.  9.120300E-16
2015.  9.140925E-16
2016.  9.161375E-16
2017.  9.181651E-16
2018.  9.201747E-16
2019.  9.221658E-16
2020.  9.241390E-16
2021.  9.260937E-16
2022.  9.280295E-16
2023.  9.299462E-16
2024.  9.318441E-16
2025.  9.337224E-16
2026.  9.355812E-16
2027.  9.374204E-16
2028.  9.392396E-16
2029.  9.410388E-16
2030.  9.428178E-16
2031.  9.445762E-16
2032.  9.463143E-16
2033.  9.480317E-16
2034.  9.497284E-16
2035.  9.514039E-16
2036.  9.530586E-16
2037.  9.546921E-16
2038.  9.563042E-16
2039.  9.578952E-16
2040.  9.594644E-16
2041.  9.610122E-16
2042.  9.625384E-16
2043.  9.640427E-16
2044.  9.655254E-16
2045.  9.669862E-16
2046.  9.684249E-16
2047.  9.698419E-16
2048.  9.712368E-16
2049.  9.726097E-16
2050.  9.739605E-16
2051.  9.752891E-16
2052.  9.765957E-16
2053.  9.778803E-16
2054.  9.791425E-16
2055.  9.803826E-16
2056.  9.816009E-16
2057.  9.827969E-16
2058.  9.839709E-16
2059.  9.851226E-16
2060.  9.862526E-16
2061.  9.873606E-16
2062.  9.884465E-16
2063.  9.895107E-16
2064.  9.905530E-16
2065.  9.915736E-16
2066.  9.925727E-16
2067.  9.935500E-16
2068.  9.945059E-16
2069.  9.954403E-16
2070.  9.963537E-16
2071.  9.972459E-16
2072.  9.981167E-16
2073.  9.989669E-16
2074.  9.997960E-16
2075.  1.000604E-15
2076.  1.001393E-15
2077.  1.002160E-15
2078.  1.002907E-15
2079.  1.003634E-15
2080.  1.004342E-15
2081.  1.005029E-15
2082.  1.005697E-15
2083.  1.006345E-15
2084.  1.006974E-15
2085.  1.007584E-15
2086.  1.008176E-15
2087.  1.008748E-15
2088.  1.009302E-15
2089.  1.009838E-15
2090.  1.010356E-15
2091.  1.010856E-15
2092.  1.011338E-15
2093.  1.011803E-15
2094.  1.012251E-15
2095.  1.012682E-15
2096.  1.013096E-15
2097.  1.013494E-15
2098.  1.013876E-15
2099.  1.014241E-15
2100.  1.014592E-15
2101.  1.014926E-15
2102.  1.015246E-15
2103.  1.015551E-15
2104.  1.015842E-15
2105.  1.016118E-15
2106.  1.016380E-15
2107.  1.016628E-15
2108.  1.016864E-15
2109.  1.017086E-15
2110.  1.017295E-15
2111.  1.017492E-15
2112.  1.017677E-15
2113.  1.017849E-15
2114.  1.018011E-15
2115.  1.018161E-15
2116.  1.018300E-15
2117.  1.018428E-15
2118.  1.018547E-15
2119.  1.018655E-15
2120.  1.018754E-15
2121.  1.018843E-15
2122.  1.018924E-15
2123.  1.018995E-15
2124.  1.019059E-15
2125.  1.019115E-15
2126.  1.019163E-15
2127.  1.019204E-15
2128.  1.019238E-15
2129.  1.019265E-15
2130.  1.019286E-15
2131.  1.019302E-15
2132.  1.019311E-15
2133.  1.019316E-15
2134.  1.019316E-15
2135.  1.019311E-15
2136.  1.019303E-15
2137.  1.019290E-15
2138.  1.019274E-15
2139.  1.019255E-15
2140.  1.019233E-15
2141.  1.019209E-15
2142.  1.019183E-15
2143.  1.019156E-15
2144.  1.019127E-15
2145.  1.019097E-15
2146.  1.019066E-15
2147.  1.019035E-15
2148.  1.019005E-15
2149.  1.018974E-15
2150.  1.018945E-15
2151.  1.018917E-15
2152.  1.018890E-15
2153.  1.018864E-15
2154.  1.018842E-15
2155.  1.018821E-15
2156.  1.018803E-15
2157.  1.018789E-15
2158.  1.018778E-15
2159.  1.018771E-15
2160.  1.018768E-15
2161.  1.018769E-15
2162.  1.018775E-15
2163.  1.018787E-15
2164.  1.018803E-15
2165.  1.018826E-15
2166.  1.018854E-15
2167.  1.018889E-15
2168.  1.018931E-15
2169.  1.018979E-15
2170.  1.019034E-15
2171.  1.019098E-15
2172.  1.019169E-15
2173.  1.019248E-15
2174.  1.019335E-15
2175.  1.019431E-15
2176.  1.019537E-15
2177.  1.019651E-15
2178.  1.019775E-15
2179.  1.019908E-15
2180.  1.020052E-15
2181.  1.020206E-15
2182.  1.020370E-15
2183.  1.020545E-15
2184.  1.020731E-15
2185.  1.020928E-15
2186.  1.021136E-15
2187.  1.021356E-15
2188.  1.021588E-15
2189.  1.021832E-15
2190.  1.022089E-15
2191.  1.022358E-15
2192.  1.022639E-15
2193.  1.022934E-15
2194.  1.023241E-15
2195.  1.023562E-15
2196.  1.023896E-15
2197.  1.024243E-15
2198.  1.024605E-15
2199.  1.024980E-15
2200.  1.025369E-15
2201.  1.025773E-15
2202.  1.026190E-15
2203.  1.026622E-15
2204.  1.027069E-15
2205.  1.027530E-15
2206.  1.028007E-15
2207.  1.028498E-15
2208.  1.029004E-15
2209.  1.029525E-15
2210.  1.030061E-15
2211.  1.030613E-15
2212.  1.031180E-15
2213.  1.031762E-15
2214.  1.032360E-15
2215.  1.032973E-15
2216.  1.033602E-15
2217.  1.034247E-15
2218.  1.034907E-15
2219.  1.035583E-15
2220.  1.036274E-15
2221.  1.036982E-15
2222.  1.037704E-15
2223.  1.038443E-15
2224.  1.039198E-15
2225.  1.039968E-15
2226.  1.040754E-15
2227.  1.041555E-15
2228.  1.042372E-15
2229.  1.043205E-15
2230.  1.044053E-15
2231.  1.044917E-15
2232.  1.045796E-15
2233.  1.046690E-15
2234.  1.047600E-15
2235.  1.048525E-15
2236.  1.049465E-15
2237.  1.050421E-15
2238.  1.051391E-15
2239.  1.052376E-15
2240.  1.053376E-15
2241.  1.054391E-15
2242.  1.055420E-15
2243.  1.056463E-15
2244.  1.057521E-15
2245.  1.058593E-15
2246.  1.059679E-15
2247.  1.060778E-15
2248.  1.061892E-15
2249.  1.063019E-15
2250.  1.064159E-15
2251.  1.065312E-15
2252.  1.066478E-15
2253.  1.067657E-15
2254.  1.068849E-15
2255.  1.070053E-15
2256.  1.071269E-15
2257.  1.072498E-15
2258.  1.073738E-15
2259.  1.074989E-15
2260.  1.076253E-15
2261.  1.077526E-15
2262.  1.078811E-15
2263.  1.080107E-15
2264.  1.081413E-15
2265.  1.082729E-15
2266.  1.084055E-15
2267.  1.085391E-15
2268.  1.086736E-15
2269.  1.088090E-15
2270.  1.089452E-15
2271.  1.090824E-15
2272.  1.092203E-15
2273.  1.093591E-15
2274.  1.094986E-15
2275.  1.096389E-15
2276.  1.097799E-15
2277.  1.099215E-15
2278.  1.100638E-15
2279.  1.102067E-15
2280.  1.103502E-15
2281.  1.104943E-15
2282.  1.106389E-15
2283.  1.107840E-15
2284.  1.109295E-15
2285.  1.110754E-15
2286.  1.112218E-15
2287.  1.113685E-15
2288.  1.115155E-15
2289.  1.116628E-15
2290.  1.118104E-15
2291.  1.119582E-15
2292.  1.121061E-15
2293.  1.122543E-15
2294.  1.124025E-15
2295.  1.125508E-15
2296.  1.126992E-15
2297.  1.128475E-15
2298.  1.129959E-15
2299.  1.131442E-15
2300.  1.132923E-15
2301.  1.134404E-15
2302.  1.135882E-15
2303.  1.137359E-15
2304.  1.138833E-15
2305.  1.140304E-15
2306.  1.141772E-15
2307.  1.143236E-15
2308.  1.144697E-15
2309.  1.146153E-15
2310.  1.147604E-15
2311.  1.149050E-15
2312.  1.150491E-15
2313.  1.151926E-15
2314.  1.153354E-15
2315.  1.154776E-15
2316.  1.156191E-15
2317.  1.157599E-15
2318.  1.158999E-15
2319.  1.160390E-15
2320.  1.161774E-15
2321.  1.163148E-15
2322.  1.164513E-15
2323.  1.165869E-15
2324.  1.167214E-15
2325.  1.168549E-15
2326.  1.169874E-15
2327.  1.171187E-15
2328.  1.172489E-15
2329.  1.173779E-15
2330.  1.175057E-15
2331.  1.176322E-15
2332.  1.177574E-15
2333.  1.178813E-15
2334.  1.180038E-15
2335.  1.181249E-15
2336.  1.182446E-15
2337.  1.183628E-15
2338.  1.184795E-15
2339.  1.185947E-15
2340.  1.187083E-15
2341.  1.188202E-15
2342.  1.189305E-15
2343.  1.190391E-15
2344.  1.191460E-15
2345.  1.192512E-15
2346.  1.193546E-15
2347.  1.194561E-15
2348.  1.195558E-15
2349.  1.196536E-15
2350.  1.197495E-15
2351.  1.198434E-15
2352.  1.199354E-15
2353.  1.200254E-15
2354.  1.201133E-15
2355.  1.201991E-15
2356.  1.202828E-15
2357.  1.203644E-15
2358.  1.204438E-15
2359.  1.205211E-15
2360.  1.205961E-15
2361.  1.206688E-15
2362.  1.207393E-15
2363.  1.208075E-15
2364.  1.208733E-15
2365.  1.209368E-15
2366.  1.209978E-15
2367.  1.210565E-15
2368.  1.211127E-15
2369.  1.211665E-15
2370.  1.212177E-15
2371.  1.212665E-15
2372.  1.213126E-15
2373.  1.213563E-15
2374.  1.213973E-15
2375.  1.214357E-15
2376.  1.214715E-15
2377.  1.215046E-15
2378.  1.215351E-15
2379.  1.215628E-15
2380.  1.215879E-15
2381.  1.216101E-15
2382.  1.216297E-15
2383.  1.216464E-15
2384.  1.216603E-15
2385.  1.216714E-15
2386.  1.216797E-15
2387.  1.216851E-15
2388.  1.216877E-15
2389.  1.216874E-15
2390.  1.216841E-15
2391.  1.216779E-15
2392.  1.216689E-15
2393.  1.216568E-15
2394.  1.216418E-15
2395.  1.216238E-15
2396.  1.216029E-15
2397.  1.215789E-15
2398.  1.215519E-15
2399.  1.215219E-15
2400.  1.214888E-15
2401.  1.214527E-15
2402.  1.214136E-15
2403.  1.213714E-15
2404.  1.213261E-15
2405.  1.212777E-15
2406.  1.212262E-15
2407.  1.211716E-15
2408.  1.211140E-15
2409.  1.210532E-15
2410.  1.209893E-15
2411.  1.209222E-15
2412.  1.208521E-15
2413.  1.207788E-15
2414.  1.207024E-15
2415.  1.206228E-15
2416.  1.205401E-15
2417.  1.204542E-15
2418.  1.203653E-15
2419.  1.202731E-15
2420.  1.201779E-15
2421.  1.200794E-15
2422.  1.199778E-15
2423.  1.198731E-15
2424.  1.197652E-15
2425.  1.196542E-15
2426.  1.195401E-15
2427.  1.194228E-15
2428.  1.193024E-15
2429.  1.191789E-15
2430.  1.190522E-15
2431.  1.189224E-15
2432.  1.187895E-15
2433.  1.186535E-15
2434.  1.185144E-15
2435.  1.183722E-15
2436.  1.182270E-15
2437.  1.180786E-15
2438.  1.179272E-15
2439.  1.177727E-15
2440.  1.176151E-15
2441.  1.174546E-15
2442.  1.172910E-15
2443.  1.171243E-15
2444.  1.169547E-15
2445.  1.167820E-15
2446.  1.166064E-15
2447.  1.164279E-15
2448.  1.162463E-15
2449.  1.160618E-15
2450.  1.158744E-15
2451.  1.156841E-15
2452.  1.154909E-15
2453.  1.152947E-15
2454.  1.150958E-15
2455.  1.148939E-15
2456.  1.146893E-15
2457.  1.144818E-15
2458.  1.142715E-15
2459.  1.140584E-15
2460.  1.138426E-15
2461.  1.136240E-15
2462.  1.134027E-15
2463.  1.131786E-15
2464.  1.129519E-15
2465.  1.127225E-15
2466.  1.124905E-15
2467.  1.122559E-15
2468.  1.120186E-15
2469.  1.117787E-15
2470.  1.115363E-15
2471.  1.112914E-15
2472.  1.110439E-15
2473.  1.107940E-15
2474.  1.105415E-15
2475.  1.102867E-15
2476.  1.100294E-15
2477.  1.097696E-15
2478.  1.095076E-15
2479.  1.092431E-15
2480.  1.089764E-15
2481.  1.087073E-15
2482.  1.084360E-15
2483.  1.081624E-15
2484.  1.078866E-15
2485.  1.076086E-15
2486.  1.073284E-15
2487.  1.070461E-15
2488.  1.067617E-15
2489.  1.064751E-15
2490.  1.061865E-15
2491.  1.058959E-15
2492.  1.056033E-15
2493.  1.053087E-15
2494.  1.050121E-15
2495.  1.047136E-15
2496.  1.044132E-15
2497.  1.041110E-15
2498.  1.038069E-15
2499.  1.035009E-15
2500.  1.031933E-15
2501.  1.028838E-15
2502.  1.025727E-15
2503.  1.022598E-15
2504.  1.019453E-15
2505.  1.016291E-15
2506.  1.013114E-15
2507.  1.009920E-15
2508.  1.006711E-15
2509.  1.003487E-15
2510.  1.000249E-15
2511.  9.969950E-16
2512.  9.937274E-16
2513.  9.904457E-16
2514.  9.871504E-16
2515.  9.838417E-16
2516.  9.805198E-16
2517.  9.771853E-16
2518.  9.738382E-16
2519.  9.704791E-16
2520.  9.671081E-16
2521.  9.637255E-16
2522.  9.603314E-16
2523.  9.569266E-16
2524.  9.535110E-16
2525.  9.500851E-16
2526.  9.466491E-16
2527.  9.432033E-16
2528.  9.397479E-16
2529.  9.362836E-16
2530.  9.328102E-16
2531.  9.293281E-16
2532.  9.258379E-16
2533.  9.223396E-16
2534.  9.188334E-16
2535.  9.153199E-16
2536.  9.117994E-16
2537.  9.082718E-16
2538.  9.047376E-16
2539.  9.011971E-16
2540.  8.976508E-16
2541.  8.940985E-16
2542.  8.905409E-16
2543.  8.869781E-16
2544.  8.834103E-16
2545.  8.798379E-16
2546.  8.762613E-16
2547.  8.726803E-16
2548.  8.690957E-16
2549.  8.655076E-16
2550.  8.619160E-16
2551.  8.583215E-16
2552.  8.547241E-16
2553.  8.511244E-16
2554.  8.475222E-16
2555.  8.439182E-16
2556.  8.403123E-16
2557.  8.367050E-16
2558.  8.330963E-16
2559.  8.294867E-16
2560.  8.258763E-16
2561.  8.222654E-16
2562.  8.186543E-16
2563.  8.150429E-16
2564.  8.114319E-16
2565.  8.078211E-16
2566.  8.042112E-16
2567.  8.006019E-16
2568.  7.969937E-16
2569.  7.933869E-16
2570.  7.897815E-16
2571.  7.861779E-16
2572.  7.825762E-16
2573.  7.789766E-16
2574.  7.753793E-16
2575.  7.717846E-16
2576.  7.681927E-16
2577.  7.646037E-16
2578.  7.610179E-16
2579.  7.574352E-16
2580.  7.538561E-16
2581.  7.502807E-16
2582.  7.467094E-16
2583.  7.431419E-16
2584.  7.395788E-16
2585.  7.360200E-16
2586.  7.324657E-16
2587.  7.289161E-16
2588.  7.253716E-16
2589.  7.218319E-16
2590.  7.182977E-16
2591.  7.147686E-16
2592.  7.112452E-16
2593.  7.077276E-16
2594.  7.042156E-16
2595.  7.007096E-16
2596.  6.972097E-16
2597.  6.937161E-16
2598.  6.902288E-16
2599.  6.867482E-16
2600.  6.832741E-16
2601.  6.798065E-16
2602.  6.763460E-16
2603.  6.728926E-16
2604.  6.694461E-16
2605.  6.660070E-16
2606.  6.625753E-16
2607.  6.591509E-16
2608.  6.557341E-16
2609.  6.523250E-16
2610.  6.489236E-16
2611.  6.455301E-16
2612.  6.421445E-16
2613.  6.387669E-16
2614.  6.353976E-16
2615.  6.320363E-16
2616.  6.286834E-16
2617.  6.253389E-16
2618.  6.220029E-16
2619.  6.186753E-16
2620.  6.153565E-16
2621.  6.120464E-16
2622.  6.087449E-16
2623.  6.054524E-16
2624.  6.021686E-16
2625.  5.988939E-16
2626.  5.956282E-16
2627.  5.923714E-16
2628.  5.891240E-16
2629.  5.858855E-16
2630.  5.826563E-16
2631.  5.794366E-16
2632.  5.762260E-16
2633.  5.730249E-16
2634.  5.698331E-16
2635.  5.666509E-16
2636.  5.634782E-16
2637.  5.603148E-16
2638.  5.571613E-16
2639.  5.540173E-16
2640.  5.508828E-16
2641.  5.477580E-16
2642.  5.446430E-16
2643.  5.415377E-16
2644.  5.384421E-16
2645.  5.353563E-16
2646.  5.322805E-16
2647.  5.292143E-16
2648.  5.261581E-16
2649.  5.231116E-16
2650.  5.200751E-16
2651.  5.170484E-16
2652.  5.140316E-16
2653.  5.110248E-16
2654.  5.080279E-16
2655.  5.050410E-16
2656.  5.020641E-16
2657.  4.990970E-16
2658.  4.961400E-16
2659.  4.931930E-16
2660.  4.902559E-16
2661.  4.873289E-16
2662.  4.844118E-16
2663.  4.815047E-16
2664.  4.786077E-16
2665.  4.757206E-16
2666.  4.728436E-16
2667.  4.699765E-16
2668.  4.671195E-16
2669.  4.642725E-16
2670.  4.614355E-16
2671.  4.586085E-16
2672.  4.557916E-16
2673.  4.529845E-16
2674.  4.501877E-16
2675.  4.474006E-16
2676.  4.446236E-16
2677.  4.418566E-16
2678.  4.390996E-16
2679.  4.363525E-16
2680.  4.336154E-16
2681.  4.308883E-16
2682.  4.281711E-16
2683.  4.254639E-16
2684.  4.227666E-16
2685.  4.200793E-16
2686.  4.174019E-16
2687.  4.147346E-16
2688.  4.120769E-16
2689.  4.094294E-16
2690.  4.067916E-16
2691.  4.041638E-16
2692.  4.015459E-16
2693.  3.989379E-16
2694.  3.963396E-16
2695.  3.937514E-16
2696.  3.911729E-16
2697.  3.886045E-16
2698.  3.860458E-16
2699.  3.834969E-16
2700.  3.809580E-16
2701.  3.784288E-16
2702.  3.759095E-16
2703.  3.733999E-16
2704.  3.709002E-16
2705.  3.684104E-16
2706.  3.659305E-16
2707.  3.634601E-16
2708.  3.609997E-16
2709.  3.585491E-16
2710.  3.561082E-16
2711.  3.536772E-16
2712.  3.512560E-16
2713.  3.488445E-16
2714.  3.464428E-16
2715.  3.440509E-16
2716.  3.416688E-16
2717.  3.392964E-16
2718.  3.369338E-16
2719.  3.345809E-16
2720.  3.322380E-16
2721.  3.299048E-16
2722.  3.275813E-16
2723.  3.252675E-16
2724.  3.229636E-16
2725.  3.206695E-16
2726.  3.183850E-16
2727.  3.161105E-16
2728.  3.138456E-16
2729.  3.115904E-16
2730.  3.093451E-16
2731.  3.071096E-16
2732.  3.048839E-16
2733.  3.026679E-16
2734.  3.004618E-16
2735.  2.982654E-16
2736.  2.960788E-16
2737.  2.939020E-16
2738.  2.917351E-16
2739.  2.895778E-16
2740.  2.874304E-16
2741.  2.852928E-16
2742.  2.831652E-16
2743.  2.810472E-16
2744.  2.789391E-16
2745.  2.768409E-16
2746.  2.747523E-16
2747.  2.726737E-16
2748.  2.706049E-16
2749.  2.685460E-16
2750.  2.664969E-16
2751.  2.644577E-16
2752.  2.624284E-16
2753.  2.604089E-16
2754.  2.583993E-16
2755.  2.563995E-16
2756.  2.544096E-16
2757.  2.524297E-16
2758.  2.504596E-16
2759.  2.484995E-16
2760.  2.465492E-16
2761.  2.446088E-16
2762.  2.426783E-16
2763.  2.407578E-16
2764.  2.388473E-16
2765.  2.369466E-16
2766.  2.350558E-16
2767.  2.331749E-16
2768.  2.313040E-16
2769.  2.294431E-16
2770.  2.275921E-16
2771.  2.257511E-16
2772.  2.239200E-16
2773.  2.220988E-16
2774.  2.202877E-16
2775.  2.184864E-16
2776.  2.166952E-16
2777.  2.149139E-16
2778.  2.131425E-16
2779.  2.113811E-16
2780.  2.096297E-16
2781.  2.078884E-16
2782.  2.061569E-16
2783.  2.044353E-16
2784.  2.027238E-16
2785.  2.010224E-16
2786.  1.993307E-16
2787.  1.976491E-16
2788.  1.959774E-16
2789.  1.943157E-16
2790.  1.926640E-16
2791.  1.910222E-16
2792.  1.893903E-16
2793.  1.877684E-16
2794.  1.861564E-16
2795.  1.845544E-16
2796.  1.829623E-16
2797.  1.813800E-16
2798.  1.798078E-16
2799.  1.782455E-16
2800.  1.766930E-16
2801.  1.751505E-16
2802.  1.736178E-16
2803.  1.720950E-16
2804.  1.705821E-16
2805.  1.690790E-16
2806.  1.675859E-16
2807.  1.661025E-16
2808.  1.646290E-16
2809.  1.631652E-16
2810.  1.617113E-16
2811.  1.602671E-16
2812.  1.588327E-16
2813.  1.574082E-16
2814.  1.559933E-16
2815.  1.545881E-16
2816.  1.531927E-16
2817.  1.518070E-16
2818.  1.504311E-16
2819.  1.490647E-16
2820.  1.477081E-16
2821.  1.463609E-16
2822.  1.450235E-16
2823.  1.436956E-16
2824.  1.423774E-16
2825.  1.410687E-16
2826.  1.397695E-16
2827.  1.384799E-16
2828.  1.371997E-16
2829.  1.359290E-16
2830.  1.346678E-16
2831.  1.334159E-16
2832.  1.321735E-16
2833.  1.309405E-16
2834.  1.297169E-16
2835.  1.285026E-16
2836.  1.272977E-16
2837.  1.261019E-16
2838.  1.249155E-16
2839.  1.237382E-16
2840.  1.225703E-16
2841.  1.214115E-16
2842.  1.202618E-16
2843.  1.191212E-16
2844.  1.179898E-16
2845.  1.168675E-16
2846.  1.157542E-16
2847.  1.146499E-16
2848.  1.135546E-16
2849.  1.124683E-16
2850.  1.113908E-16
2851.  1.103223E-16
2852.  1.092627E-16
2853.  1.082120E-16
2854.  1.071700E-16
2855.  1.061369E-16
2856.  1.051124E-16
2857.  1.040967E-16
2858.  1.030896E-16
2859.  1.020913E-16
2860.  1.011015E-16
2861.  1.001203E-16
2862.  9.914780E-17
2863.  9.818380E-17
2864.  9.722825E-17
2865.  9.628116E-17
2866.  9.534258E-17
2867.  9.441230E-17
2868.  9.349039E-17
2869.  9.257684E-17
2870.  9.167170E-17
2871.  9.077468E-17
2872.  8.988605E-17
2873.  8.900563E-17
2874.  8.813321E-17
2875.  8.726905E-17
2876.  8.641295E-17
2877.  8.556502E-17
2878.  8.472503E-17
2879.  8.389307E-17
2880.  8.306911E-17
2881.  8.225316E-17
2882.  8.144512E-17
2883.  8.064486E-17
2884.  7.985250E-17
2885.  7.906796E-17
2886.  7.829119E-17
2887.  7.752219E-17
2888.  7.676087E-17
2889.  7.600729E-17
2890.  7.526133E-17
2891.  7.452300E-17
2892.  7.379232E-17
2893.  7.306910E-17
2894.  7.235351E-17
2895.  7.164530E-17
2896.  7.094458E-17
2897.  7.025136E-17
2898.  6.956557E-17
2899.  6.888709E-17
2900.  6.821594E-17
2901.  6.755215E-17
2902.  6.689570E-17
2903.  6.624637E-17
2904.  6.560442E-17
2905.  6.496954E-17
2906.  6.434185E-17
2907.  6.372127E-17
2908.  6.310789E-17
2909.  6.250151E-17
2910.  6.190217E-17
2911.  6.130990E-17
2912.  6.072460E-17
2913.  6.014623E-17
2914.  5.957485E-17
2915.  5.901038E-17
2916.  5.845277E-17
2917.  5.790203E-17
2918.  5.735816E-17
2919.  5.682095E-17
2920.  5.629057E-17
2921.  5.576705E-17
2922.  5.525008E-17
2923.  5.473985E-17
2924.  5.423642E-17
2925.  5.373953E-17
2926.  5.324932E-17
2927.  5.276560E-17
2928.  5.228852E-17
2929.  5.181802E-17
2930.  5.135404E-17
2931.  5.089644E-17
2932.  5.044546E-17
2933.  5.000084E-17
2934.  4.956271E-17
2935.  4.913094E-17
2936.  4.870552E-17
2937.  4.828648E-17
2938.  4.787380E-17
2939.  4.746737E-17
2940.  4.706729E-17
2941.  4.667348E-17
2942.  4.628590E-17
2943.  4.590456E-17
2944.  4.552938E-17
2945.  4.516048E-17
2946.  4.479762E-17
2947.  4.444090E-17
2948.  4.409039E-17
2949.  4.374590E-17
2950.  4.340758E-17
2951.  4.307518E-17
2952.  4.274885E-17
2953.  4.242859E-17
2954.  4.211431E-17
2955.  4.180602E-17
2956.  4.150368E-17
2957.  4.120723E-17
2958.  4.091679E-17
2959.  4.063211E-17
2960.  4.035331E-17
2961.  4.008056E-17
2962.  3.981354E-17
2963.  3.955228E-17
2964.  3.929685E-17
2965.  3.904726E-17
2966.  3.880330E-17
2967.  3.856518E-17
2968.  3.833283E-17
2969.  3.810613E-17
2970.  3.788501E-17
2971.  3.766964E-17
2972.  3.745991E-17
2973.  3.725576E-17
2974.  3.705737E-17
2975.  3.686448E-17
2976.  3.667722E-17
2977.  3.649551E-17
2978.  3.631922E-17
2979.  3.614852E-17
2980.  3.598335E-17
2981.  3.582368E-17
2982.  3.566948E-17
2983.  3.552069E-17
2984.  3.537719E-17
2985.  3.523926E-17
2986.  3.510674E-17
2987.  3.497948E-17
2988.  3.485771E-17
2989.  3.474116E-17
2990.  3.463000E-17
2991.  3.452411E-17
2992.  3.442349E-17
2993.  3.432819E-17
2994.  3.423808E-17
2995.  3.415316E-17
2996.  3.407351E-17
2997.  3.399902E-17
2998.  3.392969E-17
2999.  3.386551E-17
3000.  3.380660E-17
3001.  3.375265E-17
3002.  3.370375E-17
3003.  3.366003E-17
3004.  3.362131E-17
3005.  3.358766E-17
3006.  3.355911E-17
3007.  3.353548E-17
3008.  3.351683E-17
3009.  3.350310E-17
3010.  3.349438E-17
3011.  3.349048E-17
3012.  3.349154E-17
3013.  3.349755E-17
3014.  3.350839E-17
3015.  3.352409E-17
3016.  3.354456E-17
3017.  3.356991E-17
3018.  3.360007E-17
3019.  3.363481E-17
3020.  3.367450E-17
3021.  3.371886E-17
3022.  3.376800E-17
3023.  3.382174E-17
3024.  3.388014E-17
3025.  3.394328E-17
3026.  3.401097E-17
3027.  3.408331E-17
3028.  3.416027E-17
3029.  3.424179E-17
3030.  3.432795E-17
3031.  3.441856E-17
3032.  3.451371E-17
3033.  3.461329E-17
3034.  3.471743E-17
3035.  3.482593E-17
3036.  3.493896E-17
3037.  3.505652E-17
3038.  3.517837E-17
3039.  3.530456E-17
3040.  3.543518E-17
3041.  3.557016E-17
3042.  3.570951E-17
3043.  3.585310E-17
3044.  3.600099E-17
3045.  3.615320E-17
3046.  3.630961E-17
3047.  3.647030E-17
3048.  3.663513E-17
3049.  3.680430E-17
3050.  3.697749E-17
3051.  3.715498E-17
3052.  3.733658E-17
3053.  3.752224E-17
3054.  3.771211E-17
3055.  3.790610E-17
3056.  3.810407E-17
3057.  3.830616E-17
3058.  3.851229E-17
3059.  3.872249E-17
3060.  3.893664E-17
3061.  3.915481E-17
3062.  3.937702E-17
3063.  3.960315E-17
3064.  3.983318E-17
3065.  4.006728E-17
3066.  4.030518E-17
3067.  4.054692E-17
3068.  4.079271E-17
3069.  4.104235E-17
3070.  4.129574E-17
3071.  4.155307E-17
3072.  4.181425E-17
3073.  4.207931E-17
3074.  4.234811E-17
3075.  4.262070E-17
3076.  4.289709E-17
3077.  4.317726E-17
3078.  4.346109E-17
3079.  4.374884E-17
3080.  4.404022E-17
3081.  4.433541E-17
3082.  4.463432E-17
3083.  4.493680E-17
3084.  4.524316E-17
3085.  4.555312E-17
3086.  4.586679E-17
3087.  4.618415E-17
3088.  4.650508E-17
3089.  4.682976E-17
3090.  4.715820E-17
3091.  4.749012E-17
3092.  4.782574E-17
3093.  4.816491E-17
3094.  4.850785E-17
3095.  4.885428E-17
3096.  4.920442E-17
3097.  4.955816E-17
3098.  4.991541E-17
3099.  5.027630E-17
3100.  5.064092E-17
3101.  5.100899E-17
3102.  5.138069E-17
3103.  5.175608E-17
3104.  5.213491E-17
3105.  5.251750E-17
3106.  5.290353E-17
3107.  5.329320E-17
3108.  5.368645E-17
3109.  5.408331E-17
3110.  5.448388E-17
3111.  5.488788E-17
3112.  5.529547E-17
3113.  5.570672E-17
3114.  5.612159E-17
3115.  5.653999E-17
3116.  5.696208E-17
3117.  5.738775E-17
3118.  5.781701E-17
3119.  5.824995E-17
3120.  5.868648E-17
3121.  5.912668E-17
3122.  5.957051E-17
3123.  6.001792E-17
3124.  6.046902E-17
3125.  6.092376E-17
3126.  6.138235E-17
3127.  6.184440E-17
3128.  6.231023E-17
3129.  6.277981E-17
3130.  6.325297E-17
3131.  6.372986E-17
3132.  6.421052E-17
3133.  6.469503E-17
3134.  6.518310E-17
3135.  6.567502E-17
3136.  6.617066E-17
3137.  6.667014E-17
3138.  6.717348E-17
3139.  6.768046E-17
3140.  6.819137E-17
3141.  6.870615E-17
3142.  6.922475E-17
3143.  6.974717E-17
3144.  7.027343E-17
3145.  7.080380E-17
3146.  7.133793E-17
3147.  7.187594E-17
3148.  7.241802E-17
3149.  7.296395E-17
3150.  7.351395E-17
3151.  7.406786E-17
3152.  7.462581E-17
3153.  7.518771E-17
3154.  7.575377E-17
3155.  7.632376E-17
3156.  7.689799E-17
3157.  7.747616E-17
3158.  7.805857E-17
3159.  7.864493E-17
3160.  7.923568E-17
3161.  7.983048E-17
3162.  8.042935E-17
3163.  8.103247E-17
3164.  8.163985E-17
3165.  8.225148E-17
3166.  8.286734E-17
3167.  8.348749E-17
3168.  8.411193E-17
3169.  8.474072E-17
3170.  8.537379E-17
3171.  8.601116E-17
3172.  8.665295E-17
3173.  8.729915E-17
3174.  8.794969E-17
3175.  8.860470E-17
3176.  8.926402E-17
3177.  8.992796E-17
3178.  9.059622E-17
3179.  9.126902E-17
3180.  9.194633E-17
3181.  9.262819E-17
3182.  9.331451E-17
3183.  9.400549E-17
3184.  9.470095E-17
3185.  9.540092E-17
3186.  9.610566E-17
3187.  9.681491E-17
3188.  9.752874E-17
3189.  9.824730E-17
3190.  9.897051E-17
3191.  9.969827E-17
3192.  1.004308E-16
3193.  1.011681E-16
3194.  1.019099E-16
3195.  1.026565E-16
3196.  1.034078E-16
3197.  1.041639E-16
3198.  1.049247E-16
3199.  1.056903E-16
3200.  1.064605E-16
3201.  1.072356E-16
3202.  1.080154E-16
3203.  1.088000E-16
3204.  1.095894E-16
3205.  1.103836E-16
3206.  1.111826E-16
3207.  1.119863E-16
3208.  1.127949E-16
3209.  1.136083E-16
3210.  1.144264E-16
3211.  1.152494E-16
3212.  1.160771E-16
3213.  1.169096E-16
3214.  1.177470E-16
3215.  1.185891E-16
3216.  1.194359E-16
3217.  1.202876E-16
3218.  1.211442E-16
3219.  1.220053E-16
3220.  1.228712E-16
3221.  1.237420E-16
3222.  1.246174E-16
3223.  1.254975E-16
3224.  1.263825E-16
3225.  1.272721E-16
3226.  1.281663E-16
3227.  1.290652E-16
3228.  1.299687E-16
3229.  1.308769E-16
3230.  1.317897E-16
3231.  1.327070E-16
3232.  1.336291E-16
3233.  1.345555E-16
3234.  1.354865E-16
3235.  1.364220E-16
3236.  1.373619E-16
3237.  1.383063E-16
3238.  1.392551E-16
3239.  1.402084E-16
3240.  1.411658E-16
3241.  1.421275E-16
3242.  1.430937E-16
3243.  1.440640E-16
3244.  1.450386E-16
3245.  1.460172E-16
3246.  1.469999E-16
3247.  1.479868E-16
3248.  1.489777E-16
3249.  1.499726E-16
3250.  1.509715E-16
3251.  1.519741E-16
3252.  1.529807E-16
3253.  1.539910E-16
3254.  1.550052E-16
3255.  1.560229E-16
3256.  1.570443E-16
3257.  1.580694E-16
3258.  1.590979E-16
3259.  1.601298E-16
3260.  1.611651E-16
3261.  1.622038E-16
3262.  1.632459E-16
3263.  1.642910E-16
3264.  1.653392E-16
3265.  1.663906E-16
3266.  1.674450E-16
3267.  1.685022E-16
3268.  1.695624E-16
3269.  1.706253E-16
3270.  1.716909E-16
3271.  1.727591E-16
3272.  1.738299E-16
3273.  1.749032E-16
3274.  1.759788E-16
3275.  1.770567E-16
3276.  1.781368E-16
3277.  1.792191E-16
3278.  1.803034E-16
3279.  1.813897E-16
3280.  1.824778E-16
3281.  1.835677E-16
3282.  1.846592E-16
3283.  1.857523E-16
3284.  1.868469E-16
3285.  1.879429E-16
3286.  1.890401E-16
3287.  1.901385E-16
3288.  1.912381E-16
3289.  1.923386E-16
3290.  1.934399E-16
3291.  1.945421E-16
3292.  1.956448E-16
3293.  1.967482E-16
3294.  1.978519E-16
3295.  1.989561E-16
3296.  2.000604E-16
3297.  2.011648E-16
3298.  2.022693E-16
3299.  2.033735E-16
3300.  2.044775E-16
3301.  2.055812E-16
3302.  2.066844E-16
3303.  2.077869E-16
3304.  2.088888E-16
3305.  2.099898E-16
3306.  2.110897E-16
3307.  2.121886E-16
3308.  2.132864E-16
3309.  2.143826E-16
3310.  2.154774E-16
3311.  2.165707E-16
3312.  2.176621E-16
3313.  2.187517E-16
3314.  2.198394E-16
3315.  2.209248E-16
3316.  2.220080E-16
3317.  2.230888E-16
3318.  2.241671E-16
3319.  2.252427E-16
3320.  2.263155E-16
3321.  2.273853E-16
3322.  2.284520E-16
3323.  2.295155E-16
3324.  2.305757E-16
3325.  2.316324E-16
3326.  2.326854E-16
3327.  2.337346E-16
3328.  2.347800E-16
3329.  2.358213E-16
3330.  2.368583E-16
3331.  2.378911E-16
3332.  2.389194E-16
3333.  2.399429E-16
3334.  2.409618E-16
3335.  2.419757E-16
3336.  2.429847E-16
3337.  2.439884E-16
3338.  2.449868E-16
3339.  2.459797E-16
3340.  2.469670E-16
3341.  2.479485E-16
3342.  2.489239E-16
3343.  2.498935E-16
3344.  2.508570E-16
3345.  2.518139E-16
3346.  2.527645E-16
3347.  2.537084E-16
3348.  2.546456E-16
3349.  2.555759E-16
3350.  2.564992E-16
3351.  2.574151E-16
3352.  2.583240E-16
3353.  2.592252E-16
3354.  2.601188E-16
3355.  2.610047E-16
3356.  2.618828E-16
3357.  2.627528E-16
3358.  2.636147E-16
3359.  2.644683E-16
3360.  2.653134E-16
3361.  2.661500E-16
3362.  2.669780E-16
3363.  2.677971E-16
3364.  2.686073E-16
3365.  2.694083E-16
3366.  2.702001E-16
3367.  2.709827E-16
3368.  2.717558E-16
3369.  2.725192E-16
3370.  2.732729E-16
3371.  2.740167E-16
3372.  2.747506E-16
3373.  2.754744E-16
3374.  2.761880E-16
3375.  2.768913E-16
3376.  2.775841E-16
3377.  2.782663E-16
3378.  2.789378E-16
3379.  2.795986E-16
3380.  2.802483E-16
3381.  2.808871E-16
3382.  2.815148E-16
3383.  2.821313E-16
3384.  2.827364E-16
3385.  2.833300E-16
3386.  2.839120E-16
3387.  2.844824E-16
3388.  2.850410E-16
3389.  2.855879E-16
3390.  2.861226E-16
3391.  2.866454E-16
3392.  2.871560E-16
3393.  2.876544E-16
3394.  2.881406E-16
3395.  2.886142E-16
3396.  2.890754E-16
3397.  2.895240E-16
3398.  2.899599E-16
3399.  2.903832E-16
3400.  2.907935E-16
3401.  2.911910E-16
3402.  2.915756E-16
3403.  2.919470E-16
3404.  2.923054E-16
3405.  2.926506E-16
3406.  2.929826E-16
3407.  2.933012E-16
3408.  2.936065E-16
3409.  2.938984E-16
3410.  2.941769E-16
3411.  2.944417E-16
3412.  2.946931E-16
3413.  2.949307E-16
3414.  2.951548E-16
3415.  2.953650E-16
3416.  2.955615E-16
3417.  2.957442E-16
3418.  2.959131E-16
3419.  2.960680E-16
3420.  2.962091E-16
3421.  2.963363E-16
3422.  2.964494E-16
3423.  2.965486E-16
3424.  2.966337E-16
3425.  2.967049E-16
3426.  2.967619E-16
3427.  2.968048E-16
3428.  2.968337E-16
3429.  2.968486E-16
3430.  2.968493E-16
3431.  2.968358E-16
3432.  2.968083E-16
3433.  2.967665E-16
3434.  2.967108E-16
3435.  2.966408E-16
3436.  2.965567E-16
3437.  2.964586E-16
3438.  2.963463E-16
3439.  2.962201E-16
3440.  2.960797E-16
3441.  2.959252E-16
3442.  2.957568E-16
3443.  2.955742E-16
3444.  2.953778E-16
3445.  2.951673E-16
3446.  2.949429E-16
3447.  2.947047E-16
3448.  2.944526E-16
3449.  2.941867E-16
3450.  2.939070E-16
3451.  2.936134E-16
3452.  2.933063E-16
3453.  2.929855E-16
3454.  2.926509E-16
3455.  2.923030E-16
3456.  2.919414E-16
3457.  2.915666E-16
3458.  2.911781E-16
3459.  2.907764E-16
3460.  2.903614E-16
3461.  2.899332E-16
3462.  2.894919E-16
3463.  2.890374E-16
3464.  2.885700E-16
3465.  2.880895E-16
3466.  2.875963E-16
3467.  2.870902E-16
3468.  2.865715E-16
3469.  2.860400E-16
3470.  2.854961E-16
3471.  2.849396E-16
3472.  2.843708E-16
3473.  2.837897E-16
3474.  2.831965E-16
3475.  2.825909E-16
3476.  2.819734E-16
3477.  2.813441E-16
3478.  2.807027E-16
3479.  2.800497E-16
3480.  2.793853E-16
3481.  2.787089E-16
3482.  2.780213E-16
3483.  2.773223E-16
3484.  2.766120E-16
3485.  2.758907E-16
3486.  2.751583E-16
3487.  2.744150E-16
3488.  2.736610E-16
3489.  2.728963E-16
3490.  2.721209E-16
3491.  2.713352E-16
3492.  2.705390E-16
3493.  2.697328E-16
3494.  2.689163E-16
3495.  2.680898E-16
3496.  2.672535E-16
3497.  2.664075E-16
3498.  2.655519E-16
3499.  2.646868E-16
3500.  2.638123E-16
3501.  2.629286E-16
3502.  2.620357E-16
3503.  2.611339E-16
3504.  2.602232E-16
3505.  2.593038E-16
3506.  2.583758E-16
3507.  2.574394E-16
3508.  2.564944E-16
3509.  2.555414E-16
3510.  2.545806E-16
3511.  2.536115E-16
3512.  2.526348E-16
3513.  2.516504E-16
3514.  2.506584E-16
3515.  2.496590E-16
3516.  2.486524E-16
3517.  2.476387E-16
3518.  2.466181E-16
3519.  2.455905E-16
3520.  2.445564E-16
3521.  2.435157E-16
3522.  2.424684E-16
3523.  2.414150E-16
3524.  2.403553E-16
3525.  2.392898E-16
3526.  2.382182E-16
3527.  2.371411E-16
3528.  2.360583E-16
3529.  2.349701E-16
3530.  2.338766E-16
3531.  2.327778E-16
3532.  2.316742E-16
3533.  2.305656E-16
3534.  2.294523E-16
3535.  2.283343E-16
3536.  2.272119E-16
3537.  2.260852E-16
3538.  2.249543E-16
3539.  2.238193E-16
3540.  2.226803E-16
3541.  2.215376E-16
3542.  2.203915E-16
3543.  2.192416E-16
3544.  2.180885E-16
3545.  2.169321E-16
3546.  2.157727E-16
3547.  2.146102E-16
3548.  2.134450E-16
3549.  2.122771E-16
3550.  2.111066E-16
3551.  2.099337E-16
3552.  2.087585E-16
3553.  2.075812E-16
3554.  2.064018E-16
3555.  2.052205E-16
3556.  2.040375E-16
3557.  2.028529E-16
3558.  2.016667E-16
3559.  2.004791E-16
3560.  1.992904E-16
3561.  1.981004E-16
3562.  1.969095E-16
3563.  1.957176E-16
3564.  1.945252E-16
3565.  1.933320E-16
3566.  1.921382E-16
3567.  1.909442E-16
3568.  1.897498E-16
3569.  1.885553E-16
3570.  1.873609E-16
3571.  1.861663E-16
3572.  1.849720E-16
3573.  1.837781E-16
3574.  1.825847E-16
3575.  1.813916E-16
3576.  1.801992E-16
3577.  1.790078E-16
3578.  1.778170E-16
3579.  1.766273E-16
3580.  1.754387E-16
3581.  1.742513E-16
3582.  1.730651E-16
3583.  1.718804E-16
3584.  1.706972E-16
3585.  1.695156E-16
3586.  1.683356E-16
3587.  1.671575E-16
3588.  1.659813E-16
3589.  1.648071E-16
3590.  1.636349E-16
3591.  1.624650E-16
3592.  1.612974E-16
3593.  1.601320E-16
3594.  1.589694E-16
3595.  1.578090E-16
3596.  1.566515E-16
3597.  1.554966E-16
3598.  1.543445E-16
3599.  1.531954E-16
3600.  1.520492E-16
3601.  1.509061E-16
3602.  1.497662E-16
3603.  1.486294E-16
3604.  1.474959E-16
3605.  1.463658E-16
3606.  1.452392E-16
3607.  1.441161E-16
3608.  1.429968E-16
3609.  1.418808E-16
3610.  1.407688E-16
3611.  1.396604E-16
3612.  1.385561E-16
3613.  1.374556E-16
3614.  1.363592E-16
3615.  1.352668E-16
3616.  1.341786E-16
3617.  1.330947E-16
3618.  1.320148E-16
3619.  1.309394E-16
3620.  1.298683E-16
3621.  1.288016E-16
3622.  1.277395E-16
3623.  1.266819E-16
3624.  1.256289E-16
3625.  1.245805E-16
3626.  1.235368E-16
3627.  1.224978E-16
3628.  1.214636E-16
3629.  1.204343E-16
3630.  1.194099E-16
3631.  1.183904E-16
3632.  1.173758E-16
3633.  1.163663E-16
3634.  1.153618E-16
3635.  1.143623E-16
3636.  1.133681E-16
3637.  1.123789E-16
3638.  1.113951E-16
3639.  1.104163E-16
3640.  1.094430E-16
3641.  1.084748E-16
3642.  1.075120E-16
3643.  1.065544E-16
3644.  1.056024E-16
3645.  1.046558E-16
3646.  1.037145E-16
3647.  1.027787E-16
3648.  1.018484E-16
3649.  1.009236E-16
3650.  1.000045E-16
3651.  9.909067E-17
3652.  9.818257E-17
3653.  9.728000E-17
3654.  9.638305E-17
3655.  9.549172E-17
3656.  9.460596E-17
3657.  9.372604E-17
3658.  9.285159E-17
3659.  9.198291E-17
3660.  9.111993E-17
3661.  9.026265E-17
3662.  8.941104E-17
3663.  8.856515E-17
3664.  8.772500E-17
3665.  8.689045E-17
3666.  8.606177E-17
3667.  8.523873E-17
3668.  8.442150E-17
3669.  8.361003E-17
3670.  8.280430E-17
3671.  8.200436E-17
3672.  8.121008E-17
3673.  8.042159E-17
3674.  7.963873E-17
3675.  7.886167E-17
3676.  7.809034E-17
3677.  7.732480E-17
3678.  7.656496E-17
3679.  7.581079E-17
3680.  7.506238E-17
3681.  7.431966E-17
3682.  7.358265E-17
3683.  7.285129E-17
3684.  7.212561E-17
3685.  7.140557E-17
3686.  7.069127E-17
3687.  6.998250E-17
3688.  6.927941E-17
3689.  6.858194E-17
3690.  6.789005E-17
3691.  6.720377E-17
3692.  6.652299E-17
3693.  6.584786E-17
3694.  6.517824E-17
3695.  6.451413E-17
3696.  6.385545E-17
3697.  6.320229E-17
3698.  6.255463E-17
3699.  6.191232E-17
3700.  6.127553E-17
3701.  6.064418E-17
3702.  6.001804E-17
3703.  5.939733E-17
3704.  5.878196E-17
3705.  5.817185E-17
3706.  5.756707E-17
3707.  5.696751E-17
3708.  5.637317E-17
3709.  5.578407E-17
3710.  5.520010E-17
3711.  5.462140E-17
3712.  5.404770E-17
3713.  5.347926E-17
3714.  5.291573E-17
3715.  5.235726E-17
3716.  5.180385E-17
3717.  5.125543E-17
3718.  5.071195E-17
3719.  5.017340E-17
3720.  4.963971E-17
3721.  4.911093E-17
3722.  4.858704E-17
3723.  4.806787E-17
3724.  4.755356E-17
3725.  4.704390E-17
3726.  4.653903E-17
3727.  4.603867E-17
3728.  4.554310E-17
3729.  4.505212E-17
3730.  4.456573E-17
3731.  4.408383E-17
3732.  4.360649E-17
3733.  4.313368E-17
3734.  4.266517E-17
3735.  4.220116E-17
3736.  4.174157E-17
3737.  4.128627E-17
3738.  4.083525E-17
3739.  4.038852E-17
3740.  3.994608E-17
3741.  3.950773E-17
3742.  3.907360E-17
3743.  3.864362E-17
3744.  3.821782E-17
3745.  3.779593E-17
3746.  3.737816E-17
3747.  3.696426E-17
3748.  3.655446E-17
3749.  3.614855E-17
3750.  3.574646E-17
3751.  3.534834E-17
3752.  3.495393E-17
3753.  3.456330E-17
3754.  3.417640E-17
3755.  3.379321E-17
3756.  3.341374E-17
3757.  3.303783E-17
3758.  3.266560E-17
3759.  3.229691E-17
3760.  3.193176E-17
3761.  3.157006E-17
3762.  3.121191E-17
3763.  3.085703E-17
3764.  3.050566E-17
3765.  3.015761E-17
3766.  2.981291E-17
3767.  2.947145E-17
3768.  2.913317E-17
3769.  2.879824E-17
3770.  2.846637E-17
3771.  2.813763E-17
3772.  2.781214E-17
3773.  2.748966E-17
3774.  2.717018E-17
3775.  2.685381E-17
3776.  2.654037E-17
3777.  2.622979E-17
3778.  2.592216E-17
3779.  2.561743E-17
3780.  2.531557E-17
3781.  2.501648E-17
3782.  2.472018E-17
3783.  2.442670E-17
3784.  2.413585E-17
3785.  2.384773E-17
3786.  2.356220E-17
3787.  2.327936E-17
3788.  2.299915E-17
3789.  2.272149E-17
3790.  2.244626E-17
3791.  2.217365E-17
3792.  2.190342E-17
3793.  2.163577E-17
3794.  2.137049E-17
3795.  2.110753E-17
3796.  2.084703E-17
3797.  2.058871E-17
3798.  2.033288E-17
3799.  2.007926E-17
3800.  1.982793E-17
3801.  1.957878E-17
3802.  1.933184E-17
3803.  1.908704E-17
3804.  1.884444E-17
3805.  1.860402E-17
3806.  1.836563E-17
3807.  1.812935E-17
3808.  1.789514E-17
3809.  1.766298E-17
3810.  1.743277E-17
3811.  1.720457E-17
3812.  1.697831E-17
3813.  1.675405E-17
3814.  1.653167E-17
3815.  1.631129E-17
3816.  1.609270E-17
3817.  1.587594E-17
3818.  1.566107E-17
3819.  1.544803E-17
3820.  1.523688E-17
3821.  1.502733E-17
3822.  1.481973E-17
3823.  1.461380E-17
3824.  1.440957E-17
3825.  1.420715E-17
3826.  1.400640E-17
3827.  1.380727E-17
3828.  1.360994E-17
3829.  1.341416E-17
3830.  1.322015E-17
3831.  1.302767E-17
3832.  1.283681E-17
3833.  1.264764E-17
3834.  1.246000E-17
3835.  1.227388E-17
3836.  1.208941E-17
3837.  1.190647E-17
3838.  1.172505E-17
3839.  1.154518E-17
3840.  1.136690E-17
3841.  1.119011E-17
3842.  1.101491E-17
3843.  1.084104E-17
3844.  1.066877E-17
3845.  1.049793E-17
3846.  1.032862E-17
3847.  1.016078E-17
3848.  9.994425E-18
3849.  9.829515E-18
3850.  9.666070E-18
3851.  9.504066E-18
3852.  9.343507E-18
3853.  9.184411E-18
3854.  9.026691E-18
3855.  8.870510E-18
3856.  8.715718E-18
3857.  8.562377E-18
3858.  8.410483E-18
3859.  8.259944E-18
3860.  8.110937E-18
3861.  7.963343E-18
3862.  7.817159E-18
3863.  7.672413E-18
3864.  7.529067E-18
3865.  7.387276E-18
3866.  7.246758E-18
3867.  7.107721E-18
3868.  6.970182E-18
3869.  6.834091E-18
3870.  6.699467E-18
3871.  6.566237E-18
3872.  6.434475E-18
3873.  6.304280E-18
3874.  6.175421E-18
3875.  6.048126E-18
3876.  5.922260E-18
3877.  5.797907E-18
3878.  5.675061E-18
3879.  5.553785E-18
3880.  5.433855E-18
3881.  5.315558E-18
3882.  5.198781E-18
3883.  5.083449E-18
3884.  4.969765E-18
3885.  4.857602E-18
3886.  4.747032E-18
3887.  4.638005E-18
3888.  4.530632E-18
3889.  4.424748E-18
3890.  4.320603E-18
3891.  4.217936E-18
3892.  4.116937E-18
3893.  4.017607E-18
3894.  3.919979E-18
3895.  3.823969E-18
3896.  3.729702E-18
3897.  3.637125E-18
3898.  3.546186E-18
3899.  3.456969E-18
3900.  3.369569E-18
3901.  3.283886E-18
3902.  3.199897E-18
3903.  3.117756E-18
3904.  3.037382E-18
3905.  2.958880E-18
3906.  2.882264E-18
3907.  2.807342E-18
3908.  2.734382E-18
3909.  2.663248E-18
3910.  2.593973E-18
3911.  2.526699E-18
3912.  2.461300E-18
3913.  2.397917E-18
3914.  2.336421E-18
3915.  2.276898E-18
3916.  2.219453E-18
3917.  2.163930E-18
3918.  2.110512E-18
3919.  2.059074E-18
3920.  2.009725E-18
3921.  1.962459E-18
3922.  1.917432E-18
3923.  1.874358E-18
3924.  1.833472E-18
3925.  1.794711E-18
3926.  1.758323E-18
3927.  1.723973E-18
3928.  1.691841E-18
3929.  1.662017E-18
3930.  1.634443E-18
3931.  1.609044E-18
3932.  1.586014E-18
3933.  1.565271E-18
3934.  1.546852E-18
3935.  1.530866E-18
3936.  1.517221E-18
3937.  1.505923E-18
3938.  1.497153E-18
3939.  1.490632E-18
3940.  1.486683E-18
3941.  1.485115E-18
3942.  1.486151E-18
3943.  1.489593E-18
3944.  1.495545E-18
3945.  1.504137E-18
3946.  1.515172E-18
3947.  1.528868E-18
3948.  1.545215E-18
3949.  1.564012E-18
3950.  1.585511E-18
3951.  1.609730E-18
3952.  1.636541E-18
3953.  1.666094E-18
3954.  1.698344E-18
3955.  1.733274E-18
3956.  1.770944E-18
3957.  1.811448E-18
3958.  1.854663E-18
3959.  1.900640E-18
3960.  1.949464E-18
3961.  2.001112E-18
3962.  2.055583E-18
3963.  2.112809E-18
3964.  2.173044E-18
3965.  2.236135E-18
3966.  2.302077E-18
3967.  2.370937E-18
3968.  2.442755E-18
3969.  2.517561E-18
3970.  2.595297E-18
3971.  2.675874E-18
3972.  2.759541E-18
3973.  2.846178E-18
3974.  2.935871E-18
3975.  3.028474E-18
3976.  3.124173E-18
3977.  3.222962E-18
3978.  3.324758E-18
3979.  3.429607E-18
3980.  3.537590E-18
3981.  3.648602E-18
3982.  3.762763E-18
3983.  3.879893E-18
3984.  4.000205E-18
3985.  4.123699E-18
3986.  4.250376E-18
3987.  4.380052E-18
3988.  4.512900E-18
3989.  4.648983E-18
3990.  4.788111E-18
3991.  4.930445E-18
3992.  5.076061E-18
3993.  5.224769E-18
3994.  5.376631E-18
3995.  5.531646E-18
3996.  5.689979E-18
3997.  5.851325E-18
3998.  6.016006E-18
3999.  6.183855E-18
4000.  6.354948E-18
4001.  6.529252E-18
4002.  6.706739E-18
4003.  6.887347E-18
4004.  7.071271E-18
4005.  7.258422E-18
4006.  7.448725E-18
4007.  7.642318E-18
4008.  7.838957E-18
4009.  8.038933E-18
4010.  8.242181E-18
4011.  8.448492E-18
4012.  8.658067E-18
4013.  8.870807E-18
4014.  9.086756E-18
4015.  9.305970E-18
4016.  9.528303E-18
4017.  9.753879E-18
4018.  9.982622E-18
4019.  1.021448E-17
4020.  1.044951E-17
4021.  1.068772E-17
4022.  1.092918E-17
4023.  1.117368E-17
4024.  1.142140E-17
4025.  1.167223E-17
4026.  1.192617E-17
4027.  1.218323E-17
4028.  1.244332E-17
4029.  1.270664E-17
4030.  1.297304E-17
4031.  1.324248E-17
4032.  1.351502E-17
4033.  1.379048E-17
4034.  1.406915E-17
4035.  1.435074E-17
4036.  1.463547E-17
4037.  1.492317E-17
4038.  1.521388E-17
4039.  1.550759E-17
4040.  1.580420E-17
4041.  1.610389E-17
4042.  1.640649E-17
4043.  1.671196E-17
4044.  1.702043E-17
4045.  1.733182E-17
4046.  1.764611E-17
4047.  1.796325E-17
4048.  1.828322E-17
4049.  1.860610E-17
4050.  1.893190E-17
4051.  1.926040E-17
4052.  1.959172E-17
4053.  1.992578E-17
4054.  2.026275E-17
4055.  2.060244E-17
4056.  2.094490E-17
4057.  2.129004E-17
4058.  2.163791E-17
4059.  2.198834E-17
4060.  2.234163E-17
4061.  2.269759E-17
4062.  2.305612E-17
4063.  2.341731E-17
4064.  2.378120E-17
4065.  2.414755E-17
4066.  2.451660E-17
4067.  2.488808E-17
4068.  2.526224E-17
4069.  2.563892E-17
4070.  2.601804E-17
4071.  2.639974E-17
4072.  2.678385E-17
4073.  2.717051E-17
4074.  2.755956E-17
4075.  2.795110E-17
4076.  2.834509E-17
4077.  2.874134E-17
4078.  2.914012E-17
4079.  2.954123E-17
4080.  2.994465E-17
4081.  3.035050E-17
4082.  3.075864E-17
4083.  3.116915E-17
4084.  3.158184E-17
4085.  3.199686E-17
4086.  3.241425E-17
4087.  3.283379E-17
4088.  3.325558E-17
4089.  3.367970E-17
4090.  3.410591E-17
4091.  3.453431E-17
4092.  3.496497E-17
4093.  3.539776E-17
4094.  3.583276E-17
4095.  3.626990E-17
4096.  3.670920E-17
4097.  3.715059E-17
4098.  3.759419E-17
4099.  3.803977E-17
4100.  3.848751E-17
4101.  3.893734E-17
4102.  3.938917E-17
4103.  3.984318E-17
4104.  4.029922E-17
4105.  4.075727E-17
4106.  4.121745E-17
4107.  4.167957E-17
4108.  4.214379E-17
4109.  4.260999E-17
4110.  4.307827E-17
4111.  4.354856E-17
4112.  4.402065E-17
4113.  4.449493E-17
4114.  4.497126E-17
4115.  4.544947E-17
4116.  4.592967E-17
4117.  4.641181E-17
4118.  4.689601E-17
4119.  4.738211E-17
4120.  4.787031E-17
4121.  4.836037E-17
4122.  4.885239E-17
4123.  4.934634E-17
4124.  4.984239E-17
4125.  5.034036E-17
4126.  5.084024E-17
4127.  5.134211E-17
4128.  5.184595E-17
4129.  5.235179E-17
4130.  5.285956E-17
4131.  5.336934E-17
4132.  5.388102E-17
4133.  5.439474E-17
4134.  5.491037E-17
4135.  5.542810E-17
4136.  5.594772E-17
4137.  5.646940E-17
4138.  5.699310E-17
4139.  5.751867E-17
4140.  5.804634E-17
4141.  5.857606E-17
4142.  5.910771E-17
4143.  5.964145E-17
4144.  6.017726E-17
4145.  6.071500E-17
4146.  6.125488E-17
4147.  6.179676E-17
4148.  6.234075E-17
4149.  6.288672E-17
4150.  6.343500E-17
4151.  6.398507E-17
4152.  6.453745E-17
4153.  6.509186E-17
4154.  6.564838E-17
4155.  6.620702E-17
4156.  6.676776E-17
4157.  6.733081E-17
4158.  6.789573E-17
4159.  6.846307E-17
4160.  6.903238E-17
4161.  6.960397E-17
4162.  7.017788E-17
4163.  7.075386E-17
4164.  7.133207E-17
4165.  7.191254E-17
4166.  7.249518E-17
4167.  7.308010E-17
4168.  7.366721E-17
4169.  7.425672E-17
4170.  7.484848E-17
4171.  7.544244E-17
4172.  7.603876E-17
4173.  7.663744E-17
4174.  7.723833E-17
4175.  7.784159E-17
4176.  7.844710E-17
4177.  7.905501E-17
4178.  7.966533E-17
4179.  8.027800E-17
4180.  8.089293E-17
4181.  8.151025E-17
4182.  8.213007E-17
4183.  8.275219E-17
4184.  8.337676E-17
4185.  8.400372E-17
4186.  8.463306E-17
4187.  8.526475E-17
4188.  8.589892E-17
4189.  8.653557E-17
4190.  8.717462E-17
4191.  8.781603E-17
4192.  8.845997E-17
4193.  8.910630E-17
4194.  8.975514E-17
4195.  9.040627E-17
4196.  9.105999E-17
4197.  9.171605E-17
4198.  9.237457E-17
4199.  9.303558E-17
4200.  9.369893E-17
4201.  9.436483E-17
4202.  9.503306E-17
4203.  9.570377E-17
4204.  9.637690E-17
4205.  9.705239E-17
4206.  9.773032E-17
4207.  9.841064E-17
4208.  9.909327E-17
4209.  9.977842E-17
4210.  1.004659E-16
4211.  1.011556E-16
4212.  1.018478E-16
4213.  1.025423E-16
4214.  1.032391E-16
4215.  1.039382E-16
4216.  1.046395E-16
4217.  1.053432E-16
4218.  1.060491E-16
4219.  1.067571E-16
4220.  1.074675E-16
4221.  1.081799E-16
4222.  1.088945E-16
4223.  1.096113E-16
4224.  1.103302E-16
4225.  1.110511E-16
4226.  1.117741E-16
4227.  1.124991E-16
4228.  1.132262E-16
4229.  1.139551E-16
4230.  1.146860E-16
4231.  1.154187E-16
4232.  1.161534E-16
4233.  1.168899E-16
4234.  1.176280E-16
4235.  1.183681E-16
4236.  1.191097E-16
4237.  1.198530E-16
4238.  1.205979E-16
4239.  1.213444E-16
4240.  1.220923E-16
4241.  1.228419E-16
4242.  1.235928E-16
4243.  1.243449E-16
4244.  1.250986E-16
4245.  1.258534E-16
4246.  1.266094E-16
4247.  1.273666E-16
4248.  1.281249E-16
4249.  1.288842E-16
4250.  1.296446E-16
4251.  1.304058E-16
4252.  1.311678E-16
4253.  1.319306E-16
4254.  1.326941E-16
4255.  1.334584E-16
4256.  1.342231E-16
4257.  1.349884E-16
4258.  1.357542E-16
4259.  1.365202E-16
4260.  1.372866E-16
4261.  1.380532E-16
4262.  1.388200E-16
4263.  1.395868E-16
4264.  1.403535E-16
4265.  1.411202E-16
4266.  1.418868E-16
4267.  1.426529E-16
4268.  1.434189E-16
4269.  1.441843E-16
4270.  1.449491E-16
4271.  1.457135E-16
4272.  1.464771E-16
4273.  1.472399E-16
4274.  1.480019E-16
4275.  1.487628E-16
4276.  1.495226E-16
4277.  1.502814E-16
4278.  1.510388E-16
4279.  1.517949E-16
4280.  1.525495E-16
4281.  1.533025E-16
4282.  1.540540E-16
4283.  1.548036E-16
4284.  1.555513E-16
4285.  1.562971E-16
4286.  1.570409E-16
4287.  1.577824E-16
4288.  1.585217E-16
4289.  1.592584E-16
4290.  1.599928E-16
4291.  1.607245E-16
4292.  1.614535E-16
4293.  1.621797E-16
4294.  1.629029E-16
4295.  1.636231E-16
4296.  1.643401E-16
4297.  1.650539E-16
4298.  1.657642E-16
4299.  1.664710E-16
4300.  1.671743E-16
4301.  1.678738E-16
4302.  1.685694E-16
4303.  1.692610E-16
4304.  1.699485E-16
4305.  1.706319E-16
4306.  1.713110E-16
4307.  1.719856E-16
4308.  1.726557E-16
4309.  1.733210E-16
4310.  1.739817E-16
4311.  1.746373E-16
4312.  1.752881E-16
4313.  1.759335E-16
4314.  1.765738E-16
4315.  1.772087E-16
4316.  1.778380E-16
4317.  1.784619E-16
4318.  1.790798E-16
4319.  1.796921E-16
4320.  1.802983E-16
4321.  1.808985E-16
4322.  1.814925E-16
4323.  1.820800E-16
4324.  1.826613E-16
4325.  1.832359E-16
4326.  1.838038E-16
4327.  1.843651E-16
4328.  1.849194E-16
4329.  1.854667E-16
4330.  1.860068E-16
4331.  1.865398E-16
4332.  1.870655E-16
4333.  1.875835E-16
4334.  1.880941E-16
4335.  1.885971E-16
4336.  1.890922E-16
4337.  1.895794E-16
4338.  1.900586E-16
4339.  1.905297E-16
4340.  1.909927E-16
4341.  1.914473E-16
4342.  1.918934E-16
4343.  1.923311E-16
4344.  1.927602E-16
4345.  1.931805E-16
4346.  1.935920E-16
4347.  1.939946E-16
4348.  1.943882E-16
4349.  1.947726E-16
4350.  1.951478E-16
4351.  1.955138E-16
4352.  1.958705E-16
4353.  1.962176E-16
4354.  1.965552E-16
4355.  1.968831E-16
4356.  1.972013E-16
4357.  1.975097E-16
4358.  1.978081E-16
4359.  1.980967E-16
4360.  1.983752E-16
4361.  1.986434E-16
4362.  1.989016E-16
4363.  1.991495E-16
4364.  1.993870E-16
4365.  1.996141E-16
4366.  1.998307E-16
4367.  2.000368E-16
4368.  2.002323E-16
4369.  2.004170E-16
4370.  2.005911E-16
4371.  2.007543E-16
4372.  2.009067E-16
4373.  2.010482E-16
4374.  2.011788E-16
4375.  2.012982E-16
4376.  2.014068E-16
4377.  2.015041E-16
4378.  2.015904E-16
4379.  2.016653E-16
4380.  2.017292E-16
4381.  2.017818E-16
4382.  2.018230E-16
4383.  2.018529E-16
4384.  2.018715E-16
4385.  2.018786E-16
4386.  2.018744E-16
4387.  2.018587E-16
4388.  2.018316E-16
4389.  2.017928E-16
4390.  2.017427E-16
4391.  2.016810E-16
4392.  2.016078E-16
4393.  2.015230E-16
4394.  2.014267E-16
4395.  2.013189E-16
4396.  2.011994E-16
4397.  2.010684E-16
4398.  2.009258E-16
4399.  2.007716E-16
4400.  2.006060E-16
4401.  2.004287E-16
4402.  2.002400E-16
4403.  2.000397E-16
4404.  1.998278E-16
4405.  1.996045E-16
4406.  1.993696E-16
4407.  1.991234E-16
4408.  1.988657E-16
4409.  1.985966E-16
4410.  1.983161E-16
4411.  1.980243E-16
4412.  1.977211E-16
4413.  1.974067E-16
4414.  1.970809E-16
4415.  1.967439E-16
4416.  1.963958E-16
4417.  1.960366E-16
4418.  1.956664E-16
4419.  1.952851E-16
4420.  1.948928E-16
4421.  1.944895E-16
4422.  1.940752E-16
4423.  1.936504E-16
4424.  1.932147E-16
4425.  1.927684E-16
4426.  1.923113E-16
4427.  1.918437E-16
4428.  1.913656E-16
4429.  1.908770E-16
4430.  1.903780E-16
4431.  1.898688E-16
4432.  1.893493E-16
4433.  1.888197E-16
4434.  1.882802E-16
4435.  1.877305E-16
4436.  1.871709E-16
4437.  1.866015E-16
4438.  1.860225E-16
4439.  1.854337E-16
4440.  1.848353E-16
4441.  1.842276E-16
4442.  1.836105E-16
4443.  1.829839E-16
4444.  1.823483E-16
4445.  1.817037E-16
4446.  1.810499E-16
4447.  1.803873E-16
4448.  1.797159E-16
4449.  1.790359E-16
4450.  1.783473E-16
4451.  1.776502E-16
4452.  1.769447E-16
4453.  1.762310E-16
4454.  1.755091E-16
4455.  1.747792E-16
4456.  1.740414E-16
4457.  1.732958E-16
4458.  1.725425E-16
4459.  1.717816E-16
4460.  1.710133E-16
4461.  1.702376E-16
4462.  1.694547E-16
4463.  1.686648E-16
4464.  1.678679E-16
4465.  1.670641E-16
4466.  1.662536E-16
4467.  1.654364E-16
4468.  1.646129E-16
4469.  1.637830E-16
4470.  1.629468E-16
4471.  1.621045E-16
4472.  1.612564E-16
4473.  1.604023E-16
4474.  1.595426E-16
4475.  1.586772E-16
4476.  1.578064E-16
4477.  1.569304E-16
4478.  1.560491E-16
4479.  1.551628E-16
4480.  1.542716E-16
4481.  1.533756E-16
4482.  1.524750E-16
4483.  1.515698E-16
4484.  1.506603E-16
4485.  1.497465E-16
4486.  1.488286E-16
4487.  1.479068E-16
4488.  1.469812E-16
4489.  1.460517E-16
4490.  1.451187E-16
4491.  1.441823E-16
4492.  1.432427E-16
4493.  1.422999E-16
4494.  1.413540E-16
4495.  1.404052E-16
4496.  1.394536E-16
4497.  1.384995E-16
4498.  1.375430E-16
4499.  1.365839E-16
4500.  1.356227E-16
