1.  -3.732953E-23
2.  -6.773625E-23
3.  -6.210828E-24
4.  1.601470E-23
5.  -2.753722E-23
6.  8.789310E-23
7.  3.339947E-23
8.  6.294864E-23
9.  5.986306E-24
10.  1.702807E-23
11.  3.663226E-23
12.  8.145516E-23
13.  3.319902E-23
14.  1.445644E-22
15.  1.496152E-22
16.  2.439216E-22
17.  2.541985E-22
18.  1.600710E-22
19.  3.179950E-22
20.  2.562865E-22
21.  3.331282E-22
22.  2.944893E-22
23.  3.880660E-22
24.  3.753478E-22
25.  3.519238E-22
26.  4.738348E-22
27.  5.628553E-22
28.  5.854274E-22
29.  6.033485E-22
30.  6.339707E-22
31.  7.011691E-22
32.  8.577241E-22
33.  8.826577E-22
34.  1.023521E-21
35.  1.038726E-21
36.  1.100584E-21
37.  1.312697E-21
38.  1.352052E-21
39.  1.508207E-21
40.  1.734651E-21
41.  1.724171E-21
42.  1.925185E-21
43.  2.071522E-21
44.  2.353948E-21
45.  2.452264E-21
46.  2.711759E-21
47.  2.955493E-21
48.  3.087280E-21
49.  3.419509E-21
50.  3.673299E-21
51.  4.015370E-21
52.  4.304794E-21
53.  4.736436E-21
54.  4.991869E-21
55.  5.462973E-21
56.  5.835566E-21
57.  6.316506E-21
58.  6.931528E-21
59.  7.347368E-21
60.  8.044104E-21
61.  8.589170E-21
62.  9.352396E-21
63.  1.002121E-20
64.  1.084812E-20
65.  1.165182E-20
66.  1.248817E-20
67.  1.347804E-20
68.  1.453859E-20
69.  1.560135E-20
70.  1.675766E-20
71.  1.812685E-20
72.  1.945304E-20
73.  2.087960E-20
74.  2.249436E-20
75.  2.406830E-20
76.  2.591554E-20
77.  2.776363E-20
78.  2.977751E-20
79.  3.207837E-20
80.  3.442292E-20
81.  3.688341E-20
82.  3.951092E-20
83.  4.240393E-20
84.  4.543246E-20
85.  4.877115E-20
86.  5.211712E-20
87.  5.578207E-20
88.  5.977142E-20
89.  6.399832E-20
90.  6.845003E-20
91.  7.321773E-20
92.  7.829981E-20
93.  8.376589E-20
94.  8.951422E-20
95.  9.567703E-20
96.  1.022670E-19
97.  1.091860E-19
98.  1.165528E-19
99.  1.244514E-19
100.  1.328491E-19
101.  1.417912E-19
102.  1.512965E-19
103.  1.612851E-19
104.  1.720975E-19
105.  1.835342E-19
106.  1.955028E-19
107.  2.083484E-19
108.  2.220399E-19
109.  2.363841E-19
110.  2.517254E-19
111.  2.679319E-19
112.  2.851736E-19
113.  3.033547E-19
114.  3.226554E-19
115.  3.432094E-19
116.  3.648113E-19
117.  3.878304E-19
118.  4.120788E-19
119.  4.378502E-19
120.  4.651330E-19
121.  4.938271E-19
122.  5.243059E-19
123.  5.563982E-19
124.  5.904149E-19
125.  6.263754E-19
126.  6.643254E-19
127.  7.044137E-19
128.  7.467561E-19
129.  7.913616E-19
130.  8.384584E-19
131.  8.882050E-19
132.  9.405949E-19
133.  9.959060E-19
134.  1.054273E-18
135.  1.115608E-18
136.  1.180451E-18
137.  1.248604E-18
138.  1.320360E-18
139.  1.395976E-18
140.  1.475465E-18
141.  1.559248E-18
142.  1.647301E-18
143.  1.739903E-18
144.  1.837389E-18
145.  1.939689E-18
146.  2.047193E-18
147.  2.160259E-18
148.  2.278961E-18
149.  2.403614E-18
150.  2.534457E-18
151.  2.671884E-18
152.  2.815890E-18
153.  2.967122E-18
154.  3.125706E-18
155.  3.291934E-18
156.  3.466181E-18
157.  3.648821E-18
158.  3.840152E-18
159.  4.040633E-18
160.  4.250364E-18
161.  4.469963E-18
162.  4.699869E-18
163.  4.940433E-18
164.  5.192107E-18
165.  5.455259E-18
166.  5.730376E-18
167.  6.017866E-18
168.  6.318399E-18
169.  6.632312E-18
170.  6.960237E-18
171.  7.302570E-18
172.  7.660023E-18
173.  8.033065E-18
174.  8.422274E-18
175.  8.828170E-18
176.  9.251537E-18
177.  9.692892E-18
178.  1.015288E-17
179.  1.063236E-17
180.  1.113170E-17
181.  1.165192E-17
182.  1.219339E-17
183.  1.275727E-17
184.  1.334401E-17
185.  1.395436E-17
186.  1.458937E-17
187.  1.524958E-17
188.  1.593613E-17
189.  1.664961E-17
190.  1.739101E-17
191.  1.816132E-17
192.  1.896118E-17
193.  1.979170E-17
194.  2.065382E-17
195.  2.154859E-17
196.  2.247680E-17
197.  2.343966E-17
198.  2.443817E-17
199.  2.547330E-17
200.  2.654607E-17
201.  2.765778E-17
202.  2.880937E-17
203.  3.000208E-17
204.  3.123691E-17
205.  3.251514E-17
206.  3.383794E-17
207.  3.520650E-17
208.  3.662210E-17
209.  3.808577E-17
210.  3.959901E-17
211.  4.116302E-17
212.  4.277897E-17
213.  4.444852E-17
214.  4.617246E-17
215.  4.795249E-17
216.  4.978982E-17
217.  5.168593E-17
218.  5.364209E-17
219.  5.565966E-17
220.  5.774022E-17
221.  5.988495E-17
222.  6.209548E-17
223.  6.437306E-17
224.  6.671919E-17
225.  6.913530E-17
226.  7.162288E-17
227.  7.418349E-17
228.  7.681832E-17
229.  7.952906E-17
230.  8.231719E-17
231.  8.518399E-17
232.  8.813114E-17
233.  9.116002E-17
234.  9.427204E-17
235.  9.746866E-17
236.  1.007516E-16
237.  1.041219E-16
238.  1.075814E-16
239.  1.111310E-16
240.  1.147729E-16
241.  1.185079E-16
242.  1.223376E-16
243.  1.262634E-16
244.  1.302867E-16
245.  1.344089E-16
246.  1.386312E-16
247.  1.429550E-16
248.  1.473816E-16
249.  1.519123E-16
250.  1.565482E-16
251.  1.612909E-16
252.  1.661411E-16
253.  1.711003E-16
254.  1.761695E-16
255.  1.813499E-16
256.  1.866425E-16
257.  1.920483E-16
258.  1.975683E-16
259.  2.032035E-16
260.  2.089548E-16
261.  2.148231E-16
262.  2.208094E-16
263.  2.269138E-16
264.  2.331378E-16
265.  2.394816E-16
266.  2.459461E-16
267.  2.525317E-16
268.  2.592389E-16
269.  2.660684E-16
270.  2.730204E-16
271.  2.800953E-16
272.  2.872935E-16
273.  2.946148E-16
274.  3.020597E-16
275.  3.096284E-16
276.  3.173206E-16
277.  3.251366E-16
278.  3.330760E-16
279.  3.411388E-16
280.  3.493245E-16
281.  3.576331E-16
282.  3.660642E-16
283.  3.746169E-16
284.  3.832911E-16
285.  3.920859E-16
286.  4.010007E-16
287.  4.100348E-16
288.  4.191870E-16
289.  4.284567E-16
290.  4.378430E-16
291.  4.473444E-16
292.  4.569599E-16
293.  4.666882E-16
294.  4.765280E-16
295.  4.864777E-16
296.  4.965360E-16
297.  5.067011E-16
298.  5.169716E-16
299.  5.273455E-16
300.  5.378211E-16
301.  5.483962E-16
302.  5.590691E-16
303.  5.698375E-16
304.  5.806994E-16
305.  5.916525E-16
306.  6.026942E-16
307.  6.138226E-16
308.  6.250348E-16
309.  6.363284E-16
310.  6.477005E-16
311.  6.591488E-16
312.  6.706702E-16
313.  6.822619E-16
314.  6.939211E-16
315.  7.056446E-16
316.  7.174294E-16
317.  7.292723E-16
318.  7.411702E-16
319.  7.531199E-16
320.  7.651181E-16
321.  7.771610E-16
322.  7.892452E-16
323.  8.013677E-16
324.  8.135246E-16
325.  8.257123E-16
326.  8.379274E-16
327.  8.501657E-16
328.  8.624237E-16
329.  8.746980E-16
330.  8.869842E-16
331.  8.992787E-16
332.  9.115777E-16
333.  9.238769E-16
334.  9.361726E-16
335.  9.484611E-16
336.  9.607380E-16
337.  9.729992E-16
338.  9.852410E-16
339.  9.974592E-16
340.  1.009650E-15
341.  1.021809E-15
342.  1.033932E-15
343.  1.046015E-15
344.  1.058054E-15
345.  1.070046E-15
346.  1.081985E-15
347.  1.093869E-15
348.  1.105692E-15
349.  1.117452E-15
350.  1.129143E-15
351.  1.140762E-15
352.  1.152306E-15
353.  1.163769E-15
354.  1.175149E-15
355.  1.186442E-15
356.  1.197643E-15
357.  1.208749E-15
358.  1.219757E-15
359.  1.230663E-15
360.  1.241463E-15
361.  1.252153E-15
362.  1.262730E-15
363.  1.273192E-15
364.  1.283534E-15
365.  1.293753E-15
366.  1.303846E-15
367.  1.313810E-15
368.  1.323642E-15
369.  1.333339E-15
370.  1.342898E-15
371.  1.352316E-15
372.  1.361592E-15
373.  1.370721E-15
374.  1.379701E-15
375.  1.388531E-15
376.  1.397208E-15
377.  1.405729E-15
378.  1.414093E-15
379.  1.422298E-15
380.  1.430340E-15
381.  1.438220E-15
382.  1.445935E-15
383.  1.453484E-15
384.  1.460864E-15
385.  1.468076E-15
386.  1.475117E-15
387.  1.481986E-15
388.  1.488683E-15
389.  1.495206E-15
390.  1.501555E-15
391.  1.507729E-15
392.  1.513727E-15
393.  1.519550E-15
394.  1.525197E-15
395.  1.530667E-15
396.  1.535961E-15
397.  1.541079E-15
398.  1.546021E-15
399.  1.550786E-15
400.  1.555377E-15
401.  1.559793E-15
402.  1.564034E-15
403.  1.568103E-15
404.  1.571998E-15
405.  1.575723E-15
406.  1.579277E-15
407.  1.582663E-15
408.  1.585880E-15
409.  1.588931E-15
410.  1.591818E-15
411.  1.594542E-15
412.  1.597105E-15
413.  1.599508E-15
414.  1.601755E-15
415.  1.603846E-15
416.  1.605784E-15
417.  1.607571E-15
418.  1.609211E-15
419.  1.610704E-15
420.  1.612054E-15
421.  1.613265E-15
422.  1.614337E-15
423.  1.615274E-15
424.  1.616079E-15
425.  1.616754E-15
426.  1.617304E-15
427.  1.617731E-15
428.  1.618037E-15
429.  1.618228E-15
430.  1.618305E-15
431.  1.618271E-15
432.  1.618132E-15
433.  1.617889E-15
434.  1.617547E-15
435.  1.617108E-15
436.  1.616577E-15
437.  1.615956E-15
438.  1.615251E-15
439.  1.614463E-15
440.  1.613598E-15
441.  1.612658E-15
442.  1.611647E-15
443.  1.610569E-15
444.  1.609428E-15
445.  1.608227E-15
446.  1.606970E-15
447.  1.605661E-15
448.  1.604304E-15
449.  1.602901E-15
450.  1.601457E-15
451.  1.599976E-15
452.  1.598461E-15
453.  1.596915E-15
454.  1.595342E-15
455.  1.593745E-15
456.  1.592129E-15
457.  1.590496E-15
458.  1.588850E-15
459.  1.587193E-15
460.  1.585530E-15
461.  1.583864E-15
462.  1.582197E-15
463.  1.580533E-15
464.  1.578874E-15
465.  1.577224E-15
466.  1.575585E-15
467.  1.573960E-15
468.  1.572352E-15
469.  1.570764E-15
470.  1.569197E-15
471.  1.567655E-15
472.  1.566139E-15
473.  1.564652E-15
474.  1.563196E-15
475.  1.561773E-15
476.  1.560384E-15
477.  1.559032E-15
478.  1.557719E-15
479.  1.556445E-15
480.  1.555213E-15
481.  1.554024E-15
482.  1.552879E-15
483.  1.551779E-15
484.  1.550725E-15
485.  1.549719E-15
486.  1.548761E-15
487.  1.547851E-15
488.  1.546991E-15
489.  1.546180E-15
490.  1.545419E-15
491.  1.544709E-15
492.  1.544049E-15
493.  1.543440E-15
494.  1.542880E-15
495.  1.542371E-15
496.  1.541912E-15
497.  1.541501E-15
498.  1.541140E-15
499.  1.540826E-15
500.  1.540559E-15
501.  1.540339E-15
502.  1.540164E-15
503.  1.540032E-15
504.  1.539944E-15
505.  1.539897E-15
506.  1.539890E-15
507.  1.539922E-15
508.  1.539991E-15
509.  1.540095E-15
510.  1.540233E-15
511.  1.540401E-15
512.  1.540600E-15
513.  1.540826E-15
514.  1.541077E-15
515.  1.541352E-15
516.  1.541647E-15
517.  1.541961E-15
518.  1.542291E-15
519.  1.542635E-15
520.  1.542990E-15
521.  1.543353E-15
522.  1.543723E-15
523.  1.544095E-15
524.  1.544468E-15
525.  1.544839E-15
526.  1.545205E-15
527.  1.545563E-15
528.  1.545911E-15
529.  1.546244E-15
530.  1.546561E-15
531.  1.546859E-15
532.  1.547135E-15
533.  1.547386E-15
534.  1.547608E-15
535.  1.547800E-15
536.  1.547958E-15
537.  1.548078E-15
538.  1.548160E-15
539.  1.548198E-15
540.  1.548192E-15
541.  1.548137E-15
542.  1.548032E-15
543.  1.547873E-15
544.  1.547657E-15
545.  1.547383E-15
546.  1.547047E-15
547.  1.546647E-15
548.  1.546180E-15
549.  1.545645E-15
550.  1.545038E-15
551.  1.544357E-15
552.  1.543600E-15
553.  1.542766E-15
554.  1.541851E-15
555.  1.540854E-15
556.  1.539772E-15
557.  1.538605E-15
558.  1.537350E-15
559.  1.536006E-15
560.  1.534571E-15
561.  1.533043E-15
562.  1.531422E-15
563.  1.529705E-15
564.  1.527891E-15
565.  1.525981E-15
566.  1.523972E-15
567.  1.521863E-15
568.  1.519655E-15
569.  1.517346E-15
570.  1.514935E-15
571.  1.512422E-15
572.  1.509807E-15
573.  1.507090E-15
574.  1.504270E-15
575.  1.501347E-15
576.  1.498321E-15
577.  1.495194E-15
578.  1.491963E-15
579.  1.488632E-15
580.  1.485198E-15
581.  1.481665E-15
582.  1.478031E-15
583.  1.474298E-15
584.  1.470466E-15
585.  1.466538E-15
586.  1.462513E-15
587.  1.458393E-15
588.  1.454179E-15
589.  1.449873E-15
590.  1.445477E-15
591.  1.440991E-15
592.  1.436417E-15
593.  1.431758E-15
594.  1.427014E-15
595.  1.422188E-15
596.  1.417282E-15
597.  1.412298E-15
598.  1.407238E-15
599.  1.402103E-15
600.  1.396898E-15
601.  1.391622E-15
602.  1.386280E-15
603.  1.380873E-15
604.  1.375404E-15
605.  1.369875E-15
606.  1.364289E-15
607.  1.358649E-15
608.  1.352956E-15
609.  1.347215E-15
610.  1.341426E-15
611.  1.335594E-15
612.  1.329720E-15
613.  1.323809E-15
614.  1.317861E-15
615.  1.311881E-15
616.  1.305870E-15
617.  1.299832E-15
618.  1.293769E-15
619.  1.287684E-15
620.  1.281580E-15
621.  1.275460E-15
622.  1.269326E-15
623.  1.263181E-15
624.  1.257028E-15
625.  1.250869E-15
626.  1.244706E-15
627.  1.238544E-15
628.  1.232383E-15
629.  1.226227E-15
630.  1.220078E-15
631.  1.213939E-15
632.  1.207811E-15
633.  1.201698E-15
634.  1.195601E-15
635.  1.189522E-15
636.  1.183465E-15
637.  1.177430E-15
638.  1.171420E-15
639.  1.165438E-15
640.  1.159483E-15
641.  1.153560E-15
642.  1.147669E-15
643.  1.141812E-15
644.  1.135991E-15
645.  1.130207E-15
646.  1.124463E-15
647.  1.118758E-15
648.  1.113094E-15
649.  1.107474E-15
650.  1.101897E-15
651.  1.096365E-15
652.  1.090880E-15
653.  1.085441E-15
654.  1.080050E-15
655.  1.074708E-15
656.  1.069415E-15
657.  1.064172E-15
658.  1.058979E-15
659.  1.053837E-15
660.  1.048746E-15
661.  1.043708E-15
662.  1.038721E-15
663.  1.033785E-15
664.  1.028902E-15
665.  1.024071E-15
666.  1.019293E-15
667.  1.014566E-15
668.  1.009890E-15
669.  1.005267E-15
670.  1.000695E-15
671.  9.961730E-16
672.  9.917017E-16
673.  9.872805E-16
674.  9.829087E-16
675.  9.785856E-16
676.  9.743106E-16
677.  9.700831E-16
678.  9.659023E-16
679.  9.617674E-16
680.  9.576775E-16
681.  9.536318E-16
682.  9.496294E-16
683.  9.456696E-16
684.  9.417511E-16
685.  9.378732E-16
686.  9.340345E-16
687.  9.302343E-16
688.  9.264715E-16
689.  9.227448E-16
690.  9.190534E-16
691.  9.153961E-16
692.  9.117717E-16
693.  9.081792E-16
694.  9.046174E-16
695.  9.010852E-16
696.  8.975815E-16
697.  8.941051E-16
698.  8.906552E-16
699.  8.872302E-16
700.  8.838294E-16
701.  8.804517E-16
702.  8.770958E-16
703.  8.737610E-16
704.  8.704460E-16
705.  8.671500E-16
706.  8.638718E-16
707.  8.606107E-16
708.  8.573657E-16
709.  8.541359E-16
710.  8.509205E-16
711.  8.477186E-16
712.  8.445295E-16
713.  8.413524E-16
714.  8.381869E-16
715.  8.350319E-16
716.  8.318871E-16
717.  8.287516E-16
718.  8.256254E-16
719.  8.225074E-16
720.  8.193977E-16
721.  8.162955E-16
722.  8.132008E-16
723.  8.101131E-16
724.  8.070321E-16
725.  8.039580E-16
726.  8.008903E-16
727.  7.978290E-16
728.  7.947740E-16
729.  7.917256E-16
730.  7.886837E-16
731.  7.856482E-16
732.  7.826194E-16
733.  7.795977E-16
734.  7.765833E-16
735.  7.735764E-16
736.  7.705774E-16
737.  7.675869E-16
738.  7.646050E-16
739.  7.616325E-16
740.  7.586700E-16
741.  7.557179E-16
742.  7.527770E-16
743.  7.498479E-16
744.  7.469315E-16
745.  7.440285E-16
746.  7.411395E-16
747.  7.382657E-16
748.  7.354078E-16
749.  7.325668E-16
750.  7.297435E-16
751.  7.269391E-16
752.  7.241548E-16
753.  7.213912E-16
754.  7.186496E-16
755.  7.159313E-16
756.  7.132373E-16
757.  7.105687E-16
758.  7.079266E-16
759.  7.053125E-16
760.  7.027275E-16
761.  7.001727E-16
762.  6.976496E-16
763.  6.951594E-16
764.  6.927031E-16
765.  6.902823E-16
766.  6.878984E-16
767.  6.855524E-16
768.  6.832456E-16
769.  6.809796E-16
770.  6.787553E-16
771.  6.765745E-16
772.  6.744381E-16
773.  6.723476E-16
774.  6.703043E-16
775.  6.683092E-16
776.  6.663639E-16
777.  6.644694E-16
778.  6.626272E-16
779.  6.608383E-16
780.  6.591041E-16
781.  6.574255E-16
782.  6.558040E-16
783.  6.542404E-16
784.  6.527363E-16
785.  6.512921E-16
786.  6.499095E-16
787.  6.485892E-16
788.  6.473322E-16
789.  6.461398E-16
790.  6.450126E-16
791.  6.439516E-16
792.  6.429577E-16
793.  6.420318E-16
794.  6.411747E-16
795.  6.403870E-16
796.  6.396695E-16
797.  6.390229E-16
798.  6.384480E-16
799.  6.379451E-16
800.  6.375150E-16
801.  6.371582E-16
802.  6.368750E-16
803.  6.366660E-16
804.  6.365314E-16
805.  6.364718E-16
806.  6.364871E-16
807.  6.365779E-16
808.  6.367443E-16
809.  6.369862E-16
810.  6.373042E-16
811.  6.376979E-16
812.  6.381674E-16
813.  6.387127E-16
814.  6.393337E-16
815.  6.400303E-16
816.  6.408022E-16
817.  6.416492E-16
818.  6.425710E-16
819.  6.435673E-16
820.  6.446375E-16
821.  6.457814E-16
822.  6.469984E-16
823.  6.482879E-16
824.  6.496495E-16
825.  6.510824E-16
826.  6.525858E-16
827.  6.541593E-16
828.  6.558018E-16
829.  6.575125E-16
830.  6.592908E-16
831.  6.611355E-16
832.  6.630457E-16
833.  6.650205E-16
834.  6.670587E-16
835.  6.691591E-16
836.  6.713208E-16
837.  6.735425E-16
838.  6.758231E-16
839.  6.781613E-16
840.  6.805555E-16
841.  6.830047E-16
842.  6.855074E-16
843.  6.880622E-16
844.  6.906676E-16
845.  6.933223E-16
846.  6.960244E-16
847.  6.987727E-16
848.  7.015656E-16
849.  7.044013E-16
850.  7.072781E-16
851.  7.101945E-16
852.  7.131489E-16
853.  7.161395E-16
854.  7.191642E-16
855.  7.222216E-16
856.  7.253099E-16
857.  7.284271E-16
858.  7.315716E-16
859.  7.347413E-16
860.  7.379344E-16
861.  7.411491E-16
862.  7.443836E-16
863.  7.476357E-16
864.  7.509036E-16
865.  7.541856E-16
866.  7.574793E-16
867.  7.607830E-16
868.  7.640949E-16
869.  7.674128E-16
870.  7.707349E-16
871.  7.740591E-16
872.  7.773835E-16
873.  7.807063E-16
874.  7.840253E-16
875.  7.873387E-16
876.  7.906446E-16
877.  7.939408E-16
878.  7.972257E-16
879.  8.004972E-16
880.  8.037536E-16
881.  8.069929E-16
882.  8.102131E-16
883.  8.134125E-16
884.  8.165893E-16
885.  8.197417E-16
886.  8.228677E-16
887.  8.259659E-16
888.  8.290343E-16
889.  8.320712E-16
890.  8.350751E-16
891.  8.380440E-16
892.  8.409767E-16
893.  8.438715E-16
894.  8.467268E-16
895.  8.495409E-16
896.  8.523127E-16
897.  8.550404E-16
898.  8.577228E-16
899.  8.603584E-16
900.  8.629460E-16
901.  8.654844E-16
902.  8.679722E-16
903.  8.704080E-16
904.  8.727912E-16
905.  8.751202E-16
906.  8.773942E-16
907.  8.796122E-16
908.  8.817732E-16
909.  8.838763E-16
910.  8.859208E-16
911.  8.879055E-16
912.  8.898299E-16
913.  8.916933E-16
914.  8.934949E-16
915.  8.952343E-16
916.  8.969110E-16
917.  8.985245E-16
918.  9.000742E-16
919.  9.015596E-16
920.  9.029808E-16
921.  9.043372E-16
922.  9.056288E-16
923.  9.068552E-16
924.  9.080165E-16
925.  9.091125E-16
926.  9.101435E-16
927.  9.111093E-16
928.  9.120099E-16
929.  9.128457E-16
930.  9.136168E-16
931.  9.143235E-16
932.  9.149662E-16
933.  9.155452E-16
934.  9.160608E-16
935.  9.165137E-16
936.  9.169043E-16
937.  9.172331E-16
938.  9.175009E-16
939.  9.177082E-16
940.  9.178559E-16
941.  9.179444E-16
942.  9.179749E-16
943.  9.179480E-16
944.  9.178646E-16
945.  9.177257E-16
946.  9.175321E-16
947.  9.172850E-16
948.  9.169853E-16
949.  9.166341E-16
950.  9.162324E-16
951.  9.157815E-16
952.  9.152823E-16
953.  9.147362E-16
954.  9.141445E-16
955.  9.135081E-16
956.  9.128287E-16
957.  9.121071E-16
958.  9.113449E-16
959.  9.105435E-16
960.  9.097040E-16
961.  9.088278E-16
962.  9.079166E-16
963.  9.069715E-16
964.  9.059939E-16
965.  9.049850E-16
966.  9.039470E-16
967.  9.028806E-16
968.  9.017873E-16
969.  9.006689E-16
970.  8.995266E-16
971.  8.983619E-16
972.  8.971762E-16
973.  8.959711E-16
974.  8.947479E-16
975.  8.935082E-16
976.  8.922532E-16
977.  8.909845E-16
978.  8.897035E-16
979.  8.884118E-16
980.  8.871104E-16
981.  8.858011E-16
982.  8.844850E-16
983.  8.831638E-16
984.  8.818385E-16
985.  8.805108E-16
986.  8.791818E-16
987.  8.778528E-16
988.  8.765255E-16
989.  8.752006E-16
990.  8.738799E-16
991.  8.725644E-16
992.  8.712553E-16
993.  8.699541E-16
994.  8.686617E-16
995.  8.673795E-16
996.  8.661086E-16
997.  8.648501E-16
998.  8.636053E-16
999.  8.623748E-16
1000.  8.611605E-16
1001.  8.599629E-16
1002.  8.587830E-16
1003.  8.576221E-16
1004.  8.564814E-16
1005.  8.553613E-16
1006.  8.542631E-16
1007.  8.531878E-16
1008.  8.521363E-16
1009.  8.511094E-16
1010.  8.501080E-16
1011.  8.491330E-16
1012.  8.481854E-16
1013.  8.472659E-16
1014.  8.463752E-16
1015.  8.455144E-16
1016.  8.446841E-16
1017.  8.438848E-16
1018.  8.431178E-16
1019.  8.423835E-16
1020.  8.416826E-16
1021.  8.410158E-16
1022.  8.403841E-16
1023.  8.397879E-16
1024.  8.392276E-16
1025.  8.387045E-16
1026.  8.382186E-16
1027.  8.377710E-16
1028.  8.373619E-16
1029.  8.369922E-16
1030.  8.366625E-16
1031.  8.363730E-16
1032.  8.361248E-16
1033.  8.359179E-16
1034.  8.357532E-16
1035.  8.356310E-16
1036.  8.355523E-16
1037.  8.355169E-16
1038.  8.355260E-16
1039.  8.355796E-16
1040.  8.356786E-16
1041.  8.358230E-16
1042.  8.360135E-16
1043.  8.362509E-16
1044.  8.365350E-16
1045.  8.368669E-16
1046.  8.372465E-16
1047.  8.376746E-16
1048.  8.381513E-16
1049.  8.386774E-16
1050.  8.392531E-16
1051.  8.398787E-16
1052.  8.405548E-16
1053.  8.412817E-16
1054.  8.420597E-16
1055.  8.428892E-16
1056.  8.437706E-16
1057.  8.447041E-16
1058.  8.456903E-16
1059.  8.467293E-16
1060.  8.478215E-16
1061.  8.489674E-16
1062.  8.501668E-16
1063.  8.514203E-16
1064.  8.527283E-16
1065.  8.540905E-16
1066.  8.555077E-16
1067.  8.569801E-16
1068.  8.585076E-16
1069.  8.600905E-16
1070.  8.617291E-16
1071.  8.634232E-16
1072.  8.651734E-16
1073.  8.669797E-16
1074.  8.688421E-16
1075.  8.707607E-16
1076.  8.727355E-16
1077.  8.747668E-16
1078.  8.768542E-16
1079.  8.789983E-16
1080.  8.811986E-16
1081.  8.834552E-16
1082.  8.857682E-16
1083.  8.881371E-16
1084.  8.905622E-16
1085.  8.930434E-16
1086.  8.955801E-16
1087.  8.981726E-16
1088.  9.008204E-16
1089.  9.035233E-16
1090.  9.062809E-16
1091.  9.090934E-16
1092.  9.119599E-16
1093.  9.148805E-16
1094.  9.178544E-16
1095.  9.208816E-16
1096.  9.239615E-16
1097.  9.270935E-16
1098.  9.302774E-16
1099.  9.335123E-16
1100.  9.367981E-16
1101.  9.401337E-16
1102.  9.435190E-16
1103.  9.469530E-16
1104.  9.504351E-16
1105.  9.539645E-16
1106.  9.575408E-16
1107.  9.611628E-16
1108.  9.648298E-16
1109.  9.685416E-16
1110.  9.722964E-16
1111.  9.760938E-16
1112.  9.799328E-16
1113.  9.838125E-16
1114.  9.877319E-16
1115.  9.916900E-16
1116.  9.956855E-16
1117.  9.997176E-16
1118.  1.003785E-15
1119.  1.007887E-15
1120.  1.012023E-15
1121.  1.016190E-15
1122.  1.020388E-15
1123.  1.024616E-15
1124.  1.028871E-15
1125.  1.033154E-15
1126.  1.037463E-15
1127.  1.041796E-15
1128.  1.046153E-15
1129.  1.050531E-15
1130.  1.054929E-15
1131.  1.059346E-15
1132.  1.063780E-15
1133.  1.068231E-15
1134.  1.072696E-15
1135.  1.077174E-15
1136.  1.081664E-15
1137.  1.086163E-15
1138.  1.090671E-15
1139.  1.095186E-15
1140.  1.099707E-15
1141.  1.104231E-15
1142.  1.108757E-15
1143.  1.113284E-15
1144.  1.117810E-15
1145.  1.122333E-15
1146.  1.126852E-15
1147.  1.131365E-15
1148.  1.135871E-15
1149.  1.140367E-15
1150.  1.144852E-15
1151.  1.149325E-15
1152.  1.153784E-15
1153.  1.158228E-15
1154.  1.162653E-15
1155.  1.167060E-15
1156.  1.171446E-15
1157.  1.175810E-15
1158.  1.180150E-15
1159.  1.184464E-15
1160.  1.188751E-15
1161.  1.193009E-15
1162.  1.197237E-15
1163.  1.201433E-15
1164.  1.205595E-15
1165.  1.209722E-15
1166.  1.213813E-15
1167.  1.217865E-15
1168.  1.221878E-15
1169.  1.225849E-15
1170.  1.229778E-15
1171.  1.233663E-15
1172.  1.237502E-15
1173.  1.241295E-15
1174.  1.245038E-15
1175.  1.248733E-15
1176.  1.252376E-15
1177.  1.255967E-15
1178.  1.259505E-15
1179.  1.262987E-15
1180.  1.266414E-15
1181.  1.269783E-15
1182.  1.273095E-15
1183.  1.276346E-15
1184.  1.279537E-15
1185.  1.282667E-15
1186.  1.285734E-15
1187.  1.288738E-15
1188.  1.291677E-15
1189.  1.294551E-15
1190.  1.297358E-15
1191.  1.300099E-15
1192.  1.302772E-15
1193.  1.305376E-15
1194.  1.307912E-15
1195.  1.310378E-15
1196.  1.312773E-15
1197.  1.315098E-15
1198.  1.317351E-15
1199.  1.319533E-15
1200.  1.321643E-15
1201.  1.323680E-15
1202.  1.325645E-15
1203.  1.327536E-15
1204.  1.329355E-15
1205.  1.331100E-15
1206.  1.332772E-15
1207.  1.334370E-15
1208.  1.335896E-15
1209.  1.337347E-15
1210.  1.338726E-15
1211.  1.340032E-15
1212.  1.341266E-15
1213.  1.342426E-15
1214.  1.343515E-15
1215.  1.344532E-15
1216.  1.345478E-15
1217.  1.346352E-15
1218.  1.347157E-15
1219.  1.347892E-15
1220.  1.348558E-15
1221.  1.349156E-15
1222.  1.349686E-15
1223.  1.350149E-15
1224.  1.350546E-15
1225.  1.350878E-15
1226.  1.351146E-15
1227.  1.351351E-15
1228.  1.351494E-15
1229.  1.351575E-15
1230.  1.351596E-15
1231.  1.351559E-15
1232.  1.351464E-15
1233.  1.351312E-15
1234.  1.351104E-15
1235.  1.350843E-15
1236.  1.350529E-15
1237.  1.350164E-15
1238.  1.349749E-15
1239.  1.349286E-15
1240.  1.348775E-15
1241.  1.348218E-15
1242.  1.347618E-15
1243.  1.346975E-15
1244.  1.346290E-15
1245.  1.345566E-15
1246.  1.344805E-15
1247.  1.344006E-15
1248.  1.343173E-15
1249.  1.342307E-15
1250.  1.341409E-15
1251.  1.340482E-15
1252.  1.339526E-15
1253.  1.338543E-15
1254.  1.337535E-15
1255.  1.336505E-15
1256.  1.335452E-15
1257.  1.334379E-15
1258.  1.333289E-15
1259.  1.332181E-15
1260.  1.331058E-15
1261.  1.329922E-15
1262.  1.328774E-15
1263.  1.327616E-15
1264.  1.326449E-15
1265.  1.325276E-15
1266.  1.324096E-15
1267.  1.322913E-15
1268.  1.321727E-15
1269.  1.320541E-15
1270.  1.319355E-15
1271.  1.318171E-15
1272.  1.316990E-15
1273.  1.315814E-15
1274.  1.314645E-15
1275.  1.313483E-15
1276.  1.312330E-15
1277.  1.311187E-15
1278.  1.310055E-15
1279.  1.308936E-15
1280.  1.307831E-15
1281.  1.306741E-15
1282.  1.305667E-15
1283.  1.304610E-15
1284.  1.303571E-15
1285.  1.302552E-15
1286.  1.301553E-15
1287.  1.300575E-15
1288.  1.299619E-15
1289.  1.298685E-15
1290.  1.297776E-15
1291.  1.296891E-15
1292.  1.296031E-15
1293.  1.295197E-15
1294.  1.294389E-15
1295.  1.293609E-15
1296.  1.292857E-15
1297.  1.292132E-15
1298.  1.291437E-15
1299.  1.290771E-15
1300.  1.290135E-15
1301.  1.289529E-15
1302.  1.288953E-15
1303.  1.288409E-15
1304.  1.287895E-15
1305.  1.287413E-15
1306.  1.286963E-15
1307.  1.286545E-15
1308.  1.286159E-15
1309.  1.285805E-15
1310.  1.285483E-15
1311.  1.285195E-15
1312.  1.284938E-15
1313.  1.284715E-15
1314.  1.284524E-15
1315.  1.284366E-15
1316.  1.284240E-15
1317.  1.284147E-15
1318.  1.284087E-15
1319.  1.284060E-15
1320.  1.284065E-15
1321.  1.284102E-15
1322.  1.284172E-15
1323.  1.284275E-15
1324.  1.284409E-15
1325.  1.284576E-15
1326.  1.284774E-15
1327.  1.285005E-15
1328.  1.285267E-15
1329.  1.285561E-15
1330.  1.285886E-15
1331.  1.286243E-15
1332.  1.286630E-15
1333.  1.287050E-15
1334.  1.287500E-15
1335.  1.287981E-15
1336.  1.288492E-15
1337.  1.289035E-15
1338.  1.289608E-15
1339.  1.290212E-15
1340.  1.290847E-15
1341.  1.291512E-15
1342.  1.292208E-15
1343.  1.292934E-15
1344.  1.293690E-15
1345.  1.294478E-15
1346.  1.295296E-15
1347.  1.296144E-15
1348.  1.297024E-15
1349.  1.297934E-15
1350.  1.298875E-15
1351.  1.299847E-15
1352.  1.300851E-15
1353.  1.301886E-15
1354.  1.302953E-15
1355.  1.304052E-15
1356.  1.305183E-15
1357.  1.306346E-15
1358.  1.307542E-15
1359.  1.308771E-15
1360.  1.310034E-15
1361.  1.311330E-15
1362.  1.312660E-15
1363.  1.314025E-15
1364.  1.315424E-15
1365.  1.316859E-15
1366.  1.318330E-15
1367.  1.319837E-15
1368.  1.321381E-15
1369.  1.322962E-15
1370.  1.324581E-15
1371.  1.326238E-15
1372.  1.327934E-15
1373.  1.329670E-15
1374.  1.331445E-15
1375.  1.333262E-15
1376.  1.335119E-15
1377.  1.337018E-15
1378.  1.338959E-15
1379.  1.340944E-15
1380.  1.342972E-15
1381.  1.345044E-15
1382.  1.347162E-15
1383.  1.349325E-15
1384.  1.351534E-15
1385.  1.353790E-15
1386.  1.356093E-15
1387.  1.358445E-15
1388.  1.360845E-15
1389.  1.363294E-15
1390.  1.365794E-15
1391.  1.368344E-15
1392.  1.370945E-15
1393.  1.373598E-15
1394.  1.376303E-15
1395.  1.379061E-15
1396.  1.381872E-15
1397.  1.384737E-15
1398.  1.387656E-15
1399.  1.390630E-15
1400.  1.393660E-15
1401.  1.396745E-15
1402.  1.399886E-15
1403.  1.403083E-15
1404.  1.406337E-15
1405.  1.409649E-15
1406.  1.413017E-15
1407.  1.416443E-15
1408.  1.419927E-15
1409.  1.423470E-15
1410.  1.427070E-15
1411.  1.430728E-15
1412.  1.434445E-15
1413.  1.438220E-15
1414.  1.442054E-15
1415.  1.445946E-15
1416.  1.449896E-15
1417.  1.453905E-15
1418.  1.457971E-15
1419.  1.462095E-15
1420.  1.466277E-15
1421.  1.470516E-15
1422.  1.474811E-15
1423.  1.479164E-15
1424.  1.483572E-15
1425.  1.488036E-15
1426.  1.492555E-15
1427.  1.497128E-15
1428.  1.501755E-15
1429.  1.506436E-15
1430.  1.511169E-15
1431.  1.515954E-15
1432.  1.520789E-15
1433.  1.525675E-15
1434.  1.530610E-15
1435.  1.535593E-15
1436.  1.540624E-15
1437.  1.545701E-15
1438.  1.550823E-15
1439.  1.555989E-15
1440.  1.561198E-15
1441.  1.566449E-15
1442.  1.571740E-15
1443.  1.577071E-15
1444.  1.582439E-15
1445.  1.587844E-15
1446.  1.593284E-15
1447.  1.598757E-15
1448.  1.604263E-15
1449.  1.609799E-15
1450.  1.615365E-15
1451.  1.620958E-15
1452.  1.626576E-15
1453.  1.632219E-15
1454.  1.637885E-15
1455.  1.643571E-15
1456.  1.649276E-15
1457.  1.654999E-15
1458.  1.660736E-15
1459.  1.666489E-15
1460.  1.672252E-15
1461.  1.678025E-15
1462.  1.683807E-15
1463.  1.689595E-15
1464.  1.695386E-15
1465.  1.701180E-15
1466.  1.706975E-15
1467.  1.712768E-15
1468.  1.718557E-15
1469.  1.724340E-15
1470.  1.730116E-15
1471.  1.735882E-15
1472.  1.741636E-15
1473.  1.747377E-15
1474.  1.753102E-15
1475.  1.758809E-15
1476.  1.764497E-15
1477.  1.770162E-15
1478.  1.775804E-15
1479.  1.781420E-15
1480.  1.787008E-15
1481.  1.792567E-15
1482.  1.798093E-15
1483.  1.803585E-15
1484.  1.809042E-15
1485.  1.814461E-15
1486.  1.819840E-15
1487.  1.825177E-15
1488.  1.830471E-15
1489.  1.835719E-15
1490.  1.840919E-15
1491.  1.846071E-15
1492.  1.851171E-15
1493.  1.856219E-15
1494.  1.861212E-15
1495.  1.866148E-15
1496.  1.871026E-15
1497.  1.875844E-15
1498.  1.880600E-15
1499.  1.885293E-15
1500.  1.889921E-15
1501.  1.894482E-15
1502.  1.898975E-15
1503.  1.903399E-15
1504.  1.907751E-15
1505.  1.912031E-15
1506.  1.916236E-15
1507.  1.920366E-15
1508.  1.924419E-15
1509.  1.928394E-15
1510.  1.932289E-15
1511.  1.936103E-15
1512.  1.939835E-15
1513.  1.943484E-15
1514.  1.947049E-15
1515.  1.950528E-15
1516.  1.953921E-15
1517.  1.957226E-15
1518.  1.960442E-15
1519.  1.963569E-15
1520.  1.966605E-15
1521.  1.969550E-15
1522.  1.972403E-15
1523.  1.975162E-15
1524.  1.977827E-15
1525.  1.980399E-15
1526.  1.982874E-15
1527.  1.985255E-15
1528.  1.987538E-15
1529.  1.989724E-15
1530.  1.991813E-15
1531.  1.993804E-15
1532.  1.995696E-15
1533.  1.997489E-15
1534.  1.999183E-15
1535.  2.000777E-15
1536.  2.002271E-15
1537.  2.003664E-15
1538.  2.004957E-15
1539.  2.006150E-15
1540.  2.007241E-15
1541.  2.008231E-15
1542.  2.009120E-15
1543.  2.009908E-15
1544.  2.010594E-15
1545.  2.011179E-15
1546.  2.011662E-15
1547.  2.012044E-15
1548.  2.012325E-15
1549.  2.012504E-15
1550.  2.012583E-15
1551.  2.012560E-15
1552.  2.012437E-15
1553.  2.012213E-15
1554.  2.011889E-15
1555.  2.011465E-15
1556.  2.010940E-15
1557.  2.010317E-15
1558.  2.009594E-15
1559.  2.008772E-15
1560.  2.007851E-15
1561.  2.006832E-15
1562.  2.005716E-15
1563.  2.004502E-15
1564.  2.003191E-15
1565.  2.001782E-15
1566.  2.000278E-15
1567.  1.998678E-15
1568.  1.996983E-15
1569.  1.995192E-15
1570.  1.993308E-15
1571.  1.991329E-15
1572.  1.989257E-15
1573.  1.987092E-15
1574.  1.984835E-15
1575.  1.982485E-15
1576.  1.980044E-15
1577.  1.977512E-15
1578.  1.974890E-15
1579.  1.972178E-15
1580.  1.969377E-15
1581.  1.966487E-15
1582.  1.963509E-15
1583.  1.960443E-15
1584.  1.957289E-15
1585.  1.954049E-15
1586.  1.950723E-15
1587.  1.947311E-15
1588.  1.943814E-15
1589.  1.940233E-15
1590.  1.936567E-15
1591.  1.932817E-15
1592.  1.928985E-15
1593.  1.925070E-15
1594.  1.921073E-15
1595.  1.916994E-15
1596.  1.912835E-15
1597.  1.908594E-15
1598.  1.904274E-15
1599.  1.899874E-15
1600.  1.895394E-15
1601.  1.890836E-15
1602.  1.886199E-15
1603.  1.881485E-15
1604.  1.876693E-15
1605.  1.871824E-15
1606.  1.866878E-15
1607.  1.861856E-15
1608.  1.856759E-15
1609.  1.851586E-15
1610.  1.846338E-15
1611.  1.841015E-15
1612.  1.835618E-15
1613.  1.830148E-15
1614.  1.824604E-15
1615.  1.818986E-15
1616.  1.813297E-15
1617.  1.807534E-15
1618.  1.801700E-15
1619.  1.795795E-15
1620.  1.789818E-15
1621.  1.783770E-15
1622.  1.777652E-15
1623.  1.771463E-15
1624.  1.765205E-15
1625.  1.758877E-15
1626.  1.752481E-15
1627.  1.746015E-15
1628.  1.739482E-15
1629.  1.732881E-15
1630.  1.726212E-15
1631.  1.719476E-15
1632.  1.712673E-15
1633.  1.705804E-15
1634.  1.698869E-15
1635.  1.691869E-15
1636.  1.684803E-15
1637.  1.677673E-15
1638.  1.670479E-15
1639.  1.663222E-15
1640.  1.655901E-15
1641.  1.648518E-15
1642.  1.641072E-15
1643.  1.633565E-15
1644.  1.625997E-15
1645.  1.618368E-15
1646.  1.610680E-15
1647.  1.602932E-15
1648.  1.595126E-15
1649.  1.587262E-15
1650.  1.579340E-15
1651.  1.571362E-15
1652.  1.563328E-15
1653.  1.555238E-15
1654.  1.547094E-15
1655.  1.538897E-15
1656.  1.530647E-15
1657.  1.522344E-15
1658.  1.513991E-15
1659.  1.505587E-15
1660.  1.497134E-15
1661.  1.488632E-15
1662.  1.480083E-15
1663.  1.471487E-15
1664.  1.462846E-15
1665.  1.454160E-15
1666.  1.445431E-15
1667.  1.436660E-15
1668.  1.427848E-15
1669.  1.418995E-15
1670.  1.410104E-15
1671.  1.401175E-15
1672.  1.392209E-15
1673.  1.383208E-15
1674.  1.374174E-15
1675.  1.365107E-15
1676.  1.356008E-15
1677.  1.346880E-15
1678.  1.337723E-15
1679.  1.328539E-15
1680.  1.319330E-15
1681.  1.310096E-15
1682.  1.300839E-15
1683.  1.291561E-15
1684.  1.282264E-15
1685.  1.272948E-15
1686.  1.263616E-15
1687.  1.254268E-15
1688.  1.244907E-15
1689.  1.235534E-15
1690.  1.226151E-15
1691.  1.216760E-15
1692.  1.207361E-15
1693.  1.197957E-15
1694.  1.188550E-15
1695.  1.179140E-15
1696.  1.169731E-15
1697.  1.160323E-15
1698.  1.150918E-15
1699.  1.141518E-15
1700.  1.132125E-15
1701.  1.122740E-15
1702.  1.113365E-15
1703.  1.104002E-15
1704.  1.094653E-15
1705.  1.085319E-15
1706.  1.076002E-15
1707.  1.066704E-15
1708.  1.057427E-15
1709.  1.048171E-15
1710.  1.038940E-15
1711.  1.029734E-15
1712.  1.020556E-15
1713.  1.011407E-15
1714.  1.002288E-15
1715.  9.932021E-16
1716.  9.841500E-16
1717.  9.751334E-16
1718.  9.661544E-16
1719.  9.572139E-16
1720.  9.483139E-16
1721.  9.394561E-16
1722.  9.306417E-16
1723.  9.218724E-16
1724.  9.131496E-16
1725.  9.044749E-16
1726.  8.958494E-16
1727.  8.872753E-16
1728.  8.787531E-16
1729.  8.702847E-16
1730.  8.618714E-16
1731.  8.535142E-16
1732.  8.452148E-16
1733.  8.369743E-16
1734.  8.287938E-16
1735.  8.206746E-16
1736.  8.126179E-16
1737.  8.046249E-16
1738.  7.966965E-16
1739.  7.888339E-16
1740.  7.810382E-16
1741.  7.733104E-16
1742.  7.656513E-16
1743.  7.580621E-16
1744.  7.505433E-16
1745.  7.430962E-16
1746.  7.357215E-16
1747.  7.284200E-16
1748.  7.211924E-16
1749.  7.140397E-16
1750.  7.069623E-16
1751.  6.999610E-16
1752.  6.930366E-16
1753.  6.861894E-16
1754.  6.794202E-16
1755.  6.727293E-16
1756.  6.661175E-16
1757.  6.595852E-16
1758.  6.531329E-16
1759.  6.467608E-16
1760.  6.404694E-16
1761.  6.342592E-16
1762.  6.281303E-16
1763.  6.220831E-16
1764.  6.161178E-16
1765.  6.102348E-16
1766.  6.044341E-16
1767.  5.987161E-16
1768.  5.930808E-16
1769.  5.875283E-16
1770.  5.820587E-16
1771.  5.766722E-16
1772.  5.713688E-16
1773.  5.661486E-16
1774.  5.610113E-16
1775.  5.559572E-16
1776.  5.509861E-16
1777.  5.460981E-16
1778.  5.412930E-16
1779.  5.365706E-16
1780.  5.319308E-16
1781.  5.273738E-16
1782.  5.228990E-16
1783.  5.185063E-16
1784.  5.141957E-16
1785.  5.099669E-16
1786.  5.058196E-16
1787.  5.017536E-16
1788.  4.977687E-16
1789.  4.938645E-16
1790.  4.900410E-16
1791.  4.862975E-16
1792.  4.826339E-16
1793.  4.790500E-16
1794.  4.755454E-16
1795.  4.721195E-16
1796.  4.687724E-16
1797.  4.655034E-16
1798.  4.623123E-16
1799.  4.591986E-16
1800.  4.561622E-16
1801.  4.532024E-16
1802.  4.503190E-16
1803.  4.475116E-16
1804.  4.447798E-16
1805.  4.421231E-16
1806.  4.395413E-16
1807.  4.370336E-16
1808.  4.346001E-16
1809.  4.322402E-16
1810.  4.299534E-16
1811.  4.277394E-16
1812.  4.255977E-16
1813.  4.235280E-16
1814.  4.215298E-16
1815.  4.196028E-16
1816.  4.177466E-16
1817.  4.159607E-16
1818.  4.142447E-16
1819.  4.125982E-16
1820.  4.110209E-16
1821.  4.095126E-16
1822.  4.080726E-16
1823.  4.067006E-16
1824.  4.053963E-16
1825.  4.041593E-16
1826.  4.029893E-16
1827.  4.018860E-16
1828.  4.008488E-16
1829.  3.998776E-16
1830.  3.989720E-16
1831.  3.981317E-16
1832.  3.973563E-16
1833.  3.966458E-16
1834.  3.959994E-16
1835.  3.954172E-16
1836.  3.948988E-16
1837.  3.944439E-16
1838.  3.940524E-16
1839.  3.937238E-16
1840.  3.934581E-16
1841.  3.932548E-16
1842.  3.931140E-16
1843.  3.930352E-16
1844.  3.930183E-16
1845.  3.930632E-16
1846.  3.931697E-16
1847.  3.933375E-16
1848.  3.935666E-16
1849.  3.938567E-16
1850.  3.942077E-16
1851.  3.946196E-16
1852.  3.950922E-16
1853.  3.956253E-16
1854.  3.962190E-16
1855.  3.968730E-16
1856.  3.975874E-16
1857.  3.983620E-16
1858.  3.991969E-16
1859.  4.000918E-16
1860.  4.010470E-16
1861.  4.020622E-16
1862.  4.031375E-16
1863.  4.042729E-16
1864.  4.054683E-16
1865.  4.067238E-16
1866.  4.080394E-16
1867.  4.094151E-16
1868.  4.108509E-16
1869.  4.123470E-16
1870.  4.139032E-16
1871.  4.155197E-16
1872.  4.171965E-16
1873.  4.189337E-16
1874.  4.207312E-16
1875.  4.225893E-16
1876.  4.245080E-16
1877.  4.264874E-16
1878.  4.285274E-16
1879.  4.306280E-16
1880.  4.327897E-16
1881.  4.350122E-16
1882.  4.372957E-16
1883.  4.396402E-16
1884.  4.420459E-16
1885.  4.445127E-16
1886.  4.470408E-16
1887.  4.496302E-16
1888.  4.522808E-16
1889.  4.549929E-16
1890.  4.577664E-16
1891.  4.606011E-16
1892.  4.634974E-16
1893.  4.664551E-16
1894.  4.694742E-16
1895.  4.725547E-16
1896.  4.756965E-16
1897.  4.788996E-16
1898.  4.821639E-16
1899.  4.854893E-16
1900.  4.888759E-16
1901.  4.923233E-16
1902.  4.958315E-16
1903.  4.994002E-16
1904.  5.030295E-16
1905.  5.067189E-16
1906.  5.104683E-16
1907.  5.142775E-16
1908.  5.181462E-16
1909.  5.220741E-16
1910.  5.260607E-16
1911.  5.301059E-16
1912.  5.342091E-16
1913.  5.383700E-16
1914.  5.425882E-16
1915.  5.468630E-16
1916.  5.511941E-16
1917.  5.555810E-16
1918.  5.600231E-16
1919.  5.645196E-16
1920.  5.690701E-16
1921.  5.736738E-16
1922.  5.783301E-16
1923.  5.830379E-16
1924.  5.877970E-16
1925.  5.926063E-16
1926.  5.974647E-16
1927.  6.023718E-16
1928.  6.073264E-16
1929.  6.123275E-16
1930.  6.173743E-16
1931.  6.224656E-16
1932.  6.276003E-16
1933.  6.327774E-16
1934.  6.379959E-16
1935.  6.432544E-16
1936.  6.485517E-16
1937.  6.538868E-16
1938.  6.592581E-16
1939.  6.646644E-16
1940.  6.701045E-16
1941.  6.755768E-16
1942.  6.810800E-16
1943.  6.866126E-16
1944.  6.921733E-16
1945.  6.977604E-16
1946.  7.033723E-16
1947.  7.090077E-16
1948.  7.146648E-16
1949.  7.203420E-16
1950.  7.260379E-16
1951.  7.317505E-16
1952.  7.374782E-16
1953.  7.432195E-16
1954.  7.489725E-16
1955.  7.547355E-16
1956.  7.605067E-16
1957.  7.662846E-16
1958.  7.720667E-16
1959.  7.778522E-16
1960.  7.836385E-16
1961.  7.894239E-16
1962.  7.952070E-16
1963.  8.009855E-16
1964.  8.067578E-16
1965.  8.125220E-16
1966.  8.182763E-16
1967.  8.240191E-16
1968.  8.297481E-16
1969.  8.354618E-16
1970.  8.411582E-16
1971.  8.468359E-16
1972.  8.524925E-16
1973.  8.581267E-16
1974.  8.637366E-16
1975.  8.693204E-16
1976.  8.748765E-16
1977.  8.804030E-16
1978.  8.858984E-16
1979.  8.913609E-16
1980.  8.967889E-16
1981.  9.021807E-16
1982.  9.075350E-16
1983.  9.128504E-16
1984.  9.181246E-16
1985.  9.233570E-16
1986.  9.285457E-16
1987.  9.336893E-16
1988.  9.387865E-16
1989.  9.438359E-16
1990.  9.488365E-16
1991.  9.537868E-16
1992.  9.586857E-16
1993.  9.635317E-16
1994.  9.683244E-16
1995.  9.730621E-16
1996.  9.777441E-16
1997.  9.823692E-16
1998.  9.869367E-16
1999.  9.914457E-16
2000.  9.958953E-16
2001.  1.000285E-15
2002.  1.004613E-15
2003.  1.008880E-15
2004.  1.013084E-15
2005.  1.017226E-15
2006.  1.021305E-15
2007.  1.025320E-15
2008.  1.029270E-15
2009.  1.033156E-15
2010.  1.036977E-15
2011.  1.040733E-15
2012.  1.044423E-15
2013.  1.048047E-15
2014.  1.051606E-15
2015.  1.055099E-15
2016.  1.058526E-15
2017.  1.061887E-15
2018.  1.065182E-15
2019.  1.068411E-15
2020.  1.071574E-15
2021.  1.074672E-15
2022.  1.077704E-15
2023.  1.080670E-15
2024.  1.083572E-15
2025.  1.086409E-15
2026.  1.089182E-15
2027.  1.091890E-15
2028.  1.094535E-15
2029.  1.097117E-15
2030.  1.099635E-15
2031.  1.102091E-15
2032.  1.104485E-15
2033.  1.106817E-15
2034.  1.109088E-15
2035.  1.111298E-15
2036.  1.113449E-15
2037.  1.115539E-15
2038.  1.117571E-15
2039.  1.119544E-15
2040.  1.121458E-15
2041.  1.123316E-15
2042.  1.125116E-15
2043.  1.126860E-15
2044.  1.128548E-15
2045.  1.130180E-15
2046.  1.131758E-15
2047.  1.133281E-15
2048.  1.134750E-15
2049.  1.136166E-15
2050.  1.137529E-15
2051.  1.138839E-15
2052.  1.140097E-15
2053.  1.141303E-15
2054.  1.142458E-15
2055.  1.143561E-15
2056.  1.144615E-15
2057.  1.145618E-15
2058.  1.146570E-15
2059.  1.147474E-15
2060.  1.148327E-15
2061.  1.149131E-15
2062.  1.149886E-15
2063.  1.150593E-15
2064.  1.151250E-15
2065.  1.151859E-15
2066.  1.152418E-15
2067.  1.152930E-15
2068.  1.153392E-15
2069.  1.153806E-15
2070.  1.154172E-15
2071.  1.154489E-15
2072.  1.154756E-15
2073.  1.154975E-15
2074.  1.155145E-15
2075.  1.155265E-15
2076.  1.155336E-15
2077.  1.155357E-15
2078.  1.155329E-15
2079.  1.155249E-15
2080.  1.155120E-15
2081.  1.154939E-15
2082.  1.154708E-15
2083.  1.154424E-15
2084.  1.154089E-15
2085.  1.153701E-15
2086.  1.153261E-15
2087.  1.152767E-15
2088.  1.152221E-15
2089.  1.151620E-15
2090.  1.150964E-15
2091.  1.150254E-15
2092.  1.149489E-15
2093.  1.148668E-15
2094.  1.147791E-15
2095.  1.146858E-15
2096.  1.145867E-15
2097.  1.144820E-15
2098.  1.143715E-15
2099.  1.142551E-15
2100.  1.141330E-15
2101.  1.140049E-15
2102.  1.138710E-15
2103.  1.137312E-15
2104.  1.135854E-15
2105.  1.134336E-15
2106.  1.132758E-15
2107.  1.131121E-15
2108.  1.129423E-15
2109.  1.127664E-15
2110.  1.125846E-15
2111.  1.123967E-15
2112.  1.122028E-15
2113.  1.120028E-15
2114.  1.117969E-15
2115.  1.115849E-15
2116.  1.113670E-15
2117.  1.111432E-15
2118.  1.109134E-15
2119.  1.106778E-15
2120.  1.104363E-15
2121.  1.101891E-15
2122.  1.099362E-15
2123.  1.096776E-15
2124.  1.094134E-15
2125.  1.091438E-15
2126.  1.088687E-15
2127.  1.085882E-15
2128.  1.083026E-15
2129.  1.080118E-15
2130.  1.077159E-15
2131.  1.074151E-15
2132.  1.071096E-15
2133.  1.067993E-15
2134.  1.064845E-15
2135.  1.061653E-15
2136.  1.058419E-15
2137.  1.055143E-15
2138.  1.051828E-15
2139.  1.048475E-15
2140.  1.045086E-15
2141.  1.041663E-15
2142.  1.038207E-15
2143.  1.034720E-15
2144.  1.031205E-15
2145.  1.027663E-15
2146.  1.024096E-15
2147.  1.020507E-15
2148.  1.016898E-15
2149.  1.013270E-15
2150.  1.009626E-15
2151.  1.005969E-15
2152.  1.002300E-15
2153.  9.986223E-16
2154.  9.949382E-16
2155.  9.912498E-16
2156.  9.875599E-16
2157.  9.838709E-16
2158.  9.801853E-16
2159.  9.765055E-16
2160.  9.728346E-16
2161.  9.691747E-16
2162.  9.655287E-16
2163.  9.618991E-16
2164.  9.582887E-16
2165.  9.546999E-16
2166.  9.511358E-16
2167.  9.475988E-16
2168.  9.440914E-16
2169.  9.406167E-16
2170.  9.371771E-16
2171.  9.337752E-16
2172.  9.304138E-16
2173.  9.270956E-16
2174.  9.238228E-16
2175.  9.205984E-16
2176.  9.174250E-16
2177.  9.143049E-16
2178.  9.112408E-16
2179.  9.082351E-16
2180.  9.052904E-16
2181.  9.024090E-16
2182.  8.995931E-16
2183.  8.968455E-16
2184.  8.941682E-16
2185.  8.915632E-16
2186.  8.890333E-16
2187.  8.865801E-16
2188.  8.842063E-16
2189.  8.819131E-16
2190.  8.797032E-16
2191.  8.775783E-16
2192.  8.755402E-16
2193.  8.735907E-16
2194.  8.717317E-16
2195.  8.699646E-16
2196.  8.682911E-16
2197.  8.667129E-16
2198.  8.652312E-16
2199.  8.638474E-16
2200.  8.625631E-16
2201.  8.613793E-16
2202.  8.602968E-16
2203.  8.593173E-16
2204.  8.584416E-16
2205.  8.576704E-16
2206.  8.570047E-16
2207.  8.564452E-16
2208.  8.559925E-16
2209.  8.556474E-16
2210.  8.554102E-16
2211.  8.552815E-16
2212.  8.552613E-16
2213.  8.553504E-16
2214.  8.555484E-16
2215.  8.558556E-16
2216.  8.562722E-16
2217.  8.567980E-16
2218.  8.574327E-16
2219.  8.581762E-16
2220.  8.590281E-16
2221.  8.599883E-16
2222.  8.610559E-16
2223.  8.622305E-16
2224.  8.635116E-16
2225.  8.648984E-16
2226.  8.663900E-16
2227.  8.679857E-16
2228.  8.696845E-16
2229.  8.714854E-16
2230.  8.733873E-16
2231.  8.753890E-16
2232.  8.774897E-16
2233.  8.796875E-16
2234.  8.819815E-16
2235.  8.843704E-16
2236.  8.868522E-16
2237.  8.894259E-16
2238.  8.920897E-16
2239.  8.948421E-16
2240.  8.976811E-16
2241.  9.006055E-16
2242.  9.036132E-16
2243.  9.067024E-16
2244.  9.098709E-16
2245.  9.131174E-16
2246.  9.164399E-16
2247.  9.198359E-16
2248.  9.233037E-16
2249.  9.268413E-16
2250.  9.304466E-16
2251.  9.341175E-16
2252.  9.378516E-16
2253.  9.416470E-16
2254.  9.455016E-16
2255.  9.494129E-16
2256.  9.533788E-16
2257.  9.573973E-16
2258.  9.614658E-16
2259.  9.655822E-16
2260.  9.697441E-16
2261.  9.739497E-16
2262.  9.781962E-16
2263.  9.824815E-16
2264.  9.868033E-16
2265.  9.911594E-16
2266.  9.955477E-16
2267.  9.999656E-16
2268.  1.004411E-15
2269.  1.008882E-15
2270.  1.013376E-15
2271.  1.017890E-15
2272.  1.022424E-15
2273.  1.026974E-15
2274.  1.031538E-15
2275.  1.036114E-15
2276.  1.040701E-15
2277.  1.045296E-15
2278.  1.049896E-15
2279.  1.054501E-15
2280.  1.059108E-15
2281.  1.063715E-15
2282.  1.068320E-15
2283.  1.072922E-15
2284.  1.077518E-15
2285.  1.082107E-15
2286.  1.086686E-15
2287.  1.091255E-15
2288.  1.095812E-15
2289.  1.100354E-15
2290.  1.104881E-15
2291.  1.109390E-15
2292.  1.113881E-15
2293.  1.118351E-15
2294.  1.122800E-15
2295.  1.127226E-15
2296.  1.131628E-15
2297.  1.136004E-15
2298.  1.140353E-15
2299.  1.144675E-15
2300.  1.148967E-15
2301.  1.153230E-15
2302.  1.157461E-15
2303.  1.161660E-15
2304.  1.165826E-15
2305.  1.169959E-15
2306.  1.174056E-15
2307.  1.178118E-15
2308.  1.182144E-15
2309.  1.186132E-15
2310.  1.190084E-15
2311.  1.193997E-15
2312.  1.197871E-15
2313.  1.201706E-15
2314.  1.205502E-15
2315.  1.209257E-15
2316.  1.212972E-15
2317.  1.216646E-15
2318.  1.220279E-15
2319.  1.223871E-15
2320.  1.227421E-15
2321.  1.230929E-15
2322.  1.234396E-15
2323.  1.237821E-15
2324.  1.241204E-15
2325.  1.244544E-15
2326.  1.247843E-15
2327.  1.251099E-15
2328.  1.254314E-15
2329.  1.257487E-15
2330.  1.260618E-15
2331.  1.263707E-15
2332.  1.266755E-15
2333.  1.269761E-15
2334.  1.272727E-15
2335.  1.275651E-15
2336.  1.278535E-15
2337.  1.281378E-15
2338.  1.284181E-15
2339.  1.286945E-15
2340.  1.289668E-15
2341.  1.292353E-15
2342.  1.294998E-15
2343.  1.297604E-15
2344.  1.300172E-15
2345.  1.302702E-15
2346.  1.305194E-15
2347.  1.307649E-15
2348.  1.310066E-15
2349.  1.312447E-15
2350.  1.314791E-15
2351.  1.317098E-15
2352.  1.319370E-15
2353.  1.321606E-15
2354.  1.323806E-15
2355.  1.325971E-15
2356.  1.328102E-15
2357.  1.330197E-15
2358.  1.332258E-15
2359.  1.334285E-15
2360.  1.336278E-15
2361.  1.338237E-15
2362.  1.340162E-15
2363.  1.342053E-15
2364.  1.343910E-15
2365.  1.345735E-15
2366.  1.347525E-15
2367.  1.349283E-15
2368.  1.351007E-15
2369.  1.352698E-15
2370.  1.354355E-15
2371.  1.355979E-15
2372.  1.357569E-15
2373.  1.359126E-15
2374.  1.360649E-15
2375.  1.362138E-15
2376.  1.363593E-15
2377.  1.365013E-15
2378.  1.366399E-15
2379.  1.367750E-15
2380.  1.369066E-15
2381.  1.370347E-15
2382.  1.371592E-15
2383.  1.372800E-15
2384.  1.373972E-15
2385.  1.375107E-15
2386.  1.376205E-15
2387.  1.377265E-15
2388.  1.378286E-15
2389.  1.379268E-15
2390.  1.380211E-15
2391.  1.381113E-15
2392.  1.381976E-15
2393.  1.382797E-15
2394.  1.383575E-15
2395.  1.384312E-15
2396.  1.385005E-15
2397.  1.385654E-15
2398.  1.386259E-15
2399.  1.386818E-15
2400.  1.387332E-15
2401.  1.387798E-15
2402.  1.388217E-15
2403.  1.388588E-15
2404.  1.388910E-15
2405.  1.389181E-15
2406.  1.389402E-15
2407.  1.389572E-15
2408.  1.389689E-15
2409.  1.389753E-15
2410.  1.389763E-15
2411.  1.389718E-15
2412.  1.389618E-15
2413.  1.389462E-15
2414.  1.389248E-15
2415.  1.388976E-15
2416.  1.388646E-15
2417.  1.388255E-15
2418.  1.387805E-15
2419.  1.387293E-15
2420.  1.386719E-15
2421.  1.386082E-15
2422.  1.385383E-15
2423.  1.384618E-15
2424.  1.383789E-15
2425.  1.382894E-15
2426.  1.381933E-15
2427.  1.380905E-15
2428.  1.379810E-15
2429.  1.378646E-15
2430.  1.377413E-15
2431.  1.376111E-15
2432.  1.374739E-15
2433.  1.373296E-15
2434.  1.371783E-15
2435.  1.370198E-15
2436.  1.368541E-15
2437.  1.366811E-15
2438.  1.365009E-15
2439.  1.363134E-15
2440.  1.361186E-15
2441.  1.359164E-15
2442.  1.357067E-15
2443.  1.354897E-15
2444.  1.352653E-15
2445.  1.350334E-15
2446.  1.347940E-15
2447.  1.345472E-15
2448.  1.342929E-15
2449.  1.340311E-15
2450.  1.337619E-15
2451.  1.334852E-15
2452.  1.332011E-15
2453.  1.329095E-15
2454.  1.326106E-15
2455.  1.323042E-15
2456.  1.319905E-15
2457.  1.316694E-15
2458.  1.313410E-15
2459.  1.310054E-15
2460.  1.306626E-15
2461.  1.303125E-15
2462.  1.299554E-15
2463.  1.295912E-15
2464.  1.292200E-15
2465.  1.288419E-15
2466.  1.284568E-15
2467.  1.280650E-15
2468.  1.276664E-15
2469.  1.272611E-15
2470.  1.268492E-15
2471.  1.264309E-15
2472.  1.260061E-15
2473.  1.255750E-15
2474.  1.251376E-15
2475.  1.246941E-15
2476.  1.242446E-15
2477.  1.237891E-15
2478.  1.233278E-15
2479.  1.228608E-15
2480.  1.223881E-15
2481.  1.219100E-15
2482.  1.214264E-15
2483.  1.209376E-15
2484.  1.204436E-15
2485.  1.199446E-15
2486.  1.194407E-15
2487.  1.189320E-15
2488.  1.184187E-15
2489.  1.179008E-15
2490.  1.173786E-15
2491.  1.168521E-15
2492.  1.163215E-15
2493.  1.157869E-15
2494.  1.152485E-15
2495.  1.147063E-15
2496.  1.141606E-15
2497.  1.136115E-15
2498.  1.130591E-15
2499.  1.125035E-15
2500.  1.119449E-15
2501.  1.113835E-15
2502.  1.108194E-15
2503.  1.102527E-15
2504.  1.096836E-15
2505.  1.091122E-15
2506.  1.085386E-15
2507.  1.079631E-15
2508.  1.073857E-15
2509.  1.068066E-15
2510.  1.062260E-15
2511.  1.056439E-15
2512.  1.050605E-15
2513.  1.044760E-15
2514.  1.038905E-15
2515.  1.033041E-15
2516.  1.027170E-15
2517.  1.021293E-15
2518.  1.015411E-15
2519.  1.009526E-15
2520.  1.003640E-15
2521.  9.977521E-16
2522.  9.918652E-16
2523.  9.859801E-16
2524.  9.800982E-16
2525.  9.742209E-16
2526.  9.683492E-16
2527.  9.624844E-16
2528.  9.566276E-16
2529.  9.507799E-16
2530.  9.449427E-16
2531.  9.391167E-16
2532.  9.333035E-16
2533.  9.275037E-16
2534.  9.217188E-16
2535.  9.159495E-16
2536.  9.101970E-16
2537.  9.044623E-16
2538.  8.987463E-16
2539.  8.930500E-16
2540.  8.873744E-16
2541.  8.817202E-16
2542.  8.760885E-16
2543.  8.704800E-16
2544.  8.648957E-16
2545.  8.593364E-16
2546.  8.538029E-16
2547.  8.482957E-16
2548.  8.428158E-16
2549.  8.373641E-16
2550.  8.319409E-16
2551.  8.265471E-16
2552.  8.211835E-16
2553.  8.158508E-16
2554.  8.105491E-16
2555.  8.052794E-16
2556.  8.000423E-16
2557.  7.948384E-16
2558.  7.896680E-16
2559.  7.845319E-16
2560.  7.794301E-16
2561.  7.743638E-16
2562.  7.693331E-16
2563.  7.643383E-16
2564.  7.593801E-16
2565.  7.544587E-16
2566.  7.495745E-16
2567.  7.447282E-16
2568.  7.399198E-16
2569.  7.351496E-16
2570.  7.304183E-16
2571.  7.257258E-16
2572.  7.210727E-16
2573.  7.164591E-16
2574.  7.118851E-16
2575.  7.073514E-16
2576.  7.028578E-16
2577.  6.984047E-16
2578.  6.939923E-16
2579.  6.896206E-16
2580.  6.852900E-16
2581.  6.810004E-16
2582.  6.767521E-16
2583.  6.725454E-16
2584.  6.683800E-16
2585.  6.642562E-16
2586.  6.601740E-16
2587.  6.561335E-16
2588.  6.521346E-16
2589.  6.481777E-16
2590.  6.442624E-16
2591.  6.403889E-16
2592.  6.365572E-16
2593.  6.327673E-16
2594.  6.290188E-16
2595.  6.253121E-16
2596.  6.216469E-16
2597.  6.180230E-16
2598.  6.144405E-16
2599.  6.108992E-16
2600.  6.073988E-16
2601.  6.039394E-16
2602.  6.005205E-16
2603.  5.971423E-16
2604.  5.938042E-16
2605.  5.905062E-16
2606.  5.872480E-16
2607.  5.840294E-16
2608.  5.808502E-16
2609.  5.777098E-16
2610.  5.746082E-16
2611.  5.715446E-16
2612.  5.685192E-16
2613.  5.655313E-16
2614.  5.625806E-16
2615.  5.596666E-16
2616.  5.567891E-16
2617.  5.539475E-16
2618.  5.511412E-16
2619.  5.483698E-16
2620.  5.456329E-16
2621.  5.429301E-16
2622.  5.402603E-16
2623.  5.376236E-16
2624.  5.350189E-16
2625.  5.324460E-16
2626.  5.299040E-16
2627.  5.273923E-16
2628.  5.249103E-16
2629.  5.224572E-16
2630.  5.200324E-16
2631.  5.176354E-16
2632.  5.152652E-16
2633.  5.129209E-16
2634.  5.106019E-16
2635.  5.083075E-16
2636.  5.060369E-16
2637.  5.037892E-16
2638.  5.015634E-16
2639.  4.993589E-16
2640.  4.971747E-16
2641.  4.950100E-16
2642.  4.928639E-16
2643.  4.907353E-16
2644.  4.886236E-16
2645.  4.865276E-16
2646.  4.844464E-16
2647.  4.823792E-16
2648.  4.803251E-16
2649.  4.782828E-16
2650.  4.762515E-16
2651.  4.742302E-16
2652.  4.722179E-16
2653.  4.702138E-16
2654.  4.682165E-16
2655.  4.662255E-16
2656.  4.642394E-16
2657.  4.622573E-16
2658.  4.602784E-16
2659.  4.583015E-16
2660.  4.563258E-16
2661.  4.543500E-16
2662.  4.523732E-16
2663.  4.503947E-16
2664.  4.484134E-16
2665.  4.464281E-16
2666.  4.444382E-16
2667.  4.424426E-16
2668.  4.404405E-16
2669.  4.384308E-16
2670.  4.364127E-16
2671.  4.343853E-16
2672.  4.323479E-16
2673.  4.302994E-16
2674.  4.282392E-16
2675.  4.261664E-16
2676.  4.240803E-16
2677.  4.219800E-16
2678.  4.198650E-16
2679.  4.177344E-16
2680.  4.155877E-16
2681.  4.134242E-16
2682.  4.112431E-16
2683.  4.090441E-16
2684.  4.068265E-16
2685.  4.045897E-16
2686.  4.023334E-16
2687.  4.000572E-16
2688.  3.977603E-16
2689.  3.954427E-16
2690.  3.931039E-16
2691.  3.907435E-16
2692.  3.883614E-16
2693.  3.859572E-16
2694.  3.835307E-16
2695.  3.810820E-16
2696.  3.786107E-16
2697.  3.761167E-16
2698.  3.736003E-16
2699.  3.710610E-16
2700.  3.684993E-16
2701.  3.659149E-16
2702.  3.633080E-16
2703.  3.606790E-16
2704.  3.580278E-16
2705.  3.553548E-16
2706.  3.526602E-16
2707.  3.499443E-16
2708.  3.472074E-16
2709.  3.444500E-16
2710.  3.416725E-16
2711.  3.388752E-16
2712.  3.360589E-16
2713.  3.332239E-16
2714.  3.303707E-16
2715.  3.275002E-16
2716.  3.246129E-16
2717.  3.217092E-16
2718.  3.187902E-16
2719.  3.158564E-16
2720.  3.129087E-16
2721.  3.099477E-16
2722.  3.069745E-16
2723.  3.039897E-16
2724.  3.009942E-16
2725.  2.979892E-16
2726.  2.949750E-16
2727.  2.919532E-16
2728.  2.889244E-16
2729.  2.858897E-16
2730.  2.828500E-16
2731.  2.798063E-16
2732.  2.767599E-16
2733.  2.737115E-16
2734.  2.706623E-16
2735.  2.676135E-16
2736.  2.645660E-16
2737.  2.615208E-16
2738.  2.584794E-16
2739.  2.554423E-16
2740.  2.524112E-16
2741.  2.493868E-16
2742.  2.463704E-16
2743.  2.433630E-16
2744.  2.403658E-16
2745.  2.373799E-16
2746.  2.344060E-16
2747.  2.314457E-16
2748.  2.284999E-16
2749.  2.255696E-16
2750.  2.226558E-16
2751.  2.197598E-16
2752.  2.168822E-16
2753.  2.140244E-16
2754.  2.111874E-16
2755.  2.083718E-16
2756.  2.055788E-16
2757.  2.028093E-16
2758.  2.000642E-16
2759.  1.973445E-16
2760.  1.946508E-16
2761.  1.919842E-16
2762.  1.893454E-16
2763.  1.867351E-16
2764.  1.841543E-16
2765.  1.816035E-16
2766.  1.790835E-16
2767.  1.765950E-16
2768.  1.741384E-16
2769.  1.717146E-16
2770.  1.693241E-16
2771.  1.669673E-16
2772.  1.646448E-16
2773.  1.623570E-16
2774.  1.601045E-16
2775.  1.578875E-16
2776.  1.557067E-16
2777.  1.535618E-16
2778.  1.514538E-16
2779.  1.493824E-16
2780.  1.473481E-16
2781.  1.453511E-16
2782.  1.433914E-16
2783.  1.414692E-16
2784.  1.395846E-16
2785.  1.377377E-16
2786.  1.359283E-16
2787.  1.341564E-16
2788.  1.324222E-16
2789.  1.307252E-16
2790.  1.290655E-16
2791.  1.274431E-16
2792.  1.258574E-16
2793.  1.243084E-16
2794.  1.227957E-16
2795.  1.213193E-16
2796.  1.198786E-16
2797.  1.184732E-16
2798.  1.171029E-16
2799.  1.157672E-16
2800.  1.144656E-16
2801.  1.131977E-16
2802.  1.119631E-16
2803.  1.107609E-16
2804.  1.095910E-16
2805.  1.084527E-16
2806.  1.073453E-16
2807.  1.062682E-16
2808.  1.052208E-16
2809.  1.042026E-16
2810.  1.032126E-16
2811.  1.022503E-16
2812.  1.013151E-16
2813.  1.004062E-16
2814.  9.952280E-17
2815.  9.866428E-17
2816.  9.782982E-17
2817.  9.701857E-17
2818.  9.623006E-17
2819.  9.546304E-17
2820.  9.471718E-17
2821.  9.399137E-17
2822.  9.328484E-17
2823.  9.259717E-17
2824.  9.192720E-17
2825.  9.127413E-17
2826.  9.063736E-17
2827.  9.001591E-17
2828.  8.940908E-17
2829.  8.881604E-17
2830.  8.823595E-17
2831.  8.766816E-17
2832.  8.711177E-17
2833.  8.656615E-17
2834.  8.603048E-17
2835.  8.550390E-17
2836.  8.498575E-17
2837.  8.447529E-17
2838.  8.397182E-17
2839.  8.347470E-17
2840.  8.298312E-17
2841.  8.249651E-17
2842.  8.201400E-17
2843.  8.153517E-17
2844.  8.105931E-17
2845.  8.058579E-17
2846.  8.011404E-17
2847.  7.964345E-17
2848.  7.917351E-17
2849.  7.870356E-17
2850.  7.823325E-17
2851.  7.776191E-17
2852.  7.728918E-17
2853.  7.681453E-17
2854.  7.633747E-17
2855.  7.585779E-17
2856.  7.537478E-17
2857.  7.488837E-17
2858.  7.439791E-17
2859.  7.390331E-17
2860.  7.340411E-17
2861.  7.290010E-17
2862.  7.239097E-17
2863.  7.187646E-17
2864.  7.135637E-17
2865.  7.083042E-17
2866.  7.029861E-17
2867.  6.976044E-17
2868.  6.921610E-17
2869.  6.866531E-17
2870.  6.810804E-17
2871.  6.754417E-17
2872.  6.697357E-17
2873.  6.639638E-17
2874.  6.581230E-17
2875.  6.522160E-17
2876.  6.462419E-17
2877.  6.402008E-17
2878.  6.340928E-17
2879.  6.279201E-17
2880.  6.216818E-17
2881.  6.153807E-17
2882.  6.090170E-17
2883.  6.025912E-17
2884.  5.961071E-17
2885.  5.895636E-17
2886.  5.829643E-17
2887.  5.763102E-17
2888.  5.696042E-17
2889.  5.628480E-17
2890.  5.560430E-17
2891.  5.491931E-17
2892.  5.423001E-17
2893.  5.353662E-17
2894.  5.283944E-17
2895.  5.213880E-17
2896.  5.143484E-17
2897.  5.072802E-17
2898.  5.001859E-17
2899.  4.930676E-17
2900.  4.859289E-17
2901.  4.787725E-17
2902.  4.716034E-17
2903.  4.644228E-17
2904.  4.572357E-17
2905.  4.500433E-17
2906.  4.428504E-17
2907.  4.356606E-17
2908.  4.284757E-17
2909.  4.213005E-17
2910.  4.141368E-17
2911.  4.069897E-17
2912.  3.998625E-17
2913.  3.927571E-17
2914.  3.856786E-17
2915.  3.786267E-17
2916.  3.716098E-17
2917.  3.646270E-17
2918.  3.576834E-17
2919.  3.507824E-17
2920.  3.439251E-17
2921.  3.371163E-17
2922.  3.303591E-17
2923.  3.236555E-17
2924.  3.170098E-17
2925.  3.104233E-17
2926.  3.038987E-17
2927.  2.974399E-17
2928.  2.910488E-17
2929.  2.847293E-17
2930.  2.784824E-17
2931.  2.723106E-17
2932.  2.662168E-17
2933.  2.602032E-17
2934.  2.542713E-17
2935.  2.484250E-17
2936.  2.426645E-17
2937.  2.369929E-17
2938.  2.314114E-17
2939.  2.259218E-17
2940.  2.205266E-17
2941.  2.152267E-17
2942.  2.100229E-17
2943.  2.049181E-17
2944.  1.999135E-17
2945.  1.950098E-17
2946.  1.902093E-17
2947.  1.855105E-17
2948.  1.809177E-17
2949.  1.764287E-17
2950.  1.720464E-17
2951.  1.677723E-17
2952.  1.636051E-17
2953.  1.595465E-17
2954.  1.555961E-17
2955.  1.517557E-17
2956.  1.480250E-17
2957.  1.444036E-17
2958.  1.408932E-17
2959.  1.374927E-17
2960.  1.342017E-17
2961.  1.310237E-17
2962.  1.279544E-17
2963.  1.249962E-17
2964.  1.221474E-17
2965.  1.194091E-17
2966.  1.167788E-17
2967.  1.142603E-17
2968.  1.118486E-17
2969.  1.095469E-17
2970.  1.073505E-17
2971.  1.052624E-17
2972.  1.032826E-17
2973.  1.014062E-17
2974.  9.963572E-18
2975.  9.797051E-18
2976.  9.640783E-18
2977.  9.494858E-18
2978.  9.359145E-18
2979.  9.233402E-18
2980.  9.117820E-18
2981.  9.012083E-18
2982.  8.916126E-18
2983.  8.829959E-18
2984.  8.753325E-18
2985.  8.686187E-18
2986.  8.628430E-18
2987.  8.579882E-18
2988.  8.540688E-18
2989.  8.510390E-18
2990.  8.489105E-18
2991.  8.476667E-18
2992.  8.472780E-18
2993.  8.477715E-18
2994.  8.490978E-18
2995.  8.512545E-18
2996.  8.542451E-18
2997.  8.580550E-18
2998.  8.626630E-18
2999.  8.680594E-18
3000.  8.742350E-18
3001.  8.811851E-18
3002.  8.888739E-18
3003.  8.973211E-18
3004.  9.065009E-18
3005.  9.164015E-18
3006.  9.270084E-18
3007.  9.383262E-18
3008.  9.503306E-18
3009.  9.630210E-18
3010.  9.763857E-18
3011.  9.904001E-18
3012.  1.005083E-17
3013.  1.020394E-17
3014.  1.036340E-17
3015.  1.052915E-17
3016.  1.070096E-17
3017.  1.087891E-17
3018.  1.106286E-17
3019.  1.125265E-17
3020.  1.144844E-17
3021.  1.164978E-17
3022.  1.185681E-17
3023.  1.206962E-17
3024.  1.228774E-17
3025.  1.251150E-17
3026.  1.274061E-17
3027.  1.297503E-17
3028.  1.321486E-17
3029.  1.345967E-17
3030.  1.370999E-17
3031.  1.396517E-17
3032.  1.422565E-17
3033.  1.449095E-17
3034.  1.476133E-17
3035.  1.503661E-17
3036.  1.531683E-17
3037.  1.560189E-17
3038.  1.589173E-17
3039.  1.618638E-17
3040.  1.648590E-17
3041.  1.679008E-17
3042.  1.709896E-17
3043.  1.741244E-17
3044.  1.773061E-17
3045.  1.805327E-17
3046.  1.838064E-17
3047.  1.871259E-17
3048.  1.904897E-17
3049.  1.938993E-17
3050.  1.973527E-17
3051.  2.008517E-17
3052.  2.043945E-17
3053.  2.079827E-17
3054.  2.116133E-17
3055.  2.152890E-17
3056.  2.190067E-17
3057.  2.227682E-17
3058.  2.265741E-17
3059.  2.304223E-17
3060.  2.343131E-17
3061.  2.382449E-17
3062.  2.422201E-17
3063.  2.462375E-17
3064.  2.502958E-17
3065.  2.543967E-17
3066.  2.585376E-17
3067.  2.627180E-17
3068.  2.669410E-17
3069.  2.712029E-17
3070.  2.755033E-17
3071.  2.798453E-17
3072.  2.842244E-17
3073.  2.886426E-17
3074.  2.930994E-17
3075.  2.975923E-17
3076.  3.021231E-17
3077.  3.066891E-17
3078.  3.112908E-17
3079.  3.159286E-17
3080.  3.206017E-17
3081.  3.253072E-17
3082.  3.300474E-17
3083.  3.348182E-17
3084.  3.396225E-17
3085.  3.444571E-17
3086.  3.493217E-17
3087.  3.542158E-17
3088.  3.591380E-17
3089.  3.640888E-17
3090.  3.690659E-17
3091.  3.740676E-17
3092.  3.790959E-17
3093.  3.841449E-17
3094.  3.892180E-17
3095.  3.943126E-17
3096.  3.994272E-17
3097.  4.045604E-17
3098.  4.097113E-17
3099.  4.148795E-17
3100.  4.200639E-17
3101.  4.252606E-17
3102.  4.304703E-17
3103.  4.356917E-17
3104.  4.409223E-17
3105.  4.461621E-17
3106.  4.514088E-17
3107.  4.566614E-17
3108.  4.619181E-17
3109.  4.671773E-17
3110.  4.724377E-17
3111.  4.776972E-17
3112.  4.829552E-17
3113.  4.882101E-17
3114.  4.934594E-17
3115.  4.987018E-17
3116.  5.039362E-17
3117.  5.091609E-17
3118.  5.143742E-17
3119.  5.195735E-17
3120.  5.247592E-17
3121.  5.299284E-17
3122.  5.350796E-17
3123.  5.402112E-17
3124.  5.453218E-17
3125.  5.504097E-17
3126.  5.554738E-17
3127.  5.605117E-17
3128.  5.655228E-17
3129.  5.705052E-17
3130.  5.754563E-17
3131.  5.803767E-17
3132.  5.852648E-17
3133.  5.901170E-17
3134.  5.949339E-17
3135.  5.997142E-17
3136.  6.044562E-17
3137.  6.091589E-17
3138.  6.138217E-17
3139.  6.184413E-17
3140.  6.230193E-17
3141.  6.275527E-17
3142.  6.320413E-17
3143.  6.364849E-17
3144.  6.408829E-17
3145.  6.452328E-17
3146.  6.495357E-17
3147.  6.537893E-17
3148.  6.579952E-17
3149.  6.621512E-17
3150.  6.662575E-17
3151.  6.703143E-17
3152.  6.743201E-17
3153.  6.782760E-17
3154.  6.821823E-17
3155.  6.860381E-17
3156.  6.898440E-17
3157.  6.935988E-17
3158.  6.973055E-17
3159.  7.009633E-17
3160.  7.045726E-17
3161.  7.081340E-17
3162.  7.116475E-17
3163.  7.151157E-17
3164.  7.185383E-17
3165.  7.219173E-17
3166.  7.252518E-17
3167.  7.285458E-17
3168.  7.317993E-17
3169.  7.350128E-17
3170.  7.381902E-17
3171.  7.413307E-17
3172.  7.444376E-17
3173.  7.475125E-17
3174.  7.505567E-17
3175.  7.535734E-17
3176.  7.565645E-17
3177.  7.595310E-17
3178.  7.624772E-17
3179.  7.654039E-17
3180.  7.683156E-17
3181.  7.712128E-17
3182.  7.740988E-17
3183.  7.769775E-17
3184.  7.798507E-17
3185.  7.827236E-17
3186.  7.855959E-17
3187.  7.884727E-17
3188.  7.913568E-17
3189.  7.942519E-17
3190.  7.971616E-17
3191.  8.000891E-17
3192.  8.030375E-17
3193.  8.060113E-17
3194.  8.090122E-17
3195.  8.120467E-17
3196.  8.151171E-17
3197.  8.182269E-17
3198.  8.213797E-17
3199.  8.245802E-17
3200.  8.278326E-17
3201.  8.311391E-17
3202.  8.345065E-17
3203.  8.379359E-17
3204.  8.414337E-17
3205.  8.450023E-17
3206.  8.486458E-17
3207.  8.523689E-17
3208.  8.561755E-17
3209.  8.600702E-17
3210.  8.640550E-17
3211.  8.681352E-17
3212.  8.723154E-17
3213.  8.765988E-17
3214.  8.809898E-17
3215.  8.854909E-17
3216.  8.901076E-17
3217.  8.948427E-17
3218.  8.997009E-17
3219.  9.046847E-17
3220.  9.097994E-17
3221.  9.150470E-17
3222.  9.204309E-17
3223.  9.259554E-17
3224.  9.316248E-17
3225.  9.374394E-17
3226.  9.434060E-17
3227.  9.495237E-17
3228.  9.558008E-17
3229.  9.622351E-17
3230.  9.688314E-17
3231.  9.755936E-17
3232.  9.825243E-17
3233.  9.896234E-17
3234.  9.968954E-17
3235.  1.004344E-16
3236.  1.011967E-16
3237.  1.019771E-16
3238.  1.027755E-16
3239.  1.035923E-16
3240.  1.044275E-16
3241.  1.052813E-16
3242.  1.061540E-16
3243.  1.070454E-16
3244.  1.079560E-16
3245.  1.088857E-16
3246.  1.098346E-16
3247.  1.108028E-16
3248.  1.117905E-16
3249.  1.127976E-16
3250.  1.138240E-16
3251.  1.148701E-16
3252.  1.159357E-16
3253.  1.170208E-16
3254.  1.181254E-16
3255.  1.192496E-16
3256.  1.203932E-16
3257.  1.215563E-16
3258.  1.227385E-16
3259.  1.239403E-16
3260.  1.251612E-16
3261.  1.264012E-16
3262.  1.276602E-16
3263.  1.289381E-16
3264.  1.302348E-16
3265.  1.315501E-16
3266.  1.328839E-16
3267.  1.342359E-16
3268.  1.356062E-16
3269.  1.369944E-16
3270.  1.384003E-16
3271.  1.398239E-16
3272.  1.412648E-16
3273.  1.427229E-16
3274.  1.441978E-16
3275.  1.456895E-16
3276.  1.471977E-16
3277.  1.487221E-16
3278.  1.502625E-16
3279.  1.518185E-16
3280.  1.533900E-16
3281.  1.549769E-16
3282.  1.565787E-16
3283.  1.581950E-16
3284.  1.598257E-16
3285.  1.614706E-16
3286.  1.631293E-16
3287.  1.648014E-16
3288.  1.664870E-16
3289.  1.681853E-16
3290.  1.698964E-16
3291.  1.716198E-16
3292.  1.733553E-16
3293.  1.751026E-16
3294.  1.768614E-16
3295.  1.786314E-16
3296.  1.804123E-16
3297.  1.822039E-16
3298.  1.840057E-16
3299.  1.858175E-16
3300.  1.876392E-16
3301.  1.894702E-16
3302.  1.913105E-16
3303.  1.931596E-16
3304.  1.950174E-16
3305.  1.968836E-16
3306.  1.987577E-16
3307.  2.006396E-16
3308.  2.025291E-16
3309.  2.044258E-16
3310.  2.063296E-16
3311.  2.082401E-16
3312.  2.101570E-16
3313.  2.120802E-16
3314.  2.140095E-16
3315.  2.159443E-16
3316.  2.178847E-16
3317.  2.198302E-16
3318.  2.217810E-16
3319.  2.237363E-16
3320.  2.256963E-16
3321.  2.276606E-16
3322.  2.296287E-16
3323.  2.316009E-16
3324.  2.335767E-16
3325.  2.355557E-16
3326.  2.375380E-16
3327.  2.395233E-16
3328.  2.415112E-16
3329.  2.435016E-16
3330.  2.454944E-16
3331.  2.474890E-16
3332.  2.494855E-16
3333.  2.514836E-16
3334.  2.534830E-16
3335.  2.554836E-16
3336.  2.574851E-16
3337.  2.594872E-16
3338.  2.614897E-16
3339.  2.634926E-16
3340.  2.654951E-16
3341.  2.674975E-16
3342.  2.694991E-16
3343.  2.715001E-16
3344.  2.734998E-16
3345.  2.754983E-16
3346.  2.774950E-16
3347.  2.794899E-16
3348.  2.814824E-16
3349.  2.834724E-16
3350.  2.854596E-16
3351.  2.874437E-16
3352.  2.894243E-16
3353.  2.914010E-16
3354.  2.933736E-16
3355.  2.953417E-16
3356.  2.973050E-16
3357.  2.992631E-16
3358.  3.012155E-16
3359.  3.031619E-16
3360.  3.051019E-16
3361.  3.070351E-16
3362.  3.089611E-16
3363.  3.108795E-16
3364.  3.127897E-16
3365.  3.146915E-16
3366.  3.165842E-16
3367.  3.184675E-16
3368.  3.203407E-16
3369.  3.222036E-16
3370.  3.240554E-16
3371.  3.258959E-16
3372.  3.277244E-16
3373.  3.295403E-16
3374.  3.313431E-16
3375.  3.331324E-16
3376.  3.349075E-16
3377.  3.366679E-16
3378.  3.384128E-16
3379.  3.401419E-16
3380.  3.418545E-16
3381.  3.435499E-16
3382.  3.452275E-16
3383.  3.468870E-16
3384.  3.485273E-16
3385.  3.501482E-16
3386.  3.517487E-16
3387.  3.533285E-16
3388.  3.548867E-16
3389.  3.564228E-16
3390.  3.579360E-16
3391.  3.594259E-16
3392.  3.608916E-16
3393.  3.623326E-16
3394.  3.637482E-16
3395.  3.651376E-16
3396.  3.665004E-16
3397.  3.678358E-16
3398.  3.691433E-16
3399.  3.704220E-16
3400.  3.716715E-16
3401.  3.728910E-16
3402.  3.740800E-16
3403.  3.752378E-16
3404.  3.763638E-16
3405.  3.774575E-16
3406.  3.785180E-16
3407.  3.795451E-16
3408.  3.805379E-16
3409.  3.814959E-16
3410.  3.824188E-16
3411.  3.833057E-16
3412.  3.841563E-16
3413.  3.849699E-16
3414.  3.857462E-16
3415.  3.864844E-16
3416.  3.871845E-16
3417.  3.878455E-16
3418.  3.884674E-16
3419.  3.890494E-16
3420.  3.895914E-16
3421.  3.900930E-16
3422.  3.905535E-16
3423.  3.909729E-16
3424.  3.913508E-16
3425.  3.916867E-16
3426.  3.919805E-16
3427.  3.922319E-16
3428.  3.924406E-16
3429.  3.926064E-16
3430.  3.927292E-16
3431.  3.928085E-16
3432.  3.928446E-16
3433.  3.928369E-16
3434.  3.927856E-16
3435.  3.926906E-16
3436.  3.925518E-16
3437.  3.923690E-16
3438.  3.921424E-16
3439.  3.918721E-16
3440.  3.915577E-16
3441.  3.911996E-16
3442.  3.907980E-16
3443.  3.903527E-16
3444.  3.898639E-16
3445.  3.893318E-16
3446.  3.887567E-16
3447.  3.881386E-16
3448.  3.874779E-16
3449.  3.867747E-16
3450.  3.860294E-16
3451.  3.852423E-16
3452.  3.844137E-16
3453.  3.835438E-16
3454.  3.826331E-16
3455.  3.816820E-16
3456.  3.806909E-16
3457.  3.796602E-16
3458.  3.785904E-16
3459.  3.774818E-16
3460.  3.763351E-16
3461.  3.751507E-16
3462.  3.739293E-16
3463.  3.726712E-16
3464.  3.713771E-16
3465.  3.700476E-16
3466.  3.686832E-16
3467.  3.672846E-16
3468.  3.658525E-16
3469.  3.643873E-16
3470.  3.628898E-16
3471.  3.613608E-16
3472.  3.598008E-16
3473.  3.582107E-16
3474.  3.565910E-16
3475.  3.549425E-16
3476.  3.532660E-16
3477.  3.515623E-16
3478.  3.498318E-16
3479.  3.480757E-16
3480.  3.462946E-16
3481.  3.444890E-16
3482.  3.426601E-16
3483.  3.408086E-16
3484.  3.389352E-16
3485.  3.370407E-16
3486.  3.351258E-16
3487.  3.331916E-16
3488.  3.312386E-16
3489.  3.292679E-16
3490.  3.272800E-16
3491.  3.252760E-16
3492.  3.232565E-16
3493.  3.212224E-16
3494.  3.191746E-16
3495.  3.171137E-16
3496.  3.150407E-16
3497.  3.129563E-16
3498.  3.108611E-16
3499.  3.087563E-16
3500.  3.066424E-16
3501.  3.045203E-16
3502.  3.023907E-16
3503.  3.002545E-16
3504.  2.981122E-16
3505.  2.959649E-16
3506.  2.938130E-16
3507.  2.916573E-16
3508.  2.894987E-16
3509.  2.873379E-16
3510.  2.851754E-16
3511.  2.830120E-16
3512.  2.808484E-16
3513.  2.786852E-16
3514.  2.765230E-16
3515.  2.743627E-16
3516.  2.722047E-16
3517.  2.700495E-16
3518.  2.678980E-16
3519.  2.657506E-16
3520.  2.636078E-16
3521.  2.614704E-16
3522.  2.593388E-16
3523.  2.572134E-16
3524.  2.550948E-16
3525.  2.529834E-16
3526.  2.508799E-16
3527.  2.487846E-16
3528.  2.466979E-16
3529.  2.446203E-16
3530.  2.425521E-16
3531.  2.404937E-16
3532.  2.384455E-16
3533.  2.364080E-16
3534.  2.343813E-16
3535.  2.323658E-16
3536.  2.303617E-16
3537.  2.283694E-16
3538.  2.263892E-16
3539.  2.244211E-16
3540.  2.224656E-16
3541.  2.205226E-16
3542.  2.185928E-16
3543.  2.166758E-16
3544.  2.147721E-16
3545.  2.128816E-16
3546.  2.110046E-16
3547.  2.091411E-16
3548.  2.072913E-16
3549.  2.054552E-16
3550.  2.036327E-16
3551.  2.018242E-16
3552.  2.000294E-16
3553.  1.982484E-16
3554.  1.964812E-16
3555.  1.947277E-16
3556.  1.929881E-16
3557.  1.912621E-16
3558.  1.895497E-16
3559.  1.878510E-16
3560.  1.861656E-16
3561.  1.844935E-16
3562.  1.828348E-16
3563.  1.811891E-16
3564.  1.795564E-16
3565.  1.779366E-16
3566.  1.763294E-16
3567.  1.747347E-16
3568.  1.731524E-16
3569.  1.715823E-16
3570.  1.700242E-16
3571.  1.684778E-16
3572.  1.669430E-16
3573.  1.654197E-16
3574.  1.639074E-16
3575.  1.624061E-16
3576.  1.609155E-16
3577.  1.594355E-16
3578.  1.579658E-16
3579.  1.565060E-16
3580.  1.550562E-16
3581.  1.536159E-16
3582.  1.521848E-16
3583.  1.507631E-16
3584.  1.493501E-16
3585.  1.479458E-16
3586.  1.465499E-16
3587.  1.451622E-16
3588.  1.437825E-16
3589.  1.424106E-16
3590.  1.410460E-16
3591.  1.396888E-16
3592.  1.383387E-16
3593.  1.369955E-16
3594.  1.356590E-16
3595.  1.343290E-16
3596.  1.330052E-16
3597.  1.316876E-16
3598.  1.303757E-16
3599.  1.290698E-16
3600.  1.277693E-16
3601.  1.264744E-16
3602.  1.251850E-16
3603.  1.239003E-16
3604.  1.226209E-16
3605.  1.213462E-16
3606.  1.200763E-16
3607.  1.188112E-16
3608.  1.175506E-16
3609.  1.162947E-16
3610.  1.150430E-16
3611.  1.137958E-16
3612.  1.125527E-16
3613.  1.113141E-16
3614.  1.100796E-16
3615.  1.088493E-16
3616.  1.076233E-16
3617.  1.064014E-16
3618.  1.051837E-16
3619.  1.039702E-16
3620.  1.027609E-16
3621.  1.015559E-16
3622.  1.003553E-16
3623.  9.915901E-17
3624.  9.796709E-17
3625.  9.677981E-17
3626.  9.559703E-17
3627.  9.441893E-17
3628.  9.324557E-17
3629.  9.207722E-17
3630.  9.091386E-17
3631.  8.975569E-17
3632.  8.860268E-17
3633.  8.745517E-17
3634.  8.631320E-17
3635.  8.517681E-17
3636.  8.404646E-17
3637.  8.292210E-17
3638.  8.180406E-17
3639.  8.069215E-17
3640.  7.958700E-17
3641.  7.848868E-17
3642.  7.739708E-17
3643.  7.631272E-17
3644.  7.523582E-17
3645.  7.416632E-17
3646.  7.310469E-17
3647.  7.205083E-17
3648.  7.100523E-17
3649.  6.996803E-17
3650.  6.893939E-17
3651.  6.791947E-17
3652.  6.690866E-17
3653.  6.590681E-17
3654.  6.491463E-17
3655.  6.393192E-17
3656.  6.295899E-17
3657.  6.199617E-17
3658.  6.104348E-17
3659.  6.010128E-17
3660.  5.916963E-17
3661.  5.824880E-17
3662.  5.733885E-17
3663.  5.644002E-17
3664.  5.555263E-17
3665.  5.467678E-17
3666.  5.381247E-17
3667.  5.295994E-17
3668.  5.211949E-17
3669.  5.129103E-17
3670.  5.047489E-17
3671.  4.967125E-17
3672.  4.888000E-17
3673.  4.810144E-17
3674.  4.733543E-17
3675.  4.658243E-17
3676.  4.584222E-17
3677.  4.511513E-17
3678.  4.440090E-17
3679.  4.370003E-17
3680.  4.301237E-17
3681.  4.233775E-17
3682.  4.167661E-17
3683.  4.102871E-17
3684.  4.039429E-17
3685.  3.977297E-17
3686.  3.916516E-17
3687.  3.857064E-17
3688.  3.798939E-17
3689.  3.742145E-17
3690.  3.686689E-17
3691.  3.632546E-17
3692.  3.579711E-17
3693.  3.528199E-17
3694.  3.477977E-17
3695.  3.429060E-17
3696.  3.381419E-17
3697.  3.335049E-17
3698.  3.289958E-17
3699.  3.246100E-17
3700.  3.203484E-17
3701.  3.162094E-17
3702.  3.121924E-17
3703.  3.082939E-17
3704.  3.045129E-17
3705.  3.008497E-17
3706.  2.972995E-17
3707.  2.938623E-17
3708.  2.905371E-17
3709.  2.873197E-17
3710.  2.842093E-17
3711.  2.812037E-17
3712.  2.783013E-17
3713.  2.754984E-17
3714.  2.727952E-17
3715.  2.701870E-17
3716.  2.676726E-17
3717.  2.652492E-17
3718.  2.629147E-17
3719.  2.606675E-17
3720.  2.585030E-17
3721.  2.564211E-17
3722.  2.544177E-17
3723.  2.524911E-17
3724.  2.506376E-17
3725.  2.488558E-17
3726.  2.471415E-17
3727.  2.454941E-17
3728.  2.439093E-17
3729.  2.423861E-17
3730.  2.409219E-17
3731.  2.395120E-17
3732.  2.381542E-17
3733.  2.368475E-17
3734.  2.355879E-17
3735.  2.343740E-17
3736.  2.332024E-17
3737.  2.320704E-17
3738.  2.309765E-17
3739.  2.299163E-17
3740.  2.288901E-17
3741.  2.278917E-17
3742.  2.269214E-17
3743.  2.259767E-17
3744.  2.250556E-17
3745.  2.241535E-17
3746.  2.232712E-17
3747.  2.224038E-17
3748.  2.215506E-17
3749.  2.207091E-17
3750.  2.198773E-17
3751.  2.190541E-17
3752.  2.182355E-17
3753.  2.174206E-17
3754.  2.166073E-17
3755.  2.157947E-17
3756.  2.149813E-17
3757.  2.141639E-17
3758.  2.133408E-17
3759.  2.125125E-17
3760.  2.116760E-17
3761.  2.108294E-17
3762.  2.099734E-17
3763.  2.091034E-17
3764.  2.082214E-17
3765.  2.073249E-17
3766.  2.064130E-17
3767.  2.054841E-17
3768.  2.045381E-17
3769.  2.035742E-17
3770.  2.025893E-17
3771.  2.015850E-17
3772.  2.005601E-17
3773.  1.995130E-17
3774.  1.984449E-17
3775.  1.973534E-17
3776.  1.962393E-17
3777.  1.951018E-17
3778.  1.939409E-17
3779.  1.927547E-17
3780.  1.915450E-17
3781.  1.903107E-17
3782.  1.890516E-17
3783.  1.877680E-17
3784.  1.864591E-17
3785.  1.851265E-17
3786.  1.837688E-17
3787.  1.823858E-17
3788.  1.809806E-17
3789.  1.795500E-17
3790.  1.780960E-17
3791.  1.766187E-17
3792.  1.751183E-17
3793.  1.735958E-17
3794.  1.720512E-17
3795.  1.704842E-17
3796.  1.688966E-17
3797.  1.672871E-17
3798.  1.656596E-17
3799.  1.640117E-17
3800.  1.623454E-17
3801.  1.606604E-17
3802.  1.589581E-17
3803.  1.572395E-17
3804.  1.555047E-17
3805.  1.537547E-17
3806.  1.519895E-17
3807.  1.502115E-17
3808.  1.484206E-17
3809.  1.466180E-17
3810.  1.448033E-17
3811.  1.429774E-17
3812.  1.411435E-17
3813.  1.392993E-17
3814.  1.374481E-17
3815.  1.355903E-17
3816.  1.337247E-17
3817.  1.318543E-17
3818.  1.299796E-17
3819.  1.281010E-17
3820.  1.262185E-17
3821.  1.243344E-17
3822.  1.224493E-17
3823.  1.205634E-17
3824.  1.186771E-17
3825.  1.167924E-17
3826.  1.149094E-17
3827.  1.130282E-17
3828.  1.111508E-17
3829.  1.092761E-17
3830.  1.074078E-17
3831.  1.055437E-17
3832.  1.036857E-17
3833.  1.018345E-17
3834.  9.998942E-18
3835.  9.815208E-18
3836.  9.632326E-18
3837.  9.450376E-18
3838.  9.269229E-18
3839.  9.089142E-18
3840.  8.910092E-18
3841.  8.732025E-18
3842.  8.555216E-18
3843.  8.379331E-18
3844.  8.204738E-18
3845.  8.031306E-18
3846.  7.859060E-18
3847.  7.688255E-18
3848.  7.518577E-18
3849.  7.350239E-18
3850.  7.183240E-18
3851.  7.017638E-18
3852.  6.853240E-18
3853.  6.690332E-18
3854.  6.528701E-18
3855.  6.368456E-18
3856.  6.209551E-18
3857.  6.052058E-18
3858.  5.895973E-18
3859.  5.741157E-18
3860.  5.587717E-18
3861.  5.435544E-18
3862.  5.284700E-18
3863.  5.135208E-18
3864.  4.986923E-18
3865.  4.839961E-18
3866.  4.694145E-18
3867.  4.549481E-18
3868.  4.406041E-18
3869.  4.263733E-18
3870.  4.122531E-18
3871.  3.982291E-18
3872.  3.843151E-18
3873.  3.704968E-18
3874.  3.567671E-18
3875.  3.431314E-18
3876.  3.295674E-18
3877.  3.160873E-18
3878.  3.026814E-18
3879.  2.893462E-18
3880.  2.760617E-18
3881.  2.628462E-18
3882.  2.496753E-18
3883.  2.365531E-18
3884.  2.234685E-18
3885.  2.104210E-18
3886.  1.973940E-18
3887.  1.843942E-18
3888.  1.713982E-18
3889.  1.584219E-18
3890.  1.454465E-18
3891.  1.324518E-18
3892.  1.194579E-18
3893.  1.064401E-18
3894.  9.340473E-19
3895.  8.033879E-19
3896.  6.723563E-19
3897.  5.408651E-19
3898.  4.087721E-19
3899.  2.762427E-19
3900.  1.430528E-19
3901.  9.134109E-21
3902.  -1.254976E-19
3903.  -2.609745E-19
3904.  -3.973463E-19
3905.  -5.345546E-19
3906.  -6.728098E-19
3907.  -8.121197E-19
3908.  -9.525196E-19
3909.  -1.094138E-18
3910.  -1.236903E-18
3911.  -1.380950E-18
3912.  -1.526321E-18
3913.  -1.672959E-18
3914.  -1.821110E-18
3915.  -1.970579E-18
3916.  -2.121538E-18
3917.  -2.274042E-18
3918.  -2.428094E-18
3919.  -2.583671E-18
3920.  -2.740916E-18
3921.  -2.899685E-18
3922.  -3.060093E-18
3923.  -3.222218E-18
3924.  -3.386031E-18
3925.  -3.551536E-18
3926.  -3.718710E-18
3927.  -3.887557E-18
3928.  -4.058103E-18
3929.  -4.230285E-18
3930.  -4.404267E-18
3931.  -4.579834E-18
3932.  -4.757151E-18
3933.  -4.935962E-18
3934.  -5.116561E-18
3935.  -5.298682E-18
3936.  -5.482212E-18
3937.  -5.667430E-18
3938.  -5.853935E-18
3939.  -6.042032E-18
3940.  -6.231407E-18
3941.  -6.422138E-18
3942.  -6.614069E-18
3943.  -6.807170E-18
3944.  -7.001511E-18
3945.  -7.196817E-18
3946.  -7.393056E-18
3947.  -7.590184E-18
3948.  -7.788068E-18
3949.  -7.986637E-18
3950.  -8.185826E-18
3951.  -8.385424E-18
3952.  -8.585507E-18
3953.  -8.785661E-18
3954.  -8.986012E-18
3955.  -9.186339E-18
3956.  -9.386588E-18
3957.  -9.586534E-18
3958.  -9.786098E-18
3959.  -9.985025E-18
3960.  -1.018337E-17
3961.  -1.038072E-17
3962.  -1.057712E-17
3963.  -1.077235E-17
3964.  -1.096610E-17
3965.  -1.115839E-17
3966.  -1.134899E-17
3967.  -1.153769E-17
3968.  -1.172432E-17
3969.  -1.190862E-17
3970.  -1.209039E-17
3971.  -1.226964E-17
3972.  -1.244594E-17
3973.  -1.261923E-17
3974.  -1.278919E-17
3975.  -1.295564E-17
3976.  -1.311838E-17
3977.  -1.327716E-17
3978.  -1.343191E-17
3979.  -1.358219E-17
3980.  -1.372800E-17
3981.  -1.386889E-17
3982.  -1.400475E-17
3983.  -1.413539E-17
3984.  -1.426055E-17
3985.  -1.437981E-17
3986.  -1.449317E-17
3987.  -1.460029E-17
3988.  -1.470101E-17
3989.  -1.479499E-17
3990.  -1.488217E-17
3991.  -1.496208E-17
3992.  -1.503473E-17
3993.  -1.509964E-17
3994.  -1.515683E-17
3995.  -1.520590E-17
3996.  -1.524659E-17
3997.  -1.527884E-17
3998.  -1.530231E-17
3999.  -1.531668E-17
4000.  -1.532202E-17
4001.  -1.531786E-17
4002.  -1.530406E-17
4003.  -1.528046E-17
4004.  -1.524677E-17
4005.  -1.520282E-17
4006.  -1.514843E-17
4007.  -1.508333E-17
4008.  -1.500753E-17
4009.  -1.492059E-17
4010.  -1.482255E-17
4011.  -1.471314E-17
4012.  -1.459208E-17
4013.  -1.445943E-17
4014.  -1.431489E-17
4015.  -1.415837E-17
4016.  -1.398976E-17
4017.  -1.380875E-17
4018.  -1.361543E-17
4019.  -1.340964E-17
4020.  -1.319121E-17
4021.  -1.295996E-17
4022.  -1.271594E-17
4023.  -1.245901E-17
4024.  -1.218906E-17
4025.  -1.190601E-17
4026.  -1.161001E-17
4027.  -1.130070E-17
4028.  -1.097823E-17
4029.  -1.064252E-17
4030.  -1.029357E-17
4031.  -9.931369E-18
4032.  -9.555794E-18
4033.  -9.166992E-18
4034.  -8.764908E-18
4035.  -8.349671E-18
4036.  -7.921088E-18
4037.  -7.479519E-18
4038.  -7.024793E-18
4039.  -6.556961E-18
4040.  -6.076311E-18
4041.  -5.582737E-18
4042.  -5.076368E-18
4043.  -4.557436E-18
4044.  -4.025825E-18
4045.  -3.481872E-18
4046.  -2.925700E-18
4047.  -2.357298E-18
4048.  -1.777041E-18
4049.  -1.184864E-18
4050.  -5.810832E-19
4051.  3.403703E-20
4052.  6.605562E-19
4053.  1.297984E-18
4054.  1.946396E-18
4055.  2.605234E-18
4056.  3.274579E-18
4057.  3.953984E-18
4058.  4.643257E-18
4059.  5.342253E-18
4060.  6.050508E-18
4061.  6.767903E-18
4062.  7.493990E-18
4063.  8.228759E-18
4064.  8.971725E-18
4065.  9.722728E-18
4066.  1.048126E-17
4067.  1.124709E-17
4068.  1.201986E-17
4069.  1.279926E-17
4070.  1.358509E-17
4071.  1.437706E-17
4072.  1.517449E-17
4073.  1.597733E-17
4074.  1.678513E-17
4075.  1.759753E-17
4076.  1.841418E-17
4077.  1.923475E-17
4078.  2.005898E-17
4079.  2.088636E-17
4080.  2.171647E-17
4081.  2.254912E-17
4082.  2.338393E-17
4083.  2.422035E-17
4084.  2.505825E-17
4085.  2.589701E-17
4086.  2.673651E-17
4087.  2.757626E-17
4088.  2.841592E-17
4089.  2.925514E-17
4090.  3.009356E-17
4091.  3.093071E-17
4092.  3.176635E-17
4093.  3.260011E-17
4094.  3.343166E-17
4095.  3.426058E-17
4096.  3.508660E-17
4097.  3.590933E-17
4098.  3.672842E-17
4099.  3.754371E-17
4100.  3.835454E-17
4101.  3.916096E-17
4102.  3.996239E-17
4103.  4.075862E-17
4104.  4.154941E-17
4105.  4.233436E-17
4106.  4.311328E-17
4107.  4.388570E-17
4108.  4.465151E-17
4109.  4.541047E-17
4110.  4.616223E-17
4111.  4.690653E-17
4112.  4.764321E-17
4113.  4.837198E-17
4114.  4.909267E-17
4115.  4.980501E-17
4116.  5.050869E-17
4117.  5.120362E-17
4118.  5.188969E-17
4119.  5.256654E-17
4120.  5.323415E-17
4121.  5.389226E-17
4122.  5.454073E-17
4123.  5.517944E-17
4124.  5.580828E-17
4125.  5.642701E-17
4126.  5.703555E-17
4127.  5.763393E-17
4128.  5.822183E-17
4129.  5.879939E-17
4130.  5.936636E-17
4131.  5.992279E-17
4132.  6.046846E-17
4133.  6.100347E-17
4134.  6.152777E-17
4135.  6.204125E-17
4136.  6.254397E-17
4137.  6.303579E-17
4138.  6.351694E-17
4139.  6.398717E-17
4140.  6.444661E-17
4141.  6.489532E-17
4142.  6.533328E-17
4143.  6.576057E-17
4144.  6.617718E-17
4145.  6.658325E-17
4146.  6.697873E-17
4147.  6.736378E-17
4148.  6.773856E-17
4149.  6.810304E-17
4150.  6.845741E-17
4151.  6.880167E-17
4152.  6.913604E-17
4153.  6.946060E-17
4154.  6.977545E-17
4155.  7.008089E-17
4156.  7.037684E-17
4157.  7.066359E-17
4158.  7.094129E-17
4159.  7.121016E-17
4160.  7.147026E-17
4161.  7.172193E-17
4162.  7.196514E-17
4163.  7.220029E-17
4164.  7.242750E-17
4165.  7.264696E-17
4166.  7.285884E-17
4167.  7.306350E-17
4168.  7.326122E-17
4169.  7.345197E-17
4170.  7.363619E-17
4171.  7.381406E-17
4172.  7.398592E-17
4173.  7.415192E-17
4174.  7.431227E-17
4175.  7.446740E-17
4176.  7.461750E-17
4177.  7.476289E-17
4178.  7.490377E-17
4179.  7.504063E-17
4180.  7.517354E-17
4181.  7.530279E-17
4182.  7.542887E-17
4183.  7.555206E-17
4184.  7.567261E-17
4185.  7.579079E-17
4186.  7.590695E-17
4187.  7.602158E-17
4188.  7.613478E-17
4189.  7.624705E-17
4190.  7.635868E-17
4191.  7.647007E-17
4192.  7.658159E-17
4193.  7.669339E-17
4194.  7.680606E-17
4195.  7.691996E-17
4196.  7.703536E-17
4197.  7.715268E-17
4198.  7.727227E-17
4199.  7.739455E-17
4200.  7.751999E-17
4201.  7.764874E-17
4202.  7.778159E-17
4203.  7.791864E-17
4204.  7.806023E-17
4205.  7.820705E-17
4206.  7.835932E-17
4207.  7.851764E-17
4208.  7.868213E-17
4209.  7.885352E-17
4210.  7.903210E-17
4211.  7.921826E-17
4212.  7.941246E-17
4213.  7.961515E-17
4214.  7.982685E-17
4215.  8.004790E-17
4216.  8.027870E-17
4217.  8.051989E-17
4218.  8.077162E-17
4219.  8.103454E-17
4220.  8.130915E-17
4221.  8.159574E-17
4222.  8.189485E-17
4223.  8.220690E-17
4224.  8.253228E-17
4225.  8.287151E-17
4226.  8.322504E-17
4227.  8.359323E-17
4228.  8.397664E-17
4229.  8.437561E-17
4230.  8.479062E-17
4231.  8.522201E-17
4232.  8.567038E-17
4233.  8.613604E-17
4234.  8.661936E-17
4235.  8.712091E-17
4236.  8.764094E-17
4237.  8.817993E-17
4238.  8.873828E-17
4239.  8.931637E-17
4240.  8.991452E-17
4241.  9.053314E-17
4242.  9.117273E-17
4243.  9.183342E-17
4244.  9.251566E-17
4245.  9.321975E-17
4246.  9.394594E-17
4247.  9.469474E-17
4248.  9.546629E-17
4249.  9.626086E-17
4250.  9.707879E-17
4251.  9.792028E-17
4252.  9.878564E-17
4253.  9.967496E-17
4254.  1.005886E-16
4255.  1.015267E-16
4256.  1.024894E-16
4257.  1.034769E-16
4258.  1.044892E-16
4259.  1.055266E-16
4260.  1.065891E-16
4261.  1.076769E-16
4262.  1.087899E-16
4263.  1.099283E-16
4264.  1.110920E-16
4265.  1.122809E-16
4266.  1.134952E-16
4267.  1.147348E-16
4268.  1.159996E-16
4269.  1.172894E-16
4270.  1.186042E-16
4271.  1.199439E-16
4272.  1.213083E-16
4273.  1.226972E-16
4274.  1.241103E-16
4275.  1.255475E-16
4276.  1.270085E-16
4277.  1.284930E-16
4278.  1.300008E-16
4279.  1.315315E-16
4280.  1.330847E-16
4281.  1.346601E-16
4282.  1.362571E-16
4283.  1.378755E-16
4284.  1.395149E-16
4285.  1.411745E-16
4286.  1.428541E-16
4287.  1.445531E-16
4288.  1.462709E-16
4289.  1.480071E-16
4290.  1.497609E-16
4291.  1.515317E-16
4292.  1.533190E-16
4293.  1.551221E-16
4294.  1.569404E-16
4295.  1.587730E-16
4296.  1.606194E-16
4297.  1.624788E-16
4298.  1.643504E-16
4299.  1.662335E-16
4300.  1.681274E-16
4301.  1.700310E-16
4302.  1.719439E-16
4303.  1.738649E-16
4304.  1.757934E-16
4305.  1.777285E-16
4306.  1.796693E-16
4307.  1.816148E-16
4308.  1.835645E-16
4309.  1.855171E-16
4310.  1.874719E-16
4311.  1.894279E-16
4312.  1.913843E-16
4313.  1.933401E-16
4314.  1.952943E-16
4315.  1.972461E-16
4316.  1.991946E-16
4317.  2.011387E-16
4318.  2.030776E-16
4319.  2.050104E-16
4320.  2.069361E-16
4321.  2.088538E-16
4322.  2.107624E-16
4323.  2.126612E-16
4324.  2.145492E-16
4325.  2.164256E-16
4326.  2.182894E-16
4327.  2.201397E-16
4328.  2.219757E-16
4329.  2.237963E-16
4330.  2.256009E-16
4331.  2.273885E-16
4332.  2.291584E-16
4333.  2.309097E-16
4334.  2.326415E-16
4335.  2.343533E-16
4336.  2.360439E-16
4337.  2.377129E-16
4338.  2.393594E-16
4339.  2.409826E-16
4340.  2.425820E-16
4341.  2.441566E-16
4342.  2.457062E-16
4343.  2.472296E-16
4344.  2.487266E-16
4345.  2.501964E-16
4346.  2.516384E-16
4347.  2.530521E-16
4348.  2.544370E-16
4349.  2.557924E-16
4350.  2.571180E-16
4351.  2.584134E-16
4352.  2.596777E-16
4353.  2.609110E-16
4354.  2.621125E-16
4355.  2.632820E-16
4356.  2.644191E-16
4357.  2.655235E-16
4358.  2.665949E-16
4359.  2.676328E-16
4360.  2.686372E-16
4361.  2.696077E-16
4362.  2.705442E-16
4363.  2.714464E-16
4364.  2.723139E-16
4365.  2.731471E-16
4366.  2.739454E-16
4367.  2.747088E-16
4368.  2.754371E-16
4369.  2.761305E-16
4370.  2.767888E-16
4371.  2.774118E-16
4372.  2.779997E-16
4373.  2.785524E-16
4374.  2.790699E-16
4375.  2.795524E-16
4376.  2.799997E-16
4377.  2.804119E-16
4378.  2.807893E-16
4379.  2.811316E-16
4380.  2.814394E-16
4381.  2.817125E-16
4382.  2.819511E-16
4383.  2.821552E-16
4384.  2.823253E-16
4385.  2.824613E-16
4386.  2.825634E-16
4387.  2.826319E-16
4388.  2.826668E-16
4389.  2.826685E-16
4390.  2.826372E-16
4391.  2.825730E-16
4392.  2.824762E-16
4393.  2.823471E-16
4394.  2.821856E-16
4395.  2.819924E-16
4396.  2.817675E-16
4397.  2.815112E-16
4398.  2.812237E-16
4399.  2.809053E-16
4400.  2.805563E-16
4401.  2.801768E-16
4402.  2.797673E-16
4403.  2.793278E-16
4404.  2.788587E-16
4405.  2.783603E-16
4406.  2.778328E-16
4407.  2.772764E-16
4408.  2.766915E-16
4409.  2.760782E-16
4410.  2.754369E-16
4411.  2.747677E-16
4412.  2.740711E-16
4413.  2.733472E-16
4414.  2.725960E-16
4415.  2.718183E-16
4416.  2.710138E-16
4417.  2.701832E-16
4418.  2.693264E-16
4419.  2.684438E-16
4420.  2.675356E-16
4421.  2.666019E-16
4422.  2.656432E-16
4423.  2.646595E-16
4424.  2.636513E-16
4425.  2.626186E-16
4426.  2.615615E-16
4427.  2.604806E-16
4428.  2.593758E-16
4429.  2.582475E-16
4430.  2.570957E-16
4431.  2.559211E-16
4432.  2.547233E-16
4433.  2.535030E-16
4434.  2.522602E-16
4435.  2.509951E-16
4436.  2.497080E-16
4437.  2.483991E-16
4438.  2.470687E-16
4439.  2.457168E-16
4440.  2.443440E-16
4441.  2.429502E-16
4442.  2.415357E-16
4443.  2.401007E-16
4444.  2.386456E-16
4445.  2.371706E-16
4446.  2.356759E-16
4447.  2.341616E-16
4448.  2.326283E-16
4449.  2.310760E-16
4450.  2.295051E-16
4451.  2.279156E-16
4452.  2.263081E-16
4453.  2.246828E-16
4454.  2.230400E-16
4455.  2.213799E-16
4456.  2.197029E-16
4457.  2.180092E-16
4458.  2.162992E-16
4459.  2.145732E-16
4460.  2.128316E-16
4461.  2.110746E-16
4462.  2.093027E-16
4463.  2.075163E-16
4464.  2.057155E-16
4465.  2.039009E-16
4466.  2.020729E-16
4467.  2.002316E-16
4468.  1.983776E-16
4469.  1.965114E-16
4470.  1.946334E-16
4471.  1.927439E-16
4472.  1.908432E-16
4473.  1.889322E-16
4474.  1.870109E-16
4475.  1.850798E-16
4476.  1.831397E-16
4477.  1.811908E-16
4478.  1.792336E-16
4479.  1.772686E-16
4480.  1.752964E-16
4481.  1.733173E-16
4482.  1.713319E-16
4483.  1.693408E-16
4484.  1.673443E-16
4485.  1.653431E-16
4486.  1.633378E-16
4487.  1.613287E-16
4488.  1.593164E-16
4489.  1.573016E-16
4490.  1.552846E-16
4491.  1.532661E-16
4492.  1.512467E-16
4493.  1.492268E-16
4494.  1.472069E-16
4495.  1.451880E-16
4496.  1.431700E-16
4497.  1.411539E-16
4498.  1.391403E-16
4499.  1.371294E-16
4500.  1.351220E-16
