1.  1.855913E-20
2.  1.960855E-20
3.  2.076995E-20
4.  2.200406E-20
5.  2.331003E-20
6.  2.470577E-20
7.  2.617061E-20
8.  2.761022E-20
9.  2.917576E-20
10.  3.086443E-20
11.  3.273514E-20
12.  3.449238E-20
13.  3.645870E-20
14.  3.863844E-20
15.  4.075636E-20
16.  4.310379E-20
17.  4.551826E-20
18.  4.803695E-20
19.  5.070742E-20
20.  5.356663E-20
21.  5.656804E-20
22.  5.973743E-20
23.  6.302479E-20
24.  6.643670E-20
25.  7.007835E-20
26.  7.387739E-20
27.  7.801692E-20
28.  8.223099E-20
29.  8.664620E-20
30.  9.135230E-20
31.  9.629560E-20
32.  1.013946E-19
33.  1.068720E-19
34.  1.125903E-19
35.  1.185939E-19
36.  1.249101E-19
37.  1.315532E-19
38.  1.384485E-19
39.  1.457123E-19
40.  1.533950E-19
41.  1.614216E-19
42.  1.698748E-19
43.  1.785832E-19
44.  1.878815E-19
45.  1.976684E-19
46.  2.077724E-19
47.  2.184046E-19
48.  2.295437E-19
49.  2.412976E-19
50.  2.535913E-19
51.  2.664718E-19
52.  2.798926E-19
53.  2.940350E-19
54.  3.086747E-19
55.  3.241967E-19
56.  3.403210E-19
57.  3.572759E-19
58.  3.749836E-19
59.  3.935107E-19
60.  4.128806E-19
61.  4.330504E-19
62.  4.543357E-19
63.  4.764222E-19
64.  4.996242E-19
65.  5.237773E-19
66.  5.490424E-19
67.  5.754496E-19
68.  6.031029E-19
69.  6.319190E-19
70.  6.620174E-19
71.  6.934552E-19
72.  7.262802E-19
73.  7.604979E-19
74.  7.962443E-19
75.  8.335029E-19
76.  8.724338E-19
77.  9.129932E-19
78.  9.553227E-19
79.  9.995098E-19
80.  1.045567E-18
81.  1.093458E-18
82.  1.143481E-18
83.  1.195617E-18
84.  1.249928E-18
85.  1.306530E-18
86.  1.365361E-18
87.  1.426741E-18
88.  1.490617E-18
89.  1.557225E-18
90.  1.626462E-18
91.  1.698494E-18
92.  1.773505E-18
93.  1.851499E-18
94.  1.932802E-18
95.  2.017201E-18
96.  2.104976E-18
97.  2.196205E-18
98.  2.291095E-18
99.  2.389809E-18
100.  2.492308E-18
101.  2.598803E-18
102.  2.709475E-18
103.  2.824414E-18
104.  2.943932E-18
105.  3.067987E-18
106.  3.196634E-18
107.  3.330318E-18
108.  3.469068E-18
109.  3.612971E-18
110.  3.762465E-18
111.  3.917371E-18
112.  4.078090E-18
113.  4.244867E-18
114.  4.417650E-18
115.  4.596927E-18
116.  4.782676E-18
117.  4.975196E-18
118.  5.174763E-18
119.  5.381465E-18
120.  5.595707E-18
121.  5.817445E-18
122.  6.047215E-18
123.  6.285095E-18
124.  6.531339E-18
125.  6.786169E-18
126.  7.050012E-18
127.  7.322960E-18
128.  7.605338E-18
129.  7.897432E-18
130.  8.199501E-18
131.  8.512047E-18
132.  8.835006E-18
133.  9.169099E-18
134.  9.514235E-18
135.  9.870918E-18
136.  1.023950E-17
137.  1.062027E-17
138.  1.101351E-17
139.  1.141979E-17
140.  1.183916E-17
141.  1.227227E-17
142.  1.271927E-17
143.  1.318062E-17
144.  1.365682E-17
145.  1.414800E-17
146.  1.465470E-17
147.  1.517733E-17
148.  1.571630E-17
149.  1.627213E-17
150.  1.684508E-17
151.  1.743567E-17
152.  1.804430E-17
153.  1.867151E-17
154.  1.931771E-17
155.  1.998334E-17
156.  2.066891E-17
157.  2.137486E-17
158.  2.210176E-17
159.  2.285002E-17
160.  2.362003E-17
161.  2.441261E-17
162.  2.522809E-17
163.  2.606716E-17
164.  2.693005E-17
165.  2.781758E-17
166.  2.873016E-17
167.  2.966830E-17
168.  3.063275E-17
169.  3.162402E-17
170.  3.264256E-17
171.  3.368905E-17
172.  3.476417E-17
173.  3.586836E-17
174.  3.700240E-17
175.  3.816659E-17
176.  3.936187E-17
177.  4.058881E-17
178.  4.184782E-17
179.  4.313988E-17
180.  4.446537E-17
181.  4.582504E-17
182.  4.721947E-17
183.  4.864942E-17
184.  5.011550E-17
185.  5.161837E-17
186.  5.315873E-17
187.  5.473721E-17
188.  5.635463E-17
189.  5.801141E-17
190.  5.970856E-17
191.  6.144647E-17
192.  6.322611E-17
193.  6.504800E-17
194.  6.691286E-17
195.  6.882136E-17
196.  7.077442E-17
197.  7.277244E-17
198.  7.481636E-17
199.  7.690681E-17
200.  7.904449E-17
201.  8.123019E-17
202.  8.346438E-17
203.  8.574810E-17
204.  8.808183E-17
205.  9.046637E-17
206.  9.290229E-17
207.  9.539052E-17
208.  9.793167E-17
209.  1.005263E-16
210.  1.031753E-16
211.  1.058792E-16
212.  1.086388E-16
213.  1.114548E-16
214.  1.143277E-16
215.  1.172584E-16
216.  1.202473E-16
217.  1.232954E-16
218.  1.264031E-16
219.  1.295711E-16
220.  1.328001E-16
221.  1.360905E-16
222.  1.394434E-16
223.  1.428589E-16
224.  1.463378E-16
225.  1.498807E-16
226.  1.534882E-16
227.  1.571609E-16
228.  1.608991E-16
229.  1.647037E-16
230.  1.685751E-16
231.  1.725136E-16
232.  1.765199E-16
233.  1.805947E-16
234.  1.847380E-16
235.  1.889507E-16
236.  1.932328E-16
237.  1.975851E-16
238.  2.020078E-16
239.  2.065012E-16
240.  2.110659E-16
241.  2.157022E-16
242.  2.204103E-16
243.  2.251909E-16
244.  2.300435E-16
245.  2.349692E-16
246.  2.399676E-16
247.  2.450395E-16
248.  2.501847E-16
249.  2.554034E-16
250.  2.606960E-16
251.  2.660623E-16
252.  2.715028E-16
253.  2.770171E-16
254.  2.826058E-16
255.  2.882684E-16
256.  2.940053E-16
257.  2.998163E-16
258.  3.057012E-16
259.  3.116603E-16
260.  3.176932E-16
261.  3.238000E-16
262.  3.299804E-16
263.  3.362339E-16
264.  3.425607E-16
265.  3.489606E-16
266.  3.554330E-16
267.  3.619777E-16
268.  3.685943E-16
269.  3.752828E-16
270.  3.820424E-16
271.  3.888727E-16
272.  3.957733E-16
273.  4.027437E-16
274.  4.097834E-16
275.  4.168917E-16
276.  4.240683E-16
277.  4.313125E-16
278.  4.386234E-16
279.  4.460005E-16
280.  4.534429E-16
281.  4.609500E-16
282.  4.685211E-16
283.  4.761552E-16
284.  4.838515E-16
285.  4.916091E-16
286.  4.994272E-16
287.  5.073049E-16
288.  5.152408E-16
289.  5.232344E-16
290.  5.312843E-16
291.  5.393897E-16
292.  5.475492E-16
293.  5.557620E-16
294.  5.640269E-16
295.  5.723423E-16
296.  5.807074E-16
297.  5.891206E-16
298.  5.975811E-16
299.  6.060872E-16
300.  6.146375E-16
301.  6.232310E-16
302.  6.318660E-16
303.  6.405411E-16
304.  6.492552E-16
305.  6.580064E-16
306.  6.667934E-16
307.  6.756147E-16
308.  6.844686E-16
309.  6.933538E-16
310.  7.022683E-16
311.  7.112110E-16
312.  7.201799E-16
313.  7.291733E-16
314.  7.381899E-16
315.  7.472276E-16
316.  7.562850E-16
317.  7.653601E-16
318.  7.744514E-16
319.  7.835571E-16
320.  7.926755E-16
321.  8.018045E-16
322.  8.109422E-16
323.  8.200876E-16
324.  8.292381E-16
325.  8.383919E-16
326.  8.475478E-16
327.  8.567033E-16
328.  8.658567E-16
329.  8.750063E-16
330.  8.841499E-16
331.  8.932862E-16
332.  9.024129E-16
333.  9.115279E-16
334.  9.206301E-16
335.  9.297169E-16
336.  9.387867E-16
337.  9.478375E-16
338.  9.568675E-16
339.  9.658750E-16
340.  9.748577E-16
341.  9.838144E-16
342.  9.927426E-16
343.  1.001641E-15
344.  1.010507E-15
345.  1.019340E-15
346.  1.028137E-15
347.  1.036897E-15
348.  1.045617E-15
349.  1.054297E-15
350.  1.062934E-15
351.  1.071527E-15
352.  1.080074E-15
353.  1.088572E-15
354.  1.097022E-15
355.  1.105420E-15
356.  1.113766E-15
357.  1.122057E-15
358.  1.130292E-15
359.  1.138470E-15
360.  1.146588E-15
361.  1.154647E-15
362.  1.162643E-15
363.  1.170575E-15
364.  1.178442E-15
365.  1.186244E-15
366.  1.193977E-15
367.  1.201642E-15
368.  1.209236E-15
369.  1.216758E-15
370.  1.224208E-15
371.  1.231584E-15
372.  1.238884E-15
373.  1.246108E-15
374.  1.253255E-15
375.  1.260324E-15
376.  1.267312E-15
377.  1.274220E-15
378.  1.281047E-15
379.  1.287792E-15
380.  1.294453E-15
381.  1.301030E-15
382.  1.307523E-15
383.  1.313930E-15
384.  1.320251E-15
385.  1.326485E-15
386.  1.332631E-15
387.  1.338689E-15
388.  1.344659E-15
389.  1.350540E-15
390.  1.356331E-15
391.  1.362032E-15
392.  1.367642E-15
393.  1.373162E-15
394.  1.378591E-15
395.  1.383929E-15
396.  1.389176E-15
397.  1.394331E-15
398.  1.399394E-15
399.  1.404366E-15
400.  1.409246E-15
401.  1.414034E-15
402.  1.418730E-15
403.  1.423334E-15
404.  1.427848E-15
405.  1.432270E-15
406.  1.436601E-15
407.  1.440841E-15
408.  1.444990E-15
409.  1.449049E-15
410.  1.453019E-15
411.  1.456899E-15
412.  1.460689E-15
413.  1.464391E-15
414.  1.468006E-15
415.  1.471532E-15
416.  1.474972E-15
417.  1.478325E-15
418.  1.481592E-15
419.  1.484775E-15
420.  1.487873E-15
421.  1.490887E-15
422.  1.493818E-15
423.  1.496667E-15
424.  1.499435E-15
425.  1.502123E-15
426.  1.504730E-15
427.  1.507259E-15
428.  1.509710E-15
429.  1.512084E-15
430.  1.514382E-15
431.  1.516605E-15
432.  1.518754E-15
433.  1.520830E-15
434.  1.522833E-15
435.  1.524766E-15
436.  1.526628E-15
437.  1.528422E-15
438.  1.530147E-15
439.  1.531806E-15
440.  1.533399E-15
441.  1.534927E-15
442.  1.536392E-15
443.  1.537795E-15
444.  1.539136E-15
445.  1.540416E-15
446.  1.541638E-15
447.  1.542801E-15
448.  1.543908E-15
449.  1.544960E-15
450.  1.545956E-15
451.  1.546899E-15
452.  1.547789E-15
453.  1.548628E-15
454.  1.549417E-15
455.  1.550156E-15
456.  1.550848E-15
457.  1.551493E-15
458.  1.552092E-15
459.  1.552646E-15
460.  1.553156E-15
461.  1.553623E-15
462.  1.554049E-15
463.  1.554433E-15
464.  1.554778E-15
465.  1.555085E-15
466.  1.555353E-15
467.  1.555584E-15
468.  1.555780E-15
469.  1.555940E-15
470.  1.556066E-15
471.  1.556159E-15
472.  1.556219E-15
473.  1.556247E-15
474.  1.556245E-15
475.  1.556212E-15
476.  1.556149E-15
477.  1.556058E-15
478.  1.555939E-15
479.  1.555793E-15
480.  1.555620E-15
481.  1.555421E-15
482.  1.555196E-15
483.  1.554946E-15
484.  1.554671E-15
485.  1.554373E-15
486.  1.554052E-15
487.  1.553707E-15
488.  1.553340E-15
489.  1.552951E-15
490.  1.552539E-15
491.  1.552107E-15
492.  1.551653E-15
493.  1.551178E-15
494.  1.550683E-15
495.  1.550167E-15
496.  1.549631E-15
497.  1.549075E-15
498.  1.548500E-15
499.  1.547904E-15
500.  1.547289E-15
501.  1.546655E-15
502.  1.546000E-15
503.  1.545327E-15
504.  1.544633E-15
505.  1.543920E-15
506.  1.543188E-15
507.  1.542436E-15
508.  1.541664E-15
509.  1.540872E-15
510.  1.540060E-15
511.  1.539228E-15
512.  1.538375E-15
513.  1.537501E-15
514.  1.536607E-15
515.  1.535692E-15
516.  1.534755E-15
517.  1.533796E-15
518.  1.532816E-15
519.  1.531813E-15
520.  1.530787E-15
521.  1.529738E-15
522.  1.528666E-15
523.  1.527570E-15
524.  1.526450E-15
525.  1.525305E-15
526.  1.524136E-15
527.  1.522940E-15
528.  1.521719E-15
529.  1.520472E-15
530.  1.519198E-15
531.  1.517896E-15
532.  1.516567E-15
533.  1.515210E-15
534.  1.513825E-15
535.  1.512410E-15
536.  1.510965E-15
537.  1.509491E-15
538.  1.507986E-15
539.  1.506450E-15
540.  1.504883E-15
541.  1.503284E-15
542.  1.501652E-15
543.  1.499988E-15
544.  1.498290E-15
545.  1.496559E-15
546.  1.494793E-15
547.  1.492993E-15
548.  1.491158E-15
549.  1.489287E-15
550.  1.487381E-15
551.  1.485438E-15
552.  1.483459E-15
553.  1.481443E-15
554.  1.479389E-15
555.  1.477298E-15
556.  1.475168E-15
557.  1.473000E-15
558.  1.470794E-15
559.  1.468548E-15
560.  1.466264E-15
561.  1.463940E-15
562.  1.461576E-15
563.  1.459172E-15
564.  1.456729E-15
565.  1.454245E-15
566.  1.451720E-15
567.  1.449155E-15
568.  1.446549E-15
569.  1.443903E-15
570.  1.441216E-15
571.  1.438487E-15
572.  1.435718E-15
573.  1.432908E-15
574.  1.430057E-15
575.  1.427165E-15
576.  1.424232E-15
577.  1.421259E-15
578.  1.418244E-15
579.  1.415189E-15
580.  1.412094E-15
581.  1.408959E-15
582.  1.405783E-15
583.  1.402568E-15
584.  1.399313E-15
585.  1.396019E-15
586.  1.392685E-15
587.  1.389313E-15
588.  1.385903E-15
589.  1.382454E-15
590.  1.378968E-15
591.  1.375444E-15
592.  1.371884E-15
593.  1.368286E-15
594.  1.364653E-15
595.  1.360985E-15
596.  1.357280E-15
597.  1.353542E-15
598.  1.349770E-15
599.  1.345964E-15
600.  1.342124E-15
601.  1.338253E-15
602.  1.334350E-15
603.  1.330415E-15
604.  1.326450E-15
605.  1.322455E-15
606.  1.318431E-15
607.  1.314378E-15
608.  1.310297E-15
609.  1.306189E-15
610.  1.302054E-15
611.  1.297894E-15
612.  1.293708E-15
613.  1.289499E-15
614.  1.285265E-15
615.  1.281009E-15
616.  1.276731E-15
617.  1.272431E-15
618.  1.268111E-15
619.  1.263771E-15
620.  1.259412E-15
621.  1.255035E-15
622.  1.250641E-15
623.  1.246230E-15
624.  1.241803E-15
625.  1.237362E-15
626.  1.232906E-15
627.  1.228437E-15
628.  1.223955E-15
629.  1.219462E-15
630.  1.214958E-15
631.  1.210444E-15
632.  1.205921E-15
633.  1.201389E-15
634.  1.196850E-15
635.  1.192304E-15
636.  1.187752E-15
637.  1.183195E-15
638.  1.178633E-15
639.  1.174068E-15
640.  1.169499E-15
641.  1.164929E-15
642.  1.160358E-15
643.  1.155786E-15
644.  1.151213E-15
645.  1.146642E-15
646.  1.142073E-15
647.  1.137506E-15
648.  1.132942E-15
649.  1.128382E-15
650.  1.123826E-15
651.  1.119275E-15
652.  1.114731E-15
653.  1.110193E-15
654.  1.105662E-15
655.  1.101139E-15
656.  1.096624E-15
657.  1.092118E-15
658.  1.087622E-15
659.  1.083136E-15
660.  1.078661E-15
661.  1.074197E-15
662.  1.069746E-15
663.  1.065306E-15
664.  1.060880E-15
665.  1.056468E-15
666.  1.052069E-15
667.  1.047685E-15
668.  1.043316E-15
669.  1.038962E-15
670.  1.034625E-15
671.  1.030304E-15
672.  1.025999E-15
673.  1.021712E-15
674.  1.017442E-15
675.  1.013191E-15
676.  1.008958E-15
677.  1.004744E-15
678.  1.000548E-15
679.  9.963729E-16
680.  9.922171E-16
681.  9.880817E-16
682.  9.839665E-16
683.  9.798723E-16
684.  9.757993E-16
685.  9.717477E-16
686.  9.677178E-16
687.  9.637096E-16
688.  9.597239E-16
689.  9.557606E-16
690.  9.518200E-16
691.  9.479025E-16
692.  9.440081E-16
693.  9.401371E-16
694.  9.362901E-16
695.  9.324667E-16
696.  9.286672E-16
697.  9.248922E-16
698.  9.211418E-16
699.  9.174159E-16
700.  9.137148E-16
701.  9.100389E-16
702.  9.063879E-16
703.  9.027626E-16
704.  8.991627E-16
705.  8.955889E-16
706.  8.920407E-16
707.  8.885185E-16
708.  8.850227E-16
709.  8.815531E-16
710.  8.781105E-16
711.  8.746942E-16
712.  8.713048E-16
713.  8.679427E-16
714.  8.646076E-16
715.  8.612999E-16
716.  8.580198E-16
717.  8.547674E-16
718.  8.515429E-16
719.  8.483462E-16
720.  8.451776E-16
721.  8.420375E-16
722.  8.389259E-16
723.  8.358430E-16
724.  8.327890E-16
725.  8.297640E-16
726.  8.267682E-16
727.  8.238018E-16
728.  8.208649E-16
729.  8.179579E-16
730.  8.150810E-16
731.  8.122340E-16
732.  8.094174E-16
733.  8.066313E-16
734.  8.038761E-16
735.  8.011519E-16
736.  7.984586E-16
737.  7.957970E-16
738.  7.931668E-16
739.  7.905685E-16
740.  7.880022E-16
741.  7.854683E-16
742.  7.829668E-16
743.  7.804981E-16
744.  7.780624E-16
745.  7.756600E-16
746.  7.732909E-16
747.  7.709556E-16
748.  7.686543E-16
749.  7.663872E-16
750.  7.641546E-16
751.  7.619566E-16
752.  7.597936E-16
753.  7.576660E-16
754.  7.555737E-16
755.  7.535173E-16
756.  7.514967E-16
757.  7.495127E-16
758.  7.475648E-16
759.  7.456542E-16
760.  7.437804E-16
761.  7.419438E-16
762.  7.401449E-16
763.  7.383838E-16
764.  7.366609E-16
765.  7.349762E-16
766.  7.333302E-16
767.  7.317230E-16
768.  7.301549E-16
769.  7.286262E-16
770.  7.271369E-16
771.  7.256875E-16
772.  7.242781E-16
773.  7.229091E-16
774.  7.215807E-16
775.  7.202927E-16
776.  7.190457E-16
777.  7.178400E-16
778.  7.166754E-16
779.  7.155524E-16
780.  7.144710E-16
781.  7.134316E-16
782.  7.124341E-16
783.  7.114789E-16
784.  7.105658E-16
785.  7.096954E-16
786.  7.088674E-16
787.  7.080822E-16
788.  7.073399E-16
789.  7.066405E-16
790.  7.059840E-16
791.  7.053707E-16
792.  7.048006E-16
793.  7.042736E-16
794.  7.037898E-16
795.  7.033494E-16
796.  7.029521E-16
797.  7.025983E-16
798.  7.022876E-16
799.  7.020202E-16
800.  7.017960E-16
801.  7.016151E-16
802.  7.014771E-16
803.  7.013822E-16
804.  7.013302E-16
805.  7.013209E-16
806.  7.013543E-16
807.  7.014303E-16
808.  7.015486E-16
809.  7.017090E-16
810.  7.019115E-16
811.  7.021557E-16
812.  7.024415E-16
813.  7.027687E-16
814.  7.031368E-16
815.  7.035457E-16
816.  7.039952E-16
817.  7.044849E-16
818.  7.050144E-16
819.  7.055835E-16
820.  7.061917E-16
821.  7.068389E-16
822.  7.075243E-16
823.  7.082479E-16
824.  7.090090E-16
825.  7.098073E-16
826.  7.106423E-16
827.  7.115136E-16
828.  7.124206E-16
829.  7.133629E-16
830.  7.143399E-16
831.  7.153512E-16
832.  7.163962E-16
833.  7.174743E-16
834.  7.185848E-16
835.  7.197274E-16
836.  7.209014E-16
837.  7.221060E-16
838.  7.233407E-16
839.  7.246050E-16
840.  7.258980E-16
841.  7.272192E-16
842.  7.285679E-16
843.  7.299433E-16
844.  7.313448E-16
845.  7.327716E-16
846.  7.342230E-16
847.  7.356984E-16
848.  7.371968E-16
849.  7.387176E-16
850.  7.402600E-16
851.  7.418233E-16
852.  7.434065E-16
853.  7.450092E-16
854.  7.466302E-16
855.  7.482690E-16
856.  7.499244E-16
857.  7.515958E-16
858.  7.532826E-16
859.  7.549837E-16
860.  7.566983E-16
861.  7.584256E-16
862.  7.601647E-16
863.  7.619150E-16
864.  7.636752E-16
865.  7.654448E-16
866.  7.672229E-16
867.  7.690085E-16
868.  7.708009E-16
869.  7.725992E-16
870.  7.744026E-16
871.  7.762100E-16
872.  7.780210E-16
873.  7.798344E-16
874.  7.816494E-16
875.  7.834653E-16
876.  7.852811E-16
877.  7.870959E-16
878.  7.889094E-16
879.  7.907201E-16
880.  7.925274E-16
881.  7.943308E-16
882.  7.961292E-16
883.  7.979218E-16
884.  7.997079E-16
885.  8.014867E-16
886.  8.032575E-16
887.  8.050195E-16
888.  8.067718E-16
889.  8.085138E-16
890.  8.102449E-16
891.  8.119640E-16
892.  8.136708E-16
893.  8.153644E-16
894.  8.170442E-16
895.  8.187093E-16
896.  8.203594E-16
897.  8.219936E-16
898.  8.236114E-16
899.  8.252123E-16
900.  8.267952E-16
901.  8.283602E-16
902.  8.299064E-16
903.  8.314330E-16
904.  8.329400E-16
905.  8.344264E-16
906.  8.358921E-16
907.  8.373364E-16
908.  8.387588E-16
909.  8.401590E-16
910.  8.415364E-16
911.  8.428907E-16
912.  8.442216E-16
913.  8.455286E-16
914.  8.468112E-16
915.  8.480693E-16
916.  8.493026E-16
917.  8.505106E-16
918.  8.516934E-16
919.  8.528502E-16
920.  8.539812E-16
921.  8.550860E-16
922.  8.561645E-16
923.  8.572163E-16
924.  8.582415E-16
925.  8.592399E-16
926.  8.602115E-16
927.  8.611557E-16
928.  8.620730E-16
929.  8.629630E-16
930.  8.638258E-16
931.  8.646616E-16
932.  8.654698E-16
933.  8.662511E-16
934.  8.670051E-16
935.  8.677318E-16
936.  8.684318E-16
937.  8.691048E-16
938.  8.697510E-16
939.  8.703705E-16
940.  8.709634E-16
941.  8.715303E-16
942.  8.720707E-16
943.  8.725853E-16
944.  8.730744E-16
945.  8.735380E-16
946.  8.739764E-16
947.  8.743899E-16
948.  8.747789E-16
949.  8.751436E-16
950.  8.754846E-16
951.  8.758019E-16
952.  8.760958E-16
953.  8.763672E-16
954.  8.766160E-16
955.  8.768430E-16
956.  8.770483E-16
957.  8.772325E-16
958.  8.773962E-16
959.  8.775397E-16
960.  8.776634E-16
961.  8.777680E-16
962.  8.778538E-16
963.  8.779215E-16
964.  8.779718E-16
965.  8.780047E-16
966.  8.780214E-16
967.  8.780221E-16
968.  8.780074E-16
969.  8.779780E-16
970.  8.779345E-16
971.  8.778774E-16
972.  8.778074E-16
973.  8.777251E-16
974.  8.776313E-16
975.  8.775263E-16
976.  8.774111E-16
977.  8.772862E-16
978.  8.771524E-16
979.  8.770100E-16
980.  8.768599E-16
981.  8.767032E-16
982.  8.765400E-16
983.  8.763712E-16
984.  8.761976E-16
985.  8.760198E-16
986.  8.758385E-16
987.  8.756543E-16
988.  8.754683E-16
989.  8.752805E-16
990.  8.750926E-16
991.  8.749045E-16
992.  8.747173E-16
993.  8.745316E-16
994.  8.743481E-16
995.  8.741674E-16
996.  8.739905E-16
997.  8.738181E-16
998.  8.736508E-16
999.  8.734892E-16
1000.  8.733343E-16
1001.  8.731867E-16
1002.  8.730468E-16
1003.  8.729158E-16
1004.  8.727942E-16
1005.  8.726824E-16
1006.  8.725817E-16
1007.  8.724921E-16
1008.  8.724148E-16
1009.  8.723506E-16
1010.  8.722996E-16
1011.  8.722628E-16
1012.  8.722408E-16
1013.  8.722345E-16
1014.  8.722442E-16
1015.  8.722708E-16
1016.  8.723146E-16
1017.  8.723766E-16
1018.  8.724574E-16
1019.  8.725573E-16
1020.  8.726772E-16
1021.  8.728176E-16
1022.  8.729793E-16
1023.  8.731624E-16
1024.  8.733678E-16
1025.  8.735962E-16
1026.  8.738478E-16
1027.  8.741234E-16
1028.  8.744235E-16
1029.  8.747485E-16
1030.  8.750991E-16
1031.  8.754756E-16
1032.  8.758787E-16
1033.  8.763085E-16
1034.  8.767659E-16
1035.  8.772514E-16
1036.  8.777649E-16
1037.  8.783073E-16
1038.  8.788790E-16
1039.  8.794802E-16
1040.  8.801115E-16
1041.  8.807731E-16
1042.  8.814655E-16
1043.  8.821892E-16
1044.  8.829441E-16
1045.  8.837309E-16
1046.  8.845500E-16
1047.  8.854014E-16
1048.  8.862854E-16
1049.  8.872025E-16
1050.  8.881530E-16
1051.  8.891370E-16
1052.  8.901545E-16
1053.  8.912062E-16
1054.  8.922922E-16
1055.  8.934124E-16
1056.  8.945672E-16
1057.  8.957567E-16
1058.  8.969811E-16
1059.  8.982407E-16
1060.  8.995352E-16
1061.  9.008651E-16
1062.  9.022303E-16
1063.  9.036308E-16
1064.  9.050670E-16
1065.  9.065384E-16
1066.  9.080454E-16
1067.  9.095881E-16
1068.  9.111663E-16
1069.  9.127801E-16
1070.  9.144292E-16
1071.  9.161139E-16
1072.  9.178340E-16
1073.  9.195896E-16
1074.  9.213802E-16
1075.  9.232060E-16
1076.  9.250664E-16
1077.  9.269622E-16
1078.  9.288922E-16
1079.  9.308570E-16
1080.  9.328560E-16
1081.  9.348891E-16
1082.  9.369563E-16
1083.  9.390569E-16
1084.  9.411910E-16
1085.  9.433584E-16
1086.  9.455583E-16
1087.  9.477911E-16
1088.  9.500560E-16
1089.  9.523529E-16
1090.  9.546814E-16
1091.  9.570410E-16
1092.  9.594316E-16
1093.  9.618525E-16
1094.  9.643037E-16
1095.  9.667845E-16
1096.  9.692943E-16
1097.  9.718330E-16
1098.  9.744000E-16
1099.  9.769949E-16
1100.  9.796171E-16
1101.  9.822662E-16
1102.  9.849418E-16
1103.  9.876430E-16
1104.  9.903696E-16
1105.  9.931209E-16
1106.  9.958964E-16
1107.  9.986957E-16
1108.  1.001518E-15
1109.  1.004362E-15
1110.  1.007228E-15
1111.  1.010116E-15
1112.  1.013024E-15
1113.  1.015952E-15
1114.  1.018899E-15
1115.  1.021865E-15
1116.  1.024848E-15
1117.  1.027849E-15
1118.  1.030867E-15
1119.  1.033900E-15
1120.  1.036948E-15
1121.  1.040011E-15
1122.  1.043087E-15
1123.  1.046176E-15
1124.  1.049277E-15
1125.  1.052390E-15
1126.  1.055513E-15
1127.  1.058647E-15
1128.  1.061789E-15
1129.  1.064940E-15
1130.  1.068098E-15
1131.  1.071263E-15
1132.  1.074434E-15
1133.  1.077610E-15
1134.  1.080790E-15
1135.  1.083974E-15
1136.  1.087161E-15
1137.  1.090350E-15
1138.  1.093539E-15
1139.  1.096729E-15
1140.  1.099919E-15
1141.  1.103107E-15
1142.  1.106293E-15
1143.  1.109477E-15
1144.  1.112656E-15
1145.  1.115830E-15
1146.  1.119000E-15
1147.  1.122163E-15
1148.  1.125319E-15
1149.  1.128467E-15
1150.  1.131607E-15
1151.  1.134737E-15
1152.  1.137857E-15
1153.  1.140966E-15
1154.  1.144063E-15
1155.  1.147148E-15
1156.  1.150219E-15
1157.  1.153276E-15
1158.  1.156318E-15
1159.  1.159344E-15
1160.  1.162354E-15
1161.  1.165347E-15
1162.  1.168322E-15
1163.  1.171278E-15
1164.  1.174215E-15
1165.  1.177132E-15
1166.  1.180028E-15
1167.  1.182903E-15
1168.  1.185756E-15
1169.  1.188586E-15
1170.  1.191392E-15
1171.  1.194174E-15
1172.  1.196932E-15
1173.  1.199665E-15
1174.  1.202371E-15
1175.  1.205051E-15
1176.  1.207704E-15
1177.  1.210330E-15
1178.  1.212927E-15
1179.  1.215496E-15
1180.  1.218035E-15
1181.  1.220545E-15
1182.  1.223024E-15
1183.  1.225473E-15
1184.  1.227891E-15
1185.  1.230277E-15
1186.  1.232631E-15
1187.  1.234953E-15
1188.  1.237242E-15
1189.  1.239498E-15
1190.  1.241720E-15
1191.  1.243909E-15
1192.  1.246063E-15
1193.  1.248184E-15
1194.  1.250269E-15
1195.  1.252319E-15
1196.  1.254335E-15
1197.  1.256315E-15
1198.  1.258259E-15
1199.  1.260168E-15
1200.  1.262040E-15
1201.  1.263876E-15
1202.  1.265677E-15
1203.  1.267441E-15
1204.  1.269168E-15
1205.  1.270859E-15
1206.  1.272513E-15
1207.  1.274131E-15
1208.  1.275712E-15
1209.  1.277257E-15
1210.  1.278765E-15
1211.  1.280237E-15
1212.  1.281672E-15
1213.  1.283070E-15
1214.  1.284433E-15
1215.  1.285759E-15
1216.  1.287050E-15
1217.  1.288304E-15
1218.  1.289523E-15
1219.  1.290706E-15
1220.  1.291854E-15
1221.  1.292967E-15
1222.  1.294045E-15
1223.  1.295089E-15
1224.  1.296098E-15
1225.  1.297074E-15
1226.  1.298016E-15
1227.  1.298924E-15
1228.  1.299800E-15
1229.  1.300643E-15
1230.  1.301453E-15
1231.  1.302232E-15
1232.  1.302980E-15
1233.  1.303696E-15
1234.  1.304382E-15
1235.  1.305037E-15
1236.  1.305663E-15
1237.  1.306260E-15
1238.  1.306828E-15
1239.  1.307368E-15
1240.  1.307881E-15
1241.  1.308366E-15
1242.  1.308824E-15
1243.  1.309256E-15
1244.  1.309664E-15
1245.  1.310045E-15
1246.  1.310403E-15
1247.  1.310737E-15
1248.  1.311047E-15
1249.  1.311335E-15
1250.  1.311601E-15
1251.  1.311846E-15
1252.  1.312070E-15
1253.  1.312274E-15
1254.  1.312458E-15
1255.  1.312624E-15
1256.  1.312772E-15
1257.  1.312902E-15
1258.  1.313015E-15
1259.  1.313112E-15
1260.  1.313194E-15
1261.  1.313261E-15
1262.  1.313314E-15
1263.  1.313353E-15
1264.  1.313380E-15
1265.  1.313395E-15
1266.  1.313398E-15
1267.  1.313391E-15
1268.  1.313374E-15
1269.  1.313348E-15
1270.  1.313313E-15
1271.  1.313270E-15
1272.  1.313221E-15
1273.  1.313164E-15
1274.  1.313102E-15
1275.  1.313035E-15
1276.  1.312964E-15
1277.  1.312889E-15
1278.  1.312811E-15
1279.  1.312732E-15
1280.  1.312650E-15
1281.  1.312568E-15
1282.  1.312485E-15
1283.  1.312403E-15
1284.  1.312322E-15
1285.  1.312243E-15
1286.  1.312166E-15
1287.  1.312093E-15
1288.  1.312024E-15
1289.  1.311959E-15
1290.  1.311899E-15
1291.  1.311845E-15
1292.  1.311797E-15
1293.  1.311757E-15
1294.  1.311725E-15
1295.  1.311700E-15
1296.  1.311685E-15
1297.  1.311680E-15
1298.  1.311684E-15
1299.  1.311700E-15
1300.  1.311727E-15
1301.  1.311765E-15
1302.  1.311817E-15
1303.  1.311882E-15
1304.  1.311960E-15
1305.  1.312053E-15
1306.  1.312161E-15
1307.  1.312284E-15
1308.  1.312423E-15
1309.  1.312579E-15
1310.  1.312751E-15
1311.  1.312942E-15
1312.  1.313150E-15
1313.  1.313377E-15
1314.  1.313623E-15
1315.  1.313889E-15
1316.  1.314175E-15
1317.  1.314482E-15
1318.  1.314810E-15
1319.  1.315159E-15
1320.  1.315530E-15
1321.  1.315924E-15
1322.  1.316340E-15
1323.  1.316780E-15
1324.  1.317244E-15
1325.  1.317733E-15
1326.  1.318245E-15
1327.  1.318783E-15
1328.  1.319346E-15
1329.  1.319936E-15
1330.  1.320551E-15
1331.  1.321194E-15
1332.  1.321863E-15
1333.  1.322560E-15
1334.  1.323284E-15
1335.  1.324037E-15
1336.  1.324818E-15
1337.  1.325628E-15
1338.  1.326468E-15
1339.  1.327337E-15
1340.  1.328236E-15
1341.  1.329164E-15
1342.  1.330124E-15
1343.  1.331114E-15
1344.  1.332136E-15
1345.  1.333189E-15
1346.  1.334273E-15
1347.  1.335390E-15
1348.  1.336539E-15
1349.  1.337721E-15
1350.  1.338935E-15
1351.  1.340182E-15
1352.  1.341463E-15
1353.  1.342777E-15
1354.  1.344125E-15
1355.  1.345507E-15
1356.  1.346923E-15
1357.  1.348374E-15
1358.  1.349860E-15
1359.  1.351380E-15
1360.  1.352935E-15
1361.  1.354526E-15
1362.  1.356152E-15
1363.  1.357813E-15
1364.  1.359510E-15
1365.  1.361244E-15
1366.  1.363013E-15
1367.  1.364818E-15
1368.  1.366660E-15
1369.  1.368538E-15
1370.  1.370453E-15
1371.  1.372404E-15
1372.  1.374392E-15
1373.  1.376417E-15
1374.  1.378479E-15
1375.  1.380577E-15
1376.  1.382713E-15
1377.  1.384886E-15
1378.  1.387096E-15
1379.  1.389343E-15
1380.  1.391627E-15
1381.  1.393949E-15
1382.  1.396308E-15
1383.  1.398704E-15
1384.  1.401137E-15
1385.  1.403607E-15
1386.  1.406114E-15
1387.  1.408658E-15
1388.  1.411240E-15
1389.  1.413858E-15
1390.  1.416513E-15
1391.  1.419204E-15
1392.  1.421932E-15
1393.  1.424697E-15
1394.  1.427498E-15
1395.  1.430336E-15
1396.  1.433209E-15
1397.  1.436118E-15
1398.  1.439063E-15
1399.  1.442043E-15
1400.  1.445058E-15
1401.  1.448109E-15
1402.  1.451194E-15
1403.  1.454314E-15
1404.  1.457468E-15
1405.  1.460656E-15
1406.  1.463878E-15
1407.  1.467133E-15
1408.  1.470421E-15
1409.  1.473742E-15
1410.  1.477095E-15
1411.  1.480480E-15
1412.  1.483896E-15
1413.  1.487344E-15
1414.  1.490823E-15
1415.  1.494332E-15
1416.  1.497871E-15
1417.  1.501440E-15
1418.  1.505037E-15
1419.  1.508663E-15
1420.  1.512317E-15
1421.  1.515998E-15
1422.  1.519706E-15
1423.  1.523441E-15
1424.  1.527202E-15
1425.  1.530987E-15
1426.  1.534798E-15
1427.  1.538632E-15
1428.  1.542490E-15
1429.  1.546371E-15
1430.  1.550274E-15
1431.  1.554198E-15
1432.  1.558143E-15
1433.  1.562107E-15
1434.  1.566092E-15
1435.  1.570095E-15
1436.  1.574116E-15
1437.  1.578154E-15
1438.  1.582209E-15
1439.  1.586279E-15
1440.  1.590364E-15
1441.  1.594462E-15
1442.  1.598574E-15
1443.  1.602699E-15
1444.  1.606835E-15
1445.  1.610981E-15
1446.  1.615137E-15
1447.  1.619302E-15
1448.  1.623475E-15
1449.  1.627655E-15
1450.  1.631841E-15
1451.  1.636033E-15
1452.  1.640228E-15
1453.  1.644428E-15
1454.  1.648629E-15
1455.  1.652832E-15
1456.  1.657035E-15
1457.  1.661238E-15
1458.  1.665439E-15
1459.  1.669638E-15
1460.  1.673833E-15
1461.  1.678024E-15
1462.  1.682209E-15
1463.  1.686387E-15
1464.  1.690557E-15
1465.  1.694719E-15
1466.  1.698872E-15
1467.  1.703013E-15
1468.  1.707142E-15
1469.  1.711259E-15
1470.  1.715362E-15
1471.  1.719449E-15
1472.  1.723521E-15
1473.  1.727575E-15
1474.  1.731611E-15
1475.  1.735627E-15
1476.  1.739624E-15
1477.  1.743598E-15
1478.  1.747551E-15
1479.  1.751479E-15
1480.  1.755382E-15
1481.  1.759260E-15
1482.  1.763111E-15
1483.  1.766934E-15
1484.  1.770728E-15
1485.  1.774492E-15
1486.  1.778225E-15
1487.  1.781925E-15
1488.  1.785592E-15
1489.  1.789225E-15
1490.  1.792822E-15
1491.  1.796383E-15
1492.  1.799906E-15
1493.  1.803391E-15
1494.  1.806836E-15
1495.  1.810241E-15
1496.  1.813604E-15
1497.  1.816925E-15
1498.  1.820202E-15
1499.  1.823435E-15
1500.  1.826621E-15
1501.  1.829762E-15
1502.  1.832855E-15
1503.  1.835899E-15
1504.  1.838895E-15
1505.  1.841840E-15
1506.  1.844734E-15
1507.  1.847575E-15
1508.  1.850364E-15
1509.  1.853098E-15
1510.  1.855778E-15
1511.  1.858403E-15
1512.  1.860970E-15
1513.  1.863481E-15
1514.  1.865933E-15
1515.  1.868326E-15
1516.  1.870660E-15
1517.  1.872933E-15
1518.  1.875145E-15
1519.  1.877295E-15
1520.  1.879382E-15
1521.  1.881405E-15
1522.  1.883364E-15
1523.  1.885259E-15
1524.  1.887087E-15
1525.  1.888849E-15
1526.  1.890545E-15
1527.  1.892173E-15
1528.  1.893732E-15
1529.  1.895223E-15
1530.  1.896644E-15
1531.  1.897996E-15
1532.  1.899277E-15
1533.  1.900487E-15
1534.  1.901625E-15
1535.  1.902691E-15
1536.  1.903685E-15
1537.  1.904605E-15
1538.  1.905452E-15
1539.  1.906225E-15
1540.  1.906924E-15
1541.  1.907547E-15
1542.  1.908096E-15
1543.  1.908569E-15
1544.  1.908965E-15
1545.  1.909286E-15
1546.  1.909529E-15
1547.  1.909696E-15
1548.  1.909786E-15
1549.  1.909798E-15
1550.  1.909732E-15
1551.  1.909588E-15
1552.  1.909366E-15
1553.  1.909065E-15
1554.  1.908685E-15
1555.  1.908226E-15
1556.  1.907688E-15
1557.  1.907071E-15
1558.  1.906375E-15
1559.  1.905599E-15
1560.  1.904743E-15
1561.  1.903807E-15
1562.  1.902792E-15
1563.  1.901696E-15
1564.  1.900520E-15
1565.  1.899265E-15
1566.  1.897929E-15
1567.  1.896513E-15
1568.  1.895017E-15
1569.  1.893441E-15
1570.  1.891785E-15
1571.  1.890049E-15
1572.  1.888233E-15
1573.  1.886336E-15
1574.  1.884361E-15
1575.  1.882305E-15
1576.  1.880170E-15
1577.  1.877955E-15
1578.  1.875660E-15
1579.  1.873287E-15
1580.  1.870834E-15
1581.  1.868303E-15
1582.  1.865693E-15
1583.  1.863004E-15
1584.  1.860236E-15
1585.  1.857391E-15
1586.  1.854468E-15
1587.  1.851467E-15
1588.  1.848389E-15
1589.  1.845234E-15
1590.  1.842001E-15
1591.  1.838693E-15
1592.  1.835307E-15
1593.  1.831846E-15
1594.  1.828309E-15
1595.  1.824697E-15
1596.  1.821010E-15
1597.  1.817248E-15
1598.  1.813412E-15
1599.  1.809502E-15
1600.  1.805518E-15
1601.  1.801462E-15
1602.  1.797332E-15
1603.  1.793130E-15
1604.  1.788857E-15
1605.  1.784511E-15
1606.  1.780095E-15
1607.  1.775608E-15
1608.  1.771051E-15
1609.  1.766425E-15
1610.  1.761729E-15
1611.  1.756964E-15
1612.  1.752132E-15
1613.  1.747231E-15
1614.  1.742264E-15
1615.  1.737230E-15
1616.  1.732129E-15
1617.  1.726964E-15
1618.  1.721733E-15
1619.  1.716438E-15
1620.  1.711079E-15
1621.  1.705656E-15
1622.  1.700171E-15
1623.  1.694624E-15
1624.  1.689016E-15
1625.  1.683346E-15
1626.  1.677617E-15
1627.  1.671827E-15
1628.  1.665979E-15
1629.  1.660073E-15
1630.  1.654109E-15
1631.  1.648088E-15
1632.  1.642011E-15
1633.  1.635878E-15
1634.  1.629691E-15
1635.  1.623449E-15
1636.  1.617154E-15
1637.  1.610806E-15
1638.  1.604406E-15
1639.  1.597955E-15
1640.  1.591454E-15
1641.  1.584903E-15
1642.  1.578302E-15
1643.  1.571654E-15
1644.  1.564959E-15
1645.  1.558216E-15
1646.  1.551429E-15
1647.  1.544596E-15
1648.  1.537719E-15
1649.  1.530798E-15
1650.  1.523836E-15
1651.  1.516831E-15
1652.  1.509786E-15
1653.  1.502701E-15
1654.  1.495577E-15
1655.  1.488415E-15
1656.  1.481216E-15
1657.  1.473980E-15
1658.  1.466709E-15
1659.  1.459403E-15
1660.  1.452063E-15
1661.  1.444691E-15
1662.  1.437287E-15
1663.  1.429852E-15
1664.  1.422387E-15
1665.  1.414894E-15
1666.  1.407372E-15
1667.  1.399823E-15
1668.  1.392248E-15
1669.  1.384648E-15
1670.  1.377024E-15
1671.  1.369377E-15
1672.  1.361707E-15
1673.  1.354017E-15
1674.  1.346306E-15
1675.  1.338576E-15
1676.  1.330828E-15
1677.  1.323062E-15
1678.  1.315281E-15
1679.  1.307485E-15
1680.  1.299674E-15
1681.  1.291851E-15
1682.  1.284015E-15
1683.  1.276169E-15
1684.  1.268312E-15
1685.  1.260447E-15
1686.  1.252574E-15
1687.  1.244694E-15
1688.  1.236808E-15
1689.  1.228918E-15
1690.  1.221024E-15
1691.  1.213127E-15
1692.  1.205229E-15
1693.  1.197331E-15
1694.  1.189433E-15
1695.  1.181536E-15
1696.  1.173643E-15
1697.  1.165753E-15
1698.  1.157868E-15
1699.  1.149989E-15
1700.  1.142116E-15
1701.  1.134252E-15
1702.  1.126397E-15
1703.  1.118551E-15
1704.  1.110717E-15
1705.  1.102895E-15
1706.  1.095086E-15
1707.  1.087291E-15
1708.  1.079512E-15
1709.  1.071748E-15
1710.  1.064002E-15
1711.  1.056275E-15
1712.  1.048566E-15
1713.  1.040878E-15
1714.  1.033211E-15
1715.  1.025567E-15
1716.  1.017945E-15
1717.  1.010349E-15
1718.  1.002777E-15
1719.  9.952315E-16
1720.  9.877132E-16
1721.  9.802231E-16
1722.  9.727621E-16
1723.  9.653309E-16
1724.  9.579307E-16
1725.  9.505626E-16
1726.  9.432270E-16
1727.  9.359253E-16
1728.  9.286582E-16
1729.  9.214266E-16
1730.  9.142312E-16
1731.  9.070731E-16
1732.  8.999532E-16
1733.  8.928719E-16
1734.  8.858307E-16
1735.  8.788298E-16
1736.  8.718705E-16
1737.  8.649533E-16
1738.  8.580793E-16
1739.  8.512488E-16
1740.  8.444630E-16
1741.  8.377225E-16
1742.  8.310280E-16
1743.  8.243804E-16
1744.  8.177800E-16
1745.  8.112282E-16
1746.  8.047252E-16
1747.  7.982717E-16
1748.  7.918686E-16
1749.  7.855164E-16
1750.  7.792157E-16
1751.  7.729672E-16
1752.  7.667717E-16
1753.  7.606297E-16
1754.  7.545416E-16
1755.  7.485081E-16
1756.  7.425299E-16
1757.  7.366073E-16
1758.  7.307411E-16
1759.  7.249317E-16
1760.  7.191797E-16
1761.  7.134856E-16
1762.  7.078498E-16
1763.  7.022727E-16
1764.  6.967550E-16
1765.  6.912970E-16
1766.  6.858992E-16
1767.  6.805620E-16
1768.  6.752858E-16
1769.  6.700710E-16
1770.  6.649181E-16
1771.  6.598273E-16
1772.  6.547990E-16
1773.  6.498336E-16
1774.  6.449315E-16
1775.  6.400930E-16
1776.  6.353182E-16
1777.  6.306077E-16
1778.  6.259616E-16
1779.  6.213802E-16
1780.  6.168638E-16
1781.  6.124127E-16
1782.  6.080270E-16
1783.  6.037072E-16
1784.  5.994531E-16
1785.  5.952653E-16
1786.  5.911437E-16
1787.  5.870886E-16
1788.  5.831003E-16
1789.  5.791788E-16
1790.  5.753244E-16
1791.  5.715371E-16
1792.  5.678170E-16
1793.  5.641644E-16
1794.  5.605794E-16
1795.  5.570617E-16
1796.  5.536121E-16
1797.  5.502301E-16
1798.  5.469160E-16
1799.  5.436699E-16
1800.  5.404916E-16
1801.  5.373816E-16
1802.  5.343396E-16
1803.  5.313657E-16
1804.  5.284601E-16
1805.  5.256225E-16
1806.  5.228531E-16
1807.  5.201518E-16
1808.  5.175187E-16
1809.  5.149539E-16
1810.  5.124571E-16
1811.  5.100284E-16
1812.  5.076679E-16
1813.  5.053753E-16
1814.  5.031507E-16
1815.  5.009940E-16
1816.  4.989054E-16
1817.  4.968844E-16
1818.  4.949312E-16
1819.  4.930456E-16
1820.  4.912275E-16
1821.  4.894770E-16
1822.  4.877939E-16
1823.  4.861781E-16
1824.  4.846294E-16
1825.  4.831479E-16
1826.  4.817332E-16
1827.  4.803854E-16
1828.  4.791045E-16
1829.  4.778901E-16
1830.  4.767421E-16
1831.  4.756604E-16
1832.  4.746449E-16
1833.  4.736955E-16
1834.  4.728120E-16
1835.  4.719940E-16
1836.  4.712418E-16
1837.  4.705551E-16
1838.  4.699335E-16
1839.  4.693770E-16
1840.  4.688853E-16
1841.  4.684585E-16
1842.  4.680962E-16
1843.  4.677982E-16
1844.  4.675644E-16
1845.  4.673946E-16
1846.  4.672884E-16
1847.  4.672459E-16
1848.  4.672668E-16
1849.  4.673509E-16
1850.  4.674978E-16
1851.  4.677076E-16
1852.  4.679797E-16
1853.  4.683141E-16
1854.  4.687107E-16
1855.  4.691690E-16
1856.  4.696890E-16
1857.  4.702702E-16
1858.  4.709125E-16
1859.  4.716156E-16
1860.  4.723794E-16
1861.  4.732034E-16
1862.  4.740875E-16
1863.  4.750313E-16
1864.  4.760347E-16
1865.  4.770973E-16
1866.  4.782189E-16
1867.  4.793991E-16
1868.  4.806376E-16
1869.  4.819342E-16
1870.  4.832886E-16
1871.  4.847004E-16
1872.  4.861692E-16
1873.  4.876949E-16
1874.  4.892770E-16
1875.  4.909153E-16
1876.  4.926094E-16
1877.  4.943588E-16
1878.  4.961634E-16
1879.  4.980227E-16
1880.  4.999364E-16
1881.  5.019040E-16
1882.  5.039252E-16
1883.  5.059996E-16
1884.  5.081268E-16
1885.  5.103064E-16
1886.  5.125379E-16
1887.  5.148212E-16
1888.  5.171555E-16
1889.  5.195406E-16
1890.  5.219758E-16
1891.  5.244609E-16
1892.  5.269954E-16
1893.  5.295789E-16
1894.  5.322108E-16
1895.  5.348904E-16
1896.  5.376177E-16
1897.  5.403918E-16
1898.  5.432124E-16
1899.  5.460790E-16
1900.  5.489910E-16
1901.  5.519475E-16
1902.  5.549486E-16
1903.  5.579936E-16
1904.  5.610816E-16
1905.  5.642123E-16
1906.  5.673850E-16
1907.  5.705993E-16
1908.  5.738544E-16
1909.  5.771497E-16
1910.  5.804847E-16
1911.  5.838588E-16
1912.  5.872711E-16
1913.  5.907213E-16
1914.  5.942086E-16
1915.  5.977323E-16
1916.  6.012916E-16
1917.  6.048861E-16
1918.  6.085150E-16
1919.  6.121776E-16
1920.  6.158731E-16
1921.  6.196010E-16
1922.  6.233603E-16
1923.  6.271506E-16
1924.  6.309708E-16
1925.  6.348206E-16
1926.  6.386988E-16
1927.  6.426049E-16
1928.  6.465379E-16
1929.  6.504972E-16
1930.  6.544820E-16
1931.  6.584916E-16
1932.  6.625250E-16
1933.  6.665815E-16
1934.  6.706600E-16
1935.  6.747603E-16
1936.  6.788811E-16
1937.  6.830216E-16
1938.  6.871811E-16
1939.  6.913588E-16
1940.  6.955536E-16
1941.  6.997648E-16
1942.  7.039917E-16
1943.  7.082329E-16
1944.  7.124882E-16
1945.  7.167563E-16
1946.  7.210365E-16
1947.  7.253279E-16
1948.  7.296295E-16
1949.  7.339404E-16
1950.  7.382599E-16
1951.  7.425870E-16
1952.  7.469207E-16
1953.  7.512604E-16
1954.  7.556049E-16
1955.  7.599535E-16
1956.  7.643050E-16
1957.  7.686589E-16
1958.  7.730141E-16
1959.  7.773697E-16
1960.  7.817248E-16
1961.  7.860784E-16
1962.  7.904298E-16
1963.  7.947780E-16
1964.  7.991221E-16
1965.  8.034613E-16
1966.  8.077945E-16
1967.  8.121211E-16
1968.  8.164400E-16
1969.  8.207503E-16
1970.  8.250513E-16
1971.  8.293420E-16
1972.  8.336216E-16
1973.  8.378890E-16
1974.  8.421438E-16
1975.  8.463847E-16
1976.  8.506110E-16
1977.  8.548219E-16
1978.  8.590167E-16
1979.  8.631942E-16
1980.  8.673539E-16
1981.  8.714947E-16
1982.  8.756161E-16
1983.  8.797172E-16
1984.  8.837970E-16
1985.  8.878550E-16
1986.  8.918902E-16
1987.  8.959020E-16
1988.  8.998895E-16
1989.  9.038520E-16
1990.  9.077889E-16
1991.  9.116991E-16
1992.  9.155823E-16
1993.  9.194375E-16
1994.  9.232642E-16
1995.  9.270615E-16
1996.  9.308289E-16
1997.  9.345653E-16
1998.  9.382707E-16
1999.  9.419440E-16
2000.  9.455848E-16
2001.  9.491921E-16
2002.  9.527657E-16
2003.  9.563048E-16
2004.  9.598086E-16
2005.  9.632770E-16
2006.  9.667092E-16
2007.  9.701043E-16
2008.  9.734624E-16
2009.  9.767823E-16
2010.  9.800639E-16
2011.  9.833066E-16
2012.  9.865098E-16
2013.  9.896731E-16
2014.  9.927960E-16
2015.  9.958782E-16
2016.  9.989189E-16
2017.  1.001918E-15
2018.  1.004875E-15
2019.  1.007789E-15
2020.  1.010660E-15
2021.  1.013488E-15
2022.  1.016271E-15
2023.  1.019011E-15
2024.  1.021706E-15
2025.  1.024357E-15
2026.  1.026962E-15
2027.  1.029522E-15
2028.  1.032035E-15
2029.  1.034503E-15
2030.  1.036924E-15
2031.  1.039299E-15
2032.  1.041626E-15
2033.  1.043906E-15
2034.  1.046139E-15
2035.  1.048324E-15
2036.  1.050462E-15
2037.  1.052551E-15
2038.  1.054592E-15
2039.  1.056584E-15
2040.  1.058528E-15
2041.  1.060423E-15
2042.  1.062269E-15
2043.  1.064066E-15
2044.  1.065814E-15
2045.  1.067512E-15
2046.  1.069161E-15
2047.  1.070760E-15
2048.  1.072310E-15
2049.  1.073810E-15
2050.  1.075260E-15
2051.  1.076660E-15
2052.  1.078011E-15
2053.  1.079312E-15
2054.  1.080562E-15
2055.  1.081763E-15
2056.  1.082914E-15
2057.  1.084015E-15
2058.  1.085067E-15
2059.  1.086068E-15
2060.  1.087020E-15
2061.  1.087921E-15
2062.  1.088773E-15
2063.  1.089576E-15
2064.  1.090329E-15
2065.  1.091033E-15
2066.  1.091687E-15
2067.  1.092293E-15
2068.  1.092849E-15
2069.  1.093356E-15
2070.  1.093815E-15
2071.  1.094225E-15
2072.  1.094586E-15
2073.  1.094900E-15
2074.  1.095165E-15
2075.  1.095382E-15
2076.  1.095552E-15
2077.  1.095675E-15
2078.  1.095750E-15
2079.  1.095779E-15
2080.  1.095761E-15
2081.  1.095697E-15
2082.  1.095586E-15
2083.  1.095431E-15
2084.  1.095229E-15
2085.  1.094982E-15
2086.  1.094691E-15
2087.  1.094356E-15
2088.  1.093976E-15
2089.  1.093553E-15
2090.  1.093086E-15
2091.  1.092577E-15
2092.  1.092025E-15
2093.  1.091431E-15
2094.  1.090796E-15
2095.  1.090120E-15
2096.  1.089403E-15
2097.  1.088645E-15
2098.  1.087848E-15
2099.  1.087012E-15
2100.  1.086137E-15
2101.  1.085225E-15
2102.  1.084274E-15
2103.  1.083287E-15
2104.  1.082264E-15
2105.  1.081204E-15
2106.  1.080109E-15
2107.  1.078980E-15
2108.  1.077817E-15
2109.  1.076620E-15
2110.  1.075391E-15
2111.  1.074130E-15
2112.  1.072837E-15
2113.  1.071514E-15
2114.  1.070161E-15
2115.  1.068779E-15
2116.  1.067369E-15
2117.  1.065931E-15
2118.  1.064466E-15
2119.  1.062975E-15
2120.  1.061458E-15
2121.  1.059918E-15
2122.  1.058353E-15
2123.  1.056766E-15
2124.  1.055157E-15
2125.  1.053527E-15
2126.  1.051876E-15
2127.  1.050207E-15
2128.  1.048518E-15
2129.  1.046812E-15
2130.  1.045090E-15
2131.  1.043352E-15
2132.  1.041599E-15
2133.  1.039832E-15
2134.  1.038053E-15
2135.  1.036262E-15
2136.  1.034460E-15
2137.  1.032647E-15
2138.  1.030827E-15
2139.  1.028998E-15
2140.  1.027162E-15
2141.  1.025321E-15
2142.  1.023475E-15
2143.  1.021625E-15
2144.  1.019772E-15
2145.  1.017918E-15
2146.  1.016063E-15
2147.  1.014209E-15
2148.  1.012356E-15
2149.  1.010506E-15
2150.  1.008660E-15
2151.  1.006818E-15
2152.  1.004982E-15
2153.  1.003153E-15
2154.  1.001332E-15
2155.  9.995208E-16
2156.  9.977195E-16
2157.  9.959293E-16
2158.  9.941515E-16
2159.  9.923870E-16
2160.  9.906370E-16
2161.  9.889029E-16
2162.  9.871856E-16
2163.  9.854856E-16
2164.  9.838048E-16
2165.  9.821437E-16
2166.  9.805037E-16
2167.  9.788857E-16
2168.  9.772907E-16
2169.  9.757196E-16
2170.  9.741738E-16
2171.  9.726541E-16
2172.  9.711614E-16
2173.  9.696970E-16
2174.  9.682616E-16
2175.  9.668563E-16
2176.  9.654820E-16
2177.  9.641397E-16
2178.  9.628304E-16
2179.  9.615550E-16
2180.  9.603143E-16
2181.  9.591094E-16
2182.  9.579409E-16
2183.  9.568099E-16
2184.  9.557170E-16
2185.  9.546634E-16
2186.  9.536495E-16
2187.  9.526764E-16
2188.  9.517447E-16
2189.  9.508553E-16
2190.  9.500086E-16
2191.  9.492059E-16
2192.  9.484474E-16
2193.  9.477338E-16
2194.  9.470661E-16
2195.  9.464444E-16
2196.  9.458699E-16
2197.  9.453430E-16
2198.  9.448639E-16
2199.  9.444333E-16
2200.  9.440520E-16
2201.  9.437202E-16
2202.  9.434384E-16
2203.  9.432072E-16
2204.  9.430270E-16
2205.  9.428978E-16
2206.  9.428203E-16
2207.  9.427949E-16
2208.  9.428218E-16
2209.  9.429012E-16
2210.  9.430333E-16
2211.  9.432186E-16
2212.  9.434573E-16
2213.  9.437492E-16
2214.  9.440949E-16
2215.  9.444938E-16
2216.  9.449470E-16
2217.  9.454539E-16
2218.  9.460147E-16
2219.  9.466295E-16
2220.  9.472981E-16
2221.  9.480207E-16
2222.  9.487970E-16
2223.  9.496271E-16
2224.  9.505106E-16
2225.  9.514479E-16
2226.  9.524383E-16
2227.  9.534817E-16
2228.  9.545781E-16
2229.  9.557270E-16
2230.  9.569283E-16
2231.  9.581817E-16
2232.  9.594866E-16
2233.  9.608430E-16
2234.  9.622504E-16
2235.  9.637085E-16
2236.  9.652166E-16
2237.  9.667746E-16
2238.  9.683819E-16
2239.  9.700378E-16
2240.  9.717421E-16
2241.  9.734942E-16
2242.  9.752934E-16
2243.  9.771394E-16
2244.  9.790314E-16
2245.  9.809688E-16
2246.  9.829510E-16
2247.  9.849773E-16
2248.  9.870473E-16
2249.  9.891600E-16
2250.  9.913147E-16
2251.  9.935110E-16
2252.  9.957478E-16
2253.  9.980246E-16
2254.  1.000341E-15
2255.  1.002695E-15
2256.  1.005087E-15
2257.  1.007515E-15
2258.  1.009980E-15
2259.  1.012480E-15
2260.  1.015014E-15
2261.  1.017582E-15
2262.  1.020182E-15
2263.  1.022814E-15
2264.  1.025476E-15
2265.  1.028169E-15
2266.  1.030891E-15
2267.  1.033640E-15
2268.  1.036417E-15
2269.  1.039221E-15
2270.  1.042050E-15
2271.  1.044903E-15
2272.  1.047780E-15
2273.  1.050679E-15
2274.  1.053600E-15
2275.  1.056542E-15
2276.  1.059504E-15
2277.  1.062485E-15
2278.  1.065483E-15
2279.  1.068498E-15
2280.  1.071530E-15
2281.  1.074576E-15
2282.  1.077637E-15
2283.  1.080711E-15
2284.  1.083797E-15
2285.  1.086894E-15
2286.  1.090002E-15
2287.  1.093119E-15
2288.  1.096244E-15
2289.  1.099378E-15
2290.  1.102517E-15
2291.  1.105663E-15
2292.  1.108813E-15
2293.  1.111967E-15
2294.  1.115125E-15
2295.  1.118284E-15
2296.  1.121445E-15
2297.  1.124606E-15
2298.  1.127766E-15
2299.  1.130925E-15
2300.  1.134082E-15
2301.  1.137235E-15
2302.  1.140385E-15
2303.  1.143530E-15
2304.  1.146669E-15
2305.  1.149802E-15
2306.  1.152928E-15
2307.  1.156045E-15
2308.  1.159154E-15
2309.  1.162253E-15
2310.  1.165342E-15
2311.  1.168419E-15
2312.  1.171485E-15
2313.  1.174538E-15
2314.  1.177578E-15
2315.  1.180603E-15
2316.  1.183614E-15
2317.  1.186609E-15
2318.  1.189588E-15
2319.  1.192551E-15
2320.  1.195495E-15
2321.  1.198422E-15
2322.  1.201329E-15
2323.  1.204217E-15
2324.  1.207085E-15
2325.  1.209932E-15
2326.  1.212758E-15
2327.  1.215562E-15
2328.  1.218343E-15
2329.  1.221101E-15
2330.  1.223835E-15
2331.  1.226545E-15
2332.  1.229230E-15
2333.  1.231890E-15
2334.  1.234524E-15
2335.  1.237131E-15
2336.  1.239711E-15
2337.  1.242264E-15
2338.  1.244789E-15
2339.  1.247285E-15
2340.  1.249753E-15
2341.  1.252191E-15
2342.  1.254599E-15
2343.  1.256977E-15
2344.  1.259323E-15
2345.  1.261639E-15
2346.  1.263923E-15
2347.  1.266174E-15
2348.  1.268394E-15
2349.  1.270580E-15
2350.  1.272733E-15
2351.  1.274851E-15
2352.  1.276936E-15
2353.  1.278986E-15
2354.  1.281001E-15
2355.  1.282981E-15
2356.  1.284925E-15
2357.  1.286833E-15
2358.  1.288704E-15
2359.  1.290539E-15
2360.  1.292336E-15
2361.  1.294096E-15
2362.  1.295817E-15
2363.  1.297501E-15
2364.  1.299146E-15
2365.  1.300752E-15
2366.  1.302319E-15
2367.  1.303846E-15
2368.  1.305333E-15
2369.  1.306780E-15
2370.  1.308187E-15
2371.  1.309552E-15
2372.  1.310877E-15
2373.  1.312160E-15
2374.  1.313401E-15
2375.  1.314600E-15
2376.  1.315757E-15
2377.  1.316871E-15
2378.  1.317942E-15
2379.  1.318970E-15
2380.  1.319955E-15
2381.  1.320895E-15
2382.  1.321792E-15
2383.  1.322644E-15
2384.  1.323452E-15
2385.  1.324214E-15
2386.  1.324932E-15
2387.  1.325604E-15
2388.  1.326231E-15
2389.  1.326811E-15
2390.  1.327346E-15
2391.  1.327834E-15
2392.  1.328276E-15
2393.  1.328670E-15
2394.  1.329018E-15
2395.  1.329318E-15
2396.  1.329570E-15
2397.  1.329775E-15
2398.  1.329931E-15
2399.  1.330040E-15
2400.  1.330100E-15
2401.  1.330111E-15
2402.  1.330073E-15
2403.  1.329987E-15
2404.  1.329851E-15
2405.  1.329665E-15
2406.  1.329430E-15
2407.  1.329146E-15
2408.  1.328811E-15
2409.  1.328426E-15
2410.  1.327991E-15
2411.  1.327505E-15
2412.  1.326969E-15
2413.  1.326382E-15
2414.  1.325744E-15
2415.  1.325055E-15
2416.  1.324315E-15
2417.  1.323524E-15
2418.  1.322681E-15
2419.  1.321787E-15
2420.  1.320842E-15
2421.  1.319845E-15
2422.  1.318796E-15
2423.  1.317695E-15
2424.  1.316543E-15
2425.  1.315339E-15
2426.  1.314083E-15
2427.  1.312775E-15
2428.  1.311416E-15
2429.  1.310004E-15
2430.  1.308540E-15
2431.  1.307025E-15
2432.  1.305457E-15
2433.  1.303838E-15
2434.  1.302167E-15
2435.  1.300444E-15
2436.  1.298669E-15
2437.  1.296843E-15
2438.  1.294965E-15
2439.  1.293036E-15
2440.  1.291055E-15
2441.  1.289023E-15
2442.  1.286940E-15
2443.  1.284807E-15
2444.  1.282622E-15
2445.  1.280387E-15
2446.  1.278101E-15
2447.  1.275765E-15
2448.  1.273379E-15
2449.  1.270943E-15
2450.  1.268457E-15
2451.  1.265922E-15
2452.  1.263338E-15
2453.  1.260705E-15
2454.  1.258024E-15
2455.  1.255294E-15
2456.  1.252517E-15
2457.  1.249691E-15
2458.  1.246818E-15
2459.  1.243898E-15
2460.  1.240932E-15
2461.  1.237919E-15
2462.  1.234860E-15
2463.  1.231756E-15
2464.  1.228606E-15
2465.  1.225412E-15
2466.  1.222174E-15
2467.  1.218892E-15
2468.  1.215566E-15
2469.  1.212197E-15
2470.  1.208786E-15
2471.  1.205333E-15
2472.  1.201838E-15
2473.  1.198302E-15
2474.  1.194726E-15
2475.  1.191110E-15
2476.  1.187454E-15
2477.  1.183760E-15
2478.  1.180027E-15
2479.  1.176257E-15
2480.  1.172449E-15
2481.  1.168605E-15
2482.  1.164725E-15
2483.  1.160809E-15
2484.  1.156859E-15
2485.  1.152874E-15
2486.  1.148856E-15
2487.  1.144806E-15
2488.  1.140723E-15
2489.  1.136608E-15
2490.  1.132463E-15
2491.  1.128287E-15
2492.  1.124082E-15
2493.  1.119848E-15
2494.  1.115586E-15
2495.  1.111297E-15
2496.  1.106981E-15
2497.  1.102639E-15
2498.  1.098271E-15
2499.  1.093879E-15
2500.  1.089463E-15
2501.  1.085024E-15
2502.  1.080563E-15
2503.  1.076080E-15
2504.  1.071576E-15
2505.  1.067052E-15
2506.  1.062508E-15
2507.  1.057946E-15
2508.  1.053366E-15
2509.  1.048769E-15
2510.  1.044155E-15
2511.  1.039526E-15
2512.  1.034882E-15
2513.  1.030223E-15
2514.  1.025552E-15
2515.  1.020868E-15
2516.  1.016171E-15
2517.  1.011464E-15
2518.  1.006747E-15
2519.  1.002019E-15
2520.  9.972835E-16
2521.  9.925394E-16
2522.  9.877878E-16
2523.  9.830300E-16
2524.  9.782659E-16
2525.  9.734969E-16
2526.  9.687234E-16
2527.  9.639462E-16
2528.  9.591661E-16
2529.  9.543838E-16
2530.  9.496000E-16
2531.  9.448153E-16
2532.  9.400306E-16
2533.  9.352465E-16
2534.  9.304636E-16
2535.  9.256825E-16
2536.  9.209044E-16
2537.  9.161293E-16
2538.  9.113584E-16
2539.  9.065920E-16
2540.  9.018308E-16
2541.  8.970757E-16
2542.  8.923271E-16
2543.  8.875855E-16
2544.  8.828519E-16
2545.  8.781266E-16
2546.  8.734104E-16
2547.  8.687036E-16
2548.  8.640071E-16
2549.  8.593212E-16
2550.  8.546467E-16
2551.  8.499840E-16
2552.  8.453335E-16
2553.  8.406960E-16
2554.  8.360719E-16
2555.  8.314617E-16
2556.  8.268659E-16
2557.  8.222848E-16
2558.  8.177190E-16
2559.  8.131694E-16
2560.  8.086358E-16
2561.  8.041190E-16
2562.  7.996192E-16
2563.  7.951369E-16
2564.  7.906725E-16
2565.  7.862266E-16
2566.  7.817992E-16
2567.  7.773910E-16
2568.  7.730020E-16
2569.  7.686327E-16
2570.  7.642837E-16
2571.  7.599549E-16
2572.  7.556468E-16
2573.  7.513597E-16
2574.  7.470938E-16
2575.  7.428493E-16
2576.  7.386265E-16
2577.  7.344258E-16
2578.  7.302474E-16
2579.  7.260912E-16
2580.  7.219578E-16
2581.  7.178470E-16
2582.  7.137593E-16
2583.  7.096946E-16
2584.  7.056532E-16
2585.  7.016351E-16
2586.  6.976406E-16
2587.  6.936696E-16
2588.  6.897225E-16
2589.  6.857988E-16
2590.  6.818994E-16
2591.  6.780237E-16
2592.  6.741721E-16
2593.  6.703444E-16
2594.  6.665407E-16
2595.  6.627609E-16
2596.  6.590051E-16
2597.  6.552736E-16
2598.  6.515659E-16
2599.  6.478821E-16
2600.  6.442221E-16
2601.  6.405861E-16
2602.  6.369738E-16
2603.  6.333850E-16
2604.  6.298198E-16
2605.  6.262783E-16
2606.  6.227599E-16
2607.  6.192648E-16
2608.  6.157928E-16
2609.  6.123436E-16
2610.  6.089173E-16
2611.  6.055135E-16
2612.  6.021322E-16
2613.  5.987730E-16
2614.  5.954360E-16
2615.  5.921208E-16
2616.  5.888272E-16
2617.  5.855551E-16
2618.  5.823040E-16
2619.  5.790739E-16
2620.  5.758646E-16
2621.  5.726757E-16
2622.  5.695069E-16
2623.  5.663581E-16
2624.  5.632289E-16
2625.  5.601192E-16
2626.  5.570283E-16
2627.  5.539566E-16
2628.  5.509032E-16
2629.  5.478679E-16
2630.  5.448506E-16
2631.  5.418509E-16
2632.  5.388684E-16
2633.  5.359029E-16
2634.  5.329540E-16
2635.  5.300213E-16
2636.  5.271048E-16
2637.  5.242038E-16
2638.  5.213181E-16
2639.  5.184474E-16
2640.  5.155912E-16
2641.  5.127494E-16
2642.  5.099215E-16
2643.  5.071071E-16
2644.  5.043061E-16
2645.  5.015178E-16
2646.  4.987423E-16
2647.  4.959789E-16
2648.  4.932274E-16
2649.  4.904873E-16
2650.  4.877585E-16
2651.  4.850404E-16
2652.  4.823329E-16
2653.  4.796355E-16
2654.  4.769479E-16
2655.  4.742699E-16
2656.  4.716010E-16
2657.  4.689410E-16
2658.  4.662894E-16
2659.  4.636459E-16
2660.  4.610104E-16
2661.  4.583825E-16
2662.  4.557617E-16
2663.  4.531479E-16
2664.  4.505408E-16
2665.  4.479398E-16
2666.  4.453453E-16
2667.  4.427562E-16
2668.  4.401728E-16
2669.  4.375946E-16
2670.  4.350213E-16
2671.  4.324528E-16
2672.  4.298887E-16
2673.  4.273289E-16
2674.  4.247732E-16
2675.  4.222211E-16
2676.  4.196726E-16
2677.  4.171275E-16
2678.  4.145856E-16
2679.  4.120465E-16
2680.  4.095101E-16
2681.  4.069765E-16
2682.  4.044453E-16
2683.  4.019162E-16
2684.  3.993893E-16
2685.  3.968643E-16
2686.  3.943413E-16
2687.  3.918199E-16
2688.  3.893000E-16
2689.  3.867819E-16
2690.  3.842650E-16
2691.  3.817494E-16
2692.  3.792351E-16
2693.  3.767221E-16
2694.  3.742100E-16
2695.  3.716991E-16
2696.  3.691892E-16
2697.  3.666804E-16
2698.  3.641726E-16
2699.  3.616657E-16
2700.  3.591600E-16
2701.  3.566552E-16
2702.  3.541514E-16
2703.  3.516487E-16
2704.  3.491471E-16
2705.  3.466468E-16
2706.  3.441476E-16
2707.  3.416498E-16
2708.  3.391533E-16
2709.  3.366583E-16
2710.  3.341649E-16
2711.  3.316731E-16
2712.  3.291832E-16
2713.  3.266951E-16
2714.  3.242091E-16
2715.  3.217252E-16
2716.  3.192438E-16
2717.  3.167647E-16
2718.  3.142883E-16
2719.  3.118147E-16
2720.  3.093442E-16
2721.  3.068768E-16
2722.  3.044127E-16
2723.  3.019522E-16
2724.  2.994956E-16
2725.  2.970428E-16
2726.  2.945942E-16
2727.  2.921500E-16
2728.  2.897105E-16
2729.  2.872758E-16
2730.  2.848462E-16
2731.  2.824220E-16
2732.  2.800033E-16
2733.  2.775904E-16
2734.  2.751837E-16
2735.  2.727832E-16
2736.  2.703893E-16
2737.  2.680022E-16
2738.  2.656223E-16
2739.  2.632497E-16
2740.  2.608847E-16
2741.  2.585275E-16
2742.  2.561787E-16
2743.  2.538381E-16
2744.  2.515063E-16
2745.  2.491835E-16
2746.  2.468698E-16
2747.  2.445655E-16
2748.  2.422711E-16
2749.  2.399867E-16
2750.  2.377126E-16
2751.  2.354490E-16
2752.  2.331962E-16
2753.  2.309545E-16
2754.  2.287241E-16
2755.  2.265053E-16
2756.  2.242984E-16
2757.  2.221034E-16
2758.  2.199208E-16
2759.  2.177507E-16
2760.  2.155936E-16
2761.  2.134493E-16
2762.  2.113183E-16
2763.  2.092007E-16
2764.  2.070969E-16
2765.  2.050069E-16
2766.  2.029311E-16
2767.  2.008696E-16
2768.  1.988224E-16
2769.  1.967901E-16
2770.  1.947726E-16
2771.  1.927702E-16
2772.  1.907829E-16
2773.  1.888110E-16
2774.  1.868547E-16
2775.  1.849140E-16
2776.  1.829892E-16
2777.  1.810803E-16
2778.  1.791875E-16
2779.  1.773110E-16
2780.  1.754507E-16
2781.  1.736068E-16
2782.  1.717794E-16
2783.  1.699687E-16
2784.  1.681747E-16
2785.  1.663975E-16
2786.  1.646370E-16
2787.  1.628935E-16
2788.  1.611669E-16
2789.  1.594573E-16
2790.  1.577647E-16
2791.  1.560891E-16
2792.  1.544306E-16
2793.  1.527891E-16
2794.  1.511648E-16
2795.  1.495574E-16
2796.  1.479673E-16
2797.  1.463940E-16
2798.  1.448378E-16
2799.  1.432986E-16
2800.  1.417763E-16
2801.  1.402709E-16
2802.  1.387823E-16
2803.  1.373104E-16
2804.  1.358553E-16
2805.  1.344168E-16
2806.  1.329948E-16
2807.  1.315891E-16
2808.  1.301999E-16
2809.  1.288269E-16
2810.  1.274700E-16
2811.  1.261289E-16
2812.  1.248039E-16
2813.  1.234946E-16
2814.  1.222009E-16
2815.  1.209227E-16
2816.  1.196597E-16
2817.  1.184120E-16
2818.  1.171793E-16
2819.  1.159614E-16
2820.  1.147583E-16
2821.  1.135697E-16
2822.  1.123953E-16
2823.  1.112353E-16
2824.  1.100892E-16
2825.  1.089570E-16
2826.  1.078384E-16
2827.  1.067333E-16
2828.  1.056415E-16
2829.  1.045625E-16
2830.  1.034966E-16
2831.  1.024433E-16
2832.  1.014025E-16
2833.  1.003740E-16
2834.  9.935761E-17
2835.  9.835309E-17
2836.  9.736031E-17
2837.  9.637888E-17
2838.  9.540865E-17
2839.  9.444959E-17
2840.  9.350140E-17
2841.  9.256375E-17
2842.  9.163667E-17
2843.  9.071966E-17
2844.  8.981282E-17
2845.  8.891572E-17
2846.  8.802831E-17
2847.  8.715032E-17
2848.  8.628156E-17
2849.  8.542182E-17
2850.  8.457087E-17
2851.  8.372858E-17
2852.  8.289492E-17
2853.  8.206933E-17
2854.  8.125189E-17
2855.  8.044230E-17
2856.  7.964049E-17
2857.  7.884619E-17
2858.  7.805922E-17
2859.  7.727938E-17
2860.  7.650669E-17
2861.  7.574089E-17
2862.  7.498166E-17
2863.  7.422906E-17
2864.  7.348277E-17
2865.  7.274275E-17
2866.  7.200884E-17
2867.  7.128078E-17
2868.  7.055864E-17
2869.  6.984205E-17
2870.  6.913110E-17
2871.  6.842553E-17
2872.  6.772524E-17
2873.  6.703023E-17
2874.  6.634022E-17
2875.  6.565516E-17
2876.  6.497490E-17
2877.  6.429949E-17
2878.  6.362870E-17
2879.  6.296246E-17
2880.  6.230072E-17
2881.  6.164343E-17
2882.  6.099044E-17
2883.  6.034168E-17
2884.  5.969720E-17
2885.  5.905676E-17
2886.  5.842040E-17
2887.  5.778802E-17
2888.  5.715969E-17
2889.  5.653521E-17
2890.  5.591467E-17
2891.  5.529788E-17
2892.  5.468498E-17
2893.  5.407590E-17
2894.  5.347049E-17
2895.  5.286887E-17
2896.  5.227090E-17
2897.  5.167667E-17
2898.  5.108618E-17
2899.  5.049931E-17
2900.  4.991626E-17
2901.  4.933677E-17
2902.  4.876109E-17
2903.  4.818914E-17
2904.  4.762086E-17
2905.  4.705634E-17
2906.  4.649563E-17
2907.  4.593861E-17
2908.  4.538537E-17
2909.  4.483604E-17
2910.  4.429052E-17
2911.  4.374900E-17
2912.  4.321139E-17
2913.  4.267767E-17
2914.  4.214806E-17
2915.  4.162242E-17
2916.  4.110094E-17
2917.  4.058366E-17
2918.  4.007053E-17
2919.  3.956157E-17
2920.  3.905701E-17
2921.  3.855667E-17
2922.  3.806087E-17
2923.  3.756939E-17
2924.  3.708267E-17
2925.  3.660030E-17
2926.  3.612260E-17
2927.  3.564971E-17
2928.  3.518151E-17
2929.  3.471812E-17
2930.  3.425963E-17
2931.  3.380610E-17
2932.  3.335754E-17
2933.  3.291400E-17
2934.  3.247578E-17
2935.  3.204260E-17
2936.  3.161474E-17
2937.  3.119217E-17
2938.  3.077514E-17
2939.  3.036328E-17
2940.  2.995711E-17
2941.  2.955653E-17
2942.  2.916154E-17
2943.  2.877222E-17
2944.  2.838874E-17
2945.  2.801097E-17
2946.  2.763902E-17
2947.  2.727327E-17
2948.  2.691331E-17
2949.  2.655945E-17
2950.  2.621172E-17
2951.  2.587011E-17
2952.  2.553472E-17
2953.  2.520551E-17
2954.  2.488270E-17
2955.  2.456625E-17
2956.  2.425625E-17
2957.  2.395265E-17
2958.  2.365544E-17
2959.  2.336492E-17
2960.  2.308078E-17
2961.  2.280351E-17
2962.  2.253273E-17
2963.  2.226879E-17
2964.  2.201147E-17
2965.  2.176096E-17
2966.  2.151721E-17
2967.  2.128024E-17
2968.  2.105026E-17
2969.  2.082703E-17
2970.  2.061065E-17
2971.  2.040138E-17
2972.  2.019899E-17
2973.  2.000349E-17
2974.  1.981492E-17
2975.  1.963354E-17
2976.  1.945905E-17
2977.  1.929163E-17
2978.  1.913119E-17
2979.  1.897786E-17
2980.  1.883156E-17
2981.  1.869223E-17
2982.  1.856006E-17
2983.  1.843501E-17
2984.  1.831687E-17
2985.  1.820583E-17
2986.  1.810176E-17
2987.  1.800489E-17
2988.  1.791503E-17
2989.  1.783218E-17
2990.  1.775633E-17
2991.  1.768753E-17
2992.  1.762571E-17
2993.  1.757087E-17
2994.  1.752298E-17
2995.  1.748212E-17
2996.  1.744812E-17
2997.  1.742096E-17
2998.  1.740075E-17
2999.  1.738742E-17
3000.  1.738098E-17
3001.  1.738119E-17
3002.  1.738832E-17
3003.  1.740215E-17
3004.  1.742274E-17
3005.  1.744998E-17
3006.  1.748393E-17
3007.  1.752442E-17
3008.  1.757153E-17
3009.  1.762526E-17
3010.  1.768549E-17
3011.  1.775211E-17
3012.  1.782534E-17
3013.  1.790472E-17
3014.  1.799067E-17
3015.  1.808279E-17
3016.  1.818138E-17
3017.  1.828600E-17
3018.  1.839691E-17
3019.  1.851384E-17
3020.  1.863698E-17
3021.  1.876613E-17
3022.  1.890121E-17
3023.  1.904238E-17
3024.  1.918929E-17
3025.  1.934210E-17
3026.  1.950071E-17
3027.  1.966508E-17
3028.  1.983512E-17
3029.  2.001071E-17
3030.  2.019200E-17
3031.  2.037870E-17
3032.  2.057098E-17
3033.  2.076857E-17
3034.  2.097159E-17
3035.  2.117997E-17
3036.  2.139339E-17
3037.  2.161220E-17
3038.  2.183602E-17
3039.  2.206495E-17
3040.  2.229882E-17
3041.  2.253774E-17
3042.  2.278151E-17
3043.  2.303007E-17
3044.  2.328345E-17
3045.  2.354154E-17
3046.  2.380419E-17
3047.  2.407148E-17
3048.  2.434325E-17
3049.  2.461953E-17
3050.  2.490025E-17
3051.  2.518514E-17
3052.  2.547439E-17
3053.  2.576785E-17
3054.  2.606538E-17
3055.  2.636706E-17
3056.  2.667271E-17
3057.  2.698228E-17
3058.  2.729578E-17
3059.  2.761311E-17
3060.  2.793412E-17
3061.  2.825890E-17
3062.  2.858725E-17
3063.  2.891907E-17
3064.  2.925450E-17
3065.  2.959329E-17
3066.  2.993551E-17
3067.  3.028084E-17
3068.  3.062957E-17
3069.  3.098140E-17
3070.  3.133626E-17
3071.  3.169423E-17
3072.  3.205510E-17
3073.  3.241886E-17
3074.  3.278551E-17
3075.  3.315480E-17
3076.  3.352692E-17
3077.  3.390160E-17
3078.  3.427880E-17
3079.  3.465855E-17
3080.  3.504074E-17
3081.  3.542529E-17
3082.  3.581222E-17
3083.  3.620116E-17
3084.  3.659259E-17
3085.  3.698593E-17
3086.  3.738134E-17
3087.  3.777879E-17
3088.  3.817812E-17
3089.  3.857933E-17
3090.  3.898236E-17
3091.  3.938719E-17
3092.  3.979373E-17
3093.  4.020175E-17
3094.  4.061141E-17
3095.  4.102255E-17
3096.  4.143518E-17
3097.  4.184919E-17
3098.  4.226461E-17
3099.  4.268117E-17
3100.  4.309917E-17
3101.  4.351819E-17
3102.  4.393837E-17
3103.  4.435972E-17
3104.  4.478211E-17
3105.  4.520540E-17
3106.  4.562954E-17
3107.  4.605470E-17
3108.  4.648073E-17
3109.  4.690747E-17
3110.  4.733510E-17
3111.  4.776338E-17
3112.  4.819236E-17
3113.  4.862209E-17
3114.  4.905232E-17
3115.  4.948305E-17
3116.  4.991449E-17
3117.  5.034639E-17
3118.  5.077876E-17
3119.  5.121163E-17
3120.  5.164501E-17
3121.  5.207870E-17
3122.  5.251278E-17
3123.  5.294718E-17
3124.  5.338218E-17
3125.  5.381722E-17
3126.  5.425278E-17
3127.  5.468872E-17
3128.  5.512481E-17
3129.  5.556128E-17
3130.  5.599809E-17
3131.  5.643513E-17
3132.  5.687247E-17
3133.  5.731022E-17
3134.  5.774819E-17
3135.  5.818646E-17
3136.  5.862518E-17
3137.  5.906416E-17
3138.  5.950350E-17
3139.  5.994323E-17
3140.  6.038348E-17
3141.  6.082399E-17
3142.  6.126498E-17
3143.  6.170644E-17
3144.  6.214851E-17
3145.  6.259116E-17
3146.  6.303430E-17
3147.  6.347799E-17
3148.  6.392245E-17
3149.  6.436769E-17
3150.  6.481354E-17
3151.  6.526030E-17
3152.  6.570792E-17
3153.  6.615649E-17
3154.  6.660595E-17
3155.  6.705648E-17
3156.  6.750825E-17
3157.  6.796104E-17
3158.  6.841517E-17
3159.  6.887065E-17
3160.  6.932752E-17
3161.  6.978583E-17
3162.  7.024573E-17
3163.  7.070726E-17
3164.  7.117051E-17
3165.  7.163556E-17
3166.  7.210266E-17
3167.  7.257169E-17
3168.  7.304279E-17
3169.  7.351613E-17
3170.  7.399181E-17
3171.  7.446989E-17
3172.  7.495048E-17
3173.  7.543371E-17
3174.  7.591974E-17
3175.  7.640853E-17
3176.  7.690029E-17
3177.  7.739516E-17
3178.  7.789331E-17
3179.  7.839471E-17
3180.  7.889957E-17
3181.  7.940803E-17
3182.  7.992018E-17
3183.  8.043621E-17
3184.  8.095611E-17
3185.  8.148018E-17
3186.  8.200849E-17
3187.  8.254111E-17
3188.  8.307834E-17
3189.  8.362003E-17
3190.  8.416663E-17
3191.  8.471800E-17
3192.  8.527451E-17
3193.  8.583625E-17
3194.  8.640329E-17
3195.  8.697569E-17
3196.  8.755389E-17
3197.  8.813770E-17
3198.  8.872748E-17
3199.  8.932325E-17
3200.  8.992529E-17
3201.  9.053354E-17
3202.  9.114826E-17
3203.  9.176969E-17
3204.  9.239778E-17
3205.  9.303282E-17
3206.  9.367488E-17
3207.  9.432404E-17
3208.  9.498064E-17
3209.  9.564456E-17
3210.  9.631620E-17
3211.  9.699552E-17
3212.  9.768265E-17
3213.  9.837781E-17
3214.  9.908107E-17
3215.  9.979262E-17
3216.  1.005125E-16
3217.  1.012409E-16
3218.  1.019780E-16
3219.  1.027239E-16
3220.  1.034787E-16
3221.  1.042425E-16
3222.  1.050153E-16
3223.  1.057974E-16
3224.  1.065889E-16
3225.  1.073898E-16
3226.  1.082003E-16
3227.  1.090205E-16
3228.  1.098506E-16
3229.  1.106903E-16
3230.  1.115402E-16
3231.  1.124001E-16
3232.  1.132702E-16
3233.  1.141506E-16
3234.  1.150412E-16
3235.  1.159423E-16
3236.  1.168539E-16
3237.  1.177760E-16
3238.  1.187089E-16
3239.  1.196524E-16
3240.  1.206067E-16
3241.  1.215717E-16
3242.  1.225477E-16
3243.  1.235347E-16
3244.  1.245326E-16
3245.  1.255415E-16
3246.  1.265616E-16
3247.  1.275928E-16
3248.  1.286351E-16
3249.  1.296885E-16
3250.  1.307531E-16
3251.  1.318290E-16
3252.  1.329161E-16
3253.  1.340144E-16
3254.  1.351239E-16
3255.  1.362448E-16
3256.  1.373769E-16
3257.  1.385201E-16
3258.  1.396747E-16
3259.  1.408405E-16
3260.  1.420174E-16
3261.  1.432055E-16
3262.  1.444047E-16
3263.  1.456150E-16
3264.  1.468364E-16
3265.  1.480690E-16
3266.  1.493123E-16
3267.  1.505667E-16
3268.  1.518319E-16
3269.  1.531080E-16
3270.  1.543948E-16
3271.  1.556923E-16
3272.  1.570004E-16
3273.  1.583189E-16
3274.  1.596479E-16
3275.  1.609873E-16
3276.  1.623370E-16
3277.  1.636967E-16
3278.  1.650666E-16
3279.  1.664464E-16
3280.  1.678361E-16
3281.  1.692355E-16
3282.  1.706444E-16
3283.  1.720630E-16
3284.  1.734908E-16
3285.  1.749279E-16
3286.  1.763740E-16
3287.  1.778291E-16
3288.  1.792931E-16
3289.  1.807657E-16
3290.  1.822468E-16
3291.  1.837363E-16
3292.  1.852338E-16
3293.  1.867395E-16
3294.  1.882530E-16
3295.  1.897742E-16
3296.  1.913028E-16
3297.  1.928388E-16
3298.  1.943820E-16
3299.  1.959320E-16
3300.  1.974888E-16
3301.  1.990522E-16
3302.  2.006218E-16
3303.  2.021977E-16
3304.  2.037795E-16
3305.  2.053670E-16
3306.  2.069600E-16
3307.  2.085583E-16
3308.  2.101616E-16
3309.  2.117698E-16
3310.  2.133826E-16
3311.  2.149997E-16
3312.  2.166211E-16
3313.  2.182461E-16
3314.  2.198750E-16
3315.  2.215072E-16
3316.  2.231427E-16
3317.  2.247809E-16
3318.  2.264218E-16
3319.  2.280650E-16
3320.  2.297104E-16
3321.  2.313576E-16
3322.  2.330065E-16
3323.  2.346566E-16
3324.  2.363078E-16
3325.  2.379595E-16
3326.  2.396119E-16
3327.  2.412645E-16
3328.  2.429169E-16
3329.  2.445689E-16
3330.  2.462202E-16
3331.  2.478705E-16
3332.  2.495197E-16
3333.  2.511672E-16
3334.  2.528127E-16
3335.  2.544562E-16
3336.  2.560971E-16
3337.  2.577352E-16
3338.  2.593702E-16
3339.  2.610018E-16
3340.  2.626297E-16
3341.  2.642535E-16
3342.  2.658728E-16
3343.  2.674875E-16
3344.  2.690972E-16
3345.  2.707015E-16
3346.  2.723002E-16
3347.  2.738928E-16
3348.  2.754791E-16
3349.  2.770587E-16
3350.  2.786313E-16
3351.  2.801966E-16
3352.  2.817543E-16
3353.  2.833038E-16
3354.  2.848451E-16
3355.  2.863777E-16
3356.  2.879013E-16
3357.  2.894154E-16
3358.  2.909200E-16
3359.  2.924144E-16
3360.  2.938986E-16
3361.  2.953719E-16
3362.  2.968342E-16
3363.  2.982851E-16
3364.  2.997243E-16
3365.  3.011514E-16
3366.  3.025661E-16
3367.  3.039680E-16
3368.  3.053568E-16
3369.  3.067322E-16
3370.  3.080937E-16
3371.  3.094411E-16
3372.  3.107741E-16
3373.  3.120924E-16
3374.  3.133955E-16
3375.  3.146832E-16
3376.  3.159551E-16
3377.  3.172107E-16
3378.  3.184501E-16
3379.  3.196726E-16
3380.  3.208781E-16
3381.  3.220662E-16
3382.  3.232364E-16
3383.  3.243888E-16
3384.  3.255227E-16
3385.  3.266380E-16
3386.  3.277344E-16
3387.  3.288113E-16
3388.  3.298688E-16
3389.  3.309064E-16
3390.  3.319238E-16
3391.  3.329207E-16
3392.  3.338970E-16
3393.  3.348522E-16
3394.  3.357862E-16
3395.  3.366985E-16
3396.  3.375891E-16
3397.  3.384576E-16
3398.  3.393036E-16
3399.  3.401270E-16
3400.  3.409277E-16
3401.  3.417052E-16
3402.  3.424594E-16
3403.  3.431900E-16
3404.  3.438969E-16
3405.  3.445797E-16
3406.  3.452382E-16
3407.  3.458725E-16
3408.  3.464820E-16
3409.  3.470667E-16
3410.  3.476264E-16
3411.  3.481608E-16
3412.  3.486700E-16
3413.  3.491536E-16
3414.  3.496115E-16
3415.  3.500434E-16
3416.  3.504496E-16
3417.  3.508294E-16
3418.  3.511831E-16
3419.  3.515103E-16
3420.  3.518110E-16
3421.  3.520851E-16
3422.  3.523325E-16
3423.  3.525530E-16
3424.  3.527466E-16
3425.  3.529134E-16
3426.  3.530530E-16
3427.  3.531656E-16
3428.  3.532509E-16
3429.  3.533092E-16
3430.  3.533402E-16
3431.  3.533439E-16
3432.  3.533204E-16
3433.  3.532695E-16
3434.  3.531913E-16
3435.  3.530859E-16
3436.  3.529533E-16
3437.  3.527934E-16
3438.  3.526063E-16
3439.  3.523920E-16
3440.  3.521507E-16
3441.  3.518823E-16
3442.  3.515869E-16
3443.  3.512646E-16
3444.  3.509155E-16
3445.  3.505396E-16
3446.  3.501372E-16
3447.  3.497082E-16
3448.  3.492529E-16
3449.  3.487712E-16
3450.  3.482634E-16
3451.  3.477297E-16
3452.  3.471700E-16
3453.  3.465847E-16
3454.  3.459740E-16
3455.  3.453378E-16
3456.  3.446765E-16
3457.  3.439903E-16
3458.  3.432793E-16
3459.  3.425437E-16
3460.  3.417838E-16
3461.  3.409997E-16
3462.  3.401918E-16
3463.  3.393601E-16
3464.  3.385052E-16
3465.  3.376268E-16
3466.  3.367257E-16
3467.  3.358019E-16
3468.  3.348557E-16
3469.  3.338872E-16
3470.  3.328971E-16
3471.  3.318854E-16
3472.  3.308522E-16
3473.  3.297982E-16
3474.  3.287236E-16
3475.  3.276285E-16
3476.  3.265133E-16
3477.  3.253784E-16
3478.  3.242240E-16
3479.  3.230506E-16
3480.  3.218583E-16
3481.  3.206476E-16
3482.  3.194187E-16
3483.  3.181722E-16
3484.  3.169081E-16
3485.  3.156268E-16
3486.  3.143289E-16
3487.  3.130147E-16
3488.  3.116842E-16
3489.  3.103381E-16
3490.  3.089767E-16
3491.  3.076003E-16
3492.  3.062093E-16
3493.  3.048040E-16
3494.  3.033847E-16
3495.  3.019520E-16
3496.  3.005062E-16
3497.  2.990473E-16
3498.  2.975761E-16
3499.  2.960929E-16
3500.  2.945980E-16
3501.  2.930917E-16
3502.  2.915744E-16
3503.  2.900465E-16
3504.  2.885083E-16
3505.  2.869603E-16
3506.  2.854027E-16
3507.  2.838360E-16
3508.  2.822603E-16
3509.  2.806763E-16
3510.  2.790842E-16
3511.  2.774843E-16
3512.  2.758771E-16
3513.  2.742628E-16
3514.  2.726417E-16
3515.  2.710144E-16
3516.  2.693810E-16
3517.  2.677420E-16
3518.  2.660977E-16
3519.  2.644483E-16
3520.  2.627941E-16
3521.  2.611358E-16
3522.  2.594734E-16
3523.  2.578072E-16
3524.  2.561376E-16
3525.  2.544650E-16
3526.  2.527896E-16
3527.  2.511117E-16
3528.  2.494317E-16
3529.  2.477496E-16
3530.  2.460662E-16
3531.  2.443812E-16
3532.  2.426953E-16
3533.  2.410088E-16
3534.  2.393216E-16
3535.  2.376343E-16
3536.  2.359469E-16
3537.  2.342600E-16
3538.  2.325735E-16
3539.  2.308878E-16
3540.  2.292032E-16
3541.  2.275199E-16
3542.  2.258381E-16
3543.  2.241580E-16
3544.  2.224799E-16
3545.  2.208041E-16
3546.  2.191305E-16
3547.  2.174596E-16
3548.  2.157915E-16
3549.  2.141264E-16
3550.  2.124644E-16
3551.  2.108059E-16
3552.  2.091509E-16
3553.  2.074997E-16
3554.  2.058523E-16
3555.  2.042091E-16
3556.  2.025701E-16
3557.  2.009356E-16
3558.  1.993054E-16
3559.  1.976801E-16
3560.  1.960597E-16
3561.  1.944441E-16
3562.  1.928337E-16
3563.  1.912285E-16
3564.  1.896287E-16
3565.  1.880345E-16
3566.  1.864459E-16
3567.  1.848630E-16
3568.  1.832860E-16
3569.  1.817148E-16
3570.  1.801498E-16
3571.  1.785908E-16
3572.  1.770382E-16
3573.  1.754918E-16
3574.  1.739519E-16
3575.  1.724185E-16
3576.  1.708916E-16
3577.  1.693716E-16
3578.  1.678581E-16
3579.  1.663515E-16
3580.  1.648518E-16
3581.  1.633589E-16
3582.  1.618730E-16
3583.  1.603943E-16
3584.  1.589226E-16
3585.  1.574582E-16
3586.  1.560008E-16
3587.  1.545508E-16
3588.  1.531081E-16
3589.  1.516729E-16
3590.  1.502449E-16
3591.  1.488244E-16
3592.  1.474114E-16
3593.  1.460059E-16
3594.  1.446080E-16
3595.  1.432175E-16
3596.  1.418350E-16
3597.  1.404599E-16
3598.  1.390924E-16
3599.  1.377328E-16
3600.  1.363807E-16
3601.  1.350366E-16
3602.  1.337003E-16
3603.  1.323717E-16
3604.  1.310510E-16
3605.  1.297380E-16
3606.  1.284331E-16
3607.  1.271359E-16
3608.  1.258468E-16
3609.  1.245654E-16
3610.  1.232922E-16
3611.  1.220268E-16
3612.  1.207695E-16
3613.  1.195201E-16
3614.  1.182789E-16
3615.  1.170456E-16
3616.  1.158204E-16
3617.  1.146032E-16
3618.  1.133943E-16
3619.  1.121932E-16
3620.  1.110004E-16
3621.  1.098158E-16
3622.  1.086393E-16
3623.  1.074710E-16
3624.  1.063109E-16
3625.  1.051589E-16
3626.  1.040153E-16
3627.  1.028797E-16
3628.  1.017525E-16
3629.  1.006335E-16
3630.  9.952283E-17
3631.  9.842042E-17
3632.  9.732626E-17
3633.  9.624057E-17
3634.  9.516314E-17
3635.  9.409406E-17
3636.  9.303343E-17
3637.  9.198104E-17
3638.  9.093720E-17
3639.  8.990166E-17
3640.  8.887459E-17
3641.  8.785604E-17
3642.  8.684582E-17
3643.  8.584411E-17
3644.  8.485093E-17
3645.  8.386623E-17
3646.  8.288997E-17
3647.  8.192229E-17
3648.  8.096315E-17
3649.  8.001260E-17
3650.  7.907053E-17
3651.  7.813708E-17
3652.  7.721221E-17
3653.  7.629595E-17
3654.  7.538817E-17
3655.  7.448910E-17
3656.  7.359859E-17
3657.  7.271676E-17
3658.  7.184361E-17
3659.  7.097902E-17
3660.  7.012288E-17
3661.  6.927570E-17
3662.  6.843693E-17
3663.  6.760696E-17
3664.  6.678548E-17
3665.  6.597273E-17
3666.  6.516855E-17
3667.  6.437297E-17
3668.  6.358623E-17
3669.  6.280782E-17
3670.  6.203831E-17
3671.  6.127728E-17
3672.  6.052487E-17
3673.  5.978103E-17
3674.  5.904579E-17
3675.  5.831908E-17
3676.  5.760084E-17
3677.  5.689121E-17
3678.  5.619010E-17
3679.  5.549746E-17
3680.  5.481328E-17
3681.  5.413748E-17
3682.  5.347015E-17
3683.  5.281127E-17
3684.  5.216063E-17
3685.  5.151846E-17
3686.  5.088449E-17
3687.  5.025878E-17
3688.  4.964122E-17
3689.  4.903191E-17
3690.  4.843081E-17
3691.  4.783775E-17
3692.  4.725283E-17
3693.  4.667591E-17
3694.  4.610690E-17
3695.  4.554586E-17
3696.  4.499269E-17
3697.  4.444732E-17
3698.  4.390980E-17
3699.  4.337987E-17
3700.  4.285764E-17
3701.  4.234306E-17
3702.  4.183612E-17
3703.  4.133645E-17
3704.  4.084424E-17
3705.  4.035951E-17
3706.  3.988196E-17
3707.  3.941163E-17
3708.  3.894845E-17
3709.  3.849231E-17
3710.  3.804322E-17
3711.  3.760107E-17
3712.  3.716573E-17
3713.  3.673720E-17
3714.  3.631532E-17
3715.  3.590016E-17
3716.  3.549140E-17
3717.  3.508917E-17
3718.  3.469326E-17
3719.  3.430368E-17
3720.  3.392031E-17
3721.  3.354297E-17
3722.  3.317173E-17
3723.  3.280649E-17
3724.  3.244705E-17
3725.  3.209340E-17
3726.  3.174530E-17
3727.  3.140282E-17
3728.  3.106589E-17
3729.  3.073434E-17
3730.  3.040807E-17
3731.  3.008709E-17
3732.  2.977116E-17
3733.  2.946022E-17
3734.  2.915434E-17
3735.  2.885315E-17
3736.  2.855679E-17
3737.  2.826500E-17
3738.  2.797786E-17
3739.  2.769512E-17
3740.  2.741683E-17
3741.  2.714270E-17
3742.  2.687270E-17
3743.  2.660682E-17
3744.  2.634505E-17
3745.  2.608702E-17
3746.  2.583285E-17
3747.  2.558238E-17
3748.  2.533561E-17
3749.  2.509223E-17
3750.  2.485232E-17
3751.  2.461585E-17
3752.  2.438253E-17
3753.  2.415241E-17
3754.  2.392529E-17
3755.  2.370130E-17
3756.  2.348009E-17
3757.  2.326171E-17
3758.  2.304609E-17
3759.  2.283318E-17
3760.  2.262277E-17
3761.  2.241483E-17
3762.  2.220937E-17
3763.  2.200616E-17
3764.  2.180526E-17
3765.  2.160643E-17
3766.  2.140976E-17
3767.  2.121504E-17
3768.  2.102240E-17
3769.  2.083160E-17
3770.  2.064259E-17
3771.  2.045528E-17
3772.  2.026971E-17
3773.  2.008565E-17
3774.  1.990320E-17
3775.  1.972213E-17
3776.  1.954258E-17
3777.  1.936438E-17
3778.  1.918747E-17
3779.  1.901173E-17
3780.  1.883719E-17
3781.  1.866382E-17
3782.  1.849150E-17
3783.  1.832017E-17
3784.  1.814994E-17
3785.  1.798055E-17
3786.  1.781204E-17
3787.  1.764431E-17
3788.  1.747744E-17
3789.  1.731133E-17
3790.  1.714584E-17
3791.  1.698111E-17
3792.  1.681681E-17
3793.  1.665328E-17
3794.  1.649025E-17
3795.  1.632777E-17
3796.  1.616573E-17
3797.  1.600411E-17
3798.  1.584298E-17
3799.  1.568220E-17
3800.  1.552185E-17
3801.  1.536181E-17
3802.  1.520210E-17
3803.  1.504266E-17
3804.  1.488349E-17
3805.  1.472454E-17
3806.  1.456578E-17
3807.  1.440728E-17
3808.  1.424901E-17
3809.  1.409090E-17
3810.  1.393297E-17
3811.  1.377510E-17
3812.  1.361743E-17
3813.  1.345982E-17
3814.  1.330233E-17
3815.  1.314496E-17
3816.  1.298759E-17
3817.  1.283039E-17
3818.  1.267321E-17
3819.  1.251602E-17
3820.  1.235899E-17
3821.  1.220197E-17
3822.  1.204493E-17
3823.  1.188796E-17
3824.  1.173094E-17
3825.  1.157398E-17
3826.  1.141714E-17
3827.  1.126014E-17
3828.  1.110333E-17
3829.  1.094638E-17
3830.  1.078958E-17
3831.  1.063262E-17
3832.  1.047577E-17
3833.  1.031893E-17
3834.  1.016211E-17
3835.  1.000517E-17
3836.  9.848411E-18
3837.  9.691516E-18
3838.  9.534721E-18
3839.  9.377904E-18
3840.  9.221082E-18
3841.  9.064186E-18
3842.  8.907475E-18
3843.  8.750631E-18
3844.  8.593952E-18
3845.  8.437181E-18
3846.  8.280412E-18
3847.  8.123781E-18
3848.  7.967124E-18
3849.  7.810465E-18
3850.  7.653878E-18
3851.  7.497279E-18
3852.  7.340831E-18
3853.  7.184293E-18
3854.  7.027829E-18
3855.  6.871351E-18
3856.  6.714969E-18
3857.  6.558704E-18
3858.  6.402477E-18
3859.  6.246320E-18
3860.  6.090217E-18
3861.  5.934075E-18
3862.  5.778068E-18
3863.  5.622132E-18
3864.  5.466244E-18
3865.  5.310425E-18
3866.  5.154763E-18
3867.  4.999074E-18
3868.  4.843594E-18
3869.  4.688080E-18
3870.  4.532641E-18
3871.  4.377372E-18
3872.  4.222199E-18
3873.  4.067055E-18
3874.  3.912052E-18
3875.  3.757130E-18
3876.  3.602414E-18
3877.  3.447720E-18
3878.  3.293151E-18
3879.  3.138756E-18
3880.  2.984468E-18
3881.  2.830285E-18
3882.  2.676254E-18
3883.  2.522341E-18
3884.  2.368589E-18
3885.  2.215053E-18
3886.  2.061606E-18
3887.  1.908388E-18
3888.  1.755297E-18
3889.  1.602408E-18
3890.  1.449751E-18
3891.  1.297244E-18
3892.  1.145017E-18
3893.  9.928881E-19
3894.  8.410318E-19
3895.  6.895083E-19
3896.  5.381725E-19
3897.  3.871730E-19
3898.  2.364187E-19
3899.  8.594605E-20
3900.  -6.425036E-20
3901.  -2.140519E-19
3902.  -3.635519E-19
3903.  -5.127071E-19
3904.  -6.614376E-19
3905.  -8.098129E-19
3906.  -9.577354E-19
3907.  -1.105220E-18
3908.  -1.252246E-18
3909.  -1.398777E-18
3910.  -1.544867E-18
3911.  -1.690392E-18
3912.  -1.835328E-18
3913.  -1.979669E-18
3914.  -2.123414E-18
3915.  -2.266583E-18
3916.  -2.409056E-18
3917.  -2.550754E-18
3918.  -2.691844E-18
3919.  -2.832014E-18
3920.  -2.971512E-18
3921.  -3.110097E-18
3922.  -3.247766E-18
3923.  -3.384663E-18
3924.  -3.520435E-18
3925.  -3.655333E-18
3926.  -3.789125E-18
3927.  -3.921863E-18
3928.  -4.053443E-18
3929.  -4.183896E-18
3930.  -4.313020E-18
3931.  -4.440981E-18
3932.  -4.567627E-18
3933.  -4.692872E-18
3934.  -4.816694E-18
3935.  -4.938999E-18
3936.  -5.059792E-18
3937.  -5.179081E-18
3938.  -5.296555E-18
3939.  -5.412433E-18
3940.  -5.526561E-18
3941.  -5.638734E-18
3942.  -5.749088E-18
3943.  -5.857562E-18
3944.  -5.963943E-18
3945.  -6.068275E-18
3946.  -6.170436E-18
3947.  -6.270417E-18
3948.  -6.368011E-18
3949.  -6.463323E-18
3950.  -6.556183E-18
3951.  -6.646558E-18
3952.  -6.734284E-18
3953.  -6.819438E-18
3954.  -6.901820E-18
3955.  -6.981426E-18
3956.  -7.058079E-18
3957.  -7.131877E-18
3958.  -7.202513E-18
3959.  -7.270180E-18
3960.  -7.334565E-18
3961.  -7.395719E-18
3962.  -7.453428E-18
3963.  -7.507878E-18
3964.  -7.558632E-18
3965.  -7.605862E-18
3966.  -7.649356E-18
3967.  -7.689195E-18
3968.  -7.725068E-18
3969.  -7.757153E-18
3970.  -7.785098E-18
3971.  -7.808933E-18
3972.  -7.828733E-18
3973.  -7.844198E-18
3974.  -7.855294E-18
3975.  -7.861940E-18
3976.  -7.864103E-18
3977.  -7.861751E-18
3978.  -7.854589E-18
3979.  -7.842743E-18
3980.  -7.826071E-18
3981.  -7.804512E-18
3982.  -7.777938E-18
3983.  -7.746315E-18
3984.  -7.709596E-18
3985.  -7.667504E-18
3986.  -7.620208E-18
3987.  -7.567409E-18
3988.  -7.509314E-18
3989.  -7.445664E-18
3990.  -7.376378E-18
3991.  -7.301477E-18
3992.  -7.220815E-18
3993.  -7.134362E-18
3994.  -7.042139E-18
3995.  -6.943826E-18
3996.  -6.839614E-18
3997.  -6.729357E-18
3998.  -6.613120E-18
3999.  -6.490500E-18
4000.  -6.361719E-18
4001.  -6.226803E-18
4002.  -6.085411E-18
4003.  -5.937722E-18
4004.  -5.783573E-18
4005.  -5.623027E-18
4006.  -5.455904E-18
4007.  -5.282231E-18
4008.  -5.102085E-18
4009.  -4.915264E-18
4010.  -4.721854E-18
4011.  -4.521697E-18
4012.  -4.314822E-18
4013.  -4.101268E-18
4014.  -3.881013E-18
4015.  -3.653843E-18
4016.  -3.420041E-18
4017.  -3.179411E-18
4018.  -2.931956E-18
4019.  -2.677642E-18
4020.  -2.416577E-18
4021.  -2.148814E-18
4022.  -1.874067E-18
4023.  -1.592563E-18
4024.  -1.304179E-18
4025.  -1.009047E-18
4026.  -7.071955E-19
4027.  -3.985930E-19
4028.  -8.314486E-20
4029.  2.389547E-19
4030.  5.677042E-19
4031.  9.031210E-19
4032.  1.245204E-18
4033.  1.593876E-18
4034.  1.949159E-18
4035.  2.310844E-18
4036.  2.679039E-18
4037.  3.053627E-18
4038.  3.434617E-18
4039.  3.821799E-18
4040.  4.215435E-18
4041.  4.615105E-18
4042.  5.020977E-18
4043.  5.432781E-18
4044.  5.850689E-18
4045.  6.274510E-18
4046.  6.704081E-18
4047.  7.139479E-18
4048.  7.580492E-18
4049.  8.027194E-18
4050.  8.479250E-18
4051.  8.936899E-18
4052.  9.399795E-18
4053.  9.867791E-18
4054.  1.034103E-17
4055.  1.081929E-17
4056.  1.130245E-17
4057.  1.179043E-17
4058.  1.228313E-17
4059.  1.278048E-17
4060.  1.328217E-17
4061.  1.378840E-17
4062.  1.429873E-17
4063.  1.481331E-17
4064.  1.533176E-17
4065.  1.585433E-17
4066.  1.638046E-17
4067.  1.691040E-17
4068.  1.744376E-17
4069.  1.798057E-17
4070.  1.852065E-17
4071.  1.906377E-17
4072.  1.960994E-17
4073.  2.015898E-17
4074.  2.071082E-17
4075.  2.126511E-17
4076.  2.182187E-17
4077.  2.238115E-17
4078.  2.294255E-17
4079.  2.350590E-17
4080.  2.407121E-17
4081.  2.463831E-17
4082.  2.520705E-17
4083.  2.577722E-17
4084.  2.634893E-17
4085.  2.692173E-17
4086.  2.749563E-17
4087.  2.807045E-17
4088.  2.864618E-17
4089.  2.922254E-17
4090.  2.979951E-17
4091.  3.037677E-17
4092.  3.095441E-17
4093.  3.153217E-17
4094.  3.210992E-17
4095.  3.268763E-17
4096.  3.326493E-17
4097.  3.384199E-17
4098.  3.441853E-17
4099.  3.499437E-17
4100.  3.556957E-17
4101.  3.614384E-17
4102.  3.671720E-17
4103.  3.728939E-17
4104.  3.786042E-17
4105.  3.843006E-17
4106.  3.899840E-17
4107.  3.956502E-17
4108.  4.013018E-17
4109.  4.069345E-17
4110.  4.125499E-17
4111.  4.181447E-17
4112.  4.237202E-17
4113.  4.292739E-17
4114.  4.348059E-17
4115.  4.403151E-17
4116.  4.458014E-17
4117.  4.512609E-17
4118.  4.566966E-17
4119.  4.621063E-17
4120.  4.674894E-17
4121.  4.728446E-17
4122.  4.781733E-17
4123.  4.834728E-17
4124.  4.887442E-17
4125.  4.939851E-17
4126.  4.991963E-17
4127.  5.043778E-17
4128.  5.095288E-17
4129.  5.146488E-17
4130.  5.197368E-17
4131.  5.247948E-17
4132.  5.298200E-17
4133.  5.348142E-17
4134.  5.397767E-17
4135.  5.447076E-17
4136.  5.496064E-17
4137.  5.544733E-17
4138.  5.593082E-17
4139.  5.641110E-17
4140.  5.688820E-17
4141.  5.736220E-17
4142.  5.783319E-17
4143.  5.830103E-17
4144.  5.876590E-17
4145.  5.922765E-17
4146.  5.968649E-17
4147.  6.014236E-17
4148.  6.059541E-17
4149.  6.104567E-17
4150.  6.149309E-17
4151.  6.193798E-17
4152.  6.238014E-17
4153.  6.281978E-17
4154.  6.325703E-17
4155.  6.369177E-17
4156.  6.412428E-17
4157.  6.455463E-17
4158.  6.498285E-17
4159.  6.540905E-17
4160.  6.583329E-17
4161.  6.625576E-17
4162.  6.667661E-17
4163.  6.709584E-17
4164.  6.751361E-17
4165.  6.793006E-17
4166.  6.834533E-17
4167.  6.875948E-17
4168.  6.917279E-17
4169.  6.958529E-17
4170.  6.999714E-17
4171.  7.040836E-17
4172.  7.081930E-17
4173.  7.123006E-17
4174.  7.164062E-17
4175.  7.205145E-17
4176.  7.246247E-17
4177.  7.287399E-17
4178.  7.328599E-17
4179.  7.369876E-17
4180.  7.411254E-17
4181.  7.452731E-17
4182.  7.494348E-17
4183.  7.536104E-17
4184.  7.578027E-17
4185.  7.620131E-17
4186.  7.662433E-17
4187.  7.704958E-17
4188.  7.747715E-17
4189.  7.790732E-17
4190.  7.834036E-17
4191.  7.877617E-17
4192.  7.921523E-17
4193.  7.965763E-17
4194.  8.010352E-17
4195.  8.055317E-17
4196.  8.100669E-17
4197.  8.146439E-17
4198.  8.192640E-17
4199.  8.239289E-17
4200.  8.286403E-17
4201.  8.334009E-17
4202.  8.382134E-17
4203.  8.430782E-17
4204.  8.479975E-17
4205.  8.529742E-17
4206.  8.580094E-17
4207.  8.631053E-17
4208.  8.682640E-17
4209.  8.734869E-17
4210.  8.787756E-17
4211.  8.841329E-17
4212.  8.895604E-17
4213.  8.950596E-17
4214.  9.006327E-17
4215.  9.062795E-17
4216.  9.120043E-17
4217.  9.178084E-17
4218.  9.236922E-17
4219.  9.296584E-17
4220.  9.357086E-17
4221.  9.418432E-17
4222.  9.480660E-17
4223.  9.543763E-17
4224.  9.607760E-17
4225.  9.672672E-17
4226.  9.738511E-17
4227.  9.805293E-17
4228.  9.873020E-17
4229.  9.941720E-17
4230.  1.001139E-16
4231.  1.008205E-16
4232.  1.015372E-16
4233.  1.022638E-16
4234.  1.030008E-16
4235.  1.037480E-16
4236.  1.045056E-16
4237.  1.052736E-16
4238.  1.060522E-16
4239.  1.068414E-16
4240.  1.076413E-16
4241.  1.084519E-16
4242.  1.092733E-16
4243.  1.101055E-16
4244.  1.109487E-16
4245.  1.118027E-16
4246.  1.126676E-16
4247.  1.135435E-16
4248.  1.144303E-16
4249.  1.153281E-16
4250.  1.162369E-16
4251.  1.171566E-16
4252.  1.180872E-16
4253.  1.190288E-16
4254.  1.199811E-16
4255.  1.209444E-16
4256.  1.219185E-16
4257.  1.229032E-16
4258.  1.238986E-16
4259.  1.249047E-16
4260.  1.259212E-16
4261.  1.269482E-16
4262.  1.279856E-16
4263.  1.290332E-16
4264.  1.300909E-16
4265.  1.311586E-16
4266.  1.322362E-16
4267.  1.333235E-16
4268.  1.344205E-16
4269.  1.355269E-16
4270.  1.366427E-16
4271.  1.377676E-16
4272.  1.389015E-16
4273.  1.400443E-16
4274.  1.411955E-16
4275.  1.423553E-16
4276.  1.435233E-16
4277.  1.446992E-16
4278.  1.458830E-16
4279.  1.470743E-16
4280.  1.482730E-16
4281.  1.494788E-16
4282.  1.506915E-16
4283.  1.519108E-16
4284.  1.531364E-16
4285.  1.543681E-16
4286.  1.556056E-16
4287.  1.568487E-16
4288.  1.580969E-16
4289.  1.593503E-16
4290.  1.606083E-16
4291.  1.618706E-16
4292.  1.631370E-16
4293.  1.644072E-16
4294.  1.656808E-16
4295.  1.669574E-16
4296.  1.682371E-16
4297.  1.695189E-16
4298.  1.708030E-16
4299.  1.720888E-16
4300.  1.733760E-16
4301.  1.746643E-16
4302.  1.759534E-16
4303.  1.772428E-16
4304.  1.785322E-16
4305.  1.798212E-16
4306.  1.811094E-16
4307.  1.823966E-16
4308.  1.836823E-16
4309.  1.849661E-16
4310.  1.862477E-16
4311.  1.875266E-16
4312.  1.888026E-16
4313.  1.900752E-16
4314.  1.913440E-16
4315.  1.926087E-16
4316.  1.938686E-16
4317.  1.951238E-16
4318.  1.963735E-16
4319.  1.976176E-16
4320.  1.988555E-16
4321.  2.000870E-16
4322.  2.013114E-16
4323.  2.025287E-16
4324.  2.037382E-16
4325.  2.049397E-16
4326.  2.061327E-16
4327.  2.073168E-16
4328.  2.084918E-16
4329.  2.096571E-16
4330.  2.108124E-16
4331.  2.119573E-16
4332.  2.130914E-16
4333.  2.142146E-16
4334.  2.153262E-16
4335.  2.164258E-16
4336.  2.175132E-16
4337.  2.185880E-16
4338.  2.196499E-16
4339.  2.206984E-16
4340.  2.217334E-16
4341.  2.227542E-16
4342.  2.237608E-16
4343.  2.247525E-16
4344.  2.257293E-16
4345.  2.266907E-16
4346.  2.276365E-16
4347.  2.285662E-16
4348.  2.294796E-16
4349.  2.303763E-16
4350.  2.312562E-16
4351.  2.321188E-16
4352.  2.329639E-16
4353.  2.337910E-16
4354.  2.346002E-16
4355.  2.353910E-16
4356.  2.361631E-16
4357.  2.369163E-16
4358.  2.376503E-16
4359.  2.383650E-16
4360.  2.390599E-16
4361.  2.397349E-16
4362.  2.403898E-16
4363.  2.410244E-16
4364.  2.416384E-16
4365.  2.422316E-16
4366.  2.428039E-16
4367.  2.433549E-16
4368.  2.438847E-16
4369.  2.443928E-16
4370.  2.448792E-16
4371.  2.453437E-16
4372.  2.457861E-16
4373.  2.462063E-16
4374.  2.466042E-16
4375.  2.469796E-16
4376.  2.473324E-16
4377.  2.476624E-16
4378.  2.479696E-16
4379.  2.482537E-16
4380.  2.485148E-16
4381.  2.487528E-16
4382.  2.489674E-16
4383.  2.491588E-16
4384.  2.493267E-16
4385.  2.494710E-16
4386.  2.495920E-16
4387.  2.496893E-16
4388.  2.497630E-16
4389.  2.498130E-16
4390.  2.498393E-16
4391.  2.498418E-16
4392.  2.498208E-16
4393.  2.497758E-16
4394.  2.497072E-16
4395.  2.496148E-16
4396.  2.494986E-16
4397.  2.493589E-16
4398.  2.491955E-16
4399.  2.490083E-16
4400.  2.487976E-16
4401.  2.485632E-16
4402.  2.483054E-16
4403.  2.480242E-16
4404.  2.477196E-16
4405.  2.473916E-16
4406.  2.470403E-16
4407.  2.466661E-16
4408.  2.462687E-16
4409.  2.458483E-16
4410.  2.454052E-16
4411.  2.449392E-16
4412.  2.444506E-16
4413.  2.439396E-16
4414.  2.434061E-16
4415.  2.428504E-16
4416.  2.422725E-16
4417.  2.416728E-16
4418.  2.410512E-16
4419.  2.404078E-16
4420.  2.397431E-16
4421.  2.390570E-16
4422.  2.383496E-16
4423.  2.376213E-16
4424.  2.368722E-16
4425.  2.361024E-16
4426.  2.353123E-16
4427.  2.345018E-16
4428.  2.336712E-16
4429.  2.328210E-16
4430.  2.319510E-16
4431.  2.310616E-16
4432.  2.301530E-16
4433.  2.292254E-16
4434.  2.282791E-16
4435.  2.273141E-16
4436.  2.263310E-16
4437.  2.253297E-16
4438.  2.243107E-16
4439.  2.232739E-16
4440.  2.222201E-16
4441.  2.211490E-16
4442.  2.200611E-16
4443.  2.189567E-16
4444.  2.178360E-16
4445.  2.166992E-16
4446.  2.155467E-16
4447.  2.143787E-16
4448.  2.131954E-16
4449.  2.119973E-16
4450.  2.107846E-16
4451.  2.095574E-16
4452.  2.083159E-16
4453.  2.070609E-16
4454.  2.057924E-16
4455.  2.045105E-16
4456.  2.032159E-16
4457.  2.019085E-16
4458.  2.005888E-16
4459.  1.992572E-16
4460.  1.979138E-16
4461.  1.965590E-16
4462.  1.951932E-16
4463.  1.938165E-16
4464.  1.924294E-16
4465.  1.910322E-16
4466.  1.896250E-16
4467.  1.882083E-16
4468.  1.867825E-16
4469.  1.853476E-16
4470.  1.839044E-16
4471.  1.824527E-16
4472.  1.809932E-16
4473.  1.795261E-16
4474.  1.780516E-16
4475.  1.765701E-16
4476.  1.750821E-16
4477.  1.735877E-16
4478.  1.720873E-16
4479.  1.705813E-16
4480.  1.690699E-16
4481.  1.675535E-16
4482.  1.660323E-16
4483.  1.645069E-16
4484.  1.629772E-16
4485.  1.614440E-16
4486.  1.599072E-16
4487.  1.583675E-16
4488.  1.568249E-16
4489.  1.552799E-16
4490.  1.537327E-16
4491.  1.521838E-16
4492.  1.506334E-16
4493.  1.490818E-16
4494.  1.475293E-16
4495.  1.459762E-16
4496.  1.444229E-16
4497.  1.428696E-16
4498.  1.413168E-16
4499.  1.397646E-16
4500.  1.382134E-16
