1.  -7.055938E-23
2.  1.207747E-23
3.  -1.392512E-22
4.  -1.196787E-22
5.  -1.672509E-23
6.  2.012157E-24
7.  5.345981E-23
8.  -5.547283E-23
9.  -1.260207E-22
10.  -1.002664E-22
11.  -7.941776E-23
12.  -1.412984E-23
13.  -5.591687E-23
14.  -1.181408E-22
15.  -6.623015E-23
16.  -6.978548E-24
17.  -1.210334E-22
18.  -8.454163E-23
19.  -3.023374E-23
20.  -8.201339E-23
21.  3.196537E-23
22.  -2.621675E-23
23.  -9.435094E-23
24.  -7.146884E-23
25.  -4.413658E-24
26.  -1.997406E-22
27.  -6.778301E-23
28.  -1.533850E-22
29.  -6.089317E-23
30.  -6.499878E-23
31.  -6.515086E-23
32.  1.997673E-23
33.  -9.614299E-23
34.  -2.445796E-23
35.  -9.576389E-23
36.  -9.975756E-23
37.  -5.545615E-23
38.  -1.137955E-22
39.  -8.255171E-23
40.  -1.211622E-22
41.  -1.709952E-22
42.  -4.755895E-23
43.  -7.059295E-23
44.  -8.273022E-23
45.  -2.275913E-23
46.  -1.703225E-22
47.  -1.290737E-22
48.  -2.120105E-24
49.  -1.857305E-22
50.  1.096706E-25
51.  -1.824420E-22
52.  -9.719593E-23
53.  -1.648637E-23
54.  -2.299357E-22
55.  -1.206738E-22
56.  -1.814795E-22
57.  -1.703947E-22
58.  -2.047469E-22
59.  -1.373949E-22
60.  -1.128564E-22
61.  -1.709156E-22
62.  -1.620934E-22
63.  -1.928300E-22
64.  -7.112641E-23
65.  -1.877202E-22
66.  -1.438511E-22
67.  -9.416430E-23
68.  -7.690493E-23
69.  -9.810500E-23
70.  -1.753764E-22
71.  -1.947427E-22
72.  -1.771154E-22
73.  -4.773968E-23
74.  -1.073804E-22
75.  -1.877551E-22
76.  -1.975912E-22
77.  -2.182810E-25
78.  -1.199676E-22
79.  -1.404778E-22
80.  -3.942075E-23
81.  -1.671589E-22
82.  -9.990898E-23
83.  -4.638282E-23
84.  -1.083454E-22
85.  -1.375621E-22
86.  -6.804661E-23
87.  -1.297545E-22
88.  -2.070481E-22
89.  -1.712220E-22
90.  -1.261977E-22
91.  -1.749807E-22
92.  -1.167419E-22
93.  -1.001181E-22
94.  -8.376923E-23
95.  -2.418770E-23
96.  -5.130263E-23
97.  -8.986123E-23
98.  -4.021200E-23
99.  -1.362096E-22
100.  -5.442303E-23
101.  -9.665263E-23
102.  -2.068036E-22
103.  -1.316952E-22
104.  -1.071119E-22
105.  -1.027190E-22
106.  -9.768976E-23
107.  -5.476275E-23
108.  -1.023666E-22
109.  -5.171676E-23
110.  -4.766121E-23
111.  -3.544100E-23
112.  4.659121E-23
113.  -9.253896E-23
114.  -8.491743E-23
115.  -5.734653E-23
116.  -9.647643E-23
117.  -9.760589E-24
118.  -8.928070E-23
119.  -2.329135E-23
120.  -8.597127E-23
121.  -1.351981E-22
122.  -1.297376E-22
123.  -6.013294E-23
124.  -1.079104E-22
125.  -2.786458E-23
126.  -1.258672E-22
127.  -1.175259E-22
128.  -5.374821E-23
129.  -1.545371E-22
130.  -7.288845E-23
131.  -1.248703E-22
132.  -1.062823E-22
133.  -9.513267E-23
134.  -1.863400E-22
135.  -1.439135E-22
136.  -1.822705E-22
137.  -1.429444E-22
138.  -1.355788E-22
139.  -7.926681E-23
140.  -1.762256E-22
141.  -8.897009E-23
142.  -7.820713E-23
143.  -1.020301E-22
144.  -1.505203E-24
145.  -1.756191E-22
146.  -6.988988E-23
147.  -1.484795E-22
148.  -3.151782E-23
149.  -1.152351E-22
150.  -1.270725E-22
151.  -8.439676E-24
152.  -6.767212E-23
153.  -1.347734E-22
154.  -1.143387E-22
155.  -9.359246E-23
156.  -1.946415E-22
157.  -8.998586E-23
158.  -1.985085E-22
159.  -5.933720E-23
160.  -1.055030E-22
161.  -1.190487E-22
162.  -3.519811E-23
163.  -8.448432E-24
164.  -7.536968E-23
165.  -3.385690E-23
166.  -1.403902E-22
167.  -2.184252E-22
168.  -2.375151E-22
169.  -1.013521E-22
170.  -5.034053E-23
171.  -6.113659E-23
172.  -1.610439E-22
173.  -7.474775E-23
174.  -1.459713E-22
175.  -6.142398E-23
176.  -1.019642E-22
177.  -3.827551E-23
178.  -9.707778E-23
179.  -1.211923E-22
180.  -3.230085E-23
181.  -1.171512E-22
182.  -2.408222E-22
183.  -9.531196E-23
184.  -8.884632E-23
185.  -1.858947E-22
186.  -1.629093E-22
187.  -7.571173E-23
188.  -1.084040E-22
189.  -1.012217E-22
190.  -1.051404E-22
191.  -1.705655E-22
192.  2.998826E-24
193.  -1.211821E-22
194.  -1.221770E-22
195.  -5.962668E-23
196.  -8.115023E-23
197.  -8.765393E-23
198.  -1.095144E-22
199.  -2.027015E-22
200.  -1.304347E-22
201.  -3.703794E-23
202.  -8.800703E-23
203.  -7.647350E-23
204.  -9.580119E-23
205.  -7.284323E-23
206.  -1.501913E-22
207.  -1.189057E-22
208.  3.639079E-23
209.  -1.030473E-22
210.  -6.329803E-23
211.  -1.338411E-22
212.  -6.410733E-23
213.  -8.872686E-23
214.  -1.844177E-22
215.  -1.663693E-22
216.  -2.125766E-22
217.  -1.069546E-22
218.  -1.084224E-22
219.  -1.890778E-22
220.  -8.662104E-23
221.  -1.743656E-22
222.  -1.600053E-22
223.  -7.023767E-23
224.  -9.026200E-23
225.  -2.111492E-22
226.  -1.314106E-22
227.  -1.414578E-22
228.  -1.652958E-22
229.  -2.754500E-22
230.  -2.101265E-22
231.  -2.304526E-22
232.  -1.863687E-22
233.  -1.544279E-22
234.  -8.746859E-23
235.  -1.610806E-22
236.  -2.032466E-22
237.  -1.118914E-22
238.  -2.116681E-22
239.  -1.787749E-22
240.  -1.044684E-22
241.  -1.911806E-22
242.  -1.958733E-22
243.  -1.052556E-22
244.  -1.044593E-22
245.  -1.135017E-22
246.  -2.116968E-22
247.  -1.331081E-22
248.  -1.474359E-22
249.  -1.493896E-22
250.  -2.144208E-22
251.  -1.324816E-22
252.  -2.033540E-22
253.  -1.567530E-22
254.  -1.199424E-22
255.  -2.269959E-22
256.  -9.221178E-23
257.  -1.682712E-22
258.  -1.757565E-22
259.  -2.337985E-22
260.  -1.644176E-22
261.  -1.803086E-22
262.  -1.380237E-22
263.  -1.863741E-22
264.  -1.366752E-22
265.  -1.633490E-22
266.  -1.439669E-22
267.  -1.543540E-22
268.  -3.163992E-22
269.  -1.407107E-22
270.  -1.841665E-22
271.  -1.626242E-22
272.  -4.765483E-23
273.  -2.258660E-23
274.  9.245142E-23
275.  3.845651E-22
276.  1.012336E-21
277.  1.988167E-21
278.  4.048821E-21
279.  7.934365E-21
280.  1.504114E-20
281.  2.769439E-20
282.  5.005044E-20
283.  8.792175E-20
284.  1.510507E-19
285.  2.536278E-19
286.  4.162277E-19
287.  6.679828E-19
288.  1.047755E-18
289.  1.606990E-18
290.  2.410694E-18
291.  3.536824E-18
292.  5.075909E-18
293.  7.126737E-18
294.  9.790798E-18
295.  1.316388E-17
296.  1.732588E-17
297.  2.232878E-17
298.  2.818688E-17
299.  3.486734E-17
300.  4.228670E-17
301.  5.031245E-17
302.  5.877232E-17
303.  6.747106E-17
304.  7.621340E-17
305.  8.483069E-17
306.  9.320972E-17
307.  1.013187E-16
308.  1.092263E-16
309.  1.171116E-16
310.  1.252640E-16
311.  1.340709E-16
312.  1.439938E-16
313.  1.555372E-16
314.  1.692109E-16
315.  1.854902E-16
316.  2.047764E-16
317.  2.273617E-16
318.  2.534000E-16
319.  2.828859E-16
320.  3.156446E-16
321.  3.513313E-16
322.  3.894443E-16
323.  4.293490E-16
324.  4.703129E-16
325.  5.115529E-16
326.  5.522873E-16
327.  5.917947E-16
328.  6.294707E-16
329.  6.648801E-16
330.  6.977986E-16
331.  7.282396E-16
332.  7.564612E-16
333.  7.829530E-16
334.  8.083983E-16
335.  8.336208E-16
336.  8.595115E-16
337.  8.869473E-16
338.  9.167085E-16
339.  9.493998E-16
340.  9.853876E-16
341.  1.024758E-15
342.  1.067299E-15
343.  1.112515E-15
344.  1.159666E-15
345.  1.207831E-15
346.  1.255993E-15
347.  1.303126E-15
348.  1.348291E-15
349.  1.390715E-15
350.  1.429853E-15
351.  1.465431E-15
352.  1.497455E-15
353.  1.526201E-15
354.  1.552171E-15
355.  1.576037E-15
356.  1.598570E-15
357.  1.620565E-15
358.  1.642767E-15
359.  1.665808E-15
360.  1.690159E-15
361.  1.716089E-15
362.  1.743659E-15
363.  1.772715E-15
364.  1.802907E-15
365.  1.833724E-15
366.  1.864531E-15
367.  1.894619E-15
368.  1.923264E-15
369.  1.949769E-15
370.  1.973524E-15
371.  1.994044E-15
372.  2.010996E-15
373.  2.024221E-15
374.  2.033730E-15
375.  2.039700E-15
376.  2.042441E-15
377.  2.042373E-15
378.  2.039988E-15
379.  2.035815E-15
380.  2.030392E-15
381.  2.024250E-15
382.  2.017899E-15
383.  2.011826E-15
384.  2.006497E-15
385.  2.002356E-15
386.  1.999832E-15
387.  1.999324E-15
388.  2.001189E-15
389.  2.005720E-15
390.  2.013108E-15
391.  2.023413E-15
392.  2.036534E-15
393.  2.052179E-15
394.  2.069866E-15
395.  2.088922E-15
396.  2.108518E-15
397.  2.127711E-15
398.  2.145507E-15
399.  2.160935E-15
400.  2.173124E-15
401.  2.181371E-15
402.  2.185210E-15
403.  2.184453E-15
404.  2.179209E-15
405.  2.169893E-15
406.  2.157194E-15
407.  2.142030E-15
408.  2.125488E-15
409.  2.108748E-15
410.  2.093003E-15
411.  2.079380E-15
412.  2.068870E-15
413.  2.062268E-15
414.  2.060130E-15
415.  2.062746E-15
416.  2.070131E-15
417.  2.082034E-15
418.  2.097962E-15
419.  2.117215E-15
420.  2.138927E-15
421.  2.162120E-15
422.  2.185749E-15
423.  2.208752E-15
424.  2.230089E-15
425.  2.248778E-15
426.  2.263923E-15
427.  2.274729E-15
428.  2.280516E-15
429.  2.280722E-15
430.  2.274910E-15
431.  2.262771E-15
432.  2.244125E-15
433.  2.218940E-15
434.  2.187336E-15
435.  2.149604E-15
436.  2.106221E-15
437.  2.057856E-15
438.  2.005377E-15
439.  1.949833E-15
440.  1.892436E-15
441.  1.834513E-15
442.  1.777460E-15
443.  1.722665E-15
444.  1.671442E-15
445.  1.624955E-15
446.  1.584148E-15
447.  1.549691E-15
448.  1.521940E-15
449.  1.500916E-15
450.  1.486314E-15
451.  1.477522E-15
452.  1.473674E-15
453.  1.473706E-15
454.  1.476430E-15
455.  1.480611E-15
456.  1.485036E-15
457.  1.488587E-15
458.  1.490291E-15
459.  1.489361E-15
460.  1.485217E-15
461.  1.477493E-15
462.  1.466029E-15
463.  1.450844E-15
464.  1.432109E-15
465.  1.410110E-15
466.  1.385211E-15
467.  1.357818E-15
468.  1.328355E-15
469.  1.297242E-15
470.  1.264886E-15
471.  1.231675E-15
472.  1.197982E-15
473.  1.164174E-15
474.  1.130615E-15
475.  1.097672E-15
476.  1.065713E-15
477.  1.035102E-15
478.  1.006186E-15
479.  9.792844E-16
480.  9.546644E-16
481.  9.325325E-16
482.  9.130234E-16
483.  8.961960E-16
484.  8.820391E-16
485.  8.704856E-16
486.  8.614332E-16
487.  8.547696E-16
488.  8.504009E-16
489.  8.482748E-16
490.  8.484004E-16
491.  8.508586E-16
492.  8.557992E-16
493.  8.634267E-16
494.  8.739736E-16
495.  8.876639E-16
496.  9.046680E-16
497.  9.250569E-16
498.  9.487597E-16
499.  9.755301E-16
500.  1.004929E-15
501.  1.036329E-15
502.  1.068932E-15
503.  1.101826E-15
504.  1.134041E-15
505.  1.164635E-15
506.  1.192775E-15
507.  1.217819E-15
508.  1.239378E-15
509.  1.257360E-15
510.  1.271980E-15
511.  1.283745E-15
512.  1.293399E-15
513.  1.301846E-15
514.  1.310061E-15
515.  1.318985E-15
516.  1.329429E-15
517.  1.342000E-15
518.  1.357038E-15
519.  1.374595E-15
520.  1.394436E-15
521.  1.416071E-15
522.  1.438813E-15
523.  1.461845E-15
524.  1.484301E-15
525.  1.505330E-15
526.  1.524172E-15
527.  1.540197E-15
528.  1.552946E-15
529.  1.562140E-15
530.  1.567687E-15
531.  1.569670E-15
532.  1.568332E-15
533.  1.564058E-15
534.  1.557355E-15
535.  1.548837E-15
536.  1.539209E-15
537.  1.529251E-15
538.  1.519800E-15
539.  1.511732E-15
540.  1.505932E-15
541.  1.503261E-15
542.  1.504519E-15
543.  1.510398E-15
544.  1.521446E-15
545.  1.538022E-15
546.  1.560271E-15
547.  1.588107E-15
548.  1.621211E-15
549.  1.659048E-15
550.  1.700897E-15
551.  1.745896E-15
552.  1.793096E-15
553.  1.841521E-15
554.  1.890223E-15
555.  1.938337E-15
556.  1.985124E-15
557.  2.030002E-15
558.  2.072572E-15
559.  2.112625E-15
560.  2.150136E-15
561.  2.185256E-15
562.  2.218282E-15
563.  2.249630E-15
564.  2.279794E-15
565.  2.309292E-15
566.  2.338621E-15
567.  2.368192E-15
568.  2.398276E-15
569.  2.428949E-15
570.  2.460049E-15
571.  2.491146E-15
572.  2.521529E-15
573.  2.550224E-15
574.  2.576029E-15
575.  2.597583E-15
576.  2.613445E-15
577.  2.622202E-15
578.  2.622572E-15
579.  2.613514E-15
580.  2.594314E-15
581.  2.564662E-15
582.  2.524692E-15
583.  2.474987E-15
584.  2.416557E-15
585.  2.350783E-15
586.  2.279328E-15
587.  2.204042E-15
588.  2.126857E-15
589.  2.049672E-15
590.  1.974269E-15
591.  1.902226E-15
592.  1.834872E-15
593.  1.773244E-15
594.  1.718089E-15
595.  1.669862E-15
596.  1.628758E-15
597.  1.594737E-15
598.  1.567563E-15
599.  1.546830E-15
600.  1.531994E-15
601.  1.522392E-15
602.  1.517255E-15
603.  1.515720E-15
604.  1.516838E-15
605.  1.519587E-15
606.  1.522876E-15
607.  1.525576E-15
608.  1.526537E-15
609.  1.524629E-15
610.  1.518770E-15
611.  1.507978E-15
612.  1.491409E-15
613.  1.468399E-15
614.  1.438501E-15
615.  1.401524E-15
616.  1.357549E-15
617.  1.306951E-15
618.  1.250403E-15
619.  1.188862E-15
620.  1.123550E-15
621.  1.055909E-15
622.  9.875506E-16
623.  9.201785E-16
624.  8.555117E-16
625.  7.951916E-16
626.  7.406935E-16
627.  6.932414E-16
628.  6.537364E-16
629.  6.227048E-16
630.  6.002709E-16
631.  5.861570E-16
632.  5.797119E-16
633.  5.799641E-16
634.  5.856985E-16
635.  5.955469E-16
636.  6.080856E-16
637.  6.219334E-16
638.  6.358389E-16
639.  6.487552E-16
640.  6.598904E-16
641.  6.687378E-16
642.  6.750782E-16
643.  6.789613E-16
644.  6.806652E-16
645.  6.806407E-16
646.  6.794456E-16
647.  6.776753E-16
648.  6.758940E-16
649.  6.745764E-16
650.  6.740581E-16
651.  6.745060E-16
652.  6.759017E-16
653.  6.780461E-16
654.  6.805793E-16
655.  6.830160E-16
656.  6.847914E-16
657.  6.853148E-16
658.  6.840253E-16
659.  6.804480E-16
660.  6.742425E-16
661.  6.652446E-16
662.  6.534957E-16
663.  6.392597E-16
664.  6.230248E-16
665.  6.054913E-16
666.  5.875432E-16
667.  5.702079E-16
668.  5.546017E-16
669.  5.418683E-16
670.  5.331075E-16
671.  5.293074E-16
672.  5.312755E-16
673.  5.395823E-16
674.  5.545170E-16
675.  5.760639E-16
676.  6.038976E-16
677.  6.374048E-16
678.  6.757236E-16
679.  7.178022E-16
680.  7.624687E-16
681.  8.085046E-16
682.  8.547165E-16
683.  8.999992E-16
684.  9.433805E-16
685.  9.840525E-16
686.  1.021379E-15
687.  1.054895E-15
688.  1.084279E-15
689.  1.109339E-15
690.  1.129974E-15
691.  1.146155E-15
692.  1.157908E-15
693.  1.165306E-15
694.  1.168466E-15
695.  1.167560E-15
696.  1.162823E-15
697.  1.154565E-15
698.  1.143173E-15
699.  1.129114E-15
700.  1.112915E-15
701.  1.095152E-15
702.  1.076415E-15
703.  1.057282E-15
704.  1.038284E-15
705.  1.019883E-15
706.  1.002454E-15
707.  9.862758E-16
708.  9.715399E-16
709.  9.583625E-16
710.  9.468098E-16
711.  9.369247E-16
712.  9.287548E-16
713.  9.223761E-16
714.  9.179082E-16
715.  9.155227E-16
716.  9.154357E-16
717.  9.178961E-16
718.  9.231599E-16
719.  9.314629E-16
720.  9.429884E-16
721.  9.578375E-16
722.  9.760045E-16
723.  9.973583E-16
724.  1.021633E-15
725.  1.048430E-15
726.  1.077224E-15
727.  1.107380E-15
728.  1.138176E-15
729.  1.168823E-15
730.  1.198495E-15
731.  1.226349E-15
732.  1.251551E-15
733.  1.273296E-15
734.  1.290833E-15
735.  1.303485E-15
736.  1.310666E-15
737.  1.311908E-15
738.  1.306876E-15
739.  1.295387E-15
740.  1.277421E-15
741.  1.253130E-15
742.  1.222836E-15
743.  1.187024E-15
744.  1.146322E-15
745.  1.101477E-15
746.  1.053321E-15
747.  1.002736E-15
748.  9.506124E-16
749.  8.978092E-16
750.  8.451224E-16
751.  7.932560E-16
752.  7.428026E-16
753.  6.942338E-16
754.  6.479029E-16
755.  6.040529E-16
756.  5.628340E-16
757.  5.243235E-16
758.  4.885462E-16
759.  4.554929E-16
760.  4.251329E-16
761.  3.974206E-16
762.  3.722975E-16
763.  3.496878E-16
764.  3.294934E-16
765.  3.115898E-16
766.  2.958244E-16
767.  2.820212E-16
768.  2.699905E-16
769.  2.595439E-16
770.  2.505124E-16
771.  2.427648E-16
772.  2.362230E-16
773.  2.308730E-16
774.  2.267669E-16
775.  2.240185E-16
776.  2.227888E-16
777.  2.232657E-16
778.  2.256368E-16
779.  2.300610E-16
780.  2.366389E-16
781.  2.453863E-16
782.  2.562132E-16
783.  2.689117E-16
784.  2.831546E-16
785.  2.985054E-16
786.  3.144415E-16
787.  3.303882E-16
788.  3.457617E-16
789.  3.600182E-16
790.  3.727005E-16
791.  3.834825E-16
792.  3.922001E-16
793.  3.988691E-16
794.  4.036839E-16
795.  4.069988E-16
796.  4.092916E-16
797.  4.111151E-16
798.  4.130394E-16
799.  4.155957E-16
800.  4.192232E-16
801.  4.242298E-16
802.  4.307673E-16
803.  4.388253E-16
804.  4.482446E-16
805.  4.587456E-16
806.  4.699682E-16
807.  4.815197E-16
808.  4.930219E-16
809.  5.041517E-16
810.  5.146736E-16
811.  5.244564E-16
812.  5.334765E-16
813.  5.418050E-16
814.  5.495842E-16
815.  5.569936E-16
816.  5.642143E-16
817.  5.713905E-16
818.  5.786006E-16
819.  5.858337E-16
820.  5.929816E-16
821.  5.998411E-16
822.  6.061316E-16
823.  6.115236E-16
824.  6.156733E-16
825.  6.182613E-16
826.  6.190299E-16
827.  6.178139E-16
828.  6.145595E-16
829.  6.093318E-16
830.  6.023083E-16
831.  5.937582E-16
832.  5.840149E-16
833.  5.734399E-16
834.  5.623885E-16
835.  5.511784E-16
836.  5.400653E-16
837.  5.292312E-16
838.  5.187817E-16
839.  5.087555E-16
840.  4.991414E-16
841.  4.899004E-16
842.  4.809891E-16
843.  4.723822E-16
844.  4.640874E-16
845.  4.561570E-16
846.  4.486893E-16
847.  4.418254E-16
848.  4.357403E-16
849.  4.306296E-16
850.  4.266979E-16
851.  4.241440E-16
852.  4.231503E-16
853.  4.238728E-16
854.  4.264329E-16
855.  4.309113E-16
856.  4.373408E-16
857.  4.457016E-16
858.  4.559163E-16
859.  4.678485E-16
860.  4.813029E-16
861.  4.960331E-16
862.  5.117535E-16
863.  5.281599E-16
864.  5.449534E-16
865.  5.618710E-16
866.  5.787158E-16
867.  5.953830E-16
868.  6.118804E-16
869.  6.283388E-16
870.  6.450081E-16
871.  6.622402E-16
872.  6.804592E-16
873.  7.001193E-16
874.  7.216561E-16
875.  7.454342E-16
876.  7.716967E-16
877.  8.005216E-16
878.  8.317877E-16
879.  8.651588E-16
880.  9.000807E-16
881.  9.358009E-16
882.  9.714034E-16
883.  1.005860E-15
884.  1.038094E-15
885.  1.067047E-15
886.  1.091754E-15
887.  1.111403E-15
888.  1.125390E-15
889.  1.133361E-15
890.  1.135224E-15
891.  1.131154E-15
892.  1.121574E-15
893.  1.107120E-15
894.  1.088599E-15
895.  1.066938E-15
896.  1.043132E-15
897.  1.018197E-15
898.  9.931300E-16
899.  9.688742E-16
900.  9.462949E-16
901.  9.261632E-16
902.  9.091445E-16
903.  8.957912E-16
904.  8.865397E-16
905.  8.817056E-16
906.  8.814834E-16
907.  8.859461E-16
908.  8.950475E-16
909.  9.086303E-16
910.  9.264356E-16
911.  9.481192E-16
912.  9.732717E-16
913.  1.001439E-15
914.  1.032144E-15
915.  1.064908E-15
916.  1.099263E-15
917.  1.134759E-15
918.  1.170974E-15
919.  1.207503E-15
920.  1.243956E-15
921.  1.279946E-15
922.  1.315078E-15
923.  1.348945E-15
924.  1.381117E-15
925.  1.411141E-15
926.  1.438545E-15
927.  1.462842E-15
928.  1.483545E-15
929.  1.500174E-15
930.  1.512283E-15
931.  1.519470E-15
932.  1.521406E-15
933.  1.517859E-15
934.  1.508713E-15
935.  1.493997E-15
936.  1.473895E-15
937.  1.448763E-15
938.  1.419130E-15
939.  1.385681E-15
940.  1.349244E-15
941.  1.310746E-15
942.  1.271173E-15
943.  1.231520E-15
944.  1.192732E-15
945.  1.155662E-15
946.  1.121025E-15
947.  1.089374E-15
948.  1.061088E-15
949.  1.036375E-15
950.  1.015292E-15
951.  9.977764E-16
952.  9.836816E-16
953.  9.728150E-16
954.  9.649699E-16
955.  9.599492E-16
956.  9.575769E-16
957.  9.576974E-16
958.  9.601631E-16
959.  9.648146E-16
960.  9.714555E-16
961.  9.798301E-16
962.  9.896028E-16
963.  1.000349E-15
964.  1.011553E-15
965.  1.022618E-15
966.  1.032886E-15
967.  1.041663E-15
968.  1.048252E-15
969.  1.051989E-15
970.  1.052276E-15
971.  1.048613E-15
972.  1.040628E-15
973.  1.028100E-15
974.  1.010972E-15
975.  9.893595E-16
976.  9.635525E-16
977.  9.340004E-16
978.  9.012943E-16
979.  8.661370E-16
980.  8.293069E-16
981.  7.916170E-16
982.  7.538713E-16
983.  7.168241E-16
984.  6.811436E-16
985.  6.473835E-16
986.  6.159654E-16
987.  5.871710E-16
988.  5.611455E-16
989.  5.379085E-16
990.  5.173725E-16
991.  4.993636E-16
992.  4.836441E-16
993.  4.699337E-16
994.  4.579288E-16
995.  4.473183E-16
996.  4.377989E-16
997.  4.290869E-16
998.  4.209300E-16
999.  4.131185E-16
1000.  4.054968E-16
1001.  3.979727E-16
1002.  3.905260E-16
1003.  3.832149E-16
1004.  3.761762E-16
1005.  3.696223E-16
1006.  3.638323E-16
1007.  3.591377E-16
1008.  3.559034E-16
1009.  3.545061E-16
1010.  3.553114E-16
1011.  3.586513E-16
1012.  3.648049E-16
1013.  3.739835E-16
1014.  3.863217E-16
1015.  4.018753E-16
1016.  4.206270E-16
1017.  4.424981E-16
1018.  4.673668E-16
1019.  4.950907E-16
1020.  5.255292E-16
1021.  5.585676E-16
1022.  5.941347E-16
1023.  6.322142E-16
1024.  6.728475E-16
1025.  7.161250E-16
1026.  7.621666E-16
1027.  8.110926E-16
1028.  8.629873E-16
1029.  9.178574E-16
1030.  9.755913E-16
1031.  1.035922E-15
1032.  1.098399E-15
1033.  1.162370E-15
1034.  1.226977E-15
1035.  1.291171E-15
1036.  1.353731E-15
1037.  1.413311E-15
1038.  1.468484E-15
1039.  1.517808E-15
1040.  1.559886E-15
1041.  1.593436E-15
1042.  1.617356E-15
1043.  1.630792E-15
1044.  1.633180E-15
1045.  1.624295E-15
1046.  1.604274E-15
1047.  1.573616E-15
1048.  1.533176E-15
1049.  1.484120E-15
1050.  1.427871E-15
1051.  1.366037E-15
1052.  1.300324E-15
1053.  1.232445E-15
1054.  1.164031E-15
1055.  1.096550E-15
1056.  1.031244E-15
1057.  9.690815E-16
1058.  9.107391E-16
1059.  8.566036E-16
1060.  8.067967E-16
1061.  7.612188E-16
1062.  7.196036E-16
1063.  6.815790E-16
1064.  6.467287E-16
1065.  6.146440E-16
1066.  5.849677E-16
1067.  5.574219E-16
1068.  5.318204E-16
1069.  5.080681E-16
1070.  4.861479E-16
1071.  4.660980E-16
1072.  4.479852E-16
1073.  4.318769E-16
1074.  4.178144E-16
1075.  4.057917E-16
1076.  3.957409E-16
1077.  3.875242E-16
1078.  3.809332E-16
1079.  3.756984E-16
1080.  3.714994E-16
1081.  3.679856E-16
1082.  3.647966E-16
1083.  3.615861E-16
1084.  3.580443E-16
1085.  3.539194E-16
1086.  3.490350E-16
1087.  3.433028E-16
1088.  3.367312E-16
1089.  3.294262E-16
1090.  3.215896E-16
1091.  3.135100E-16
1092.  3.055526E-16
1093.  2.981450E-16
1094.  2.917618E-16
1095.  2.869089E-16
1096.  2.841079E-16
1097.  2.838809E-16
1098.  2.867364E-16
1099.  2.931562E-16
1100.  3.035835E-16
1101.  3.184120E-16
1102.  3.379765E-16
1103.  3.625434E-16
1104.  3.923035E-16
1105.  4.273636E-16
1106.  4.677388E-16
1107.  5.133454E-16
1108.  5.639920E-16
1109.  6.193722E-16
1110.  6.790566E-16
1111.  7.424876E-16
1112.  8.089781E-16
1113.  8.777131E-16
1114.  9.477625E-16
1115.  1.018097E-15
1116.  1.087624E-15
1117.  1.155216E-15
1118.  1.219770E-15
1119.  1.280255E-15
1120.  1.335769E-15
1121.  1.385593E-15
1122.  1.429232E-15
1123.  1.466449E-15
1124.  1.497270E-15
1125.  1.521971E-15
1126.  1.541043E-15
1127.  1.555129E-15
1128.  1.564954E-15
1129.  1.571239E-15
1130.  1.574618E-15
1131.  1.575570E-15
1132.  1.574368E-15
1133.  1.571054E-15
1134.  1.565453E-15
1135.  1.557207E-15
1136.  1.545839E-15
1137.  1.530842E-15
1138.  1.511760E-15
1139.  1.488277E-15
1140.  1.460285E-15
1141.  1.427929E-15
1142.  1.391621E-15
1143.  1.352026E-15
1144.  1.310016E-15
1145.  1.266606E-15
1146.  1.222875E-15
1147.  1.179880E-15
1148.  1.138580E-15
1149.  1.099777E-15
1150.  1.064068E-15
1151.  1.031827E-15
1152.  1.003211E-15
1153.  9.781816E-16
1154.  9.565465E-16
1155.  9.380091E-16
1156.  9.222208E-16
1157.  9.088327E-16
1158.  8.975390E-16
1159.  8.881117E-16
1160.  8.804212E-16
1161.  8.744477E-16
1162.  8.702787E-16
1163.  8.680991E-16
1164.  8.681702E-16
1165.  8.708066E-16
1166.  8.763435E-16
1167.  8.851046E-16
1168.  8.973668E-16
1169.  9.133268E-16
1170.  9.330696E-16
1171.  9.565433E-16
1172.  9.835420E-16
1173.  1.013700E-15
1174.  1.046497E-15
1175.  1.081278E-15
1176.  1.117283E-15
1177.  1.153692E-15
1178.  1.189676E-15
1179.  1.224450E-15
1180.  1.257327E-15
1181.  1.287768E-15
1182.  1.315419E-15
1183.  1.340133E-15
1184.  1.361982E-15
1185.  1.381243E-15
1186.  1.398367E-15
1187.  1.413941E-15
1188.  1.428627E-15
1189.  1.443100E-15
1190.  1.457988E-15
1191.  1.473810E-15
1192.  1.490936E-15
1193.  1.509554E-15
1194.  1.529665E-15
1195.  1.551098E-15
1196.  1.573536E-15
1197.  1.596565E-15
1198.  1.619723E-15
1199.  1.642559E-15
1200.  1.664673E-15
1201.  1.685756E-15
1202.  1.705606E-15
1203.  1.724132E-15
1204.  1.741342E-15
1205.  1.757313E-15
1206.  1.772166E-15
1207.  1.786024E-15
1208.  1.798987E-15
1209.  1.811100E-15
1210.  1.822341E-15
1211.  1.832610E-15
1212.  1.841733E-15
1213.  1.849475E-15
1214.  1.855557E-15
1215.  1.859680E-15
1216.  1.861552E-15
1217.  1.860918E-15
1218.  1.857591E-15
1219.  1.851476E-15
1220.  1.842592E-15
1221.  1.831089E-15
1222.  1.817249E-15
1223.  1.801482E-15
1224.  1.784308E-15
1225.  1.766326E-15
1226.  1.748180E-15
1227.  1.730513E-15
1228.  1.713925E-15
1229.  1.698932E-15
1230.  1.685928E-15
1231.  1.675163E-15
1232.  1.666729E-15
1233.  1.660550E-15
1234.  1.656401E-15
1235.  1.653912E-15
1236.  1.652602E-15
1237.  1.651904E-15
1238.  1.651201E-15
1239.  1.649865E-15
1240.  1.647298E-15
1241.  1.642966E-15
1242.  1.636442E-15
1243.  1.627428E-15
1244.  1.615784E-15
1245.  1.601529E-15
1246.  1.584840E-15
1247.  1.566032E-15
1248.  1.545526E-15
1249.  1.523810E-15
1250.  1.501389E-15
1251.  1.478743E-15
1252.  1.456283E-15
1253.  1.434325E-15
1254.  1.413070E-15
1255.  1.392600E-15
1256.  1.372887E-15
1257.  1.353812E-15
1258.  1.335196E-15
1259.  1.316827E-15
1260.  1.298490E-15
1261.  1.279993E-15
1262.  1.261186E-15
1263.  1.241976E-15
1264.  1.222321E-15
1265.  1.202237E-15
1266.  1.181779E-15
1267.  1.161036E-15
1268.  1.140114E-15
1269.  1.119125E-15
1270.  1.098177E-15
1271.  1.077370E-15
1272.  1.056790E-15
1273.  1.036510E-15
1274.  1.016600E-15
1275.  9.971232E-16
1276.  9.781488E-16
1277.  9.597560E-16
1278.  9.420390E-16
1279.  9.251104E-16
1280.  9.091019E-16
1281.  8.941629E-16
1282.  8.804546E-16
1283.  8.681444E-16
1284.  8.573966E-16
1285.  8.483634E-16
1286.  8.411763E-16
1287.  8.359377E-16
1288.  8.327173E-16
1289.  8.315478E-16
1290.  8.324248E-16
1291.  8.353096E-16
1292.  8.401322E-16
1293.  8.467960E-16
1294.  8.551828E-16
1295.  8.651570E-16
1296.  8.765698E-16
1297.  8.892622E-16
1298.  9.030670E-16
1299.  9.178119E-16
1300.  9.333203E-16
1301.  9.494143E-16
1302.  9.659178E-16
1303.  9.826593E-16
1304.  9.994769E-16
1305.  1.016224E-15
1306.  1.032774E-15
1307.  1.049030E-15
1308.  1.064931E-15
1309.  1.080463E-15
1310.  1.095663E-15
1311.  1.110630E-15
1312.  1.125527E-15
1313.  1.140586E-15
1314.  1.156098E-15
1315.  1.172408E-15
1316.  1.189889E-15
1317.  1.208922E-15
1318.  1.229851E-15
1319.  1.252954E-15
1320.  1.278391E-15
1321.  1.306164E-15
1322.  1.336088E-15
1323.  1.367765E-15
1324.  1.400577E-15
1325.  1.433704E-15
1326.  1.466158E-15
1327.  1.496837E-15
1328.  1.524599E-15
1329.  1.548342E-15
1330.  1.567090E-15
1331.  1.580071E-15
1332.  1.586781E-15
1333.  1.587028E-15
1334.  1.580948E-15
1335.  1.568994E-15
1336.  1.551896E-15
1337.  1.530597E-15
1338.  1.506180E-15
1339.  1.479783E-15
1340.  1.452513E-15
1341.  1.425374E-15
1342.  1.399217E-15
1343.  1.374697E-15
1344.  1.352271E-15
1345.  1.332208E-15
1346.  1.314621E-15
1347.  1.299511E-15
1348.  1.286824E-15
1349.  1.276501E-15
1350.  1.268529E-15
1351.  1.262974E-15
1352.  1.260004E-15
1353.  1.259891E-15
1354.  1.263000E-15
1355.  1.269757E-15
1356.  1.280610E-15
1357.  1.295973E-15
1358.  1.316176E-15
1359.  1.341406E-15
1360.  1.371655E-15
1361.  1.406678E-15
1362.  1.445963E-15
1363.  1.488711E-15
1364.  1.533845E-15
1365.  1.580025E-15
1366.  1.625695E-15
1367.  1.669140E-15
1368.  1.708570E-15
1369.  1.742204E-15
1370.  1.768373E-15
1371.  1.785620E-15
1372.  1.792792E-15
1373.  1.789114E-15
1374.  1.774249E-15
1375.  1.748327E-15
1376.  1.711934E-15
1377.  1.666086E-15
1378.  1.612161E-15
1379.  1.551810E-15
1380.  1.486856E-15
1381.  1.419184E-15
1382.  1.350630E-15
1383.  1.282891E-15
1384.  1.217443E-15
1385.  1.155494E-15
1386.  1.097958E-15
1387.  1.045455E-15
1388.  9.983359E-16
1389.  9.567224E-16
1390.  9.205633E-16
1391.  8.896911E-16
1392.  8.638800E-16
1393.  8.428950E-16
1394.  8.265336E-16
1395.  8.146495E-16
1396.  8.071646E-16
1397.  8.040647E-16
1398.  8.053832E-16
1399.  8.111735E-16
1400.  8.214753E-16
1401.  8.362790E-16
1402.  8.554917E-16
1403.  8.789110E-16
1404.  9.062068E-16
1405.  9.369179E-16
1406.  9.704603E-16
1407.  1.006149E-15
1408.  1.043226E-15
1409.  1.080903E-15
1410.  1.118395E-15
1411.  1.154957E-15
1412.  1.189917E-15
1413.  1.222697E-15
1414.  1.252828E-15
1415.  1.279953E-15
1416.  1.303826E-15
1417.  1.324312E-15
1418.  1.341379E-15
1419.  1.355090E-15
1420.  1.365599E-15
1421.  1.373147E-15
1422.  1.378056E-15
1423.  1.380719E-15
1424.  1.381590E-15
1425.  1.381163E-15
1426.  1.379956E-15
1427.  1.378480E-15
1428.  1.377216E-15
1429.  1.376587E-15
1430.  1.376932E-15
1431.  1.378495E-15
1432.  1.381410E-15
1433.  1.385704E-15
1434.  1.391297E-15
1435.  1.398017E-15
1436.  1.405619E-15
1437.  1.413800E-15
1438.  1.422219E-15
1439.  1.430514E-15
1440.  1.438321E-15
1441.  1.445279E-15
1442.  1.451049E-15
1443.  1.455318E-15
1444.  1.457815E-15
1445.  1.458322E-15
1446.  1.456694E-15
1447.  1.452878E-15
1448.  1.446934E-15
1449.  1.439057E-15
1450.  1.429590E-15
1451.  1.419034E-15
1452.  1.408048E-15
1453.  1.397425E-15
1454.  1.388071E-15
1455.  1.380953E-15
1456.  1.377047E-15
1457.  1.377272E-15
1458.  1.382418E-15
1459.  1.393089E-15
1460.  1.409632E-15
1461.  1.432101E-15
1462.  1.460219E-15
1463.  1.493377E-15
1464.  1.530645E-15
1465.  1.570813E-15
1466.  1.612452E-15
1467.  1.653994E-15
1468.  1.693828E-15
1469.  1.730408E-15
1470.  1.762349E-15
1471.  1.788534E-15
1472.  1.808183E-15
1473.  1.820923E-15
1474.  1.826809E-15
1475.  1.826328E-15
1476.  1.820368E-15
1477.  1.810160E-15
1478.  1.797194E-15
1479.  1.783128E-15
1480.  1.769681E-15
1481.  1.758528E-15
1482.  1.751210E-15
1483.  1.749048E-15
1484.  1.753083E-15
1485.  1.764035E-15
1486.  1.782287E-15
1487.  1.807886E-15
1488.  1.840566E-15
1489.  1.879791E-15
1490.  1.924804E-15
1491.  1.974682E-15
1492.  2.028403E-15
1493.  2.084895E-15
1494.  2.143089E-15
1495.  2.201960E-15
1496.  2.260546E-15
1497.  2.317959E-15
1498.  2.373389E-15
1499.  2.426084E-15
1500.  2.475333E-15
1501.  2.520447E-15
1502.  2.560740E-15
1503.  2.595521E-15
1504.  2.624094E-15
1505.  2.645777E-15
1506.  2.659926E-15
1507.  2.665979E-15
1508.  2.663492E-15
1509.  2.652192E-15
1510.  2.632015E-15
1511.  2.603142E-15
1512.  2.566020E-15
1513.  2.521361E-15
1514.  2.470133E-15
1515.  2.413530E-15
1516.  2.352928E-15
1517.  2.289824E-15
1518.  2.225781E-15
1519.  2.162355E-15
1520.  2.101040E-15
1521.  2.043208E-15
1522.  1.990062E-15
1523.  1.942605E-15
1524.  1.901621E-15
1525.  1.867663E-15
1526.  1.841061E-15
1527.  1.821937E-15
1528.  1.810227E-15
1529.  1.805707E-15
1530.  1.808027E-15
1531.  1.816743E-15
1532.  1.831340E-15
1533.  1.851265E-15
1534.  1.875946E-15
1535.  1.904806E-15
1536.  1.937277E-15
1537.  1.972796E-15
1538.  2.010812E-15
1539.  2.050771E-15
1540.  2.092111E-15
1541.  2.134248E-15
1542.  2.176569E-15
1543.  2.218425E-15
1544.  2.259129E-15
1545.  2.297971E-15
1546.  2.334220E-15
1547.  2.367154E-15
1548.  2.396080E-15
1549.  2.420361E-15
1550.  2.439437E-15
1551.  2.452847E-15
1552.  2.460250E-15
1553.  2.461427E-15
1554.  2.456293E-15
1555.  2.444900E-15
1556.  2.427431E-15
1557.  2.404211E-15
1558.  2.375699E-15
1559.  2.342490E-15
1560.  2.305316E-15
1561.  2.265036E-15
1562.  2.222628E-15
1563.  2.179165E-15
1564.  2.135796E-15
1565.  2.093700E-15
1566.  2.054057E-15
1567.  2.018000E-15
1568.  1.986573E-15
1569.  1.960695E-15
1570.  1.941129E-15
1571.  1.928462E-15
1572.  1.923091E-15
1573.  1.925222E-15
1574.  1.934874E-15
1575.  1.951890E-15
1576.  1.975950E-15
1577.  2.006578E-15
1578.  2.043161E-15
1579.  2.084952E-15
1580.  2.131075E-15
1581.  2.180531E-15
1582.  2.232200E-15
1583.  2.284852E-15
1584.  2.337154E-15
1585.  2.387696E-15
1586.  2.435019E-15
1587.  2.477664E-15
1588.  2.514215E-15
1589.  2.543368E-15
1590.  2.563987E-15
1591.  2.575168E-15
1592.  2.576288E-15
1593.  2.567045E-15
1594.  2.547474E-15
1595.  2.517946E-15
1596.  2.479139E-15
1597.  2.432000E-15
1598.  2.377679E-15
1599.  2.317464E-15
1600.  2.252708E-15
1601.  2.184760E-15
1602.  2.114909E-15
1603.  2.044334E-15
1604.  1.974077E-15
1605.  1.905021E-15
1606.  1.837888E-15
1607.  1.773249E-15
1608.  1.711532E-15
1609.  1.653041E-15
1610.  1.597985E-15
1611.  1.546495E-15
1612.  1.498646E-15
1613.  1.454486E-15
1614.  1.414052E-15
1615.  1.377397E-15
1616.  1.344602E-15
1617.  1.315797E-15
1618.  1.291168E-15
1619.  1.270962E-15
1620.  1.255480E-15
1621.  1.245061E-15
1622.  1.240062E-15
1623.  1.240827E-15
1624.  1.247653E-15
1625.  1.260750E-15
1626.  1.280213E-15
1627.  1.305993E-15
1628.  1.337883E-15
1629.  1.375513E-15
1630.  1.418361E-15
1631.  1.465774E-15
1632.  1.517006E-15
1633.  1.571254E-15
1634.  1.627704E-15
1635.  1.685570E-15
1636.  1.744130E-15
1637.  1.802746E-15
1638.  1.860870E-15
1639.  1.918037E-15
1640.  1.973841E-15
1641.  2.027897E-15
1642.  2.079807E-15
1643.  2.129112E-15
1644.  2.175264E-15
1645.  2.217601E-15
1646.  2.255345E-15
1647.  2.287620E-15
1648.  2.313488E-15
1649.  2.332003E-15
1650.  2.342272E-15
1651.  2.343535E-15
1652.  2.335225E-15
1653.  2.317031E-15
1654.  2.288937E-15
1655.  2.251247E-15
1656.  2.204582E-15
1657.  2.149855E-15
1658.  2.088234E-15
1659.  2.021084E-15
1660.  1.949899E-15
1661.  1.876238E-15
1662.  1.801659E-15
1663.  1.727662E-15
1664.  1.655646E-15
1665.  1.586870E-15
1666.  1.522440E-15
1667.  1.463289E-15
1668.  1.410186E-15
1669.  1.363729E-15
1670.  1.324359E-15
1671.  1.292365E-15
1672.  1.267885E-15
1673.  1.250912E-15
1674.  1.241291E-15
1675.  1.238722E-15
1676.  1.242758E-15
1677.  1.252811E-15
1678.  1.268161E-15
1679.  1.287974E-15
1680.  1.311335E-15
1681.  1.337274E-15
1682.  1.364811E-15
1683.  1.392997E-15
1684.  1.420946E-15
1685.  1.447873E-15
1686.  1.473108E-15
1687.  1.496100E-15
1688.  1.516412E-15
1689.  1.533694E-15
1690.  1.547664E-15
1691.  1.558066E-15
1692.  1.564653E-15
1693.  1.567160E-15
1694.  1.565300E-15
1695.  1.558770E-15
1696.  1.547270E-15
1697.  1.530533E-15
1698.  1.508359E-15
1699.  1.480651E-15
1700.  1.447446E-15
1701.  1.408931E-15
1702.  1.365460E-15
1703.  1.317541E-15
1704.  1.265823E-15
1705.  1.211066E-15
1706.  1.154106E-15
1707.  1.095819E-15
1708.  1.037078E-15
1709.  9.787193E-16
1710.  9.215113E-16
1711.  8.661295E-16
1712.  8.131383E-16
1713.  7.629807E-16
1714.  7.159742E-16
1715.  6.723147E-16
1716.  6.320857E-16
1717.  5.952744E-16
1718.  5.617929E-16
1719.  5.315025E-16
1720.  5.042407E-16
1721.  4.798468E-16
1722.  4.581842E-16
1723.  4.391567E-16
1724.  4.227163E-16
1725.  4.088614E-16
1726.  3.976246E-16
1727.  3.890529E-16
1728.  3.831816E-16
1729.  3.800053E-16
1730.  3.794509E-16
1731.  3.813568E-16
1732.  3.854618E-16
1733.  3.914042E-16
1734.  3.987350E-16
1735.  4.069418E-16
1736.  4.154810E-16
1737.  4.238153E-16
1738.  4.314516E-16
1739.  4.379734E-16
1740.  4.430668E-16
1741.  4.465336E-16
1742.  4.482947E-16
1743.  4.483811E-16
1744.  4.469167E-16
1745.  4.440963E-16
1746.  4.401599E-16
1747.  4.353711E-16
1748.  4.299980E-16
1749.  4.243017E-16
1750.  4.185293E-16
1751.  4.129156E-16
1752.  4.076861E-16
1753.  4.030624E-16
1754.  3.992695E-16
1755.  3.965377E-16
1756.  3.951028E-16
1757.  3.952028E-16
1758.  3.970698E-16
1759.  4.009228E-16
1760.  4.069559E-16
1761.  4.153296E-16
1762.  4.261617E-16
1763.  4.395201E-16
1764.  4.554152E-16
1765.  4.737931E-16
1766.  4.945271E-16
1767.  5.174095E-16
1768.  5.421414E-16
1769.  5.683245E-16
1770.  5.954548E-16
1771.  6.229228E-16
1772.  6.500193E-16
1773.  6.759525E-16
1774.  6.998725E-16
1775.  7.209073E-16
1776.  7.382023E-16
1777.  7.509670E-16
1778.  7.585189E-16
1779.  7.603243E-16
1780.  7.560333E-16
1781.  7.455007E-16
1782.  7.287977E-16
1783.  7.062105E-16
1784.  6.782245E-16
1785.  6.455000E-16
1786.  6.088376E-16
1787.  5.691377E-16
1788.  5.273559E-16
1789.  4.844594E-16
1790.  4.413838E-16
1791.  3.989974E-16
1792.  3.580710E-16
1793.  3.192573E-16
1794.  2.830790E-16
1795.  2.499292E-16
1796.  2.200777E-16
1797.  1.936858E-16
1798.  1.708266E-16
1799.  1.515057E-16
1800.  1.356827E-16
1801.  1.232884E-16
1802.  1.142371E-16
1803.  1.084327E-16
1804.  1.057675E-16
1805.  1.061163E-16
1806.  1.093262E-16
1807.  1.152046E-16
1808.  1.235087E-16
1809.  1.339370E-16
1810.  1.461272E-16
1811.  1.596593E-16
1812.  1.740648E-16
1813.  1.888433E-16
1814.  2.034819E-16
1815.  2.174806E-16
1816.  2.303771E-16
1817.  2.417736E-16
1818.  2.513610E-16
1819.  2.589393E-16
1820.  2.644318E-16
1821.  2.678925E-16
1822.  2.695037E-16
1823.  2.695627E-16
1824.  2.684616E-16
1825.  2.666545E-16
1826.  2.646206E-16
1827.  2.628231E-16
1828.  2.616694E-16
1829.  2.614753E-16
1830.  2.624384E-16
1831.  2.646224E-16
1832.  2.679552E-16
1833.  2.722389E-16
1834.  2.771734E-16
1835.  2.823878E-16
1836.  2.874783E-16
1837.  2.920479E-16
1838.  2.957437E-16
1839.  2.982897E-16
1840.  2.995107E-16
1841.  2.993462E-16
1842.  2.978544E-16
1843.  2.952058E-16
1844.  2.916680E-16
1845.  2.875839E-16
1846.  2.833444E-16
1847.  2.793608E-16
1848.  2.760364E-16
1849.  2.737403E-16
1850.  2.727869E-16
1851.  2.734189E-16
1852.  2.757972E-16
1853.  2.799949E-16
1854.  2.859979E-16
1855.  2.937093E-16
1856.  3.029575E-16
1857.  3.135073E-16
1858.  3.250743E-16
1859.  3.373394E-16
1860.  3.499658E-16
1861.  3.626154E-16
1862.  3.749639E-16
1863.  3.867162E-16
1864.  3.976173E-16
1865.  4.074607E-16
1866.  4.160937E-16
1867.  4.234187E-16
1868.  4.293905E-16
1869.  4.340123E-16
1870.  4.373281E-16
1871.  4.394173E-16
1872.  4.403858E-16
1873.  4.403607E-16
1874.  4.394838E-16
1875.  4.379072E-16
1876.  4.357885E-16
1877.  4.332863E-16
1878.  4.305558E-16
1879.  4.277440E-16
1880.  4.249843E-16
1881.  4.223925E-16
1882.  4.200624E-16
1883.  4.180623E-16
1884.  4.164344E-16
1885.  4.151931E-16
1886.  4.143276E-16
1887.  4.138047E-16
1888.  4.135717E-16
1889.  4.135620E-16
1890.  4.136996E-16
1891.  4.139040E-16
1892.  4.140951E-16
1893.  4.141972E-16
1894.  4.141427E-16
1895.  4.138748E-16
1896.  4.133498E-16
1897.  4.125383E-16
1898.  4.114256E-16
1899.  4.100112E-16
1900.  4.083084E-16
1901.  4.063421E-16
1902.  4.041462E-16
1903.  4.017623E-16
1904.  3.992352E-16
1905.  3.966120E-16
1906.  3.939384E-16
1907.  3.912573E-16
1908.  3.886074E-16
1909.  3.860222E-16
1910.  3.835292E-16
1911.  3.811512E-16
1912.  3.789055E-16
1913.  3.768046E-16
1914.  3.748585E-16
1915.  3.730732E-16
1916.  3.714534E-16
1917.  3.700020E-16
1918.  3.687206E-16
1919.  3.676103E-16
1920.  3.666726E-16
1921.  3.659087E-16
1922.  3.653205E-16
1923.  3.649121E-16
1924.  3.646901E-16
1925.  3.646647E-16
1926.  3.648513E-16
1927.  3.652717E-16
1928.  3.659551E-16
1929.  3.669390E-16
1930.  3.682698E-16
1931.  3.700008E-16
1932.  3.721926E-16
1933.  3.749095E-16
1934.  3.782163E-16
1935.  3.821748E-16
1936.  3.868389E-16
1937.  3.922503E-16
1938.  3.984347E-16
1939.  4.053983E-16
1940.  4.131263E-16
1941.  4.215828E-16
1942.  4.307111E-16
1943.  4.404378E-16
1944.  4.506756E-16
1945.  4.613290E-16
1946.  4.722987E-16
1947.  4.834876E-16
1948.  4.948052E-16
1949.  5.061712E-16
1950.  5.175199E-16
1951.  5.288016E-16
1952.  5.399845E-16
1953.  5.510543E-16
1954.  5.620141E-16
1955.  5.728829E-16
1956.  5.836925E-16
1957.  5.944849E-16
1958.  6.053085E-16
1959.  6.162137E-16
1960.  6.272470E-16
1961.  6.384487E-16
1962.  6.498463E-16
1963.  6.614513E-16
1964.  6.732559E-16
1965.  6.852320E-16
1966.  6.973302E-16
1967.  7.094831E-16
1968.  7.216074E-16
1969.  7.336109E-16
1970.  7.453985E-16
1971.  7.568796E-16
1972.  7.679750E-16
1973.  7.786242E-16
1974.  7.887884E-16
1975.  7.984560E-16
1976.  8.076426E-16
1977.  8.163935E-16
1978.  8.247816E-16
1979.  8.329080E-16
1980.  8.409007E-16
1981.  8.489139E-16
1982.  8.571270E-16
1983.  8.657427E-16
1984.  8.749846E-16
1985.  8.850939E-16
1986.  8.963244E-16
1987.  9.089372E-16
1988.  9.231954E-16
1989.  9.393581E-16
1990.  9.576780E-16
1991.  9.783999E-16
1992.  1.001761E-15
1993.  1.027994E-15
1994.  1.057335E-15
1995.  1.090023E-15
1996.  1.126308E-15
1997.  1.166445E-15
1998.  1.210688E-15
1999.  1.259272E-15
2000.  1.312391E-15
2001.  1.370160E-15
2002.  1.432577E-15
2003.  1.499475E-15
2004.  1.570478E-15
2005.  1.644961E-15
2006.  1.722019E-15
2007.  1.800456E-15
2008.  1.878794E-15
2009.  1.955309E-15
2010.  2.028086E-15
2011.  2.095105E-15
2012.  2.154341E-15
2013.  2.203873E-15
2014.  2.241999E-15
2015.  2.267338E-15
2016.  2.278916E-15
2017.  2.276227E-15
2018.  2.259265E-15
2019.  2.228514E-15
2020.  2.184927E-15
2021.  2.129852E-15
2022.  2.064963E-15
2023.  1.992156E-15
2024.  1.913452E-15
2025.  1.830892E-15
2026.  1.746451E-15
2027.  1.661950E-15
2028.  1.578998E-15
2029.  1.498945E-15
2030.  1.422860E-15
2031.  1.351526E-15
2032.  1.285451E-15
2033.  1.224898E-15
2034.  1.169919E-15
2035.  1.120400E-15
2036.  1.076101E-15
2037.  1.036695E-15
2038.  1.001807E-15
2039.  9.710373E-16
2040.  9.439816E-16
2041.  9.202441E-16
2042.  8.994467E-16
2043.  8.812294E-16
2044.  8.652551E-16
2045.  8.512071E-16
2046.  8.387918E-16
2047.  8.277381E-16
2048.  8.177988E-16
2049.  8.087528E-16
2050.  8.004055E-16
2051.  7.925903E-16
2052.  7.851704E-16
2053.  7.780368E-16
2054.  7.711091E-16
2055.  7.643341E-16
2056.  7.576839E-16
2057.  7.511536E-16
2058.  7.447604E-16
2059.  7.385404E-16
2060.  7.325470E-16
2061.  7.268488E-16
2062.  7.215268E-16
2063.  7.166725E-16
2064.  7.123849E-16
2065.  7.087672E-16
2066.  7.059236E-16
2067.  7.039554E-16
2068.  7.029579E-16
2069.  7.030154E-16
2070.  7.041999E-16
2071.  7.065670E-16
2072.  7.101545E-16
2073.  7.149818E-16
2074.  7.210495E-16
2075.  7.283395E-16
2076.  7.368181E-16
2077.  7.464368E-16
2078.  7.571353E-16
2079.  7.688450E-16
2080.  7.814922E-16
2081.  7.950012E-16
2082.  8.092980E-16
2083.  8.243147E-16
2084.  8.399914E-16
2085.  8.562809E-16
2086.  8.731498E-16
2087.  8.905827E-16
2088.  9.085829E-16
2089.  9.271739E-16
2090.  9.464002E-16
2091.  9.663261E-16
2092.  9.870330E-16
2093.  1.008619E-15
2094.  1.031191E-15
2095.  1.054861E-15
2096.  1.079744E-15
2097.  1.105949E-15
2098.  1.133574E-15
2099.  1.162708E-15
2100.  1.193430E-15
2101.  1.225804E-15
2102.  1.259885E-15
2103.  1.295720E-15
2104.  1.333345E-15
2105.  1.372787E-15
2106.  1.414054E-15
2107.  1.457135E-15
2108.  1.501984E-15
2109.  1.548515E-15
2110.  1.596589E-15
2111.  1.646009E-15
2112.  1.696509E-15
2113.  1.747748E-15
2114.  1.799306E-15
2115.  1.850681E-15
2116.  1.901287E-15
2117.  1.950448E-15
2118.  1.997404E-15
2119.  2.041312E-15
2120.  2.081262E-15
2121.  2.116298E-15
2122.  2.145449E-15
2123.  2.167773E-15
2124.  2.182413E-15
2125.  2.188652E-15
2126.  2.185973E-15
2127.  2.174112E-15
2128.  2.153092E-15
2129.  2.123246E-15
2130.  2.085207E-15
2131.  2.039881E-15
2132.  1.988388E-15
2133.  1.931998E-15
2134.  1.872043E-15
2135.  1.809837E-15
2136.  1.746599E-15
2137.  1.683392E-15
2138.  1.621082E-15
2139.  1.560320E-15
2140.  1.501546E-15
2141.  1.445010E-15
2142.  1.390814E-15
2143.  1.338948E-15
2144.  1.289337E-15
2145.  1.241882E-15
2146.  1.196483E-15
2147.  1.153063E-15
2148.  1.111574E-15
2149.  1.071990E-15
2150.  1.034308E-15
2151.  9.985271E-16
2152.  9.646423E-16
2153.  9.326320E-16
2154.  9.024526E-16
2155.  8.740350E-16
2156.  8.472873E-16
2157.  8.220961E-16
2158.  7.983326E-16
2159.  7.758563E-16
2160.  7.545201E-16
2161.  7.341736E-16
2162.  7.146676E-16
2163.  6.958572E-16
2164.  6.776087E-16
2165.  6.598046E-16
2166.  6.423525E-16
2167.  6.251925E-16
2168.  6.083045E-16
2169.  5.917154E-16
2170.  5.754994E-16
2171.  5.597771E-16
2172.  5.447097E-16
2173.  5.304871E-16
2174.  5.173147E-16
2175.  5.053959E-16
2176.  4.949146E-16
2177.  4.860186E-16
2178.  4.788028E-16
2179.  4.732988E-16
2180.  4.694655E-16
2181.  4.671862E-16
2182.  4.662718E-16
2183.  4.664682E-16
2184.  4.674705E-16
2185.  4.689416E-16
2186.  4.705347E-16
2187.  4.719170E-16
2188.  4.727943E-16
2189.  4.729298E-16
2190.  4.721612E-16
2191.  4.704080E-16
2192.  4.676721E-16
2193.  4.640308E-16
2194.  4.596226E-16
2195.  4.546289E-16
2196.  4.492533E-16
2197.  4.437010E-16
2198.  4.381618E-16
2199.  4.327974E-16
2200.  4.277351E-16
2201.  4.230683E-16
2202.  4.188620E-16
2203.  4.151639E-16
2204.  4.120177E-16
2205.  4.094763E-16
2206.  4.076129E-16
2207.  4.065281E-16
2208.  4.063498E-16
2209.  4.072275E-16
2210.  4.093200E-16
2211.  4.127782E-16
2212.  4.177252E-16
2213.  4.242378E-16
2214.  4.323299E-16
2215.  4.419432E-16
2216.  4.529438E-16
2217.  4.651282E-16
2218.  4.782359E-16
2219.  4.919679E-16
2220.  5.060082E-16
2221.  5.200460E-16
2222.  5.337944E-16
2223.  5.470064E-16
2224.  5.594818E-16
2225.  5.710716E-16
2226.  5.816743E-16
2227.  5.912303E-16
2228.  5.997151E-16
2229.  6.071327E-16
2230.  6.135130E-16
2231.  6.189131E-16
2232.  6.234220E-16
2233.  6.271684E-16
2234.  6.303293E-16
2235.  6.331355E-16
2236.  6.358731E-16
2237.  6.388780E-16
2238.  6.425214E-16
2239.  6.471888E-16
2240.  6.532521E-16
2241.  6.610393E-16
2242.  6.708036E-16
2243.  6.826998E-16
2244.  6.967657E-16
2245.  7.129159E-16
2246.  7.309452E-16
2247.  7.505440E-16
2248.  7.713191E-16
2249.  7.928216E-16
2250.  8.145751E-16
2251.  8.361017E-16
2252.  8.569450E-16
2253.  8.766873E-16
2254.  8.949593E-16
2255.  9.114497E-16
2256.  9.259059E-16
2257.  9.381378E-16
2258.  9.480166E-16
2259.  9.554767E-16
2260.  9.605141E-16
2261.  9.631876E-16
2262.  9.636154E-16
2263.  9.619724E-16
2264.  9.584838E-16
2265.  9.534171E-16
2266.  9.470724E-16
2267.  9.397727E-16
2268.  9.318533E-16
2269.  9.236531E-16
2270.  9.155084E-16
2271.  9.077466E-16
2272.  9.006873E-16
2273.  8.946411E-16
2274.  8.899123E-16
2275.  8.868042E-16
2276.  8.856217E-16
2277.  8.866755E-16
2278.  8.902839E-16
2279.  8.967736E-16
2280.  9.064757E-16
2281.  9.197204E-16
2282.  9.368275E-16
2283.  9.580940E-16
2284.  9.837775E-16
2285.  1.014078E-15
2286.  1.049114E-15
2287.  1.088903E-15
2288.  1.133336E-15
2289.  1.182153E-15
2290.  1.234926E-15
2291.  1.291039E-15
2292.  1.349686E-15
2293.  1.409867E-15
2294.  1.470404E-15
2295.  1.529969E-15
2296.  1.587120E-15
2297.  1.640366E-15
2298.  1.688229E-15
2299.  1.729324E-15
2300.  1.762442E-15
2301.  1.786631E-15
2302.  1.801263E-15
2303.  1.806094E-15
2304.  1.801289E-15
2305.  1.787430E-15
2306.  1.765487E-15
2307.  1.736768E-15
2308.  1.702836E-15
2309.  1.665412E-15
2310.  1.626276E-15
2311.  1.587154E-15
2312.  1.549629E-15
2313.  1.515064E-15
2314.  1.484545E-15
2315.  1.458862E-15
2316.  1.438503E-15
2317.  1.423679E-15
2318.  1.414360E-15
2319.  1.410326E-15
2320.  1.411214E-15
2321.  1.416561E-15
2322.  1.425837E-15
2323.  1.438464E-15
2324.  1.453815E-15
2325.  1.471210E-15
2326.  1.489899E-15
2327.  1.509045E-15
2328.  1.527712E-15
2329.  1.544877E-15
2330.  1.559440E-15
2331.  1.570277E-15
2332.  1.576291E-15
2333.  1.576491E-15
2334.  1.570064E-15
2335.  1.556454E-15
2336.  1.535419E-15
2337.  1.507068E-15
2338.  1.471868E-15
2339.  1.430623E-15
2340.  1.384424E-15
2341.  1.334575E-15
2342.  1.282510E-15
2343.  1.229704E-15
2344.  1.177587E-15
2345.  1.127479E-15
2346.  1.080540E-15
2347.  1.037737E-15
2348.  9.998364E-16
2349.  9.674099E-16
2350.  9.408486E-16
2351.  9.203879E-16
2352.  9.061294E-16
2353.  8.980646E-16
2354.  8.960947E-16
2355.  9.000477E-16
2356.  9.096937E-16
2357.  9.247575E-16
2358.  9.449311E-16
2359.  9.698830E-16
2360.  9.992662E-16
2361.  1.032720E-15
2362.  1.069870E-15
2363.  1.110314E-15
2364.  1.153611E-15
2365.  1.199257E-15
2366.  1.246663E-15
2367.  1.295138E-15
2368.  1.343868E-15
2369.  1.391917E-15
2370.  1.438235E-15
2371.  1.481686E-15
2372.  1.521088E-15
2373.  1.555268E-15
2374.  1.583129E-15
2375.  1.603714E-15
2376.  1.616274E-15
2377.  1.620321E-15
2378.  1.615668E-15
2379.  1.602448E-15
2380.  1.581116E-15
2381.  1.552422E-15
2382.  1.517375E-15
2383.  1.477184E-15
2384.  1.433195E-15
2385.  1.386821E-15
2386.  1.339477E-15
2387.  1.292517E-15
2388.  1.247183E-15
2389.  1.204569E-15
2390.  1.165595E-15
2391.  1.130996E-15
2392.  1.101325E-15
2393.  1.076966E-15
2394.  1.058154E-15
2395.  1.045005E-15
2396.  1.037544E-15
2397.  1.035739E-15
2398.  1.039526E-15
2399.  1.048834E-15
2400.  1.063606E-15
2401.  1.083800E-15
2402.  1.109396E-15
2403.  1.140382E-15
2404.  1.176739E-15
2405.  1.218412E-15
2406.  1.265284E-15
2407.  1.317135E-15
2408.  1.373618E-15
2409.  1.434222E-15
2410.  1.498260E-15
2411.  1.564852E-15
2412.  1.632937E-15
2413.  1.701286E-15
2414.  1.768542E-15
2415.  1.833265E-15
2416.  1.893988E-15
2417.  1.949285E-15
2418.  1.997830E-15
2419.  2.038465E-15
2420.  2.070251E-15
2421.  2.092502E-15
2422.  2.104814E-15
2423.  2.107071E-15
2424.  2.099430E-15
2425.  2.082302E-15
2426.  2.056309E-15
2427.  2.022246E-15
2428.  1.981035E-15
2429.  1.933679E-15
2430.  1.881227E-15
2431.  1.824741E-15
2432.  1.765276E-15
2433.  1.703862E-15
2434.  1.641493E-15
2435.  1.579123E-15
2436.  1.517657E-15
2437.  1.457946E-15
2438.  1.400782E-15
2439.  1.346889E-15
2440.  1.296922E-15
2441.  1.251457E-15
2442.  1.210993E-15
2443.  1.175956E-15
2444.  1.146699E-15
2445.  1.123518E-15
2446.  1.106660E-15
2447.  1.096330E-15
2448.  1.092702E-15
2449.  1.095919E-15
2450.  1.106095E-15
2451.  1.123297E-15
2452.  1.147536E-15
2453.  1.178743E-15
2454.  1.216736E-15
2455.  1.261194E-15
2456.  1.311627E-15
2457.  1.367343E-15
2458.  1.427434E-15
2459.  1.490759E-15
2460.  1.555957E-15
2461.  1.621461E-15
2462.  1.685552E-15
2463.  1.746412E-15
2464.  1.802214E-15
2465.  1.851217E-15
2466.  1.891865E-15
2467.  1.922888E-15
2468.  1.943393E-15
2469.  1.952924E-15
2470.  1.951498E-15
2471.  1.939606E-15
2472.  1.918176E-15
2473.  1.888499E-15
2474.  1.852136E-15
2475.  1.810798E-15
2476.  1.766229E-15
2477.  1.720084E-15
2478.  1.673829E-15
2479.  1.628662E-15
2480.  1.585457E-15
2481.  1.544744E-15
2482.  1.506716E-15
2483.  1.471258E-15
2484.  1.438004E-15
2485.  1.406404E-15
2486.  1.375802E-15
2487.  1.345513E-15
2488.  1.314899E-15
2489.  1.283434E-15
2490.  1.250747E-15
2491.  1.216661E-15
2492.  1.181200E-15
2493.  1.144587E-15
2494.  1.107218E-15
2495.  1.069636E-15
2496.  1.032485E-15
2497.  9.964707E-16
2498.  9.623189E-16
2499.  9.307417E-16
2500.  9.024079E-16
2501.  8.779228E-16
2502.  8.578129E-16
2503.  8.425171E-16
2504.  8.323789E-16
2505.  8.276389E-16
2506.  8.284271E-16
2507.  8.347492E-16
2508.  8.464742E-16
2509.  8.633175E-16
2510.  8.848254E-16
2511.  9.103664E-16
2512.  9.391251E-16
2513.  9.701136E-16
2514.  1.002192E-15
2515.  1.034108E-15
2516.  1.064548E-15
2517.  1.092209E-15
2518.  1.115864E-15
2519.  1.134443E-15
2520.  1.147098E-15
2521.  1.153257E-15
2522.  1.152658E-15
2523.  1.145362E-15
2524.  1.131729E-15
2525.  1.112382E-15
2526.  1.088145E-15
2527.  1.059970E-15
2528.  1.028853E-15
2529.  9.957628E-16
2530.  9.615749E-16
2531.  9.270208E-16
2532.  8.926619E-16
2533.  8.588815E-16
2534.  8.258980E-16
2535.  7.937945E-16
2536.  7.625582E-16
2537.  7.321250E-16
2538.  7.024255E-16
2539.  6.734208E-16
2540.  6.451336E-16
2541.  6.176613E-16
2542.  5.911798E-16
2543.  5.659335E-16
2544.  5.422136E-16
2545.  5.203329E-16
2546.  5.005933E-16
2547.  4.832576E-16
2548.  4.685253E-16
2549.  4.565132E-16
2550.  4.472485E-16
2551.  4.406704E-16
2552.  4.366400E-16
2553.  4.349588E-16
2554.  4.353927E-16
2555.  4.376968E-16
2556.  4.416409E-16
2557.  4.470306E-16
2558.  4.537232E-16
2559.  4.616355E-16
2560.  4.707455E-16
2561.  4.810833E-16
2562.  4.927171E-16
2563.  5.057342E-16
2564.  5.202190E-16
2565.  5.362318E-16
2566.  5.537902E-16
2567.  5.728567E-16
2568.  5.933347E-16
2569.  6.150713E-16
2570.  6.378689E-16
2571.  6.615016E-16
2572.  6.857366E-16
2573.  7.103537E-16
2574.  7.351604E-16
2575.  7.600033E-16
2576.  7.847674E-16
2577.  8.093680E-16
2578.  8.337340E-16
2579.  8.577864E-16
2580.  8.814136E-16
2581.  9.044484E-16
2582.  9.266521E-16
2583.  9.477045E-16
2584.  9.672071E-16
2585.  9.846940E-16
2586.  9.996542E-16
2587.  1.011559E-15
2588.  1.019897E-15
2589.  1.024202E-15
2590.  1.024088E-15
2591.  1.019273E-15
2592.  1.009597E-15
2593.  9.950308E-16
2594.  9.756824E-16
2595.  9.517908E-16
2596.  9.237136E-16
2597.  8.919137E-16
2598.  8.569365E-16
2599.  8.193869E-16
2600.  7.799056E-16
2601.  7.391400E-16
2602.  6.977234E-16
2603.  6.562489E-16
2604.  6.152531E-16
2605.  5.752004E-16
2606.  5.364759E-16
2607.  4.993816E-16
2608.  4.641406E-16
2609.  4.309033E-16
2610.  3.997582E-16
2611.  3.707422E-16
2612.  3.438527E-16
2613.  3.190558E-16
2614.  2.962924E-16
2615.  2.754855E-16
2616.  2.565419E-16
2617.  2.393565E-16
2618.  2.238185E-16
2619.  2.098183E-16
2620.  1.972562E-16
2621.  1.860546E-16
2622.  1.761667E-16
2623.  1.675864E-16
2624.  1.603505E-16
2625.  1.545373E-16
2626.  1.502578E-16
2627.  1.476416E-16
2628.  1.468197E-16
2629.  1.479028E-16
2630.  1.509631E-16
2631.  1.560201E-16
2632.  1.630293E-16
2633.  1.718787E-16
2634.  1.823921E-16
2635.  1.943349E-16
2636.  2.074257E-16
2637.  2.213478E-16
2638.  2.357628E-16
2639.  2.503217E-16
2640.  2.646775E-16
2641.  2.784941E-16
2642.  2.914578E-16
2643.  3.032882E-16
2644.  3.137491E-16
2645.  3.226602E-16
2646.  3.299091E-16
2647.  3.354600E-16
2648.  3.393621E-16
2649.  3.417501E-16
2650.  3.428450E-16
2651.  3.429425E-16
2652.  3.424012E-16
2653.  3.416232E-16
2654.  3.410303E-16
2655.  3.410401E-16
2656.  3.420406E-16
2657.  3.443656E-16
2658.  3.482752E-16
2659.  3.539402E-16
2660.  3.614314E-16
2661.  3.707167E-16
2662.  3.816632E-16
2663.  3.940467E-16
2664.  4.075646E-16
2665.  4.218529E-16
2666.  4.365073E-16
2667.  4.511017E-16
2668.  4.652114E-16
2669.  4.784311E-16
2670.  4.903933E-16
2671.  5.007851E-16
2672.  5.093615E-16
2673.  5.159585E-16
2674.  5.205042E-16
2675.  5.230264E-16
2676.  5.236619E-16
2677.  5.226579E-16
2678.  5.203734E-16
2679.  5.172732E-16
2680.  5.139174E-16
2681.  5.109432E-16
2682.  5.090405E-16
2683.  5.089205E-16
2684.  5.112811E-16
2685.  5.167679E-16
2686.  5.259362E-16
2687.  5.392140E-16
2688.  5.568723E-16
2689.  5.789998E-16
2690.  6.054888E-16
2691.  6.360293E-16
2692.  6.701139E-16
2693.  7.070505E-16
2694.  7.459832E-16
2695.  7.859197E-16
2696.  8.257624E-16
2697.  8.643431E-16
2698.  9.004612E-16
2699.  9.329210E-16
2700.  9.605753E-16
2701.  9.823678E-16
2702.  9.973794E-16
2703.  1.004875E-15
2704.  1.004348E-15
2705.  9.955576E-16
2706.  9.785636E-16
2707.  9.537325E-16
2708.  9.217337E-16
2709.  8.835068E-16
2710.  8.402042E-16
2711.  7.931141E-16
2712.  7.435673E-16
2713.  6.928397E-16
2714.  6.420617E-16
2715.  5.921454E-16
2716.  5.437404E-16
2717.  4.972220E-16
2718.  4.527159E-16
2719.  4.101492E-16
2720.  3.693267E-16
2721.  3.300121E-16
2722.  2.920079E-16
2723.  2.552198E-16
2724.  2.196960E-16
2725.  1.856393E-16
2726.  1.533916E-16
2727.  1.233949E-16
2728.  9.613651E-17
2729.  7.208849E-17
2730.  5.165040E-17
2731.  3.510102E-17
2732.  2.256883E-17
2733.  1.401938E-17
2734.  9.262058E-18
2735.  7.973629E-18
2736.  9.730679E-18
2737.  1.404999E-17
2738.  2.042695E-17
2739.  2.837019E-17
2740.  3.742714E-17
2741.  4.719954E-17
2742.  5.734841E-17
2743.  6.759202E-17
2744.  7.769777E-17
2745.  8.747166E-17
2746.  9.674971E-17
2747.  1.053928E-16
2748.  1.132846E-16
2749.  1.203333E-16
2750.  1.264764E-16
2751.  1.316829E-16
2752.  1.359550E-16
2753.  1.393227E-16
2754.  1.418351E-16
2755.  1.435479E-16
2756.  1.445061E-16
2757.  1.447288E-16
2758.  1.441964E-16
2759.  1.428442E-16
2760.  1.405610E-16
2761.  1.371981E-16
2762.  1.325823E-16
2763.  1.265360E-16
2764.  1.188982E-16
2765.  1.095467E-16
2766.  9.841669E-17
2767.  8.551717E-17
2768.  7.093950E-17
2769.  5.486241E-17
2770.  3.754771E-17
2771.  1.933239E-17
2772.  6.130238E-19
2773.  -1.817372E-17
2774.  -3.657477E-17
2775.  -5.414672E-17
2776.  -7.048047E-17
2777.  -8.522511E-17
2778.  -9.810538E-17
2779.  -1.089348E-16
2780.  -1.176197E-16
2781.  -1.241577E-16
2782.  -1.286288E-16
2783.  -1.311818E-16
2784.  -1.320192E-16
2785.  -1.313803E-16
2786.  -1.295254E-16
2787.  -1.267219E-16
2788.  -1.232316E-16
2789.  -1.193015E-16
2790.  -1.151534E-16
2791.  -1.109767E-16
2792.  -1.069214E-16
2793.  -1.030930E-16
2794.  -9.954870E-17
2795.  -9.629825E-17
2796.  -9.330640E-17
2797.  -9.049928E-17
2798.  -8.777464E-17
2799.  -8.501163E-17
2800.  -8.208373E-17
2801.  -7.886770E-17
2802.  -7.525399E-17
2803.  -7.115132E-17
2804.  -6.649045E-17
2805.  -6.122638E-17
2806.  -5.533712E-17
2807.  -4.882398E-17
2808.  -4.171009E-17
2809.  -3.404069E-17
2810.  -2.588185E-17
2811.  -1.731948E-17
2812.  -8.456625E-18
2813.  5.914626E-19
2814.  9.704040E-18
2815.  1.876502E-17
2816.  2.767424E-17
2817.  3.635944E-17
2818.  4.478743E-17
2819.  5.297364E-17
2820.  6.098640E-17
2821.  6.894617E-17
2822.  7.701861E-17
2823.  8.540136E-17
2824.  9.430443E-17
2825.  1.039269E-16
2826.  1.144322E-16
2827.  1.259222E-16
2828.  1.384175E-16
2829.  1.518437E-16
2830.  1.660258E-16
2831.  1.806950E-16
2832.  1.955055E-16
2833.  2.100607E-16
2834.  2.239477E-16
2835.  2.367736E-16
2836.  2.482009E-16
2837.  2.579787E-16
2838.  2.659618E-16
2839.  2.721192E-16
2840.  2.765296E-16
2841.  2.793634E-16
2842.  2.808565E-16
2843.  2.812783E-16
2844.  2.808983E-16
2845.  2.799569E-16
2846.  2.786438E-16
2847.  2.770842E-16
2848.  2.753383E-16
2849.  2.734069E-16
2850.  2.712460E-16
2851.  2.687847E-16
2852.  2.659418E-16
2853.  2.626415E-16
2854.  2.588234E-16
2855.  2.544463E-16
2856.  2.494885E-16
2857.  2.439420E-16
2858.  2.378079E-16
2859.  2.310891E-16
2860.  2.237876E-16
2861.  2.159049E-16
2862.  2.074432E-16
2863.  1.984123E-16
2864.  1.888354E-16
2865.  1.787543E-16
2866.  1.682340E-16
2867.  1.573623E-16
2868.  1.462480E-16
2869.  1.350144E-16
2870.  1.237915E-16
2871.  1.127078E-16
2872.  1.018824E-16
2873.  9.141769E-17
2874.  8.139535E-17
2875.  7.187435E-17
2876.  6.289011E-17
2877.  5.445779E-17
2878.  4.657336E-17
2879.  3.921976E-17
2880.  3.236991E-17
2881.  2.599145E-17
2882.  2.005086E-17
2883.  1.451787E-17
2884.  9.368646E-18
2885.  4.588330E-18
2886.  1.733199E-19
2887.  -3.868677E-18
2888.  -7.518485E-18
2889.  -1.074811E-17
2890.  -1.352355E-17
2891.  -1.580899E-17
2892.  -1.757215E-17
2893.  -1.879009E-17
2894.  -1.945420E-17
2895.  -1.957484E-17
2896.  -1.918403E-17
2897.  -1.833592E-17
2898.  -1.710504E-17
2899.  -1.558096E-17
2900.  -1.386090E-17
2901.  -1.204097E-17
2902.  -1.020654E-17
2903.  -8.424617E-18
2904.  -6.737272E-18
2905.  -5.159372E-18
2906.  -3.679959E-18
2907.  -2.267233E-18
2908.  -8.762578E-19
2909.  5.411435E-19
2910.  2.027509E-18
2911.  3.611615E-18
2912.  5.303570E-18
2913.  7.093147E-18
2914.  8.950860E-18
2915.  1.083319E-17
2916.  1.268843E-17
2917.  1.446358E-17
2918.  1.611104E-17
2919.  1.759333E-17
2920.  1.888667E-17
2921.  1.998124E-17
2922.  2.088112E-17
2923.  2.160141E-17
2924.  2.216545E-17
2925.  2.260119E-17
2926.  2.293834E-17
2927.  2.320588E-17
2928.  2.342952E-17
2929.  2.363136E-17
2930.  2.382710E-17
2931.  2.402629E-17
2932.  2.423035E-17
2933.  2.443117E-17
2934.  2.461004E-17
2935.  2.473610E-17
2936.  2.476567E-17
2937.  2.464291E-17
2938.  2.430169E-17
2939.  2.366839E-17
2940.  2.266755E-17
2941.  2.122647E-17
2942.  1.928149E-17
2943.  1.678344E-17
2944.  1.370192E-17
2945.  1.002725E-17
2946.  5.770754E-18
2947.  9.640263E-19
2948.  -4.343258E-18
2949.  -1.008631E-17
2950.  -1.618671E-17
2951.  -2.255221E-17
2952.  -2.907696E-17
2953.  -3.563911E-17
2954.  -4.209943E-17
2955.  -4.830191E-17
2956.  -5.407529E-17
2957.  -5.923983E-17
2958.  -6.361658E-17
2959.  -6.703979E-17
2960.  -6.937046E-17
2961.  -7.051042E-17
2962.  -7.041366E-17
2963.  -6.909420E-17
2964.  -6.662854E-17
2965.  -6.315330E-17
2966.  -5.885724E-17
2967.  -5.396835E-17
2968.  -4.873839E-17
2969.  -4.342346E-17
2970.  -3.826664E-17
2971.  -3.347805E-17
2972.  -2.922006E-17
2973.  -2.559511E-17
2974.  -2.263826E-17
2975.  -2.031708E-17
2976.  -1.853757E-17
2977.  -1.715626E-17
2978.  -1.599852E-17
2979.  -1.487891E-17
2980.  -1.362360E-17
2981.  -1.209053E-17
2982.  -1.018480E-17
2983.  -7.867018E-18
2984.  -5.156463E-18
2985.  -2.123736E-18
2986.  1.120897E-18
2987.  4.442528E-18
2988.  7.699788E-18
2989.  1.076146E-17
2990.  1.351919E-17
2991.  1.589703E-17
2992.  1.785437E-17
2993.  1.938493E-17
2994.  2.051168E-17
2995.  2.127894E-17
2996.  2.174388E-17
2997.  2.196832E-17
2998.  2.201126E-17
2999.  2.192456E-17
3000.  2.175037E-17
3001.  2.152029E-17
3002.  2.125650E-17
3003.  2.097393E-17
3004.  2.068180E-17
3005.  2.038619E-17
3006.  2.009155E-17
3007.  1.980141E-17
3008.  1.951916E-17
3009.  1.924779E-17
3010.  1.898893E-17
3011.  1.874318E-17
3012.  1.850971E-17
3013.  1.828510E-17
3014.  1.806471E-17
3015.  1.784246E-17
3016.  1.761108E-17
3017.  1.736353E-17
3018.  1.709414E-17
3019.  1.679851E-17
3020.  1.647468E-17
3021.  1.612391E-17
3022.  1.574992E-17
3023.  1.535974E-17
3024.  1.496245E-17
3025.  1.456887E-17
3026.  1.419022E-17
3027.  1.383803E-17
3028.  1.352239E-17
3029.  1.325163E-17
3030.  1.303167E-17
3031.  1.286567E-17
3032.  1.275388E-17
3033.  1.269374E-17
3034.  1.268058E-17
3035.  1.270743E-17
3036.  1.276581E-17
3037.  1.284665E-17
3038.  1.294002E-17
3039.  1.303622E-17
3040.  1.312629E-17
3041.  1.320196E-17
3042.  1.325595E-17
3043.  1.328290E-17
3044.  1.327861E-17
3045.  1.324105E-17
3046.  1.316940E-17
3047.  1.306493E-17
3048.  1.292986E-17
3049.  1.276749E-17
3050.  1.258230E-17
3051.  1.237869E-17
3052.  1.216100E-17
3053.  1.193426E-17
3054.  1.170283E-17
3055.  1.147124E-17
3056.  1.124399E-17
3057.  1.102592E-17
3058.  1.082189E-17
3059.  1.063663E-17
3060.  1.047488E-17
3061.  1.034037E-17
3062.  1.023572E-17
3063.  1.016181E-17
3064.  1.011755E-17
3065.  1.009944E-17
3066.  1.010220E-17
3067.  1.011850E-17
3068.  1.014047E-17
3069.  1.016009E-17
3070.  1.016997E-17
3071.  1.016447E-17
3072.  1.014031E-17
3073.  1.009662E-17
3074.  1.003482E-17
3075.  9.958472E-18
3076.  9.872945E-18
3077.  9.783901E-18
3078.  9.697334E-18
3079.  9.618642E-18
3080.  9.551837E-18
3081.  9.499494E-18
3082.  9.463666E-18
3083.  9.445132E-18
3084.  9.445817E-18
3085.  9.469588E-18
3086.  9.523984E-18
3087.  9.623290E-18
3088.  9.790006E-18
3089.  1.005731E-17
3090.  1.047061E-17
3091.  1.108694E-17
3092.  1.197495E-17
3093.  1.321047E-17
3094.  1.487228E-17
3095.  1.703462E-17
3096.  1.975860E-17
3097.  2.308389E-17
3098.  2.702077E-17
3099.  3.154376E-17
3100.  3.658916E-17
3101.  4.205477E-17
3102.  4.780566E-17
3103.  5.368145E-17
3104.  5.950687E-17
3105.  6.510320E-17
3106.  7.029942E-17
3107.  7.494156E-17
3108.  7.889823E-17
3109.  8.206458E-17
3110.  8.436209E-17
3111.  8.573693E-17
3112.  8.615739E-17
3113.  8.561116E-17
3114.  8.410549E-17
3115.  8.166601E-17
3116.  7.833988E-17
3117.  7.419823E-17
3118.  6.933848E-17
3119.  6.388557E-17
3120.  5.798954E-17
3121.  5.182116E-17
3122.  4.556376E-17
3123.  3.940161E-17
3124.  3.350809E-17
3125.  2.803351E-17
3126.  2.309392E-17
3127.  1.876476E-17
3128.  1.507740E-17
3129.  1.202127E-17
3130.  9.549023E-18
3131.  7.586558E-18
3132.  6.042583E-18
3133.  4.820845E-18
3134.  3.829421E-18
3135.  2.989449E-18
3136.  2.240852E-18
3137.  1.546037E-18
3138.  8.913295E-19
3139.  2.878023E-19
3140.  -2.298560E-19
3141.  -6.052107E-19
3142.  -7.622266E-19
3143.  -6.095658E-19
3144.  -4.565724E-20
3145.  1.035016E-18
3146.  2.734719E-18
3147.  5.143993E-18
3148.  8.335797E-18
3149.  1.235885E-17
3150.  1.723521E-17
3151.  2.296169E-17
3152.  2.951280E-17
3153.  3.684947E-17
3154.  4.492830E-17
3155.  5.371291E-17
3156.  6.318367E-17
3157.  7.334572E-17
3158.  8.423287E-17
3159.  9.590439E-17
3160.  1.084387E-16
3161.  1.219186E-16
3162.  1.364133E-16
3163.  1.519561E-16
3164.  1.685219E-16
3165.  1.860062E-16
3166.  2.042078E-16
3167.  2.228199E-16
3168.  2.414291E-16
3169.  2.595256E-16
3170.  2.765236E-16
3171.  2.917919E-16
3172.  3.046917E-16
3173.  3.146202E-16
3174.  3.210538E-16
3175.  3.235897E-16
3176.  3.219787E-16
3177.  3.161475E-16
3178.  3.062080E-16
3179.  2.924515E-16
3180.  2.753294E-16
3181.  2.554225E-16
3182.  2.334017E-16
3183.  2.099856E-16
3184.  1.858976E-16
3185.  1.618285E-16
3186.  1.384056E-16
3187.  1.161706E-16
3188.  9.556692E-17
3189.  7.693322E-17
3190.  6.050555E-17
3191.  4.642105E-17
3192.  3.472673E-17
3193.  2.538785E-17
3194.  1.829878E-17
3195.  1.329279E-17
3196.  1.015514E-17
3197.  8.634254E-18
3198.  8.456674E-18
3199.  9.339710E-18
3200.  1.100624E-17
3201.  1.319611E-17
3202.  1.567680E-17
3203.  1.825093E-17
3204.  2.076054E-17
3205.  2.308823E-17
3206.  2.515572E-17
3207.  2.691952E-17
3208.  2.836589E-17
3209.  2.950384E-17
3210.  3.035982E-17
3211.  3.097009E-17
3212.  3.137719E-17
3213.  3.162434E-17
3214.  3.175310E-17
3215.  3.180100E-17
3216.  3.180031E-17
3217.  3.177793E-17
3218.  3.175531E-17
3219.  3.174842E-17
3220.  3.176859E-17
3221.  3.182344E-17
3222.  3.191693E-17
3223.  3.204972E-17
3224.  3.222049E-17
3225.  3.242583E-17
3226.  3.266126E-17
3227.  3.292138E-17
3228.  3.320130E-17
3229.  3.349597E-17
3230.  3.380161E-17
3231.  3.411546E-17
3232.  3.443577E-17
3233.  3.476140E-17
3234.  3.509179E-17
3235.  3.542641E-17
3236.  3.576390E-17
3237.  3.610220E-17
3238.  3.643788E-17
3239.  3.676609E-17
3240.  3.708069E-17
3241.  3.737513E-17
3242.  3.764407E-17
3243.  3.788343E-17
3244.  3.809363E-17
3245.  3.828173E-17
3246.  3.846344E-17
3247.  3.866633E-17
3248.  3.893169E-17
3249.  3.931538E-17
3250.  3.988867E-17
3251.  4.073584E-17
3252.  4.195076E-17
3253.  4.363116E-17
3254.  4.586978E-17
3255.  4.874598E-17
3256.  5.231412E-17
3257.  5.659240E-17
3258.  6.155345E-17
3259.  6.711669E-17
3260.  7.314300E-17
3261.  7.943562E-17
3262.  8.574520E-17
3263.  9.178019E-17
3264.  9.722307E-17
3265.  1.017512E-16
3266.  1.050591E-16
3267.  1.068839E-16
3268.  1.070275E-16
3269.  1.053760E-16
3270.  1.019123E-16
3271.  9.672370E-17
3272.  8.999761E-17
3273.  8.201285E-17
3274.  7.312274E-17
3275.  6.373104E-17
3276.  5.426738E-17
3277.  4.515932E-17
3278.  3.680679E-17
3279.  2.956013E-17
3280.  2.370167E-17
3281.  1.943548E-17
3282.  1.688055E-17
3283.  1.607283E-17
3284.  1.697166E-17
3285.  1.947013E-17
3286.  2.340968E-17
3287.  2.859452E-17
3288.  3.480730E-17
3289.  4.182355E-17
3290.  4.942426E-17
3291.  5.740618E-17
3292.  6.558992E-17
3293.  7.382643E-17
3294.  8.200044E-17
3295.  9.003241E-17
3296.  9.787807E-17
3297.  1.055255E-16
3298.  1.129911E-16
3299.  1.203126E-16
3300.  1.275430E-16
3301.  1.347435E-16
3302.  1.419789E-16
3303.  1.493154E-16
3304.  1.568236E-16
3305.  1.645817E-16
3306.  1.726870E-16
3307.  1.812625E-16
3308.  1.904674E-16
3309.  2.005014E-16
3310.  2.116036E-16
3311.  2.240436E-16
3312.  2.381048E-16
3313.  2.540600E-16
3314.  2.721403E-16
3315.  2.925031E-16
3316.  3.151980E-16
3317.  3.401395E-16
3318.  3.670871E-16
3319.  3.956348E-16
3320.  4.252146E-16
3321.  4.551127E-16
3322.  4.844985E-16
3323.  5.124649E-16
3324.  5.380763E-16
3325.  5.604222E-16
3326.  5.786717E-16
3327.  5.921232E-16
3328.  6.002486E-16
3329.  6.027253E-16
3330.  5.994551E-16
3331.  5.905688E-16
3332.  5.764153E-16
3333.  5.575373E-16
3334.  5.346353E-16
3335.  5.085239E-16
3336.  4.800838E-16
3337.  4.502136E-16
3338.  4.197850E-16
3339.  3.896047E-16
3340.  3.603845E-16
3341.  3.327216E-16
3342.  3.070872E-16
3343.  2.838234E-16
3344.  2.631469E-16
3345.  2.451569E-16
3346.  2.298454E-16
3347.  2.171105E-16
3348.  2.067686E-16
3349.  1.985700E-16
3350.  1.922134E-16
3351.  1.873628E-16
3352.  1.836653E-16
3353.  1.807693E-16
3354.  1.783433E-16
3355.  1.760910E-16
3356.  1.737655E-16
3357.  1.711762E-16
3358.  1.681923E-16
3359.  1.647389E-16
3360.  1.607880E-16
3361.  1.563464E-16
3362.  1.514410E-16
3363.  1.461068E-16
3364.  1.403751E-16
3365.  1.342701E-16
3366.  1.278089E-16
3367.  1.210075E-16
3368.  1.138908E-16
3369.  1.065060E-16
3370.  9.893336E-17
3371.  9.129454E-17
3372.  8.375664E-17
3373.  7.652985E-17
3374.  6.985929E-17
3375.  6.401204E-17
3376.  5.926272E-17
3377.  5.587600E-17
3378.  5.409164E-17
3379.  5.411204E-17
3380.  5.609065E-17
3381.  6.012634E-17
3382.  6.625705E-17
3383.  7.446063E-17
3384.  8.465328E-17
3385.  9.669429E-17
3386.  1.103925E-16
3387.  1.255170E-16
3388.  1.418118E-16
3389.  1.590147E-16
3390.  1.768787E-16
3391.  1.951957E-16
3392.  2.138187E-16
3393.  2.326810E-16
3394.  2.518082E-16
3395.  2.713230E-16
3396.  2.914394E-16
3397.  3.124474E-16
3398.  3.346862E-16
3399.  3.585130E-16
3400.  3.842657E-16
3401.  4.122255E-16
3402.  4.425822E-16
3403.  4.754067E-16
3404.  5.106324E-16
3405.  5.480470E-16
3406.  5.872955E-16
3407.  6.278944E-16
3408.  6.692524E-16
3409.  7.106990E-16
3410.  7.515140E-16
3411.  7.909596E-16
3412.  8.283073E-16
3413.  8.628649E-16
3414.  8.939944E-16
3415.  9.211269E-16
3416.  9.437730E-16
3417.  9.615279E-16
3418.  9.740758E-16
3419.  9.811918E-16
3420.  9.827457E-16
3421.  9.787044E-16
3422.  9.691376E-16
3423.  9.542222E-16
3424.  9.342471E-16
3425.  9.096139E-16
3426.  8.808335E-16
3427.  8.485198E-16
3428.  8.133711E-16
3429.  7.761503E-16
3430.  7.376565E-16
3431.  6.986957E-16
3432.  6.600497E-16
3433.  6.224470E-16
3434.  5.865401E-16
3435.  5.528858E-16
3436.  5.219331E-16
3437.  4.940168E-16
3438.  4.693553E-16
3439.  4.480494E-16
3440.  4.300857E-16
3441.  4.153400E-16
3442.  4.035816E-16
3443.  3.944822E-16
3444.  3.876275E-16
3445.  3.825342E-16
3446.  3.786735E-16
3447.  3.754988E-16
3448.  3.724767E-16
3449.  3.691204E-16
3450.  3.650201E-16
3451.  3.598682E-16
3452.  3.534758E-16
3453.  3.457820E-16
3454.  3.368497E-16
3455.  3.268530E-16
3456.  3.160578E-16
3457.  3.047949E-16
3458.  2.934324E-16
3459.  2.823479E-16
3460.  2.719059E-16
3461.  2.624372E-16
3462.  2.542282E-16
3463.  2.475150E-16
3464.  2.424825E-16
3465.  2.392701E-16
3466.  2.379800E-16
3467.  2.386845E-16
3468.  2.414360E-16
3469.  2.462725E-16
3470.  2.532220E-16
3471.  2.623011E-16
3472.  2.735124E-16
3473.  2.868356E-16
3474.  3.022180E-16
3475.  3.195622E-16
3476.  3.387129E-16
3477.  3.594462E-16
3478.  3.814603E-16
3479.  4.043714E-16
3480.  4.277141E-16
3481.  4.509503E-16
3482.  4.734840E-16
3483.  4.946835E-16
3484.  5.139107E-16
3485.  5.305557E-16
3486.  5.440735E-16
3487.  5.540199E-16
3488.  5.600859E-16
3489.  5.621216E-16
3490.  5.601522E-16
3491.  5.543799E-16
3492.  5.451698E-16
3493.  5.330247E-16
3494.  5.185450E-16
3495.  5.023825E-16
3496.  4.851884E-16
3497.  4.675658E-16
3498.  4.500295E-16
3499.  4.329739E-16
3500.  4.166611E-16
3501.  4.012208E-16
3502.  3.866659E-16
3503.  3.729175E-16
3504.  3.598393E-16
3505.  3.472707E-16
3506.  3.350585E-16
3507.  3.230803E-16
3508.  3.112589E-16
3509.  2.995664E-16
3510.  2.880170E-16
3511.  2.766551E-16
3512.  2.655378E-16
3513.  2.547171E-16
3514.  2.442247E-16
3515.  2.340633E-16
3516.  2.242037E-16
3517.  2.145905E-16
3518.  2.051529E-16
3519.  1.958210E-16
3520.  1.865444E-16
3521.  1.773087E-16
3522.  1.681486E-16
3523.  1.591564E-16
3524.  1.504806E-16
3525.  1.423189E-16
3526.  1.349017E-16
3527.  1.284723E-16
3528.  1.232610E-16
3529.  1.194614E-16
3530.  1.172064E-16
3531.  1.165490E-16
3532.  1.174520E-16
3533.  1.197826E-16
3534.  1.233159E-16
3535.  1.277486E-16
3536.  1.327161E-16
3537.  1.378164E-16
3538.  1.426369E-16
3539.  1.467799E-16
3540.  1.498875E-16
3541.  1.516608E-16
3542.  1.518745E-16
3543.  1.503854E-16
3544.  1.471332E-16
3545.  1.421375E-16
3546.  1.354917E-16
3547.  1.273529E-16
3548.  1.179312E-16
3549.  1.074803E-16
3550.  9.628770E-17
3551.  8.466295E-17
3552.  7.292962E-17
3553.  6.141221E-17
3554.  5.042468E-17
3555.  4.025713E-17
3556.  3.116319E-17
3557.  2.334937E-17
3558.  1.696792E-17
3559.  1.211406E-17
3560.  8.828264E-18
3561.  7.104285E-18
3562.  6.901024E-18
3563.  8.153202E-18
3564.  1.078599E-17
3565.  1.472180E-17
3566.  1.988607E-17
3567.  2.620581E-17
3568.  3.360344E-17
3569.  4.198959E-17
3570.  5.125160E-17
3571.  6.124725E-17
3572.  7.179946E-17
3573.  8.269874E-17
3574.  9.371114E-17
3575.  1.045928E-16
3576.  1.151081E-16
3577.  1.250502E-16
3578.  1.342632E-16
3579.  1.426580E-16
3580.  1.502242E-16
3581.  1.570340E-16
3582.  1.632358E-16
3583.  1.690385E-16
3584.  1.746884E-16
3585.  1.804371E-16
3586.  1.865077E-16
3587.  1.930614E-16
3588.  2.001677E-16
3589.  2.077863E-16
3590.  2.157586E-16
3591.  2.238180E-16
3592.  2.316127E-16
3593.  2.387426E-16
3594.  2.448080E-16
3595.  2.494582E-16
3596.  2.524419E-16
3597.  2.536465E-16
3598.  2.531236E-16
3599.  2.510988E-16
3600.  2.479589E-16
3601.  2.442231E-16
3602.  2.404971E-16
3603.  2.374150E-16
3604.  2.355763E-16
3605.  2.354806E-16
3606.  2.374700E-16
3607.  2.416820E-16
3608.  2.480196E-16
3609.  2.561425E-16
3610.  2.654816E-16
3611.  2.752768E-16
3612.  2.846353E-16
3613.  2.926058E-16
3614.  2.982608E-16
3615.  3.007781E-16
3616.  2.995115E-16
3617.  2.940452E-16
3618.  2.842235E-16
3619.  2.701558E-16
3620.  2.521971E-16
3621.  2.309095E-16
3622.  2.070102E-16
3623.  1.813142E-16
3624.  1.546785E-16
3625.  1.279503E-16
3626.  1.019287E-16
3627.  7.732847E-17
3628.  5.476057E-17
3629.  3.471334E-17
3630.  1.754230E-17
3631.  3.462821E-18
3632.  -7.452090E-18
3633.  -1.526951E-17
3634.  -2.018691E-17
3635.  -2.251719E-17
3636.  -2.266388E-17
3637.  -2.109184E-17
3638.  -1.829357E-17
3639.  -1.475301E-17
3640.  -1.091362E-17
3641.  -7.151566E-18
3642.  -3.756896E-18
3643.  -9.242643E-19
3644.  1.244546E-18
3645.  2.732714E-18
3646.  3.591275E-18
3647.  3.919813E-18
3648.  3.845712E-18
3649.  3.504428E-18
3650.  3.024235E-18
3651.  2.513539E-18
3652.  2.054507E-18
3653.  1.700336E-18
3654.  1.475684E-18
3655.  1.381473E-18
3656.  1.400172E-18
3657.  1.501862E-18
3658.  1.651058E-18
3659.  1.812042E-18
3660.  1.953496E-18
3661.  2.051227E-18
3662.  2.089955E-18
3663.  2.063239E-18
3664.  1.973192E-18
3665.  1.828283E-18
3666.  1.641757E-18
3667.  1.428997E-18
3668.  1.205817E-18
3669.  9.866600E-19
3670.  7.836686E-19
3671.  6.050978E-19
3672.  4.557347E-19
3673.  3.366281E-19
3674.  2.456309E-19
3675.  1.780133E-19
3676.  1.268304E-19
3677.  8.452854E-20
3678.  4.249651E-20
3679.  -7.488822E-21
3680.  -7.320229E-20
3681.  -1.615733E-19
3682.  -2.779527E-19
3683.  -4.265506E-19
3684.  -6.097186E-19
3685.  -8.283992E-19
3686.  -1.082170E-18
3687.  -1.368320E-18
3688.  -1.683537E-18
3689.  -2.023432E-18
3690.  -2.382061E-18
3691.  -2.754192E-18
3692.  -3.134012E-18
3693.  -3.516012E-18
3694.  -3.895435E-18
3695.  -4.268215E-18
3696.  -4.631706E-18
3697.  -4.983838E-18
3698.  -5.323394E-18
3699.  -5.651268E-18
3700.  -5.968641E-18
3701.  -6.278866E-18
3702.  -6.587686E-18
3703.  -6.902649E-18
3704.  -7.235557E-18
3705.  -7.601837E-18
3706.  -8.021874E-18
3707.  -8.521027E-18
3708.  -9.129817E-18
3709.  -9.882787E-18
3710.  -1.081804E-17
3711.  -1.197494E-17
3712.  -1.339140E-17
3713.  -1.510110E-17
3714.  -1.713042E-17
3715.  -1.949428E-17
3716.  -2.219289E-17
3717.  -2.520894E-17
3718.  -2.850412E-17
3719.  -3.201755E-17
3720.  -3.566439E-17
3721.  -3.933526E-17
3722.  -4.289665E-17
3723.  -4.619406E-17
3724.  -4.905378E-17
3725.  -5.128865E-17
3726.  -5.270456E-17
3727.  -5.310747E-17
3728.  -5.231384E-17
3729.  -5.015871E-17
3730.  -4.650684E-17
3731.  -4.126202E-17
3732.  -3.437537E-17
3733.  -2.585075E-17
3734.  -1.575026E-17
3735.  -4.194210E-18
3736.  8.639578E-18
3737.  2.252004E-17
3738.  3.716878E-17
3739.  5.226790E-17
3740.  6.746962E-17
3741.  8.240638E-17
3742.  9.670330E-17
3743.  1.099901E-16
3744.  1.219157E-16
3745.  1.321629E-16
3746.  1.404647E-16
3747.  1.466192E-16
3748.  1.505031E-16
3749.  1.520835E-16
3750.  1.514227E-16
3751.  1.486777E-16
3752.  1.440919E-16
3753.  1.379797E-16
3754.  1.307037E-16
3755.  1.226465E-16
3756.  1.141823E-16
3757.  1.056480E-16
3758.  9.732131E-17
3759.  8.940352E-17
3760.  8.201476E-17
3761.  7.519656E-17
3762.  6.892410E-17
3763.  6.312506E-17
3764.  5.770112E-17
3765.  5.255010E-17
3766.  4.758435E-17
3767.  4.274495E-17
3768.  3.800872E-17
3769.  3.338829E-17
3770.  2.892708E-17
3771.  2.469045E-17
3772.  2.075300E-17
3773.  1.718748E-17
3774.  1.405484E-17
3775.  1.139649E-17
3776.  9.231113E-18
3777.  7.554937E-18
3778.  6.344231E-18
3779.  5.561379E-18
3780.  5.159897E-18
3781.  5.090402E-18
3782.  5.303141E-18
3783.  5.750148E-18
3784.  6.382767E-18
3785.  7.150486E-18
3786.  7.997024E-18
3787.  8.858985E-18
3788.  9.666765E-18
3789.  1.034907E-17
3790.  1.083903E-17
3791.  1.108488E-17
3792.  1.105920E-17
3793.  1.076649E-17
3794.  1.024669E-17
3795.  9.573941E-18
3796.  8.847531E-18
3797.  8.179519E-18
3798.  7.677055E-18
3799.  7.426161E-18
3800.  7.476714E-18
3801.  7.834011E-18
3802.  8.457181E-18
3803.  9.265247E-18
3804.  1.015024E-17
3805.  1.099503E-17
3806.  1.169183E-17
3807.  1.216015E-17
3808.  1.235837E-17
3809.  1.229020E-17
3810.  1.200307E-17
3811.  1.157963E-17
3812.  1.112419E-17
3813.  1.074614E-17
3814.  1.054390E-17
3815.  1.058939E-17
3816.  1.091695E-17
3817.  1.151768E-17
3818.  1.233773E-17
3819.  1.328195E-17
3820.  1.422149E-17
3821.  1.500522E-17
3822.  1.547291E-17
3823.  1.546909E-17
3824.  1.485927E-17
3825.  1.354323E-17
3826.  1.146651E-17
3827.  8.630314E-18
3828.  5.095617E-18
3829.  9.824106E-19
3830.  -3.535627E-18
3831.  -8.241823E-18
3832.  -1.289294E-17
3833.  -1.723621E-17
3834.  -2.102982E-17
3835.  -2.406089E-17
3836.  -2.616160E-17
3837.  -2.722064E-17
3838.  -2.718904E-17
3839.  -2.608023E-17
3840.  -2.396408E-17
3841.  -2.095632E-17
3842.  -1.720553E-17
3843.  -1.287723E-17
3844.  -8.140825E-18
3845.  -3.158562E-18
3846.  1.920587E-18
3847.  6.962402E-18
3848.  1.184335E-17
3849.  1.644425E-17
3850.  2.064309E-17
3851.  2.430880E-17
3852.  2.730070E-17
3853.  2.947283E-17
3854.  3.068507E-17
3855.  3.081929E-17
3856.  2.979759E-17
3857.  2.760034E-17
3858.  2.427875E-17
3859.  1.996148E-17
3860.  1.484974E-17
3861.  9.206109E-18
3862.  3.331704E-18
3863.  -2.457863E-18
3864.  -7.861597E-18
3865.  -1.261649E-17
3866.  -1.651774E-17
3867.  -1.943007E-17
3868.  -2.129081E-17
3869.  -2.210542E-17
3870.  -2.193719E-17
3871.  -2.089356E-17
3872.  -1.911202E-17
3873.  -1.674754E-17
3874.  -1.396291E-17
3875.  -1.092239E-17
3876.  -7.788421E-18
3877.  -4.719690E-18
3878.  -1.868374E-18
3879.  6.231943E-19
3880.  2.628555E-18
3881.  4.045962E-18
3882.  4.808096E-18
3883.  4.891211E-18
3884.  4.322909E-18
3885.  3.185209E-18
3886.  1.612028E-18
3887.  -2.195196E-19
3888.  -2.102725E-18
3889.  -3.820051E-18
3890.  -5.162900E-18
3891.  -5.951312E-18
3892.  -6.049924E-18
3893.  -5.379256E-18
3894.  -3.921972E-18
3895.  -1.721670E-18
3896.  1.122009E-18
3897.  4.462075E-18
3898.  8.114284E-18
3899.  1.186917E-17
3900.  1.550202E-17
3901.  1.878433E-17
3902.  2.149335E-17
3903.  2.342412E-17
3904.  2.440151E-17
3905.  2.429311E-17
3906.  2.302265E-17
3907.  2.058210E-17
3908.  1.704030E-17
3909.  1.254630E-17
3910.  7.325847E-18
3911.  1.668975E-18
3912.  -4.089564E-18
3913.  -9.595940E-18
3914.  -1.450803E-17
3915.  -1.852541E-17
3916.  -2.141588E-17
3917.  -2.303653E-17
3918.  -2.334418E-17
3919.  -2.239611E-17
3920.  -2.033982E-17
3921.  -1.739444E-17
3922.  -1.382656E-17
3923.  -9.921830E-18
3924.  -5.959174E-18
3925.  -2.187124E-18
3926.  1.193024E-18
3927.  4.037024E-18
3928.  6.261195E-18
3929.  7.839113E-18
3930.  8.792965E-18
3931.  9.183528E-18
3932.  9.097370E-18
3933.  8.635582E-18
3934.  7.903754E-18
3935.  7.004155E-18
3936.  6.029914E-18
3937.  5.062272E-18
3938.  4.168628E-18
3939.  3.401487E-18
3940.  2.798436E-18
3941.  2.381794E-18
3942.  2.158034E-18
3943.  2.118016E-18
3944.  2.237748E-18
3945.  2.480327E-18
3946.  2.799983E-18
3947.  3.147530E-18
3948.  3.478304E-18
3949.  3.759401E-18
3950.  3.977344E-18
3951.  4.142572E-18
3952.  4.291433E-18
3953.  4.482981E-18
3954.  4.791087E-18
3955.  5.294016E-18
3956.  6.060727E-18
3957.  7.136162E-18
3958.  8.530122E-18
3959.  1.020857E-17
3960.  1.208981E-17
3961.  1.404796E-17
3962.  1.592136E-17
3963.  1.752683E-17
3964.  1.867841E-17
3965.  1.920724E-17
3966.  1.898229E-17
3967.  1.792819E-17
3968.  1.603798E-17
3969.  1.337832E-17
3970.  1.008647E-17
3971.  6.357848E-18
3972.  2.425954E-18
3973.  -1.464062E-18
3974.  -5.083718E-18
3975.  -8.246857E-18
3976.  -1.083066E-17
3977.  -1.278548E-17
3978.  -1.413411E-17
3979.  -1.496116E-17
3980.  -1.539168E-17
3981.  -1.556759E-17
3982.  -1.562275E-17
3983.  -1.566318E-17
3984.  -1.575499E-17
3985.  -1.592105E-17
3986.  -1.614751E-17
3987.  -1.639521E-17
3988.  -1.661484E-17
3989.  -1.676035E-17
3990.  -1.679925E-17
3991.  -1.671735E-17
3992.  -1.651799E-17
3993.  -1.621735E-17
3994.  -1.583832E-17
3995.  -1.540473E-17
3996.  -1.493770E-17
3997.  -1.445572E-17
3998.  -1.397635E-17
3999.  -1.351974E-17
4000.  -1.311076E-17
4001.  -1.277907E-17
4002.  -1.255661E-17
4003.  -1.247223E-17
4004.  -1.254574E-17
4005.  -1.278374E-17
4006.  -1.317766E-17
4007.  -1.370745E-17
4008.  -1.434965E-17
4009.  -1.508835E-17
4010.  -1.592632E-17
4011.  -1.689780E-17
4012.  -1.807234E-17
4013.  -1.955525E-17
4014.  -2.148162E-17
4015.  -2.400293E-17
4016.  -2.727041E-17
4017.  -3.141699E-17
4018.  -3.653810E-17
4019.  -4.267554E-17
4020.  -4.980428E-17
4021.  -5.782432E-17
4022.  -6.655831E-17
4023.  -7.575370E-17
4024.  -8.509259E-17
4025.  -9.420816E-17
4026.  -1.027065E-16
4027.  -1.101942E-16
4028.  -1.163087E-16
4029.  -1.207493E-16
4030.  -1.233035E-16
4031.  -1.238680E-16
4032.  -1.224597E-16
4033.  -1.192146E-16
4034.  -1.143778E-16
4035.  -1.082808E-16
4036.  -1.013138E-16
4037.  -9.389378E-17
4038.  -8.643235E-17
4039.  -7.930711E-17
4040.  -7.283970E-17
4041.  -6.727923E-17
4042.  -6.279458E-17
4043.  -5.947407E-17
4044.  -5.732951E-17
4045.  -5.630649E-17
4046.  -5.629651E-17
4047.  -5.715166E-17
4048.  -5.869860E-17
4049.  -6.075194E-17
4050.  -6.312610E-17
4051.  -6.564218E-17
4052.  -6.813400E-17
4053.  -7.044868E-17
4054.  -7.244585E-17
4055.  -7.399426E-17
4056.  -7.496970E-17
4057.  -7.525387E-17
4058.  -7.473538E-17
4059.  -7.331633E-17
4060.  -7.092004E-17
4061.  -6.750201E-17
4062.  -6.306035E-17
4063.  -5.764577E-17
4064.  -5.136546E-17
4065.  -4.438417E-17
4066.  -3.691729E-17
4067.  -2.921864E-17
4068.  -2.156321E-17
4069.  -1.422543E-17
4070.  -7.455981E-18
4071.  -1.458730E-18
4072.  3.630009E-18
4073.  7.757521E-18
4074.  1.096398E-17
4075.  1.338244E-17
4076.  1.523171E-17
4077.  1.679786E-17
4078.  1.840953E-17
4079.  2.040733E-17
4080.  2.311091E-17
4081.  2.678838E-17
4082.  3.162951E-17
4083.  3.772666E-17
4084.  4.506559E-17
4085.  5.352447E-17
4086.  6.288345E-17
4087.  7.283939E-17
4088.  8.302720E-17
4089.  9.304413E-17
4090.  1.024756E-16
4091.  1.109212E-16
4092.  1.180196E-16
4093.  1.234702E-16
4094.  1.270520E-16
4095.  1.286355E-16
4096.  1.281894E-16
4097.  1.257782E-16
4098.  1.215521E-16
4099.  1.157296E-16
4100.  1.085764E-16
4101.  1.003797E-16
4102.  9.142469E-17
4103.  8.197592E-17
4104.  7.226410E-17
4105.  6.248098E-17
4106.  5.278340E-17
4107.  4.330089E-17
4108.  3.414960E-17
4109.  2.544374E-17
4110.  1.730794E-17
4111.  9.882528E-18
4112.  3.325272E-18
4113.  -2.193259E-18
4114.  -6.498578E-18
4115.  -9.424400E-18
4116.  -1.082524E-17
4117.  -1.058889E-17
4118.  -8.644811E-18
4119.  -4.970578E-18
4120.  4.073304E-19
4121.  7.417587E-18
4122.  1.595085E-17
4123.  2.587026E-17
4124.  3.702320E-17
4125.  4.925235E-17
4126.  6.240489E-17
4127.  7.633914E-17
4128.  9.092537E-17
4129.  1.060440E-16
4130.  1.215783E-16
4131.  1.374056E-16
4132.  1.533852E-16
4133.  1.693492E-16
4134.  1.850925E-16
4135.  2.003697E-16
4136.  2.148938E-16
4137.  2.283433E-16
4138.  2.403739E-16
4139.  2.506340E-16
4140.  2.587869E-16
4141.  2.645318E-16
4142.  2.676274E-16
4143.  2.679120E-16
4144.  2.653205E-16
4145.  2.598947E-16
4146.  2.517873E-16
4147.  2.412593E-16
4148.  2.286689E-16
4149.  2.144542E-16
4150.  1.991109E-16
4151.  1.831655E-16
4152.  1.671460E-16
4153.  1.515515E-16
4154.  1.368249E-16
4155.  1.233258E-16
4156.  1.113111E-16
4157.  1.009208E-16
4158.  9.217249E-17
4159.  8.496417E-17
4160.  7.908669E-17
4161.  7.424539E-17
4162.  7.008646E-17
4163.  6.622910E-17
4164.  6.230015E-17
4165.  5.796511E-17
4166.  5.295489E-17
4167.  4.708716E-17
4168.  4.027686E-17
4169.  3.253859E-17
4170.  2.398126E-17
4171.  1.479443E-17
4172.  5.231970E-18
4173.  -4.409769E-18
4174.  -1.381131E-17
4175.  -2.265133E-17
4176.  -3.062418E-17
4177.  -3.745578E-17
4178.  -4.291759E-17
4179.  -4.683739E-17
4180.  -4.910828E-17
4181.  -4.969448E-17
4182.  -4.863484E-17
4183.  -4.604272E-17
4184.  -4.210154E-17
4185.  -3.705581E-17
4186.  -3.119752E-17
4187.  -2.484763E-17
4188.  -1.833496E-17
4189.  -1.197164E-17
4190.  -6.030465E-18
4191.  -7.240794E-19
4192.  3.809243E-18
4193.  7.512400E-18
4194.  1.040700E-17
4195.  1.258096E-17
4196.  1.416957E-17
4197.  1.533195E-17
4198.  1.622631E-17
4199.  1.699163E-17
4200.  1.773571E-17
4201.  1.853572E-17
4202.  1.945012E-17
4203.  2.053963E-17
4204.  2.189506E-17
4205.  2.366618E-17
4206.  2.608352E-17
4207.  2.947041E-17
4208.  3.423853E-17
4209.  4.086690E-17
4210.  4.986287E-17
4211.  6.170959E-17
4212.  7.680441E-17
4213.  9.539509E-17
4214.  1.175212E-16
4215.  1.429667E-16
4216.  1.712305E-16
4217.  2.015201E-16
4218.  2.327698E-16
4219.  2.636853E-16
4220.  2.928126E-16
4221.  3.186277E-16
4222.  3.396410E-16
4223.  3.545077E-16
4224.  3.621366E-16
4225.  3.617856E-16
4226.  3.531351E-16
4227.  3.363310E-16
4228.  3.119934E-16
4229.  2.811864E-16
4230.  2.453530E-16
4231.  2.062200E-16
4232.  1.656806E-16
4233.  1.256655E-16
4234.  8.801496E-17
4235.  5.435864E-17
4236.  2.601798E-17
4237.  3.932709E-18
4238.  -1.138080E-17
4239.  -1.983932E-17
4240.  -2.177200E-17
4241.  -1.787059E-17
4242.  -9.118939E-18
4243.  3.292921E-18
4244.  1.806411E-17
4245.  3.387752E-17
4246.  4.948757E-17
4247.  6.379493E-17
4248.  7.590339E-17
4249.  8.515659E-17
4250.  9.115397E-17
4251.  9.374601E-17
4252.  9.301446E-17
4253.  8.923904E-17
4254.  8.285695E-17
4255.  7.441732E-17
4256.  6.453707E-17
4257.  5.385710E-17
4258.  4.300314E-17
4259.  3.255057E-17
4260.  2.299349E-17
4261.  1.471983E-17
4262.  7.991986E-18
4263.  2.935409E-18
4264.  -4.646388E-19
4265.  -2.354169E-18
4266.  -2.992430E-18
4267.  -2.722411E-18
4268.  -1.935278E-18
4269.  -1.028582E-18
4270.  -3.668250E-19
4271.  -2.479655E-19
4272.  -8.774706E-19
4273.  -2.357630E-18
4274.  -4.687776E-18
4275.  -7.777479E-18
4276.  -1.146826E-17
4277.  -1.556081E-17
4278.  -1.984233E-17
4279.  -2.411143E-17
4280.  -2.819553E-17
4281.  -3.196301E-17
4282.  -3.532571E-17
4283.  -3.823462E-17
4284.  -4.067214E-17
4285.  -4.264041E-17
4286.  -4.414939E-17
4287.  -4.520947E-17
4288.  -4.582486E-17
4289.  -4.599272E-17
4290.  -4.570689E-17
4291.  -4.496428E-17
4292.  -4.377087E-17
4293.  -4.214944E-17
4294.  -4.014224E-17
4295.  -3.781056E-17
4296.  -3.523029E-17
4297.  -3.248356E-17
4298.  -2.964840E-17
4299.  -2.678973E-17
4300.  -2.395097E-17
4301.  -2.115116E-17
4302.  -1.838564E-17
4303.  -1.563157E-17
4304.  -1.285608E-17
4305.  -1.002627E-17
4306.  -7.117208E-18
4307.  -4.118694E-18
4308.  -1.037046E-18
4309.  2.107320E-18
4310.  5.287187E-18
4311.  8.478952E-18
4312.  1.167619E-17
4313.  1.490546E-17
4314.  1.824203E-17
4315.  2.182559E-17
4316.  2.587300E-17
4317.  3.068920E-17
4318.  3.667025E-17
4319.  4.430048E-17
4320.  5.413692E-17
4321.  6.678268E-17
4322.  8.284619E-17
4323.  1.028866E-16
4324.  1.273507E-16
4325.  1.565041E-16
4326.  1.903670E-16
4327.  2.286628E-16
4328.  2.707889E-16
4329.  3.158186E-16
4330.  3.625393E-16
4331.  4.095265E-16
4332.  4.552470E-16
4333.  4.981858E-16
4334.  5.369774E-16
4335.  5.705271E-16
4336.  5.981081E-16
4337.  6.194200E-16
4338.  6.346006E-16
4339.  6.441932E-16
4340.  6.490710E-16
4341.  6.503326E-16
4342.  6.491820E-16
4343.  6.468091E-16
4344.  6.442844E-16
4345.  6.424808E-16
4346.  6.420268E-16
4347.  6.432903E-16
4348.  6.463901E-16
4349.  6.512273E-16
4350.  6.575260E-16
4351.  6.648725E-16
4352.  6.727510E-16
4353.  6.805687E-16
4354.  6.876728E-16
4355.  6.933649E-16
4356.  6.969167E-16
4357.  6.975931E-16
4358.  6.946873E-16
4359.  6.875666E-16
4360.  6.757269E-16
4361.  6.588477E-16
4362.  6.368397E-16
4363.  6.098751E-16
4364.  5.783961E-16
4365.  5.430957E-16
4366.  5.048745E-16
4367.  4.647756E-16
4368.  4.239086E-16
4369.  3.833720E-16
4370.  3.441810E-16
4371.  3.072119E-16
4372.  2.731655E-16
4373.  2.425519E-16
4374.  2.156946E-16
4375.  1.927492E-16
4376.  1.737317E-16
4377.  1.585495E-16
4378.  1.470305E-16
4379.  1.389450E-16
4380.  1.340213E-16
4381.  1.319535E-16
4382.  1.324044E-16
4383.  1.350076E-16
4384.  1.393705E-16
4385.  1.450826E-16
4386.  1.517296E-16
4387.  1.589118E-16
4388.  1.662656E-16
4389.  1.734847E-16
4390.  1.803365E-16
4391.  1.866720E-16
4392.  1.924257E-16
4393.  1.976081E-16
4394.  2.022891E-16
4395.  2.065777E-16
4396.  2.105981E-16
4397.  2.144696E-16
4398.  2.182885E-16
4399.  2.221144E-16
4400.  2.259655E-16
4401.  2.298143E-16
4402.  2.335929E-16
4403.  2.371982E-16
4404.  2.405018E-16
4405.  2.433621E-16
4406.  2.456364E-16
4407.  2.471960E-16
4408.  2.479413E-16
4409.  2.478154E-16
4410.  2.468175E-16
4411.  2.450111E-16
4412.  2.425274E-16
4413.  2.395630E-16
4414.  2.363678E-16
4415.  2.332277E-16
4416.  2.304418E-16
4417.  2.282961E-16
4418.  2.270381E-16
4419.  2.268539E-16
4420.  2.278536E-16
4421.  2.300628E-16
4422.  2.334215E-16
4423.  2.377927E-16
4424.  2.429733E-16
4425.  2.487113E-16
4426.  2.547221E-16
4427.  2.607055E-16
4428.  2.663640E-16
4429.  2.714189E-16
4430.  2.756271E-16
4431.  2.787980E-16
4432.  2.808079E-16
4433.  2.816157E-16
4434.  2.812696E-16
4435.  2.799107E-16
4436.  2.777675E-16
4437.  2.751402E-16
4438.  2.723776E-16
4439.  2.698464E-16
4440.  2.678980E-16
4441.  2.668370E-16
4442.  2.668942E-16
4443.  2.682112E-16
4444.  2.708367E-16
4445.  2.747337E-16
4446.  2.798001E-16
4447.  2.858954E-16
4448.  2.928710E-16
4449.  3.005983E-16
4450.  3.089893E-16
4451.  3.180077E-16
4452.  3.276677E-16
4453.  3.380204E-16
4454.  3.491310E-16
4455.  3.610495E-16
4456.  3.737792E-16
4457.  3.872486E-16
4458.  4.012915E-16
4459.  4.156355E-16
4460.  4.299081E-16
4461.  4.436511E-16
4462.  4.563538E-16
4463.  4.674892E-16
4464.  4.765581E-16
4465.  4.831344E-16
4466.  4.868975E-16
4467.  4.876588E-16
4468.  4.853716E-16
4469.  4.801211E-16
4470.  4.721040E-16
4471.  4.615914E-16
4472.  4.488884E-16
4473.  4.342932E-16
4474.  4.180623E-16
4475.  4.003895E-16
4476.  3.814004E-16
4477.  3.611632E-16
4478.  3.397130E-16
4479.  3.170847E-16
4480.  2.933502E-16
4481.  2.686483E-16
4482.  2.432054E-16
4483.  2.173419E-16
4484.  1.914618E-16
4485.  1.660277E-16
4486.  1.415261E-16
4487.  1.184268E-16
4488.  9.714292E-17
4489.  7.799806E-17
4490.  6.120469E-17
4491.  4.685387E-17
4492.  3.491932E-17
4493.  2.527140E-17
4494.  1.770085E-17
4495.  1.194460E-17
4496.  7.713216E-18
4497.  4.715549E-18
4498.  2.678247E-18
4499.  1.358929E-18
4500.  5.540904E-19
