1.  -1.156086E-22
2.  -1.998660E-22
3.  -6.466660E-23
4.  -1.315833E-22
5.  -1.051712E-22
6.  -3.761878E-23
7.  -1.252325E-22
8.  -1.428525E-22
9.  -7.727915E-23
10.  -1.090752E-22
11.  -9.385249E-23
12.  -1.344074E-22
13.  -8.907537E-24
14.  -7.354939E-23
15.  -5.507251E-23
16.  -2.969260E-23
17.  -5.327340E-23
18.  -1.035827E-22
19.  -3.217361E-23
20.  -1.332889E-22
21.  -6.439377E-23
22.  -5.315561E-23
23.  -7.521852E-23
24.  -6.826030E-23
25.  -7.514697E-23
26.  -4.106321E-23
27.  -6.125220E-23
28.  -5.748893E-23
29.  -1.241517E-22
30.  -1.794934E-22
31.  -7.297444E-23
32.  -1.394585E-22
33.  -6.151088E-23
34.  4.245230E-24
35.  -1.301743E-22
36.  -1.093875E-22
37.  -8.687396E-23
38.  -9.481600E-23
39.  -4.834748E-23
40.  3.513446E-23
41.  -6.690606E-23
42.  -6.654342E-23
43.  -4.319125E-23
44.  -2.282274E-23
45.  -1.430992E-22
46.  -1.370638E-22
47.  -1.045250E-22
48.  -1.359764E-22
49.  -1.517195E-22
50.  -2.175945E-22
51.  -2.851292E-23
52.  -7.520958E-23
53.  -4.774553E-23
54.  -1.449572E-22
55.  -6.909748E-23
56.  -9.671884E-23
57.  -1.157205E-22
58.  -1.924583E-22
59.  -2.899695E-23
60.  -1.319033E-23
61.  -1.892763E-22
62.  -4.308069E-23
63.  -9.993329E-23
64.  -8.476592E-23
65.  -1.543797E-22
66.  -2.055213E-22
67.  -2.559498E-23
68.  -5.571374E-23
69.  -1.286073E-22
70.  -1.180663E-22
71.  -2.664313E-23
72.  -1.429041E-22
73.  -3.248581E-23
74.  -9.330524E-23
75.  -4.551787E-23
76.  -1.132713E-22
77.  -1.212152E-22
78.  -1.398564E-22
79.  -1.078295E-22
80.  -9.240848E-23
81.  -1.728174E-22
82.  -1.552108E-22
83.  -2.294079E-23
84.  -1.108079E-22
85.  -5.212452E-23
86.  -1.139056E-22
87.  -2.455925E-23
88.  -1.879555E-22
89.  -1.189504E-22
90.  -9.273772E-23
91.  -1.087412E-22
92.  -9.703984E-23
93.  -1.661963E-22
94.  -9.387810E-23
95.  -2.613194E-23
96.  -8.140104E-23
97.  -4.574414E-23
98.  -9.479625E-23
99.  6.750213E-24
100.  -1.720449E-22
101.  -1.240014E-22
102.  -1.567898E-22
103.  -1.300856E-22
104.  -1.692955E-22
105.  -5.488413E-23
106.  -1.921136E-22
107.  -8.415180E-23
108.  -7.429767E-23
109.  -9.701907E-24
110.  -4.578953E-23
111.  -1.080025E-22
112.  -1.242535E-22
113.  -1.498092E-22
114.  -1.405240E-22
115.  -3.258292E-24
116.  -1.452292E-22
117.  -1.486151E-22
118.  -2.133021E-22
119.  -1.287527E-22
120.  -1.308749E-22
121.  -1.155917E-22
122.  -9.307100E-23
123.  -7.145481E-23
124.  -6.793250E-23
125.  -6.335404E-23
126.  -1.629333E-22
127.  -8.823650E-23
128.  -7.426528E-23
129.  -1.444887E-22
130.  -1.760963E-22
131.  -1.734585E-22
132.  -1.931793E-22
133.  -1.857330E-22
134.  -1.678259E-22
135.  -1.229438E-22
136.  -2.201429E-22
137.  -3.924724E-23
138.  -1.182079E-22
139.  -7.540546E-23
140.  -1.379436E-22
141.  -1.087858E-22
142.  -1.568442E-22
143.  -6.171068E-23
144.  -3.544000E-23
145.  -9.459135E-23
146.  -7.759584E-23
147.  -1.145590E-22
148.  -6.143568E-23
149.  -7.397542E-23
150.  -6.683255E-24
151.  3.829865E-23
152.  -1.317343E-22
153.  -9.871391E-23
154.  5.097868E-24
155.  -3.058544E-23
156.  -3.320517E-23
157.  1.643310E-23
158.  7.249594E-24
159.  5.606096E-23
160.  2.653100E-24
161.  1.401892E-22
162.  1.949509E-22
163.  3.495945E-22
164.  3.297513E-22
165.  3.946933E-22
166.  5.531187E-22
167.  6.734105E-22
168.  6.848050E-22
169.  9.184526E-22
170.  1.014890E-21
171.  1.238404E-21
172.  1.466949E-21
173.  1.661435E-21
174.  1.932096E-21
175.  2.258505E-21
176.  2.725092E-21
177.  3.165107E-21
178.  3.570414E-21
179.  4.298794E-21
180.  4.831836E-21
181.  5.604788E-21
182.  6.485869E-21
183.  7.504425E-21
184.  8.592822E-21
185.  9.883871E-21
186.  1.134986E-20
187.  1.310097E-20
188.  1.500875E-20
189.  1.714145E-20
190.  1.959612E-20
191.  2.239833E-20
192.  2.559589E-20
193.  2.915425E-20
194.  3.308955E-20
195.  3.780636E-20
196.  4.293977E-20
197.  4.880638E-20
198.  5.540487E-20
199.  6.282631E-20
200.  7.103261E-20
201.  8.049688E-20
202.  9.100438E-20
203.  1.028322E-19
204.  1.159930E-19
205.  1.307906E-19
206.  1.472960E-19
207.  1.658567E-19
208.  1.864739E-19
209.  2.094930E-19
210.  2.350819E-19
211.  2.636977E-19
212.  2.953986E-19
213.  3.307792E-19
214.  3.698856E-19
215.  4.133568E-19
216.  4.614659E-19
217.  5.148448E-19
218.  5.738660E-19
219.  6.389743E-19
220.  7.110110E-19
221.  7.903834E-19
222.  8.778661E-19
223.  9.742407E-19
224.  1.080257E-18
225.  1.196647E-18
226.  1.324658E-18
227.  1.465087E-18
228.  1.618903E-18
229.  1.787441E-18
230.  1.971905E-18
231.  2.173597E-18
232.  2.393850E-18
233.  2.634279E-18
234.  2.896454E-18
235.  3.181936E-18
236.  3.492833E-18
237.  3.830939E-18
238.  4.198215E-18
239.  4.596813E-18
240.  5.029321E-18
241.  5.498131E-18
242.  6.005567E-18
243.  6.554757E-18
244.  7.148045E-18
245.  7.788999E-18
246.  8.480582E-18
247.  9.226184E-18
248.  1.002919E-17
249.  1.089355E-17
250.  1.182311E-17
251.  1.282172E-17
252.  1.389376E-17
253.  1.504351E-17
254.  1.627577E-17
255.  1.759512E-17
256.  1.900672E-17
257.  2.051559E-17
258.  2.212705E-17
259.  2.384683E-17
260.  2.568038E-17
261.  2.763396E-17
262.  2.971344E-17
263.  3.192496E-17
264.  3.427508E-17
265.  3.677058E-17
266.  3.941791E-17
267.  4.222422E-17
268.  4.519638E-17
269.  4.834201E-17
270.  5.166806E-17
271.  5.518206E-17
272.  5.889171E-17
273.  6.280453E-17
274.  6.692822E-17
275.  7.127085E-17
276.  7.584016E-17
277.  8.064405E-17
278.  8.569062E-17
279.  9.098743E-17
280.  9.654243E-17
281.  1.023640E-16
282.  1.084596E-16
283.  1.148369E-16
284.  1.215037E-16
285.  1.284675E-16
286.  1.357358E-16
287.  1.433157E-16
288.  1.512141E-16
289.  1.594381E-16
290.  1.679941E-16
291.  1.768885E-16
292.  1.861272E-16
293.  1.957161E-16
294.  2.056606E-16
295.  2.159654E-16
296.  2.266355E-16
297.  2.376748E-16
298.  2.490875E-16
299.  2.608766E-16
300.  2.730450E-16
301.  2.855952E-16
302.  2.985291E-16
303.  3.118477E-16
304.  3.255523E-16
305.  3.396427E-16
306.  3.541184E-16
307.  3.689788E-16
308.  3.842220E-16
309.  3.998459E-16
310.  4.158476E-16
311.  4.322235E-16
312.  4.489697E-16
313.  4.660813E-16
314.  4.835528E-16
315.  5.013781E-16
316.  5.195504E-16
317.  5.380622E-16
318.  5.569060E-16
319.  5.760723E-16
320.  5.955526E-16
321.  6.153363E-16
322.  6.354131E-16
323.  6.557723E-16
324.  6.764016E-16
325.  6.972892E-16
326.  7.184223E-16
327.  7.397876E-16
328.  7.613710E-16
329.  7.831591E-16
330.  8.051365E-16
331.  8.272886E-16
332.  8.495999E-16
333.  8.720547E-16
334.  8.946372E-16
335.  9.173305E-16
336.  9.401187E-16
337.  9.629848E-16
338.  9.859116E-16
339.  1.008883E-15
340.  1.031880E-15
341.  1.054888E-15
342.  1.077887E-15
343.  1.100862E-15
344.  1.123794E-15
345.  1.146668E-15
346.  1.169465E-15
347.  1.192170E-15
348.  1.214764E-15
349.  1.237233E-15
350.  1.259559E-15
351.  1.281728E-15
352.  1.303722E-15
353.  1.325527E-15
354.  1.347127E-15
355.  1.368509E-15
356.  1.389658E-15
357.  1.410560E-15
358.  1.431202E-15
359.  1.451570E-15
360.  1.471653E-15
361.  1.491438E-15
362.  1.510914E-15
363.  1.530070E-15
364.  1.548894E-15
365.  1.567377E-15
366.  1.585510E-15
367.  1.603283E-15
368.  1.620687E-15
369.  1.637716E-15
370.  1.654359E-15
371.  1.670612E-15
372.  1.686466E-15
373.  1.701916E-15
374.  1.716955E-15
375.  1.731579E-15
376.  1.745781E-15
377.  1.759559E-15
378.  1.772907E-15
379.  1.785822E-15
380.  1.798300E-15
381.  1.810338E-15
382.  1.821932E-15
383.  1.833081E-15
384.  1.843783E-15
385.  1.854034E-15
386.  1.863834E-15
387.  1.873181E-15
388.  1.882073E-15
389.  1.890511E-15
390.  1.898491E-15
391.  1.906014E-15
392.  1.913080E-15
393.  1.919688E-15
394.  1.925837E-15
395.  1.931528E-15
396.  1.936760E-15
397.  1.941534E-15
398.  1.945851E-15
399.  1.949710E-15
400.  1.953112E-15
401.  1.956058E-15
402.  1.958549E-15
403.  1.960586E-15
404.  1.962169E-15
405.  1.963301E-15
406.  1.963983E-15
407.  1.964216E-15
408.  1.964003E-15
409.  1.963345E-15
410.  1.962245E-15
411.  1.960705E-15
412.  1.958728E-15
413.  1.956317E-15
414.  1.953477E-15
415.  1.950208E-15
416.  1.946517E-15
417.  1.942407E-15
418.  1.937883E-15
419.  1.932950E-15
420.  1.927614E-15
421.  1.921879E-15
422.  1.915753E-15
423.  1.909242E-15
424.  1.902352E-15
425.  1.895092E-15
426.  1.887469E-15
427.  1.879492E-15
428.  1.871170E-15
429.  1.862512E-15
430.  1.853527E-15
431.  1.844226E-15
432.  1.834621E-15
433.  1.824722E-15
434.  1.814541E-15
435.  1.804091E-15
436.  1.793383E-15
437.  1.782433E-15
438.  1.771252E-15
439.  1.759855E-15
440.  1.748257E-15
441.  1.736473E-15
442.  1.724518E-15
443.  1.712408E-15
444.  1.700159E-15
445.  1.687787E-15
446.  1.675310E-15
447.  1.662744E-15
448.  1.650106E-15
449.  1.637414E-15
450.  1.624686E-15
451.  1.611940E-15
452.  1.599193E-15
453.  1.586465E-15
454.  1.573772E-15
455.  1.561134E-15
456.  1.548568E-15
457.  1.536093E-15
458.  1.523727E-15
459.  1.511488E-15
460.  1.499393E-15
461.  1.487462E-15
462.  1.475710E-15
463.  1.464156E-15
464.  1.452816E-15
465.  1.441707E-15
466.  1.430846E-15
467.  1.420248E-15
468.  1.409928E-15
469.  1.399903E-15
470.  1.390186E-15
471.  1.380791E-15
472.  1.371733E-15
473.  1.363023E-15
474.  1.354676E-15
475.  1.346701E-15
476.  1.339111E-15
477.  1.331916E-15
478.  1.325126E-15
479.  1.318750E-15
480.  1.312797E-15
481.  1.307274E-15
482.  1.302189E-15
483.  1.297548E-15
484.  1.293356E-15
485.  1.289619E-15
486.  1.286340E-15
487.  1.283524E-15
488.  1.281172E-15
489.  1.279288E-15
490.  1.277871E-15
491.  1.276923E-15
492.  1.276444E-15
493.  1.276433E-15
494.  1.276888E-15
495.  1.277807E-15
496.  1.279187E-15
497.  1.281026E-15
498.  1.283318E-15
499.  1.286059E-15
500.  1.289244E-15
501.  1.292867E-15
502.  1.296922E-15
503.  1.301402E-15
504.  1.306299E-15
505.  1.311605E-15
506.  1.317312E-15
507.  1.323411E-15
508.  1.329893E-15
509.  1.336748E-15
510.  1.343965E-15
511.  1.351535E-15
512.  1.359446E-15
513.  1.367687E-15
514.  1.376246E-15
515.  1.385111E-15
516.  1.394270E-15
517.  1.403709E-15
518.  1.413417E-15
519.  1.423379E-15
520.  1.433581E-15
521.  1.444010E-15
522.  1.454651E-15
523.  1.465489E-15
524.  1.476510E-15
525.  1.487698E-15
526.  1.499037E-15
527.  1.510511E-15
528.  1.522105E-15
529.  1.533802E-15
530.  1.545583E-15
531.  1.557434E-15
532.  1.569335E-15
533.  1.581271E-15
534.  1.593220E-15
535.  1.605167E-15
536.  1.617092E-15
537.  1.628977E-15
538.  1.640801E-15
539.  1.652546E-15
540.  1.664193E-15
541.  1.675720E-15
542.  1.687110E-15
543.  1.698340E-15
544.  1.709391E-15
545.  1.720244E-15
546.  1.730876E-15
547.  1.741268E-15
548.  1.751400E-15
549.  1.761251E-15
550.  1.770800E-15
551.  1.780027E-15
552.  1.788914E-15
553.  1.797439E-15
554.  1.805583E-15
555.  1.813327E-15
556.  1.820652E-15
557.  1.827540E-15
558.  1.833973E-15
559.  1.839933E-15
560.  1.845404E-15
561.  1.850370E-15
562.  1.854815E-15
563.  1.858724E-15
564.  1.862084E-15
565.  1.864882E-15
566.  1.867105E-15
567.  1.868743E-15
568.  1.869785E-15
569.  1.870221E-15
570.  1.870045E-15
571.  1.869249E-15
572.  1.867828E-15
573.  1.865776E-15
574.  1.863090E-15
575.  1.859768E-15
576.  1.855810E-15
577.  1.851215E-15
578.  1.845985E-15
579.  1.840124E-15
580.  1.833634E-15
581.  1.826522E-15
582.  1.818794E-15
583.  1.810458E-15
584.  1.801522E-15
585.  1.791999E-15
586.  1.781898E-15
587.  1.771234E-15
588.  1.760018E-15
589.  1.748268E-15
590.  1.735997E-15
591.  1.723224E-15
592.  1.709966E-15
593.  1.696242E-15
594.  1.682072E-15
595.  1.667476E-15
596.  1.652476E-15
597.  1.637092E-15
598.  1.621350E-15
599.  1.605270E-15
600.  1.588876E-15
601.  1.572194E-15
602.  1.555247E-15
603.  1.538061E-15
604.  1.520659E-15
605.  1.503068E-15
606.  1.485314E-15
607.  1.467420E-15
608.  1.449414E-15
609.  1.431321E-15
610.  1.413165E-15
611.  1.394972E-15
612.  1.376767E-15
613.  1.358576E-15
614.  1.340421E-15
615.  1.322327E-15
616.  1.304319E-15
617.  1.286419E-15
618.  1.268649E-15
619.  1.251032E-15
620.  1.233590E-15
621.  1.216343E-15
622.  1.199311E-15
623.  1.182514E-15
624.  1.165972E-15
625.  1.149701E-15
626.  1.133720E-15
627.  1.118045E-15
628.  1.102691E-15
629.  1.087674E-15
630.  1.073007E-15
631.  1.058704E-15
632.  1.044777E-15
633.  1.031239E-15
634.  1.018098E-15
635.  1.005365E-15
636.  9.930489E-16
637.  9.811574E-16
638.  9.696978E-16
639.  9.586761E-16
640.  9.480973E-16
641.  9.379664E-16
642.  9.282867E-16
643.  9.190605E-16
644.  9.102902E-16
645.  9.019766E-16
646.  8.941198E-16
647.  8.867194E-16
648.  8.797737E-16
649.  8.732810E-16
650.  8.672378E-16
651.  8.616409E-16
652.  8.564855E-16
653.  8.517669E-16
654.  8.474791E-16
655.  8.436159E-16
656.  8.401700E-16
657.  8.371337E-16
658.  8.344989E-16
659.  8.322569E-16
660.  8.303981E-16
661.  8.289128E-16
662.  8.277907E-16
663.  8.270206E-16
664.  8.265917E-16
665.  8.264922E-16
666.  8.267098E-16
667.  8.272323E-16
668.  8.280469E-16
669.  8.291406E-16
670.  8.305001E-16
671.  8.321118E-16
672.  8.339617E-16
673.  8.360359E-16
674.  8.383201E-16
675.  8.408003E-16
676.  8.434614E-16
677.  8.462895E-16
678.  8.492694E-16
679.  8.523866E-16
680.  8.556263E-16
681.  8.589739E-16
682.  8.624142E-16
683.  8.659330E-16
684.  8.695152E-16
685.  8.731464E-16
686.  8.768121E-16
687.  8.804978E-16
688.  8.841894E-16
689.  8.878726E-16
690.  8.915333E-16
691.  8.951582E-16
692.  8.987332E-16
693.  9.022451E-16
694.  9.056810E-16
695.  9.090275E-16
696.  9.122721E-16
697.  9.154027E-16
698.  9.184067E-16
699.  9.212728E-16
700.  9.239891E-16
701.  9.265444E-16
702.  9.289281E-16
703.  9.311296E-16
704.  9.331387E-16
705.  9.349456E-16
706.  9.365410E-16
707.  9.379160E-16
708.  9.390616E-16
709.  9.399702E-16
710.  9.406341E-16
711.  9.410456E-16
712.  9.411980E-16
713.  9.410856E-16
714.  9.407021E-16
715.  9.400425E-16
716.  9.391018E-16
717.  9.378762E-16
718.  9.363620E-16
719.  9.345560E-16
720.  9.324558E-16
721.  9.300598E-16
722.  9.273666E-16
723.  9.243757E-16
724.  9.210873E-16
725.  9.175021E-16
726.  9.136212E-16
727.  9.094468E-16
728.  9.049820E-16
729.  9.002298E-16
730.  8.951946E-16
731.  8.898812E-16
732.  8.842948E-16
733.  8.784417E-16
734.  8.723292E-16
735.  8.659644E-16
736.  8.593555E-16
737.  8.525115E-16
738.  8.454418E-16
739.  8.381567E-16
740.  8.306664E-16
741.  8.229828E-16
742.  8.151174E-16
743.  8.070824E-16
744.  7.988908E-16
745.  7.905559E-16
746.  7.820911E-16
747.  7.735108E-16
748.  7.648294E-16
749.  7.560611E-16
750.  7.472213E-16
751.  7.383248E-16
752.  7.293874E-16
753.  7.204241E-16
754.  7.114502E-16
755.  7.024816E-16
756.  6.935330E-16
757.  6.846205E-16
758.  6.757589E-16
759.  6.669631E-16
760.  6.582476E-16
761.  6.496274E-16
762.  6.411158E-16
763.  6.327272E-16
764.  6.244743E-16
765.  6.163699E-16
766.  6.084265E-16
767.  6.006555E-16
768.  5.930681E-16
769.  5.856748E-16
770.  5.784851E-16
771.  5.715083E-16
772.  5.647528E-16
773.  5.582263E-16
774.  5.519357E-16
775.  5.458871E-16
776.  5.400859E-16
777.  5.345369E-16
778.  5.292440E-16
779.  5.242101E-16
780.  5.194378E-16
781.  5.149287E-16
782.  5.106835E-16
783.  5.067025E-16
784.  5.029850E-16
785.  4.995301E-16
786.  4.963356E-16
787.  4.933992E-16
788.  4.907178E-16
789.  4.882878E-16
790.  4.861051E-16
791.  4.841649E-16
792.  4.824621E-16
793.  4.809915E-16
794.  4.797468E-16
795.  4.787222E-16
796.  4.779111E-16
797.  4.773068E-16
798.  4.769027E-16
799.  4.766914E-16
800.  4.766660E-16
801.  4.768194E-16
802.  4.771444E-16
803.  4.776336E-16
804.  4.782801E-16
805.  4.790772E-16
806.  4.800176E-16
807.  4.810950E-16
808.  4.823027E-16
809.  4.836345E-16
810.  4.850848E-16
811.  4.866476E-16
812.  4.883179E-16
813.  4.900905E-16
814.  4.919610E-16
815.  4.939251E-16
816.  4.959790E-16
817.  4.981193E-16
818.  5.003429E-16
819.  5.026475E-16
820.  5.050305E-16
821.  5.074904E-16
822.  5.100257E-16
823.  5.126357E-16
824.  5.153197E-16
825.  5.180777E-16
826.  5.209096E-16
827.  5.238163E-16
828.  5.267985E-16
829.  5.298574E-16
830.  5.329947E-16
831.  5.362121E-16
832.  5.395116E-16
833.  5.428955E-16
834.  5.463660E-16
835.  5.499261E-16
836.  5.535782E-16
837.  5.573253E-16
838.  5.611703E-16
839.  5.651161E-16
840.  5.691655E-16
841.  5.733219E-16
842.  5.775876E-16
843.  5.819658E-16
844.  5.864590E-16
845.  5.910700E-16
846.  5.958011E-16
847.  6.006544E-16
848.  6.056319E-16
849.  6.107355E-16
850.  6.159666E-16
851.  6.213267E-16
852.  6.268166E-16
853.  6.324369E-16
854.  6.381880E-16
855.  6.440699E-16
856.  6.500822E-16
857.  6.562245E-16
858.  6.624954E-16
859.  6.688939E-16
860.  6.754179E-16
861.  6.820656E-16
862.  6.888344E-16
863.  6.957216E-16
864.  7.027239E-16
865.  7.098379E-16
866.  7.170598E-16
867.  7.243856E-16
868.  7.318104E-16
869.  7.393300E-16
870.  7.469390E-16
871.  7.546321E-16
872.  7.624037E-16
873.  7.702481E-16
874.  7.781591E-16
875.  7.861306E-16
876.  7.941558E-16
877.  8.022282E-16
878.  8.103410E-16
879.  8.184869E-16
880.  8.266588E-16
881.  8.348499E-16
882.  8.430519E-16
883.  8.512580E-16
884.  8.594602E-16
885.  8.676508E-16
886.  8.758222E-16
887.  8.839663E-16
888.  8.920754E-16
889.  9.001414E-16
890.  9.081563E-16
891.  9.161125E-16
892.  9.240013E-16
893.  9.318154E-16
894.  9.395463E-16
895.  9.471861E-16
896.  9.547268E-16
897.  9.621604E-16
898.  9.694792E-16
899.  9.766748E-16
900.  9.837396E-16
901.  9.906658E-16
902.  9.974456E-16
903.  1.004071E-15
904.  1.010535E-15
905.  1.016829E-15
906.  1.022946E-15
907.  1.028880E-15
908.  1.034621E-15
909.  1.040164E-15
910.  1.045501E-15
911.  1.050626E-15
912.  1.055531E-15
913.  1.060211E-15
914.  1.064657E-15
915.  1.068866E-15
916.  1.072829E-15
917.  1.076543E-15
918.  1.080001E-15
919.  1.083197E-15
920.  1.086127E-15
921.  1.088787E-15
922.  1.091171E-15
923.  1.093276E-15
924.  1.095097E-15
925.  1.096632E-15
926.  1.097877E-15
927.  1.098830E-15
928.  1.099488E-15
929.  1.099849E-15
930.  1.099913E-15
931.  1.099677E-15
932.  1.099142E-15
933.  1.098307E-15
934.  1.097173E-15
935.  1.095740E-15
936.  1.094011E-15
937.  1.091985E-15
938.  1.089667E-15
939.  1.087059E-15
940.  1.084164E-15
941.  1.080986E-15
942.  1.077529E-15
943.  1.073799E-15
944.  1.069801E-15
945.  1.065540E-15
946.  1.061024E-15
947.  1.056259E-15
948.  1.051253E-15
949.  1.046015E-15
950.  1.040551E-15
951.  1.034872E-15
952.  1.028986E-15
953.  1.022905E-15
954.  1.016638E-15
955.  1.010196E-15
956.  1.003591E-15
957.  9.968341E-16
958.  9.899375E-16
959.  9.829138E-16
960.  9.757756E-16
961.  9.685368E-16
962.  9.612100E-16
963.  9.538097E-16
964.  9.463499E-16
965.  9.388449E-16
966.  9.313090E-16
967.  9.237573E-16
968.  9.162044E-16
969.  9.086657E-16
970.  9.011560E-16
971.  8.936907E-16
972.  8.862847E-16
973.  8.789532E-16
974.  8.717115E-16
975.  8.645745E-16
976.  8.575571E-16
977.  8.506737E-16
978.  8.439391E-16
979.  8.373670E-16
980.  8.309714E-16
981.  8.247658E-16
982.  8.187633E-16
983.  8.129763E-16
984.  8.074165E-16
985.  8.020958E-16
986.  7.970250E-16
987.  7.922137E-16
988.  7.876719E-16
989.  7.834079E-16
990.  7.794299E-16
991.  7.757446E-16
992.  7.723584E-16
993.  7.692761E-16
994.  7.665025E-16
995.  7.640403E-16
996.  7.618918E-16
997.  7.600585E-16
998.  7.585401E-16
999.  7.573359E-16
1000.  7.564433E-16
1001.  7.558594E-16
1002.  7.555795E-16
1003.  7.555986E-16
1004.  7.559096E-16
1005.  7.565049E-16
1006.  7.573756E-16
1007.  7.585118E-16
1008.  7.599025E-16
1009.  7.615359E-16
1010.  7.633988E-16
1011.  7.654772E-16
1012.  7.677564E-16
1013.  7.702210E-16
1014.  7.728544E-16
1015.  7.756395E-16
1016.  7.785585E-16
1017.  7.815930E-16
1018.  7.847245E-16
1019.  7.879334E-16
1020.  7.912005E-16
1021.  7.945057E-16
1022.  7.978294E-16
1023.  8.011515E-16
1024.  8.044521E-16
1025.  8.077112E-16
1026.  8.109097E-16
1027.  8.140283E-16
1028.  8.170479E-16
1029.  8.199506E-16
1030.  8.227187E-16
1031.  8.253350E-16
1032.  8.277839E-16
1033.  8.300499E-16
1034.  8.321186E-16
1035.  8.339772E-16
1036.  8.356135E-16
1037.  8.370164E-16
1038.  8.381765E-16
1039.  8.390854E-16
1040.  8.397362E-16
1041.  8.401235E-16
1042.  8.402427E-16
1043.  8.400919E-16
1044.  8.396694E-16
1045.  8.389759E-16
1046.  8.380132E-16
1047.  8.367846E-16
1048.  8.352951E-16
1049.  8.335513E-16
1050.  8.315610E-16
1051.  8.293330E-16
1052.  8.268789E-16
1053.  8.242102E-16
1054.  8.213404E-16
1055.  8.182842E-16
1056.  8.150571E-16
1057.  8.116763E-16
1058.  8.081595E-16
1059.  8.045256E-16
1060.  8.007938E-16
1061.  7.969852E-16
1062.  7.931204E-16
1063.  7.892211E-16
1064.  7.853094E-16
1065.  7.814075E-16
1066.  7.775381E-16
1067.  7.737243E-16
1068.  7.699881E-16
1069.  7.663527E-16
1070.  7.628405E-16
1071.  7.594736E-16
1072.  7.562735E-16
1073.  7.532618E-16
1074.  7.504586E-16
1075.  7.478845E-16
1076.  7.455574E-16
1077.  7.434965E-16
1078.  7.417185E-16
1079.  7.402397E-16
1080.  7.390745E-16
1081.  7.382372E-16
1082.  7.377402E-16
1083.  7.375944E-16
1084.  7.378097E-16
1085.  7.383944E-16
1086.  7.393557E-16
1087.  7.406988E-16
1088.  7.424275E-16
1089.  7.445446E-16
1090.  7.470507E-16
1091.  7.499455E-16
1092.  7.532267E-16
1093.  7.568912E-16
1094.  7.609337E-16
1095.  7.653478E-16
1096.  7.701260E-16
1097.  7.752590E-16
1098.  7.807366E-16
1099.  7.865476E-16
1100.  7.926786E-16
1101.  7.991165E-16
1102.  8.058465E-16
1103.  8.128526E-16
1104.  8.201188E-16
1105.  8.276278E-16
1106.  8.353616E-16
1107.  8.433022E-16
1108.  8.514303E-16
1109.  8.597275E-16
1110.  8.681736E-16
1111.  8.767496E-16
1112.  8.854357E-16
1113.  8.942126E-16
1114.  9.030608E-16
1115.  9.119611E-16
1116.  9.208951E-16
1117.  9.298438E-16
1118.  9.387903E-16
1119.  9.477170E-16
1120.  9.566072E-16
1121.  9.654456E-16
1122.  9.742171E-16
1123.  9.829079E-16
1124.  9.915048E-16
1125.  9.999963E-16
1126.  1.008371E-15
1127.  1.016619E-15
1128.  1.024733E-15
1129.  1.032704E-15
1130.  1.040526E-15
1131.  1.048194E-15
1132.  1.055704E-15
1133.  1.063054E-15
1134.  1.070242E-15
1135.  1.077267E-15
1136.  1.084131E-15
1137.  1.090835E-15
1138.  1.097383E-15
1139.  1.103778E-15
1140.  1.110026E-15
1141.  1.116132E-15
1142.  1.122104E-15
1143.  1.127948E-15
1144.  1.133674E-15
1145.  1.139291E-15
1146.  1.144807E-15
1147.  1.150234E-15
1148.  1.155582E-15
1149.  1.160862E-15
1150.  1.166085E-15
1151.  1.171263E-15
1152.  1.176407E-15
1153.  1.181529E-15
1154.  1.186640E-15
1155.  1.191752E-15
1156.  1.196877E-15
1157.  1.202024E-15
1158.  1.207204E-15
1159.  1.212428E-15
1160.  1.217705E-15
1161.  1.223044E-15
1162.  1.228453E-15
1163.  1.233940E-15
1164.  1.239511E-15
1165.  1.245174E-15
1166.  1.250933E-15
1167.  1.256793E-15
1168.  1.262756E-15
1169.  1.268826E-15
1170.  1.275005E-15
1171.  1.281293E-15
1172.  1.287690E-15
1173.  1.294194E-15
1174.  1.300804E-15
1175.  1.307516E-15
1176.  1.314326E-15
1177.  1.321229E-15
1178.  1.328219E-15
1179.  1.335290E-15
1180.  1.342433E-15
1181.  1.349641E-15
1182.  1.356904E-15
1183.  1.364212E-15
1184.  1.371555E-15
1185.  1.378921E-15
1186.  1.386298E-15
1187.  1.393674E-15
1188.  1.401036E-15
1189.  1.408371E-15
1190.  1.415665E-15
1191.  1.422904E-15
1192.  1.430074E-15
1193.  1.437161E-15
1194.  1.444150E-15
1195.  1.451025E-15
1196.  1.457774E-15
1197.  1.464381E-15
1198.  1.470830E-15
1199.  1.477110E-15
1200.  1.483205E-15
1201.  1.489100E-15
1202.  1.494783E-15
1203.  1.500241E-15
1204.  1.505460E-15
1205.  1.510429E-15
1206.  1.515134E-15
1207.  1.519565E-15
1208.  1.523712E-15
1209.  1.527563E-15
1210.  1.531109E-15
1211.  1.534342E-15
1212.  1.537252E-15
1213.  1.539832E-15
1214.  1.542076E-15
1215.  1.543977E-15
1216.  1.545530E-15
1217.  1.546730E-15
1218.  1.547574E-15
1219.  1.548057E-15
1220.  1.548179E-15
1221.  1.547937E-15
1222.  1.547331E-15
1223.  1.546360E-15
1224.  1.545026E-15
1225.  1.543331E-15
1226.  1.541276E-15
1227.  1.538866E-15
1228.  1.536103E-15
1229.  1.532992E-15
1230.  1.529540E-15
1231.  1.525752E-15
1232.  1.521635E-15
1233.  1.517197E-15
1234.  1.512444E-15
1235.  1.507388E-15
1236.  1.502037E-15
1237.  1.496401E-15
1238.  1.490491E-15
1239.  1.484318E-15
1240.  1.477894E-15
1241.  1.471231E-15
1242.  1.464341E-15
1243.  1.457239E-15
1244.  1.449938E-15
1245.  1.442451E-15
1246.  1.434793E-15
1247.  1.426979E-15
1248.  1.419024E-15
1249.  1.410944E-15
1250.  1.402753E-15
1251.  1.394468E-15
1252.  1.386104E-15
1253.  1.377678E-15
1254.  1.369206E-15
1255.  1.360704E-15
1256.  1.352188E-15
1257.  1.343676E-15
1258.  1.335182E-15
1259.  1.326724E-15
1260.  1.318317E-15
1261.  1.309977E-15
1262.  1.301721E-15
1263.  1.293563E-15
1264.  1.285519E-15
1265.  1.277604E-15
1266.  1.269834E-15
1267.  1.262221E-15
1268.  1.254780E-15
1269.  1.247526E-15
1270.  1.240469E-15
1271.  1.233625E-15
1272.  1.227003E-15
1273.  1.220616E-15
1274.  1.214475E-15
1275.  1.208590E-15
1276.  1.202970E-15
1277.  1.197625E-15
1278.  1.192563E-15
1279.  1.187792E-15
1280.  1.183318E-15
1281.  1.179148E-15
1282.  1.175286E-15
1283.  1.171738E-15
1284.  1.168507E-15
1285.  1.165597E-15
1286.  1.163010E-15
1287.  1.160746E-15
1288.  1.158807E-15
1289.  1.157193E-15
1290.  1.155902E-15
1291.  1.154933E-15
1292.  1.154284E-15
1293.  1.153950E-15
1294.  1.153929E-15
1295.  1.154215E-15
1296.  1.154803E-15
1297.  1.155686E-15
1298.  1.156858E-15
1299.  1.158312E-15
1300.  1.160039E-15
1301.  1.162030E-15
1302.  1.164277E-15
1303.  1.166769E-15
1304.  1.169497E-15
1305.  1.172449E-15
1306.  1.175614E-15
1307.  1.178982E-15
1308.  1.182538E-15
1309.  1.186273E-15
1310.  1.190173E-15
1311.  1.194225E-15
1312.  1.198416E-15
1313.  1.202734E-15
1314.  1.207165E-15
1315.  1.211696E-15
1316.  1.216313E-15
1317.  1.221003E-15
1318.  1.225753E-15
1319.  1.230549E-15
1320.  1.235378E-15
1321.  1.240227E-15
1322.  1.245084E-15
1323.  1.249934E-15
1324.  1.254766E-15
1325.  1.259567E-15
1326.  1.264326E-15
1327.  1.269030E-15
1328.  1.273669E-15
1329.  1.278231E-15
1330.  1.282704E-15
1331.  1.287080E-15
1332.  1.291347E-15
1333.  1.295498E-15
1334.  1.299521E-15
1335.  1.303408E-15
1336.  1.307152E-15
1337.  1.310745E-15
1338.  1.314179E-15
1339.  1.317448E-15
1340.  1.320545E-15
1341.  1.323465E-15
1342.  1.326202E-15
1343.  1.328751E-15
1344.  1.331110E-15
1345.  1.333274E-15
1346.  1.335239E-15
1347.  1.337004E-15
1348.  1.338567E-15
1349.  1.339926E-15
1350.  1.341081E-15
1351.  1.342031E-15
1352.  1.342776E-15
1353.  1.343319E-15
1354.  1.343660E-15
1355.  1.343801E-15
1356.  1.343745E-15
1357.  1.343496E-15
1358.  1.343057E-15
1359.  1.342433E-15
1360.  1.341627E-15
1361.  1.340647E-15
1362.  1.339498E-15
1363.  1.338186E-15
1364.  1.336719E-15
1365.  1.335104E-15
1366.  1.333349E-15
1367.  1.331463E-15
1368.  1.329454E-15
1369.  1.327331E-15
1370.  1.325106E-15
1371.  1.322786E-15
1372.  1.320384E-15
1373.  1.317909E-15
1374.  1.315373E-15
1375.  1.312788E-15
1376.  1.310163E-15
1377.  1.307511E-15
1378.  1.304845E-15
1379.  1.302175E-15
1380.  1.299513E-15
1381.  1.296873E-15
1382.  1.294265E-15
1383.  1.291701E-15
1384.  1.289194E-15
1385.  1.286755E-15
1386.  1.284396E-15
1387.  1.282128E-15
1388.  1.279962E-15
1389.  1.277909E-15
1390.  1.275979E-15
1391.  1.274184E-15
1392.  1.272531E-15
1393.  1.271032E-15
1394.  1.269695E-15
1395.  1.268528E-15
1396.  1.267539E-15
1397.  1.266737E-15
1398.  1.266127E-15
1399.  1.265718E-15
1400.  1.265513E-15
1401.  1.265521E-15
1402.  1.265743E-15
1403.  1.266187E-15
1404.  1.266854E-15
1405.  1.267749E-15
1406.  1.268875E-15
1407.  1.270232E-15
1408.  1.271824E-15
1409.  1.273651E-15
1410.  1.275714E-15
1411.  1.278014E-15
1412.  1.280549E-15
1413.  1.283321E-15
1414.  1.286327E-15
1415.  1.289566E-15
1416.  1.293037E-15
1417.  1.296738E-15
1418.  1.300667E-15
1419.  1.304820E-15
1420.  1.309196E-15
1421.  1.313792E-15
1422.  1.318604E-15
1423.  1.323630E-15
1424.  1.328865E-15
1425.  1.334308E-15
1426.  1.339953E-15
1427.  1.345799E-15
1428.  1.351841E-15
1429.  1.358076E-15
1430.  1.364501E-15
1431.  1.371111E-15
1432.  1.377905E-15
1433.  1.384878E-15
1434.  1.392028E-15
1435.  1.399350E-15
1436.  1.406843E-15
1437.  1.414503E-15
1438.  1.422327E-15
1439.  1.430313E-15
1440.  1.438456E-15
1441.  1.446756E-15
1442.  1.455208E-15
1443.  1.463811E-15
1444.  1.472561E-15
1445.  1.481457E-15
1446.  1.490494E-15
1447.  1.499671E-15
1448.  1.508984E-15
1449.  1.518430E-15
1450.  1.528007E-15
1451.  1.537711E-15
1452.  1.547539E-15
1453.  1.557488E-15
1454.  1.567553E-15
1455.  1.577731E-15
1456.  1.588018E-15
1457.  1.598410E-15
1458.  1.608900E-15
1459.  1.619486E-15
1460.  1.630161E-15
1461.  1.640920E-15
1462.  1.651758E-15
1463.  1.662667E-15
1464.  1.673642E-15
1465.  1.684675E-15
1466.  1.695761E-15
1467.  1.706890E-15
1468.  1.718056E-15
1469.  1.729249E-15
1470.  1.740463E-15
1471.  1.751688E-15
1472.  1.762915E-15
1473.  1.774136E-15
1474.  1.785340E-15
1475.  1.796518E-15
1476.  1.807661E-15
1477.  1.818758E-15
1478.  1.829800E-15
1479.  1.840776E-15
1480.  1.851677E-15
1481.  1.862491E-15
1482.  1.873210E-15
1483.  1.883823E-15
1484.  1.894319E-15
1485.  1.904690E-15
1486.  1.914926E-15
1487.  1.925017E-15
1488.  1.934954E-15
1489.  1.944728E-15
1490.  1.954331E-15
1491.  1.963754E-15
1492.  1.972990E-15
1493.  1.982033E-15
1494.  1.990873E-15
1495.  1.999506E-15
1496.  2.007926E-15
1497.  2.016126E-15
1498.  2.024104E-15
1499.  2.031853E-15
1500.  2.039371E-15
1501.  2.046655E-15
1502.  2.053702E-15
1503.  2.060510E-15
1504.  2.067078E-15
1505.  2.073407E-15
1506.  2.079494E-15
1507.  2.085342E-15
1508.  2.090951E-15
1509.  2.096324E-15
1510.  2.101461E-15
1511.  2.106366E-15
1512.  2.111042E-15
1513.  2.115493E-15
1514.  2.119722E-15
1515.  2.123735E-15
1516.  2.127536E-15
1517.  2.131129E-15
1518.  2.134522E-15
1519.  2.137718E-15
1520.  2.140724E-15
1521.  2.143545E-15
1522.  2.146189E-15
1523.  2.148660E-15
1524.  2.150965E-15
1525.  2.153111E-15
1526.  2.155103E-15
1527.  2.156947E-15
1528.  2.158649E-15
1529.  2.160214E-15
1530.  2.161649E-15
1531.  2.162959E-15
1532.  2.164148E-15
1533.  2.165221E-15
1534.  2.166182E-15
1535.  2.167037E-15
1536.  2.167787E-15
1537.  2.168437E-15
1538.  2.168989E-15
1539.  2.169445E-15
1540.  2.169809E-15
1541.  2.170081E-15
1542.  2.170263E-15
1543.  2.170355E-15
1544.  2.170359E-15
1545.  2.170272E-15
1546.  2.170097E-15
1547.  2.169830E-15
1548.  2.169472E-15
1549.  2.169020E-15
1550.  2.168473E-15
1551.  2.167827E-15
1552.  2.167082E-15
1553.  2.166233E-15
1554.  2.165278E-15
1555.  2.164212E-15
1556.  2.163034E-15
1557.  2.161738E-15
1558.  2.160322E-15
1559.  2.158781E-15
1560.  2.157111E-15
1561.  2.155308E-15
1562.  2.153370E-15
1563.  2.151289E-15
1564.  2.149065E-15
1565.  2.146693E-15
1566.  2.144169E-15
1567.  2.141491E-15
1568.  2.138654E-15
1569.  2.135658E-15
1570.  2.132498E-15
1571.  2.129173E-15
1572.  2.125682E-15
1573.  2.122022E-15
1574.  2.118194E-15
1575.  2.114196E-15
1576.  2.110030E-15
1577.  2.105695E-15
1578.  2.101193E-15
1579.  2.096526E-15
1580.  2.091695E-15
1581.  2.086703E-15
1582.  2.081555E-15
1583.  2.076254E-15
1584.  2.070803E-15
1585.  2.065210E-15
1586.  2.059479E-15
1587.  2.053616E-15
1588.  2.047628E-15
1589.  2.041523E-15
1590.  2.035307E-15
1591.  2.028990E-15
1592.  2.022579E-15
1593.  2.016084E-15
1594.  2.009514E-15
1595.  2.002877E-15
1596.  1.996185E-15
1597.  1.989446E-15
1598.  1.982672E-15
1599.  1.975872E-15
1600.  1.969056E-15
1601.  1.962235E-15
1602.  1.955418E-15
1603.  1.948616E-15
1604.  1.941839E-15
1605.  1.935095E-15
1606.  1.928395E-15
1607.  1.921746E-15
1608.  1.915158E-15
1609.  1.908638E-15
1610.  1.902193E-15
1611.  1.895830E-15
1612.  1.889556E-15
1613.  1.883376E-15
1614.  1.877294E-15
1615.  1.871314E-15
1616.  1.865439E-15
1617.  1.859673E-15
1618.  1.854016E-15
1619.  1.848469E-15
1620.  1.843032E-15
1621.  1.837704E-15
1622.  1.832482E-15
1623.  1.827365E-15
1624.  1.822347E-15
1625.  1.817426E-15
1626.  1.812595E-15
1627.  1.807848E-15
1628.  1.803178E-15
1629.  1.798578E-15
1630.  1.794040E-15
1631.  1.789554E-15
1632.  1.785111E-15
1633.  1.780700E-15
1634.  1.776311E-15
1635.  1.771934E-15
1636.  1.767555E-15
1637.  1.763165E-15
1638.  1.758749E-15
1639.  1.754297E-15
1640.  1.749796E-15
1641.  1.745233E-15
1642.  1.740595E-15
1643.  1.735871E-15
1644.  1.731047E-15
1645.  1.726112E-15
1646.  1.721053E-15
1647.  1.715859E-15
1648.  1.710518E-15
1649.  1.705019E-15
1650.  1.699351E-15
1651.  1.693504E-15
1652.  1.687468E-15
1653.  1.681234E-15
1654.  1.674793E-15
1655.  1.668137E-15
1656.  1.661258E-15
1657.  1.654150E-15
1658.  1.646805E-15
1659.  1.639219E-15
1660.  1.631385E-15
1661.  1.623300E-15
1662.  1.614960E-15
1663.  1.606362E-15
1664.  1.597502E-15
1665.  1.588380E-15
1666.  1.578995E-15
1667.  1.569344E-15
1668.  1.559429E-15
1669.  1.549251E-15
1670.  1.538809E-15
1671.  1.528107E-15
1672.  1.517146E-15
1673.  1.505930E-15
1674.  1.494461E-15
1675.  1.482744E-15
1676.  1.470782E-15
1677.  1.458582E-15
1678.  1.446148E-15
1679.  1.433486E-15
1680.  1.420602E-15
1681.  1.407502E-15
1682.  1.394195E-15
1683.  1.380686E-15
1684.  1.366985E-15
1685.  1.353098E-15
1686.  1.339035E-15
1687.  1.324805E-15
1688.  1.310416E-15
1689.  1.295877E-15
1690.  1.281200E-15
1691.  1.266393E-15
1692.  1.251468E-15
1693.  1.236434E-15
1694.  1.221303E-15
1695.  1.206085E-15
1696.  1.190792E-15
1697.  1.175436E-15
1698.  1.160029E-15
1699.  1.144581E-15
1700.  1.129106E-15
1701.  1.113616E-15
1702.  1.098123E-15
1703.  1.082639E-15
1704.  1.067178E-15
1705.  1.051751E-15
1706.  1.036371E-15
1707.  1.021052E-15
1708.  1.005805E-15
1709.  9.906436E-16
1710.  9.755797E-16
1711.  9.606260E-16
1712.  9.457944E-16
1713.  9.310974E-16
1714.  9.165460E-16
1715.  9.021523E-16
1716.  8.879274E-16
1717.  8.738822E-16
1718.  8.600273E-16
1719.  8.463726E-16
1720.  8.329277E-16
1721.  8.197025E-16
1722.  8.067048E-16
1723.  7.939434E-16
1724.  7.814255E-16
1725.  7.691584E-16
1726.  7.571485E-16
1727.  7.454015E-16
1728.  7.339223E-16
1729.  7.227157E-16
1730.  7.117852E-16
1731.  7.011339E-16
1732.  6.907638E-16
1733.  6.806769E-16
1734.  6.708739E-16
1735.  6.613550E-16
1736.  6.521192E-16
1737.  6.431656E-16
1738.  6.344919E-16
1739.  6.260954E-16
1740.  6.179729E-16
1741.  6.101201E-16
1742.  6.025323E-16
1743.  5.952040E-16
1744.  5.881295E-16
1745.  5.813021E-16
1746.  5.747151E-16
1747.  5.683607E-16
1748.  5.622311E-16
1749.  5.563177E-16
1750.  5.506121E-16
1751.  5.451050E-16
1752.  5.397874E-16
1753.  5.346492E-16
1754.  5.296810E-16
1755.  5.248730E-16
1756.  5.202149E-16
1757.  5.156970E-16
1758.  5.113090E-16
1759.  5.070410E-16
1760.  5.028834E-16
1761.  4.988263E-16
1762.  4.948599E-16
1763.  4.909752E-16
1764.  4.871631E-16
1765.  4.834148E-16
1766.  4.797221E-16
1767.  4.760768E-16
1768.  4.724713E-16
1769.  4.688985E-16
1770.  4.653517E-16
1771.  4.618251E-16
1772.  4.583125E-16
1773.  4.548092E-16
1774.  4.513102E-16
1775.  4.478116E-16
1776.  4.443102E-16
1777.  4.408029E-16
1778.  4.372874E-16
1779.  4.337619E-16
1780.  4.302253E-16
1781.  4.266770E-16
1782.  4.231170E-16
1783.  4.195455E-16
1784.  4.159636E-16
1785.  4.123729E-16
1786.  4.087751E-16
1787.  4.051728E-16
1788.  4.015688E-16
1789.  3.979663E-16
1790.  3.943689E-16
1791.  3.907806E-16
1792.  3.872053E-16
1793.  3.836481E-16
1794.  3.801133E-16
1795.  3.766061E-16
1796.  3.731315E-16
1797.  3.696949E-16
1798.  3.663015E-16
1799.  3.629569E-16
1800.  3.596664E-16
1801.  3.564356E-16
1802.  3.532698E-16
1803.  3.501746E-16
1804.  3.471551E-16
1805.  3.442165E-16
1806.  3.413635E-16
1807.  3.386012E-16
1808.  3.359341E-16
1809.  3.333668E-16
1810.  3.309031E-16
1811.  3.285471E-16
1812.  3.263021E-16
1813.  3.241717E-16
1814.  3.221587E-16
1815.  3.202657E-16
1816.  3.184952E-16
1817.  3.168491E-16
1818.  3.153289E-16
1819.  3.139361E-16
1820.  3.126715E-16
1821.  3.115359E-16
1822.  3.105295E-16
1823.  3.096520E-16
1824.  3.089034E-16
1825.  3.082827E-16
1826.  3.077891E-16
1827.  3.074209E-16
1828.  3.071768E-16
1829.  3.070547E-16
1830.  3.070526E-16
1831.  3.071678E-16
1832.  3.073976E-16
1833.  3.077393E-16
1834.  3.081896E-16
1835.  3.087452E-16
1836.  3.094026E-16
1837.  3.101582E-16
1838.  3.110079E-16
1839.  3.119480E-16
1840.  3.129742E-16
1841.  3.140826E-16
1842.  3.152685E-16
1843.  3.165278E-16
1844.  3.178560E-16
1845.  3.192488E-16
1846.  3.207017E-16
1847.  3.222099E-16
1848.  3.237692E-16
1849.  3.253753E-16
1850.  3.270232E-16
1851.  3.287092E-16
1852.  3.304285E-16
1853.  3.321768E-16
1854.  3.339503E-16
1855.  3.357445E-16
1856.  3.375557E-16
1857.  3.393799E-16
1858.  3.412133E-16
1859.  3.430524E-16
1860.  3.448936E-16
1861.  3.467337E-16
1862.  3.485695E-16
1863.  3.503979E-16
1864.  3.522162E-16
1865.  3.540217E-16
1866.  3.558119E-16
1867.  3.575846E-16
1868.  3.593378E-16
1869.  3.610696E-16
1870.  3.627783E-16
1871.  3.644626E-16
1872.  3.661212E-16
1873.  3.677532E-16
1874.  3.693577E-16
1875.  3.709343E-16
1876.  3.724827E-16
1877.  3.740028E-16
1878.  3.754948E-16
1879.  3.769590E-16
1880.  3.783962E-16
1881.  3.798071E-16
1882.  3.811930E-16
1883.  3.825551E-16
1884.  3.838951E-16
1885.  3.852145E-16
1886.  3.865157E-16
1887.  3.878005E-16
1888.  3.890718E-16
1889.  3.903321E-16
1890.  3.915841E-16
1891.  3.928311E-16
1892.  3.940761E-16
1893.  3.953228E-16
1894.  3.965749E-16
1895.  3.978360E-16
1896.  3.991100E-16
1897.  4.004013E-16
1898.  4.017140E-16
1899.  4.030528E-16
1900.  4.044217E-16
1901.  4.058260E-16
1902.  4.072702E-16
1903.  4.087593E-16
1904.  4.102982E-16
1905.  4.118921E-16
1906.  4.135461E-16
1907.  4.152655E-16
1908.  4.170556E-16
1909.  4.189217E-16
1910.  4.208692E-16
1911.  4.229036E-16
1912.  4.250301E-16
1913.  4.272544E-16
1914.  4.295818E-16
1915.  4.320179E-16
1916.  4.345678E-16
1917.  4.372373E-16
1918.  4.400314E-16
1919.  4.429557E-16
1920.  4.460153E-16
1921.  4.492153E-16
1922.  4.525613E-16
1923.  4.560580E-16
1924.  4.597105E-16
1925.  4.635236E-16
1926.  4.675023E-16
1927.  4.716511E-16
1928.  4.759747E-16
1929.  4.804777E-16
1930.  4.851642E-16
1931.  4.900387E-16
1932.  4.951049E-16
1933.  5.003672E-16
1934.  5.058290E-16
1935.  5.114943E-16
1936.  5.173662E-16
1937.  5.234482E-16
1938.  5.297431E-16
1939.  5.362542E-16
1940.  5.429838E-16
1941.  5.499346E-16
1942.  5.571086E-16
1943.  5.645078E-16
1944.  5.721340E-16
1945.  5.799887E-16
1946.  5.880728E-16
1947.  5.963875E-16
1948.  6.049332E-16
1949.  6.137099E-16
1950.  6.227179E-16
1951.  6.319560E-16
1952.  6.414240E-16
1953.  6.511202E-16
1954.  6.610429E-16
1955.  6.711899E-16
1956.  6.815587E-16
1957.  6.921461E-16
1958.  7.029484E-16
1959.  7.139616E-16
1960.  7.251809E-16
1961.  7.366009E-16
1962.  7.482161E-16
1963.  7.600199E-16
1964.  7.720052E-16
1965.  7.841643E-16
1966.  7.964891E-16
1967.  8.089704E-16
1968.  8.215988E-16
1969.  8.343638E-16
1970.  8.472544E-16
1971.  8.602595E-16
1972.  8.733659E-16
1973.  8.865612E-16
1974.  8.998319E-16
1975.  9.131629E-16
1976.  9.265400E-16
1977.  9.399472E-16
1978.  9.533684E-16
1979.  9.667869E-16
1980.  9.801850E-16
1981.  9.935454E-16
1982.  1.006849E-15
1983.  1.020078E-15
1984.  1.033212E-15
1985.  1.046232E-15
1986.  1.059119E-15
1987.  1.071851E-15
1988.  1.084409E-15
1989.  1.096772E-15
1990.  1.108920E-15
1991.  1.120832E-15
1992.  1.132488E-15
1993.  1.143867E-15
1994.  1.154950E-15
1995.  1.165716E-15
1996.  1.176147E-15
1997.  1.186222E-15
1998.  1.195925E-15
1999.  1.205237E-15
2000.  1.214141E-15
2001.  1.222620E-15
2002.  1.230660E-15
2003.  1.238246E-15
2004.  1.245364E-15
2005.  1.252002E-15
2006.  1.258148E-15
2007.  1.263793E-15
2008.  1.268927E-15
2009.  1.273543E-15
2010.  1.277635E-15
2011.  1.281199E-15
2012.  1.284230E-15
2013.  1.286726E-15
2014.  1.288689E-15
2015.  1.290119E-15
2016.  1.291018E-15
2017.  1.291391E-15
2018.  1.291244E-15
2019.  1.290584E-15
2020.  1.289420E-15
2021.  1.287764E-15
2022.  1.285626E-15
2023.  1.283020E-15
2024.  1.279962E-15
2025.  1.276468E-15
2026.  1.272555E-15
2027.  1.268242E-15
2028.  1.263549E-15
2029.  1.258498E-15
2030.  1.253112E-15
2031.  1.247413E-15
2032.  1.241426E-15
2033.  1.235176E-15
2034.  1.228689E-15
2035.  1.221992E-15
2036.  1.215112E-15
2037.  1.208077E-15
2038.  1.200915E-15
2039.  1.193654E-15
2040.  1.186323E-15
2041.  1.178951E-15
2042.  1.171566E-15
2043.  1.164197E-15
2044.  1.156872E-15
2045.  1.149620E-15
2046.  1.142468E-15
2047.  1.135444E-15
2048.  1.128574E-15
2049.  1.121885E-15
2050.  1.115401E-15
2051.  1.109148E-15
2052.  1.103149E-15
2053.  1.097428E-15
2054.  1.092004E-15
2055.  1.086900E-15
2056.  1.082136E-15
2057.  1.077728E-15
2058.  1.073694E-15
2059.  1.070051E-15
2060.  1.066812E-15
2061.  1.063990E-15
2062.  1.061597E-15
2063.  1.059644E-15
2064.  1.058138E-15
2065.  1.057087E-15
2066.  1.056497E-15
2067.  1.056372E-15
2068.  1.056714E-15
2069.  1.057524E-15
2070.  1.058802E-15
2071.  1.060545E-15
2072.  1.062750E-15
2073.  1.065412E-15
2074.  1.068525E-15
2075.  1.072078E-15
2076.  1.076065E-15
2077.  1.080472E-15
2078.  1.085288E-15
2079.  1.090498E-15
2080.  1.096088E-15
2081.  1.102040E-15
2082.  1.108338E-15
2083.  1.114961E-15
2084.  1.121889E-15
2085.  1.129103E-15
2086.  1.136578E-15
2087.  1.144292E-15
2088.  1.152220E-15
2089.  1.160337E-15
2090.  1.168618E-15
2091.  1.177036E-15
2092.  1.185562E-15
2093.  1.194171E-15
2094.  1.202833E-15
2095.  1.211519E-15
2096.  1.220201E-15
2097.  1.228851E-15
2098.  1.237437E-15
2099.  1.245931E-15
2100.  1.254303E-15
2101.  1.262525E-15
2102.  1.270567E-15
2103.  1.278401E-15
2104.  1.285999E-15
2105.  1.293332E-15
2106.  1.300374E-15
2107.  1.307098E-15
2108.  1.313479E-15
2109.  1.319491E-15
2110.  1.325111E-15
2111.  1.330316E-15
2112.  1.335083E-15
2113.  1.339393E-15
2114.  1.343225E-15
2115.  1.346562E-15
2116.  1.349387E-15
2117.  1.351684E-15
2118.  1.353439E-15
2119.  1.354639E-15
2120.  1.355275E-15
2121.  1.355336E-15
2122.  1.354814E-15
2123.  1.353703E-15
2124.  1.352000E-15
2125.  1.349700E-15
2126.  1.346802E-15
2127.  1.343308E-15
2128.  1.339218E-15
2129.  1.334537E-15
2130.  1.329269E-15
2131.  1.323422E-15
2132.  1.317004E-15
2133.  1.310025E-15
2134.  1.302495E-15
2135.  1.294428E-15
2136.  1.285838E-15
2137.  1.276739E-15
2138.  1.267149E-15
2139.  1.257085E-15
2140.  1.246566E-15
2141.  1.235612E-15
2142.  1.224243E-15
2143.  1.212482E-15
2144.  1.200350E-15
2145.  1.187870E-15
2146.  1.175068E-15
2147.  1.161965E-15
2148.  1.148589E-15
2149.  1.134962E-15
2150.  1.121111E-15
2151.  1.107062E-15
2152.  1.092840E-15
2153.  1.078470E-15
2154.  1.063978E-15
2155.  1.049390E-15
2156.  1.034732E-15
2157.  1.020027E-15
2158.  1.005302E-15
2159.  9.905793E-16
2160.  9.758840E-16
2161.  9.612395E-16
2162.  9.466681E-16
2163.  9.321922E-16
2164.  9.178336E-16
2165.  9.036126E-16
2166.  8.895499E-16
2167.  8.756644E-16
2168.  8.619746E-16
2169.  8.484986E-16
2170.  8.352530E-16
2171.  8.222538E-16
2172.  8.095164E-16
2173.  7.970547E-16
2174.  7.848824E-16
2175.  7.730119E-16
2176.  7.614547E-16
2177.  7.502216E-16
2178.  7.393227E-16
2179.  7.287666E-16
2180.  7.185619E-16
2181.  7.087157E-16
2182.  6.992345E-16
2183.  6.901240E-16
2184.  6.813892E-16
2185.  6.730345E-16
2186.  6.650632E-16
2187.  6.574779E-16
2188.  6.502811E-16
2189.  6.434739E-16
2190.  6.370575E-16
2191.  6.310317E-16
2192.  6.253966E-16
2193.  6.201511E-16
2194.  6.152941E-16
2195.  6.108234E-16
2196.  6.067370E-16
2197.  6.030322E-16
2198.  5.997059E-16
2199.  5.967543E-16
2200.  5.941742E-16
2201.  5.919612E-16
2202.  5.901106E-16
2203.  5.886181E-16
2204.  5.874789E-16
2205.  5.866876E-16
2206.  5.862391E-16
2207.  5.861276E-16
2208.  5.863479E-16
2209.  5.868939E-16
2210.  5.877599E-16
2211.  5.889399E-16
2212.  5.904276E-16
2213.  5.922174E-16
2214.  5.943027E-16
2215.  5.966774E-16
2216.  5.993354E-16
2217.  6.022706E-16
2218.  6.054765E-16
2219.  6.089471E-16
2220.  6.126763E-16
2221.  6.166581E-16
2222.  6.208864E-16
2223.  6.253551E-16
2224.  6.300584E-16
2225.  6.349906E-16
2226.  6.401459E-16
2227.  6.455188E-16
2228.  6.511034E-16
2229.  6.568947E-16
2230.  6.628874E-16
2231.  6.690758E-16
2232.  6.754553E-16
2233.  6.820208E-16
2234.  6.887672E-16
2235.  6.956901E-16
2236.  7.027845E-16
2237.  7.100461E-16
2238.  7.174705E-16
2239.  7.250531E-16
2240.  7.327899E-16
2241.  7.406765E-16
2242.  7.487090E-16
2243.  7.568833E-16
2244.  7.651954E-16
2245.  7.736415E-16
2246.  7.822177E-16
2247.  7.909197E-16
2248.  7.997441E-16
2249.  8.086868E-16
2250.  8.177441E-16
2251.  8.269118E-16
2252.  8.361861E-16
2253.  8.455629E-16
2254.  8.550380E-16
2255.  8.646071E-16
2256.  8.742661E-16
2257.  8.840101E-16
2258.  8.938349E-16
2259.  9.037352E-16
2260.  9.137063E-16
2261.  9.237432E-16
2262.  9.338401E-16
2263.  9.439913E-16
2264.  9.541915E-16
2265.  9.644340E-16
2266.  9.747132E-16
2267.  9.850216E-16
2268.  9.953530E-16
2269.  1.005700E-15
2270.  1.016055E-15
2271.  1.026411E-15
2272.  1.036760E-15
2273.  1.047093E-15
2274.  1.057402E-15
2275.  1.067678E-15
2276.  1.077913E-15
2277.  1.088098E-15
2278.  1.098222E-15
2279.  1.108277E-15
2280.  1.118253E-15
2281.  1.128141E-15
2282.  1.137929E-15
2283.  1.147609E-15
2284.  1.157170E-15
2285.  1.166602E-15
2286.  1.175895E-15
2287.  1.185040E-15
2288.  1.194025E-15
2289.  1.202842E-15
2290.  1.211481E-15
2291.  1.219931E-15
2292.  1.228184E-15
2293.  1.236232E-15
2294.  1.244064E-15
2295.  1.251674E-15
2296.  1.259052E-15
2297.  1.266191E-15
2298.  1.273084E-15
2299.  1.279725E-15
2300.  1.286107E-15
2301.  1.292225E-15
2302.  1.298074E-15
2303.  1.303649E-15
2304.  1.308946E-15
2305.  1.313963E-15
2306.  1.318697E-15
2307.  1.323146E-15
2308.  1.327309E-15
2309.  1.331185E-15
2310.  1.334776E-15
2311.  1.338082E-15
2312.  1.341106E-15
2313.  1.343848E-15
2314.  1.346314E-15
2315.  1.348507E-15
2316.  1.350431E-15
2317.  1.352092E-15
2318.  1.353496E-15
2319.  1.354651E-15
2320.  1.355562E-15
2321.  1.356238E-15
2322.  1.356689E-15
2323.  1.356922E-15
2324.  1.356947E-15
2325.  1.356775E-15
2326.  1.356415E-15
2327.  1.355880E-15
2328.  1.355179E-15
2329.  1.354326E-15
2330.  1.353331E-15
2331.  1.352206E-15
2332.  1.350964E-15
2333.  1.349618E-15
2334.  1.348180E-15
2335.  1.346661E-15
2336.  1.345076E-15
2337.  1.343437E-15
2338.  1.341755E-15
2339.  1.340044E-15
2340.  1.338316E-15
2341.  1.336582E-15
2342.  1.334854E-15
2343.  1.333145E-15
2344.  1.331464E-15
2345.  1.329824E-15
2346.  1.328234E-15
2347.  1.326705E-15
2348.  1.325246E-15
2349.  1.323867E-15
2350.  1.322577E-15
2351.  1.321384E-15
2352.  1.320297E-15
2353.  1.319321E-15
2354.  1.318466E-15
2355.  1.317736E-15
2356.  1.317138E-15
2357.  1.316677E-15
2358.  1.316359E-15
2359.  1.316187E-15
2360.  1.316166E-15
2361.  1.316298E-15
2362.  1.316587E-15
2363.  1.317034E-15
2364.  1.317642E-15
2365.  1.318412E-15
2366.  1.319345E-15
2367.  1.320442E-15
2368.  1.321700E-15
2369.  1.323122E-15
2370.  1.324705E-15
2371.  1.326448E-15
2372.  1.328349E-15
2373.  1.330406E-15
2374.  1.332617E-15
2375.  1.334977E-15
2376.  1.337484E-15
2377.  1.340134E-15
2378.  1.342924E-15
2379.  1.345847E-15
2380.  1.348900E-15
2381.  1.352078E-15
2382.  1.355375E-15
2383.  1.358786E-15
2384.  1.362304E-15
2385.  1.365923E-15
2386.  1.369637E-15
2387.  1.373440E-15
2388.  1.377324E-15
2389.  1.381282E-15
2390.  1.385307E-15
2391.  1.389392E-15
2392.  1.393529E-15
2393.  1.397709E-15
2394.  1.401927E-15
2395.  1.406172E-15
2396.  1.410438E-15
2397.  1.414716E-15
2398.  1.418998E-15
2399.  1.423276E-15
2400.  1.427542E-15
2401.  1.431788E-15
2402.  1.436005E-15
2403.  1.440185E-15
2404.  1.444321E-15
2405.  1.448405E-15
2406.  1.452429E-15
2407.  1.456385E-15
2408.  1.460267E-15
2409.  1.464066E-15
2410.  1.467777E-15
2411.  1.471392E-15
2412.  1.474905E-15
2413.  1.478309E-15
2414.  1.481600E-15
2415.  1.484770E-15
2416.  1.487815E-15
2417.  1.490731E-15
2418.  1.493511E-15
2419.  1.496152E-15
2420.  1.498650E-15
2421.  1.501001E-15
2422.  1.503202E-15
2423.  1.505248E-15
2424.  1.507140E-15
2425.  1.508872E-15
2426.  1.510444E-15
2427.  1.511853E-15
2428.  1.513097E-15
2429.  1.514177E-15
2430.  1.515089E-15
2431.  1.515834E-15
2432.  1.516410E-15
2433.  1.516817E-15
2434.  1.517055E-15
2435.  1.517124E-15
2436.  1.517022E-15
2437.  1.516751E-15
2438.  1.516309E-15
2439.  1.515698E-15
2440.  1.514916E-15
2441.  1.513965E-15
2442.  1.512844E-15
2443.  1.511553E-15
2444.  1.510092E-15
2445.  1.508461E-15
2446.  1.506660E-15
2447.  1.504688E-15
2448.  1.502546E-15
2449.  1.500231E-15
2450.  1.497745E-15
2451.  1.495087E-15
2452.  1.492255E-15
2453.  1.489249E-15
2454.  1.486069E-15
2455.  1.482712E-15
2456.  1.479179E-15
2457.  1.475468E-15
2458.  1.471579E-15
2459.  1.467509E-15
2460.  1.463259E-15
2461.  1.458828E-15
2462.  1.454213E-15
2463.  1.449416E-15
2464.  1.444434E-15
2465.  1.439268E-15
2466.  1.433917E-15
2467.  1.428381E-15
2468.  1.422660E-15
2469.  1.416754E-15
2470.  1.410663E-15
2471.  1.404389E-15
2472.  1.397932E-15
2473.  1.391292E-15
2474.  1.384473E-15
2475.  1.377476E-15
2476.  1.370303E-15
2477.  1.362956E-15
2478.  1.355438E-15
2479.  1.347753E-15
2480.  1.339904E-15
2481.  1.331894E-15
2482.  1.323729E-15
2483.  1.315412E-15
2484.  1.306947E-15
2485.  1.298342E-15
2486.  1.289600E-15
2487.  1.280727E-15
2488.  1.271729E-15
2489.  1.262613E-15
2490.  1.253385E-15
2491.  1.244050E-15
2492.  1.234617E-15
2493.  1.225092E-15
2494.  1.215482E-15
2495.  1.205795E-15
2496.  1.196037E-15
2497.  1.186216E-15
2498.  1.176340E-15
2499.  1.166416E-15
2500.  1.156452E-15
2501.  1.146455E-15
2502.  1.136433E-15
2503.  1.126394E-15
2504.  1.116345E-15
2505.  1.106293E-15
2506.  1.096247E-15
2507.  1.086214E-15
2508.  1.076200E-15
2509.  1.066214E-15
2510.  1.056262E-15
2511.  1.046352E-15
2512.  1.036490E-15
2513.  1.026683E-15
2514.  1.016939E-15
2515.  1.007263E-15
2516.  9.976626E-16
2517.  9.881438E-16
2518.  9.787131E-16
2519.  9.693763E-16
2520.  9.601397E-16
2521.  9.510090E-16
2522.  9.419897E-16
2523.  9.330879E-16
2524.  9.243084E-16
2525.  9.156568E-16
2526.  9.071380E-16
2527.  8.987566E-16
2528.  8.905177E-16
2529.  8.824255E-16
2530.  8.744839E-16
2531.  8.666971E-16
2532.  8.590692E-16
2533.  8.516030E-16
2534.  8.443019E-16
2535.  8.371687E-16
2536.  8.302062E-16
2537.  8.234162E-16
2538.  8.168008E-16
2539.  8.103613E-16
2540.  8.040987E-16
2541.  7.980140E-16
2542.  7.921071E-16
2543.  7.863780E-16
2544.  7.808260E-16
2545.  7.754497E-16
2546.  7.702479E-16
2547.  7.652182E-16
2548.  7.603583E-16
2549.  7.556648E-16
2550.  7.511343E-16
2551.  7.467624E-16
2552.  7.425447E-16
2553.  7.384759E-16
2554.  7.345506E-16
2555.  7.307625E-16
2556.  7.271050E-16
2557.  7.235712E-16
2558.  7.201532E-16
2559.  7.168438E-16
2560.  7.136340E-16
2561.  7.105156E-16
2562.  7.074795E-16
2563.  7.045163E-16
2564.  7.016166E-16
2565.  6.987706E-16
2566.  6.959685E-16
2567.  6.932002E-16
2568.  6.904555E-16
2569.  6.877244E-16
2570.  6.849967E-16
2571.  6.822621E-16
2572.  6.795112E-16
2573.  6.767338E-16
2574.  6.739203E-16
2575.  6.710616E-16
2576.  6.681488E-16
2577.  6.651732E-16
2578.  6.621265E-16
2579.  6.590014E-16
2580.  6.557902E-16
2581.  6.524868E-16
2582.  6.490847E-16
2583.  6.455788E-16
2584.  6.419643E-16
2585.  6.382369E-16
2586.  6.343937E-16
2587.  6.304318E-16
2588.  6.263496E-16
2589.  6.221460E-16
2590.  6.178206E-16
2591.  6.133743E-16
2592.  6.088080E-16
2593.  6.041243E-16
2594.  5.993259E-16
2595.  5.944167E-16
2596.  5.894011E-16
2597.  5.842842E-16
2598.  5.790723E-16
2599.  5.737717E-16
2600.  5.683900E-16
2601.  5.629350E-16
2602.  5.574154E-16
2603.  5.518402E-16
2604.  5.462191E-16
2605.  5.405621E-16
2606.  5.348800E-16
2607.  5.291834E-16
2608.  5.234836E-16
2609.  5.177921E-16
2610.  5.121205E-16
2611.  5.064809E-16
2612.  5.008851E-16
2613.  4.953448E-16
2614.  4.898728E-16
2615.  4.844804E-16
2616.  4.791797E-16
2617.  4.739824E-16
2618.  4.689000E-16
2619.  4.639437E-16
2620.  4.591244E-16
2621.  4.544529E-16
2622.  4.499391E-16
2623.  4.455931E-16
2624.  4.414240E-16
2625.  4.374404E-16
2626.  4.336510E-16
2627.  4.300634E-16
2628.  4.266845E-16
2629.  4.235210E-16
2630.  4.205787E-16
2631.  4.178627E-16
2632.  4.153777E-16
2633.  4.131275E-16
2634.  4.111151E-16
2635.  4.093432E-16
2636.  4.078134E-16
2637.  4.065268E-16
2638.  4.054837E-16
2639.  4.046835E-16
2640.  4.041256E-16
2641.  4.038079E-16
2642.  4.037280E-16
2643.  4.038827E-16
2644.  4.042683E-16
2645.  4.048802E-16
2646.  4.057135E-16
2647.  4.067624E-16
2648.  4.080205E-16
2649.  4.094808E-16
2650.  4.111362E-16
2651.  4.129783E-16
2652.  4.149987E-16
2653.  4.171885E-16
2654.  4.195381E-16
2655.  4.220374E-16
2656.  4.246763E-16
2657.  4.274438E-16
2658.  4.303287E-16
2659.  4.333195E-16
2660.  4.364045E-16
2661.  4.395715E-16
2662.  4.428079E-16
2663.  4.461014E-16
2664.  4.494390E-16
2665.  4.528076E-16
2666.  4.561943E-16
2667.  4.595855E-16
2668.  4.629679E-16
2669.  4.663284E-16
2670.  4.696531E-16
2671.  4.729290E-16
2672.  4.761423E-16
2673.  4.792800E-16
2674.  4.823289E-16
2675.  4.852758E-16
2676.  4.881081E-16
2677.  4.908130E-16
2678.  4.933782E-16
2679.  4.957916E-16
2680.  4.980412E-16
2681.  5.001158E-16
2682.  5.020046E-16
2683.  5.036966E-16
2684.  5.051820E-16
2685.  5.064508E-16
2686.  5.074943E-16
2687.  5.083038E-16
2688.  5.088710E-16
2689.  5.091888E-16
2690.  5.092504E-16
2691.  5.090496E-16
2692.  5.085809E-16
2693.  5.078399E-16
2694.  5.068221E-16
2695.  5.055245E-16
2696.  5.039444E-16
2697.  5.020799E-16
2698.  4.999303E-16
2699.  4.974948E-16
2700.  4.947743E-16
2701.  4.917695E-16
2702.  4.884827E-16
2703.  4.849165E-16
2704.  4.810742E-16
2705.  4.769601E-16
2706.  4.725789E-16
2707.  4.679362E-16
2708.  4.630380E-16
2709.  4.578911E-16
2710.  4.525031E-16
2711.  4.468817E-16
2712.  4.410356E-16
2713.  4.349736E-16
2714.  4.287051E-16
2715.  4.222402E-16
2716.  4.155891E-16
2717.  4.087622E-16
2718.  4.017707E-16
2719.  3.946255E-16
2720.  3.873382E-16
2721.  3.799202E-16
2722.  3.723832E-16
2723.  3.647390E-16
2724.  3.569995E-16
2725.  3.491763E-16
2726.  3.412812E-16
2727.  3.333261E-16
2728.  3.253224E-16
2729.  3.172815E-16
2730.  3.092149E-16
2731.  3.011334E-16
2732.  2.930480E-16
2733.  2.849689E-16
2734.  2.769067E-16
2735.  2.688711E-16
2736.  2.608715E-16
2737.  2.529175E-16
2738.  2.450177E-16
2739.  2.371808E-16
2740.  2.294147E-16
2741.  2.217271E-16
2742.  2.141256E-16
2743.  2.066167E-16
2744.  1.992072E-16
2745.  1.919034E-16
2746.  1.847106E-16
2747.  1.776346E-16
2748.  1.706804E-16
2749.  1.638524E-16
2750.  1.571552E-16
2751.  1.505927E-16
2752.  1.441686E-16
2753.  1.378863E-16
2754.  1.317491E-16
2755.  1.257597E-16
2756.  1.199208E-16
2757.  1.142348E-16
2758.  1.087039E-16
2759.  1.033300E-16
2760.  9.811511E-17
2761.  9.306074E-17
2762.  8.816856E-17
2763.  8.343975E-17
2764.  7.887585E-17
2765.  7.447776E-17
2766.  7.024660E-17
2767.  6.618340E-17
2768.  6.228904E-17
2769.  5.856421E-17
2770.  5.500981E-17
2771.  5.162638E-17
2772.  4.841456E-17
2773.  4.537468E-17
2774.  4.250752E-17
2775.  3.981330E-17
2776.  3.729240E-17
2777.  3.494473E-17
2778.  3.277084E-17
2779.  3.077057E-17
2780.  2.894382E-17
2781.  2.729049E-17
2782.  2.581020E-17
2783.  2.450249E-17
2784.  2.336708E-17
2785.  2.240295E-17
2786.  2.160920E-17
2787.  2.098486E-17
2788.  2.052876E-17
2789.  2.023924E-17
2790.  2.011461E-17
2791.  2.015325E-17
2792.  2.035291E-17
2793.  2.071109E-17
2794.  2.122550E-17
2795.  2.189323E-17
2796.  2.271098E-17
2797.  2.367561E-17
2798.  2.478339E-17
2799.  2.603065E-17
2800.  2.741282E-17
2801.  2.892582E-17
2802.  3.056481E-17
2803.  3.232479E-17
2804.  3.420089E-17
2805.  3.618717E-17
2806.  3.827819E-17
2807.  4.046793E-17
2808.  4.275020E-17
2809.  4.511861E-17
2810.  4.756656E-17
2811.  5.008725E-17
2812.  5.267366E-17
2813.  5.531886E-17
2814.  5.801521E-17
2815.  6.075565E-17
2816.  6.353245E-17
2817.  6.633810E-17
2818.  6.916493E-17
2819.  7.200533E-17
2820.  7.485130E-17
2821.  7.769540E-17
2822.  8.052958E-17
2823.  8.334659E-17
2824.  8.613861E-17
2825.  8.889796E-17
2826.  9.161755E-17
2827.  9.428993E-17
2828.  9.690803E-17
2829.  9.946492E-17
2830.  1.019538E-16
2831.  1.043682E-16
2832.  1.067019E-16
2833.  1.089489E-16
2834.  1.111033E-16
2835.  1.131599E-16
2836.  1.151133E-16
2837.  1.169588E-16
2838.  1.186920E-16
2839.  1.203087E-16
2840.  1.218053E-16
2841.  1.231782E-16
2842.  1.244245E-16
2843.  1.255417E-16
2844.  1.265274E-16
2845.  1.273799E-16
2846.  1.280978E-16
2847.  1.286799E-16
2848.  1.291259E-16
2849.  1.294353E-16
2850.  1.296085E-16
2851.  1.296458E-16
2852.  1.295484E-16
2853.  1.293175E-16
2854.  1.289549E-16
2855.  1.284625E-16
2856.  1.278426E-16
2857.  1.270982E-16
2858.  1.262321E-16
2859.  1.252478E-16
2860.  1.241488E-16
2861.  1.229389E-16
2862.  1.216224E-16
2863.  1.202036E-16
2864.  1.186867E-16
2865.  1.170769E-16
2866.  1.153788E-16
2867.  1.135975E-16
2868.  1.117383E-16
2869.  1.098064E-16
2870.  1.078071E-16
2871.  1.057458E-16
2872.  1.036279E-16
2873.  1.014590E-16
2874.  9.924434E-17
2875.  9.698970E-17
2876.  9.470010E-17
2877.  9.238092E-17
2878.  9.003762E-17
2879.  8.767515E-17
2880.  8.529856E-17
2881.  8.291273E-17
2882.  8.052253E-17
2883.  7.813244E-17
2884.  7.574683E-17
2885.  7.337009E-17
2886.  7.100610E-17
2887.  6.865870E-17
2888.  6.633167E-17
2889.  6.402820E-17
2890.  6.175169E-17
2891.  5.950486E-17
2892.  5.729070E-17
2893.  5.511141E-17
2894.  5.296939E-17
2895.  5.086667E-17
2896.  4.880507E-17
2897.  4.678603E-17
2898.  4.481103E-17
2899.  4.288114E-17
2900.  4.099719E-17
2901.  3.915990E-17
2902.  3.736986E-17
2903.  3.562731E-17
2904.  3.393248E-17
2905.  3.228517E-17
2906.  3.068516E-17
2907.  2.913228E-17
2908.  2.762583E-17
2909.  2.616534E-17
2910.  2.474993E-17
2911.  2.337883E-17
2912.  2.205116E-17
2913.  2.076580E-17
2914.  1.952169E-17
2915.  1.831746E-17
2916.  1.715236E-17
2917.  1.602492E-17
2918.  1.493377E-17
2919.  1.387783E-17
2920.  1.285586E-17
2921.  1.186641E-17
2922.  1.090843E-17
2923.  9.980806E-18
2924.  9.082092E-18
2925.  8.211371E-18
2926.  7.367440E-18
2927.  6.549410E-18
2928.  5.756167E-18
2929.  4.986984E-18
2930.  4.240905E-18
2931.  3.517265E-18
2932.  2.815401E-18
2933.  2.134699E-18
2934.  1.474677E-18
2935.  8.348349E-19
2936.  2.148587E-19
2937.  -3.855198E-19
2938.  -9.665544E-19
2939.  -1.528264E-18
2940.  -2.070853E-18
2941.  -2.594108E-18
2942.  -3.098101E-18
2943.  -3.582656E-18
2944.  -4.047685E-18
2945.  -4.492914E-18
2946.  -4.917842E-18
2947.  -5.322520E-18
2948.  -5.706398E-18
2949.  -6.069080E-18
2950.  -6.410530E-18
2951.  -6.729963E-18
2952.  -7.026956E-18
2953.  -7.301404E-18
2954.  -7.552759E-18
2955.  -7.780818E-18
2956.  -7.984949E-18
2957.  -8.165071E-18
2958.  -8.320739E-18
2959.  -8.451976E-18
2960.  -8.558186E-18
2961.  -8.639461E-18
2962.  -8.695577E-18
2963.  -8.726571E-18
2964.  -8.732423E-18
2965.  -8.713039E-18
2966.  -8.668809E-18
2967.  -8.599710E-18
2968.  -8.505986E-18
2969.  -8.388079E-18
2970.  -8.246445E-18
2971.  -8.081215E-18
2972.  -7.893068E-18
2973.  -7.682663E-18
2974.  -7.450546E-18
2975.  -7.197502E-18
2976.  -6.924156E-18
2977.  -6.631377E-18
2978.  -6.320061E-18
2979.  -5.991210E-18
2980.  -5.645444E-18
2981.  -5.284058E-18
2982.  -4.908118E-18
2983.  -4.518368E-18
2984.  -4.116275E-18
2985.  -3.702670E-18
2986.  -3.278844E-18
2987.  -2.845865E-18
2988.  -2.404849E-18
2989.  -1.957058E-18
2990.  -1.503454E-18
2991.  -1.045398E-18
2992.  -5.839286E-19
2993.  -1.201384E-19
2994.  3.448358E-19
2995.  8.099358E-19
2996.  1.274169E-18
2997.  1.736579E-18
2998.  2.196042E-18
2999.  2.651642E-18
3000.  3.102691E-18
3001.  3.548137E-18
3002.  3.987277E-18
3003.  4.419298E-18
3004.  4.843571E-18
3005.  5.259479E-18
3006.  5.666354E-18
3007.  6.063708E-18
3008.  6.451119E-18
3009.  6.827950E-18
3010.  7.194116E-18
3011.  7.549320E-18
3012.  7.893148E-18
3013.  8.225509E-18
3014.  8.546221E-18
3015.  8.855241E-18
3016.  9.152619E-18
3017.  9.438092E-18
3018.  9.712097E-18
3019.  9.974683E-18
3020.  1.022594E-17
3021.  1.046613E-17
3022.  1.069548E-17
3023.  1.091441E-17
3024.  1.112320E-17
3025.  1.132217E-17
3026.  1.151185E-17
3027.  1.169261E-17
3028.  1.186501E-17
3029.  1.202957E-17
3030.  1.218670E-17
3031.  1.233710E-17
3032.  1.248135E-17
3033.  1.261988E-17
3034.  1.275350E-17
3035.  1.288263E-17
3036.  1.300814E-17
3037.  1.313061E-17
3038.  1.325056E-17
3039.  1.336862E-17
3040.  1.348581E-17
3041.  1.360243E-17
3042.  1.371922E-17
3043.  1.383684E-17
3044.  1.395598E-17
3045.  1.407724E-17
3046.  1.420116E-17
3047.  1.432839E-17
3048.  1.445964E-17
3049.  1.459528E-17
3050.  1.473613E-17
3051.  1.488254E-17
3052.  1.503498E-17
3053.  1.519404E-17
3054.  1.536031E-17
3055.  1.553397E-17
3056.  1.571572E-17
3057.  1.590563E-17
3058.  1.610428E-17
3059.  1.631198E-17
3060.  1.652902E-17
3061.  1.675552E-17
3062.  1.699191E-17
3063.  1.723840E-17
3064.  1.749485E-17
3065.  1.776181E-17
3066.  1.803920E-17
3067.  1.832703E-17
3068.  1.862531E-17
3069.  1.893443E-17
3070.  1.925388E-17
3071.  1.958392E-17
3072.  1.992451E-17
3073.  2.027519E-17
3074.  2.063622E-17
3075.  2.100744E-17
3076.  2.138855E-17
3077.  2.177937E-17
3078.  2.217968E-17
3079.  2.258964E-17
3080.  2.300873E-17
3081.  2.343679E-17
3082.  2.387358E-17
3083.  2.431889E-17
3084.  2.477271E-17
3085.  2.523473E-17
3086.  2.570485E-17
3087.  2.618293E-17
3088.  2.666871E-17
3089.  2.716212E-17
3090.  2.766323E-17
3091.  2.817181E-17
3092.  2.868796E-17
3093.  2.921173E-17
3094.  2.974317E-17
3095.  3.028225E-17
3096.  3.082957E-17
3097.  3.138477E-17
3098.  3.194844E-17
3099.  3.252080E-17
3100.  3.310239E-17
3101.  3.369337E-17
3102.  3.429435E-17
3103.  3.490592E-17
3104.  3.552847E-17
3105.  3.616257E-17
3106.  3.680896E-17
3107.  3.746845E-17
3108.  3.814161E-17
3109.  3.882924E-17
3110.  3.953209E-17
3111.  4.025110E-17
3112.  4.098691E-17
3113.  4.174044E-17
3114.  4.251252E-17
3115.  4.330390E-17
3116.  4.411544E-17
3117.  4.494798E-17
3118.  4.580219E-17
3119.  4.667877E-17
3120.  4.757845E-17
3121.  4.850169E-17
3122.  4.944898E-17
3123.  5.042097E-17
3124.  5.141791E-17
3125.  5.244000E-17
3126.  5.348760E-17
3127.  5.456037E-17
3128.  5.565847E-17
3129.  5.678165E-17
3130.  5.792944E-17
3131.  5.910153E-17
3132.  6.029703E-17
3133.  6.151530E-17
3134.  6.275516E-17
3135.  6.401578E-17
3136.  6.529549E-17
3137.  6.659294E-17
3138.  6.790657E-17
3139.  6.923456E-17
3140.  7.057497E-17
3141.  7.192557E-17
3142.  7.328407E-17
3143.  7.464801E-17
3144.  7.601504E-17
3145.  7.738219E-17
3146.  7.874667E-17
3147.  8.010566E-17
3148.  8.145598E-17
3149.  8.279447E-17
3150.  8.411798E-17
3151.  8.542323E-17
3152.  8.670685E-17
3153.  8.796551E-17
3154.  8.919577E-17
3155.  9.039423E-17
3156.  9.155760E-17
3157.  9.268252E-17
3158.  9.376563E-17
3159.  9.480396E-17
3160.  9.579413E-17
3161.  9.673321E-17
3162.  9.761820E-17
3163.  9.844662E-17
3164.  9.921558E-17
3165.  9.992270E-17
3166.  1.005658E-16
3167.  1.011428E-16
3168.  1.016518E-16
3169.  1.020911E-16
3170.  1.024594E-16
3171.  1.027553E-16
3172.  1.029782E-16
3173.  1.031272E-16
3174.  1.032019E-16
3175.  1.032021E-16
3176.  1.031279E-16
3177.  1.029798E-16
3178.  1.027584E-16
3179.  1.024644E-16
3180.  1.020989E-16
3181.  1.016635E-16
3182.  1.011596E-16
3183.  1.005894E-16
3184.  9.995460E-17
3185.  9.925756E-17
3186.  9.850087E-17
3187.  9.768716E-17
3188.  9.681936E-17
3189.  9.590045E-17
3190.  9.493376E-17
3191.  9.392234E-17
3192.  9.286970E-17
3193.  9.177954E-17
3194.  9.065538E-17
3195.  8.950088E-17
3196.  8.831992E-17
3197.  8.711613E-17
3198.  8.589344E-17
3199.  8.465566E-17
3200.  8.340654E-17
3201.  8.214987E-17
3202.  8.088942E-17
3203.  7.962892E-17
3204.  7.837191E-17
3205.  7.712201E-17
3206.  7.588256E-17
3207.  7.465699E-17
3208.  7.344865E-17
3209.  7.226059E-17
3210.  7.109583E-17
3211.  6.995703E-17
3212.  6.884733E-17
3213.  6.776904E-17
3214.  6.672470E-17
3215.  6.571656E-17
3216.  6.474683E-17
3217.  6.381749E-17
3218.  6.293043E-17
3219.  6.208728E-17
3220.  6.128980E-17
3221.  6.053915E-17
3222.  5.983684E-17
3223.  5.918395E-17
3224.  5.858166E-17
3225.  5.803072E-17
3226.  5.753193E-17
3227.  5.708613E-17
3228.  5.669400E-17
3229.  5.635593E-17
3230.  5.607246E-17
3231.  5.584398E-17
3232.  5.567080E-17
3233.  5.555320E-17
3234.  5.549140E-17
3235.  5.548571E-17
3236.  5.553626E-17
3237.  5.564318E-17
3238.  5.580669E-17
3239.  5.602710E-17
3240.  5.630437E-17
3241.  5.663883E-17
3242.  5.703066E-17
3243.  5.748013E-17
3244.  5.798760E-17
3245.  5.855324E-17
3246.  5.917778E-17
3247.  5.986138E-17
3248.  6.060443E-17
3249.  6.140763E-17
3250.  6.227169E-17
3251.  6.319715E-17
3252.  6.418468E-17
3253.  6.523497E-17
3254.  6.634897E-17
3255.  6.752713E-17
3256.  6.877087E-17
3257.  7.008091E-17
3258.  7.145806E-17
3259.  7.290333E-17
3260.  7.441776E-17
3261.  7.600220E-17
3262.  7.765782E-17
3263.  7.938540E-17
3264.  8.118578E-17
3265.  8.305991E-17
3266.  8.500869E-17
3267.  8.703278E-17
3268.  8.913291E-17
3269.  9.130958E-17
3270.  9.356321E-17
3271.  9.589416E-17
3272.  9.830275E-17
3273.  1.007889E-16
3274.  1.033523E-16
3275.  1.059931E-16
3276.  1.087103E-16
3277.  1.115036E-16
3278.  1.143719E-16
3279.  1.173139E-16
3280.  1.203285E-16
3281.  1.234139E-16
3282.  1.265682E-16
3283.  1.297891E-16
3284.  1.330744E-16
3285.  1.364213E-16
3286.  1.398267E-16
3287.  1.432874E-16
3288.  1.467998E-16
3289.  1.503599E-16
3290.  1.539638E-16
3291.  1.576071E-16
3292.  1.612850E-16
3293.  1.649925E-16
3294.  1.687246E-16
3295.  1.724759E-16
3296.  1.762408E-16
3297.  1.800133E-16
3298.  1.837874E-16
3299.  1.875570E-16
3300.  1.913158E-16
3301.  1.950572E-16
3302.  1.987748E-16
3303.  2.024619E-16
3304.  2.061119E-16
3305.  2.097180E-16
3306.  2.132738E-16
3307.  2.167725E-16
3308.  2.202074E-16
3309.  2.235723E-16
3310.  2.268610E-16
3311.  2.300672E-16
3312.  2.331849E-16
3313.  2.362086E-16
3314.  2.391329E-16
3315.  2.419526E-16
3316.  2.446631E-16
3317.  2.472598E-16
3318.  2.497389E-16
3319.  2.520965E-16
3320.  2.543298E-16
3321.  2.564359E-16
3322.  2.584128E-16
3323.  2.602586E-16
3324.  2.619724E-16
3325.  2.635535E-16
3326.  2.650020E-16
3327.  2.663184E-16
3328.  2.675039E-16
3329.  2.685601E-16
3330.  2.694896E-16
3331.  2.702951E-16
3332.  2.709802E-16
3333.  2.715490E-16
3334.  2.720063E-16
3335.  2.723573E-16
3336.  2.726079E-16
3337.  2.727643E-16
3338.  2.728336E-16
3339.  2.728231E-16
3340.  2.727405E-16
3341.  2.725943E-16
3342.  2.723931E-16
3343.  2.721462E-16
3344.  2.718628E-16
3345.  2.715526E-16
3346.  2.712259E-16
3347.  2.708927E-16
3348.  2.705634E-16
3349.  2.702489E-16
3350.  2.699594E-16
3351.  2.697059E-16
3352.  2.694992E-16
3353.  2.693498E-16
3354.  2.692682E-16
3355.  2.692650E-16
3356.  2.693504E-16
3357.  2.695344E-16
3358.  2.698266E-16
3359.  2.702365E-16
3360.  2.707733E-16
3361.  2.714450E-16
3362.  2.722603E-16
3363.  2.732265E-16
3364.  2.743506E-16
3365.  2.756393E-16
3366.  2.770981E-16
3367.  2.787325E-16
3368.  2.805466E-16
3369.  2.825446E-16
3370.  2.847293E-16
3371.  2.871029E-16
3372.  2.896670E-16
3373.  2.924222E-16
3374.  2.953684E-16
3375.  2.985048E-16
3376.  3.018292E-16
3377.  3.053394E-16
3378.  3.090318E-16
3379.  3.129023E-16
3380.  3.169455E-16
3381.  3.211560E-16
3382.  3.255269E-16
3383.  3.300510E-16
3384.  3.347200E-16
3385.  3.395252E-16
3386.  3.444572E-16
3387.  3.495059E-16
3388.  3.546606E-16
3389.  3.599099E-16
3390.  3.652421E-16
3391.  3.706452E-16
3392.  3.761063E-16
3393.  3.816126E-16
3394.  3.871507E-16
3395.  3.927071E-16
3396.  3.982682E-16
3397.  4.038199E-16
3398.  4.093485E-16
3399.  4.148399E-16
3400.  4.202801E-16
3401.  4.256553E-16
3402.  4.309522E-16
3403.  4.361571E-16
3404.  4.412568E-16
3405.  4.462387E-16
3406.  4.510900E-16
3407.  4.557991E-16
3408.  4.603545E-16
3409.  4.647452E-16
3410.  4.689606E-16
3411.  4.729915E-16
3412.  4.768283E-16
3413.  4.804630E-16
3414.  4.838879E-16
3415.  4.870961E-16
3416.  4.900816E-16
3417.  4.928390E-16
3418.  4.953645E-16
3419.  4.976537E-16
3420.  4.997043E-16
3421.  5.015142E-16
3422.  5.030824E-16
3423.  5.044088E-16
3424.  5.054940E-16
3425.  5.063392E-16
3426.  5.069467E-16
3427.  5.073195E-16
3428.  5.074614E-16
3429.  5.073766E-16
3430.  5.070702E-16
3431.  5.065481E-16
3432.  5.058168E-16
3433.  5.048828E-16
3434.  5.037537E-16
3435.  5.024371E-16
3436.  5.009416E-16
3437.  4.992756E-16
3438.  4.974484E-16
3439.  4.954686E-16
3440.  4.933462E-16
3441.  4.910903E-16
3442.  4.887108E-16
3443.  4.862172E-16
3444.  4.836194E-16
3445.  4.809268E-16
3446.  4.781490E-16
3447.  4.752953E-16
3448.  4.723749E-16
3449.  4.693966E-16
3450.  4.663692E-16
3451.  4.633008E-16
3452.  4.601992E-16
3453.  4.570722E-16
3454.  4.539268E-16
3455.  4.507694E-16
3456.  4.476064E-16
3457.  4.444434E-16
3458.  4.412854E-16
3459.  4.381372E-16
3460.  4.350030E-16
3461.  4.318860E-16
3462.  4.287895E-16
3463.  4.257157E-16
3464.  4.226670E-16
3465.  4.196443E-16
3466.  4.166489E-16
3467.  4.136810E-16
3468.  4.107410E-16
3469.  4.078277E-16
3470.  4.049406E-16
3471.  4.020784E-16
3472.  3.992390E-16
3473.  3.964206E-16
3474.  3.936208E-16
3475.  3.908367E-16
3476.  3.880657E-16
3477.  3.853043E-16
3478.  3.825494E-16
3479.  3.797973E-16
3480.  3.770447E-16
3481.  3.742875E-16
3482.  3.715222E-16
3483.  3.687449E-16
3484.  3.659522E-16
3485.  3.631402E-16
3486.  3.603053E-16
3487.  3.574439E-16
3488.  3.545531E-16
3489.  3.516296E-16
3490.  3.486701E-16
3491.  3.456724E-16
3492.  3.426337E-16
3493.  3.395521E-16
3494.  3.364251E-16
3495.  3.332517E-16
3496.  3.300301E-16
3497.  3.267595E-16
3498.  3.234393E-16
3499.  3.200690E-16
3500.  3.166487E-16
3501.  3.131786E-16
3502.  3.096595E-16
3503.  3.060923E-16
3504.  3.024784E-16
3505.  2.988195E-16
3506.  2.951175E-16
3507.  2.913747E-16
3508.  2.875938E-16
3509.  2.837775E-16
3510.  2.799292E-16
3511.  2.760520E-16
3512.  2.721499E-16
3513.  2.682265E-16
3514.  2.642860E-16
3515.  2.603327E-16
3516.  2.563708E-16
3517.  2.524053E-16
3518.  2.484407E-16
3519.  2.444818E-16
3520.  2.405336E-16
3521.  2.366010E-16
3522.  2.326892E-16
3523.  2.288032E-16
3524.  2.249480E-16
3525.  2.211289E-16
3526.  2.173507E-16
3527.  2.136185E-16
3528.  2.099374E-16
3529.  2.063119E-16
3530.  2.027472E-16
3531.  1.992477E-16
3532.  1.958180E-16
3533.  1.924623E-16
3534.  1.891851E-16
3535.  1.859903E-16
3536.  1.828818E-16
3537.  1.798630E-16
3538.  1.769378E-16
3539.  1.741091E-16
3540.  1.713801E-16
3541.  1.687533E-16
3542.  1.662317E-16
3543.  1.638169E-16
3544.  1.615116E-16
3545.  1.593169E-16
3546.  1.572345E-16
3547.  1.552658E-16
3548.  1.534114E-16
3549.  1.516719E-16
3550.  1.500478E-16
3551.  1.485389E-16
3552.  1.471451E-16
3553.  1.458657E-16
3554.  1.446998E-16
3555.  1.436464E-16
3556.  1.427040E-16
3557.  1.418707E-16
3558.  1.411446E-16
3559.  1.405232E-16
3560.  1.400042E-16
3561.  1.395844E-16
3562.  1.392608E-16
3563.  1.390302E-16
3564.  1.388886E-16
3565.  1.388322E-16
3566.  1.388570E-16
3567.  1.389586E-16
3568.  1.391325E-16
3569.  1.393736E-16
3570.  1.396772E-16
3571.  1.400382E-16
3572.  1.404514E-16
3573.  1.409110E-16
3574.  1.414118E-16
3575.  1.419482E-16
3576.  1.425140E-16
3577.  1.431039E-16
3578.  1.437116E-16
3579.  1.443316E-16
3580.  1.449575E-16
3581.  1.455836E-16
3582.  1.462038E-16
3583.  1.468126E-16
3584.  1.474040E-16
3585.  1.479720E-16
3586.  1.485113E-16
3587.  1.490161E-16
3588.  1.494813E-16
3589.  1.499015E-16
3590.  1.502715E-16
3591.  1.505868E-16
3592.  1.508427E-16
3593.  1.510344E-16
3594.  1.511580E-16
3595.  1.512096E-16
3596.  1.511855E-16
3597.  1.510822E-16
3598.  1.508967E-16
3599.  1.506263E-16
3600.  1.502686E-16
3601.  1.498213E-16
3602.  1.492825E-16
3603.  1.486510E-16
3604.  1.479254E-16
3605.  1.471050E-16
3606.  1.461894E-16
3607.  1.451782E-16
3608.  1.440722E-16
3609.  1.428711E-16
3610.  1.415763E-16
3611.  1.401888E-16
3612.  1.387102E-16
3613.  1.371423E-16
3614.  1.354870E-16
3615.  1.337468E-16
3616.  1.319243E-16
3617.  1.300224E-16
3618.  1.280443E-16
3619.  1.259932E-16
3620.  1.238727E-16
3621.  1.216865E-16
3622.  1.194386E-16
3623.  1.171330E-16
3624.  1.147740E-16
3625.  1.123657E-16
3626.  1.099127E-16
3627.  1.074196E-16
3628.  1.048905E-16
3629.  1.023303E-16
3630.  9.974366E-17
3631.  9.713516E-17
3632.  9.450905E-17
3633.  9.187021E-17
3634.  8.922320E-17
3635.  8.657218E-17
3636.  8.392163E-17
3637.  8.127568E-17
3638.  7.863875E-17
3639.  7.601457E-17
3640.  7.340720E-17
3641.  7.082019E-17
3642.  6.825727E-17
3643.  6.572191E-17
3644.  6.321723E-17
3645.  6.074611E-17
3646.  5.831163E-17
3647.  5.591648E-17
3648.  5.356320E-17
3649.  5.125387E-17
3650.  4.899082E-17
3651.  4.677586E-17
3652.  4.461082E-17
3653.  4.249704E-17
3654.  4.043604E-17
3655.  3.842899E-17
3656.  3.647683E-17
3657.  3.458035E-17
3658.  3.274021E-17
3659.  3.095708E-17
3660.  2.923116E-17
3661.  2.756269E-17
3662.  2.595180E-17
3663.  2.439850E-17
3664.  2.290256E-17
3665.  2.146361E-17
3666.  2.008168E-17
3667.  1.875597E-17
3668.  1.748613E-17
3669.  1.627146E-17
3670.  1.511154E-17
3671.  1.400567E-17
3672.  1.295313E-17
3673.  1.195295E-17
3674.  1.100449E-17
3675.  1.010718E-17
3676.  9.259893E-18
3677.  8.462073E-18
3678.  7.712943E-18
3679.  7.011624E-18
3680.  6.357459E-18
3681.  5.749547E-18
3682.  5.187326E-18
3683.  4.670177E-18
3684.  4.197327E-18
3685.  3.768107E-18
3686.  3.381923E-18
3687.  3.038445E-18
3688.  2.737002E-18
3689.  2.476828E-18
3690.  2.258008E-18
3691.  2.079694E-18
3692.  1.941516E-18
3693.  1.843334E-18
3694.  1.784358E-18
3695.  1.764639E-18
3696.  1.783587E-18
3697.  1.840765E-18
3698.  1.936121E-18
3699.  2.068989E-18
3700.  2.239270E-18
3701.  2.446421E-18
3702.  2.690096E-18
3703.  2.969722E-18
3704.  3.284864E-18
3705.  3.634975E-18
3706.  4.019804E-18
3707.  4.438462E-18
3708.  4.890212E-18
3709.  5.374386E-18
3710.  5.890364E-18
3711.  6.437115E-18
3712.  7.013706E-18
3713.  7.619189E-18
3714.  8.252354E-18
3715.  8.912184E-18
3716.  9.597193E-18
3717.  1.030616E-17
3718.  1.103776E-17
3719.  1.179031E-17
3720.  1.256244E-17
3721.  1.335214E-17
3722.  1.415804E-17
3723.  1.497813E-17
3724.  1.581058E-17
3725.  1.665346E-17
3726.  1.750461E-17
3727.  1.836210E-17
3728.  1.922383E-17
3729.  2.008758E-17
3730.  2.095125E-17
3731.  2.181250E-17
3732.  2.266932E-17
3733.  2.351926E-17
3734.  2.436007E-17
3735.  2.518975E-17
3736.  2.600602E-17
3737.  2.680653E-17
3738.  2.758927E-17
3739.  2.835214E-17
3740.  2.909311E-17
3741.  2.981006E-17
3742.  3.050131E-17
3743.  3.116476E-17
3744.  3.179900E-17
3745.  3.240208E-17
3746.  3.297266E-17
3747.  3.350918E-17
3748.  3.401051E-17
3749.  3.447508E-17
3750.  3.490216E-17
3751.  3.529081E-17
3752.  3.563997E-17
3753.  3.594914E-17
3754.  3.621774E-17
3755.  3.644542E-17
3756.  3.663190E-17
3757.  3.677698E-17
3758.  3.688079E-17
3759.  3.694357E-17
3760.  3.696521E-17
3761.  3.694635E-17
3762.  3.688779E-17
3763.  3.678976E-17
3764.  3.665334E-17
3765.  3.647930E-17
3766.  3.626850E-17
3767.  3.602220E-17
3768.  3.574161E-17
3769.  3.542789E-17
3770.  3.508232E-17
3771.  3.470655E-17
3772.  3.430181E-17
3773.  3.386965E-17
3774.  3.341175E-17
3775.  3.292971E-17
3776.  3.242507E-17
3777.  3.189940E-17
3778.  3.135468E-17
3779.  3.079228E-17
3780.  3.021410E-17
3781.  2.962157E-17
3782.  2.901647E-17
3783.  2.840029E-17
3784.  2.777493E-17
3785.  2.714159E-17
3786.  2.650196E-17
3787.  2.585754E-17
3788.  2.520975E-17
3789.  2.455990E-17
3790.  2.390937E-17
3791.  2.325940E-17
3792.  2.261129E-17
3793.  2.196598E-17
3794.  2.132481E-17
3795.  2.068855E-17
3796.  2.005834E-17
3797.  1.943481E-17
3798.  1.881903E-17
3799.  1.821162E-17
3800.  1.761347E-17
3801.  1.702478E-17
3802.  1.644648E-17
3803.  1.587893E-17
3804.  1.532270E-17
3805.  1.477789E-17
3806.  1.424501E-17
3807.  1.372442E-17
3808.  1.321630E-17
3809.  1.272062E-17
3810.  1.223780E-17
3811.  1.176766E-17
3812.  1.131050E-17
3813.  1.086620E-17
3814.  1.043470E-17
3815.  1.001612E-17
3816.  9.610232E-18
3817.  9.216862E-18
3818.  8.836206E-18
3819.  8.467843E-18
3820.  8.111602E-18
3821.  7.767347E-18
3822.  7.434918E-18
3823.  7.114251E-18
3824.  6.804797E-18
3825.  6.506455E-18
3826.  6.219034E-18
3827.  5.942198E-18
3828.  5.675897E-18
3829.  5.419678E-18
3830.  5.173278E-18
3831.  4.936568E-18
3832.  4.709167E-18
3833.  4.490950E-18
3834.  4.281543E-18
3835.  4.080699E-18
3836.  3.888253E-18
3837.  3.703926E-18
3838.  3.527360E-18
3839.  3.358503E-18
3840.  3.197037E-18
3841.  3.042631E-18
3842.  2.895211E-18
3843.  2.754545E-18
3844.  2.620357E-18
3845.  2.492363E-18
3846.  2.370429E-18
3847.  2.254487E-18
3848.  2.144250E-18
3849.  2.039345E-18
3850.  1.939971E-18
3851.  1.845559E-18
3852.  1.756269E-18
3853.  1.671761E-18
3854.  1.591815E-18
3855.  1.516510E-18
3856.  1.445508E-18
3857.  1.378693E-18
3858.  1.315978E-18
3859.  1.257220E-18
3860.  1.202250E-18
3861.  1.150928E-18
3862.  1.103119E-18
3863.  1.058913E-18
3864.  1.018012E-18
3865.  9.802892E-19
3866.  9.456003E-19
3867.  9.139692E-19
3868.  8.852865E-19
3869.  8.593774E-19
3870.  8.361556E-19
3871.  8.155712E-19
3872.  7.975993E-19
3873.  7.819037E-19
3874.  7.686638E-19
3875.  7.576407E-19
3876.  7.488624E-19
3877.  7.420784E-19
3878.  7.372958E-19
3879.  7.345176E-19
3880.  7.334924E-19
3881.  7.343042E-19
3882.  7.367740E-19
3883.  7.409056E-19
3884.  7.465755E-19
3885.  7.536832E-19
3886.  7.622102E-19
3887.  7.722131E-19
3888.  7.832975E-19
3889.  7.956118E-19
3890.  8.091149E-19
3891.  8.235429E-19
3892.  8.391076E-19
3893.  8.555263E-19
3894.  8.729061E-19
3895.  8.910565E-19
3896.  9.099563E-19
3897.  9.295167E-19
3898.  9.496300E-19
3899.  9.704875E-19
3900.  9.916884E-19
3901.  1.013289E-18
3902.  1.035291E-18
3903.  1.057645E-18
3904.  1.080131E-18
3905.  1.102803E-18
3906.  1.125585E-18
3907.  1.148258E-18
3908.  1.170884E-18
3909.  1.193351E-18
3910.  1.215469E-18
3911.  1.237172E-18
3912.  1.258452E-18
3913.  1.278956E-18
3914.  1.298858E-18
3915.  1.317846E-18
3916.  1.335856E-18
3917.  1.352613E-18
3918.  1.368010E-18
3919.  1.381959E-18
3920.  1.394313E-18
3921.  1.404552E-18
3922.  1.412934E-18
3923.  1.418917E-18
3924.  1.422339E-18
3925.  1.422990E-18
3926.  1.420608E-18
3927.  1.414917E-18
3928.  1.405753E-18
3929.  1.392589E-18
3930.  1.375305E-18
3931.  1.353516E-18
3932.  1.326997E-18
3933.  1.295329E-18
3934.  1.258009E-18
3935.  1.215042E-18
3936.  1.165827E-18
3937.  1.109954E-18
3938.  1.047234E-18
3939.  9.770153E-19
3940.  8.991777E-19
3941.  8.132122E-19
3942.  7.185869E-19
3943.  6.150331E-19
3944.  5.022107E-19
3945.  3.795192E-19
3946.  2.467118E-19
3947.  1.032855E-19
3948.  -5.121191E-20
3949.  -2.169968E-19
3950.  -3.946967E-19
3951.  -5.844133E-19
3952.  -7.867942E-19
3953.  -1.002239E-18
3954.  -1.230946E-18
3955.  -1.473427E-18
3956.  -1.729893E-18
3957.  -2.000729E-18
3958.  -2.286364E-18
3959.  -2.586959E-18
3960.  -2.902908E-18
3961.  -3.234514E-18
3962.  -3.581934E-18
3963.  -3.945436E-18
3964.  -4.325282E-18
3965.  -4.721605E-18
3966.  -5.134621E-18
3967.  -5.564480E-18
3968.  -6.011347E-18
3969.  -6.475293E-18
3970.  -6.956228E-18
3971.  -7.454515E-18
3972.  -7.969927E-18
3973.  -8.502474E-18
3974.  -9.052194E-18
3975.  -9.618947E-18
3976.  -1.020245E-17
3977.  -1.080281E-17
3978.  -1.141963E-17
3979.  -1.205278E-17
3980.  -1.270181E-17
3981.  -1.336671E-17
3982.  -1.404667E-17
3983.  -1.474154E-17
3984.  -1.545088E-17
3985.  -1.617401E-17
3986.  -1.691052E-17
3987.  -1.765966E-17
3988.  -1.842080E-17
3989.  -1.919318E-17
3990.  -1.997618E-17
3991.  -2.076877E-17
3992.  -2.157004E-17
3993.  -2.237914E-17
3994.  -2.319516E-17
3995.  -2.401694E-17
3996.  -2.484324E-17
3997.  -2.567303E-17
3998.  -2.650495E-17
3999.  -2.733788E-17
4000.  -2.817035E-17
4001.  -2.900097E-17
4002.  -2.982832E-17
4003.  -3.065102E-17
4004.  -3.146719E-17
4005.  -3.227561E-17
4006.  -3.307442E-17
4007.  -3.386198E-17
4008.  -3.463669E-17
4009.  -3.539665E-17
4010.  -3.614021E-17
4011.  -3.686543E-17
4012.  -3.757066E-17
4013.  -3.825386E-17
4014.  -3.891325E-17
4015.  -3.954709E-17
4016.  -4.015332E-17
4017.  -4.073018E-17
4018.  -4.127586E-17
4019.  -4.178856E-17
4020.  -4.226622E-17
4021.  -4.270720E-17
4022.  -4.310980E-17
4023.  -4.347223E-17
4024.  -4.379276E-17
4025.  -4.406979E-17
4026.  -4.430173E-17
4027.  -4.448710E-17
4028.  -4.462446E-17
4029.  -4.471245E-17
4030.  -4.474959E-17
4031.  -4.473483E-17
4032.  -4.466702E-17
4033.  -4.454524E-17
4034.  -4.436821E-17
4035.  -4.413548E-17
4036.  -4.384594E-17
4037.  -4.349920E-17
4038.  -4.309481E-17
4039.  -4.263213E-17
4040.  -4.211105E-17
4041.  -4.153138E-17
4042.  -4.089301E-17
4043.  -4.019606E-17
4044.  -3.944066E-17
4045.  -3.862728E-17
4046.  -3.775616E-17
4047.  -3.682791E-17
4048.  -3.584319E-17
4049.  -3.480288E-17
4050.  -3.370780E-17
4051.  -3.255901E-17
4052.  -3.135754E-17
4053.  -3.010464E-17
4054.  -2.880149E-17
4055.  -2.744976E-17
4056.  -2.605078E-17
4057.  -2.460605E-17
4058.  -2.311742E-17
4059.  -2.158639E-17
4060.  -2.001488E-17
4061.  -1.840462E-17
4062.  -1.675756E-17
4063.  -1.507568E-17
4064.  -1.336080E-17
4065.  -1.161498E-17
4066.  -9.840096E-18
4067.  -8.038500E-18
4068.  -6.211981E-18
4069.  -4.362584E-18
4070.  -2.492310E-18
4071.  -6.032731E-19
4072.  1.302677E-18
4073.  3.223420E-18
4074.  5.157309E-18
4075.  7.102178E-18
4076.  9.056089E-18
4077.  1.101763E-17
4078.  1.298483E-17
4079.  1.495599E-17
4080.  1.692949E-17
4081.  1.890365E-17
4082.  2.087706E-17
4083.  2.284812E-17
4084.  2.481566E-17
4085.  2.677807E-17
4086.  2.873416E-17
4087.  3.068286E-17
4088.  3.262258E-17
4089.  3.455270E-17
4090.  3.647174E-17
4091.  3.837877E-17
4092.  4.027285E-17
4093.  4.215293E-17
4094.  4.401811E-17
4095.  4.586763E-17
4096.  4.770038E-17
4097.  4.951555E-17
4098.  5.131232E-17
4099.  5.308974E-17
4100.  5.484699E-17
4101.  5.658305E-17
4102.  5.829711E-17
4103.  5.998834E-17
4104.  6.165571E-17
4105.  6.329822E-17
4106.  6.491475E-17
4107.  6.650430E-17
4108.  6.806585E-17
4109.  6.959813E-17
4110.  7.110014E-17
4111.  7.257044E-17
4112.  7.400780E-17
4113.  7.541097E-17
4114.  7.677836E-17
4115.  7.810873E-17
4116.  7.940060E-17
4117.  8.065239E-17
4118.  8.186265E-17
4119.  8.302980E-17
4120.  8.415243E-17
4121.  8.522883E-17
4122.  8.625743E-17
4123.  8.723660E-17
4124.  8.816502E-17
4125.  8.904111E-17
4126.  8.986345E-17
4127.  9.063054E-17
4128.  9.134115E-17
4129.  9.199402E-17
4130.  9.258790E-17
4131.  9.312188E-17
4132.  9.359482E-17
4133.  9.400618E-17
4134.  9.435502E-17
4135.  9.464117E-17
4136.  9.486377E-17
4137.  9.502320E-17
4138.  9.511911E-17
4139.  9.515162E-17
4140.  9.512137E-17
4141.  9.502882E-17
4142.  9.487482E-17
4143.  9.466054E-17
4144.  9.438693E-17
4145.  9.405563E-17
4146.  9.366837E-17
4147.  9.322688E-17
4148.  9.273339E-17
4149.  9.219021E-17
4150.  9.159999E-17
4151.  9.096529E-17
4152.  9.028914E-17
4153.  8.957471E-17
4154.  8.882535E-17
4155.  8.804445E-17
4156.  8.723556E-17
4157.  8.640245E-17
4158.  8.554907E-17
4159.  8.467934E-17
4160.  8.379733E-17
4161.  8.290696E-17
4162.  8.201277E-17
4163.  8.111855E-17
4164.  8.022880E-17
4165.  7.934738E-17
4166.  7.847871E-17
4167.  7.762661E-17
4168.  7.679534E-17
4169.  7.598859E-17
4170.  7.521012E-17
4171.  7.446365E-17
4172.  7.375265E-17
4173.  7.308028E-17
4174.  7.244965E-17
4175.  7.186373E-17
4176.  7.132518E-17
4177.  7.083619E-17
4178.  7.039910E-17
4179.  7.001557E-17
4180.  6.968711E-17
4181.  6.941515E-17
4182.  6.920055E-17
4183.  6.904409E-17
4184.  6.894600E-17
4185.  6.890636E-17
4186.  6.892461E-17
4187.  6.900047E-17
4188.  6.913285E-17
4189.  6.932041E-17
4190.  6.956173E-17
4191.  6.985505E-17
4192.  7.019787E-17
4193.  7.058803E-17
4194.  7.102281E-17
4195.  7.149904E-17
4196.  7.201380E-17
4197.  7.256351E-17
4198.  7.314466E-17
4199.  7.375334E-17
4200.  7.438561E-17
4201.  7.503742E-17
4202.  7.570443E-17
4203.  7.638231E-17
4204.  7.706663E-17
4205.  7.775286E-17
4206.  7.843648E-17
4207.  7.911304E-17
4208.  7.977799E-17
4209.  8.042673E-17
4210.  8.105493E-17
4211.  8.165805E-17
4212.  8.223206E-17
4213.  8.277268E-17
4214.  8.327596E-17
4215.  8.373803E-17
4216.  8.415515E-17
4217.  8.452405E-17
4218.  8.484141E-17
4219.  8.510410E-17
4220.  8.530949E-17
4221.  8.545502E-17
4222.  8.553838E-17
4223.  8.555770E-17
4224.  8.551127E-17
4225.  8.539773E-17
4226.  8.521600E-17
4227.  8.496516E-17
4228.  8.464502E-17
4229.  8.425516E-17
4230.  8.379591E-17
4231.  8.326768E-17
4232.  8.267128E-17
4233.  8.200790E-17
4234.  8.127880E-17
4235.  8.048567E-17
4236.  7.963073E-17
4237.  7.871609E-17
4238.  7.774431E-17
4239.  7.671824E-17
4240.  7.564110E-17
4241.  7.451614E-17
4242.  7.334702E-17
4243.  7.213748E-17
4244.  7.089169E-17
4245.  6.961381E-17
4246.  6.830830E-17
4247.  6.697998E-17
4248.  6.563353E-17
4249.  6.427395E-17
4250.  6.290630E-17
4251.  6.153596E-17
4252.  6.016838E-17
4253.  5.880890E-17
4254.  5.746332E-17
4255.  5.613722E-17
4256.  5.483652E-17
4257.  5.356684E-17
4258.  5.233430E-17
4259.  5.114486E-17
4260.  5.000436E-17
4261.  4.891885E-17
4262.  4.789439E-17
4263.  4.693703E-17
4264.  4.605260E-17
4265.  4.524735E-17
4266.  4.452699E-17
4267.  4.389762E-17
4268.  4.336488E-17
4269.  4.293458E-17
4270.  4.261256E-17
4271.  4.240442E-17
4272.  4.231541E-17
4273.  4.235112E-17
4274.  4.251678E-17
4275.  4.281746E-17
4276.  4.325807E-17
4277.  4.384341E-17
4278.  4.457803E-17
4279.  4.546640E-17
4280.  4.651260E-17
4281.  4.772067E-17
4282.  4.909418E-17
4283.  5.063670E-17
4284.  5.235116E-17
4285.  5.424059E-17
4286.  5.630753E-17
4287.  5.855416E-17
4288.  6.098234E-17
4289.  6.359360E-17
4290.  6.638919E-17
4291.  6.936960E-17
4292.  7.253544E-17
4293.  7.588650E-17
4294.  7.942237E-17
4295.  8.314196E-17
4296.  8.704399E-17
4297.  9.112648E-17
4298.  9.538724E-17
4299.  9.982324E-17
4300.  1.044313E-16
4301.  1.092074E-16
4302.  1.141474E-16
4303.  1.192464E-16
4304.  1.244990E-16
4305.  1.298993E-16
4306.  1.354412E-16
4307.  1.411176E-16
4308.  1.469213E-16
4309.  1.528443E-16
4310.  1.588786E-16
4311.  1.650151E-16
4312.  1.712451E-16
4313.  1.775586E-16
4314.  1.839458E-16
4315.  1.903964E-16
4316.  1.968997E-16
4317.  2.034445E-16
4318.  2.100197E-16
4319.  2.166138E-16
4320.  2.232150E-16
4321.  2.298112E-16
4322.  2.363904E-16
4323.  2.429405E-16
4324.  2.494490E-16
4325.  2.559037E-16
4326.  2.622925E-16
4327.  2.686030E-16
4328.  2.748230E-16
4329.  2.809408E-16
4330.  2.869443E-16
4331.  2.928223E-16
4332.  2.985632E-16
4333.  3.041563E-16
4334.  3.095909E-16
4335.  3.148570E-16
4336.  3.199448E-16
4337.  3.248448E-16
4338.  3.295485E-16
4339.  3.340478E-16
4340.  3.383351E-16
4341.  3.424033E-16
4342.  3.462462E-16
4343.  3.498581E-16
4344.  3.532340E-16
4345.  3.563697E-16
4346.  3.592617E-16
4347.  3.619071E-16
4348.  3.643041E-16
4349.  3.664511E-16
4350.  3.683477E-16
4351.  3.699943E-16
4352.  3.713917E-16
4353.  3.725414E-16
4354.  3.734463E-16
4355.  3.741093E-16
4356.  3.745343E-16
4357.  3.747256E-16
4358.  3.746889E-16
4359.  3.744295E-16
4360.  3.739540E-16
4361.  3.732695E-16
4362.  3.723836E-16
4363.  3.713040E-16
4364.  3.700394E-16
4365.  3.685985E-16
4366.  3.669908E-16
4367.  3.652260E-16
4368.  3.633139E-16
4369.  3.612646E-16
4370.  3.590885E-16
4371.  3.567963E-16
4372.  3.543986E-16
4373.  3.519062E-16
4374.  3.493298E-16
4375.  3.466805E-16
4376.  3.439688E-16
4377.  3.412054E-16
4378.  3.384008E-16
4379.  3.355657E-16
4380.  3.327100E-16
4381.  3.298438E-16
4382.  3.269767E-16
4383.  3.241183E-16
4384.  3.212776E-16
4385.  3.184635E-16
4386.  3.156841E-16
4387.  3.129475E-16
4388.  3.102616E-16
4389.  3.076333E-16
4390.  3.050692E-16
4391.  3.025759E-16
4392.  3.001591E-16
4393.  2.978242E-16
4394.  2.955760E-16
4395.  2.934191E-16
4396.  2.913572E-16
4397.  2.893938E-16
4398.  2.875319E-16
4399.  2.857743E-16
4400.  2.841225E-16
4401.  2.825785E-16
4402.  2.811434E-16
4403.  2.798175E-16
4404.  2.786014E-16
4405.  2.774949E-16
4406.  2.764973E-16
4407.  2.756077E-16
4408.  2.748246E-16
4409.  2.741462E-16
4410.  2.735708E-16
4411.  2.730955E-16
4412.  2.727176E-16
4413.  2.724341E-16
4414.  2.722415E-16
4415.  2.721362E-16
4416.  2.721142E-16
4417.  2.721712E-16
4418.  2.723029E-16
4419.  2.725043E-16
4420.  2.727708E-16
4421.  2.730973E-16
4422.  2.734783E-16
4423.  2.739084E-16
4424.  2.743821E-16
4425.  2.748934E-16
4426.  2.754368E-16
4427.  2.760061E-16
4428.  2.765952E-16
4429.  2.771979E-16
4430.  2.778080E-16
4431.  2.784192E-16
4432.  2.790252E-16
4433.  2.796196E-16
4434.  2.801961E-16
4435.  2.807482E-16
4436.  2.812697E-16
4437.  2.817541E-16
4438.  2.821956E-16
4439.  2.825875E-16
4440.  2.829240E-16
4441.  2.831990E-16
4442.  2.834067E-16
4443.  2.835414E-16
4444.  2.835974E-16
4445.  2.835693E-16
4446.  2.834519E-16
4447.  2.832403E-16
4448.  2.829294E-16
4449.  2.825151E-16
4450.  2.819925E-16
4451.  2.813580E-16
4452.  2.806077E-16
4453.  2.797380E-16
4454.  2.787460E-16
4455.  2.776286E-16
4456.  2.763834E-16
4457.  2.750081E-16
4458.  2.735012E-16
4459.  2.718609E-16
4460.  2.700866E-16
4461.  2.681772E-16
4462.  2.661324E-16
4463.  2.639525E-16
4464.  2.616379E-16
4465.  2.591894E-16
4466.  2.566085E-16
4467.  2.538963E-16
4468.  2.510554E-16
4469.  2.480878E-16
4470.  2.449966E-16
4471.  2.417847E-16
4472.  2.384556E-16
4473.  2.350134E-16
4474.  2.314620E-16
4475.  2.278058E-16
4476.  2.240500E-16
4477.  2.201990E-16
4478.  2.162586E-16
4479.  2.122341E-16
4480.  2.081314E-16
4481.  2.039566E-16
4482.  1.997154E-16
4483.  1.954146E-16
4484.  1.910600E-16
4485.  1.866586E-16
4486.  1.822170E-16
4487.  1.777416E-16
4488.  1.732393E-16
4489.  1.687164E-16
4490.  1.641803E-16
4491.  1.596370E-16
4492.  1.550935E-16
4493.  1.505558E-16
4494.  1.460307E-16
4495.  1.415244E-16
4496.  1.370427E-16
4497.  1.325918E-16
4498.  1.281774E-16
4499.  1.238051E-16
4500.  1.194801E-16
