1.  1.076486E-18
2.  1.113897E-18
3.  1.152590E-18
4.  1.192417E-18
5.  1.233574E-18
6.  1.276071E-18
7.  1.319968E-18
8.  1.365053E-18
9.  1.411695E-18
10.  1.459793E-18
11.  1.509336E-18
12.  1.560420E-18
13.  1.613137E-18
14.  1.667566E-18
15.  1.723486E-18
16.  1.781386E-18
17.  1.840859E-18
18.  1.902123E-18
19.  1.965360E-18
20.  2.030420E-18
21.  2.097656E-18
22.  2.166834E-18
23.  2.237986E-18
24.  2.311355E-18
25.  2.386857E-18
26.  2.464654E-18
27.  2.544836E-18
28.  2.627300E-18
29.  2.712266E-18
30.  2.799741E-18
31.  2.889711E-18
32.  2.982334E-18
33.  3.077649E-18
34.  3.175805E-18
35.  3.276655E-18
36.  3.380523E-18
37.  3.487379E-18
38.  3.597246E-18
39.  3.710263E-18
40.  3.826593E-18
41.  3.946178E-18
42.  4.069054E-18
43.  4.195344E-18
44.  4.325405E-18
45.  4.458960E-18
46.  4.596322E-18
47.  4.737376E-18
48.  4.882479E-18
49.  5.031416E-18
50.  5.184532E-18
51.  5.341803E-18
52.  5.503463E-18
53.  5.669596E-18
54.  5.840073E-18
55.  6.015160E-18
56.  6.194910E-18
57.  6.379569E-18
58.  6.569210E-18
59.  6.763745E-18
60.  6.963570E-18
61.  7.168566E-18
62.  7.379138E-18
63.  7.595066E-18
64.  7.816772E-18
65.  8.044060E-18
66.  8.277294E-18
67.  8.516662E-18
68.  8.762164E-18
69.  9.013910E-18
70.  9.272069E-18
71.  9.536899E-18
72.  9.808364E-18
73.  1.008675E-17
74.  1.037197E-17
75.  1.066447E-17
76.  1.096419E-17
77.  1.127148E-17
78.  1.158633E-17
79.  1.190894E-17
80.  1.223953E-17
81.  1.257804E-17
82.  1.292498E-17
83.  1.328023E-17
84.  1.364416E-17
85.  1.401684E-17
86.  1.439842E-17
87.  1.478909E-17
88.  1.518895E-17
89.  1.559848E-17
90.  1.601764E-17
91.  1.644652E-17
92.  1.688571E-17
93.  1.733485E-17
94.  1.779460E-17
95.  1.826478E-17
96.  1.874597E-17
97.  1.923802E-17
98.  1.974135E-17
99.  2.025609E-17
100.  2.078250E-17
101.  2.132080E-17
102.  2.187114E-17
103.  2.243365E-17
104.  2.300887E-17
105.  2.359675E-17
106.  2.419758E-17
107.  2.481143E-17
108.  2.543891E-17
109.  2.607995E-17
110.  2.673492E-17
111.  2.740385E-17
112.  2.808726E-17
113.  2.878513E-17
114.  2.949783E-17
115.  3.022577E-17
116.  3.096881E-17
117.  3.172749E-17
118.  3.250206E-17
119.  3.329266E-17
120.  3.409955E-17
121.  3.492320E-17
122.  3.576354E-17
123.  3.662106E-17
124.  3.749592E-17
125.  3.838847E-17
126.  3.929890E-17
127.  4.022754E-17
128.  4.117466E-17
129.  4.214044E-17
130.  4.312519E-17
131.  4.412927E-17
132.  4.515291E-17
133.  4.619642E-17
134.  4.726011E-17
135.  4.834411E-17
136.  4.944878E-17
137.  5.057449E-17
138.  5.172142E-17
139.  5.288986E-17
140.  5.408013E-17
141.  5.529270E-17
142.  5.652762E-17
143.  5.778529E-17
144.  5.906594E-17
145.  6.036988E-17
146.  6.169742E-17
147.  6.304889E-17
148.  6.442456E-17
149.  6.582468E-17
150.  6.724970E-17
151.  6.869973E-17
152.  7.017508E-17
153.  7.167623E-17
154.  7.320342E-17
155.  7.475681E-17
156.  7.633677E-17
157.  7.794369E-17
158.  7.957779E-17
159.  8.123927E-17
160.  8.292868E-17
161.  8.464612E-17
162.  8.639184E-17
163.  8.816628E-17
164.  8.996977E-17
165.  9.180247E-17
166.  9.366472E-17
167.  9.555675E-17
168.  9.747909E-17
169.  9.943181E-17
170.  1.014152E-16
171.  1.034294E-16
172.  1.054751E-16
173.  1.075524E-16
174.  1.096615E-16
175.  1.118027E-16
176.  1.139764E-16
177.  1.161827E-16
178.  1.184219E-16
179.  1.206944E-16
180.  1.230004E-16
181.  1.253402E-16
182.  1.277138E-16
183.  1.301218E-16
184.  1.325644E-16
185.  1.350417E-16
186.  1.375540E-16
187.  1.401016E-16
188.  1.426847E-16
189.  1.453035E-16
190.  1.479583E-16
191.  1.506494E-16
192.  1.533769E-16
193.  1.561411E-16
194.  1.589419E-16
195.  1.617800E-16
196.  1.646553E-16
197.  1.675682E-16
198.  1.705188E-16
199.  1.735071E-16
200.  1.765335E-16
201.  1.795984E-16
202.  1.827015E-16
203.  1.858432E-16
204.  1.890236E-16
205.  1.922429E-16
206.  1.955014E-16
207.  1.987990E-16
208.  2.021361E-16
209.  2.055125E-16
210.  2.089286E-16
211.  2.123843E-16
212.  2.158799E-16
213.  2.194156E-16
214.  2.229912E-16
215.  2.266069E-16
216.  2.302628E-16
217.  2.339592E-16
218.  2.376958E-16
219.  2.414728E-16
220.  2.452905E-16
221.  2.491484E-16
222.  2.530472E-16
223.  2.569864E-16
224.  2.609664E-16
225.  2.649868E-16
226.  2.690478E-16
227.  2.731496E-16
228.  2.772920E-16
229.  2.814750E-16
230.  2.856986E-16
231.  2.899627E-16
232.  2.942674E-16
233.  2.986124E-16
234.  3.029978E-16
235.  3.074235E-16
236.  3.118895E-16
237.  3.163957E-16
238.  3.209418E-16
239.  3.255276E-16
240.  3.301535E-16
241.  3.348190E-16
242.  3.395239E-16
243.  3.442684E-16
244.  3.490518E-16
245.  3.538745E-16
246.  3.587358E-16
247.  3.636360E-16
248.  3.685746E-16
249.  3.735515E-16
250.  3.785664E-16
251.  3.836192E-16
252.  3.887095E-16
253.  3.938371E-16
254.  3.990019E-16
255.  4.042034E-16
256.  4.094416E-16
257.  4.147159E-16
258.  4.200261E-16
259.  4.253720E-16
260.  4.307532E-16
261.  4.361695E-16
262.  4.416205E-16
263.  4.471055E-16
264.  4.526245E-16
265.  4.581773E-16
266.  4.637631E-16
267.  4.693818E-16
268.  4.750328E-16
269.  4.807159E-16
270.  4.864307E-16
271.  4.921765E-16
272.  4.979532E-16
273.  5.037599E-16
274.  5.095966E-16
275.  5.154625E-16
276.  5.213575E-16
277.  5.272809E-16
278.  5.332322E-16
279.  5.392108E-16
280.  5.452163E-16
281.  5.512481E-16
282.  5.573061E-16
283.  5.633892E-16
284.  5.694970E-16
285.  5.756291E-16
286.  5.817850E-16
287.  5.879639E-16
288.  5.941652E-16
289.  6.003886E-16
290.  6.066334E-16
291.  6.128989E-16
292.  6.191844E-16
293.  6.254895E-16
294.  6.318136E-16
295.  6.381558E-16
296.  6.445159E-16
297.  6.508928E-16
298.  6.572863E-16
299.  6.636952E-16
300.  6.701193E-16
301.  6.765578E-16
302.  6.830101E-16
303.  6.894752E-16
304.  6.959528E-16
305.  7.024421E-16
306.  7.089422E-16
307.  7.154528E-16
308.  7.219730E-16
309.  7.285020E-16
310.  7.350391E-16
311.  7.415837E-16
312.  7.481351E-16
313.  7.546924E-16
314.  7.612551E-16
315.  7.678222E-16
316.  7.743934E-16
317.  7.809673E-16
318.  7.875440E-16
319.  7.941222E-16
320.  8.007014E-16
321.  8.072806E-16
322.  8.138591E-16
323.  8.204365E-16
324.  8.270117E-16
325.  8.335841E-16
326.  8.401531E-16
327.  8.467175E-16
328.  8.532771E-16
329.  8.598308E-16
330.  8.663781E-16
331.  8.729179E-16
332.  8.794496E-16
333.  8.859726E-16
334.  8.924863E-16
335.  8.989897E-16
336.  9.054821E-16
337.  9.119627E-16
338.  9.184306E-16
339.  9.248854E-16
340.  9.313265E-16
341.  9.377527E-16
342.  9.441637E-16
343.  9.505585E-16
344.  9.569363E-16
345.  9.632969E-16
346.  9.696391E-16
347.  9.759624E-16
348.  9.822661E-16
349.  9.885493E-16
350.  9.948115E-16
351.  1.001052E-15
352.  1.007270E-15
353.  1.013465E-15
354.  1.019636E-15
355.  1.025783E-15
356.  1.031905E-15
357.  1.038001E-15
358.  1.044071E-15
359.  1.050113E-15
360.  1.056128E-15
361.  1.062115E-15
362.  1.068073E-15
363.  1.074001E-15
364.  1.079899E-15
365.  1.085766E-15
366.  1.091603E-15
367.  1.097407E-15
368.  1.103179E-15
369.  1.108917E-15
370.  1.114622E-15
371.  1.120293E-15
372.  1.125930E-15
373.  1.131531E-15
374.  1.137096E-15
375.  1.142625E-15
376.  1.148117E-15
377.  1.153572E-15
378.  1.158989E-15
379.  1.164368E-15
380.  1.169708E-15
381.  1.175009E-15
382.  1.180271E-15
383.  1.185492E-15
384.  1.190673E-15
385.  1.195813E-15
386.  1.200911E-15
387.  1.205968E-15
388.  1.210983E-15
389.  1.215955E-15
390.  1.220884E-15
391.  1.225770E-15
392.  1.230612E-15
393.  1.235411E-15
394.  1.240165E-15
395.  1.244874E-15
396.  1.249538E-15
397.  1.254158E-15
398.  1.258731E-15
399.  1.263259E-15
400.  1.267741E-15
401.  1.272176E-15
402.  1.276565E-15
403.  1.280906E-15
404.  1.285201E-15
405.  1.289448E-15
406.  1.293648E-15
407.  1.297800E-15
408.  1.301904E-15
409.  1.305960E-15
410.  1.309968E-15
411.  1.313927E-15
412.  1.317837E-15
413.  1.321699E-15
414.  1.325512E-15
415.  1.329275E-15
416.  1.332990E-15
417.  1.336655E-15
418.  1.340270E-15
419.  1.343836E-15
420.  1.347353E-15
421.  1.350820E-15
422.  1.354237E-15
423.  1.357605E-15
424.  1.360922E-15
425.  1.364190E-15
426.  1.367408E-15
427.  1.370576E-15
428.  1.373694E-15
429.  1.376762E-15
430.  1.379780E-15
431.  1.382748E-15
432.  1.385666E-15
433.  1.388534E-15
434.  1.391352E-15
435.  1.394120E-15
436.  1.396839E-15
437.  1.399507E-15
438.  1.402127E-15
439.  1.404696E-15
440.  1.407216E-15
441.  1.409686E-15
442.  1.412107E-15
443.  1.414478E-15
444.  1.416800E-15
445.  1.419073E-15
446.  1.421297E-15
447.  1.423472E-15
448.  1.425598E-15
449.  1.427675E-15
450.  1.429704E-15
451.  1.431684E-15
452.  1.433616E-15
453.  1.435500E-15
454.  1.437335E-15
455.  1.439123E-15
456.  1.440863E-15
457.  1.442555E-15
458.  1.444200E-15
459.  1.445798E-15
460.  1.447348E-15
461.  1.448851E-15
462.  1.450308E-15
463.  1.451718E-15
464.  1.453082E-15
465.  1.454399E-15
466.  1.455671E-15
467.  1.456896E-15
468.  1.458075E-15
469.  1.459210E-15
470.  1.460298E-15
471.  1.461342E-15
472.  1.462341E-15
473.  1.463295E-15
474.  1.464204E-15
475.  1.465070E-15
476.  1.465891E-15
477.  1.466668E-15
478.  1.467401E-15
479.  1.468091E-15
480.  1.468738E-15
481.  1.469341E-15
482.  1.469902E-15
483.  1.470420E-15
484.  1.470895E-15
485.  1.471328E-15
486.  1.471719E-15
487.  1.472069E-15
488.  1.472376E-15
489.  1.472642E-15
490.  1.472867E-15
491.  1.473051E-15
492.  1.473194E-15
493.  1.473297E-15
494.  1.473359E-15
495.  1.473382E-15
496.  1.473364E-15
497.  1.473307E-15
498.  1.473210E-15
499.  1.473074E-15
500.  1.472898E-15
501.  1.472684E-15
502.  1.472431E-15
503.  1.472140E-15
504.  1.471810E-15
505.  1.471443E-15
506.  1.471037E-15
507.  1.470594E-15
508.  1.470114E-15
509.  1.469596E-15
510.  1.469042E-15
511.  1.468450E-15
512.  1.467822E-15
513.  1.467158E-15
514.  1.466457E-15
515.  1.465721E-15
516.  1.464948E-15
517.  1.464140E-15
518.  1.463297E-15
519.  1.462419E-15
520.  1.461505E-15
521.  1.460557E-15
522.  1.459574E-15
523.  1.458557E-15
524.  1.457505E-15
525.  1.456420E-15
526.  1.455301E-15
527.  1.454148E-15
528.  1.452962E-15
529.  1.451743E-15
530.  1.450491E-15
531.  1.449205E-15
532.  1.447888E-15
533.  1.446538E-15
534.  1.445155E-15
535.  1.443741E-15
536.  1.442294E-15
537.  1.440817E-15
538.  1.439307E-15
539.  1.437767E-15
540.  1.436195E-15
541.  1.434592E-15
542.  1.432959E-15
543.  1.431295E-15
544.  1.429602E-15
545.  1.427878E-15
546.  1.426124E-15
547.  1.424340E-15
548.  1.422527E-15
549.  1.420685E-15
550.  1.418813E-15
551.  1.416913E-15
552.  1.414984E-15
553.  1.413027E-15
554.  1.411041E-15
555.  1.409027E-15
556.  1.406985E-15
557.  1.404916E-15
558.  1.402819E-15
559.  1.400695E-15
560.  1.398544E-15
561.  1.396366E-15
562.  1.394162E-15
563.  1.391931E-15
564.  1.389674E-15
565.  1.387391E-15
566.  1.385082E-15
567.  1.382748E-15
568.  1.380388E-15
569.  1.378004E-15
570.  1.375594E-15
571.  1.373160E-15
572.  1.370702E-15
573.  1.368219E-15
574.  1.365712E-15
575.  1.363182E-15
576.  1.360628E-15
577.  1.358051E-15
578.  1.355451E-15
579.  1.352829E-15
580.  1.350184E-15
581.  1.347516E-15
582.  1.344827E-15
583.  1.342116E-15
584.  1.339383E-15
585.  1.336629E-15
586.  1.333855E-15
587.  1.331059E-15
588.  1.328243E-15
589.  1.325407E-15
590.  1.322551E-15
591.  1.319675E-15
592.  1.316780E-15
593.  1.313866E-15
594.  1.310933E-15
595.  1.307982E-15
596.  1.305012E-15
597.  1.302024E-15
598.  1.299019E-15
599.  1.295996E-15
600.  1.292956E-15
601.  1.289899E-15
602.  1.286827E-15
603.  1.283737E-15
604.  1.280632E-15
605.  1.277511E-15
606.  1.274375E-15
607.  1.271223E-15
608.  1.268057E-15
609.  1.264877E-15
610.  1.261683E-15
611.  1.258475E-15
612.  1.255253E-15
613.  1.252019E-15
614.  1.248771E-15
615.  1.245511E-15
616.  1.242239E-15
617.  1.238955E-15
618.  1.235660E-15
619.  1.232354E-15
620.  1.229036E-15
621.  1.225709E-15
622.  1.222371E-15
623.  1.219023E-15
624.  1.215666E-15
625.  1.212300E-15
626.  1.208925E-15
627.  1.205541E-15
628.  1.202150E-15
629.  1.198750E-15
630.  1.195344E-15
631.  1.191930E-15
632.  1.188510E-15
633.  1.185083E-15
634.  1.181650E-15
635.  1.178212E-15
636.  1.174768E-15
637.  1.171320E-15
638.  1.167867E-15
639.  1.164410E-15
640.  1.160949E-15
641.  1.157484E-15
642.  1.154017E-15
643.  1.150546E-15
644.  1.147073E-15
645.  1.143599E-15
646.  1.140122E-15
647.  1.136645E-15
648.  1.133166E-15
649.  1.129687E-15
650.  1.126207E-15
651.  1.122728E-15
652.  1.119249E-15
653.  1.115771E-15
654.  1.112294E-15
655.  1.108820E-15
656.  1.105347E-15
657.  1.101876E-15
658.  1.098408E-15
659.  1.094943E-15
660.  1.091481E-15
661.  1.088024E-15
662.  1.084570E-15
663.  1.081121E-15
664.  1.077677E-15
665.  1.074238E-15
666.  1.070805E-15
667.  1.067377E-15
668.  1.063956E-15
669.  1.060542E-15
670.  1.057134E-15
671.  1.053734E-15
672.  1.050342E-15
673.  1.046957E-15
674.  1.043581E-15
675.  1.040214E-15
676.  1.036856E-15
677.  1.033507E-15
678.  1.030168E-15
679.  1.026840E-15
680.  1.023521E-15
681.  1.020214E-15
682.  1.016917E-15
683.  1.013632E-15
684.  1.010359E-15
685.  1.007098E-15
686.  1.003849E-15
687.  1.000613E-15
688.  9.973906E-16
689.  9.941812E-16
690.  9.909853E-16
691.  9.878037E-16
692.  9.846364E-16
693.  9.814840E-16
694.  9.783463E-16
695.  9.752239E-16
696.  9.721171E-16
697.  9.690261E-16
698.  9.659514E-16
699.  9.628931E-16
700.  9.598515E-16
701.  9.568269E-16
702.  9.538199E-16
703.  9.508303E-16
704.  9.478586E-16
705.  9.449054E-16
706.  9.419701E-16
707.  9.390538E-16
708.  9.361563E-16
709.  9.332783E-16
710.  9.304197E-16
711.  9.275809E-16
712.  9.247620E-16
713.  9.219635E-16
714.  9.191854E-16
715.  9.164282E-16
716.  9.136919E-16
717.  9.109767E-16
718.  9.082833E-16
719.  9.056114E-16
720.  9.029615E-16
721.  9.003337E-16
722.  8.977283E-16
723.  8.951453E-16
724.  8.925851E-16
725.  8.900481E-16
726.  8.875342E-16
727.  8.850438E-16
728.  8.825768E-16
729.  8.801338E-16
730.  8.777146E-16
731.  8.753197E-16
732.  8.729490E-16
733.  8.706029E-16
734.  8.682815E-16
735.  8.659849E-16
736.  8.637133E-16
737.  8.614670E-16
738.  8.592458E-16
739.  8.570503E-16
740.  8.548801E-16
741.  8.527359E-16
742.  8.506176E-16
743.  8.485253E-16
744.  8.464592E-16
745.  8.444192E-16
746.  8.424058E-16
747.  8.404188E-16
748.  8.384585E-16
749.  8.365250E-16
750.  8.346181E-16
751.  8.327384E-16
752.  8.308857E-16
753.  8.290600E-16
754.  8.272614E-16
755.  8.254903E-16
756.  8.237463E-16
757.  8.220298E-16
758.  8.203407E-16
759.  8.186794E-16
760.  8.170454E-16
761.  8.154391E-16
762.  8.138605E-16
763.  8.123098E-16
764.  8.107867E-16
765.  8.092912E-16
766.  8.078238E-16
767.  8.063842E-16
768.  8.049723E-16
769.  8.035883E-16
770.  8.022322E-16
771.  8.009039E-16
772.  7.996035E-16
773.  7.983310E-16
774.  7.970864E-16
775.  7.958695E-16
776.  7.946804E-16
777.  7.935190E-16
778.  7.923854E-16
779.  7.912795E-16
780.  7.902012E-16
781.  7.891506E-16
782.  7.881275E-16
783.  7.871319E-16
784.  7.861638E-16
785.  7.852229E-16
786.  7.843093E-16
787.  7.834230E-16
788.  7.825638E-16
789.  7.817316E-16
790.  7.809265E-16
791.  7.801479E-16
792.  7.793965E-16
793.  7.786713E-16
794.  7.779730E-16
795.  7.773009E-16
796.  7.766551E-16
797.  7.760355E-16
798.  7.754419E-16
799.  7.748743E-16
800.  7.743324E-16
801.  7.738162E-16
802.  7.733254E-16
803.  7.728599E-16
804.  7.724195E-16
805.  7.720041E-16
806.  7.716137E-16
807.  7.712477E-16
808.  7.709065E-16
809.  7.705894E-16
810.  7.702966E-16
811.  7.700274E-16
812.  7.697823E-16
813.  7.695606E-16
814.  7.693622E-16
815.  7.691871E-16
816.  7.690348E-16
817.  7.689053E-16
818.  7.687983E-16
819.  7.687136E-16
820.  7.686511E-16
821.  7.686104E-16
822.  7.685913E-16
823.  7.685935E-16
824.  7.686169E-16
825.  7.686613E-16
826.  7.687263E-16
827.  7.688117E-16
828.  7.689173E-16
829.  7.690428E-16
830.  7.691881E-16
831.  7.693527E-16
832.  7.695366E-16
833.  7.697394E-16
834.  7.699606E-16
835.  7.702004E-16
836.  7.704581E-16
837.  7.707339E-16
838.  7.710271E-16
839.  7.713375E-16
840.  7.716649E-16
841.  7.720092E-16
842.  7.723697E-16
843.  7.727467E-16
844.  7.731393E-16
845.  7.735475E-16
846.  7.739713E-16
847.  7.744097E-16
848.  7.748630E-16
849.  7.753308E-16
850.  7.758126E-16
851.  7.763083E-16
852.  7.768176E-16
853.  7.773401E-16
854.  7.778756E-16
855.  7.784237E-16
856.  7.789843E-16
857.  7.795568E-16
858.  7.801413E-16
859.  7.807372E-16
860.  7.813444E-16
861.  7.819622E-16
862.  7.825908E-16
863.  7.832297E-16
864.  7.838785E-16
865.  7.845374E-16
866.  7.852053E-16
867.  7.858825E-16
868.  7.865686E-16
869.  7.872632E-16
870.  7.879662E-16
871.  7.886770E-16
872.  7.893957E-16
873.  7.901217E-16
874.  7.908549E-16
875.  7.915948E-16
876.  7.923414E-16
877.  7.930944E-16
878.  7.938535E-16
879.  7.946181E-16
880.  7.953883E-16
881.  7.961639E-16
882.  7.969442E-16
883.  7.977294E-16
884.  7.985190E-16
885.  7.993128E-16
886.  8.001106E-16
887.  8.009121E-16
888.  8.017169E-16
889.  8.025251E-16
890.  8.033361E-16
891.  8.041499E-16
892.  8.049662E-16
893.  8.057849E-16
894.  8.066055E-16
895.  8.074281E-16
896.  8.082523E-16
897.  8.090778E-16
898.  8.099045E-16
899.  8.107323E-16
900.  8.115608E-16
901.  8.123900E-16
902.  8.132196E-16
903.  8.140493E-16
904.  8.148793E-16
905.  8.157089E-16
906.  8.165382E-16
907.  8.173672E-16
908.  8.181955E-16
909.  8.190230E-16
910.  8.198496E-16
911.  8.206751E-16
912.  8.214994E-16
913.  8.223222E-16
914.  8.231437E-16
915.  8.239634E-16
916.  8.247815E-16
917.  8.255977E-16
918.  8.264120E-16
919.  8.272239E-16
920.  8.280339E-16
921.  8.288416E-16
922.  8.296471E-16
923.  8.304500E-16
924.  8.312503E-16
925.  8.320481E-16
926.  8.328433E-16
927.  8.336356E-16
928.  8.344254E-16
929.  8.352122E-16
930.  8.359961E-16
931.  8.367770E-16
932.  8.375553E-16
933.  8.383305E-16
934.  8.391026E-16
935.  8.398718E-16
936.  8.406380E-16
937.  8.414010E-16
938.  8.421612E-16
939.  8.429182E-16
940.  8.436722E-16
941.  8.444236E-16
942.  8.451716E-16
943.  8.459169E-16
944.  8.466592E-16
945.  8.473987E-16
946.  8.481354E-16
947.  8.488693E-16
948.  8.496004E-16
949.  8.503290E-16
950.  8.510550E-16
951.  8.517783E-16
952.  8.524993E-16
953.  8.532180E-16
954.  8.539343E-16
955.  8.546484E-16
956.  8.553604E-16
957.  8.560705E-16
958.  8.567786E-16
959.  8.574850E-16
960.  8.581896E-16
961.  8.588928E-16
962.  8.595944E-16
963.  8.602948E-16
964.  8.609941E-16
965.  8.616922E-16
966.  8.623894E-16
967.  8.630858E-16
968.  8.637815E-16
969.  8.644770E-16
970.  8.651719E-16
971.  8.658667E-16
972.  8.665615E-16
973.  8.672565E-16
974.  8.679519E-16
975.  8.686476E-16
976.  8.693441E-16
977.  8.700413E-16
978.  8.707397E-16
979.  8.714390E-16
980.  8.721397E-16
981.  8.728422E-16
982.  8.735463E-16
983.  8.742523E-16
984.  8.749605E-16
985.  8.756709E-16
986.  8.763840E-16
987.  8.770997E-16
988.  8.778183E-16
989.  8.785398E-16
990.  8.792648E-16
991.  8.799933E-16
992.  8.807256E-16
993.  8.814617E-16
994.  8.822018E-16
995.  8.829464E-16
996.  8.836952E-16
997.  8.844491E-16
998.  8.852079E-16
999.  8.859717E-16
1000.  8.867409E-16
1001.  8.875158E-16
1002.  8.882962E-16
1003.  8.890826E-16
1004.  8.898755E-16
1005.  8.906746E-16
1006.  8.914803E-16
1007.  8.922927E-16
1008.  8.931123E-16
1009.  8.939389E-16
1010.  8.947730E-16
1011.  8.956147E-16
1012.  8.964643E-16
1013.  8.973217E-16
1014.  8.981874E-16
1015.  8.990615E-16
1016.  8.999440E-16
1017.  9.008354E-16
1018.  9.017358E-16
1019.  9.026454E-16
1020.  9.035641E-16
1021.  9.044925E-16
1022.  9.054306E-16
1023.  9.063784E-16
1024.  9.073364E-16
1025.  9.083043E-16
1026.  9.092829E-16
1027.  9.102719E-16
1028.  9.112715E-16
1029.  9.122822E-16
1030.  9.133039E-16
1031.  9.143363E-16
1032.  9.153802E-16
1033.  9.164359E-16
1034.  9.175027E-16
1035.  9.185814E-16
1036.  9.196720E-16
1037.  9.207744E-16
1038.  9.218890E-16
1039.  9.230158E-16
1040.  9.241551E-16
1041.  9.253065E-16
1042.  9.264704E-16
1043.  9.276472E-16
1044.  9.288366E-16
1045.  9.300391E-16
1046.  9.312543E-16
1047.  9.324825E-16
1048.  9.337238E-16
1049.  9.349782E-16
1050.  9.362458E-16
1051.  9.375268E-16
1052.  9.388208E-16
1053.  9.401286E-16
1054.  9.414496E-16
1055.  9.427841E-16
1056.  9.441323E-16
1057.  9.454938E-16
1058.  9.468689E-16
1059.  9.482576E-16
1060.  9.496600E-16
1061.  9.510759E-16
1062.  9.525055E-16
1063.  9.539486E-16
1064.  9.554055E-16
1065.  9.568758E-16
1066.  9.583597E-16
1067.  9.598571E-16
1068.  9.613682E-16
1069.  9.628927E-16
1070.  9.644307E-16
1071.  9.659820E-16
1072.  9.675469E-16
1073.  9.691249E-16
1074.  9.707161E-16
1075.  9.723207E-16
1076.  9.739382E-16
1077.  9.755689E-16
1078.  9.772124E-16
1079.  9.788688E-16
1080.  9.805378E-16
1081.  9.822196E-16
1082.  9.839141E-16
1083.  9.856208E-16
1084.  9.873399E-16
1085.  9.890712E-16
1086.  9.908147E-16
1087.  9.925699E-16
1088.  9.943372E-16
1089.  9.961160E-16
1090.  9.979065E-16
1091.  9.997083E-16
1092.  1.001521E-15
1093.  1.003345E-15
1094.  1.005180E-15
1095.  1.007026E-15
1096.  1.008882E-15
1097.  1.010749E-15
1098.  1.012625E-15
1099.  1.014512E-15
1100.  1.016409E-15
1101.  1.018315E-15
1102.  1.020231E-15
1103.  1.022156E-15
1104.  1.024089E-15
1105.  1.026032E-15
1106.  1.027983E-15
1107.  1.029943E-15
1108.  1.031910E-15
1109.  1.033886E-15
1110.  1.035870E-15
1111.  1.037860E-15
1112.  1.039858E-15
1113.  1.041863E-15
1114.  1.043875E-15
1115.  1.045893E-15
1116.  1.047918E-15
1117.  1.049948E-15
1118.  1.051984E-15
1119.  1.054026E-15
1120.  1.056073E-15
1121.  1.058125E-15
1122.  1.060181E-15
1123.  1.062242E-15
1124.  1.064307E-15
1125.  1.066376E-15
1126.  1.068449E-15
1127.  1.070525E-15
1128.  1.072604E-15
1129.  1.074686E-15
1130.  1.076771E-15
1131.  1.078858E-15
1132.  1.080946E-15
1133.  1.083037E-15
1134.  1.085129E-15
1135.  1.087222E-15
1136.  1.089316E-15
1137.  1.091410E-15
1138.  1.093505E-15
1139.  1.095600E-15
1140.  1.097695E-15
1141.  1.099789E-15
1142.  1.101883E-15
1143.  1.103975E-15
1144.  1.106066E-15
1145.  1.108156E-15
1146.  1.110243E-15
1147.  1.112329E-15
1148.  1.114412E-15
1149.  1.116492E-15
1150.  1.118569E-15
1151.  1.120643E-15
1152.  1.122714E-15
1153.  1.124781E-15
1154.  1.126844E-15
1155.  1.128902E-15
1156.  1.130956E-15
1157.  1.133005E-15
1158.  1.135049E-15
1159.  1.137088E-15
1160.  1.139121E-15
1161.  1.141148E-15
1162.  1.143170E-15
1163.  1.145185E-15
1164.  1.147193E-15
1165.  1.149195E-15
1166.  1.151189E-15
1167.  1.153177E-15
1168.  1.155157E-15
1169.  1.157129E-15
1170.  1.159094E-15
1171.  1.161050E-15
1172.  1.162998E-15
1173.  1.164938E-15
1174.  1.166869E-15
1175.  1.168790E-15
1176.  1.170703E-15
1177.  1.172607E-15
1178.  1.174501E-15
1179.  1.176385E-15
1180.  1.178260E-15
1181.  1.180125E-15
1182.  1.181979E-15
1183.  1.183823E-15
1184.  1.185657E-15
1185.  1.187480E-15
1186.  1.189292E-15
1187.  1.191093E-15
1188.  1.192884E-15
1189.  1.194663E-15
1190.  1.196431E-15
1191.  1.198187E-15
1192.  1.199932E-15
1193.  1.201666E-15
1194.  1.203387E-15
1195.  1.205097E-15
1196.  1.206795E-15
1197.  1.208481E-15
1198.  1.210154E-15
1199.  1.211816E-15
1200.  1.213465E-15
1201.  1.215102E-15
1202.  1.216727E-15
1203.  1.218339E-15
1204.  1.219939E-15
1205.  1.221527E-15
1206.  1.223102E-15
1207.  1.224664E-15
1208.  1.226214E-15
1209.  1.227751E-15
1210.  1.229276E-15
1211.  1.230788E-15
1212.  1.232287E-15
1213.  1.233775E-15
1214.  1.235249E-15
1215.  1.236711E-15
1216.  1.238161E-15
1217.  1.239598E-15
1218.  1.241022E-15
1219.  1.242434E-15
1220.  1.243834E-15
1221.  1.245222E-15
1222.  1.246597E-15
1223.  1.247960E-15
1224.  1.249312E-15
1225.  1.250651E-15
1226.  1.251978E-15
1227.  1.253294E-15
1228.  1.254598E-15
1229.  1.255890E-15
1230.  1.257171E-15
1231.  1.258440E-15
1232.  1.259699E-15
1233.  1.260946E-15
1234.  1.262182E-15
1235.  1.263407E-15
1236.  1.264622E-15
1237.  1.265826E-15
1238.  1.267020E-15
1239.  1.268203E-15
1240.  1.269376E-15
1241.  1.270540E-15
1242.  1.271694E-15
1243.  1.272838E-15
1244.  1.273973E-15
1245.  1.275098E-15
1246.  1.276215E-15
1247.  1.277323E-15
1248.  1.278422E-15
1249.  1.279513E-15
1250.  1.280595E-15
1251.  1.281670E-15
1252.  1.282737E-15
1253.  1.283796E-15
1254.  1.284849E-15
1255.  1.285894E-15
1256.  1.286932E-15
1257.  1.287964E-15
1258.  1.288989E-15
1259.  1.290008E-15
1260.  1.291022E-15
1261.  1.292029E-15
1262.  1.293032E-15
1263.  1.294029E-15
1264.  1.295022E-15
1265.  1.296010E-15
1266.  1.296994E-15
1267.  1.297973E-15
1268.  1.298949E-15
1269.  1.299922E-15
1270.  1.300891E-15
1271.  1.301858E-15
1272.  1.302821E-15
1273.  1.303783E-15
1274.  1.304742E-15
1275.  1.305700E-15
1276.  1.306656E-15
1277.  1.307611E-15
1278.  1.308565E-15
1279.  1.309518E-15
1280.  1.310471E-15
1281.  1.311424E-15
1282.  1.312378E-15
1283.  1.313332E-15
1284.  1.314286E-15
1285.  1.315243E-15
1286.  1.316200E-15
1287.  1.317159E-15
1288.  1.318121E-15
1289.  1.319085E-15
1290.  1.320051E-15
1291.  1.321020E-15
1292.  1.321993E-15
1293.  1.322969E-15
1294.  1.323950E-15
1295.  1.324934E-15
1296.  1.325923E-15
1297.  1.326916E-15
1298.  1.327915E-15
1299.  1.328919E-15
1300.  1.329929E-15
1301.  1.330945E-15
1302.  1.331967E-15
1303.  1.332995E-15
1304.  1.334031E-15
1305.  1.335073E-15
1306.  1.336123E-15
1307.  1.337181E-15
1308.  1.338246E-15
1309.  1.339320E-15
1310.  1.340403E-15
1311.  1.341494E-15
1312.  1.342594E-15
1313.  1.343704E-15
1314.  1.344823E-15
1315.  1.345953E-15
1316.  1.347092E-15
1317.  1.348242E-15
1318.  1.349402E-15
1319.  1.350573E-15
1320.  1.351756E-15
1321.  1.352950E-15
1322.  1.354155E-15
1323.  1.355373E-15
1324.  1.356602E-15
1325.  1.357844E-15
1326.  1.359099E-15
1327.  1.360366E-15
1328.  1.361646E-15
1329.  1.362940E-15
1330.  1.364247E-15
1331.  1.365568E-15
1332.  1.366902E-15
1333.  1.368251E-15
1334.  1.369614E-15
1335.  1.370991E-15
1336.  1.372383E-15
1337.  1.373790E-15
1338.  1.375211E-15
1339.  1.376648E-15
1340.  1.378100E-15
1341.  1.379568E-15
1342.  1.381051E-15
1343.  1.382550E-15
1344.  1.384064E-15
1345.  1.385595E-15
1346.  1.387142E-15
1347.  1.388705E-15
1348.  1.390285E-15
1349.  1.391881E-15
1350.  1.393494E-15
1351.  1.395123E-15
1352.  1.396769E-15
1353.  1.398433E-15
1354.  1.400113E-15
1355.  1.401810E-15
1356.  1.403524E-15
1357.  1.405255E-15
1358.  1.407004E-15
1359.  1.408770E-15
1360.  1.410553E-15
1361.  1.412354E-15
1362.  1.414172E-15
1363.  1.416007E-15
1364.  1.417860E-15
1365.  1.419731E-15
1366.  1.421618E-15
1367.  1.423523E-15
1368.  1.425446E-15
1369.  1.427386E-15
1370.  1.429344E-15
1371.  1.431318E-15
1372.  1.433310E-15
1373.  1.435320E-15
1374.  1.437346E-15
1375.  1.439390E-15
1376.  1.441451E-15
1377.  1.443528E-15
1378.  1.445623E-15
1379.  1.447735E-15
1380.  1.449863E-15
1381.  1.452008E-15
1382.  1.454169E-15
1383.  1.456347E-15
1384.  1.458542E-15
1385.  1.460752E-15
1386.  1.462978E-15
1387.  1.465220E-15
1388.  1.467478E-15
1389.  1.469752E-15
1390.  1.472041E-15
1391.  1.474345E-15
1392.  1.476664E-15
1393.  1.478998E-15
1394.  1.481346E-15
1395.  1.483709E-15
1396.  1.486087E-15
1397.  1.488478E-15
1398.  1.490883E-15
1399.  1.493302E-15
1400.  1.495734E-15
1401.  1.498179E-15
1402.  1.500636E-15
1403.  1.503107E-15
1404.  1.505589E-15
1405.  1.508084E-15
1406.  1.510590E-15
1407.  1.513108E-15
1408.  1.515637E-15
1409.  1.518177E-15
1410.  1.520727E-15
1411.  1.523288E-15
1412.  1.525858E-15
1413.  1.528438E-15
1414.  1.531027E-15
1415.  1.533625E-15
1416.  1.536232E-15
1417.  1.538847E-15
1418.  1.541469E-15
1419.  1.544099E-15
1420.  1.546736E-15
1421.  1.549380E-15
1422.  1.552030E-15
1423.  1.554687E-15
1424.  1.557348E-15
1425.  1.560015E-15
1426.  1.562686E-15
1427.  1.565362E-15
1428.  1.568042E-15
1429.  1.570725E-15
1430.  1.573411E-15
1431.  1.576100E-15
1432.  1.578791E-15
1433.  1.581484E-15
1434.  1.584178E-15
1435.  1.586873E-15
1436.  1.589567E-15
1437.  1.592262E-15
1438.  1.594957E-15
1439.  1.597650E-15
1440.  1.600342E-15
1441.  1.603032E-15
1442.  1.605719E-15
1443.  1.608403E-15
1444.  1.611084E-15
1445.  1.613761E-15
1446.  1.616433E-15
1447.  1.619100E-15
1448.  1.621762E-15
1449.  1.624418E-15
1450.  1.627067E-15
1451.  1.629709E-15
1452.  1.632343E-15
1453.  1.634970E-15
1454.  1.637588E-15
1455.  1.640196E-15
1456.  1.642795E-15
1457.  1.645384E-15
1458.  1.647961E-15
1459.  1.650528E-15
1460.  1.653083E-15
1461.  1.655625E-15
1462.  1.658154E-15
1463.  1.660670E-15
1464.  1.663172E-15
1465.  1.665659E-15
1466.  1.668131E-15
1467.  1.670587E-15
1468.  1.673027E-15
1469.  1.675450E-15
1470.  1.677856E-15
1471.  1.680244E-15
1472.  1.682613E-15
1473.  1.684963E-15
1474.  1.687294E-15
1475.  1.689605E-15
1476.  1.691894E-15
1477.  1.694163E-15
1478.  1.696410E-15
1479.  1.698634E-15
1480.  1.700835E-15
1481.  1.703013E-15
1482.  1.705166E-15
1483.  1.707296E-15
1484.  1.709400E-15
1485.  1.711478E-15
1486.  1.713530E-15
1487.  1.715555E-15
1488.  1.717553E-15
1489.  1.719523E-15
1490.  1.721464E-15
1491.  1.723377E-15
1492.  1.725260E-15
1493.  1.727113E-15
1494.  1.728935E-15
1495.  1.730726E-15
1496.  1.732486E-15
1497.  1.734213E-15
1498.  1.735908E-15
1499.  1.737570E-15
1500.  1.739198E-15
1501.  1.740791E-15
1502.  1.742350E-15
1503.  1.743874E-15
1504.  1.745362E-15
1505.  1.746813E-15
1506.  1.748228E-15
1507.  1.749606E-15
1508.  1.750946E-15
1509.  1.752248E-15
1510.  1.753511E-15
1511.  1.754735E-15
1512.  1.755920E-15
1513.  1.757065E-15
1514.  1.758169E-15
1515.  1.759232E-15
1516.  1.760254E-15
1517.  1.761234E-15
1518.  1.762172E-15
1519.  1.763067E-15
1520.  1.763919E-15
1521.  1.764728E-15
1522.  1.765492E-15
1523.  1.766213E-15
1524.  1.766888E-15
1525.  1.767519E-15
1526.  1.768105E-15
1527.  1.768644E-15
1528.  1.769137E-15
1529.  1.769584E-15
1530.  1.769983E-15
1531.  1.770335E-15
1532.  1.770640E-15
1533.  1.770897E-15
1534.  1.771106E-15
1535.  1.771266E-15
1536.  1.771377E-15
1537.  1.771439E-15
1538.  1.771452E-15
1539.  1.771414E-15
1540.  1.771327E-15
1541.  1.771189E-15
1542.  1.771001E-15
1543.  1.770762E-15
1544.  1.770471E-15
1545.  1.770129E-15
1546.  1.769736E-15
1547.  1.769291E-15
1548.  1.768794E-15
1549.  1.768244E-15
1550.  1.767643E-15
1551.  1.766988E-15
1552.  1.766281E-15
1553.  1.765520E-15
1554.  1.764707E-15
1555.  1.763840E-15
1556.  1.762920E-15
1557.  1.761946E-15
1558.  1.760918E-15
1559.  1.759837E-15
1560.  1.758701E-15
1561.  1.757512E-15
1562.  1.756268E-15
1563.  1.754970E-15
1564.  1.753618E-15
1565.  1.752211E-15
1566.  1.750750E-15
1567.  1.749234E-15
1568.  1.747663E-15
1569.  1.746038E-15
1570.  1.744359E-15
1571.  1.742624E-15
1572.  1.740835E-15
1573.  1.738992E-15
1574.  1.737093E-15
1575.  1.735140E-15
1576.  1.733133E-15
1577.  1.731071E-15
1578.  1.728954E-15
1579.  1.726783E-15
1580.  1.724557E-15
1581.  1.722277E-15
1582.  1.719944E-15
1583.  1.717555E-15
1584.  1.715113E-15
1585.  1.712617E-15
1586.  1.710067E-15
1587.  1.707463E-15
1588.  1.704805E-15
1589.  1.702095E-15
1590.  1.699331E-15
1591.  1.696514E-15
1592.  1.693644E-15
1593.  1.690721E-15
1594.  1.687746E-15
1595.  1.684718E-15
1596.  1.681638E-15
1597.  1.678507E-15
1598.  1.675323E-15
1599.  1.672089E-15
1600.  1.668802E-15
1601.  1.665466E-15
1602.  1.662078E-15
1603.  1.658640E-15
1604.  1.655151E-15
1605.  1.651613E-15
1606.  1.648025E-15
1607.  1.644388E-15
1608.  1.640702E-15
1609.  1.636967E-15
1610.  1.633184E-15
1611.  1.629353E-15
1612.  1.625474E-15
1613.  1.621548E-15
1614.  1.617575E-15
1615.  1.613555E-15
1616.  1.609489E-15
1617.  1.605378E-15
1618.  1.601221E-15
1619.  1.597019E-15
1620.  1.592772E-15
1621.  1.588481E-15
1622.  1.584146E-15
1623.  1.579767E-15
1624.  1.575346E-15
1625.  1.570882E-15
1626.  1.566377E-15
1627.  1.561829E-15
1628.  1.557240E-15
1629.  1.552611E-15
1630.  1.547941E-15
1631.  1.543232E-15
1632.  1.538483E-15
1633.  1.533696E-15
1634.  1.528870E-15
1635.  1.524006E-15
1636.  1.519105E-15
1637.  1.514168E-15
1638.  1.509194E-15
1639.  1.504185E-15
1640.  1.499140E-15
1641.  1.494061E-15
1642.  1.488947E-15
1643.  1.483801E-15
1644.  1.478621E-15
1645.  1.473409E-15
1646.  1.468164E-15
1647.  1.462889E-15
1648.  1.457583E-15
1649.  1.452247E-15
1650.  1.446881E-15
1651.  1.441486E-15
1652.  1.436063E-15
1653.  1.430612E-15
1654.  1.425134E-15
1655.  1.419630E-15
1656.  1.414099E-15
1657.  1.408543E-15
1658.  1.402963E-15
1659.  1.397358E-15
1660.  1.391730E-15
1661.  1.386080E-15
1662.  1.380406E-15
1663.  1.374712E-15
1664.  1.368996E-15
1665.  1.363261E-15
1666.  1.357505E-15
1667.  1.351731E-15
1668.  1.345938E-15
1669.  1.340128E-15
1670.  1.334301E-15
1671.  1.328457E-15
1672.  1.322597E-15
1673.  1.316723E-15
1674.  1.310834E-15
1675.  1.304932E-15
1676.  1.299016E-15
1677.  1.293088E-15
1678.  1.287149E-15
1679.  1.281198E-15
1680.  1.275237E-15
1681.  1.269266E-15
1682.  1.263287E-15
1683.  1.257299E-15
1684.  1.251303E-15
1685.  1.245301E-15
1686.  1.239292E-15
1687.  1.233278E-15
1688.  1.227259E-15
1689.  1.221235E-15
1690.  1.215208E-15
1691.  1.209178E-15
1692.  1.203146E-15
1693.  1.197112E-15
1694.  1.191078E-15
1695.  1.185043E-15
1696.  1.179009E-15
1697.  1.172977E-15
1698.  1.166946E-15
1699.  1.160917E-15
1700.  1.154892E-15
1701.  1.148871E-15
1702.  1.142854E-15
1703.  1.136843E-15
1704.  1.130837E-15
1705.  1.124839E-15
1706.  1.118847E-15
1707.  1.112863E-15
1708.  1.106888E-15
1709.  1.100922E-15
1710.  1.094966E-15
1711.  1.089021E-15
1712.  1.083087E-15
1713.  1.077165E-15
1714.  1.071256E-15
1715.  1.065359E-15
1716.  1.059476E-15
1717.  1.053608E-15
1718.  1.047755E-15
1719.  1.041918E-15
1720.  1.036097E-15
1721.  1.030293E-15
1722.  1.024507E-15
1723.  1.018739E-15
1724.  1.012990E-15
1725.  1.007260E-15
1726.  1.001551E-15
1727.  9.958621E-16
1728.  9.901946E-16
1729.  9.845492E-16
1730.  9.789262E-16
1731.  9.733262E-16
1732.  9.677498E-16
1733.  9.621979E-16
1734.  9.566708E-16
1735.  9.511691E-16
1736.  9.456934E-16
1737.  9.402443E-16
1738.  9.348222E-16
1739.  9.294279E-16
1740.  9.240617E-16
1741.  9.187243E-16
1742.  9.134164E-16
1743.  9.081381E-16
1744.  9.028903E-16
1745.  8.976734E-16
1746.  8.924879E-16
1747.  8.873345E-16
1748.  8.822132E-16
1749.  8.771252E-16
1750.  8.720704E-16
1751.  8.670497E-16
1752.  8.620633E-16
1753.  8.571118E-16
1754.  8.521957E-16
1755.  8.473156E-16
1756.  8.424715E-16
1757.  8.376644E-16
1758.  8.328944E-16
1759.  8.281622E-16
1760.  8.234681E-16
1761.  8.188125E-16
1762.  8.141956E-16
1763.  8.096183E-16
1764.  8.050808E-16
1765.  8.005835E-16
1766.  7.961266E-16
1767.  7.917109E-16
1768.  7.873366E-16
1769.  7.830038E-16
1770.  7.787133E-16
1771.  7.744652E-16
1772.  7.702601E-16
1773.  7.660981E-16
1774.  7.619796E-16
1775.  7.579051E-16
1776.  7.538748E-16
1777.  7.498891E-16
1778.  7.459482E-16
1779.  7.420525E-16
1780.  7.382023E-16
1781.  7.343978E-16
1782.  7.306396E-16
1783.  7.269277E-16
1784.  7.232623E-16
1785.  7.196440E-16
1786.  7.160727E-16
1787.  7.125489E-16
1788.  7.090729E-16
1789.  7.056447E-16
1790.  7.022647E-16
1791.  6.989332E-16
1792.  6.956501E-16
1793.  6.924160E-16
1794.  6.892309E-16
1795.  6.860950E-16
1796.  6.830085E-16
1797.  6.799717E-16
1798.  6.769847E-16
1799.  6.740475E-16
1800.  6.711606E-16
1801.  6.683239E-16
1802.  6.655377E-16
1803.  6.628020E-16
1804.  6.601171E-16
1805.  6.574830E-16
1806.  6.548999E-16
1807.  6.523678E-16
1808.  6.498869E-16
1809.  6.474573E-16
1810.  6.450791E-16
1811.  6.427523E-16
1812.  6.404771E-16
1813.  6.382535E-16
1814.  6.360816E-16
1815.  6.339613E-16
1816.  6.318929E-16
1817.  6.298763E-16
1818.  6.279116E-16
1819.  6.259986E-16
1820.  6.241377E-16
1821.  6.223286E-16
1822.  6.205715E-16
1823.  6.188663E-16
1824.  6.172130E-16
1825.  6.156116E-16
1826.  6.140623E-16
1827.  6.125646E-16
1828.  6.111187E-16
1829.  6.097248E-16
1830.  6.083825E-16
1831.  6.070919E-16
1832.  6.058529E-16
1833.  6.046655E-16
1834.  6.035295E-16
1835.  6.024449E-16
1836.  6.014116E-16
1837.  6.004296E-16
1838.  5.994985E-16
1839.  5.986186E-16
1840.  5.977895E-16
1841.  5.970112E-16
1842.  5.962835E-16
1843.  5.956063E-16
1844.  5.949793E-16
1845.  5.944027E-16
1846.  5.938761E-16
1847.  5.933993E-16
1848.  5.929722E-16
1849.  5.925948E-16
1850.  5.922666E-16
1851.  5.919877E-16
1852.  5.917577E-16
1853.  5.915764E-16
1854.  5.914438E-16
1855.  5.913595E-16
1856.  5.913234E-16
1857.  5.913352E-16
1858.  5.913947E-16
1859.  5.915015E-16
1860.  5.916556E-16
1861.  5.918568E-16
1862.  5.921046E-16
1863.  5.923989E-16
1864.  5.927392E-16
1865.  5.931256E-16
1866.  5.935574E-16
1867.  5.940348E-16
1868.  5.945570E-16
1869.  5.951242E-16
1870.  5.957357E-16
1871.  5.963915E-16
1872.  5.970910E-16
1873.  5.978342E-16
1874.  5.986205E-16
1875.  5.994496E-16
1876.  6.003213E-16
1877.  6.012353E-16
1878.  6.021911E-16
1879.  6.031884E-16
1880.  6.042268E-16
1881.  6.053062E-16
1882.  6.064259E-16
1883.  6.075856E-16
1884.  6.087851E-16
1885.  6.100239E-16
1886.  6.113016E-16
1887.  6.126179E-16
1888.  6.139721E-16
1889.  6.153645E-16
1890.  6.167940E-16
1891.  6.182605E-16
1892.  6.197634E-16
1893.  6.213027E-16
1894.  6.228775E-16
1895.  6.244876E-16
1896.  6.261326E-16
1897.  6.278119E-16
1898.  6.295253E-16
1899.  6.312722E-16
1900.  6.330522E-16
1901.  6.348649E-16
1902.  6.367098E-16
1903.  6.385863E-16
1904.  6.404942E-16
1905.  6.424329E-16
1906.  6.444020E-16
1907.  6.464009E-16
1908.  6.484293E-16
1909.  6.504866E-16
1910.  6.525724E-16
1911.  6.546861E-16
1912.  6.568273E-16
1913.  6.589955E-16
1914.  6.611902E-16
1915.  6.634109E-16
1916.  6.656571E-16
1917.  6.679285E-16
1918.  6.702242E-16
1919.  6.725441E-16
1920.  6.748873E-16
1921.  6.772537E-16
1922.  6.796423E-16
1923.  6.820532E-16
1924.  6.844853E-16
1925.  6.869384E-16
1926.  6.894120E-16
1927.  6.919054E-16
1928.  6.944182E-16
1929.  6.969497E-16
1930.  6.994996E-16
1931.  7.020674E-16
1932.  7.046523E-16
1933.  7.072540E-16
1934.  7.098719E-16
1935.  7.125055E-16
1936.  7.151540E-16
1937.  7.178174E-16
1938.  7.204947E-16
1939.  7.231856E-16
1940.  7.258894E-16
1941.  7.286057E-16
1942.  7.313340E-16
1943.  7.340734E-16
1944.  7.368238E-16
1945.  7.395844E-16
1946.  7.423549E-16
1947.  7.451346E-16
1948.  7.479229E-16
1949.  7.507194E-16
1950.  7.535234E-16
1951.  7.563345E-16
1952.  7.591521E-16
1953.  7.619759E-16
1954.  7.648049E-16
1955.  7.676389E-16
1956.  7.704774E-16
1957.  7.733197E-16
1958.  7.761652E-16
1959.  7.790138E-16
1960.  7.818645E-16
1961.  7.847167E-16
1962.  7.875705E-16
1963.  7.904248E-16
1964.  7.932793E-16
1965.  7.961335E-16
1966.  7.989868E-16
1967.  8.018388E-16
1968.  8.046890E-16
1969.  8.075366E-16
1970.  8.103813E-16
1971.  8.132229E-16
1972.  8.160603E-16
1973.  8.188933E-16
1974.  8.217216E-16
1975.  8.245444E-16
1976.  8.273612E-16
1977.  8.301719E-16
1978.  8.329755E-16
1979.  8.357719E-16
1980.  8.385604E-16
1981.  8.413407E-16
1982.  8.441122E-16
1983.  8.468744E-16
1984.  8.496270E-16
1985.  8.523696E-16
1986.  8.551014E-16
1987.  8.578221E-16
1988.  8.605314E-16
1989.  8.632290E-16
1990.  8.659139E-16
1991.  8.685861E-16
1992.  8.712453E-16
1993.  8.738907E-16
1994.  8.765219E-16
1995.  8.791389E-16
1996.  8.817410E-16
1997.  8.843276E-16
1998.  8.868986E-16
1999.  8.894537E-16
2000.  8.919923E-16
2001.  8.945140E-16
2002.  8.970185E-16
2003.  8.995056E-16
2004.  9.019745E-16
2005.  9.044253E-16
2006.  9.068574E-16
2007.  9.092704E-16
2008.  9.116641E-16
2009.  9.140381E-16
2010.  9.163925E-16
2011.  9.187262E-16
2012.  9.210394E-16
2013.  9.233316E-16
2014.  9.256027E-16
2015.  9.278523E-16
2016.  9.300801E-16
2017.  9.322856E-16
2018.  9.344690E-16
2019.  9.366296E-16
2020.  9.387673E-16
2021.  9.408820E-16
2022.  9.429732E-16
2023.  9.450408E-16
2024.  9.470846E-16
2025.  9.491042E-16
2026.  9.510996E-16
2027.  9.530707E-16
2028.  9.550167E-16
2029.  9.569379E-16
2030.  9.588341E-16
2031.  9.607049E-16
2032.  9.625505E-16
2033.  9.643702E-16
2034.  9.661643E-16
2035.  9.679324E-16
2036.  9.696745E-16
2037.  9.713904E-16
2038.  9.730799E-16
2039.  9.747431E-16
2040.  9.763797E-16
2041.  9.779897E-16
2042.  9.795730E-16
2043.  9.811293E-16
2044.  9.826587E-16
2045.  9.841612E-16
2046.  9.856365E-16
2047.  9.870850E-16
2048.  9.885061E-16
2049.  9.899001E-16
2050.  9.912670E-16
2051.  9.926064E-16
2052.  9.939186E-16
2053.  9.952038E-16
2054.  9.964616E-16
2055.  9.976922E-16
2056.  9.988954E-16
2057.  1.000072E-15
2058.  1.001220E-15
2059.  1.002342E-15
2060.  1.003437E-15
2061.  1.004505E-15
2062.  1.005545E-15
2063.  1.006559E-15
2064.  1.007546E-15
2065.  1.008506E-15
2066.  1.009440E-15
2067.  1.010347E-15
2068.  1.011228E-15
2069.  1.012082E-15
2070.  1.012911E-15
2071.  1.013713E-15
2072.  1.014489E-15
2073.  1.015240E-15
2074.  1.015965E-15
2075.  1.016664E-15
2076.  1.017339E-15
2077.  1.017988E-15
2078.  1.018613E-15
2079.  1.019213E-15
2080.  1.019788E-15
2081.  1.020339E-15
2082.  1.020866E-15
2083.  1.021369E-15
2084.  1.021849E-15
2085.  1.022305E-15
2086.  1.022738E-15
2087.  1.023148E-15
2088.  1.023536E-15
2089.  1.023901E-15
2090.  1.024245E-15
2091.  1.024566E-15
2092.  1.024866E-15
2093.  1.025145E-15
2094.  1.025402E-15
2095.  1.025640E-15
2096.  1.025856E-15
2097.  1.026053E-15
2098.  1.026231E-15
2099.  1.026388E-15
2100.  1.026527E-15
2101.  1.026647E-15
2102.  1.026749E-15
2103.  1.026833E-15
2104.  1.026899E-15
2105.  1.026948E-15
2106.  1.026980E-15
2107.  1.026995E-15
2108.  1.026994E-15
2109.  1.026977E-15
2110.  1.026945E-15
2111.  1.026898E-15
2112.  1.026836E-15
2113.  1.026760E-15
2114.  1.026670E-15
2115.  1.026566E-15
2116.  1.026450E-15
2117.  1.026320E-15
2118.  1.026179E-15
2119.  1.026026E-15
2120.  1.025861E-15
2121.  1.025685E-15
2122.  1.025499E-15
2123.  1.025302E-15
2124.  1.025096E-15
2125.  1.024880E-15
2126.  1.024656E-15
2127.  1.024423E-15
2128.  1.024182E-15
2129.  1.023934E-15
2130.  1.023679E-15
2131.  1.023416E-15
2132.  1.023148E-15
2133.  1.022874E-15
2134.  1.022595E-15
2135.  1.022310E-15
2136.  1.022021E-15
2137.  1.021729E-15
2138.  1.021432E-15
2139.  1.021133E-15
2140.  1.020831E-15
2141.  1.020527E-15
2142.  1.020221E-15
2143.  1.019914E-15
2144.  1.019606E-15
2145.  1.019297E-15
2146.  1.018989E-15
2147.  1.018681E-15
2148.  1.018374E-15
2149.  1.018068E-15
2150.  1.017764E-15
2151.  1.017463E-15
2152.  1.017164E-15
2153.  1.016868E-15
2154.  1.016576E-15
2155.  1.016288E-15
2156.  1.016004E-15
2157.  1.015725E-15
2158.  1.015452E-15
2159.  1.015184E-15
2160.  1.014922E-15
2161.  1.014667E-15
2162.  1.014419E-15
2163.  1.014178E-15
2164.  1.013945E-15
2165.  1.013720E-15
2166.  1.013504E-15
2167.  1.013296E-15
2168.  1.013098E-15
2169.  1.012910E-15
2170.  1.012732E-15
2171.  1.012564E-15
2172.  1.012407E-15
2173.  1.012262E-15
2174.  1.012127E-15
2175.  1.012006E-15
2176.  1.011896E-15
2177.  1.011799E-15
2178.  1.011714E-15
2179.  1.011644E-15
2180.  1.011586E-15
2181.  1.011543E-15
2182.  1.011514E-15
2183.  1.011500E-15
2184.  1.011501E-15
2185.  1.011517E-15
2186.  1.011548E-15
2187.  1.011595E-15
2188.  1.011658E-15
2189.  1.011737E-15
2190.  1.011834E-15
2191.  1.011946E-15
2192.  1.012076E-15
2193.  1.012224E-15
2194.  1.012389E-15
2195.  1.012571E-15
2196.  1.012772E-15
2197.  1.012991E-15
2198.  1.013229E-15
2199.  1.013485E-15
2200.  1.013760E-15
2201.  1.014054E-15
2202.  1.014367E-15
2203.  1.014699E-15
2204.  1.015051E-15
2205.  1.015423E-15
2206.  1.015815E-15
2207.  1.016226E-15
2208.  1.016658E-15
2209.  1.017110E-15
2210.  1.017582E-15
2211.  1.018074E-15
2212.  1.018587E-15
2213.  1.019121E-15
2214.  1.019675E-15
2215.  1.020250E-15
2216.  1.020846E-15
2217.  1.021463E-15
2218.  1.022101E-15
2219.  1.022759E-15
2220.  1.023439E-15
2221.  1.024139E-15
2222.  1.024861E-15
2223.  1.025603E-15
2224.  1.026366E-15
2225.  1.027151E-15
2226.  1.027956E-15
2227.  1.028783E-15
2228.  1.029630E-15
2229.  1.030498E-15
2230.  1.031386E-15
2231.  1.032296E-15
2232.  1.033226E-15
2233.  1.034177E-15
2234.  1.035147E-15
2235.  1.036139E-15
2236.  1.037150E-15
2237.  1.038182E-15
2238.  1.039234E-15
2239.  1.040306E-15
2240.  1.041397E-15
2241.  1.042508E-15
2242.  1.043638E-15
2243.  1.044788E-15
2244.  1.045957E-15
2245.  1.047144E-15
2246.  1.048351E-15
2247.  1.049575E-15
2248.  1.050819E-15
2249.  1.052080E-15
2250.  1.053359E-15
2251.  1.054656E-15
2252.  1.055970E-15
2253.  1.057302E-15
2254.  1.058651E-15
2255.  1.060016E-15
2256.  1.061398E-15
2257.  1.062796E-15
2258.  1.064210E-15
2259.  1.065639E-15
2260.  1.067084E-15
2261.  1.068544E-15
2262.  1.070019E-15
2263.  1.071508E-15
2264.  1.073011E-15
2265.  1.074529E-15
2266.  1.076059E-15
2267.  1.077603E-15
2268.  1.079160E-15
2269.  1.080729E-15
2270.  1.082311E-15
2271.  1.083904E-15
2272.  1.085509E-15
2273.  1.087125E-15
2274.  1.088752E-15
2275.  1.090389E-15
2276.  1.092037E-15
2277.  1.093693E-15
2278.  1.095360E-15
2279.  1.097035E-15
2280.  1.098718E-15
2281.  1.100410E-15
2282.  1.102109E-15
2283.  1.103816E-15
2284.  1.105529E-15
2285.  1.107249E-15
2286.  1.108976E-15
2287.  1.110707E-15
2288.  1.112444E-15
2289.  1.114186E-15
2290.  1.115933E-15
2291.  1.117683E-15
2292.  1.119437E-15
2293.  1.121194E-15
2294.  1.122953E-15
2295.  1.124715E-15
2296.  1.126479E-15
2297.  1.128244E-15
2298.  1.130010E-15
2299.  1.131777E-15
2300.  1.133543E-15
2301.  1.135309E-15
2302.  1.137074E-15
2303.  1.138839E-15
2304.  1.140601E-15
2305.  1.142361E-15
2306.  1.144119E-15
2307.  1.145873E-15
2308.  1.147624E-15
2309.  1.149371E-15
2310.  1.151113E-15
2311.  1.152850E-15
2312.  1.154582E-15
2313.  1.156308E-15
2314.  1.158029E-15
2315.  1.159742E-15
2316.  1.161448E-15
2317.  1.163146E-15
2318.  1.164837E-15
2319.  1.166519E-15
2320.  1.168191E-15
2321.  1.169855E-15
2322.  1.171508E-15
2323.  1.173152E-15
2324.  1.174784E-15
2325.  1.176406E-15
2326.  1.178015E-15
2327.  1.179613E-15
2328.  1.181198E-15
2329.  1.182770E-15
2330.  1.184328E-15
2331.  1.185873E-15
2332.  1.187404E-15
2333.  1.188919E-15
2334.  1.190420E-15
2335.  1.191905E-15
2336.  1.193374E-15
2337.  1.194827E-15
2338.  1.196263E-15
2339.  1.197682E-15
2340.  1.199083E-15
2341.  1.200466E-15
2342.  1.201831E-15
2343.  1.203177E-15
2344.  1.204504E-15
2345.  1.205810E-15
2346.  1.207097E-15
2347.  1.208364E-15
2348.  1.209610E-15
2349.  1.210834E-15
2350.  1.212037E-15
2351.  1.213218E-15
2352.  1.214377E-15
2353.  1.215513E-15
2354.  1.216627E-15
2355.  1.217716E-15
2356.  1.218782E-15
2357.  1.219824E-15
2358.  1.220842E-15
2359.  1.221835E-15
2360.  1.222802E-15
2361.  1.223745E-15
2362.  1.224661E-15
2363.  1.225552E-15
2364.  1.226416E-15
2365.  1.227253E-15
2366.  1.228063E-15
2367.  1.228846E-15
2368.  1.229602E-15
2369.  1.230329E-15
2370.  1.231029E-15
2371.  1.231700E-15
2372.  1.232341E-15
2373.  1.232955E-15
2374.  1.233539E-15
2375.  1.234093E-15
2376.  1.234617E-15
2377.  1.235111E-15
2378.  1.235576E-15
2379.  1.236009E-15
2380.  1.236412E-15
2381.  1.236783E-15
2382.  1.237124E-15
2383.  1.237433E-15
2384.  1.237710E-15
2385.  1.237956E-15
2386.  1.238169E-15
2387.  1.238350E-15
2388.  1.238499E-15
2389.  1.238615E-15
2390.  1.238698E-15
2391.  1.238748E-15
2392.  1.238765E-15
2393.  1.238749E-15
2394.  1.238699E-15
2395.  1.238615E-15
2396.  1.238498E-15
2397.  1.238347E-15
2398.  1.238161E-15
2399.  1.237942E-15
2400.  1.237688E-15
2401.  1.237400E-15
2402.  1.237078E-15
2403.  1.236720E-15
2404.  1.236328E-15
2405.  1.235902E-15
2406.  1.235440E-15
2407.  1.234943E-15
2408.  1.234412E-15
2409.  1.233845E-15
2410.  1.233243E-15
2411.  1.232606E-15
2412.  1.231933E-15
2413.  1.231226E-15
2414.  1.230483E-15
2415.  1.229704E-15
2416.  1.228890E-15
2417.  1.228041E-15
2418.  1.227156E-15
2419.  1.226236E-15
2420.  1.225281E-15
2421.  1.224290E-15
2422.  1.223264E-15
2423.  1.222202E-15
2424.  1.221105E-15
2425.  1.219973E-15
2426.  1.218805E-15
2427.  1.217602E-15
2428.  1.216364E-15
2429.  1.215091E-15
2430.  1.213783E-15
2431.  1.212439E-15
2432.  1.211061E-15
2433.  1.209648E-15
2434.  1.208200E-15
2435.  1.206718E-15
2436.  1.205201E-15
2437.  1.203649E-15
2438.  1.202063E-15
2439.  1.200443E-15
2440.  1.198789E-15
2441.  1.197100E-15
2442.  1.195378E-15
2443.  1.193622E-15
2444.  1.191832E-15
2445.  1.190009E-15
2446.  1.188153E-15
2447.  1.186264E-15
2448.  1.184341E-15
2449.  1.182386E-15
2450.  1.180398E-15
2451.  1.178377E-15
2452.  1.176325E-15
2453.  1.174240E-15
2454.  1.172123E-15
2455.  1.169975E-15
2456.  1.167795E-15
2457.  1.165584E-15
2458.  1.163341E-15
2459.  1.161068E-15
2460.  1.158765E-15
2461.  1.156430E-15
2462.  1.154066E-15
2463.  1.151672E-15
2464.  1.149248E-15
2465.  1.146795E-15
2466.  1.144312E-15
2467.  1.141800E-15
2468.  1.139260E-15
2469.  1.136692E-15
2470.  1.134095E-15
2471.  1.131470E-15
2472.  1.128818E-15
2473.  1.126138E-15
2474.  1.123431E-15
2475.  1.120698E-15
2476.  1.117938E-15
2477.  1.115151E-15
2478.  1.112339E-15
2479.  1.109502E-15
2480.  1.106639E-15
2481.  1.103751E-15
2482.  1.100838E-15
2483.  1.097901E-15
2484.  1.094940E-15
2485.  1.091955E-15
2486.  1.088947E-15
2487.  1.085916E-15
2488.  1.082861E-15
2489.  1.079785E-15
2490.  1.076686E-15
2491.  1.073566E-15
2492.  1.070424E-15
2493.  1.067261E-15
2494.  1.064077E-15
2495.  1.060873E-15
2496.  1.057648E-15
2497.  1.054404E-15
2498.  1.051141E-15
2499.  1.047858E-15
2500.  1.044557E-15
2501.  1.041237E-15
2502.  1.037900E-15
2503.  1.034545E-15
2504.  1.031172E-15
2505.  1.027782E-15
2506.  1.024376E-15
2507.  1.020954E-15
2508.  1.017516E-15
2509.  1.014062E-15
2510.  1.010593E-15
2511.  1.007109E-15
2512.  1.003611E-15
2513.  1.000099E-15
2514.  9.965730E-16
2515.  9.930335E-16
2516.  9.894811E-16
2517.  9.859161E-16
2518.  9.823388E-16
2519.  9.787495E-16
2520.  9.751486E-16
2521.  9.715366E-16
2522.  9.679134E-16
2523.  9.642799E-16
2524.  9.606362E-16
2525.  9.569826E-16
2526.  9.533197E-16
2527.  9.496476E-16
2528.  9.459668E-16
2529.  9.422778E-16
2530.  9.385805E-16
2531.  9.348752E-16
2532.  9.311629E-16
2533.  9.274436E-16
2534.  9.237173E-16
2535.  9.199848E-16
2536.  9.162463E-16
2537.  9.125022E-16
2538.  9.087526E-16
2539.  9.049981E-16
2540.  9.012388E-16
2541.  8.974751E-16
2542.  8.937074E-16
2543.  8.899362E-16
2544.  8.861614E-16
2545.  8.823835E-16
2546.  8.786030E-16
2547.  8.748199E-16
2548.  8.710346E-16
2549.  8.672475E-16
2550.  8.634589E-16
2551.  8.596690E-16
2552.  8.558783E-16
2553.  8.520868E-16
2554.  8.482950E-16
2555.  8.445031E-16
2556.  8.407113E-16
2557.  8.369201E-16
2558.  8.331296E-16
2559.  8.293402E-16
2560.  8.255521E-16
2561.  8.217656E-16
2562.  8.179809E-16
2563.  8.141984E-16
2564.  8.104180E-16
2565.  8.066404E-16
2566.  8.028656E-16
2567.  7.990940E-16
2568.  7.953255E-16
2569.  7.915608E-16
2570.  7.877998E-16
2571.  7.840428E-16
2572.  7.802902E-16
2573.  7.765420E-16
2574.  7.727986E-16
2575.  7.690600E-16
2576.  7.653265E-16
2577.  7.615986E-16
2578.  7.578760E-16
2579.  7.541592E-16
2580.  7.504482E-16
2581.  7.467435E-16
2582.  7.430450E-16
2583.  7.393530E-16
2584.  7.356678E-16
2585.  7.319893E-16
2586.  7.283178E-16
2587.  7.246535E-16
2588.  7.209966E-16
2589.  7.173470E-16
2590.  7.137053E-16
2591.  7.100711E-16
2592.  7.064451E-16
2593.  7.028270E-16
2594.  6.992173E-16
2595.  6.956159E-16
2596.  6.920230E-16
2597.  6.884385E-16
2598.  6.848629E-16
2599.  6.812961E-16
2600.  6.777384E-16
2601.  6.741896E-16
2602.  6.706501E-16
2603.  6.671199E-16
2604.  6.635990E-16
2605.  6.600876E-16
2606.  6.565858E-16
2607.  6.530936E-16
2608.  6.496113E-16
2609.  6.461388E-16
2610.  6.426761E-16
2611.  6.392234E-16
2612.  6.357806E-16
2613.  6.323482E-16
2614.  6.289259E-16
2615.  6.255138E-16
2616.  6.221120E-16
2617.  6.187206E-16
2618.  6.153394E-16
2619.  6.119688E-16
2620.  6.086088E-16
2621.  6.052593E-16
2622.  6.019202E-16
2623.  5.985920E-16
2624.  5.952741E-16
2625.  5.919672E-16
2626.  5.886711E-16
2627.  5.853855E-16
2628.  5.821107E-16
2629.  5.788468E-16
2630.  5.755935E-16
2631.  5.723512E-16
2632.  5.691196E-16
2633.  5.658989E-16
2634.  5.626891E-16
2635.  5.594901E-16
2636.  5.563020E-16
2637.  5.531248E-16
2638.  5.499584E-16
2639.  5.468029E-16
2640.  5.436581E-16
2641.  5.405244E-16
2642.  5.374016E-16
2643.  5.342894E-16
2644.  5.311882E-16
2645.  5.280977E-16
2646.  5.250182E-16
2647.  5.219494E-16
2648.  5.188914E-16
2649.  5.158441E-16
2650.  5.128076E-16
2651.  5.097818E-16
2652.  5.067668E-16
2653.  5.037624E-16
2654.  5.007687E-16
2655.  4.977857E-16
2656.  4.948131E-16
2657.  4.918514E-16
2658.  4.889002E-16
2659.  4.859594E-16
2660.  4.830293E-16
2661.  4.801096E-16
2662.  4.772005E-16
2663.  4.743016E-16
2664.  4.714132E-16
2665.  4.685351E-16
2666.  4.656676E-16
2667.  4.628102E-16
2668.  4.599632E-16
2669.  4.571264E-16
2670.  4.542999E-16
2671.  4.514835E-16
2672.  4.486774E-16
2673.  4.458814E-16
2674.  4.430956E-16
2675.  4.403196E-16
2676.  4.375541E-16
2677.  4.347984E-16
2678.  4.320527E-16
2679.  4.293170E-16
2680.  4.265911E-16
2681.  4.238753E-16
2682.  4.211693E-16
2683.  4.184732E-16
2684.  4.157870E-16
2685.  4.131104E-16
2686.  4.104437E-16
2687.  4.077869E-16
2688.  4.051396E-16
2689.  4.025022E-16
2690.  3.998746E-16
2691.  3.972565E-16
2692.  3.946479E-16
2693.  3.920491E-16
2694.  3.894599E-16
2695.  3.868803E-16
2696.  3.843102E-16
2697.  3.817498E-16
2698.  3.791988E-16
2699.  3.766574E-16
2700.  3.741256E-16
2701.  3.716031E-16
2702.  3.690901E-16
2703.  3.665866E-16
2704.  3.640926E-16
2705.  3.616080E-16
2706.  3.591330E-16
2707.  3.566673E-16
2708.  3.542110E-16
2709.  3.517640E-16
2710.  3.493266E-16
2711.  3.468985E-16
2712.  3.444799E-16
2713.  3.420707E-16
2714.  3.396707E-16
2715.  3.372803E-16
2716.  3.348992E-16
2717.  3.325274E-16
2718.  3.301651E-16
2719.  3.278122E-16
2720.  3.254687E-16
2721.  3.231345E-16
2722.  3.208099E-16
2723.  3.184945E-16
2724.  3.161886E-16
2725.  3.138921E-16
2726.  3.116051E-16
2727.  3.093275E-16
2728.  3.070593E-16
2729.  3.048006E-16
2730.  3.025513E-16
2731.  3.003115E-16
2732.  2.980813E-16
2733.  2.958605E-16
2734.  2.936492E-16
2735.  2.914475E-16
2736.  2.892553E-16
2737.  2.870726E-16
2738.  2.848996E-16
2739.  2.827361E-16
2740.  2.805822E-16
2741.  2.784380E-16
2742.  2.763034E-16
2743.  2.741784E-16
2744.  2.720630E-16
2745.  2.699576E-16
2746.  2.678615E-16
2747.  2.657754E-16
2748.  2.636989E-16
2749.  2.616323E-16
2750.  2.595754E-16
2751.  2.575282E-16
2752.  2.554909E-16
2753.  2.534635E-16
2754.  2.514460E-16
2755.  2.494383E-16
2756.  2.474404E-16
2757.  2.454525E-16
2758.  2.434745E-16
2759.  2.415065E-16
2760.  2.395485E-16
2761.  2.376004E-16
2762.  2.356625E-16
2763.  2.337344E-16
2764.  2.318165E-16
2765.  2.299086E-16
2766.  2.280108E-16
2767.  2.261230E-16
2768.  2.242454E-16
2769.  2.223780E-16
2770.  2.205208E-16
2771.  2.186736E-16
2772.  2.168366E-16
2773.  2.150097E-16
2774.  2.131933E-16
2775.  2.113870E-16
2776.  2.095909E-16
2777.  2.078051E-16
2778.  2.060295E-16
2779.  2.042642E-16
2780.  2.025091E-16
2781.  2.007645E-16
2782.  1.990301E-16
2783.  1.973060E-16
2784.  1.955922E-16
2785.  1.938888E-16
2786.  1.921959E-16
2787.  1.905131E-16
2788.  1.888407E-16
2789.  1.871787E-16
2790.  1.855271E-16
2791.  1.838858E-16
2792.  1.822549E-16
2793.  1.806344E-16
2794.  1.790242E-16
2795.  1.774244E-16
2796.  1.758350E-16
2797.  1.742560E-16
2798.  1.726872E-16
2799.  1.711290E-16
2800.  1.695810E-16
2801.  1.680435E-16
2802.  1.665163E-16
2803.  1.649993E-16
2804.  1.634928E-16
2805.  1.619965E-16
2806.  1.605107E-16
2807.  1.590351E-16
2808.  1.575697E-16
2809.  1.561148E-16
2810.  1.546701E-16
2811.  1.532356E-16
2812.  1.518114E-16
2813.  1.503973E-16
2814.  1.489935E-16
2815.  1.476000E-16
2816.  1.462164E-16
2817.  1.448433E-16
2818.  1.434802E-16
2819.  1.421271E-16
2820.  1.407842E-16
2821.  1.394514E-16
2822.  1.381286E-16
2823.  1.368158E-16
2824.  1.355131E-16
2825.  1.342204E-16
2826.  1.329376E-16
2827.  1.316647E-16
2828.  1.304017E-16
2829.  1.291485E-16
2830.  1.279053E-16
2831.  1.266718E-16
2832.  1.254480E-16
2833.  1.242341E-16
2834.  1.230300E-16
2835.  1.218354E-16
2836.  1.206505E-16
2837.  1.194752E-16
2838.  1.183096E-16
2839.  1.171535E-16
2840.  1.160069E-16
2841.  1.148698E-16
2842.  1.137421E-16
2843.  1.126238E-16
2844.  1.115150E-16
2845.  1.104154E-16
2846.  1.093251E-16
2847.  1.082441E-16
2848.  1.071722E-16
2849.  1.061097E-16
2850.  1.050562E-16
2851.  1.040118E-16
2852.  1.029765E-16
2853.  1.019502E-16
2854.  1.009329E-16
2855.  9.992466E-17
2856.  9.892506E-17
2857.  9.793449E-17
2858.  9.695269E-17
2859.  9.597971E-17
2860.  9.501536E-17
2861.  9.405981E-17
2862.  9.311282E-17
2863.  9.217453E-17
2864.  9.124473E-17
2865.  9.032354E-17
2866.  8.941079E-17
2867.  8.850643E-17
2868.  8.761042E-17
2869.  8.672285E-17
2870.  8.584364E-17
2871.  8.497259E-17
2872.  8.410986E-17
2873.  8.325525E-17
2874.  8.240879E-17
2875.  8.157048E-17
2876.  8.074019E-17
2877.  7.991801E-17
2878.  7.910376E-17
2879.  7.829736E-17
2880.  7.749881E-17
2881.  7.670831E-17
2882.  7.592564E-17
2883.  7.515055E-17
2884.  7.438332E-17
2885.  7.362376E-17
2886.  7.287186E-17
2887.  7.212760E-17
2888.  7.139091E-17
2889.  7.066182E-17
2890.  6.994010E-17
2891.  6.922594E-17
2892.  6.851926E-17
2893.  6.781995E-17
2894.  6.712792E-17
2895.  6.644322E-17
2896.  6.576579E-17
2897.  6.509570E-17
2898.  6.443283E-17
2899.  6.377703E-17
2900.  6.312849E-17
2901.  6.248694E-17
2902.  6.185266E-17
2903.  6.122528E-17
2904.  6.060500E-17
2905.  5.999166E-17
2906.  5.938525E-17
2907.  5.878577E-17
2908.  5.819314E-17
2909.  5.760745E-17
2910.  5.702854E-17
2911.  5.645643E-17
2912.  5.589106E-17
2913.  5.533253E-17
2914.  5.478075E-17
2915.  5.423545E-17
2916.  5.369697E-17
2917.  5.316513E-17
2918.  5.263981E-17
2919.  5.212112E-17
2920.  5.160894E-17
2921.  5.110332E-17
2922.  5.060422E-17
2923.  5.011157E-17
2924.  4.962543E-17
2925.  4.914568E-17
2926.  4.867235E-17
2927.  4.820540E-17
2928.  4.774480E-17
2929.  4.729065E-17
2930.  4.684277E-17
2931.  4.640111E-17
2932.  4.596589E-17
2933.  4.553673E-17
2934.  4.511391E-17
2935.  4.469734E-17
2936.  4.428698E-17
2937.  4.388273E-17
2938.  4.348473E-17
2939.  4.309278E-17
2940.  4.270707E-17
2941.  4.232737E-17
2942.  4.195379E-17
2943.  4.158625E-17
2944.  4.122485E-17
2945.  4.086947E-17
2946.  4.052016E-17
2947.  4.017680E-17
2948.  3.983940E-17
2949.  3.950794E-17
2950.  3.918248E-17
2951.  3.886307E-17
2952.  3.854944E-17
2953.  3.824180E-17
2954.  3.794004E-17
2955.  3.764421E-17
2956.  3.735424E-17
2957.  3.707009E-17
2958.  3.679186E-17
2959.  3.651931E-17
2960.  3.625251E-17
2961.  3.599178E-17
2962.  3.573670E-17
2963.  3.548744E-17
2964.  3.524384E-17
2965.  3.500600E-17
2966.  3.477391E-17
2967.  3.454755E-17
2968.  3.432683E-17
2969.  3.411193E-17
2970.  3.390251E-17
2971.  3.369884E-17
2972.  3.350087E-17
2973.  3.330849E-17
2974.  3.312165E-17
2975.  3.294044E-17
2976.  3.276484E-17
2977.  3.259488E-17
2978.  3.243037E-17
2979.  3.227141E-17
2980.  3.211807E-17
2981.  3.197013E-17
2982.  3.182774E-17
2983.  3.169090E-17
2984.  3.155945E-17
2985.  3.143339E-17
2986.  3.131280E-17
2987.  3.119782E-17
2988.  3.108807E-17
2989.  3.098373E-17
2990.  3.088481E-17
2991.  3.079113E-17
2992.  3.070288E-17
2993.  3.062006E-17
2994.  3.054238E-17
2995.  3.047008E-17
2996.  3.040303E-17
2997.  3.034125E-17
2998.  3.028473E-17
2999.  3.023341E-17
3000.  3.018732E-17
3001.  3.014644E-17
3002.  3.011058E-17
3003.  3.007999E-17
3004.  3.005460E-17
3005.  3.003420E-17
3006.  3.001905E-17
3007.  3.000879E-17
3008.  3.000367E-17
3009.  3.000367E-17
3010.  3.000864E-17
3011.  3.001850E-17
3012.  3.003342E-17
3013.  3.005337E-17
3014.  3.007812E-17
3015.  3.010790E-17
3016.  3.014257E-17
3017.  3.018208E-17
3018.  3.022644E-17
3019.  3.027562E-17
3020.  3.032966E-17
3021.  3.038841E-17
3022.  3.045198E-17
3023.  3.052032E-17
3024.  3.059330E-17
3025.  3.067108E-17
3026.  3.075356E-17
3027.  3.084058E-17
3028.  3.093229E-17
3029.  3.102858E-17
3030.  3.112954E-17
3031.  3.123500E-17
3032.  3.134502E-17
3033.  3.145954E-17
3034.  3.157859E-17
3035.  3.170207E-17
3036.  3.182992E-17
3037.  3.196235E-17
3038.  3.209907E-17
3039.  3.224018E-17
3040.  3.238567E-17
3041.  3.253550E-17
3042.  3.268966E-17
3043.  3.284802E-17
3044.  3.301067E-17
3045.  3.317765E-17
3046.  3.334865E-17
3047.  3.352398E-17
3048.  3.370337E-17
3049.  3.388698E-17
3050.  3.407462E-17
3051.  3.426643E-17
3052.  3.446222E-17
3053.  3.466216E-17
3054.  3.486607E-17
3055.  3.507386E-17
3056.  3.528572E-17
3057.  3.550155E-17
3058.  3.572132E-17
3059.  3.594499E-17
3060.  3.617249E-17
3061.  3.640382E-17
3062.  3.663907E-17
3063.  3.687803E-17
3064.  3.712089E-17
3065.  3.736752E-17
3066.  3.761784E-17
3067.  3.787193E-17
3068.  3.812966E-17
3069.  3.839109E-17
3070.  3.865618E-17
3071.  3.892490E-17
3072.  3.919726E-17
3073.  3.947338E-17
3074.  3.975292E-17
3075.  4.003606E-17
3076.  4.032265E-17
3077.  4.061291E-17
3078.  4.090668E-17
3079.  4.120387E-17
3080.  4.150462E-17
3081.  4.180876E-17
3082.  4.211644E-17
3083.  4.242748E-17
3084.  4.274197E-17
3085.  4.305988E-17
3086.  4.338116E-17
3087.  4.370573E-17
3088.  4.403378E-17
3089.  4.436512E-17
3090.  4.469980E-17
3091.  4.503780E-17
3092.  4.537909E-17
3093.  4.572376E-17
3094.  4.607165E-17
3095.  4.642284E-17
3096.  4.677740E-17
3097.  4.713507E-17
3098.  4.749604E-17
3099.  4.786025E-17
3100.  4.822781E-17
3101.  4.859853E-17
3102.  4.897246E-17
3103.  4.934966E-17
3104.  4.973008E-17
3105.  5.011371E-17
3106.  5.050055E-17
3107.  5.089064E-17
3108.  5.128382E-17
3109.  5.168030E-17
3110.  5.207996E-17
3111.  5.248284E-17
3112.  5.288901E-17
3113.  5.329824E-17
3114.  5.371084E-17
3115.  5.412659E-17
3116.  5.454553E-17
3117.  5.496777E-17
3118.  5.539320E-17
3119.  5.582184E-17
3120.  5.625371E-17
3121.  5.668896E-17
3122.  5.712735E-17
3123.  5.756905E-17
3124.  5.801399E-17
3125.  5.846215E-17
3126.  5.891379E-17
3127.  5.936862E-17
3128.  5.982672E-17
3129.  6.028821E-17
3130.  6.075301E-17
3131.  6.122121E-17
3132.  6.169277E-17
3133.  6.216768E-17
3134.  6.264605E-17
3135.  6.312776E-17
3136.  6.361280E-17
3137.  6.410159E-17
3138.  6.459373E-17
3139.  6.508933E-17
3140.  6.558834E-17
3141.  6.609094E-17
3142.  6.659710E-17
3143.  6.710680E-17
3144.  6.762014E-17
3145.  6.813708E-17
3146.  6.865768E-17
3147.  6.918186E-17
3148.  6.970987E-17
3149.  7.024149E-17
3150.  7.077675E-17
3151.  7.131589E-17
3152.  7.185875E-17
3153.  7.240551E-17
3154.  7.295598E-17
3155.  7.351038E-17
3156.  7.406870E-17
3157.  7.463081E-17
3158.  7.519701E-17
3159.  7.576714E-17
3160.  7.634123E-17
3161.  7.691937E-17
3162.  7.750158E-17
3163.  7.808789E-17
3164.  7.867834E-17
3165.  7.927282E-17
3166.  7.987168E-17
3167.  8.047458E-17
3168.  8.108177E-17
3169.  8.169334E-17
3170.  8.230918E-17
3171.  8.292926E-17
3172.  8.355382E-17
3173.  8.418278E-17
3174.  8.481608E-17
3175.  8.545396E-17
3176.  8.609619E-17
3177.  8.674303E-17
3178.  8.739449E-17
3179.  8.805050E-17
3180.  8.871112E-17
3181.  8.937644E-17
3182.  9.004639E-17
3183.  9.072105E-17
3184.  9.140049E-17
3185.  9.208476E-17
3186.  9.277382E-17
3187.  9.346765E-17
3188.  9.416644E-17
3189.  9.487013E-17
3190.  9.557878E-17
3191.  9.629233E-17
3192.  9.701092E-17
3193.  9.773452E-17
3194.  9.846313E-17
3195.  9.919686E-17
3196.  9.993569E-17
3197.  1.006796E-16
3198.  1.014287E-16
3199.  1.021830E-16
3200.  1.029424E-16
3201.  1.037072E-16
3202.  1.044773E-16
3203.  1.052525E-16
3204.  1.060330E-16
3205.  1.068189E-16
3206.  1.076102E-16
3207.  1.084067E-16
3208.  1.092087E-16
3209.  1.100161E-16
3210.  1.108289E-16
3211.  1.116471E-16
3212.  1.124708E-16
3213.  1.132999E-16
3214.  1.141345E-16
3215.  1.149746E-16
3216.  1.158202E-16
3217.  1.166713E-16
3218.  1.175280E-16
3219.  1.183901E-16
3220.  1.192578E-16
3221.  1.201310E-16
3222.  1.210098E-16
3223.  1.218941E-16
3224.  1.227840E-16
3225.  1.236795E-16
3226.  1.245804E-16
3227.  1.254870E-16
3228.  1.263991E-16
3229.  1.273166E-16
3230.  1.282398E-16
3231.  1.291685E-16
3232.  1.301028E-16
3233.  1.310423E-16
3234.  1.319877E-16
3235.  1.329383E-16
3236.  1.338944E-16
3237.  1.348560E-16
3238.  1.358231E-16
3239.  1.367956E-16
3240.  1.377733E-16
3241.  1.387566E-16
3242.  1.397451E-16
3243.  1.407390E-16
3244.  1.417382E-16
3245.  1.427425E-16
3246.  1.437523E-16
3247.  1.447670E-16
3248.  1.457870E-16
3249.  1.468122E-16
3250.  1.478423E-16
3251.  1.488777E-16
3252.  1.499178E-16
3253.  1.509631E-16
3254.  1.520132E-16
3255.  1.530682E-16
3256.  1.541279E-16
3257.  1.551925E-16
3258.  1.562616E-16
3259.  1.573356E-16
3260.  1.584141E-16
3261.  1.594972E-16
3262.  1.605847E-16
3263.  1.616766E-16
3264.  1.627727E-16
3265.  1.638733E-16
3266.  1.649781E-16
3267.  1.660870E-16
3268.  1.671999E-16
3269.  1.683168E-16
3270.  1.694376E-16
3271.  1.705623E-16
3272.  1.716907E-16
3273.  1.728228E-16
3274.  1.739585E-16
3275.  1.750977E-16
3276.  1.762403E-16
3277.  1.773862E-16
3278.  1.785353E-16
3279.  1.796876E-16
3280.  1.808428E-16
3281.  1.820011E-16
3282.  1.831622E-16
3283.  1.843260E-16
3284.  1.854924E-16
3285.  1.866613E-16
3286.  1.878327E-16
3287.  1.890064E-16
3288.  1.901822E-16
3289.  1.913602E-16
3290.  1.925401E-16
3291.  1.937219E-16
3292.  1.949053E-16
3293.  1.960904E-16
3294.  1.972770E-16
3295.  1.984650E-16
3296.  1.996541E-16
3297.  2.008445E-16
3298.  2.020358E-16
3299.  2.032279E-16
3300.  2.044207E-16
3301.  2.056142E-16
3302.  2.068080E-16
3303.  2.080022E-16
3304.  2.091965E-16
3305.  2.103909E-16
3306.  2.115852E-16
3307.  2.127793E-16
3308.  2.139729E-16
3309.  2.151659E-16
3310.  2.163583E-16
3311.  2.175498E-16
3312.  2.187403E-16
3313.  2.199297E-16
3314.  2.211178E-16
3315.  2.223044E-16
3316.  2.234895E-16
3317.  2.246727E-16
3318.  2.258542E-16
3319.  2.270334E-16
3320.  2.282105E-16
3321.  2.293852E-16
3322.  2.305572E-16
3323.  2.317266E-16
3324.  2.328931E-16
3325.  2.340564E-16
3326.  2.352167E-16
3327.  2.363735E-16
3328.  2.375267E-16
3329.  2.386764E-16
3330.  2.398221E-16
3331.  2.409637E-16
3332.  2.421011E-16
3333.  2.432342E-16
3334.  2.443627E-16
3335.  2.454864E-16
3336.  2.466052E-16
3337.  2.477190E-16
3338.  2.488277E-16
3339.  2.499308E-16
3340.  2.510283E-16
3341.  2.521202E-16
3342.  2.532060E-16
3343.  2.542857E-16
3344.  2.553593E-16
3345.  2.564263E-16
3346.  2.574868E-16
3347.  2.585404E-16
3348.  2.595870E-16
3349.  2.606267E-16
3350.  2.616589E-16
3351.  2.626837E-16
3352.  2.637009E-16
3353.  2.647102E-16
3354.  2.657116E-16
3355.  2.667047E-16
3356.  2.676896E-16
3357.  2.686660E-16
3358.  2.696338E-16
3359.  2.705927E-16
3360.  2.715426E-16
3361.  2.724834E-16
3362.  2.734149E-16
3363.  2.743369E-16
3364.  2.752492E-16
3365.  2.761517E-16
3366.  2.770443E-16
3367.  2.779268E-16
3368.  2.787989E-16
3369.  2.796608E-16
3370.  2.805119E-16
3371.  2.813524E-16
3372.  2.821819E-16
3373.  2.830004E-16
3374.  2.838078E-16
3375.  2.846037E-16
3376.  2.853882E-16
3377.  2.861611E-16
3378.  2.869221E-16
3379.  2.876712E-16
3380.  2.884082E-16
3381.  2.891333E-16
3382.  2.898458E-16
3383.  2.905459E-16
3384.  2.912334E-16
3385.  2.919081E-16
3386.  2.925699E-16
3387.  2.932189E-16
3388.  2.938548E-16
3389.  2.944773E-16
3390.  2.950866E-16
3391.  2.956824E-16
3392.  2.962644E-16
3393.  2.968330E-16
3394.  2.973878E-16
3395.  2.979284E-16
3396.  2.984551E-16
3397.  2.989677E-16
3398.  2.994662E-16
3399.  2.999502E-16
3400.  3.004198E-16
3401.  3.008749E-16
3402.  3.013155E-16
3403.  3.017413E-16
3404.  3.021523E-16
3405.  3.025485E-16
3406.  3.029296E-16
3407.  3.032958E-16
3408.  3.036468E-16
3409.  3.039827E-16
3410.  3.043034E-16
3411.  3.046087E-16
3412.  3.048987E-16
3413.  3.051733E-16
3414.  3.054324E-16
3415.  3.056758E-16
3416.  3.059038E-16
3417.  3.061159E-16
3418.  3.063124E-16
3419.  3.064933E-16
3420.  3.066582E-16
3421.  3.068074E-16
3422.  3.069409E-16
3423.  3.070582E-16
3424.  3.071598E-16
3425.  3.072454E-16
3426.  3.073151E-16
3427.  3.073686E-16
3428.  3.074063E-16
3429.  3.074280E-16
3430.  3.074336E-16
3431.  3.074232E-16
3432.  3.073968E-16
3433.  3.073543E-16
3434.  3.072958E-16
3435.  3.072212E-16
3436.  3.071307E-16
3437.  3.070241E-16
3438.  3.069015E-16
3439.  3.067629E-16
3440.  3.066084E-16
3441.  3.064380E-16
3442.  3.062517E-16
3443.  3.060494E-16
3444.  3.058313E-16
3445.  3.055974E-16
3446.  3.053477E-16
3447.  3.050823E-16
3448.  3.048013E-16
3449.  3.045044E-16
3450.  3.041922E-16
3451.  3.038643E-16
3452.  3.035209E-16
3453.  3.031619E-16
3454.  3.027879E-16
3455.  3.023984E-16
3456.  3.019936E-16
3457.  3.015738E-16
3458.  3.011388E-16
3459.  3.006888E-16
3460.  3.002238E-16
3461.  2.997440E-16
3462.  2.992493E-16
3463.  2.987402E-16
3464.  2.982163E-16
3465.  2.976778E-16
3466.  2.971250E-16
3467.  2.965578E-16
3468.  2.959765E-16
3469.  2.953809E-16
3470.  2.947714E-16
3471.  2.941479E-16
3472.  2.935104E-16
3473.  2.928595E-16
3474.  2.921949E-16
3475.  2.915168E-16
3476.  2.908253E-16
3477.  2.901206E-16
3478.  2.894028E-16
3479.  2.886719E-16
3480.  2.879282E-16
3481.  2.871717E-16
3482.  2.864024E-16
3483.  2.856208E-16
3484.  2.848268E-16
3485.  2.840204E-16
3486.  2.832021E-16
3487.  2.823718E-16
3488.  2.815296E-16
3489.  2.806757E-16
3490.  2.798103E-16
3491.  2.789336E-16
3492.  2.780453E-16
3493.  2.771462E-16
3494.  2.762359E-16
3495.  2.753149E-16
3496.  2.743832E-16
3497.  2.734410E-16
3498.  2.724884E-16
3499.  2.715256E-16
3500.  2.705526E-16
3501.  2.695699E-16
3502.  2.685774E-16
3503.  2.675751E-16
3504.  2.665634E-16
3505.  2.655425E-16
3506.  2.645126E-16
3507.  2.634735E-16
3508.  2.624257E-16
3509.  2.613692E-16
3510.  2.603043E-16
3511.  2.592310E-16
3512.  2.581495E-16
3513.  2.570602E-16
3514.  2.559629E-16
3515.  2.548579E-16
3516.  2.537455E-16
3517.  2.526257E-16
3518.  2.514989E-16
3519.  2.503648E-16
3520.  2.492239E-16
3521.  2.480765E-16
3522.  2.469225E-16
3523.  2.457621E-16
3524.  2.445955E-16
3525.  2.434229E-16
3526.  2.422445E-16
3527.  2.410604E-16
3528.  2.398707E-16
3529.  2.386757E-16
3530.  2.374755E-16
3531.  2.362704E-16
3532.  2.350604E-16
3533.  2.338455E-16
3534.  2.326262E-16
3535.  2.314025E-16
3536.  2.301745E-16
3537.  2.289425E-16
3538.  2.277066E-16
3539.  2.264670E-16
3540.  2.252238E-16
3541.  2.239772E-16
3542.  2.227274E-16
3543.  2.214744E-16
3544.  2.202185E-16
3545.  2.189598E-16
3546.  2.176985E-16
3547.  2.164347E-16
3548.  2.151686E-16
3549.  2.139003E-16
3550.  2.126300E-16
3551.  2.113578E-16
3552.  2.100839E-16
3553.  2.088085E-16
3554.  2.075317E-16
3555.  2.062534E-16
3556.  2.049742E-16
3557.  2.036940E-16
3558.  2.024128E-16
3559.  2.011311E-16
3560.  1.998488E-16
3561.  1.985660E-16
3562.  1.972829E-16
3563.  1.959997E-16
3564.  1.947166E-16
3565.  1.934336E-16
3566.  1.921507E-16
3567.  1.908684E-16
3568.  1.895864E-16
3569.  1.883053E-16
3570.  1.870249E-16
3571.  1.857454E-16
3572.  1.844669E-16
3573.  1.831895E-16
3574.  1.819135E-16
3575.  1.806389E-16
3576.  1.793659E-16
3577.  1.780945E-16
3578.  1.768249E-16
3579.  1.755570E-16
3580.  1.742912E-16
3581.  1.730275E-16
3582.  1.717660E-16
3583.  1.705069E-16
3584.  1.692501E-16
3585.  1.679961E-16
3586.  1.667446E-16
3587.  1.654958E-16
3588.  1.642499E-16
3589.  1.630069E-16
3590.  1.617670E-16
3591.  1.605303E-16
3592.  1.592968E-16
3593.  1.580667E-16
3594.  1.568400E-16
3595.  1.556167E-16
3596.  1.543973E-16
3597.  1.531814E-16
3598.  1.519693E-16
3599.  1.507612E-16
3600.  1.495569E-16
3601.  1.483569E-16
3602.  1.471608E-16
3603.  1.459690E-16
3604.  1.447814E-16
3605.  1.435982E-16
3606.  1.424195E-16
3607.  1.412453E-16
3608.  1.400757E-16
3609.  1.389107E-16
3610.  1.377504E-16
3611.  1.365948E-16
3612.  1.354443E-16
3613.  1.342985E-16
3614.  1.331578E-16
3615.  1.320222E-16
3616.  1.308916E-16
3617.  1.297661E-16
3618.  1.286459E-16
3619.  1.275311E-16
3620.  1.264214E-16
3621.  1.253172E-16
3622.  1.242184E-16
3623.  1.231251E-16
3624.  1.220374E-16
3625.  1.209552E-16
3626.  1.198786E-16
3627.  1.188078E-16
3628.  1.177425E-16
3629.  1.166831E-16
3630.  1.156294E-16
3631.  1.145816E-16
3632.  1.135397E-16
3633.  1.125037E-16
3634.  1.114736E-16
3635.  1.104495E-16
3636.  1.094314E-16
3637.  1.084193E-16
3638.  1.074134E-16
3639.  1.064134E-16
3640.  1.054196E-16
3641.  1.044320E-16
3642.  1.034504E-16
3643.  1.024752E-16
3644.  1.015062E-16
3645.  1.005433E-16
3646.  9.958678E-17
3647.  9.863648E-17
3648.  9.769247E-17
3649.  9.675472E-17
3650.  9.582347E-17
3651.  9.489840E-17
3652.  9.397966E-17
3653.  9.306741E-17
3654.  9.216146E-17
3655.  9.126183E-17
3656.  9.036869E-17
3657.  8.948186E-17
3658.  8.860155E-17
3659.  8.772753E-17
3660.  8.686004E-17
3661.  8.599886E-17
3662.  8.514406E-17
3663.  8.429577E-17
3664.  8.345380E-17
3665.  8.261835E-17
3666.  8.178936E-17
3667.  8.096664E-17
3668.  8.015035E-17
3669.  7.934035E-17
3670.  7.853692E-17
3671.  7.773986E-17
3672.  7.694917E-17
3673.  7.616483E-17
3674.  7.538677E-17
3675.  7.461511E-17
3676.  7.384982E-17
3677.  7.309081E-17
3678.  7.233811E-17
3679.  7.159173E-17
3680.  7.085159E-17
3681.  7.011776E-17
3682.  6.939017E-17
3683.  6.866883E-17
3684.  6.795369E-17
3685.  6.724468E-17
3686.  6.654185E-17
3687.  6.584529E-17
3688.  6.515469E-17
3689.  6.447025E-17
3690.  6.379194E-17
3691.  6.311968E-17
3692.  6.245342E-17
3693.  6.179330E-17
3694.  6.113897E-17
3695.  6.049072E-17
3696.  5.984839E-17
3697.  5.921197E-17
3698.  5.858155E-17
3699.  5.795677E-17
3700.  5.733793E-17
3701.  5.672480E-17
3702.  5.611756E-17
3703.  5.551603E-17
3704.  5.492009E-17
3705.  5.432987E-17
3706.  5.374534E-17
3707.  5.316633E-17
3708.  5.259296E-17
3709.  5.202501E-17
3710.  5.146264E-17
3711.  5.090577E-17
3712.  5.035422E-17
3713.  4.980819E-17
3714.  4.926751E-17
3715.  4.873210E-17
3716.  4.820198E-17
3717.  4.767700E-17
3718.  4.715734E-17
3719.  4.664289E-17
3720.  4.613355E-17
3721.  4.562918E-17
3722.  4.513005E-17
3723.  4.463588E-17
3724.  4.414666E-17
3725.  4.366238E-17
3726.  4.318305E-17
3727.  4.270845E-17
3728.  4.223867E-17
3729.  4.177374E-17
3730.  4.131358E-17
3731.  4.085809E-17
3732.  4.040719E-17
3733.  3.996091E-17
3734.  3.951921E-17
3735.  3.908205E-17
3736.  3.864937E-17
3737.  3.822117E-17
3738.  3.779730E-17
3739.  3.737784E-17
3740.  3.696266E-17
3741.  3.655162E-17
3742.  3.614499E-17
3743.  3.574245E-17
3744.  3.534412E-17
3745.  3.494980E-17
3746.  3.455972E-17
3747.  3.417347E-17
3748.  3.379120E-17
3749.  3.341292E-17
3750.  3.303846E-17
3751.  3.266795E-17
3752.  3.230112E-17
3753.  3.193809E-17
3754.  3.157874E-17
3755.  3.122312E-17
3756.  3.087117E-17
3757.  3.052275E-17
3758.  3.017783E-17
3759.  2.983630E-17
3760.  2.949833E-17
3761.  2.916379E-17
3762.  2.883270E-17
3763.  2.850482E-17
3764.  2.818024E-17
3765.  2.785901E-17
3766.  2.754090E-17
3767.  2.722596E-17
3768.  2.691409E-17
3769.  2.660543E-17
3770.  2.629974E-17
3771.  2.599708E-17
3772.  2.569737E-17
3773.  2.540057E-17
3774.  2.510662E-17
3775.  2.481552E-17
3776.  2.452725E-17
3777.  2.424173E-17
3778.  2.395909E-17
3779.  2.367893E-17
3780.  2.340153E-17
3781.  2.312674E-17
3782.  2.285441E-17
3783.  2.258477E-17
3784.  2.231763E-17
3785.  2.205289E-17
3786.  2.179065E-17
3787.  2.153072E-17
3788.  2.127327E-17
3789.  2.101803E-17
3790.  2.076505E-17
3791.  2.051446E-17
3792.  2.026600E-17
3793.  2.001985E-17
3794.  1.977584E-17
3795.  1.953383E-17
3796.  1.929406E-17
3797.  1.905616E-17
3798.  1.882051E-17
3799.  1.858675E-17
3800.  1.835502E-17
3801.  1.812526E-17
3802.  1.789738E-17
3803.  1.767127E-17
3804.  1.744714E-17
3805.  1.722488E-17
3806.  1.700430E-17
3807.  1.678561E-17
3808.  1.656860E-17
3809.  1.635335E-17
3810.  1.613988E-17
3811.  1.592788E-17
3812.  1.571770E-17
3813.  1.550908E-17
3814.  1.530209E-17
3815.  1.509668E-17
3816.  1.489279E-17
3817.  1.469042E-17
3818.  1.448962E-17
3819.  1.429029E-17
3820.  1.409248E-17
3821.  1.389604E-17
3822.  1.370107E-17
3823.  1.350751E-17
3824.  1.331532E-17
3825.  1.312457E-17
3826.  1.293525E-17
3827.  1.274712E-17
3828.  1.256034E-17
3829.  1.237492E-17
3830.  1.219078E-17
3831.  1.200793E-17
3832.  1.182636E-17
3833.  1.164608E-17
3834.  1.146705E-17
3835.  1.128915E-17
3836.  1.111252E-17
3837.  1.093707E-17
3838.  1.076282E-17
3839.  1.058982E-17
3840.  1.041786E-17
3841.  1.024726E-17
3842.  1.007777E-17
3843.  9.909352E-18
3844.  9.742044E-18
3845.  9.575932E-18
3846.  9.410971E-18
3847.  9.247115E-18
3848.  9.084383E-18
3849.  8.922773E-18
3850.  8.762275E-18
3851.  8.602869E-18
3852.  8.444580E-18
3853.  8.287370E-18
3854.  8.131239E-18
3855.  7.976215E-18
3856.  7.822258E-18
3857.  7.669465E-18
3858.  7.517778E-18
3859.  7.367059E-18
3860.  7.217531E-18
3861.  7.069018E-18
3862.  6.921674E-18
3863.  6.775447E-18
3864.  6.630320E-18
3865.  6.486316E-18
3866.  6.343347E-18
3867.  6.201538E-18
3868.  6.060873E-18
3869.  5.921286E-18
3870.  5.782807E-18
3871.  5.645538E-18
3872.  5.509385E-18
3873.  5.374401E-18
3874.  5.240582E-18
3875.  5.107939E-18
3876.  4.976411E-18
3877.  4.846112E-18
3878.  4.717063E-18
3879.  4.589141E-18
3880.  4.462445E-18
3881.  4.337020E-18
3882.  4.212830E-18
3883.  4.089924E-18
3884.  3.968249E-18
3885.  3.847849E-18
3886.  3.728769E-18
3887.  3.610949E-18
3888.  3.494476E-18
3889.  3.379376E-18
3890.  3.265548E-18
3891.  3.153140E-18
3892.  3.042073E-18
3893.  2.932455E-18
3894.  2.824260E-18
3895.  2.717508E-18
3896.  2.612160E-18
3897.  2.508254E-18
3898.  2.405853E-18
3899.  2.305044E-18
3900.  2.205770E-18
3901.  2.107948E-18
3902.  2.011722E-18
3903.  1.917044E-18
3904.  1.823962E-18
3905.  1.732539E-18
3906.  1.642833E-18
3907.  1.554670E-18
3908.  1.468232E-18
3909.  1.383564E-18
3910.  1.300577E-18
3911.  1.219371E-18
3912.  1.139935E-18
3913.  1.062304E-18
3914.  9.864501E-19
3915.  9.124948E-19
3916.  8.404533E-19
3917.  7.702687E-19
3918.  7.019456E-19
3919.  6.355992E-19
3920.  5.712024E-19
3921.  5.088105E-19
3922.  4.484649E-19
3923.  3.901515E-19
3924.  3.339025E-19
3925.  2.796216E-19
3926.  2.277326E-19
3927.  1.777586E-19
3928.  1.300617E-19
3929.  8.449901E-20
3930.  4.114210E-20
3931.  8.561044E-23
3932.  -3.868243E-20
3933.  -7.522855E-20
3934.  -1.094051E-19
3935.  -1.413141E-19
3936.  -1.707371E-19
3937.  -1.977823E-19
3938.  -2.223524E-19
3939.  -2.446234E-19
3940.  -2.642649E-19
3941.  -2.814346E-19
3942.  -2.961254E-19
3943.  -3.082035E-19
3944.  -3.177738E-19
3945.  -3.246251E-19
3946.  -3.289096E-19
3947.  -3.305341E-19
3948.  -3.294225E-19
3949.  -3.255959E-19
3950.  -3.191285E-19
3951.  -3.098374E-19
3952.  -2.977943E-19
3953.  -2.828117E-19
3954.  -2.650995E-19
3955.  -2.445757E-19
3956.  -2.210430E-19
3957.  -1.946708E-19
3958.  -1.653485E-19
3959.  -1.330964E-19
3960.  -9.779106E-20
3961.  -5.956524E-20
3962.  -1.826630E-20
3963.  2.604321E-20
3964.  7.352706E-20
3965.  1.238990E-19
3966.  1.775078E-19
3967.  2.342372E-19
3968.  2.941273E-19
3969.  3.571821E-19
3970.  4.234619E-19
3971.  4.929195E-19
3972.  5.655855E-19
3973.  6.415790E-19
3974.  7.207005E-19
3975.  8.032950E-19
3976.  8.890949E-19
3977.  9.782302E-19
3978.  1.070707E-18
3979.  1.166536E-18
3980.  1.265745E-18
3981.  1.368382E-18
3982.  1.474432E-18
3983.  1.583716E-18
3984.  1.696551E-18
3985.  1.812868E-18
3986.  1.932606E-18
3987.  2.055788E-18
3988.  2.182479E-18
3989.  2.312589E-18
3990.  2.446254E-18
3991.  2.583459E-18
3992.  2.724106E-18
3993.  2.868353E-18
3994.  3.016052E-18
3995.  3.167330E-18
3996.  3.322224E-18
3997.  3.480552E-18
3998.  3.642467E-18
3999.  3.808010E-18
4000.  3.977062E-18
4001.  4.149749E-18
4002.  4.326012E-18
4003.  4.505821E-18
4004.  4.689223E-18
4005.  4.876130E-18
4006.  5.066703E-18
4007.  5.260831E-18
4008.  5.458603E-18
4009.  5.659856E-18
4010.  5.864702E-18
4011.  6.073172E-18
4012.  6.285251E-18
4013.  6.500791E-18
4014.  6.719994E-18
4015.  6.942612E-18
4016.  7.168805E-18
4017.  7.398695E-18
4018.  7.632072E-18
4019.  7.868921E-18
4020.  8.109274E-18
4021.  8.353226E-18
4022.  8.600635E-18
4023.  8.851534E-18
4024.  9.105950E-18
4025.  9.363795E-18
4026.  9.625082E-18
4027.  9.889837E-18
4028.  1.015810E-17
4029.  1.042966E-17
4030.  1.070470E-17
4031.  1.098311E-17
4032.  1.126488E-17
4033.  1.155004E-17
4034.  1.183850E-17
4035.  1.213027E-17
4036.  1.242538E-17
4037.  1.272382E-17
4038.  1.302547E-17
4039.  1.333041E-17
4040.  1.363855E-17
4041.  1.394989E-17
4042.  1.426446E-17
4043.  1.458211E-17
4044.  1.490311E-17
4045.  1.522696E-17
4046.  1.555409E-17
4047.  1.588428E-17
4048.  1.621744E-17
4049.  1.655378E-17
4050.  1.689299E-17
4051.  1.723525E-17
4052.  1.758048E-17
4053.  1.792857E-17
4054.  1.827965E-17
4055.  1.863359E-17
4056.  1.899048E-17
4057.  1.935009E-17
4058.  1.971252E-17
4059.  2.007771E-17
4060.  2.044572E-17
4061.  2.081654E-17
4062.  2.118987E-17
4063.  2.156599E-17
4064.  2.194473E-17
4065.  2.232614E-17
4066.  2.271010E-17
4067.  2.309668E-17
4068.  2.348571E-17
4069.  2.387738E-17
4070.  2.427145E-17
4071.  2.466801E-17
4072.  2.506696E-17
4073.  2.546837E-17
4074.  2.587216E-17
4075.  2.627822E-17
4076.  2.668673E-17
4077.  2.709752E-17
4078.  2.751058E-17
4079.  2.792582E-17
4080.  2.834333E-17
4081.  2.876307E-17
4082.  2.918491E-17
4083.  2.960896E-17
4084.  3.003506E-17
4085.  3.046330E-17
4086.  3.089361E-17
4087.  3.132600E-17
4088.  3.176040E-17
4089.  3.219677E-17
4090.  3.263521E-17
4091.  3.307548E-17
4092.  3.351780E-17
4093.  3.396188E-17
4094.  3.440795E-17
4095.  3.485591E-17
4096.  3.530573E-17
4097.  3.575739E-17
4098.  3.621086E-17
4099.  3.666611E-17
4100.  3.712305E-17
4101.  3.758185E-17
4102.  3.804233E-17
4103.  3.850461E-17
4104.  3.896860E-17
4105.  3.943422E-17
4106.  3.990158E-17
4107.  4.037064E-17
4108.  4.084126E-17
4109.  4.131358E-17
4110.  4.178751E-17
4111.  4.226310E-17
4112.  4.274030E-17
4113.  4.321911E-17
4114.  4.369947E-17
4115.  4.418144E-17
4116.  4.466498E-17
4117.  4.515007E-17
4118.  4.563675E-17
4119.  4.612499E-17
4120.  4.661488E-17
4121.  4.710622E-17
4122.  4.759910E-17
4123.  4.809356E-17
4124.  4.858958E-17
4125.  4.908719E-17
4126.  4.958623E-17
4127.  5.008692E-17
4128.  5.058914E-17
4129.  5.109293E-17
4130.  5.159823E-17
4131.  5.210523E-17
4132.  5.261360E-17
4133.  5.312369E-17
4134.  5.363532E-17
4135.  5.414851E-17
4136.  5.466332E-17
4137.  5.517974E-17
4138.  5.569786E-17
4139.  5.621752E-17
4140.  5.673886E-17
4141.  5.726182E-17
4142.  5.778651E-17
4143.  5.831283E-17
4144.  5.884086E-17
4145.  5.937054E-17
4146.  5.990205E-17
4147.  6.043523E-17
4148.  6.097021E-17
4149.  6.150693E-17
4150.  6.204548E-17
4151.  6.258585E-17
4152.  6.312802E-17
4153.  6.367206E-17
4154.  6.421798E-17
4155.  6.476574E-17
4156.  6.531556E-17
4157.  6.586720E-17
4158.  6.642087E-17
4159.  6.697651E-17
4160.  6.753412E-17
4161.  6.809377E-17
4162.  6.865548E-17
4163.  6.921936E-17
4164.  6.978523E-17
4165.  7.035331E-17
4166.  7.092354E-17
4167.  7.149593E-17
4168.  7.207057E-17
4169.  7.264745E-17
4170.  7.322657E-17
4171.  7.380799E-17
4172.  7.439180E-17
4173.  7.497785E-17
4174.  7.556628E-17
4175.  7.615719E-17
4176.  7.675042E-17
4177.  7.734622E-17
4178.  7.794446E-17
4179.  7.854523E-17
4180.  7.914847E-17
4181.  7.975428E-17
4182.  8.036277E-17
4183.  8.097382E-17
4184.  8.158762E-17
4185.  8.220387E-17
4186.  8.282291E-17
4187.  8.344464E-17
4188.  8.406925E-17
4189.  8.469649E-17
4190.  8.532666E-17
4191.  8.595952E-17
4192.  8.659529E-17
4193.  8.723387E-17
4194.  8.787541E-17
4195.  8.851975E-17
4196.  8.916715E-17
4197.  8.981737E-17
4198.  9.047054E-17
4199.  9.112681E-17
4200.  9.178595E-17
4201.  9.244822E-17
4202.  9.311347E-17
4203.  9.378178E-17
4204.  9.445312E-17
4205.  9.512756E-17
4206.  9.580506E-17
4207.  9.648566E-17
4208.  9.716934E-17
4209.  9.785621E-17
4210.  9.854613E-17
4211.  9.923917E-17
4212.  9.993538E-17
4213.  1.006347E-16
4214.  1.013372E-16
4215.  1.020428E-16
4216.  1.027516E-16
4217.  1.034635E-16
4218.  1.041785E-16
4219.  1.048967E-16
4220.  1.056180E-16
4221.  1.063423E-16
4222.  1.070698E-16
4223.  1.078005E-16
4224.  1.085341E-16
4225.  1.092709E-16
4226.  1.100108E-16
4227.  1.107536E-16
4228.  1.114995E-16
4229.  1.122483E-16
4230.  1.130001E-16
4231.  1.137550E-16
4232.  1.145127E-16
4233.  1.152734E-16
4234.  1.160369E-16
4235.  1.168032E-16
4236.  1.175725E-16
4237.  1.183444E-16
4238.  1.191191E-16
4239.  1.198964E-16
4240.  1.206765E-16
4241.  1.214592E-16
4242.  1.222444E-16
4243.  1.230322E-16
4244.  1.238225E-16
4245.  1.246151E-16
4246.  1.254101E-16
4247.  1.262075E-16
4248.  1.270072E-16
4249.  1.278091E-16
4250.  1.286131E-16
4251.  1.294192E-16
4252.  1.302273E-16
4253.  1.310373E-16
4254.  1.318494E-16
4255.  1.326632E-16
4256.  1.334788E-16
4257.  1.342960E-16
4258.  1.351149E-16
4259.  1.359352E-16
4260.  1.367569E-16
4261.  1.375801E-16
4262.  1.384045E-16
4263.  1.392302E-16
4264.  1.400569E-16
4265.  1.408847E-16
4266.  1.417134E-16
4267.  1.425429E-16
4268.  1.433732E-16
4269.  1.442040E-16
4270.  1.450355E-16
4271.  1.458673E-16
4272.  1.466995E-16
4273.  1.475319E-16
4274.  1.483645E-16
4275.  1.491971E-16
4276.  1.500295E-16
4277.  1.508619E-16
4278.  1.516938E-16
4279.  1.525253E-16
4280.  1.533562E-16
4281.  1.541866E-16
4282.  1.550161E-16
4283.  1.558447E-16
4284.  1.566724E-16
4285.  1.574988E-16
4286.  1.583240E-16
4287.  1.591478E-16
4288.  1.599699E-16
4289.  1.607904E-16
4290.  1.616093E-16
4291.  1.624261E-16
4292.  1.632410E-16
4293.  1.640535E-16
4294.  1.648637E-16
4295.  1.656715E-16
4296.  1.664768E-16
4297.  1.672792E-16
4298.  1.680787E-16
4299.  1.688753E-16
4300.  1.696687E-16
4301.  1.704587E-16
4302.  1.712454E-16
4303.  1.720284E-16
4304.  1.728077E-16
4305.  1.735830E-16
4306.  1.743544E-16
4307.  1.751215E-16
4308.  1.758844E-16
4309.  1.766427E-16
4310.  1.773966E-16
4311.  1.781455E-16
4312.  1.788896E-16
4313.  1.796286E-16
4314.  1.803624E-16
4315.  1.810908E-16
4316.  1.818136E-16
4317.  1.825309E-16
4318.  1.832422E-16
4319.  1.839477E-16
4320.  1.846470E-16
4321.  1.853402E-16
4322.  1.860269E-16
4323.  1.867069E-16
4324.  1.873803E-16
4325.  1.880469E-16
4326.  1.887063E-16
4327.  1.893587E-16
4328.  1.900038E-16
4329.  1.906414E-16
4330.  1.912714E-16
4331.  1.918938E-16
4332.  1.925082E-16
4333.  1.931146E-16
4334.  1.937128E-16
4335.  1.943027E-16
4336.  1.948842E-16
4337.  1.954571E-16
4338.  1.960213E-16
4339.  1.965766E-16
4340.  1.971230E-16
4341.  1.976602E-16
4342.  1.981881E-16
4343.  1.987066E-16
4344.  1.992157E-16
4345.  1.997150E-16
4346.  2.002046E-16
4347.  2.006842E-16
4348.  2.011539E-16
4349.  2.016134E-16
4350.  2.020626E-16
4351.  2.025014E-16
4352.  2.029296E-16
4353.  2.033474E-16
4354.  2.037542E-16
4355.  2.041503E-16
4356.  2.045353E-16
4357.  2.049093E-16
4358.  2.052721E-16
4359.  2.056237E-16
4360.  2.059638E-16
4361.  2.062925E-16
4362.  2.066095E-16
4363.  2.069149E-16
4364.  2.072086E-16
4365.  2.074902E-16
4366.  2.077600E-16
4367.  2.080178E-16
4368.  2.082635E-16
4369.  2.084968E-16
4370.  2.087180E-16
4371.  2.089267E-16
4372.  2.091230E-16
4373.  2.093069E-16
4374.  2.094781E-16
4375.  2.096366E-16
4376.  2.097826E-16
4377.  2.099158E-16
4378.  2.100361E-16
4379.  2.101434E-16
4380.  2.102379E-16
4381.  2.103194E-16
4382.  2.103879E-16
4383.  2.104432E-16
4384.  2.104855E-16
4385.  2.105146E-16
4386.  2.105306E-16
4387.  2.105332E-16
4388.  2.105227E-16
4389.  2.104988E-16
4390.  2.104617E-16
4391.  2.104113E-16
4392.  2.103474E-16
4393.  2.102702E-16
4394.  2.101796E-16
4395.  2.100757E-16
4396.  2.099584E-16
4397.  2.098276E-16
4398.  2.096835E-16
4399.  2.095260E-16
4400.  2.093550E-16
4401.  2.091707E-16
4402.  2.089730E-16
4403.  2.087621E-16
4404.  2.085376E-16
4405.  2.083000E-16
4406.  2.080489E-16
4407.  2.077846E-16
4408.  2.075072E-16
4409.  2.072164E-16
4410.  2.069124E-16
4411.  2.065955E-16
4412.  2.062654E-16
4413.  2.059220E-16
4414.  2.055658E-16
4415.  2.051966E-16
4416.  2.048145E-16
4417.  2.044194E-16
4418.  2.040116E-16
4419.  2.035911E-16
4420.  2.031579E-16
4421.  2.027121E-16
4422.  2.022538E-16
4423.  2.017828E-16
4424.  2.012996E-16
4425.  2.008039E-16
4426.  2.002961E-16
4427.  1.997760E-16
4428.  1.992440E-16
4429.  1.986999E-16
4430.  1.981437E-16
4431.  1.975759E-16
4432.  1.969963E-16
4433.  1.964050E-16
4434.  1.958023E-16
4435.  1.951880E-16
4436.  1.945625E-16
4437.  1.939257E-16
4438.  1.932779E-16
4439.  1.926190E-16
4440.  1.919492E-16
4441.  1.912685E-16
4442.  1.905772E-16
4443.  1.898754E-16
4444.  1.891631E-16
4445.  1.884405E-16
4446.  1.877078E-16
4447.  1.869648E-16
4448.  1.862122E-16
4449.  1.854495E-16
4450.  1.846773E-16
4451.  1.838954E-16
4452.  1.831042E-16
4453.  1.823037E-16
4454.  1.814941E-16
4455.  1.806754E-16
4456.  1.798480E-16
4457.  1.790117E-16
4458.  1.781669E-16
4459.  1.773136E-16
4460.  1.764522E-16
4461.  1.755825E-16
4462.  1.747047E-16
4463.  1.738194E-16
4464.  1.729261E-16
4465.  1.720255E-16
4466.  1.711175E-16
4467.  1.702020E-16
4468.  1.692796E-16
4469.  1.683503E-16
4470.  1.674143E-16
4471.  1.664715E-16
4472.  1.655224E-16
4473.  1.645670E-16
4474.  1.636055E-16
4475.  1.626380E-16
4476.  1.616646E-16
4477.  1.606855E-16
4478.  1.597011E-16
4479.  1.587113E-16
4480.  1.577164E-16
4481.  1.567164E-16
4482.  1.557116E-16
4483.  1.547021E-16
4484.  1.536881E-16
4485.  1.526698E-16
4486.  1.516472E-16
4487.  1.506207E-16
4488.  1.495904E-16
4489.  1.485562E-16
4490.  1.475186E-16
4491.  1.464776E-16
4492.  1.454335E-16
4493.  1.443862E-16
4494.  1.433361E-16
4495.  1.422834E-16
4496.  1.412279E-16
4497.  1.401702E-16
4498.  1.391102E-16
4499.  1.380481E-16
4500.  1.369842E-16
