1.  -1.064374E-22
2.  -1.372400E-22
3.  -7.537823E-23
4.  -9.640378E-23
5.  -2.664691E-23
6.  -5.784370E-24
7.  1.949105E-24
8.  -3.837766E-23
9.  -6.844998E-23
10.  -1.087023E-22
11.  -9.827190E-23
12.  1.590540E-23
13.  -4.733446E-23
14.  -9.853466E-24
15.  -7.190976E-23
16.  -1.075816E-23
17.  -5.094659E-23
18.  -4.109512E-23
19.  -1.250148E-23
20.  -1.697779E-22
21.  7.975166E-24
22.  -5.588406E-23
23.  -1.378545E-23
24.  -3.705349E-23
25.  -9.808970E-23
26.  -1.585904E-22
27.  5.783369E-23
28.  -3.813721E-23
29.  -1.061929E-22
30.  -5.263003E-23
31.  -6.676798E-23
32.  -1.329847E-22
33.  -1.031438E-22
34.  -4.914166E-23
35.  -1.110109E-22
36.  -1.117983E-22
37.  -7.432539E-23
38.  -6.285673E-23
39.  -4.253912E-23
40.  -3.990714E-23
41.  -7.575390E-23
42.  7.145438E-23
43.  -8.012063E-23
44.  -3.620784E-23
45.  -7.997697E-23
46.  -8.512975E-23
47.  -1.065984E-22
48.  -1.959577E-22
49.  -8.131661E-23
50.  -1.202198E-22
51.  -9.560025E-23
52.  -3.251295E-23
53.  -3.983964E-23
54.  -9.137465E-23
55.  -1.469957E-22
56.  -2.017810E-22
57.  -1.207324E-22
58.  -1.320458E-22
59.  -1.143717E-22
60.  -7.853656E-23
61.  -1.587302E-22
62.  1.001846E-23
63.  -1.819015E-22
64.  -3.194181E-23
65.  -3.756017E-23
66.  -1.285650E-22
67.  -6.601156E-23
68.  -1.284629E-22
69.  -1.272012E-22
70.  -1.177140E-22
71.  1.061293E-23
72.  -6.146496E-23
73.  -1.875946E-22
74.  -5.793254E-23
75.  -3.375167E-23
76.  -1.024149E-22
77.  -1.404494E-22
78.  -8.575154E-23
79.  -2.974148E-23
80.  5.231869E-23
81.  -1.399044E-22
82.  -1.580066E-22
83.  -7.019616E-23
84.  -1.273307E-23
85.  -1.513449E-23
86.  -6.629898E-23
87.  -1.112470E-23
88.  -1.425282E-22
89.  -9.930224E-23
90.  -1.175713E-22
91.  -6.130527E-23
92.  -3.650975E-23
93.  -1.104320E-22
94.  -1.287835E-22
95.  -5.351730E-23
96.  -8.476563E-23
97.  -1.106365E-22
98.  -2.521316E-23
99.  -4.242469E-23
100.  -1.871569E-22
101.  -1.140516E-22
102.  -1.347783E-22
103.  -7.769872E-23
104.  -9.369666E-23
105.  -1.074171E-22
106.  -7.840326E-23
107.  -1.431619E-22
108.  -1.440278E-22
109.  -7.682194E-23
110.  -7.787490E-23
111.  -8.938165E-23
112.  -1.249406E-22
113.  -9.981928E-23
114.  -9.039996E-23
115.  -6.545294E-23
116.  -3.630734E-23
117.  -1.388192E-22
118.  -1.409989E-22
119.  -1.834517E-22
120.  -1.614523E-22
121.  -4.539864E-23
122.  -1.273834E-22
123.  -1.015896E-22
124.  -8.207428E-23
125.  -1.060297E-22
126.  -1.302011E-22
127.  -1.509653E-22
128.  -9.916839E-23
129.  -1.317840E-22
130.  -1.766881E-22
131.  -8.626767E-23
132.  -1.559187E-22
133.  -1.918906E-22
134.  -6.039106E-23
135.  -1.486640E-22
136.  -5.051032E-23
137.  -1.067861E-22
138.  -3.878702E-23
139.  -9.337219E-23
140.  -1.888209E-22
141.  -1.202276E-22
142.  -1.064635E-22
143.  -1.020762E-22
144.  -6.989207E-23
145.  -1.336144E-22
146.  -1.636792E-22
147.  -1.634824E-22
148.  -1.239702E-22
149.  -1.520623E-22
150.  -1.375895E-22
151.  -1.467378E-22
152.  -1.290215E-22
153.  -1.280935E-22
154.  -1.284706E-22
155.  -1.043741E-22
156.  -9.017987E-23
157.  -1.758487E-22
158.  -7.498051E-23
159.  -1.400839E-22
160.  -1.645680E-22
161.  -1.865059E-22
162.  -1.433764E-22
163.  -1.267889E-23
164.  -1.114361E-22
165.  -1.925792E-22
166.  -8.024924E-23
167.  -1.533119E-22
168.  -1.422316E-22
169.  -7.190916E-23
170.  -9.646057E-23
171.  -1.330484E-22
172.  -1.334834E-22
173.  -1.261212E-22
174.  -1.049525E-22
175.  -1.453610E-22
176.  -1.703716E-22
177.  -8.448814E-23
178.  -1.108643E-22
179.  -1.493817E-22
180.  -1.052647E-22
181.  -5.264817E-23
182.  -1.140443E-22
183.  -1.524066E-22
184.  -1.449435E-22
185.  -1.609541E-22
186.  -1.312230E-22
187.  -1.535824E-23
188.  -4.518415E-23
189.  -1.615308E-22
190.  -6.797577E-23
191.  -1.361358E-22
192.  -6.611857E-23
193.  -1.953674E-24
194.  -9.241973E-23
195.  -4.365155E-23
196.  -6.794080E-23
197.  -1.510061E-23
198.  -5.156611E-23
199.  3.167759E-23
200.  5.036922E-23
201.  9.725985E-23
202.  1.611525E-22
203.  2.816143E-22
204.  2.185787E-22
205.  3.852223E-22
206.  5.788274E-22
207.  7.491065E-22
208.  9.645002E-22
209.  1.195238E-21
210.  1.481561E-21
211.  1.801395E-21
212.  2.257034E-21
213.  2.846803E-21
214.  3.521595E-21
215.  4.319227E-21
216.  5.172402E-21
217.  6.289265E-21
218.  7.690998E-21
219.  9.286030E-21
220.  1.136400E-20
221.  1.343640E-20
222.  1.626172E-20
223.  1.958558E-20
224.  2.339564E-20
225.  2.791355E-20
226.  3.336446E-20
227.  3.970760E-20
228.  4.711934E-20
229.  5.590078E-20
230.  6.623102E-20
231.  7.825385E-20
232.  9.225684E-20
233.  1.085933E-19
234.  1.276855E-19
235.  1.497031E-19
236.  1.752499E-19
237.  2.048242E-19
238.  2.390299E-19
239.  2.782738E-19
240.  3.235179E-19
241.  3.755821E-19
242.  4.351388E-19
243.  5.033206E-19
244.  5.812059E-19
245.  6.699661E-19
246.  7.709907E-19
247.  8.858581E-19
248.  1.016119E-18
249.  1.163664E-18
250.  1.330340E-18
251.  1.518544E-18
252.  1.730574E-18
253.  1.968895E-18
254.  2.236738E-18
255.  2.536873E-18
256.  2.872880E-18
257.  3.248184E-18
258.  3.666953E-18
259.  4.133281E-18
260.  4.651812E-18
261.  5.227513E-18
262.  5.865844E-18
263.  6.572125E-18
264.  7.352507E-18
265.  8.213559E-18
266.  9.161920E-18
267.  1.020524E-17
268.  1.135081E-17
269.  1.260715E-17
270.  1.398279E-17
271.  1.548668E-17
272.  1.712850E-17
273.  1.891793E-17
274.  2.086574E-17
275.  2.298280E-17
276.  2.528059E-17
277.  2.777072E-17
278.  3.046552E-17
279.  3.337754E-17
280.  3.651997E-17
281.  3.990626E-17
282.  4.355025E-17
283.  4.746612E-17
284.  5.166805E-17
285.  5.617084E-17
286.  6.098954E-17
287.  6.613922E-17
288.  7.163479E-17
289.  7.749209E-17
290.  8.372606E-17
291.  9.035212E-17
292.  9.738536E-17
293.  1.048411E-16
294.  1.127340E-16
295.  1.210787E-16
296.  1.298894E-16
297.  1.391802E-16
298.  1.489640E-16
299.  1.592536E-16
300.  1.700613E-16
301.  1.813985E-16
302.  1.932758E-16
303.  2.057026E-16
304.  2.186883E-16
305.  2.322406E-16
306.  2.463660E-16
307.  2.610707E-16
308.  2.763590E-16
309.  2.922339E-16
310.  3.086977E-16
311.  3.257510E-16
312.  3.433932E-16
313.  3.616221E-16
314.  3.804344E-16
315.  3.998251E-16
316.  4.197877E-16
317.  4.403142E-16
318.  4.613956E-16
319.  4.830207E-16
320.  5.051774E-16
321.  5.278521E-16
322.  5.510290E-16
323.  5.746921E-16
324.  5.988231E-16
325.  6.234029E-16
326.  6.484109E-16
327.  6.738251E-16
328.  6.996227E-16
329.  7.257794E-16
330.  7.522702E-16
331.  7.790690E-16
332.  8.061486E-16
333.  8.334812E-16
334.  8.610383E-16
335.  8.887903E-16
336.  9.167078E-16
337.  9.447600E-16
338.  9.729162E-16
339.  1.001146E-15
340.  1.029418E-15
341.  1.057701E-15
342.  1.085962E-15
343.  1.114173E-15
344.  1.142300E-15
345.  1.170314E-15
346.  1.198184E-15
347.  1.225881E-15
348.  1.253374E-15
349.  1.280636E-15
350.  1.307639E-15
351.  1.334355E-15
352.  1.360759E-15
353.  1.386825E-15
354.  1.412530E-15
355.  1.437850E-15
356.  1.462765E-15
357.  1.487253E-15
358.  1.511297E-15
359.  1.534877E-15
360.  1.557978E-15
361.  1.580585E-15
362.  1.602685E-15
363.  1.624266E-15
364.  1.645317E-15
365.  1.665830E-15
366.  1.685797E-15
367.  1.705212E-15
368.  1.724071E-15
369.  1.742370E-15
370.  1.760108E-15
371.  1.777285E-15
372.  1.793901E-15
373.  1.809957E-15
374.  1.825457E-15
375.  1.840406E-15
376.  1.854807E-15
377.  1.868668E-15
378.  1.881993E-15
379.  1.894792E-15
380.  1.907070E-15
381.  1.918838E-15
382.  1.930101E-15
383.  1.940872E-15
384.  1.951156E-15
385.  1.960965E-15
386.  1.970305E-15
387.  1.979187E-15
388.  1.987617E-15
389.  1.995605E-15
390.  2.003158E-15
391.  2.010281E-15
392.  2.016982E-15
393.  2.023266E-15
394.  2.029137E-15
395.  2.034600E-15
396.  2.039657E-15
397.  2.044311E-15
398.  2.048563E-15
399.  2.052413E-15
400.  2.055859E-15
401.  2.058900E-15
402.  2.061534E-15
403.  2.063757E-15
404.  2.065565E-15
405.  2.066951E-15
406.  2.067912E-15
407.  2.068438E-15
408.  2.068524E-15
409.  2.068161E-15
410.  2.067342E-15
411.  2.066057E-15
412.  2.064298E-15
413.  2.062057E-15
414.  2.059325E-15
415.  2.056093E-15
416.  2.052353E-15
417.  2.048098E-15
418.  2.043319E-15
419.  2.038013E-15
420.  2.032171E-15
421.  2.025790E-15
422.  2.018866E-15
423.  2.011398E-15
424.  2.003383E-15
425.  1.994823E-15
426.  1.985718E-15
427.  1.976072E-15
428.  1.965889E-15
429.  1.955177E-15
430.  1.943941E-15
431.  1.932194E-15
432.  1.919944E-15
433.  1.907205E-15
434.  1.893990E-15
435.  1.880316E-15
436.  1.866199E-15
437.  1.851658E-15
438.  1.836712E-15
439.  1.821383E-15
440.  1.805692E-15
441.  1.789663E-15
442.  1.773320E-15
443.  1.756687E-15
444.  1.739790E-15
445.  1.722656E-15
446.  1.705311E-15
447.  1.687784E-15
448.  1.670101E-15
449.  1.652291E-15
450.  1.634382E-15
451.  1.616404E-15
452.  1.598383E-15
453.  1.580350E-15
454.  1.562333E-15
455.  1.544362E-15
456.  1.526463E-15
457.  1.508667E-15
458.  1.491002E-15
459.  1.473497E-15
460.  1.456178E-15
461.  1.439077E-15
462.  1.422218E-15
463.  1.405630E-15
464.  1.389342E-15
465.  1.373379E-15
466.  1.357770E-15
467.  1.342539E-15
468.  1.327715E-15
469.  1.313321E-15
470.  1.299383E-15
471.  1.285927E-15
472.  1.272976E-15
473.  1.260552E-15
474.  1.248679E-15
475.  1.237378E-15
476.  1.226669E-15
477.  1.216572E-15
478.  1.207104E-15
479.  1.198284E-15
480.  1.190125E-15
481.  1.182643E-15
482.  1.175849E-15
483.  1.169754E-15
484.  1.164366E-15
485.  1.159694E-15
486.  1.155743E-15
487.  1.152514E-15
488.  1.150010E-15
489.  1.148230E-15
490.  1.147172E-15
491.  1.146830E-15
492.  1.147198E-15
493.  1.148267E-15
494.  1.150028E-15
495.  1.152467E-15
496.  1.155571E-15
497.  1.159325E-15
498.  1.163712E-15
499.  1.168713E-15
500.  1.174310E-15
501.  1.180481E-15
502.  1.187207E-15
503.  1.194465E-15
504.  1.202232E-15
505.  1.210487E-15
506.  1.219206E-15
507.  1.228366E-15
508.  1.237946E-15
509.  1.247923E-15
510.  1.258276E-15
511.  1.268984E-15
512.  1.280026E-15
513.  1.291384E-15
514.  1.303040E-15
515.  1.314977E-15
516.  1.327178E-15
517.  1.339631E-15
518.  1.352321E-15
519.  1.365237E-15
520.  1.378369E-15
521.  1.391706E-15
522.  1.405242E-15
523.  1.418969E-15
524.  1.432881E-15
525.  1.446974E-15
526.  1.461242E-15
527.  1.475683E-15
528.  1.490293E-15
529.  1.505069E-15
530.  1.520008E-15
531.  1.535107E-15
532.  1.550363E-15
533.  1.565773E-15
534.  1.581330E-15
535.  1.597029E-15
536.  1.612863E-15
537.  1.628824E-15
538.  1.644902E-15
539.  1.661085E-15
540.  1.677358E-15
541.  1.693708E-15
542.  1.710114E-15
543.  1.726557E-15
544.  1.743013E-15
545.  1.759458E-15
546.  1.775864E-15
547.  1.792200E-15
548.  1.808433E-15
549.  1.824529E-15
550.  1.840450E-15
551.  1.856156E-15
552.  1.871607E-15
553.  1.886757E-15
554.  1.901564E-15
555.  1.915980E-15
556.  1.929958E-15
557.  1.943450E-15
558.  1.956407E-15
559.  1.968780E-15
560.  1.980520E-15
561.  1.991580E-15
562.  2.001912E-15
563.  2.011468E-15
564.  2.020204E-15
565.  2.028079E-15
566.  2.035049E-15
567.  2.041077E-15
568.  2.046126E-15
569.  2.050165E-15
570.  2.053163E-15
571.  2.055093E-15
572.  2.055935E-15
573.  2.055668E-15
574.  2.054278E-15
575.  2.051754E-15
576.  2.048089E-15
577.  2.043280E-15
578.  2.037329E-15
579.  2.030242E-15
580.  2.022026E-15
581.  2.012697E-15
582.  2.002271E-15
583.  1.990768E-15
584.  1.978213E-15
585.  1.964633E-15
586.  1.950058E-15
587.  1.934521E-15
588.  1.918059E-15
589.  1.900708E-15
590.  1.882510E-15
591.  1.863506E-15
592.  1.843739E-15
593.  1.823254E-15
594.  1.802096E-15
595.  1.780313E-15
596.  1.757951E-15
597.  1.735059E-15
598.  1.711683E-15
599.  1.687872E-15
600.  1.663673E-15
601.  1.639133E-15
602.  1.614300E-15
603.  1.589220E-15
604.  1.563939E-15
605.  1.538500E-15
606.  1.512950E-15
607.  1.487332E-15
608.  1.461686E-15
609.  1.436055E-15
610.  1.410480E-15
611.  1.384999E-15
612.  1.359651E-15
613.  1.334473E-15
614.  1.309502E-15
615.  1.284771E-15
616.  1.260315E-15
617.  1.236166E-15
618.  1.212356E-15
619.  1.188914E-15
620.  1.165870E-15
621.  1.143251E-15
622.  1.121083E-15
623.  1.099392E-15
624.  1.078200E-15
625.  1.057530E-15
626.  1.037403E-15
627.  1.017837E-15
628.  9.988508E-16
629.  9.804603E-16
630.  9.626800E-16
631.  9.455234E-16
632.  9.290021E-16
633.  9.131266E-16
634.  8.979052E-16
635.  8.833455E-16
636.  8.694531E-16
637.  8.562327E-16
638.  8.436872E-16
639.  8.318183E-16
640.  8.206269E-16
641.  8.101121E-16
642.  8.002721E-16
643.  7.911043E-16
644.  7.826044E-16
645.  7.747681E-16
646.  7.675898E-16
647.  7.610630E-16
648.  7.551803E-16
649.  7.499341E-16
650.  7.453159E-16
651.  7.413165E-16
652.  7.379263E-16
653.  7.351350E-16
654.  7.329320E-16
655.  7.313059E-16
656.  7.302451E-16
657.  7.297370E-16
658.  7.297689E-16
659.  7.303276E-16
660.  7.313988E-16
661.  7.329683E-16
662.  7.350206E-16
663.  7.375401E-16
664.  7.405102E-16
665.  7.439138E-16
666.  7.477328E-16
667.  7.519489E-16
668.  7.565426E-16
669.  7.614938E-16
670.  7.667822E-16
671.  7.723857E-16
672.  7.782826E-16
673.  7.844502E-16
674.  7.908653E-16
675.  7.975043E-16
676.  8.043428E-16
677.  8.113570E-16
678.  8.185219E-16
679.  8.258130E-16
680.  8.332058E-16
681.  8.406759E-16
682.  8.481987E-16
683.  8.557509E-16
684.  8.633088E-16
685.  8.708500E-16
686.  8.783525E-16
687.  8.857952E-16
688.  8.931579E-16
689.  9.004214E-16
690.  9.075680E-16
691.  9.145799E-16
692.  9.214423E-16
693.  9.281402E-16
694.  9.346602E-16
695.  9.409902E-16
696.  9.471190E-16
697.  9.530367E-16
698.  9.587344E-16
699.  9.642040E-16
700.  9.694379E-16
701.  9.744302E-16
702.  9.791747E-16
703.  9.836659E-16
704.  9.878990E-16
705.  9.918686E-16
706.  9.955696E-16
707.  9.989976E-16
708.  1.002147E-15
709.  1.005012E-15
710.  1.007587E-15
711.  1.009864E-15
712.  1.011838E-15
713.  1.013498E-15
714.  1.014838E-15
715.  1.015846E-15
716.  1.016513E-15
717.  1.016828E-15
718.  1.016778E-15
719.  1.016350E-15
720.  1.015532E-15
721.  1.014310E-15
722.  1.012670E-15
723.  1.010598E-15
724.  1.008079E-15
725.  1.005101E-15
726.  1.001650E-15
727.  9.977121E-16
728.  9.932763E-16
729.  9.883316E-16
730.  9.828687E-16
731.  9.768792E-16
732.  9.703570E-16
733.  9.632980E-16
734.  9.556999E-16
735.  9.475628E-16
736.  9.388893E-16
737.  9.296847E-16
738.  9.199570E-16
739.  9.097167E-16
740.  8.989775E-16
741.  8.877556E-16
742.  8.760707E-16
743.  8.639445E-16
744.  8.514023E-16
745.  8.384712E-16
746.  8.251817E-16
747.  8.115662E-16
748.  7.976594E-16
749.  7.834981E-16
750.  7.691210E-16
751.  7.545680E-16
752.  7.398808E-16
753.  7.251020E-16
754.  7.102747E-16
755.  6.954426E-16
756.  6.806501E-16
757.  6.659408E-16
758.  6.513581E-16
759.  6.369452E-16
760.  6.227437E-16
761.  6.087944E-16
762.  5.951365E-16
763.  5.818077E-16
764.  5.688435E-16
765.  5.562774E-16
766.  5.441408E-16
767.  5.324624E-16
768.  5.212686E-16
769.  5.105828E-16
770.  5.004258E-16
771.  4.908156E-16
772.  4.817671E-16
773.  4.732928E-16
774.  4.654018E-16
775.  4.581003E-16
776.  4.513921E-16
777.  4.452781E-16
778.  4.397564E-16
779.  4.348224E-16
780.  4.304694E-16
781.  4.266882E-16
782.  4.234671E-16
783.  4.207927E-16
784.  4.186496E-16
785.  4.170205E-16
786.  4.158863E-16
787.  4.152271E-16
788.  4.150212E-16
789.  4.152459E-16
790.  4.158773E-16
791.  4.168911E-16
792.  4.182623E-16
793.  4.199652E-16
794.  4.219738E-16
795.  4.242621E-16
796.  4.268039E-16
797.  4.295729E-16
798.  4.325434E-16
799.  4.356897E-16
800.  4.389867E-16
801.  4.424101E-16
802.  4.459354E-16
803.  4.495401E-16
804.  4.532014E-16
805.  4.568983E-16
806.  4.606101E-16
807.  4.643178E-16
808.  4.680034E-16
809.  4.716500E-16
810.  4.752418E-16
811.  4.787650E-16
812.  4.822066E-16
813.  4.855556E-16
814.  4.888017E-16
815.  4.919369E-16
816.  4.949545E-16
817.  4.978492E-16
818.  5.006175E-16
819.  5.032574E-16
820.  5.057689E-16
821.  5.081527E-16
822.  5.104118E-16
823.  5.125508E-16
824.  5.145753E-16
825.  5.164932E-16
826.  5.183130E-16
827.  5.200451E-16
828.  5.217012E-16
829.  5.232940E-16
830.  5.248378E-16
831.  5.263473E-16
832.  5.278391E-16
833.  5.293297E-16
834.  5.308370E-16
835.  5.323794E-16
836.  5.339755E-16
837.  5.356448E-16
838.  5.374065E-16
839.  5.392801E-16
840.  5.412852E-16
841.  5.434406E-16
842.  5.457656E-16
843.  5.482780E-16
844.  5.509958E-16
845.  5.539357E-16
846.  5.571135E-16
847.  5.605441E-16
848.  5.642410E-16
849.  5.682164E-16
850.  5.724812E-16
851.  5.770449E-16
852.  5.819148E-16
853.  5.870975E-16
854.  5.925966E-16
855.  5.984151E-16
856.  6.045535E-16
857.  6.110107E-16
858.  6.177839E-16
859.  6.248684E-16
860.  6.322578E-16
861.  6.399439E-16
862.  6.479172E-16
863.  6.561662E-16
864.  6.646783E-16
865.  6.734399E-16
866.  6.824354E-16
867.  6.916490E-16
868.  7.010634E-16
869.  7.106611E-16
870.  7.204235E-16
871.  7.303319E-16
872.  7.403675E-16
873.  7.505112E-16
874.  7.607440E-16
875.  7.710475E-16
876.  7.814031E-16
877.  7.917936E-16
878.  8.022018E-16
879.  8.126115E-16
880.  8.230079E-16
881.  8.333769E-16
882.  8.437052E-16
883.  8.539814E-16
884.  8.641948E-16
885.  8.743359E-16
886.  8.843968E-16
887.  8.943707E-16
888.  9.042517E-16
889.  9.140354E-16
890.  9.237180E-16
891.  9.332972E-16
892.  9.427711E-16
893.  9.521385E-16
894.  9.613989E-16
895.  9.705524E-16
896.  9.795987E-16
897.  9.885383E-16
898.  9.973711E-16
899.  1.006097E-15
900.  1.014716E-15
901.  1.023226E-15
902.  1.031627E-15
903.  1.039914E-15
904.  1.048085E-15
905.  1.056135E-15
906.  1.064058E-15
907.  1.071848E-15
908.  1.079497E-15
909.  1.086994E-15
910.  1.094330E-15
911.  1.101492E-15
912.  1.108468E-15
913.  1.115244E-15
914.  1.121804E-15
915.  1.128133E-15
916.  1.134214E-15
917.  1.140030E-15
918.  1.145562E-15
919.  1.150794E-15
920.  1.155707E-15
921.  1.160282E-15
922.  1.164504E-15
923.  1.168353E-15
924.  1.171814E-15
925.  1.174872E-15
926.  1.177510E-15
927.  1.179717E-15
928.  1.181480E-15
929.  1.182788E-15
930.  1.183631E-15
931.  1.184004E-15
932.  1.183898E-15
933.  1.183311E-15
934.  1.182240E-15
935.  1.180684E-15
936.  1.178645E-15
937.  1.176125E-15
938.  1.173128E-15
939.  1.169662E-15
940.  1.165732E-15
941.  1.161348E-15
942.  1.156520E-15
943.  1.151259E-15
944.  1.145576E-15
945.  1.139486E-15
946.  1.133001E-15
947.  1.126135E-15
948.  1.118904E-15
949.  1.111321E-15
950.  1.103401E-15
951.  1.095160E-15
952.  1.086611E-15
953.  1.077772E-15
954.  1.068655E-15
955.  1.059275E-15
956.  1.049647E-15
957.  1.039784E-15
958.  1.029701E-15
959.  1.019409E-15
960.  1.008923E-15
961.  9.982569E-16
962.  9.874223E-16
963.  9.764329E-16
964.  9.653020E-16
965.  9.540433E-16
966.  9.426705E-16
967.  9.311977E-16
968.  9.196402E-16
969.  9.080134E-16
970.  8.963335E-16
971.  8.846181E-16
972.  8.728849E-16
973.  8.611537E-16
974.  8.494443E-16
975.  8.377786E-16
976.  8.261794E-16
977.  8.146704E-16
978.  8.032769E-16
979.  7.920256E-16
980.  7.809439E-16
981.  7.700606E-16
982.  7.594055E-16
983.  7.490093E-16
984.  7.389036E-16
985.  7.291207E-16
986.  7.196932E-16
987.  7.106544E-16
988.  7.020375E-16
989.  6.938757E-16
990.  6.862024E-16
991.  6.790498E-16
992.  6.724493E-16
993.  6.664323E-16
994.  6.610281E-16
995.  6.562647E-16
996.  6.521683E-16
997.  6.487637E-16
998.  6.460724E-16
999.  6.441137E-16
1000.  6.429048E-16
1001.  6.424593E-16
1002.  6.427873E-16
1003.  6.438962E-16
1004.  6.457894E-16
1005.  6.484661E-16
1006.  6.519224E-16
1007.  6.561497E-16
1008.  6.611355E-16
1009.  6.668628E-16
1010.  6.733106E-16
1011.  6.804532E-16
1012.  6.882612E-16
1013.  6.967003E-16
1014.  7.057325E-16
1015.  7.153155E-16
1016.  7.254031E-16
1017.  7.359457E-16
1018.  7.468896E-16
1019.  7.581788E-16
1020.  7.697532E-16
1021.  7.815508E-16
1022.  7.935073E-16
1023.  8.055561E-16
1024.  8.176294E-16
1025.  8.296581E-16
1026.  8.415725E-16
1027.  8.533026E-16
1028.  8.647787E-16
1029.  8.759320E-16
1030.  8.866944E-16
1031.  8.969996E-16
1032.  9.067840E-16
1033.  9.159859E-16
1034.  9.245468E-16
1035.  9.324118E-16
1036.  9.395298E-16
1037.  9.458537E-16
1038.  9.513412E-16
1039.  9.559550E-16
1040.  9.596630E-16
1041.  9.624378E-16
1042.  9.642585E-16
1043.  9.651097E-16
1044.  9.649815E-16
1045.  9.638706E-16
1046.  9.617790E-16
1047.  9.587149E-16
1048.  9.546925E-16
1049.  9.497318E-16
1050.  9.438579E-16
1051.  9.371020E-16
1052.  9.294999E-16
1053.  9.210924E-16
1054.  9.119254E-16
1055.  9.020488E-16
1056.  8.915157E-16
1057.  8.803843E-16
1058.  8.687146E-16
1059.  8.565703E-16
1060.  8.440169E-16
1061.  8.311224E-16
1062.  8.179559E-16
1063.  8.045879E-16
1064.  7.910898E-16
1065.  7.775333E-16
1066.  7.639898E-16
1067.  7.505308E-16
1068.  7.372267E-16
1069.  7.241469E-16
1070.  7.113596E-16
1071.  6.989309E-16
1072.  6.869254E-16
1073.  6.754053E-16
1074.  6.644299E-16
1075.  6.540563E-16
1076.  6.443384E-16
1077.  6.353270E-16
1078.  6.270696E-16
1079.  6.196103E-16
1080.  6.129896E-16
1081.  6.072443E-16
1082.  6.024071E-16
1083.  5.985068E-16
1084.  5.955689E-16
1085.  5.936134E-16
1086.  5.926574E-16
1087.  5.927130E-16
1088.  5.937883E-16
1089.  5.958869E-16
1090.  5.990085E-16
1091.  6.031477E-16
1092.  6.082954E-16
1093.  6.144380E-16
1094.  6.215574E-16
1095.  6.296314E-16
1096.  6.386333E-16
1097.  6.485330E-16
1098.  6.592958E-16
1099.  6.708832E-16
1100.  6.832530E-16
1101.  6.963594E-16
1102.  7.101535E-16
1103.  7.245827E-16
1104.  7.395921E-16
1105.  7.551233E-16
1106.  7.711162E-16
1107.  7.875082E-16
1108.  8.042352E-16
1109.  8.212316E-16
1110.  8.384303E-16
1111.  8.557638E-16
1112.  8.731648E-16
1113.  8.905649E-16
1114.  9.078976E-16
1115.  9.250964E-16
1116.  9.420957E-16
1117.  9.588328E-16
1118.  9.752466E-16
1119.  9.912784E-16
1120.  1.006872E-15
1121.  1.021976E-15
1122.  1.036541E-15
1123.  1.050522E-15
1124.  1.063879E-15
1125.  1.076576E-15
1126.  1.088581E-15
1127.  1.099868E-15
1128.  1.110416E-15
1129.  1.120210E-15
1130.  1.129237E-15
1131.  1.137494E-15
1132.  1.144980E-15
1133.  1.151701E-15
1134.  1.157668E-15
1135.  1.162896E-15
1136.  1.167406E-15
1137.  1.171224E-15
1138.  1.174380E-15
1139.  1.176908E-15
1140.  1.178847E-15
1141.  1.180239E-15
1142.  1.181129E-15
1143.  1.181565E-15
1144.  1.181598E-15
1145.  1.181280E-15
1146.  1.180667E-15
1147.  1.179813E-15
1148.  1.178775E-15
1149.  1.177610E-15
1150.  1.176376E-15
1151.  1.175128E-15
1152.  1.173922E-15
1153.  1.172812E-15
1154.  1.171852E-15
1155.  1.171091E-15
1156.  1.170578E-15
1157.  1.170360E-15
1158.  1.170478E-15
1159.  1.170974E-15
1160.  1.171883E-15
1161.  1.173239E-15
1162.  1.175070E-15
1163.  1.177403E-15
1164.  1.180260E-15
1165.  1.183657E-15
1166.  1.187608E-15
1167.  1.192124E-15
1168.  1.197210E-15
1169.  1.202868E-15
1170.  1.209096E-15
1171.  1.215889E-15
1172.  1.223237E-15
1173.  1.231128E-15
1174.  1.239546E-15
1175.  1.248472E-15
1176.  1.257884E-15
1177.  1.267758E-15
1178.  1.278067E-15
1179.  1.288781E-15
1180.  1.299868E-15
1181.  1.311297E-15
1182.  1.323033E-15
1183.  1.335039E-15
1184.  1.347278E-15
1185.  1.359713E-15
1186.  1.372305E-15
1187.  1.385014E-15
1188.  1.397803E-15
1189.  1.410630E-15
1190.  1.423458E-15
1191.  1.436247E-15
1192.  1.448960E-15
1193.  1.461557E-15
1194.  1.474003E-15
1195.  1.486262E-15
1196.  1.498299E-15
1197.  1.510079E-15
1198.  1.521572E-15
1199.  1.532745E-15
1200.  1.543570E-15
1201.  1.554017E-15
1202.  1.564062E-15
1203.  1.573679E-15
1204.  1.582845E-15
1205.  1.591538E-15
1206.  1.599740E-15
1207.  1.607431E-15
1208.  1.614596E-15
1209.  1.621219E-15
1210.  1.627290E-15
1211.  1.632796E-15
1212.  1.637727E-15
1213.  1.642077E-15
1214.  1.645838E-15
1215.  1.649006E-15
1216.  1.651578E-15
1217.  1.653552E-15
1218.  1.654927E-15
1219.  1.655705E-15
1220.  1.655888E-15
1221.  1.655478E-15
1222.  1.654480E-15
1223.  1.652900E-15
1224.  1.650744E-15
1225.  1.648020E-15
1226.  1.644735E-15
1227.  1.640900E-15
1228.  1.636523E-15
1229.  1.631616E-15
1230.  1.626190E-15
1231.  1.620256E-15
1232.  1.613828E-15
1233.  1.606917E-15
1234.  1.599538E-15
1235.  1.591705E-15
1236.  1.583432E-15
1237.  1.574735E-15
1238.  1.565628E-15
1239.  1.556129E-15
1240.  1.546252E-15
1241.  1.536017E-15
1242.  1.525438E-15
1243.  1.514536E-15
1244.  1.503327E-15
1245.  1.491831E-15
1246.  1.480067E-15
1247.  1.468055E-15
1248.  1.455815E-15
1249.  1.443369E-15
1250.  1.430737E-15
1251.  1.417942E-15
1252.  1.405007E-15
1253.  1.391954E-15
1254.  1.378807E-15
1255.  1.365590E-15
1256.  1.352329E-15
1257.  1.339046E-15
1258.  1.325770E-15
1259.  1.312525E-15
1260.  1.299338E-15
1261.  1.286235E-15
1262.  1.273243E-15
1263.  1.260389E-15
1264.  1.247701E-15
1265.  1.235205E-15
1266.  1.222929E-15
1267.  1.210899E-15
1268.  1.199143E-15
1269.  1.187688E-15
1270.  1.176558E-15
1271.  1.165780E-15
1272.  1.155379E-15
1273.  1.145380E-15
1274.  1.135804E-15
1275.  1.126676E-15
1276.  1.118017E-15
1277.  1.109847E-15
1278.  1.102186E-15
1279.  1.095051E-15
1280.  1.088459E-15
1281.  1.082424E-15
1282.  1.076961E-15
1283.  1.072080E-15
1284.  1.067792E-15
1285.  1.064106E-15
1286.  1.061026E-15
1287.  1.058558E-15
1288.  1.056703E-15
1289.  1.055463E-15
1290.  1.054836E-15
1291.  1.054816E-15
1292.  1.055400E-15
1293.  1.056579E-15
1294.  1.058343E-15
1295.  1.060681E-15
1296.  1.063578E-15
1297.  1.067019E-15
1298.  1.070987E-15
1299.  1.075461E-15
1300.  1.080422E-15
1301.  1.085847E-15
1302.  1.091711E-15
1303.  1.097989E-15
1304.  1.104655E-15
1305.  1.111681E-15
1306.  1.119038E-15
1307.  1.126697E-15
1308.  1.134627E-15
1309.  1.142799E-15
1310.  1.151182E-15
1311.  1.159743E-15
1312.  1.168453E-15
1313.  1.177281E-15
1314.  1.186195E-15
1315.  1.195167E-15
1316.  1.204166E-15
1317.  1.213166E-15
1318.  1.222137E-15
1319.  1.231054E-15
1320.  1.239891E-15
1321.  1.248625E-15
1322.  1.257233E-15
1323.  1.265696E-15
1324.  1.273992E-15
1325.  1.282105E-15
1326.  1.290019E-15
1327.  1.297719E-15
1328.  1.305192E-15
1329.  1.312429E-15
1330.  1.319417E-15
1331.  1.326151E-15
1332.  1.332623E-15
1333.  1.338828E-15
1334.  1.344761E-15
1335.  1.350420E-15
1336.  1.355803E-15
1337.  1.360907E-15
1338.  1.365732E-15
1339.  1.370279E-15
1340.  1.374546E-15
1341.  1.378534E-15
1342.  1.382244E-15
1343.  1.385676E-15
1344.  1.388829E-15
1345.  1.391703E-15
1346.  1.394297E-15
1347.  1.396609E-15
1348.  1.398638E-15
1349.  1.400381E-15
1350.  1.401834E-15
1351.  1.402994E-15
1352.  1.403857E-15
1353.  1.404416E-15
1354.  1.404667E-15
1355.  1.404604E-15
1356.  1.404220E-15
1357.  1.403511E-15
1358.  1.402469E-15
1359.  1.401089E-15
1360.  1.399367E-15
1361.  1.397297E-15
1362.  1.394876E-15
1363.  1.392103E-15
1364.  1.388975E-15
1365.  1.385494E-15
1366.  1.381661E-15
1367.  1.377482E-15
1368.  1.372961E-15
1369.  1.368109E-15
1370.  1.362936E-15
1371.  1.357455E-15
1372.  1.351681E-15
1373.  1.345634E-15
1374.  1.339335E-15
1375.  1.332805E-15
1376.  1.326072E-15
1377.  1.319163E-15
1378.  1.312108E-15
1379.  1.304940E-15
1380.  1.297692E-15
1381.  1.290400E-15
1382.  1.283100E-15
1383.  1.275830E-15
1384.  1.268628E-15
1385.  1.261533E-15
1386.  1.254584E-15
1387.  1.247818E-15
1388.  1.241275E-15
1389.  1.234990E-15
1390.  1.228999E-15
1391.  1.223336E-15
1392.  1.218033E-15
1393.  1.213120E-15
1394.  1.208624E-15
1395.  1.204571E-15
1396.  1.200982E-15
1397.  1.197877E-15
1398.  1.195271E-15
1399.  1.193178E-15
1400.  1.191606E-15
1401.  1.190562E-15
1402.  1.190049E-15
1403.  1.190066E-15
1404.  1.190610E-15
1405.  1.191675E-15
1406.  1.193252E-15
1407.  1.195327E-15
1408.  1.197887E-15
1409.  1.200915E-15
1410.  1.204392E-15
1411.  1.208297E-15
1412.  1.212608E-15
1413.  1.217302E-15
1414.  1.222354E-15
1415.  1.227738E-15
1416.  1.233430E-15
1417.  1.239403E-15
1418.  1.245633E-15
1419.  1.252093E-15
1420.  1.258759E-15
1421.  1.265609E-15
1422.  1.272618E-15
1423.  1.279766E-15
1424.  1.287032E-15
1425.  1.294398E-15
1426.  1.301848E-15
1427.  1.309366E-15
1428.  1.316940E-15
1429.  1.324558E-15
1430.  1.332212E-15
1431.  1.339893E-15
1432.  1.347597E-15
1433.  1.355322E-15
1434.  1.363064E-15
1435.  1.370825E-15
1436.  1.378607E-15
1437.  1.386414E-15
1438.  1.394251E-15
1439.  1.402125E-15
1440.  1.410044E-15
1441.  1.418017E-15
1442.  1.426054E-15
1443.  1.434167E-15
1444.  1.442368E-15
1445.  1.450669E-15
1446.  1.459082E-15
1447.  1.467621E-15
1448.  1.476298E-15
1449.  1.485128E-15
1450.  1.494123E-15
1451.  1.503296E-15
1452.  1.512658E-15
1453.  1.522222E-15
1454.  1.531999E-15
1455.  1.541999E-15
1456.  1.552231E-15
1457.  1.562703E-15
1458.  1.573423E-15
1459.  1.584396E-15
1460.  1.595628E-15
1461.  1.607122E-15
1462.  1.618879E-15
1463.  1.630900E-15
1464.  1.643183E-15
1465.  1.655727E-15
1466.  1.668527E-15
1467.  1.681576E-15
1468.  1.694867E-15
1469.  1.708390E-15
1470.  1.722134E-15
1471.  1.736086E-15
1472.  1.750230E-15
1473.  1.764550E-15
1474.  1.779026E-15
1475.  1.793640E-15
1476.  1.808369E-15
1477.  1.823188E-15
1478.  1.838074E-15
1479.  1.852999E-15
1480.  1.867935E-15
1481.  1.882853E-15
1482.  1.897721E-15
1483.  1.912510E-15
1484.  1.927186E-15
1485.  1.941716E-15
1486.  1.956068E-15
1487.  1.970207E-15
1488.  1.984100E-15
1489.  1.997714E-15
1490.  2.011016E-15
1491.  2.023974E-15
1492.  2.036557E-15
1493.  2.048736E-15
1494.  2.060482E-15
1495.  2.071768E-15
1496.  2.082572E-15
1497.  2.092870E-15
1498.  2.102644E-15
1499.  2.111876E-15
1500.  2.120553E-15
1501.  2.128664E-15
1502.  2.136202E-15
1503.  2.143162E-15
1504.  2.149543E-15
1505.  2.155349E-15
1506.  2.160585E-15
1507.  2.165259E-15
1508.  2.169385E-15
1509.  2.172980E-15
1510.  2.176060E-15
1511.  2.178648E-15
1512.  2.180769E-15
1513.  2.182449E-15
1514.  2.183715E-15
1515.  2.184601E-15
1516.  2.185137E-15
1517.  2.185357E-15
1518.  2.185294E-15
1519.  2.184984E-15
1520.  2.184461E-15
1521.  2.183760E-15
1522.  2.182914E-15
1523.  2.181956E-15
1524.  2.180920E-15
1525.  2.179834E-15
1526.  2.178728E-15
1527.  2.177628E-15
1528.  2.176559E-15
1529.  2.175542E-15
1530.  2.174598E-15
1531.  2.173743E-15
1532.  2.172992E-15
1533.  2.172357E-15
1534.  2.171845E-15
1535.  2.171465E-15
1536.  2.171220E-15
1537.  2.171110E-15
1538.  2.171135E-15
1539.  2.171292E-15
1540.  2.171576E-15
1541.  2.171981E-15
1542.  2.172497E-15
1543.  2.173114E-15
1544.  2.173822E-15
1545.  2.174610E-15
1546.  2.175464E-15
1547.  2.176371E-15
1548.  2.177317E-15
1549.  2.178290E-15
1550.  2.179274E-15
1551.  2.180256E-15
1552.  2.181225E-15
1553.  2.182164E-15
1554.  2.183062E-15
1555.  2.183905E-15
1556.  2.184683E-15
1557.  2.185382E-15
1558.  2.185992E-15
1559.  2.186499E-15
1560.  2.186895E-15
1561.  2.187166E-15
1562.  2.187302E-15
1563.  2.187292E-15
1564.  2.187124E-15
1565.  2.186786E-15
1566.  2.186266E-15
1567.  2.185553E-15
1568.  2.184631E-15
1569.  2.183489E-15
1570.  2.182111E-15
1571.  2.180484E-15
1572.  2.178592E-15
1573.  2.176420E-15
1574.  2.173951E-15
1575.  2.171170E-15
1576.  2.168060E-15
1577.  2.164606E-15
1578.  2.160792E-15
1579.  2.156603E-15
1580.  2.152023E-15
1581.  2.147040E-15
1582.  2.141643E-15
1583.  2.135819E-15
1584.  2.129561E-15
1585.  2.122863E-15
1586.  2.115720E-15
1587.  2.108130E-15
1588.  2.100096E-15
1589.  2.091623E-15
1590.  2.082717E-15
1591.  2.073390E-15
1592.  2.063658E-15
1593.  2.053539E-15
1594.  2.043055E-15
1595.  2.032232E-15
1596.  2.021101E-15
1597.  2.009693E-15
1598.  1.998047E-15
1599.  1.986200E-15
1600.  1.974197E-15
1601.  1.962081E-15
1602.  1.949900E-15
1603.  1.937704E-15
1604.  1.925543E-15
1605.  1.913469E-15
1606.  1.901534E-15
1607.  1.889790E-15
1608.  1.878288E-15
1609.  1.867080E-15
1610.  1.856215E-15
1611.  1.845739E-15
1612.  1.835698E-15
1613.  1.826131E-15
1614.  1.817079E-15
1615.  1.808574E-15
1616.  1.800646E-15
1617.  1.793320E-15
1618.  1.786616E-15
1619.  1.780549E-15
1620.  1.775127E-15
1621.  1.770356E-15
1622.  1.766231E-15
1623.  1.762746E-15
1624.  1.759886E-15
1625.  1.757634E-15
1626.  1.755964E-15
1627.  1.754846E-15
1628.  1.754245E-15
1629.  1.754123E-15
1630.  1.754436E-15
1631.  1.755136E-15
1632.  1.756172E-15
1633.  1.757492E-15
1634.  1.759038E-15
1635.  1.760754E-15
1636.  1.762580E-15
1637.  1.764458E-15
1638.  1.766326E-15
1639.  1.768127E-15
1640.  1.769802E-15
1641.  1.771295E-15
1642.  1.772551E-15
1643.  1.773519E-15
1644.  1.774149E-15
1645.  1.774397E-15
1646.  1.774221E-15
1647.  1.773583E-15
1648.  1.772449E-15
1649.  1.770792E-15
1650.  1.768588E-15
1651.  1.765815E-15
1652.  1.762461E-15
1653.  1.758514E-15
1654.  1.753969E-15
1655.  1.748825E-15
1656.  1.743085E-15
1657.  1.736756E-15
1658.  1.729848E-15
1659.  1.722375E-15
1660.  1.714355E-15
1661.  1.705805E-15
1662.  1.696748E-15
1663.  1.687207E-15
1664.  1.677206E-15
1665.  1.666771E-15
1666.  1.655928E-15
1667.  1.644702E-15
1668.  1.633118E-15
1669.  1.621202E-15
1670.  1.608977E-15
1671.  1.596466E-15
1672.  1.583688E-15
1673.  1.570664E-15
1674.  1.557409E-15
1675.  1.543938E-15
1676.  1.530264E-15
1677.  1.516397E-15
1678.  1.502344E-15
1679.  1.488111E-15
1680.  1.473702E-15
1681.  1.459117E-15
1682.  1.444356E-15
1683.  1.429418E-15
1684.  1.414297E-15
1685.  1.398991E-15
1686.  1.383492E-15
1687.  1.367794E-15
1688.  1.351892E-15
1689.  1.335779E-15
1690.  1.319448E-15
1691.  1.302894E-15
1692.  1.286113E-15
1693.  1.269101E-15
1694.  1.251856E-15
1695.  1.234378E-15
1696.  1.216668E-15
1697.  1.198732E-15
1698.  1.180574E-15
1699.  1.162203E-15
1700.  1.143630E-15
1701.  1.124868E-15
1702.  1.105934E-15
1703.  1.086845E-15
1704.  1.067622E-15
1705.  1.048289E-15
1706.  1.028870E-15
1707.  1.009393E-15
1708.  9.898862E-16
1709.  9.703811E-16
1710.  9.509095E-16
1711.  9.315046E-16
1712.  9.122003E-16
1713.  8.930319E-16
1714.  8.740342E-16
1715.  8.552425E-16
1716.  8.366918E-16
1717.  8.184168E-16
1718.  8.004514E-16
1719.  7.828286E-16
1720.  7.655800E-16
1721.  7.487362E-16
1722.  7.323256E-16
1723.  7.163754E-16
1724.  7.009104E-16
1725.  6.859536E-16
1726.  6.715254E-16
1727.  6.576442E-16
1728.  6.443257E-16
1729.  6.315834E-16
1730.  6.194279E-16
1731.  6.078677E-16
1732.  5.969082E-16
1733.  5.865528E-16
1734.  5.768021E-16
1735.  5.676543E-16
1736.  5.591051E-16
1737.  5.511478E-16
1738.  5.437738E-16
1739.  5.369718E-16
1740.  5.307289E-16
1741.  5.250299E-16
1742.  5.198576E-16
1743.  5.151933E-16
1744.  5.110164E-16
1745.  5.073049E-16
1746.  5.040353E-16
1747.  5.011827E-16
1748.  4.987209E-16
1749.  4.966228E-16
1750.  4.948604E-16
1751.  4.934041E-16
1752.  4.922249E-16
1753.  4.912919E-16
1754.  4.905744E-16
1755.  4.900414E-16
1756.  4.896615E-16
1757.  4.894031E-16
1758.  4.892352E-16
1759.  4.891263E-16
1760.  4.890461E-16
1761.  4.889643E-16
1762.  4.888514E-16
1763.  4.886788E-16
1764.  4.884189E-16
1765.  4.880455E-16
1766.  4.875332E-16
1767.  4.868585E-16
1768.  4.859994E-16
1769.  4.849356E-16
1770.  4.836486E-16
1771.  4.821223E-16
1772.  4.803424E-16
1773.  4.782967E-16
1774.  4.759758E-16
1775.  4.733722E-16
1776.  4.704810E-16
1777.  4.672998E-16
1778.  4.638286E-16
1779.  4.600698E-16
1780.  4.560284E-16
1781.  4.517119E-16
1782.  4.471296E-16
1783.  4.422938E-16
1784.  4.372180E-16
1785.  4.319186E-16
1786.  4.264129E-16
1787.  4.207208E-16
1788.  4.148632E-16
1789.  4.088625E-16
1790.  4.027419E-16
1791.  3.965258E-16
1792.  3.902392E-16
1793.  3.839075E-16
1794.  3.775566E-16
1795.  3.712120E-16
1796.  3.648993E-16
1797.  3.586435E-16
1798.  3.524694E-16
1799.  3.464003E-16
1800.  3.404594E-16
1801.  3.346682E-16
1802.  3.290468E-16
1803.  3.236144E-16
1804.  3.183886E-16
1805.  3.133847E-16
1806.  3.086174E-16
1807.  3.040987E-16
1808.  2.998396E-16
1809.  2.958489E-16
1810.  2.921336E-16
1811.  2.886994E-16
1812.  2.855497E-16
1813.  2.826870E-16
1814.  2.801114E-16
1815.  2.778222E-16
1816.  2.758171E-16
1817.  2.740923E-16
1818.  2.726430E-16
1819.  2.714637E-16
1820.  2.705474E-16
1821.  2.698864E-16
1822.  2.694727E-16
1823.  2.692972E-16
1824.  2.693509E-16
1825.  2.696238E-16
1826.  2.701062E-16
1827.  2.707880E-16
1828.  2.716591E-16
1829.  2.727094E-16
1830.  2.739289E-16
1831.  2.753079E-16
1832.  2.768365E-16
1833.  2.785056E-16
1834.  2.803058E-16
1835.  2.822286E-16
1836.  2.842653E-16
1837.  2.864080E-16
1838.  2.886487E-16
1839.  2.909798E-16
1840.  2.933942E-16
1841.  2.958852E-16
1842.  2.984458E-16
1843.  3.010698E-16
1844.  3.037510E-16
1845.  3.064833E-16
1846.  3.092608E-16
1847.  3.120777E-16
1848.  3.149284E-16
1849.  3.178075E-16
1850.  3.207091E-16
1851.  3.236278E-16
1852.  3.265583E-16
1853.  3.294947E-16
1854.  3.324316E-16
1855.  3.353635E-16
1856.  3.382847E-16
1857.  3.411896E-16
1858.  3.440727E-16
1859.  3.469282E-16
1860.  3.497506E-16
1861.  3.525343E-16
1862.  3.552738E-16
1863.  3.579636E-16
1864.  3.605985E-16
1865.  3.631733E-16
1866.  3.656831E-16
1867.  3.681229E-16
1868.  3.704883E-16
1869.  3.727750E-16
1870.  3.749790E-16
1871.  3.770965E-16
1872.  3.791244E-16
1873.  3.810595E-16
1874.  3.828995E-16
1875.  3.846420E-16
1876.  3.862856E-16
1877.  3.878290E-16
1878.  3.892714E-16
1879.  3.906123E-16
1880.  3.918522E-16
1881.  3.929916E-16
1882.  3.940318E-16
1883.  3.949744E-16
1884.  3.958216E-16
1885.  3.965758E-16
1886.  3.972405E-16
1887.  3.978187E-16
1888.  3.983149E-16
1889.  3.987332E-16
1890.  3.990785E-16
1891.  3.993563E-16
1892.  3.995717E-16
1893.  3.997311E-16
1894.  3.998407E-16
1895.  3.999071E-16
1896.  3.999373E-16
1897.  3.999386E-16
1898.  3.999183E-16
1899.  3.998844E-16
1900.  3.998446E-16
1901.  3.998073E-16
1902.  3.997808E-16
1903.  3.997734E-16
1904.  3.997939E-16
1905.  3.998511E-16
1906.  3.999538E-16
1907.  4.001107E-16
1908.  4.003310E-16
1909.  4.006235E-16
1910.  4.009973E-16
1911.  4.014613E-16
1912.  4.020244E-16
1913.  4.026954E-16
1914.  4.034830E-16
1915.  4.043958E-16
1916.  4.054423E-16
1917.  4.066308E-16
1918.  4.079692E-16
1919.  4.094657E-16
1920.  4.111277E-16
1921.  4.129627E-16
1922.  4.149777E-16
1923.  4.171795E-16
1924.  4.195747E-16
1925.  4.221693E-16
1926.  4.249693E-16
1927.  4.279799E-16
1928.  4.312064E-16
1929.  4.346536E-16
1930.  4.383257E-16
1931.  4.422267E-16
1932.  4.463603E-16
1933.  4.507298E-16
1934.  4.553383E-16
1935.  4.601882E-16
1936.  4.652821E-16
1937.  4.706218E-16
1938.  4.762093E-16
1939.  4.820460E-16
1940.  4.881337E-16
1941.  4.944733E-16
1942.  5.010659E-16
1943.  5.079129E-16
1944.  5.150152E-16
1945.  5.223738E-16
1946.  5.299900E-16
1947.  5.378651E-16
1948.  5.460002E-16
1949.  5.543971E-16
1950.  5.630578E-16
1951.  5.719841E-16
1952.  5.811785E-16
1953.  5.906435E-16
1954.  6.003824E-16
1955.  6.103985E-16
1956.  6.206955E-16
1957.  6.312777E-16
1958.  6.421491E-16
1959.  6.533149E-16
1960.  6.647797E-16
1961.  6.765489E-16
1962.  6.886281E-16
1963.  7.010223E-16
1964.  7.137370E-16
1965.  7.267777E-16
1966.  7.401495E-16
1967.  7.538570E-16
1968.  7.679046E-16
1969.  7.822958E-16
1970.  7.970334E-16
1971.  8.121196E-16
1972.  8.275546E-16
1973.  8.433381E-16
1974.  8.594679E-16
1975.  8.759401E-16
1976.  8.927489E-16
1977.  9.098866E-16
1978.  9.273432E-16
1979.  9.451062E-16
1980.  9.631607E-16
1981.  9.814886E-16
1982.  1.000069E-15
1983.  1.018880E-15
1984.  1.037893E-15
1985.  1.057079E-15
1986.  1.076405E-15
1987.  1.095836E-15
1988.  1.115331E-15
1989.  1.134850E-15
1990.  1.154346E-15
1991.  1.173773E-15
1992.  1.193079E-15
1993.  1.212211E-15
1994.  1.231115E-15
1995.  1.249733E-15
1996.  1.268006E-15
1997.  1.285875E-15
1998.  1.303278E-15
1999.  1.320155E-15
2000.  1.336444E-15
2001.  1.352084E-15
2002.  1.367014E-15
2003.  1.381175E-15
2004.  1.394511E-15
2005.  1.406966E-15
2006.  1.418487E-15
2007.  1.429025E-15
2008.  1.438535E-15
2009.  1.446974E-15
2010.  1.454305E-15
2011.  1.460495E-15
2012.  1.465516E-15
2013.  1.469345E-15
2014.  1.471965E-15
2015.  1.473366E-15
2016.  1.473541E-15
2017.  1.472491E-15
2018.  1.470222E-15
2019.  1.466747E-15
2020.  1.462085E-15
2021.  1.456259E-15
2022.  1.449300E-15
2023.  1.441242E-15
2024.  1.432128E-15
2025.  1.422002E-15
2026.  1.410915E-15
2027.  1.398922E-15
2028.  1.386081E-15
2029.  1.372453E-15
2030.  1.358105E-15
2031.  1.343103E-15
2032.  1.327517E-15
2033.  1.311419E-15
2034.  1.294882E-15
2035.  1.277978E-15
2036.  1.260782E-15
2037.  1.243367E-15
2038.  1.225806E-15
2039.  1.208172E-15
2040.  1.190534E-15
2041.  1.172964E-15
2042.  1.155526E-15
2043.  1.138288E-15
2044.  1.121310E-15
2045.  1.104655E-15
2046.  1.088377E-15
2047.  1.072532E-15
2048.  1.057171E-15
2049.  1.042341E-15
2050.  1.028086E-15
2051.  1.014449E-15
2052.  1.001468E-15
2053.  9.891763E-16
2054.  9.776068E-16
2055.  9.667876E-16
2056.  9.567449E-16
2057.  9.475010E-16
2058.  9.390758E-16
2059.  9.314868E-16
2060.  9.247484E-16
2061.  9.188734E-16
2062.  9.138713E-16
2063.  9.097501E-16
2064.  9.065157E-16
2065.  9.041716E-16
2066.  9.027201E-16
2067.  9.021610E-16
2068.  9.024933E-16
2069.  9.037136E-16
2070.  9.058179E-16
2071.  9.087992E-16
2072.  9.126507E-16
2073.  9.173629E-16
2074.  9.229256E-16
2075.  9.293266E-16
2076.  9.365527E-16
2077.  9.445891E-16
2078.  9.534188E-16
2079.  9.630241E-16
2080.  9.733850E-16
2081.  9.844800E-16
2082.  9.962857E-16
2083.  1.008777E-15
2084.  1.021926E-15
2085.  1.035705E-15
2086.  1.050082E-15
2087.  1.065023E-15
2088.  1.080493E-15
2089.  1.096455E-15
2090.  1.112867E-15
2091.  1.129687E-15
2092.  1.146872E-15
2093.  1.164374E-15
2094.  1.182144E-15
2095.  1.200130E-15
2096.  1.218280E-15
2097.  1.236538E-15
2098.  1.254847E-15
2099.  1.273148E-15
2100.  1.291381E-15
2101.  1.309483E-15
2102.  1.327393E-15
2103.  1.345045E-15
2104.  1.362376E-15
2105.  1.379322E-15
2106.  1.395816E-15
2107.  1.411795E-15
2108.  1.427195E-15
2109.  1.441952E-15
2110.  1.456004E-15
2111.  1.469292E-15
2112.  1.481757E-15
2113.  1.493343E-15
2114.  1.503997E-15
2115.  1.513668E-15
2116.  1.522309E-15
2117.  1.529877E-15
2118.  1.536331E-15
2119.  1.541637E-15
2120.  1.545764E-15
2121.  1.548684E-15
2122.  1.550377E-15
2123.  1.550826E-15
2124.  1.550018E-15
2125.  1.547949E-15
2126.  1.544615E-15
2127.  1.540023E-15
2128.  1.534180E-15
2129.  1.527101E-15
2130.  1.518805E-15
2131.  1.509318E-15
2132.  1.498667E-15
2133.  1.486887E-15
2134.  1.474015E-15
2135.  1.460094E-15
2136.  1.445168E-15
2137.  1.429288E-15
2138.  1.412506E-15
2139.  1.394876E-15
2140.  1.376457E-15
2141.  1.357307E-15
2142.  1.337488E-15
2143.  1.317063E-15
2144.  1.296095E-15
2145.  1.274648E-15
2146.  1.252786E-15
2147.  1.230573E-15
2148.  1.208073E-15
2149.  1.185349E-15
2150.  1.162462E-15
2151.  1.139473E-15
2152.  1.116439E-15
2153.  1.093419E-15
2154.  1.070465E-15
2155.  1.047631E-15
2156.  1.024966E-15
2157.  1.002517E-15
2158.  9.803291E-16
2159.  9.584432E-16
2160.  9.368978E-16
2161.  9.157292E-16
2162.  8.949699E-16
2163.  8.746496E-16
2164.  8.547954E-16
2165.  8.354313E-16
2166.  8.165788E-16
2167.  7.982562E-16
2168.  7.804796E-16
2169.  7.632622E-16
2170.  7.466152E-16
2171.  7.305470E-16
2172.  7.150646E-16
2173.  7.001723E-16
2174.  6.858725E-16
2175.  6.721666E-16
2176.  6.590538E-16
2177.  6.465320E-16
2178.  6.345978E-16
2179.  6.232467E-16
2180.  6.124730E-16
2181.  6.022705E-16
2182.  5.926319E-16
2183.  5.835492E-16
2184.  5.750141E-16
2185.  5.670179E-16
2186.  5.595514E-16
2187.  5.526050E-16
2188.  5.461695E-16
2189.  5.402351E-16
2190.  5.347920E-16
2191.  5.298307E-16
2192.  5.253416E-16
2193.  5.213151E-16
2194.  5.177419E-16
2195.  5.146130E-16
2196.  5.119193E-16
2197.  5.096519E-16
2198.  5.078023E-16
2199.  5.063620E-16
2200.  5.053229E-16
2201.  5.046767E-16
2202.  5.044158E-16
2203.  5.045322E-16
2204.  5.050183E-16
2205.  5.058666E-16
2206.  5.070698E-16
2207.  5.086203E-16
2208.  5.105108E-16
2209.  5.127341E-16
2210.  5.152826E-16
2211.  5.181493E-16
2212.  5.213263E-16
2213.  5.248066E-16
2214.  5.285823E-16
2215.  5.326460E-16
2216.  5.369897E-16
2217.  5.416056E-16
2218.  5.464859E-16
2219.  5.516221E-16
2220.  5.570062E-16
2221.  5.626300E-16
2222.  5.684848E-16
2223.  5.745623E-16
2224.  5.808537E-16
2225.  5.873504E-16
2226.  5.940435E-16
2227.  6.009246E-16
2228.  6.079846E-16
2229.  6.152152E-16
2230.  6.226074E-16
2231.  6.301531E-16
2232.  6.378435E-16
2233.  6.456710E-16
2234.  6.536272E-16
2235.  6.617047E-16
2236.  6.698963E-16
2237.  6.781950E-16
2238.  6.865942E-16
2239.  6.950879E-16
2240.  7.036707E-16
2241.  7.123378E-16
2242.  7.210846E-16
2243.  7.299077E-16
2244.  7.388038E-16
2245.  7.477711E-16
2246.  7.568077E-16
2247.  7.659132E-16
2248.  7.750873E-16
2249.  7.843312E-16
2250.  7.936464E-16
2251.  8.030352E-16
2252.  8.125007E-16
2253.  8.220470E-16
2254.  8.316784E-16
2255.  8.414000E-16
2256.  8.512175E-16
2257.  8.611370E-16
2258.  8.711648E-16
2259.  8.813078E-16
2260.  8.915727E-16
2261.  9.019664E-16
2262.  9.124957E-16
2263.  9.231665E-16
2264.  9.339854E-16
2265.  9.449578E-16
2266.  9.560884E-16
2267.  9.673811E-16
2268.  9.788388E-16
2269.  9.904632E-16
2270.  1.002255E-15
2271.  1.014213E-15
2272.  1.026334E-15
2273.  1.038615E-15
2274.  1.051049E-15
2275.  1.063629E-15
2276.  1.076346E-15
2277.  1.089186E-15
2278.  1.102138E-15
2279.  1.115185E-15
2280.  1.128310E-15
2281.  1.141493E-15
2282.  1.154714E-15
2283.  1.167950E-15
2284.  1.181176E-15
2285.  1.194367E-15
2286.  1.207494E-15
2287.  1.220530E-15
2288.  1.233446E-15
2289.  1.246210E-15
2290.  1.258793E-15
2291.  1.271162E-15
2292.  1.283288E-15
2293.  1.295139E-15
2294.  1.306683E-15
2295.  1.317892E-15
2296.  1.328734E-15
2297.  1.339181E-15
2298.  1.349207E-15
2299.  1.358785E-15
2300.  1.367890E-15
2301.  1.376500E-15
2302.  1.384593E-15
2303.  1.392152E-15
2304.  1.399159E-15
2305.  1.405599E-15
2306.  1.411461E-15
2307.  1.416734E-15
2308.  1.421411E-15
2309.  1.425488E-15
2310.  1.428961E-15
2311.  1.431831E-15
2312.  1.434100E-15
2313.  1.435773E-15
2314.  1.436857E-15
2315.  1.437362E-15
2316.  1.437299E-15
2317.  1.436684E-15
2318.  1.435531E-15
2319.  1.433860E-15
2320.  1.431690E-15
2321.  1.429044E-15
2322.  1.425944E-15
2323.  1.422418E-15
2324.  1.418492E-15
2325.  1.414194E-15
2326.  1.409553E-15
2327.  1.404601E-15
2328.  1.399369E-15
2329.  1.393889E-15
2330.  1.388196E-15
2331.  1.382323E-15
2332.  1.376304E-15
2333.  1.370174E-15
2334.  1.363967E-15
2335.  1.357717E-15
2336.  1.351458E-15
2337.  1.345225E-15
2338.  1.339049E-15
2339.  1.332963E-15
2340.  1.326997E-15
2341.  1.321182E-15
2342.  1.315546E-15
2343.  1.310114E-15
2344.  1.304912E-15
2345.  1.299964E-15
2346.  1.295289E-15
2347.  1.290906E-15
2348.  1.286833E-15
2349.  1.283083E-15
2350.  1.279668E-15
2351.  1.276597E-15
2352.  1.273878E-15
2353.  1.271513E-15
2354.  1.269507E-15
2355.  1.267857E-15
2356.  1.266562E-15
2357.  1.265618E-15
2358.  1.265017E-15
2359.  1.264751E-15
2360.  1.264810E-15
2361.  1.265184E-15
2362.  1.265859E-15
2363.  1.266823E-15
2364.  1.268061E-15
2365.  1.269558E-15
2366.  1.271301E-15
2367.  1.273275E-15
2368.  1.275466E-15
2369.  1.277860E-15
2370.  1.280445E-15
2371.  1.283208E-15
2372.  1.286139E-15
2373.  1.289229E-15
2374.  1.292469E-15
2375.  1.295853E-15
2376.  1.299376E-15
2377.  1.303035E-15
2378.  1.306827E-15
2379.  1.310752E-15
2380.  1.314810E-15
2381.  1.319003E-15
2382.  1.323335E-15
2383.  1.327809E-15
2384.  1.332430E-15
2385.  1.337203E-15
2386.  1.342132E-15
2387.  1.347222E-15
2388.  1.352478E-15
2389.  1.357904E-15
2390.  1.363502E-15
2391.  1.369275E-15
2392.  1.375222E-15
2393.  1.381342E-15
2394.  1.387632E-15
2395.  1.394085E-15
2396.  1.400695E-15
2397.  1.407452E-15
2398.  1.414342E-15
2399.  1.421351E-15
2400.  1.428463E-15
2401.  1.435656E-15
2402.  1.442909E-15
2403.  1.450199E-15
2404.  1.457499E-15
2405.  1.464781E-15
2406.  1.472016E-15
2407.  1.479174E-15
2408.  1.486224E-15
2409.  1.493135E-15
2410.  1.499873E-15
2411.  1.506409E-15
2412.  1.512711E-15
2413.  1.518750E-15
2414.  1.524497E-15
2415.  1.529926E-15
2416.  1.535012E-15
2417.  1.539734E-15
2418.  1.544072E-15
2419.  1.548012E-15
2420.  1.551539E-15
2421.  1.554645E-15
2422.  1.557324E-15
2423.  1.559574E-15
2424.  1.561397E-15
2425.  1.562799E-15
2426.  1.563788E-15
2427.  1.564376E-15
2428.  1.564580E-15
2429.  1.564418E-15
2430.  1.563912E-15
2431.  1.563086E-15
2432.  1.561966E-15
2433.  1.560581E-15
2434.  1.558958E-15
2435.  1.557130E-15
2436.  1.555125E-15
2437.  1.552975E-15
2438.  1.550710E-15
2439.  1.548359E-15
2440.  1.545950E-15
2441.  1.543508E-15
2442.  1.541058E-15
2443.  1.538622E-15
2444.  1.536217E-15
2445.  1.533859E-15
2446.  1.531561E-15
2447.  1.529331E-15
2448.  1.527174E-15
2449.  1.525091E-15
2450.  1.523080E-15
2451.  1.521136E-15
2452.  1.519247E-15
2453.  1.517402E-15
2454.  1.515583E-15
2455.  1.513770E-15
2456.  1.511943E-15
2457.  1.510076E-15
2458.  1.508142E-15
2459.  1.506113E-15
2460.  1.503959E-15
2461.  1.501649E-15
2462.  1.499153E-15
2463.  1.496439E-15
2464.  1.493476E-15
2465.  1.490235E-15
2466.  1.486687E-15
2467.  1.482805E-15
2468.  1.478564E-15
2469.  1.473943E-15
2470.  1.468919E-15
2471.  1.463478E-15
2472.  1.457605E-15
2473.  1.451289E-15
2474.  1.444523E-15
2475.  1.437304E-15
2476.  1.429632E-15
2477.  1.421510E-15
2478.  1.412945E-15
2479.  1.403947E-15
2480.  1.394531E-15
2481.  1.384712E-15
2482.  1.374511E-15
2483.  1.363948E-15
2484.  1.353050E-15
2485.  1.341842E-15
2486.  1.330352E-15
2487.  1.318609E-15
2488.  1.306644E-15
2489.  1.294488E-15
2490.  1.282171E-15
2491.  1.269726E-15
2492.  1.257182E-15
2493.  1.244569E-15
2494.  1.231917E-15
2495.  1.219252E-15
2496.  1.206601E-15
2497.  1.193987E-15
2498.  1.181433E-15
2499.  1.168959E-15
2500.  1.156581E-15
2501.  1.144314E-15
2502.  1.132172E-15
2503.  1.120165E-15
2504.  1.108299E-15
2505.  1.096581E-15
2506.  1.085013E-15
2507.  1.073596E-15
2508.  1.062329E-15
2509.  1.051208E-15
2510.  1.040229E-15
2511.  1.029386E-15
2512.  1.018670E-15
2513.  1.008075E-15
2514.  9.975908E-16
2515.  9.872082E-16
2516.  9.769178E-16
2517.  9.667104E-16
2518.  9.565776E-16
2519.  9.465104E-16
2520.  9.365027E-16
2521.  9.265473E-16
2522.  9.166402E-16
2523.  9.067778E-16
2524.  8.969588E-16
2525.  8.871834E-16
2526.  8.774535E-16
2527.  8.677733E-16
2528.  8.581490E-16
2529.  8.485885E-16
2530.  8.391019E-16
2531.  8.297007E-16
2532.  8.203992E-16
2533.  8.112124E-16
2534.  8.021571E-16
2535.  7.932521E-16
2536.  7.845166E-16
2537.  7.759711E-16
2538.  7.676366E-16
2539.  7.595352E-16
2540.  7.516884E-16
2541.  7.441182E-16
2542.  7.368462E-16
2543.  7.298936E-16
2544.  7.232804E-16
2545.  7.170257E-16
2546.  7.111469E-16
2547.  7.056603E-16
2548.  7.005801E-16
2549.  6.959181E-16
2550.  6.916846E-16
2551.  6.878864E-16
2552.  6.845284E-16
2553.  6.816126E-16
2554.  6.791378E-16
2555.  6.771000E-16
2556.  6.754928E-16
2557.  6.743055E-16
2558.  6.735252E-16
2559.  6.731361E-16
2560.  6.731187E-16
2561.  6.734510E-16
2562.  6.741085E-16
2563.  6.750636E-16
2564.  6.762865E-16
2565.  6.777446E-16
2566.  6.794041E-16
2567.  6.812285E-16
2568.  6.831803E-16
2569.  6.852203E-16
2570.  6.873084E-16
2571.  6.894035E-16
2572.  6.914645E-16
2573.  6.934497E-16
2574.  6.953175E-16
2575.  6.970273E-16
2576.  6.985389E-16
2577.  6.998130E-16
2578.  7.008121E-16
2579.  7.015000E-16
2580.  7.018429E-16
2581.  7.018089E-16
2582.  7.013685E-16
2583.  7.004951E-16
2584.  6.991649E-16
2585.  6.973572E-16
2586.  6.950549E-16
2587.  6.922435E-16
2588.  6.889128E-16
2589.  6.850557E-16
2590.  6.806688E-16
2591.  6.757524E-16
2592.  6.703106E-16
2593.  6.643510E-16
2594.  6.578843E-16
2595.  6.509251E-16
2596.  6.434915E-16
2597.  6.356041E-16
2598.  6.272872E-16
2599.  6.185676E-16
2600.  6.094745E-16
2601.  6.000397E-16
2602.  5.902973E-16
2603.  5.802829E-16
2604.  5.700338E-16
2605.  5.595886E-16
2606.  5.489871E-16
2607.  5.382696E-16
2608.  5.274772E-16
2609.  5.166507E-16
2610.  5.058311E-16
2611.  4.950589E-16
2612.  4.843741E-16
2613.  4.738156E-16
2614.  4.634215E-16
2615.  4.532280E-16
2616.  4.432701E-16
2617.  4.335812E-16
2618.  4.241925E-16
2619.  4.151334E-16
2620.  4.064309E-16
2621.  3.981100E-16
2622.  3.901931E-16
2623.  3.827004E-16
2624.  3.756496E-16
2625.  3.690558E-16
2626.  3.629321E-16
2627.  3.572887E-16
2628.  3.521338E-16
2629.  3.474728E-16
2630.  3.433097E-16
2631.  3.396457E-16
2632.  3.364802E-16
2633.  3.338108E-16
2634.  3.316331E-16
2635.  3.299414E-16
2636.  3.287280E-16
2637.  3.279843E-16
2638.  3.277001E-16
2639.  3.278644E-16
2640.  3.284651E-16
2641.  3.294898E-16
2642.  3.309245E-16
2643.  3.327555E-16
2644.  3.349683E-16
2645.  3.375482E-16
2646.  3.404804E-16
2647.  3.437496E-16
2648.  3.473410E-16
2649.  3.512396E-16
2650.  3.554307E-16
2651.  3.598993E-16
2652.  3.646311E-16
2653.  3.696121E-16
2654.  3.748278E-16
2655.  3.802646E-16
2656.  3.859091E-16
2657.  3.917474E-16
2658.  3.977666E-16
2659.  4.039536E-16
2660.  4.102950E-16
2661.  4.167780E-16
2662.  4.233891E-16
2663.  4.301153E-16
2664.  4.369427E-16
2665.  4.438578E-16
2666.  4.508461E-16
2667.  4.578930E-16
2668.  4.649832E-16
2669.  4.721009E-16
2670.  4.792296E-16
2671.  4.863521E-16
2672.  4.934502E-16
2673.  5.005054E-16
2674.  5.074977E-16
2675.  5.144064E-16
2676.  5.212104E-16
2677.  5.278874E-16
2678.  5.344141E-16
2679.  5.407667E-16
2680.  5.469204E-16
2681.  5.528503E-16
2682.  5.585301E-16
2683.  5.639342E-16
2684.  5.690357E-16
2685.  5.738081E-16
2686.  5.782246E-16
2687.  5.822590E-16
2688.  5.858851E-16
2689.  5.890774E-16
2690.  5.918113E-16
2691.  5.940631E-16
2692.  5.958101E-16
2693.  5.970311E-16
2694.  5.977071E-16
2695.  5.978201E-16
2696.  5.973546E-16
2697.  5.962974E-16
2698.  5.946372E-16
2699.  5.923659E-16
2700.  5.894777E-16
2701.  5.859695E-16
2702.  5.818416E-16
2703.  5.770968E-16
2704.  5.717416E-16
2705.  5.657846E-16
2706.  5.592383E-16
2707.  5.521177E-16
2708.  5.444408E-16
2709.  5.362290E-16
2710.  5.275056E-16
2711.  5.182969E-16
2712.  5.086317E-16
2713.  4.985406E-16
2714.  4.880565E-16
2715.  4.772137E-16
2716.  4.660483E-16
2717.  4.545973E-16
2718.  4.428989E-16
2719.  4.309914E-16
2720.  4.189139E-16
2721.  4.067050E-16
2722.  3.944034E-16
2723.  3.820472E-16
2724.  3.696734E-16
2725.  3.573181E-16
2726.  3.450156E-16
2727.  3.327991E-16
2728.  3.206995E-16
2729.  3.087460E-16
2730.  2.969652E-16
2731.  2.853820E-16
2732.  2.740181E-16
2733.  2.628931E-16
2734.  2.520240E-16
2735.  2.414248E-16
2736.  2.311074E-16
2737.  2.210808E-16
2738.  2.113513E-16
2739.  2.019231E-16
2740.  1.927976E-16
2741.  1.839746E-16
2742.  1.754509E-16
2743.  1.672222E-16
2744.  1.592821E-16
2745.  1.516227E-16
2746.  1.442344E-16
2747.  1.371070E-16
2748.  1.302290E-16
2749.  1.235883E-16
2750.  1.171721E-16
2751.  1.109675E-16
2752.  1.049612E-16
2753.  9.914047E-17
2754.  9.349255E-17
2755.  8.800504E-17
2756.  8.266621E-17
2757.  7.746509E-17
2758.  7.239168E-17
2759.  6.743706E-17
2760.  6.259310E-17
2761.  5.785287E-17
2762.  5.321102E-17
2763.  4.866312E-17
2764.  4.420613E-17
2765.  3.983825E-17
2766.  3.555904E-17
2767.  3.136931E-17
2768.  2.727097E-17
2769.  2.326739E-17
2770.  1.936270E-17
2771.  1.556209E-17
2772.  1.187177E-17
2773.  8.298607E-18
2774.  4.850670E-18
2775.  1.535915E-18
2776.  -1.636407E-18
2777.  -4.657572E-18
2778.  -7.517714E-18
2779.  -1.020728E-17
2780.  -1.271662E-17
2781.  -1.503592E-17
2782.  -1.715589E-17
2783.  -1.906726E-17
2784.  -2.076109E-17
2785.  -2.222926E-17
2786.  -2.346372E-17
2787.  -2.445719E-17
2788.  -2.520322E-17
2789.  -2.569608E-17
2790.  -2.593072E-17
2791.  -2.590283E-17
2792.  -2.560918E-17
2793.  -2.504756E-17
2794.  -2.421632E-17
2795.  -2.311487E-17
2796.  -2.174391E-17
2797.  -2.010479E-17
2798.  -1.819974E-17
2799.  -1.603228E-17
2800.  -1.360653E-17
2801.  -1.092774E-17
2802.  -8.002099E-18
2803.  -4.836533E-18
2804.  -1.438933E-18
2805.  2.182055E-18
2806.  6.016913E-18
2807.  1.005539E-17
2808.  1.428650E-17
2809.  1.869854E-17
2810.  2.327908E-17
2811.  2.801527E-17
2812.  3.289356E-17
2813.  3.790001E-17
2814.  4.301976E-17
2815.  4.823810E-17
2816.  5.353932E-17
2817.  5.890797E-17
2818.  6.432793E-17
2819.  6.978298E-17
2820.  7.525655E-17
2821.  8.073186E-17
2822.  8.619256E-17
2823.  9.162181E-17
2824.  9.700295E-17
2825.  1.023193E-16
2826.  1.075545E-16
2827.  1.126923E-16
2828.  1.177169E-16
2829.  1.226124E-16
2830.  1.273639E-16
2831.  1.319564E-16
2832.  1.363758E-16
2833.  1.406085E-16
2834.  1.446415E-16
2835.  1.484623E-16
2836.  1.520594E-16
2837.  1.554220E-16
2838.  1.585403E-16
2839.  1.614051E-16
2840.  1.640085E-16
2841.  1.663431E-16
2842.  1.684029E-16
2843.  1.701829E-16
2844.  1.716789E-16
2845.  1.728881E-16
2846.  1.738084E-16
2847.  1.744391E-16
2848.  1.747805E-16
2849.  1.748340E-16
2850.  1.746020E-16
2851.  1.740882E-16
2852.  1.732971E-16
2853.  1.722341E-16
2854.  1.709059E-16
2855.  1.693201E-16
2856.  1.674849E-16
2857.  1.654098E-16
2858.  1.631047E-16
2859.  1.605806E-16
2860.  1.578489E-16
2861.  1.549216E-16
2862.  1.518115E-16
2863.  1.485317E-16
2864.  1.450959E-16
2865.  1.415181E-16
2866.  1.378123E-16
2867.  1.339931E-16
2868.  1.300749E-16
2869.  1.260724E-16
2870.  1.220001E-16
2871.  1.178726E-16
2872.  1.137042E-16
2873.  1.095089E-16
2874.  1.053005E-16
2875.  1.010927E-16
2876.  9.689841E-17
2877.  9.273020E-17
2878.  8.860002E-17
2879.  8.451966E-17
2880.  8.049964E-17
2881.  7.655050E-17
2882.  7.268183E-17
2883.  6.890228E-17
2884.  6.521998E-17
2885.  6.164219E-17
2886.  5.817567E-17
2887.  5.482613E-17
2888.  5.159845E-17
2889.  4.849700E-17
2890.  4.552509E-17
2891.  4.268544E-17
2892.  3.997985E-17
2893.  3.740934E-17
2894.  3.497445E-17
2895.  3.267472E-17
2896.  3.050901E-17
2897.  2.847596E-17
2898.  2.657321E-17
2899.  2.479760E-17
2900.  2.314584E-17
2901.  2.161397E-17
2902.  2.019769E-17
2903.  1.889186E-17
2904.  1.769158E-17
2905.  1.659094E-17
2906.  1.558432E-17
2907.  1.466551E-17
2908.  1.382805E-17
2909.  1.306567E-17
2910.  1.237154E-17
2911.  1.173915E-17
2912.  1.116168E-17
2913.  1.063249E-17
2914.  1.014495E-17
2915.  9.692554E-18
2916.  9.268870E-18
2917.  8.867644E-18
2918.  8.482833E-18
2919.  8.108926E-18
2920.  7.740230E-18
2921.  7.371736E-18
2922.  6.998448E-18
2923.  6.616037E-18
2924.  6.220340E-18
2925.  5.807748E-18
2926.  5.375014E-18
2927.  4.919419E-18
2928.  4.438424E-18
2929.  3.930411E-18
2930.  3.393788E-18
2931.  2.827617E-18
2932.  2.231402E-18
2933.  1.605331E-18
2934.  9.497063E-19
2935.  2.654064E-19
2936.  -4.460306E-19
2937.  -1.183249E-18
2938.  -1.943665E-18
2939.  -2.724977E-18
2940.  -3.524090E-18
2941.  -4.338039E-18
2942.  -5.163212E-18
2943.  -5.995740E-18
2944.  -6.831656E-18
2945.  -7.666961E-18
2946.  -8.497035E-18
2947.  -9.317718E-18
2948.  -1.012413E-17
2949.  -1.091238E-17
2950.  -1.167727E-17
2951.  -1.241459E-17
2952.  -1.311993E-17
2953.  -1.378888E-17
2954.  -1.441774E-17
2955.  -1.500220E-17
2956.  -1.553883E-17
2957.  -1.602425E-17
2958.  -1.645511E-17
2959.  -1.682911E-17
2960.  -1.714330E-17
2961.  -1.739597E-17
2962.  -1.758518E-17
2963.  -1.770983E-17
2964.  -1.776910E-17
2965.  -1.776223E-17
2966.  -1.768934E-17
2967.  -1.755062E-17
2968.  -1.734677E-17
2969.  -1.707901E-17
2970.  -1.674882E-17
2971.  -1.635781E-17
2972.  -1.590820E-17
2973.  -1.540255E-17
2974.  -1.484360E-17
2975.  -1.423428E-17
2976.  -1.357788E-17
2977.  -1.287804E-17
2978.  -1.213805E-17
2979.  -1.136200E-17
2980.  -1.055360E-17
2981.  -9.716955E-18
2982.  -8.856196E-18
2983.  -7.975156E-18
2984.  -7.077931E-18
2985.  -6.168728E-18
2986.  -5.251219E-18
2987.  -4.329463E-18
2988.  -3.407290E-18
2989.  -2.488200E-18
2990.  -1.575649E-18
2991.  -6.729423E-19
2992.  2.166613E-19
2993.  1.090597E-18
2994.  1.945768E-18
2995.  2.779881E-18
2996.  3.590648E-18
2997.  4.376063E-18
2998.  5.134287E-18
2999.  5.863765E-18
3000.  6.563327E-18
3001.  7.231651E-18
3002.  7.867892E-18
3003.  8.471476E-18
3004.  9.042034E-18
3005.  9.578997E-18
3006.  1.008249E-17
3007.  1.055275E-17
3008.  1.098981E-17
3009.  1.139430E-17
3010.  1.176676E-17
3011.  1.210778E-17
3012.  1.241829E-17
3013.  1.269905E-17
3014.  1.295124E-17
3015.  1.317592E-17
3016.  1.337427E-17
3017.  1.354736E-17
3018.  1.369649E-17
3019.  1.382300E-17
3020.  1.392810E-17
3021.  1.401315E-17
3022.  1.407939E-17
3023.  1.412828E-17
3024.  1.416083E-17
3025.  1.417871E-17
3026.  1.418284E-17
3027.  1.417449E-17
3028.  1.415510E-17
3029.  1.412550E-17
3030.  1.408702E-17
3031.  1.404065E-17
3032.  1.398755E-17
3033.  1.392859E-17
3034.  1.386488E-17
3035.  1.379727E-17
3036.  1.372666E-17
3037.  1.365422E-17
3038.  1.358050E-17
3039.  1.350628E-17
3040.  1.343262E-17
3041.  1.336026E-17
3042.  1.328991E-17
3043.  1.322244E-17
3044.  1.315859E-17
3045.  1.309894E-17
3046.  1.304454E-17
3047.  1.299615E-17
3048.  1.295449E-17
3049.  1.292034E-17
3050.  1.289465E-17
3051.  1.287812E-17
3052.  1.287154E-17
3053.  1.287600E-17
3054.  1.289236E-17
3055.  1.292132E-17
3056.  1.296410E-17
3057.  1.302138E-17
3058.  1.309426E-17
3059.  1.318358E-17
3060.  1.329044E-17
3061.  1.341563E-17
3062.  1.356035E-17
3063.  1.372512E-17
3064.  1.391112E-17
3065.  1.411925E-17
3066.  1.435012E-17
3067.  1.460442E-17
3068.  1.488319E-17
3069.  1.518685E-17
3070.  1.551575E-17
3071.  1.587056E-17
3072.  1.625130E-17
3073.  1.665846E-17
3074.  1.709180E-17
3075.  1.755142E-17
3076.  1.803690E-17
3077.  1.854773E-17
3078.  1.908361E-17
3079.  1.964354E-17
3080.  2.022660E-17
3081.  2.083154E-17
3082.  2.145709E-17
3083.  2.210180E-17
3084.  2.276378E-17
3085.  2.344121E-17
3086.  2.413201E-17
3087.  2.483404E-17
3088.  2.554483E-17
3089.  2.626199E-17
3090.  2.698292E-17
3091.  2.770481E-17
3092.  2.842500E-17
3093.  2.914068E-17
3094.  2.984910E-17
3095.  3.054740E-17
3096.  3.123306E-17
3097.  3.190329E-17
3098.  3.255567E-17
3099.  3.318779E-17
3100.  3.379770E-17
3101.  3.438334E-17
3102.  3.494317E-17
3103.  3.547580E-17
3104.  3.598036E-17
3105.  3.645605E-17
3106.  3.690280E-17
3107.  3.732085E-17
3108.  3.771079E-17
3109.  3.807367E-17
3110.  3.841115E-17
3111.  3.872537E-17
3112.  3.901881E-17
3113.  3.929466E-17
3114.  3.955649E-17
3115.  3.980820E-17
3116.  4.005440E-17
3117.  4.030003E-17
3118.  4.055046E-17
3119.  4.081150E-17
3120.  4.108911E-17
3121.  4.138984E-17
3122.  4.172005E-17
3123.  4.208673E-17
3124.  4.249675E-17
3125.  4.295714E-17
3126.  4.347499E-17
3127.  4.405699E-17
3128.  4.471021E-17
3129.  4.544101E-17
3130.  4.625553E-17
3131.  4.715992E-17
3132.  4.815953E-17
3133.  4.925918E-17
3134.  5.046321E-17
3135.  5.177531E-17
3136.  5.319833E-17
3137.  5.473441E-17
3138.  5.638481E-17
3139.  5.814992E-17
3140.  6.002900E-17
3141.  6.202039E-17
3142.  6.412189E-17
3143.  6.632963E-17
3144.  6.863888E-17
3145.  7.104410E-17
3146.  7.353842E-17
3147.  7.611416E-17
3148.  7.876256E-17
3149.  8.147408E-17
3150.  8.423798E-17
3151.  8.704302E-17
3152.  8.987692E-17
3153.  9.272715E-17
3154.  9.558015E-17
3155.  9.842191E-17
3156.  1.012383E-16
3157.  1.040149E-16
3158.  1.067368E-16
3159.  1.093894E-16
3160.  1.119580E-16
3161.  1.144282E-16
3162.  1.167858E-16
3163.  1.190173E-16
3164.  1.211094E-16
3165.  1.230501E-16
3166.  1.248274E-16
3167.  1.264307E-16
3168.  1.278506E-16
3169.  1.290782E-16
3170.  1.301063E-16
3171.  1.309286E-16
3172.  1.315404E-16
3173.  1.319379E-16
3174.  1.321190E-16
3175.  1.320831E-16
3176.  1.318305E-16
3177.  1.313633E-16
3178.  1.306848E-16
3179.  1.297995E-16
3180.  1.287134E-16
3181.  1.274336E-16
3182.  1.259681E-16
3183.  1.243262E-16
3184.  1.225183E-16
3185.  1.205554E-16
3186.  1.184491E-16
3187.  1.162120E-16
3188.  1.138571E-16
3189.  1.113979E-16
3190.  1.088479E-16
3191.  1.062209E-16
3192.  1.035313E-16
3193.  1.007926E-16
3194.  9.801854E-17
3195.  9.522278E-17
3196.  9.241857E-17
3197.  8.961841E-17
3198.  8.683448E-17
3199.  8.407848E-17
3200.  8.136138E-17
3201.  7.869346E-17
3202.  7.608406E-17
3203.  7.354205E-17
3204.  7.107541E-17
3205.  6.869094E-17
3206.  6.639533E-17
3207.  6.419374E-17
3208.  6.209094E-17
3209.  6.009076E-17
3210.  5.819616E-17
3211.  5.640967E-17
3212.  5.473274E-17
3213.  5.316633E-17
3214.  5.171096E-17
3215.  5.036606E-17
3216.  4.913107E-17
3217.  4.800477E-17
3218.  4.698523E-17
3219.  4.607048E-17
3220.  4.525799E-17
3221.  4.454525E-17
3222.  4.392898E-17
3223.  4.340616E-17
3224.  4.297337E-17
3225.  4.262703E-17
3226.  4.236368E-17
3227.  4.217954E-17
3228.  4.207096E-17
3229.  4.203427E-17
3230.  4.206564E-17
3231.  4.216144E-17
3232.  4.231812E-17
3233.  4.253205E-17
3234.  4.279961E-17
3235.  4.311749E-17
3236.  4.348249E-17
3237.  4.389126E-17
3238.  4.434082E-17
3239.  4.482818E-17
3240.  4.535072E-17
3241.  4.590545E-17
3242.  4.649013E-17
3243.  4.710255E-17
3244.  4.774027E-17
3245.  4.840150E-17
3246.  4.908477E-17
3247.  4.978834E-17
3248.  5.051097E-17
3249.  5.125195E-17
3250.  5.201024E-17
3251.  5.278582E-17
3252.  5.357832E-17
3253.  5.438831E-17
3254.  5.521620E-17
3255.  5.606298E-17
3256.  5.693032E-17
3257.  5.782004E-17
3258.  5.873389E-17
3259.  5.967499E-17
3260.  6.064641E-17
3261.  6.165164E-17
3262.  6.269457E-17
3263.  6.377975E-17
3264.  6.491212E-17
3265.  6.609671E-17
3266.  6.733960E-17
3267.  6.864661E-17
3268.  7.002411E-17
3269.  7.147915E-17
3270.  7.301851E-17
3271.  7.464968E-17
3272.  7.637999E-17
3273.  7.821703E-17
3274.  8.016873E-17
3275.  8.224245E-17
3276.  8.444606E-17
3277.  8.678698E-17
3278.  8.927272E-17
3279.  9.190999E-17
3280.  9.470564E-17
3281.  9.766609E-17
3282.  1.007967E-16
3283.  1.041027E-16
3284.  1.075885E-16
3285.  1.112579E-16
3286.  1.151134E-16
3287.  1.191570E-16
3288.  1.233895E-16
3289.  1.278107E-16
3290.  1.324191E-16
3291.  1.372125E-16
3292.  1.421867E-16
3293.  1.473371E-16
3294.  1.526570E-16
3295.  1.581389E-16
3296.  1.637737E-16
3297.  1.695509E-16
3298.  1.754590E-16
3299.  1.814849E-16
3300.  1.876144E-16
3301.  1.938317E-16
3302.  2.001201E-16
3303.  2.064620E-16
3304.  2.128383E-16
3305.  2.192292E-16
3306.  2.256140E-16
3307.  2.319712E-16
3308.  2.382789E-16
3309.  2.445145E-16
3310.  2.506553E-16
3311.  2.566779E-16
3312.  2.625594E-16
3313.  2.682770E-16
3314.  2.738075E-16
3315.  2.791291E-16
3316.  2.842198E-16
3317.  2.890589E-16
3318.  2.936264E-16
3319.  2.979031E-16
3320.  3.018718E-16
3321.  3.055158E-16
3322.  3.088203E-16
3323.  3.117722E-16
3324.  3.143602E-16
3325.  3.165745E-16
3326.  3.184073E-16
3327.  3.198533E-16
3328.  3.209084E-16
3329.  3.215714E-16
3330.  3.218429E-16
3331.  3.217255E-16
3332.  3.212242E-16
3333.  3.203457E-16
3334.  3.190994E-16
3335.  3.174962E-16
3336.  3.155493E-16
3337.  3.132734E-16
3338.  3.106857E-16
3339.  3.078042E-16
3340.  3.046492E-16
3341.  3.012422E-16
3342.  2.976062E-16
3343.  2.937653E-16
3344.  2.897448E-16
3345.  2.855708E-16
3346.  2.812705E-16
3347.  2.768716E-16
3348.  2.724026E-16
3349.  2.678923E-16
3350.  2.633695E-16
3351.  2.588637E-16
3352.  2.544043E-16
3353.  2.500201E-16
3354.  2.457407E-16
3355.  2.415944E-16
3356.  2.376098E-16
3357.  2.338148E-16
3358.  2.302365E-16
3359.  2.269014E-16
3360.  2.238356E-16
3361.  2.210636E-16
3362.  2.186095E-16
3363.  2.164963E-16
3364.  2.147458E-16
3365.  2.133784E-16
3366.  2.124135E-16
3367.  2.118693E-16
3368.  2.117621E-16
3369.  2.121072E-16
3370.  2.129179E-16
3371.  2.142062E-16
3372.  2.159823E-16
3373.  2.182544E-16
3374.  2.210291E-16
3375.  2.243111E-16
3376.  2.281029E-16
3377.  2.324049E-16
3378.  2.372158E-16
3379.  2.425316E-16
3380.  2.483464E-16
3381.  2.546521E-16
3382.  2.614379E-16
3383.  2.686912E-16
3384.  2.763968E-16
3385.  2.845369E-16
3386.  2.930918E-16
3387.  3.020396E-16
3388.  3.113556E-16
3389.  3.210133E-16
3390.  3.309839E-16
3391.  3.412369E-16
3392.  3.517391E-16
3393.  3.624563E-16
3394.  3.733524E-16
3395.  3.843893E-16
3396.  3.955281E-16
3397.  4.067286E-16
3398.  4.179496E-16
3399.  4.291491E-16
3400.  4.402847E-16
3401.  4.513136E-16
3402.  4.621933E-16
3403.  4.728811E-16
3404.  4.833349E-16
3405.  4.935137E-16
3406.  5.033772E-16
3407.  5.128864E-16
3408.  5.220037E-16
3409.  5.306939E-16
3410.  5.389231E-16
3411.  5.466601E-16
3412.  5.538757E-16
3413.  5.605443E-16
3414.  5.666420E-16
3415.  5.721485E-16
3416.  5.770468E-16
3417.  5.813226E-16
3418.  5.849656E-16
3419.  5.879684E-16
3420.  5.903272E-16
3421.  5.920416E-16
3422.  5.931148E-16
3423.  5.935532E-16
3424.  5.933667E-16
3425.  5.925682E-16
3426.  5.911738E-16
3427.  5.892029E-16
3428.  5.866773E-16
3429.  5.836213E-16
3430.  5.800622E-16
3431.  5.760293E-16
3432.  5.715533E-16
3433.  5.666677E-16
3434.  5.614068E-16
3435.  5.558062E-16
3436.  5.499026E-16
3437.  5.437333E-16
3438.  5.373365E-16
3439.  5.307503E-16
3440.  5.240123E-16
3441.  5.171606E-16
3442.  5.102322E-16
3443.  5.032636E-16
3444.  4.962902E-16
3445.  4.893461E-16
3446.  4.824644E-16
3447.  4.756759E-16
3448.  4.690102E-16
3449.  4.624949E-16
3450.  4.561556E-16
3451.  4.500154E-16
3452.  4.440954E-16
3453.  4.384145E-16
3454.  4.329887E-16
3455.  4.278322E-16
3456.  4.229562E-16
3457.  4.183695E-16
3458.  4.140784E-16
3459.  4.100867E-16
3460.  4.063961E-16
3461.  4.030049E-16
3462.  3.999105E-16
3463.  3.971069E-16
3464.  3.945862E-16
3465.  3.923385E-16
3466.  3.903519E-16
3467.  3.886130E-16
3468.  3.871059E-16
3469.  3.858141E-16
3470.  3.847192E-16
3471.  3.838015E-16
3472.  3.830405E-16
3473.  3.824146E-16
3474.  3.819015E-16
3475.  3.814789E-16
3476.  3.811231E-16
3477.  3.808115E-16
3478.  3.805204E-16
3479.  3.802271E-16
3480.  3.799089E-16
3481.  3.795436E-16
3482.  3.791098E-16
3483.  3.785869E-16
3484.  3.779554E-16
3485.  3.771971E-16
3486.  3.762946E-16
3487.  3.752321E-16
3488.  3.739954E-16
3489.  3.725714E-16
3490.  3.709491E-16
3491.  3.691191E-16
3492.  3.670732E-16
3493.  3.648056E-16
3494.  3.623115E-16
3495.  3.595886E-16
3496.  3.566357E-16
3497.  3.534533E-16
3498.  3.500441E-16
3499.  3.464114E-16
3500.  3.425608E-16
3501.  3.384987E-16
3502.  3.342328E-16
3503.  3.297729E-16
3504.  3.251284E-16
3505.  3.203107E-16
3506.  3.153320E-16
3507.  3.102046E-16
3508.  3.049418E-16
3509.  2.995576E-16
3510.  2.940661E-16
3511.  2.884813E-16
3512.  2.828180E-16
3513.  2.770905E-16
3514.  2.713131E-16
3515.  2.655003E-16
3516.  2.596659E-16
3517.  2.538234E-16
3518.  2.479860E-16
3519.  2.421668E-16
3520.  2.363777E-16
3521.  2.306304E-16
3522.  2.249360E-16
3523.  2.193048E-16
3524.  2.137468E-16
3525.  2.082711E-16
3526.  2.028864E-16
3527.  1.976006E-16
3528.  1.924212E-16
3529.  1.873548E-16
3530.  1.824080E-16
3531.  1.775864E-16
3532.  1.728951E-16
3533.  1.683395E-16
3534.  1.639240E-16
3535.  1.596525E-16
3536.  1.555291E-16
3537.  1.515576E-16
3538.  1.477413E-16
3539.  1.440831E-16
3540.  1.405867E-16
3541.  1.372546E-16
3542.  1.340897E-16
3543.  1.310947E-16
3544.  1.282726E-16
3545.  1.256256E-16
3546.  1.231561E-16
3547.  1.208670E-16
3548.  1.187599E-16
3549.  1.168378E-16
3550.  1.151022E-16
3551.  1.135549E-16
3552.  1.121979E-16
3553.  1.110324E-16
3554.  1.100597E-16
3555.  1.092806E-16
3556.  1.086956E-16
3557.  1.083045E-16
3558.  1.081071E-16
3559.  1.081028E-16
3560.  1.082900E-16
3561.  1.086667E-16
3562.  1.092306E-16
3563.  1.099783E-16
3564.  1.109060E-16
3565.  1.120095E-16
3566.  1.132832E-16
3567.  1.147215E-16
3568.  1.163176E-16
3569.  1.180643E-16
3570.  1.199534E-16
3571.  1.219763E-16
3572.  1.241233E-16
3573.  1.263846E-16
3574.  1.287492E-16
3575.  1.312059E-16
3576.  1.337428E-16
3577.  1.363475E-16
3578.  1.390068E-16
3579.  1.417076E-16
3580.  1.444361E-16
3581.  1.471786E-16
3582.  1.499206E-16
3583.  1.526477E-16
3584.  1.553454E-16
3585.  1.579993E-16
3586.  1.605946E-16
3587.  1.631173E-16
3588.  1.655528E-16
3589.  1.678870E-16
3590.  1.701066E-16
3591.  1.721982E-16
3592.  1.741490E-16
3593.  1.759463E-16
3594.  1.775789E-16
3595.  1.790356E-16
3596.  1.803062E-16
3597.  1.813808E-16
3598.  1.822510E-16
3599.  1.829088E-16
3600.  1.833472E-16
3601.  1.835605E-16
3602.  1.835438E-16
3603.  1.832930E-16
3604.  1.828055E-16
3605.  1.820795E-16
3606.  1.811143E-16
3607.  1.799105E-16
3608.  1.784699E-16
3609.  1.767950E-16
3610.  1.748899E-16
3611.  1.727592E-16
3612.  1.704092E-16
3613.  1.678467E-16
3614.  1.650798E-16
3615.  1.621175E-16
3616.  1.589693E-16
3617.  1.556460E-16
3618.  1.521591E-16
3619.  1.485205E-16
3620.  1.447429E-16
3621.  1.408393E-16
3622.  1.368233E-16
3623.  1.327092E-16
3624.  1.285107E-16
3625.  1.242425E-16
3626.  1.199187E-16
3627.  1.155539E-16
3628.  1.111622E-16
3629.  1.067577E-16
3630.  1.023543E-16
3631.  9.796512E-17
3632.  9.360316E-17
3633.  8.928079E-17
3634.  8.500976E-17
3635.  8.080129E-17
3636.  7.666565E-17
3637.  7.261263E-17
3638.  6.865109E-17
3639.  6.478891E-17
3640.  6.103350E-17
3641.  5.739099E-17
3642.  5.386692E-17
3643.  5.046573E-17
3644.  4.719138E-17
3645.  4.404658E-17
3646.  4.103324E-17
3647.  3.815292E-17
3648.  3.540597E-17
3649.  3.279201E-17
3650.  3.031052E-17
3651.  2.795928E-17
3652.  2.573662E-17
3653.  2.363965E-17
3654.  2.166536E-17
3655.  1.980992E-17
3656.  1.806945E-17
3657.  1.643956E-17
3658.  1.491579E-17
3659.  1.349319E-17
3660.  1.216673E-17
3661.  1.093148E-17
3662.  9.782082E-18
3663.  8.713382E-18
3664.  7.720194E-18
3665.  6.797455E-18
3666.  5.939837E-18
3667.  5.142450E-18
3668.  4.400472E-18
3669.  3.709201E-18
3670.  3.064193E-18
3671.  2.461101E-18
3672.  1.895897E-18
3673.  1.364624E-18
3674.  8.638753E-19
3675.  3.901628E-19
3676.  -5.951689E-20
3677.  -4.876883E-19
3678.  -8.972438E-19
3679.  -1.290227E-18
3680.  -1.668438E-18
3681.  -2.033801E-18
3682.  -2.387420E-18
3683.  -2.730228E-18
3684.  -3.063271E-18
3685.  -3.386959E-18
3686.  -3.701415E-18
3687.  -4.006461E-18
3688.  -4.301730E-18
3689.  -4.586727E-18
3690.  -4.860134E-18
3691.  -5.121041E-18
3692.  -5.368022E-18
3693.  -5.599145E-18
3694.  -5.812561E-18
3695.  -6.005910E-18
3696.  -6.177004E-18
3697.  -6.323138E-18
3698.  -6.441571E-18
3699.  -6.529299E-18
3700.  -6.583125E-18
3701.  -6.599893E-18
3702.  -6.576518E-18
3703.  -6.509312E-18
3704.  -6.395154E-18
3705.  -6.230512E-18
3706.  -6.012129E-18
3707.  -5.736471E-18
3708.  -5.400845E-18
3709.  -5.001766E-18
3710.  -4.536735E-18
3711.  -4.003017E-18
3712.  -3.398434E-18
3713.  -2.720867E-18
3714.  -1.968672E-18
3715.  -1.140733E-18
3716.  -2.360947E-19
3717.  7.453229E-19
3718.  1.803736E-18
3719.  2.938281E-18
3720.  4.147911E-18
3721.  5.430737E-18
3722.  6.784367E-18
3723.  8.206271E-18
3724.  9.692596E-18
3725.  1.123926E-17
3726.  1.284189E-17
3727.  1.449501E-17
3728.  1.619326E-17
3729.  1.793015E-17
3730.  1.969922E-17
3731.  2.149331E-17
3732.  2.330473E-17
3733.  2.512615E-17
3734.  2.694918E-17
3735.  2.876573E-17
3736.  3.056740E-17
3737.  3.234566E-17
3738.  3.409209E-17
3739.  3.579829E-17
3740.  3.745616E-17
3741.  3.905739E-17
3742.  4.059441E-17
3743.  4.205965E-17
3744.  4.344631E-17
3745.  4.474757E-17
3746.  4.595757E-17
3747.  4.707083E-17
3748.  4.808258E-17
3749.  4.898855E-17
3750.  4.978517E-17
3751.  5.046984E-17
3752.  5.104048E-17
3753.  5.149551E-17
3754.  5.183470E-17
3755.  5.205817E-17
3756.  5.216667E-17
3757.  5.216179E-17
3758.  5.204581E-17
3759.  5.182184E-17
3760.  5.149324E-17
3761.  5.106404E-17
3762.  5.053889E-17
3763.  4.992298E-17
3764.  4.922153E-17
3765.  4.844059E-17
3766.  4.758625E-17
3767.  4.666467E-17
3768.  4.568272E-17
3769.  4.464678E-17
3770.  4.356354E-17
3771.  4.243967E-17
3772.  4.128200E-17
3773.  4.009684E-17
3774.  3.889055E-17
3775.  3.766938E-17
3776.  3.643931E-17
3777.  3.520564E-17
3778.  3.397411E-17
3779.  3.274934E-17
3780.  3.153607E-17
3781.  3.033839E-17
3782.  2.916024E-17
3783.  2.800515E-17
3784.  2.687597E-17
3785.  2.577525E-17
3786.  2.470535E-17
3787.  2.366800E-17
3788.  2.266464E-17
3789.  2.169633E-17
3790.  2.076382E-17
3791.  1.986729E-17
3792.  1.900719E-17
3793.  1.818301E-17
3794.  1.739447E-17
3795.  1.664068E-17
3796.  1.592099E-17
3797.  1.523423E-17
3798.  1.457915E-17
3799.  1.395446E-17
3800.  1.335888E-17
3801.  1.279057E-17
3802.  1.224835E-17
3803.  1.173056E-17
3804.  1.123551E-17
3805.  1.076196E-17
3806.  1.030816E-17
3807.  9.872758E-18
3808.  9.454607E-18
3809.  9.052135E-18
3810.  8.664398E-18
3811.  8.290264E-18
3812.  7.928825E-18
3813.  7.579016E-18
3814.  7.240218E-18
3815.  6.911861E-18
3816.  6.593402E-18
3817.  6.284378E-18
3818.  5.984583E-18
3819.  5.693642E-18
3820.  5.411490E-18
3821.  5.138029E-18
3822.  4.873278E-18
3823.  4.617227E-18
3824.  4.370029E-18
3825.  4.131736E-18
3826.  3.902548E-18
3827.  3.682577E-18
3828.  3.471837E-18
3829.  3.270603E-18
3830.  3.078996E-18
3831.  2.896815E-18
3832.  2.724416E-18
3833.  2.561481E-18
3834.  2.408112E-18
3835.  2.264035E-18
3836.  2.129198E-18
3837.  2.003290E-18
3838.  1.885857E-18
3839.  1.776846E-18
3840.  1.675582E-18
3841.  1.581789E-18
3842.  1.494843E-18
3843.  1.414284E-18
3844.  1.339557E-18
3845.  1.270039E-18
3846.  1.205280E-18
3847.  1.144758E-18
3848.  1.087793E-18
3849.  1.033939E-18
3850.  9.826236E-19
3851.  9.335176E-19
3852.  8.861348E-19
3853.  8.400468E-19
3854.  7.950931E-19
3855.  7.509154E-19
3856.  7.074983E-19
3857.  6.645817E-19
3858.  6.222517E-19
3859.  5.804398E-19
3860.  5.391991E-19
3861.  4.987899E-19
3862.  4.593348E-19
3863.  4.209548E-19
3864.  3.843086E-19
3865.  3.493373E-19
3866.  3.163828E-19
3867.  2.860096E-19
3868.  2.585103E-19
3869.  2.341897E-19
3870.  2.133411E-19
3871.  1.963234E-19
3872.  1.834011E-19
3873.  1.748376E-19
3874.  1.707994E-19
3875.  1.714261E-19
3876.  1.769298E-19
3877.  1.870850E-19
3878.  2.019537E-19
3879.  2.215526E-19
3880.  2.455478E-19
3881.  2.738785E-19
3882.  3.061390E-19
3883.  3.420557E-19
3884.  3.811643E-19
3885.  4.230741E-19
3886.  4.673160E-19
3887.  5.133758E-19
3888.  5.608300E-19
3889.  6.089610E-19
3890.  6.573752E-19
3891.  7.055677E-19
3892.  7.529364E-19
3893.  7.990553E-19
3894.  8.435567E-19
3895.  8.859584E-19
3896.  9.259749E-19
3897.  9.632535E-19
3898.  9.974291E-19
3899.  1.028553E-18
3900.  1.056540E-18
3901.  1.081156E-18
3902.  1.102589E-18
3903.  1.121003E-18
3904.  1.136437E-18
3905.  1.149157E-18
3906.  1.159716E-18
3907.  1.168149E-18
3908.  1.174990E-18
3909.  1.180657E-18
3910.  1.185725E-18
3911.  1.190705E-18
3912.  1.196030E-18
3913.  1.202364E-18
3914.  1.210141E-18
3915.  1.219958E-18
3916.  1.232284E-18
3917.  1.247508E-18
3918.  1.266278E-18
3919.  1.288723E-18
3920.  1.315318E-18
3921.  1.346423E-18
3922.  1.382183E-18
3923.  1.422553E-18
3924.  1.467756E-18
3925.  1.517771E-18
3926.  1.572431E-18
3927.  1.631431E-18
3928.  1.694721E-18
3929.  1.761744E-18
3930.  1.832125E-18
3931.  1.905329E-18
3932.  1.980589E-18
3933.  2.057539E-18
3934.  2.135099E-18
3935.  2.212581E-18
3936.  2.289112E-18
3937.  2.363632E-18
3938.  2.435320E-18
3939.  2.503163E-18
3940.  2.565891E-18
3941.  2.622670E-18
3942.  2.672161E-18
3943.  2.713602E-18
3944.  2.745616E-18
3945.  2.767225E-18
3946.  2.777503E-18
3947.  2.775069E-18
3948.  2.759147E-18
3949.  2.728721E-18
3950.  2.682888E-18
3951.  2.620667E-18
3952.  2.541315E-18
3953.  2.444088E-18
3954.  2.328192E-18
3955.  2.192943E-18
3956.  2.037872E-18
3957.  1.862528E-18
3958.  1.666397E-18
3959.  1.449067E-18
3960.  1.210248E-18
3961.  9.496872E-19
3962.  6.673439E-19
3963.  3.630260E-19
3964.  3.656401E-20
3965.  -3.118352E-19
3966.  -6.823872E-19
3967.  -1.074865E-18
3968.  -1.489126E-18
3969.  -1.925348E-18
3970.  -2.383073E-18
3971.  -2.862339E-18
3972.  -3.362920E-18
3973.  -3.884940E-18
3974.  -4.428048E-18
3975.  -4.992247E-18
3976.  -5.577458E-18
3977.  -6.183709E-18
3978.  -6.811111E-18
3979.  -7.459636E-18
3980.  -8.129510E-18
3981.  -8.820899E-18
3982.  -9.533755E-18
3983.  -1.026882E-17
3984.  -1.102598E-17
3985.  -1.180577E-17
3986.  -1.260846E-17
3987.  -1.343452E-17
3988.  -1.428435E-17
3989.  -1.515817E-17
3990.  -1.605657E-17
3991.  -1.697963E-17
3992.  -1.792786E-17
3993.  -1.890130E-17
3994.  -1.990034E-17
3995.  -2.092479E-17
3996.  -2.197463E-17
3997.  -2.304958E-17
3998.  -2.414950E-17
3999.  -2.527359E-17
4000.  -2.642126E-17
4001.  -2.759169E-17
4002.  -2.878358E-17
4003.  -2.999571E-17
4004.  -3.122638E-17
4005.  -3.247387E-17
4006.  -3.373620E-17
4007.  -3.501090E-17
4008.  -3.629555E-17
4009.  -3.758734E-17
4010.  -3.888312E-17
4011.  -4.017983E-17
4012.  -4.147394E-17
4013.  -4.276172E-17
4014.  -4.403937E-17
4015.  -4.530290E-17
4016.  -4.654818E-17
4017.  -4.777075E-17
4018.  -4.896645E-17
4019.  -5.013061E-17
4020.  -5.125869E-17
4021.  -5.234644E-17
4022.  -5.338888E-17
4023.  -5.438177E-17
4024.  -5.532037E-17
4025.  -5.620049E-17
4026.  -5.701779E-17
4027.  -5.776810E-17
4028.  -5.844725E-17
4029.  -5.905156E-17
4030.  -5.957721E-17
4031.  -6.002075E-17
4032.  -6.037896E-17
4033.  -6.064880E-17
4034.  -6.082737E-17
4035.  -6.091232E-17
4036.  -6.090134E-17
4037.  -6.079245E-17
4038.  -6.058382E-17
4039.  -6.027406E-17
4040.  -5.986191E-17
4041.  -5.934679E-17
4042.  -5.872775E-17
4043.  -5.800488E-17
4044.  -5.717785E-17
4045.  -5.624708E-17
4046.  -5.521296E-17
4047.  -5.407644E-17
4048.  -5.283860E-17
4049.  -5.150072E-17
4050.  -5.006462E-17
4051.  -4.853221E-17
4052.  -4.690556E-17
4053.  -4.518722E-17
4054.  -4.338000E-17
4055.  -4.148680E-17
4056.  -3.951102E-17
4057.  -3.745608E-17
4058.  -3.532592E-17
4059.  -3.312450E-17
4060.  -3.085631E-17
4061.  -2.852541E-17
4062.  -2.613704E-17
4063.  -2.369606E-17
4064.  -2.120757E-17
4065.  -1.867709E-17
4066.  -1.611001E-17
4067.  -1.351198E-17
4068.  -1.088889E-17
4069.  -8.246719E-18
4070.  -5.591298E-18
4071.  -2.928617E-18
4072.  -2.645436E-19
4073.  2.394828E-18
4074.  5.043820E-18
4075.  7.676435E-18
4076.  1.028747E-17
4077.  1.287160E-17
4078.  1.542350E-17
4079.  1.793861E-17
4080.  2.041243E-17
4081.  2.284106E-17
4082.  2.522082E-17
4083.  2.754871E-17
4084.  2.982195E-17
4085.  3.203851E-17
4086.  3.419698E-17
4087.  3.629621E-17
4088.  3.833617E-17
4089.  4.031680E-17
4090.  4.223916E-17
4091.  4.410463E-17
4092.  4.591531E-17
4093.  4.767388E-17
4094.  4.938339E-17
4095.  5.104761E-17
4096.  5.267063E-17
4097.  5.425702E-17
4098.  5.581176E-17
4099.  5.733994E-17
4100.  5.884708E-17
4101.  6.033876E-17
4102.  6.182069E-17
4103.  6.329845E-17
4104.  6.477763E-17
4105.  6.626351E-17
4106.  6.776130E-17
4107.  6.927583E-17
4108.  7.081116E-17
4109.  7.237136E-17
4110.  7.395959E-17
4111.  7.557821E-17
4112.  7.722923E-17
4113.  7.891365E-17
4114.  8.063164E-17
4115.  8.238246E-17
4116.  8.416470E-17
4117.  8.597572E-17
4118.  8.781213E-17
4119.  8.966961E-17
4120.  9.154301E-17
4121.  9.342611E-17
4122.  9.531197E-17
4123.  9.719282E-17
4124.  9.906024E-17
4125.  1.009053E-16
4126.  1.027180E-16
4127.  1.044884E-16
4128.  1.062058E-16
4129.  1.078596E-16
4130.  1.094387E-16
4131.  1.109321E-16
4132.  1.123289E-16
4133.  1.136180E-16
4134.  1.147893E-16
4135.  1.158324E-16
4136.  1.167379E-16
4137.  1.174969E-16
4138.  1.181011E-16
4139.  1.185429E-16
4140.  1.188161E-16
4141.  1.189150E-16
4142.  1.188355E-16
4143.  1.185739E-16
4144.  1.181283E-16
4145.  1.174977E-16
4146.  1.166822E-16
4147.  1.156836E-16
4148.  1.145045E-16
4149.  1.131489E-16
4150.  1.116223E-16
4151.  1.099307E-16
4152.  1.080820E-16
4153.  1.060848E-16
4154.  1.039485E-16
4155.  1.016840E-16
4156.  9.930303E-17
4157.  9.681756E-17
4158.  9.424113E-17
4159.  9.158718E-17
4160.  8.887008E-17
4161.  8.610449E-17
4162.  8.330564E-17
4163.  8.048875E-17
4164.  7.766923E-17
4165.  7.486268E-17
4166.  7.208471E-17
4167.  6.935045E-17
4168.  6.667501E-17
4169.  6.407329E-17
4170.  6.155955E-17
4171.  5.914757E-17
4172.  5.685083E-17
4173.  5.468181E-17
4174.  5.265256E-17
4175.  5.077405E-17
4176.  4.905679E-17
4177.  4.751001E-17
4178.  4.614230E-17
4179.  4.496098E-17
4180.  4.397271E-17
4181.  4.318273E-17
4182.  4.259543E-17
4183.  4.221387E-17
4184.  4.204026E-17
4185.  4.207545E-17
4186.  4.231906E-17
4187.  4.276978E-17
4188.  4.342513E-17
4189.  4.428135E-17
4190.  4.533346E-17
4191.  4.657558E-17
4192.  4.800082E-17
4193.  4.960073E-17
4194.  5.136627E-17
4195.  5.328748E-17
4196.  5.535304E-17
4197.  5.755114E-17
4198.  5.986895E-17
4199.  6.229294E-17
4200.  6.480898E-17
4201.  6.740221E-17
4202.  7.005748E-17
4203.  7.275871E-17
4204.  7.549017E-17
4205.  7.823554E-17
4206.  8.097828E-17
4207.  8.370186E-17
4208.  8.639029E-17
4209.  8.902721E-17
4210.  9.159669E-17
4211.  9.408344E-17
4212.  9.647250E-17
4213.  9.874960E-17
4214.  1.009010E-16
4215.  1.029141E-16
4216.  1.047769E-16
4217.  1.064787E-16
4218.  1.080094E-16
4219.  1.093602E-16
4220.  1.105237E-16
4221.  1.114933E-16
4222.  1.122640E-16
4223.  1.128316E-16
4224.  1.131937E-16
4225.  1.133486E-16
4226.  1.132963E-16
4227.  1.130376E-16
4228.  1.125748E-16
4229.  1.119110E-16
4230.  1.110508E-16
4231.  1.099994E-16
4232.  1.087631E-16
4233.  1.073490E-16
4234.  1.057650E-16
4235.  1.040197E-16
4236.  1.021222E-16
4237.  1.000821E-16
4238.  9.790948E-17
4239.  9.561455E-17
4240.  9.320807E-17
4241.  9.070070E-17
4242.  8.810309E-17
4243.  8.542610E-17
4244.  8.268029E-17
4245.  7.987617E-17
4246.  7.702383E-17
4247.  7.413366E-17
4248.  7.121492E-17
4249.  6.827734E-17
4250.  6.532971E-17
4251.  6.238055E-17
4252.  5.943852E-17
4253.  5.651111E-17
4254.  5.360590E-17
4255.  5.072998E-17
4256.  4.789023E-17
4257.  4.509275E-17
4258.  4.234384E-17
4259.  3.964952E-17
4260.  3.701508E-17
4261.  3.444610E-17
4262.  3.194780E-17
4263.  2.952513E-17
4264.  2.718331E-17
4265.  2.492715E-17
4266.  2.276183E-17
4267.  2.069222E-17
4268.  1.872326E-17
4269.  1.686040E-17
4270.  1.510868E-17
4271.  1.347358E-17
4272.  1.196090E-17
4273.  1.057637E-17
4274.  9.325911E-18
4275.  8.216153E-18
4276.  7.253304E-18
4277.  6.444329E-18
4278.  5.796515E-18
4279.  5.316750E-18
4280.  5.012962E-18
4281.  4.892973E-18
4282.  4.964546E-18
4283.  5.236240E-18
4284.  5.716473E-18
4285.  6.413746E-18
4286.  7.336875E-18
4287.  8.494794E-18
4288.  9.896379E-18
4289.  1.155043E-17
4290.  1.346597E-17
4291.  1.565161E-17
4292.  1.811602E-17
4293.  2.086774E-17
4294.  2.391465E-17
4295.  2.726456E-17
4296.  3.092478E-17
4297.  3.490195E-17
4298.  3.920253E-17
4299.  4.383155E-17
4300.  4.879399E-17
4301.  5.409360E-17
4302.  5.973327E-17
4303.  6.571459E-17
4304.  7.203860E-17
4305.  7.870463E-17
4306.  8.571076E-17
4307.  9.305384E-17
4308.  1.007292E-16
4309.  1.087307E-16
4310.  1.170505E-16
4311.  1.256793E-16
4312.  1.346060E-16
4313.  1.438178E-16
4314.  1.533003E-16
4315.  1.630372E-16
4316.  1.730105E-16
4317.  1.832007E-16
4318.  1.935865E-16
4319.  2.041447E-16
4320.  2.148510E-16
4321.  2.256791E-16
4322.  2.366019E-16
4323.  2.475905E-16
4324.  2.586150E-16
4325.  2.696444E-16
4326.  2.806467E-16
4327.  2.915896E-16
4328.  3.024397E-16
4329.  3.131633E-16
4330.  3.237268E-16
4331.  3.340962E-16
4332.  3.442379E-16
4333.  3.541186E-16
4334.  3.637055E-16
4335.  3.729667E-16
4336.  3.818712E-16
4337.  3.903895E-16
4338.  3.984929E-16
4339.  4.061549E-16
4340.  4.133502E-16
4341.  4.200559E-16
4342.  4.262511E-16
4343.  4.319166E-16
4344.  4.370366E-16
4345.  4.415967E-16
4346.  4.455857E-16
4347.  4.489952E-16
4348.  4.518191E-16
4349.  4.540541E-16
4350.  4.557001E-16
4351.  4.567596E-16
4352.  4.572377E-16
4353.  4.571424E-16
4354.  4.564845E-16
4355.  4.552774E-16
4356.  4.535366E-16
4357.  4.512807E-16
4358.  4.485300E-16
4359.  4.453072E-16
4360.  4.416370E-16
4361.  4.375454E-16
4362.  4.330609E-16
4363.  4.282126E-16
4364.  4.230311E-16
4365.  4.175479E-16
4366.  4.117953E-16
4367.  4.058063E-16
4368.  3.996140E-16
4369.  3.932516E-16
4370.  3.867523E-16
4371.  3.801491E-16
4372.  3.734740E-16
4373.  3.667589E-16
4374.  3.600344E-16
4375.  3.533299E-16
4376.  3.466742E-16
4377.  3.400940E-16
4378.  3.336149E-16
4379.  3.272606E-16
4380.  3.210536E-16
4381.  3.150143E-16
4382.  3.091610E-16
4383.  3.035107E-16
4384.  2.980780E-16
4385.  2.928758E-16
4386.  2.879152E-16
4387.  2.832053E-16
4388.  2.787535E-16
4389.  2.745651E-16
4390.  2.706441E-16
4391.  2.669928E-16
4392.  2.636117E-16
4393.  2.605002E-16
4394.  2.576564E-16
4395.  2.550769E-16
4396.  2.527574E-16
4397.  2.506926E-16
4398.  2.488764E-16
4399.  2.473017E-16
4400.  2.459615E-16
4401.  2.448473E-16
4402.  2.439509E-16
4403.  2.432638E-16
4404.  2.427770E-16
4405.  2.424817E-16
4406.  2.423688E-16
4407.  2.424298E-16
4408.  2.426558E-16
4409.  2.430383E-16
4410.  2.435691E-16
4411.  2.442403E-16
4412.  2.450441E-16
4413.  2.459736E-16
4414.  2.470214E-16
4415.  2.481814E-16
4416.  2.494471E-16
4417.  2.508127E-16
4418.  2.522727E-16
4419.  2.538216E-16
4420.  2.554547E-16
4421.  2.571669E-16
4422.  2.589538E-16
4423.  2.608107E-16
4424.  2.627333E-16
4425.  2.647170E-16
4426.  2.667576E-16
4427.  2.688501E-16
4428.  2.709899E-16
4429.  2.731722E-16
4430.  2.753916E-16
4431.  2.776425E-16
4432.  2.799189E-16
4433.  2.822148E-16
4434.  2.845228E-16
4435.  2.868361E-16
4436.  2.891466E-16
4437.  2.914460E-16
4438.  2.937254E-16
4439.  2.959749E-16
4440.  2.981851E-16
4441.  3.003448E-16
4442.  3.024432E-16
4443.  3.044684E-16
4444.  3.064085E-16
4445.  3.082509E-16
4446.  3.099825E-16
4447.  3.115905E-16
4448.  3.130613E-16
4449.  3.143810E-16
4450.  3.155366E-16
4451.  3.165141E-16
4452.  3.173002E-16
4453.  3.178819E-16
4454.  3.182460E-16
4455.  3.183803E-16
4456.  3.182731E-16
4457.  3.179130E-16
4458.  3.172900E-16
4459.  3.163943E-16
4460.  3.152177E-16
4461.  3.137526E-16
4462.  3.119933E-16
4463.  3.099345E-16
4464.  3.075726E-16
4465.  3.049059E-16
4466.  3.019331E-16
4467.  2.986552E-16
4468.  2.950747E-16
4469.  2.911953E-16
4470.  2.870224E-16
4471.  2.825628E-16
4472.  2.778251E-16
4473.  2.728191E-16
4474.  2.675562E-16
4475.  2.620486E-16
4476.  2.563105E-16
4477.  2.503571E-16
4478.  2.442040E-16
4479.  2.378687E-16
4480.  2.313690E-16
4481.  2.247233E-16
4482.  2.179513E-16
4483.  2.110723E-16
4484.  2.041064E-16
4485.  1.970737E-16
4486.  1.899946E-16
4487.  1.828891E-16
4488.  1.757772E-16
4489.  1.686783E-16
4490.  1.616115E-16
4491.  1.545955E-16
4492.  1.476479E-16
4493.  1.407856E-16
4494.  1.340248E-16
4495.  1.273806E-16
4496.  1.208670E-16
4497.  1.144973E-16
4498.  1.082829E-16
4499.  1.022348E-16
4500.  9.636196E-17
