1.  -5.779119E-23
2.  1.051223E-22
3.  6.380036E-24
4.  4.623139E-23
5.  1.051551E-22
6.  1.219446E-22
7.  1.902358E-22
8.  1.953485E-22
9.  1.865946E-22
10.  1.965514E-22
11.  2.521585E-22
12.  3.089542E-22
13.  3.792670E-22
14.  3.148950E-22
15.  4.062710E-22
16.  4.482684E-22
17.  5.102770E-22
18.  5.540877E-22
19.  6.190890E-22
20.  5.919481E-22
21.  7.337306E-22
22.  6.702129E-22
23.  8.078740E-22
24.  9.171502E-22
25.  9.258967E-22
26.  1.010579E-21
27.  1.075549E-21
28.  1.284932E-21
29.  1.272363E-21
30.  1.443303E-21
31.  1.480964E-21
32.  1.639048E-21
33.  1.746119E-21
34.  1.899856E-21
35.  2.094813E-21
36.  2.259455E-21
37.  2.506674E-21
38.  2.712142E-21
39.  2.882162E-21
40.  3.222720E-21
41.  3.459968E-21
42.  3.796906E-21
43.  3.981190E-21
44.  4.291469E-21
45.  4.644944E-21
46.  4.967004E-21
47.  5.372671E-21
48.  5.808957E-21
49.  6.204965E-21
50.  6.674326E-21
51.  7.293088E-21
52.  7.827091E-21
53.  8.495028E-21
54.  8.991447E-21
55.  9.751999E-21
56.  1.049150E-20
57.  1.123177E-20
58.  1.210810E-20
59.  1.299734E-20
60.  1.410502E-20
61.  1.492830E-20
62.  1.606035E-20
63.  1.725500E-20
64.  1.862781E-20
65.  1.986148E-20
66.  2.124222E-20
67.  2.279298E-20
68.  2.452914E-20
69.  2.618327E-20
70.  2.810300E-20
71.  3.017530E-20
72.  3.230527E-20
73.  3.456125E-20
74.  3.706037E-20
75.  3.961583E-20
76.  4.238129E-20
77.  4.530528E-20
78.  4.845903E-20
79.  5.188054E-20
80.  5.547102E-20
81.  5.922467E-20
82.  6.325211E-20
83.  6.759629E-20
84.  7.225087E-20
85.  7.711387E-20
86.  8.224554E-20
87.  8.775276E-20
88.  9.357479E-20
89.  9.987203E-20
90.  1.065170E-19
91.  1.134541E-19
92.  1.211666E-19
93.  1.289900E-19
94.  1.374231E-19
95.  1.464572E-19
96.  1.559215E-19
97.  1.659429E-19
98.  1.766546E-19
99.  1.879364E-19
100.  1.999641E-19
101.  2.127232E-19
102.  2.260999E-19
103.  2.404600E-19
104.  2.555838E-19
105.  2.716676E-19
106.  2.885921E-19
107.  3.064914E-19
108.  3.254834E-19
109.  3.456047E-19
110.  3.667970E-19
111.  3.892367E-19
112.  4.130264E-19
113.  4.379619E-19
114.  4.644150E-19
115.  4.924537E-19
116.  5.219462E-19
117.  5.531195E-19
118.  5.858887E-19
119.  6.206247E-19
120.  6.572297E-19
121.  6.959212E-19
122.  7.364949E-19
123.  7.793482E-19
124.  8.245535E-19
125.  8.721213E-19
126.  9.222375E-19
127.  9.750714E-19
128.  1.030730E-18
129.  1.089259E-18
130.  1.150833E-18
131.  1.215578E-18
132.  1.283648E-18
133.  1.355345E-18
134.  1.430664E-18
135.  1.509798E-18
136.  1.592993E-18
137.  1.680324E-18
138.  1.772010E-18
139.  1.868348E-18
140.  1.969420E-18
141.  2.075616E-18
142.  2.186852E-18
143.  2.303731E-18
144.  2.426230E-18
145.  2.554586E-18
146.  2.689064E-18
147.  2.830127E-18
148.  2.977875E-18
149.  3.132590E-18
150.  3.294571E-18
151.  3.464327E-18
152.  3.641726E-18
153.  3.827536E-18
154.  4.022004E-18
155.  4.225174E-18
156.  4.437722E-18
157.  4.659885E-18
158.  4.892031E-18
159.  5.134756E-18
160.  5.388149E-18
161.  5.652772E-18
162.  5.929078E-18
163.  6.217642E-18
164.  6.518701E-18
165.  6.832727E-18
166.  7.160307E-18
167.  7.501990E-18
168.  7.858123E-18
169.  8.229450E-18
170.  8.616325E-18
171.  9.019346E-18
172.  9.439186E-18
173.  9.876280E-18
174.  1.033140E-17
175.  1.080508E-17
176.  1.129791E-17
177.  1.181061E-17
178.  1.234389E-17
179.  1.289836E-17
180.  1.347480E-17
181.  1.407382E-17
182.  1.469623E-17
183.  1.534274E-17
184.  1.601424E-17
185.  1.671139E-17
186.  1.743516E-17
187.  1.818613E-17
188.  1.896546E-17
189.  1.977366E-17
190.  2.061184E-17
191.  2.148078E-17
192.  2.238161E-17
193.  2.331491E-17
194.  2.428191E-17
195.  2.528351E-17
196.  2.632076E-17
197.  2.739439E-17
198.  2.850573E-17
199.  2.965573E-17
200.  3.084532E-17
201.  3.207576E-17
202.  3.334804E-17
203.  3.466319E-17
204.  3.602238E-17
205.  3.742681E-17
206.  3.887753E-17
207.  4.037592E-17
208.  4.192302E-17
209.  4.351985E-17
210.  4.516781E-17
211.  4.686810E-17
212.  4.862201E-17
213.  5.043073E-17
214.  5.229545E-17
215.  5.421757E-17
216.  5.619825E-17
217.  5.823880E-17
218.  6.034068E-17
219.  6.250509E-17
220.  6.473343E-17
221.  6.702675E-17
222.  6.938662E-17
223.  7.181440E-17
224.  7.431122E-17
225.  7.687858E-17
226.  7.951797E-17
227.  8.223047E-17
228.  8.501762E-17
229.  8.788063E-17
230.  9.082104E-17
231.  9.384012E-17
232.  9.693911E-17
233.  1.001194E-16
234.  1.033824E-16
235.  1.067295E-16
236.  1.101619E-16
237.  1.136809E-16
238.  1.172878E-16
239.  1.209839E-16
240.  1.247707E-16
241.  1.286493E-16
242.  1.326208E-16
243.  1.366868E-16
244.  1.408482E-16
245.  1.451064E-16
246.  1.494623E-16
247.  1.539174E-16
248.  1.584727E-16
249.  1.631293E-16
250.  1.678883E-16
251.  1.727507E-16
252.  1.777177E-16
253.  1.827899E-16
254.  1.879687E-16
255.  1.932548E-16
256.  1.986493E-16
257.  2.041528E-16
258.  2.097663E-16
259.  2.154904E-16
260.  2.213259E-16
261.  2.272738E-16
262.  2.333345E-16
263.  2.395085E-16
264.  2.457965E-16
265.  2.521990E-16
266.  2.587164E-16
267.  2.653493E-16
268.  2.720978E-16
269.  2.789625E-16
270.  2.859433E-16
271.  2.930407E-16
272.  3.002548E-16
273.  3.075855E-16
274.  3.150328E-16
275.  3.225969E-16
276.  3.302776E-16
277.  3.380747E-16
278.  3.459880E-16
279.  3.540171E-16
280.  3.621616E-16
281.  3.704214E-16
282.  3.787957E-16
283.  3.872840E-16
284.  3.958857E-16
285.  4.045999E-16
286.  4.134260E-16
287.  4.223633E-16
288.  4.314105E-16
289.  4.405668E-16
290.  4.498312E-16
291.  4.592026E-16
292.  4.686794E-16
293.  4.782607E-16
294.  4.879449E-16
295.  4.977306E-16
296.  5.076165E-16
297.  5.176007E-16
298.  5.276817E-16
299.  5.378577E-16
300.  5.481270E-16
301.  5.584875E-16
302.  5.689375E-16
303.  5.794745E-16
304.  5.900969E-16
305.  6.008024E-16
306.  6.115885E-16
307.  6.224533E-16
308.  6.333940E-16
309.  6.444083E-16
310.  6.554936E-16
311.  6.666475E-16
312.  6.778673E-16
313.  6.891500E-16
314.  7.004932E-16
315.  7.118938E-16
316.  7.233491E-16
317.  7.348556E-16
318.  7.464109E-16
319.  7.580119E-16
320.  7.696551E-16
321.  7.813376E-16
322.  7.930558E-16
323.  8.048069E-16
324.  8.165873E-16
325.  8.283937E-16
326.  8.402228E-16
327.  8.520709E-16
328.  8.639347E-16
329.  8.758107E-16
330.  8.876952E-16
331.  8.995848E-16
332.  9.114755E-16
333.  9.233642E-16
334.  9.352471E-16
335.  9.471203E-16
336.  9.589802E-16
337.  9.708230E-16
338.  9.826450E-16
339.  9.944429E-16
340.  1.006213E-15
341.  1.017950E-15
342.  1.029652E-15
343.  1.041315E-15
344.  1.052934E-15
345.  1.064507E-15
346.  1.076029E-15
347.  1.087497E-15
348.  1.098907E-15
349.  1.110255E-15
350.  1.121538E-15
351.  1.132752E-15
352.  1.143894E-15
353.  1.154960E-15
354.  1.165946E-15
355.  1.176849E-15
356.  1.187665E-15
357.  1.198392E-15
358.  1.209026E-15
359.  1.219563E-15
360.  1.230000E-15
361.  1.240334E-15
362.  1.250562E-15
363.  1.260681E-15
364.  1.270688E-15
365.  1.280579E-15
366.  1.290352E-15
367.  1.300004E-15
368.  1.309533E-15
369.  1.318935E-15
370.  1.328208E-15
371.  1.337350E-15
372.  1.346357E-15
373.  1.355229E-15
374.  1.363962E-15
375.  1.372554E-15
376.  1.381003E-15
377.  1.389307E-15
378.  1.397464E-15
379.  1.405473E-15
380.  1.413332E-15
381.  1.421038E-15
382.  1.428591E-15
383.  1.435989E-15
384.  1.443231E-15
385.  1.450315E-15
386.  1.457240E-15
387.  1.464007E-15
388.  1.470612E-15
389.  1.477056E-15
390.  1.483338E-15
391.  1.489457E-15
392.  1.495413E-15
393.  1.501206E-15
394.  1.506835E-15
395.  1.512300E-15
396.  1.517601E-15
397.  1.522738E-15
398.  1.527711E-15
399.  1.532521E-15
400.  1.537167E-15
401.  1.541651E-15
402.  1.545973E-15
403.  1.550133E-15
404.  1.554133E-15
405.  1.557973E-15
406.  1.561655E-15
407.  1.565179E-15
408.  1.568547E-15
409.  1.571759E-15
410.  1.574819E-15
411.  1.577726E-15
412.  1.580482E-15
413.  1.583090E-15
414.  1.585551E-15
415.  1.587866E-15
416.  1.590039E-15
417.  1.592070E-15
418.  1.593963E-15
419.  1.595718E-15
420.  1.597339E-15
421.  1.598828E-15
422.  1.600188E-15
423.  1.601420E-15
424.  1.602527E-15
425.  1.603513E-15
426.  1.604380E-15
427.  1.605129E-15
428.  1.605765E-15
429.  1.606291E-15
430.  1.606709E-15
431.  1.607021E-15
432.  1.607233E-15
433.  1.607345E-15
434.  1.607361E-15
435.  1.607285E-15
436.  1.607120E-15
437.  1.606868E-15
438.  1.606534E-15
439.  1.606120E-15
440.  1.605629E-15
441.  1.605065E-15
442.  1.604431E-15
443.  1.603731E-15
444.  1.602967E-15
445.  1.602143E-15
446.  1.601263E-15
447.  1.600329E-15
448.  1.599346E-15
449.  1.598315E-15
450.  1.597240E-15
451.  1.596125E-15
452.  1.594974E-15
453.  1.593787E-15
454.  1.592571E-15
455.  1.591326E-15
456.  1.590057E-15
457.  1.588766E-15
458.  1.587456E-15
459.  1.586130E-15
460.  1.584792E-15
461.  1.583444E-15
462.  1.582088E-15
463.  1.580728E-15
464.  1.579366E-15
465.  1.578005E-15
466.  1.576647E-15
467.  1.575295E-15
468.  1.573951E-15
469.  1.572617E-15
470.  1.571297E-15
471.  1.569990E-15
472.  1.568701E-15
473.  1.567430E-15
474.  1.566181E-15
475.  1.564954E-15
476.  1.563751E-15
477.  1.562574E-15
478.  1.561425E-15
479.  1.560304E-15
480.  1.559214E-15
481.  1.558155E-15
482.  1.557129E-15
483.  1.556137E-15
484.  1.555179E-15
485.  1.554257E-15
486.  1.553371E-15
487.  1.552522E-15
488.  1.551710E-15
489.  1.550936E-15
490.  1.550201E-15
491.  1.549504E-15
492.  1.548846E-15
493.  1.548226E-15
494.  1.547645E-15
495.  1.547103E-15
496.  1.546598E-15
497.  1.546132E-15
498.  1.545703E-15
499.  1.545310E-15
500.  1.544954E-15
501.  1.544633E-15
502.  1.544347E-15
503.  1.544095E-15
504.  1.543875E-15
505.  1.543686E-15
506.  1.543528E-15
507.  1.543399E-15
508.  1.543297E-15
509.  1.543222E-15
510.  1.543171E-15
511.  1.543144E-15
512.  1.543138E-15
513.  1.543151E-15
514.  1.543183E-15
515.  1.543230E-15
516.  1.543292E-15
517.  1.543365E-15
518.  1.543449E-15
519.  1.543540E-15
520.  1.543637E-15
521.  1.543738E-15
522.  1.543840E-15
523.  1.543941E-15
524.  1.544039E-15
525.  1.544131E-15
526.  1.544215E-15
527.  1.544289E-15
528.  1.544349E-15
529.  1.544395E-15
530.  1.544422E-15
531.  1.544430E-15
532.  1.544414E-15
533.  1.544374E-15
534.  1.544306E-15
535.  1.544207E-15
536.  1.544076E-15
537.  1.543909E-15
538.  1.543705E-15
539.  1.543461E-15
540.  1.543174E-15
541.  1.542843E-15
542.  1.542464E-15
543.  1.542036E-15
544.  1.541555E-15
545.  1.541021E-15
546.  1.540430E-15
547.  1.539780E-15
548.  1.539070E-15
549.  1.538297E-15
550.  1.537459E-15
551.  1.536555E-15
552.  1.535581E-15
553.  1.534537E-15
554.  1.533420E-15
555.  1.532230E-15
556.  1.530963E-15
557.  1.529619E-15
558.  1.528197E-15
559.  1.526693E-15
560.  1.525109E-15
561.  1.523441E-15
562.  1.521689E-15
563.  1.519852E-15
564.  1.517928E-15
565.  1.515917E-15
566.  1.513817E-15
567.  1.511629E-15
568.  1.509351E-15
569.  1.506983E-15
570.  1.504524E-15
571.  1.501974E-15
572.  1.499333E-15
573.  1.496599E-15
574.  1.493774E-15
575.  1.490857E-15
576.  1.487848E-15
577.  1.484747E-15
578.  1.481555E-15
579.  1.478271E-15
580.  1.474897E-15
581.  1.471432E-15
582.  1.467878E-15
583.  1.464235E-15
584.  1.460502E-15
585.  1.456683E-15
586.  1.452778E-15
587.  1.448786E-15
588.  1.444711E-15
589.  1.440552E-15
590.  1.436311E-15
591.  1.431989E-15
592.  1.427588E-15
593.  1.423110E-15
594.  1.418555E-15
595.  1.413925E-15
596.  1.409222E-15
597.  1.404449E-15
598.  1.399606E-15
599.  1.394695E-15
600.  1.389719E-15
601.  1.384679E-15
602.  1.379577E-15
603.  1.374416E-15
604.  1.369197E-15
605.  1.363923E-15
606.  1.358596E-15
607.  1.353218E-15
608.  1.347791E-15
609.  1.342318E-15
610.  1.336800E-15
611.  1.331241E-15
612.  1.325643E-15
613.  1.320007E-15
614.  1.314337E-15
615.  1.308634E-15
616.  1.302902E-15
617.  1.297142E-15
618.  1.291357E-15
619.  1.285549E-15
620.  1.279721E-15
621.  1.273875E-15
622.  1.268014E-15
623.  1.262139E-15
624.  1.256254E-15
625.  1.250360E-15
626.  1.244460E-15
627.  1.238556E-15
628.  1.232650E-15
629.  1.226744E-15
630.  1.220842E-15
631.  1.214944E-15
632.  1.209053E-15
633.  1.203171E-15
634.  1.197300E-15
635.  1.191443E-15
636.  1.185600E-15
637.  1.179774E-15
638.  1.173966E-15
639.  1.168180E-15
640.  1.162415E-15
641.  1.156674E-15
642.  1.150959E-15
643.  1.145270E-15
644.  1.139610E-15
645.  1.133980E-15
646.  1.128382E-15
647.  1.122816E-15
648.  1.117284E-15
649.  1.111787E-15
650.  1.106326E-15
651.  1.100902E-15
652.  1.095517E-15
653.  1.090171E-15
654.  1.084865E-15
655.  1.079600E-15
656.  1.074376E-15
657.  1.069194E-15
658.  1.064055E-15
659.  1.058960E-15
660.  1.053908E-15
661.  1.048900E-15
662.  1.043937E-15
663.  1.039019E-15
664.  1.034146E-15
665.  1.029318E-15
666.  1.024535E-15
667.  1.019797E-15
668.  1.015105E-15
669.  1.010458E-15
670.  1.005856E-15
671.  1.001299E-15
672.  9.967871E-16
673.  9.923190E-16
674.  9.878951E-16
675.  9.835149E-16
676.  9.791779E-16
677.  9.748837E-16
678.  9.706317E-16
679.  9.664216E-16
680.  9.622526E-16
681.  9.581242E-16
682.  9.540357E-16
683.  9.499864E-16
684.  9.459758E-16
685.  9.420028E-16
686.  9.380670E-16
687.  9.341674E-16
688.  9.303035E-16
689.  9.264740E-16
690.  9.226785E-16
691.  9.189162E-16
692.  9.151860E-16
693.  9.114871E-16
694.  9.078188E-16
695.  9.041799E-16
696.  9.005699E-16
697.  8.969878E-16
698.  8.934328E-16
699.  8.899039E-16
700.  8.864003E-16
701.  8.829213E-16
702.  8.794657E-16
703.  8.760333E-16
704.  8.726229E-16
705.  8.692337E-16
706.  8.658650E-16
707.  8.625162E-16
708.  8.591864E-16
709.  8.558751E-16
710.  8.525813E-16
711.  8.493047E-16
712.  8.460446E-16
713.  8.428001E-16
714.  8.395711E-16
715.  8.363567E-16
716.  8.331569E-16
717.  8.299706E-16
718.  8.267979E-16
719.  8.236383E-16
720.  8.204915E-16
721.  8.173567E-16
722.  8.142344E-16
723.  8.111239E-16
724.  8.080251E-16
725.  8.049381E-16
726.  8.018623E-16
727.  7.987980E-16
728.  7.957452E-16
729.  7.927037E-16
730.  7.896738E-16
731.  7.866555E-16
732.  7.836490E-16
733.  7.806543E-16
734.  7.776717E-16
735.  7.747018E-16
736.  7.717446E-16
737.  7.688005E-16
738.  7.658699E-16
739.  7.629532E-16
740.  7.600510E-16
741.  7.571638E-16
742.  7.542921E-16
743.  7.514365E-16
744.  7.485976E-16
745.  7.457761E-16
746.  7.429726E-16
747.  7.401879E-16
748.  7.374230E-16
749.  7.346783E-16
750.  7.319546E-16
751.  7.292531E-16
752.  7.265745E-16
753.  7.239197E-16
754.  7.212897E-16
755.  7.186854E-16
756.  7.161076E-16
757.  7.135578E-16
758.  7.110362E-16
759.  7.085446E-16
760.  7.060838E-16
761.  7.036546E-16
762.  7.012584E-16
763.  6.988962E-16
764.  6.965691E-16
765.  6.942779E-16
766.  6.920242E-16
767.  6.898089E-16
768.  6.876332E-16
769.  6.854979E-16
770.  6.834046E-16
771.  6.813539E-16
772.  6.793474E-16
773.  6.773860E-16
774.  6.754709E-16
775.  6.736030E-16
776.  6.717835E-16
777.  6.700134E-16
778.  6.682941E-16
779.  6.666263E-16
780.  6.650111E-16
781.  6.634497E-16
782.  6.619428E-16
783.  6.604917E-16
784.  6.590972E-16
785.  6.577602E-16
786.  6.564818E-16
787.  6.552628E-16
788.  6.541039E-16
789.  6.530063E-16
790.  6.519705E-16
791.  6.509974E-16
792.  6.500879E-16
793.  6.492425E-16
794.  6.484621E-16
795.  6.477471E-16
796.  6.470982E-16
797.  6.465160E-16
798.  6.460011E-16
799.  6.455541E-16
800.  6.451754E-16
801.  6.448653E-16
802.  6.446244E-16
803.  6.444531E-16
804.  6.443514E-16
805.  6.443199E-16
806.  6.443585E-16
807.  6.444677E-16
808.  6.446476E-16
809.  6.448981E-16
810.  6.452195E-16
811.  6.456116E-16
812.  6.460746E-16
813.  6.466083E-16
814.  6.472126E-16
815.  6.478873E-16
816.  6.486324E-16
817.  6.494472E-16
818.  6.503319E-16
819.  6.512860E-16
820.  6.523090E-16
821.  6.534007E-16
822.  6.545602E-16
823.  6.557872E-16
824.  6.570815E-16
825.  6.584420E-16
826.  6.598682E-16
827.  6.613594E-16
828.  6.629151E-16
829.  6.645340E-16
830.  6.662158E-16
831.  6.679594E-16
832.  6.697639E-16
833.  6.716283E-16
834.  6.735517E-16
835.  6.755330E-16
836.  6.775714E-16
837.  6.796654E-16
838.  6.818141E-16
839.  6.840163E-16
840.  6.862708E-16
841.  6.885763E-16
842.  6.909315E-16
843.  6.933351E-16
844.  6.957857E-16
845.  6.982820E-16
846.  7.008227E-16
847.  7.034061E-16
848.  7.060309E-16
849.  7.086954E-16
850.  7.113984E-16
851.  7.141382E-16
852.  7.169133E-16
853.  7.197219E-16
854.  7.225624E-16
855.  7.254334E-16
856.  7.283330E-16
857.  7.312597E-16
858.  7.342117E-16
859.  7.371874E-16
860.  7.401850E-16
861.  7.432026E-16
862.  7.462386E-16
863.  7.492914E-16
864.  7.523590E-16
865.  7.554395E-16
866.  7.585316E-16
867.  7.616330E-16
868.  7.647421E-16
869.  7.678573E-16
870.  7.709764E-16
871.  7.740979E-16
872.  7.772199E-16
873.  7.803405E-16
874.  7.834582E-16
875.  7.865710E-16
876.  7.896771E-16
877.  7.927748E-16
878.  7.958623E-16
879.  7.989379E-16
880.  8.019998E-16
881.  8.050463E-16
882.  8.080757E-16
883.  8.110864E-16
884.  8.140766E-16
885.  8.170448E-16
886.  8.199890E-16
887.  8.229081E-16
888.  8.258002E-16
889.  8.286638E-16
890.  8.314973E-16
891.  8.342993E-16
892.  8.370683E-16
893.  8.398027E-16
894.  8.425013E-16
895.  8.451628E-16
896.  8.477855E-16
897.  8.503682E-16
898.  8.529098E-16
899.  8.554089E-16
900.  8.578643E-16
901.  8.602749E-16
902.  8.626395E-16
903.  8.649569E-16
904.  8.672262E-16
905.  8.694463E-16
906.  8.716164E-16
907.  8.737354E-16
908.  8.758024E-16
909.  8.778169E-16
910.  8.797777E-16
911.  8.816843E-16
912.  8.835358E-16
913.  8.853316E-16
914.  8.870713E-16
915.  8.887544E-16
916.  8.903799E-16
917.  8.919477E-16
918.  8.934573E-16
919.  8.949083E-16
920.  8.963008E-16
921.  8.976340E-16
922.  8.989078E-16
923.  9.001220E-16
924.  9.012767E-16
925.  9.023716E-16
926.  9.034070E-16
927.  9.043826E-16
928.  9.052985E-16
929.  9.061548E-16
930.  9.069520E-16
931.  9.076900E-16
932.  9.083691E-16
933.  9.089897E-16
934.  9.095517E-16
935.  9.100564E-16
936.  9.105036E-16
937.  9.108937E-16
938.  9.112277E-16
939.  9.115056E-16
940.  9.117285E-16
941.  9.118967E-16
942.  9.120111E-16
943.  9.120722E-16
944.  9.120811E-16
945.  9.120382E-16
946.  9.119446E-16
947.  9.118011E-16
948.  9.116086E-16
949.  9.113679E-16
950.  9.110801E-16
951.  9.107462E-16
952.  9.103672E-16
953.  9.099440E-16
954.  9.094778E-16
955.  9.089698E-16
956.  9.084208E-16
957.  9.078321E-16
958.  9.072049E-16
959.  9.065406E-16
960.  9.058399E-16
961.  9.051044E-16
962.  9.043350E-16
963.  9.035332E-16
964.  9.027004E-16
965.  9.018375E-16
966.  9.009460E-16
967.  9.000269E-16
968.  8.990821E-16
969.  8.981122E-16
970.  8.971191E-16
971.  8.961039E-16
972.  8.950676E-16
973.  8.940118E-16
974.  8.929381E-16
975.  8.918473E-16
976.  8.907412E-16
977.  8.896207E-16
978.  8.884874E-16
979.  8.873423E-16
980.  8.861873E-16
981.  8.850232E-16
982.  8.838512E-16
983.  8.826730E-16
984.  8.814898E-16
985.  8.803027E-16
986.  8.791130E-16
987.  8.779221E-16
988.  8.767311E-16
989.  8.755411E-16
990.  8.743537E-16
991.  8.731698E-16
992.  8.719907E-16
993.  8.708175E-16
994.  8.696516E-16
995.  8.684939E-16
996.  8.673455E-16
997.  8.662079E-16
998.  8.650817E-16
999.  8.639685E-16
1000.  8.628689E-16
1001.  8.617842E-16
1002.  8.607155E-16
1003.  8.596637E-16
1004.  8.586300E-16
1005.  8.576149E-16
1006.  8.566199E-16
1007.  8.556458E-16
1008.  8.546935E-16
1009.  8.537639E-16
1010.  8.528580E-16
1011.  8.519765E-16
1012.  8.511205E-16
1013.  8.502910E-16
1014.  8.494883E-16
1015.  8.487138E-16
1016.  8.479681E-16
1017.  8.472516E-16
1018.  8.465657E-16
1019.  8.459109E-16
1020.  8.452880E-16
1021.  8.446975E-16
1022.  8.441404E-16
1023.  8.436176E-16
1024.  8.431293E-16
1025.  8.426763E-16
1026.  8.422595E-16
1027.  8.418793E-16
1028.  8.415367E-16
1029.  8.412319E-16
1030.  8.409659E-16
1031.  8.407390E-16
1032.  8.405520E-16
1033.  8.404052E-16
1034.  8.402994E-16
1035.  8.402353E-16
1036.  8.402132E-16
1037.  8.402335E-16
1038.  8.402970E-16
1039.  8.404044E-16
1040.  8.405557E-16
1041.  8.407516E-16
1042.  8.409926E-16
1043.  8.412792E-16
1044.  8.416117E-16
1045.  8.419910E-16
1046.  8.424168E-16
1047.  8.428902E-16
1048.  8.434113E-16
1049.  8.439806E-16
1050.  8.445986E-16
1051.  8.452651E-16
1052.  8.459811E-16
1053.  8.467469E-16
1054.  8.475625E-16
1055.  8.484286E-16
1056.  8.493453E-16
1057.  8.503130E-16
1058.  8.513320E-16
1059.  8.524026E-16
1060.  8.535250E-16
1061.  8.546994E-16
1062.  8.559264E-16
1063.  8.572057E-16
1064.  8.585380E-16
1065.  8.599232E-16
1066.  8.613615E-16
1067.  8.628533E-16
1068.  8.643986E-16
1069.  8.659974E-16
1070.  8.676500E-16
1071.  8.693567E-16
1072.  8.711172E-16
1073.  8.729317E-16
1074.  8.748003E-16
1075.  8.767231E-16
1076.  8.787000E-16
1077.  8.807311E-16
1078.  8.828161E-16
1079.  8.849554E-16
1080.  8.871484E-16
1081.  8.893954E-16
1082.  8.916964E-16
1083.  8.940507E-16
1084.  8.964588E-16
1085.  8.989198E-16
1086.  9.014339E-16
1087.  9.040012E-16
1088.  9.066209E-16
1089.  9.092928E-16
1090.  9.120169E-16
1091.  9.147928E-16
1092.  9.176198E-16
1093.  9.204979E-16
1094.  9.234266E-16
1095.  9.264052E-16
1096.  9.294336E-16
1097.  9.325110E-16
1098.  9.356371E-16
1099.  9.388114E-16
1100.  9.420333E-16
1101.  9.453020E-16
1102.  9.486170E-16
1103.  9.519777E-16
1104.  9.553833E-16
1105.  9.588332E-16
1106.  9.623268E-16
1107.  9.658630E-16
1108.  9.694414E-16
1109.  9.730610E-16
1110.  9.767207E-16
1111.  9.804199E-16
1112.  9.841577E-16
1113.  9.879330E-16
1114.  9.917453E-16
1115.  9.955930E-16
1116.  9.994758E-16
1117.  1.003392E-15
1118.  1.007341E-15
1119.  1.011321E-15
1120.  1.015332E-15
1121.  1.019372E-15
1122.  1.023441E-15
1123.  1.027536E-15
1124.  1.031657E-15
1125.  1.035803E-15
1126.  1.039972E-15
1127.  1.044163E-15
1128.  1.048375E-15
1129.  1.052607E-15
1130.  1.056856E-15
1131.  1.061123E-15
1132.  1.065405E-15
1133.  1.069701E-15
1134.  1.074010E-15
1135.  1.078330E-15
1136.  1.082660E-15
1137.  1.086999E-15
1138.  1.091345E-15
1139.  1.095696E-15
1140.  1.100051E-15
1141.  1.104409E-15
1142.  1.108768E-15
1143.  1.113127E-15
1144.  1.117484E-15
1145.  1.121838E-15
1146.  1.126187E-15
1147.  1.130529E-15
1148.  1.134863E-15
1149.  1.139188E-15
1150.  1.143502E-15
1151.  1.147804E-15
1152.  1.152091E-15
1153.  1.156363E-15
1154.  1.160618E-15
1155.  1.164854E-15
1156.  1.169070E-15
1157.  1.173264E-15
1158.  1.177435E-15
1159.  1.181582E-15
1160.  1.185702E-15
1161.  1.189794E-15
1162.  1.193858E-15
1163.  1.197891E-15
1164.  1.201891E-15
1165.  1.205859E-15
1166.  1.209791E-15
1167.  1.213687E-15
1168.  1.217545E-15
1169.  1.221365E-15
1170.  1.225143E-15
1171.  1.228881E-15
1172.  1.232575E-15
1173.  1.236225E-15
1174.  1.239829E-15
1175.  1.243386E-15
1176.  1.246895E-15
1177.  1.250356E-15
1178.  1.253765E-15
1179.  1.257124E-15
1180.  1.260429E-15
1181.  1.263681E-15
1182.  1.266878E-15
1183.  1.270019E-15
1184.  1.273104E-15
1185.  1.276131E-15
1186.  1.279100E-15
1187.  1.282009E-15
1188.  1.284858E-15
1189.  1.287646E-15
1190.  1.290373E-15
1191.  1.293036E-15
1192.  1.295637E-15
1193.  1.298174E-15
1194.  1.300647E-15
1195.  1.303054E-15
1196.  1.305396E-15
1197.  1.307673E-15
1198.  1.309883E-15
1199.  1.312026E-15
1200.  1.314102E-15
1201.  1.316111E-15
1202.  1.318053E-15
1203.  1.319927E-15
1204.  1.321733E-15
1205.  1.323470E-15
1206.  1.325140E-15
1207.  1.326742E-15
1208.  1.328276E-15
1209.  1.329741E-15
1210.  1.331139E-15
1211.  1.332470E-15
1212.  1.333733E-15
1213.  1.334928E-15
1214.  1.336057E-15
1215.  1.337119E-15
1216.  1.338116E-15
1217.  1.339046E-15
1218.  1.339911E-15
1219.  1.340712E-15
1220.  1.341449E-15
1221.  1.342122E-15
1222.  1.342733E-15
1223.  1.343281E-15
1224.  1.343768E-15
1225.  1.344195E-15
1226.  1.344562E-15
1227.  1.344870E-15
1228.  1.345120E-15
1229.  1.345313E-15
1230.  1.345451E-15
1231.  1.345533E-15
1232.  1.345562E-15
1233.  1.345537E-15
1234.  1.345461E-15
1235.  1.345334E-15
1236.  1.345158E-15
1237.  1.344934E-15
1238.  1.344662E-15
1239.  1.344345E-15
1240.  1.343984E-15
1241.  1.343579E-15
1242.  1.343133E-15
1243.  1.342646E-15
1244.  1.342120E-15
1245.  1.341556E-15
1246.  1.340956E-15
1247.  1.340321E-15
1248.  1.339653E-15
1249.  1.338952E-15
1250.  1.338221E-15
1251.  1.337461E-15
1252.  1.336673E-15
1253.  1.335859E-15
1254.  1.335020E-15
1255.  1.334159E-15
1256.  1.333275E-15
1257.  1.332371E-15
1258.  1.331448E-15
1259.  1.330508E-15
1260.  1.329552E-15
1261.  1.328581E-15
1262.  1.327598E-15
1263.  1.326603E-15
1264.  1.325598E-15
1265.  1.324584E-15
1266.  1.323563E-15
1267.  1.322536E-15
1268.  1.321505E-15
1269.  1.320471E-15
1270.  1.319434E-15
1271.  1.318398E-15
1272.  1.317362E-15
1273.  1.316328E-15
1274.  1.315298E-15
1275.  1.314273E-15
1276.  1.313253E-15
1277.  1.312240E-15
1278.  1.311236E-15
1279.  1.310241E-15
1280.  1.309256E-15
1281.  1.308283E-15
1282.  1.307323E-15
1283.  1.306376E-15
1284.  1.305443E-15
1285.  1.304527E-15
1286.  1.303627E-15
1287.  1.302744E-15
1288.  1.301879E-15
1289.  1.301034E-15
1290.  1.300209E-15
1291.  1.299404E-15
1292.  1.298621E-15
1293.  1.297859E-15
1294.  1.297121E-15
1295.  1.296407E-15
1296.  1.295716E-15
1297.  1.295050E-15
1298.  1.294410E-15
1299.  1.293795E-15
1300.  1.293206E-15
1301.  1.292645E-15
1302.  1.292111E-15
1303.  1.291604E-15
1304.  1.291125E-15
1305.  1.290675E-15
1306.  1.290254E-15
1307.  1.289862E-15
1308.  1.289499E-15
1309.  1.289166E-15
1310.  1.288862E-15
1311.  1.288589E-15
1312.  1.288346E-15
1313.  1.288133E-15
1314.  1.287952E-15
1315.  1.287801E-15
1316.  1.287681E-15
1317.  1.287592E-15
1318.  1.287534E-15
1319.  1.287507E-15
1320.  1.287511E-15
1321.  1.287547E-15
1322.  1.287615E-15
1323.  1.287713E-15
1324.  1.287844E-15
1325.  1.288005E-15
1326.  1.288199E-15
1327.  1.288424E-15
1328.  1.288680E-15
1329.  1.288968E-15
1330.  1.289287E-15
1331.  1.289638E-15
1332.  1.290021E-15
1333.  1.290435E-15
1334.  1.290881E-15
1335.  1.291358E-15
1336.  1.291867E-15
1337.  1.292408E-15
1338.  1.292980E-15
1339.  1.293584E-15
1340.  1.294220E-15
1341.  1.294888E-15
1342.  1.295588E-15
1343.  1.296319E-15
1344.  1.297083E-15
1345.  1.297879E-15
1346.  1.298707E-15
1347.  1.299567E-15
1348.  1.300460E-15
1349.  1.301386E-15
1350.  1.302345E-15
1351.  1.303336E-15
1352.  1.304361E-15
1353.  1.305419E-15
1354.  1.306511E-15
1355.  1.307637E-15
1356.  1.308797E-15
1357.  1.309991E-15
1358.  1.311220E-15
1359.  1.312483E-15
1360.  1.313783E-15
1361.  1.315117E-15
1362.  1.316488E-15
1363.  1.317895E-15
1364.  1.319338E-15
1365.  1.320819E-15
1366.  1.322337E-15
1367.  1.323893E-15
1368.  1.325487E-15
1369.  1.327120E-15
1370.  1.328792E-15
1371.  1.330503E-15
1372.  1.332255E-15
1373.  1.334047E-15
1374.  1.335880E-15
1375.  1.337755E-15
1376.  1.339671E-15
1377.  1.341630E-15
1378.  1.343632E-15
1379.  1.345677E-15
1380.  1.347766E-15
1381.  1.349900E-15
1382.  1.352079E-15
1383.  1.354303E-15
1384.  1.356573E-15
1385.  1.358889E-15
1386.  1.361253E-15
1387.  1.363664E-15
1388.  1.366122E-15
1389.  1.368630E-15
1390.  1.371186E-15
1391.  1.373791E-15
1392.  1.376446E-15
1393.  1.379152E-15
1394.  1.381907E-15
1395.  1.384715E-15
1396.  1.387573E-15
1397.  1.390483E-15
1398.  1.393445E-15
1399.  1.396460E-15
1400.  1.399527E-15
1401.  1.402648E-15
1402.  1.405822E-15
1403.  1.409049E-15
1404.  1.412330E-15
1405.  1.415666E-15
1406.  1.419055E-15
1407.  1.422499E-15
1408.  1.425996E-15
1409.  1.429549E-15
1410.  1.433156E-15
1411.  1.436817E-15
1412.  1.440533E-15
1413.  1.444303E-15
1414.  1.448128E-15
1415.  1.452007E-15
1416.  1.455940E-15
1417.  1.459927E-15
1418.  1.463967E-15
1419.  1.468061E-15
1420.  1.472208E-15
1421.  1.476407E-15
1422.  1.480660E-15
1423.  1.484964E-15
1424.  1.489319E-15
1425.  1.493725E-15
1426.  1.498182E-15
1427.  1.502688E-15
1428.  1.507244E-15
1429.  1.511848E-15
1430.  1.516500E-15
1431.  1.521199E-15
1432.  1.525945E-15
1433.  1.530736E-15
1434.  1.535571E-15
1435.  1.540451E-15
1436.  1.545372E-15
1437.  1.550336E-15
1438.  1.555340E-15
1439.  1.560384E-15
1440.  1.565467E-15
1441.  1.570587E-15
1442.  1.575743E-15
1443.  1.580935E-15
1444.  1.586160E-15
1445.  1.591418E-15
1446.  1.596706E-15
1447.  1.602025E-15
1448.  1.607372E-15
1449.  1.612746E-15
1450.  1.618146E-15
1451.  1.623569E-15
1452.  1.629016E-15
1453.  1.634483E-15
1454.  1.639970E-15
1455.  1.645475E-15
1456.  1.650995E-15
1457.  1.656531E-15
1458.  1.662079E-15
1459.  1.667639E-15
1460.  1.673208E-15
1461.  1.678786E-15
1462.  1.684369E-15
1463.  1.689956E-15
1464.  1.695546E-15
1465.  1.701137E-15
1466.  1.706726E-15
1467.  1.712313E-15
1468.  1.717895E-15
1469.  1.723470E-15
1470.  1.729036E-15
1471.  1.734593E-15
1472.  1.740137E-15
1473.  1.745667E-15
1474.  1.751181E-15
1475.  1.756678E-15
1476.  1.762155E-15
1477.  1.767609E-15
1478.  1.773041E-15
1479.  1.778447E-15
1480.  1.783826E-15
1481.  1.789177E-15
1482.  1.794496E-15
1483.  1.799782E-15
1484.  1.805034E-15
1485.  1.810249E-15
1486.  1.815426E-15
1487.  1.820563E-15
1488.  1.825658E-15
1489.  1.830709E-15
1490.  1.835715E-15
1491.  1.840674E-15
1492.  1.845584E-15
1493.  1.850443E-15
1494.  1.855250E-15
1495.  1.860003E-15
1496.  1.864701E-15
1497.  1.869341E-15
1498.  1.873922E-15
1499.  1.878444E-15
1500.  1.882903E-15
1501.  1.887298E-15
1502.  1.891629E-15
1503.  1.895894E-15
1504.  1.900090E-15
1505.  1.904217E-15
1506.  1.908274E-15
1507.  1.912259E-15
1508.  1.916170E-15
1509.  1.920006E-15
1510.  1.923767E-15
1511.  1.927451E-15
1512.  1.931057E-15
1513.  1.934583E-15
1514.  1.938029E-15
1515.  1.941393E-15
1516.  1.944675E-15
1517.  1.947872E-15
1518.  1.950985E-15
1519.  1.954013E-15
1520.  1.956954E-15
1521.  1.959807E-15
1522.  1.962572E-15
1523.  1.965248E-15
1524.  1.967835E-15
1525.  1.970331E-15
1526.  1.972735E-15
1527.  1.975048E-15
1528.  1.977268E-15
1529.  1.979394E-15
1530.  1.981428E-15
1531.  1.983367E-15
1532.  1.985211E-15
1533.  1.986960E-15
1534.  1.988613E-15
1535.  1.990170E-15
1536.  1.991631E-15
1537.  1.992994E-15
1538.  1.994262E-15
1539.  1.995431E-15
1540.  1.996503E-15
1541.  1.997477E-15
1542.  1.998353E-15
1543.  1.999132E-15
1544.  1.999811E-15
1545.  2.000393E-15
1546.  2.000876E-15
1547.  2.001261E-15
1548.  2.001547E-15
1549.  2.001735E-15
1550.  2.001825E-15
1551.  2.001816E-15
1552.  2.001710E-15
1553.  2.001505E-15
1554.  2.001201E-15
1555.  2.000801E-15
1556.  2.000302E-15
1557.  1.999706E-15
1558.  1.999013E-15
1559.  1.998223E-15
1560.  1.997336E-15
1561.  1.996352E-15
1562.  1.995273E-15
1563.  1.994097E-15
1564.  1.992826E-15
1565.  1.991460E-15
1566.  1.989999E-15
1567.  1.988443E-15
1568.  1.986793E-15
1569.  1.985049E-15
1570.  1.983212E-15
1571.  1.981282E-15
1572.  1.979259E-15
1573.  1.977144E-15
1574.  1.974938E-15
1575.  1.972640E-15
1576.  1.970251E-15
1577.  1.967771E-15
1578.  1.965202E-15
1579.  1.962543E-15
1580.  1.959795E-15
1581.  1.956959E-15
1582.  1.954034E-15
1583.  1.951022E-15
1584.  1.947922E-15
1585.  1.944736E-15
1586.  1.941463E-15
1587.  1.938105E-15
1588.  1.934662E-15
1589.  1.931133E-15
1590.  1.927520E-15
1591.  1.923824E-15
1592.  1.920044E-15
1593.  1.916181E-15
1594.  1.912235E-15
1595.  1.908207E-15
1596.  1.904098E-15
1597.  1.899908E-15
1598.  1.895637E-15
1599.  1.891286E-15
1600.  1.886856E-15
1601.  1.882346E-15
1602.  1.877757E-15
1603.  1.873089E-15
1604.  1.868344E-15
1605.  1.863522E-15
1606.  1.858622E-15
1607.  1.853645E-15
1608.  1.848593E-15
1609.  1.843464E-15
1610.  1.838260E-15
1611.  1.832981E-15
1612.  1.827628E-15
1613.  1.822201E-15
1614.  1.816700E-15
1615.  1.811125E-15
1616.  1.805478E-15
1617.  1.799759E-15
1618.  1.793967E-15
1619.  1.788104E-15
1620.  1.782170E-15
1621.  1.776165E-15
1622.  1.770089E-15
1623.  1.763944E-15
1624.  1.757730E-15
1625.  1.751446E-15
1626.  1.745094E-15
1627.  1.738673E-15
1628.  1.732185E-15
1629.  1.725630E-15
1630.  1.719008E-15
1631.  1.712319E-15
1632.  1.705566E-15
1633.  1.698746E-15
1634.  1.691862E-15
1635.  1.684913E-15
1636.  1.677901E-15
1637.  1.670825E-15
1638.  1.663687E-15
1639.  1.656486E-15
1640.  1.649224E-15
1641.  1.641901E-15
1642.  1.634517E-15
1643.  1.627073E-15
1644.  1.619571E-15
1645.  1.612009E-15
1646.  1.604390E-15
1647.  1.596713E-15
1648.  1.588980E-15
1649.  1.581191E-15
1650.  1.573347E-15
1651.  1.565449E-15
1652.  1.557496E-15
1653.  1.549491E-15
1654.  1.541434E-15
1655.  1.533326E-15
1656.  1.525168E-15
1657.  1.516959E-15
1658.  1.508703E-15
1659.  1.500398E-15
1660.  1.492047E-15
1661.  1.483650E-15
1662.  1.475208E-15
1663.  1.466722E-15
1664.  1.458193E-15
1665.  1.449623E-15
1666.  1.441012E-15
1667.  1.432362E-15
1668.  1.423672E-15
1669.  1.414946E-15
1670.  1.406183E-15
1671.  1.397385E-15
1672.  1.388554E-15
1673.  1.379690E-15
1674.  1.370794E-15
1675.  1.361868E-15
1676.  1.352914E-15
1677.  1.343932E-15
1678.  1.334924E-15
1679.  1.325891E-15
1680.  1.316835E-15
1681.  1.307757E-15
1682.  1.298658E-15
1683.  1.289540E-15
1684.  1.280404E-15
1685.  1.271252E-15
1686.  1.262085E-15
1687.  1.252904E-15
1688.  1.243712E-15
1689.  1.234509E-15
1690.  1.225298E-15
1691.  1.216080E-15
1692.  1.206856E-15
1693.  1.197627E-15
1694.  1.188396E-15
1695.  1.179164E-15
1696.  1.169933E-15
1697.  1.160704E-15
1698.  1.151478E-15
1699.  1.142259E-15
1700.  1.133046E-15
1701.  1.123842E-15
1702.  1.114648E-15
1703.  1.105466E-15
1704.  1.096297E-15
1705.  1.087144E-15
1706.  1.078007E-15
1707.  1.068889E-15
1708.  1.059790E-15
1709.  1.050713E-15
1710.  1.041659E-15
1711.  1.032630E-15
1712.  1.023627E-15
1713.  1.014652E-15
1714.  1.005707E-15
1715.  9.967923E-16
1716.  9.879101E-16
1717.  9.790621E-16
1718.  9.702496E-16
1719.  9.614743E-16
1720.  9.527372E-16
1721.  9.440401E-16
1722.  9.353845E-16
1723.  9.267716E-16
1724.  9.182030E-16
1725.  9.096801E-16
1726.  9.012041E-16
1727.  8.927765E-16
1728.  8.843984E-16
1729.  8.760712E-16
1730.  8.677965E-16
1731.  8.595750E-16
1732.  8.514082E-16
1733.  8.432975E-16
1734.  8.352436E-16
1735.  8.272482E-16
1736.  8.193119E-16
1737.  8.114361E-16
1738.  8.036217E-16
1739.  7.958698E-16
1740.  7.881816E-16
1741.  7.805579E-16
1742.  7.729995E-16
1743.  7.655078E-16
1744.  7.580831E-16
1745.  7.507265E-16
1746.  7.434391E-16
1747.  7.362213E-16
1748.  7.290742E-16
1749.  7.219984E-16
1750.  7.149946E-16
1751.  7.080633E-16
1752.  7.012057E-16
1753.  6.944220E-16
1754.  6.877128E-16
1755.  6.810787E-16
1756.  6.745203E-16
1757.  6.680383E-16
1758.  6.616326E-16
1759.  6.553043E-16
1760.  6.490536E-16
1761.  6.428807E-16
1762.  6.367862E-16
1763.  6.307702E-16
1764.  6.248333E-16
1765.  6.189757E-16
1766.  6.131974E-16
1767.  6.074991E-16
1768.  6.018806E-16
1769.  5.963421E-16
1770.  5.908841E-16
1771.  5.855064E-16
1772.  5.802095E-16
1773.  5.749930E-16
1774.  5.698571E-16
1775.  5.648022E-16
1776.  5.598278E-16
1777.  5.549343E-16
1778.  5.501216E-16
1779.  5.453896E-16
1780.  5.407382E-16
1781.  5.361674E-16
1782.  5.316771E-16
1783.  5.272671E-16
1784.  5.229375E-16
1785.  5.186879E-16
1786.  5.145183E-16
1787.  5.104284E-16
1788.  5.064182E-16
1789.  5.024873E-16
1790.  4.986356E-16
1791.  4.948629E-16
1792.  4.911689E-16
1793.  4.875533E-16
1794.  4.840160E-16
1795.  4.805565E-16
1796.  4.771747E-16
1797.  4.738704E-16
1798.  4.706431E-16
1799.  4.674926E-16
1800.  4.644186E-16
1801.  4.614205E-16
1802.  4.584984E-16
1803.  4.556518E-16
1804.  4.528804E-16
1805.  4.501837E-16
1806.  4.475615E-16
1807.  4.450134E-16
1808.  4.425392E-16
1809.  4.401383E-16
1810.  4.378106E-16
1811.  4.355557E-16
1812.  4.333731E-16
1813.  4.312625E-16
1814.  4.292235E-16
1815.  4.272559E-16
1816.  4.253594E-16
1817.  4.235333E-16
1818.  4.217775E-16
1819.  4.200915E-16
1820.  4.184753E-16
1821.  4.169283E-16
1822.  4.154501E-16
1823.  4.140405E-16
1824.  4.126991E-16
1825.  4.114256E-16
1826.  4.102198E-16
1827.  4.090812E-16
1828.  4.080095E-16
1829.  4.070047E-16
1830.  4.060658E-16
1831.  4.051934E-16
1832.  4.043866E-16
1833.  4.036453E-16
1834.  4.029692E-16
1835.  4.023581E-16
1836.  4.018117E-16
1837.  4.013299E-16
1838.  4.009121E-16
1839.  4.005584E-16
1840.  4.002685E-16
1841.  4.000419E-16
1842.  3.998789E-16
1843.  3.997790E-16
1844.  3.997419E-16
1845.  3.997677E-16
1846.  3.998560E-16
1847.  4.000067E-16
1848.  4.002196E-16
1849.  4.004948E-16
1850.  4.008317E-16
1851.  4.012306E-16
1852.  4.016912E-16
1853.  4.022133E-16
1854.  4.027969E-16
1855.  4.034419E-16
1856.  4.041482E-16
1857.  4.049155E-16
1858.  4.057442E-16
1859.  4.066337E-16
1860.  4.075844E-16
1861.  4.085961E-16
1862.  4.096684E-16
1863.  4.108017E-16
1864.  4.119958E-16
1865.  4.132506E-16
1866.  4.145662E-16
1867.  4.159425E-16
1868.  4.173796E-16
1869.  4.188772E-16
1870.  4.204356E-16
1871.  4.220547E-16
1872.  4.237344E-16
1873.  4.254748E-16
1874.  4.272758E-16
1875.  4.291375E-16
1876.  4.310599E-16
1877.  4.330429E-16
1878.  4.350865E-16
1879.  4.371908E-16
1880.  4.393559E-16
1881.  4.415817E-16
1882.  4.438680E-16
1883.  4.462149E-16
1884.  4.486225E-16
1885.  4.510906E-16
1886.  4.536193E-16
1887.  4.562086E-16
1888.  4.588584E-16
1889.  4.615684E-16
1890.  4.643391E-16
1891.  4.671697E-16
1892.  4.700607E-16
1893.  4.730120E-16
1894.  4.760231E-16
1895.  4.790941E-16
1896.  4.822249E-16
1897.  4.854153E-16
1898.  4.886652E-16
1899.  4.919744E-16
1900.  4.953425E-16
1901.  4.987696E-16
1902.  5.022553E-16
1903.  5.057994E-16
1904.  5.094015E-16
1905.  5.130614E-16
1906.  5.167789E-16
1907.  5.205535E-16
1908.  5.243849E-16
1909.  5.282727E-16
1910.  5.322165E-16
1911.  5.362159E-16
1912.  5.402704E-16
1913.  5.443795E-16
1914.  5.485428E-16
1915.  5.527596E-16
1916.  5.570294E-16
1917.  5.613516E-16
1918.  5.657256E-16
1919.  5.701508E-16
1920.  5.746264E-16
1921.  5.791518E-16
1922.  5.837262E-16
1923.  5.883489E-16
1924.  5.930188E-16
1925.  5.977355E-16
1926.  6.024979E-16
1927.  6.073052E-16
1928.  6.121563E-16
1929.  6.170504E-16
1930.  6.219864E-16
1931.  6.269634E-16
1932.  6.319803E-16
1933.  6.370360E-16
1934.  6.421295E-16
1935.  6.472595E-16
1936.  6.524250E-16
1937.  6.576246E-16
1938.  6.628572E-16
1939.  6.681217E-16
1940.  6.734165E-16
1941.  6.787406E-16
1942.  6.840924E-16
1943.  6.894705E-16
1944.  6.948739E-16
1945.  7.003008E-16
1946.  7.057501E-16
1947.  7.112201E-16
1948.  7.167094E-16
1949.  7.222164E-16
1950.  7.277398E-16
1951.  7.332779E-16
1952.  7.388291E-16
1953.  7.443921E-16
1954.  7.499651E-16
1955.  7.555466E-16
1956.  7.611349E-16
1957.  7.667285E-16
1958.  7.723255E-16
1959.  7.779248E-16
1960.  7.835243E-16
1961.  7.891224E-16
1962.  7.947177E-16
1963.  8.003083E-16
1964.  8.058925E-16
1965.  8.114688E-16
1966.  8.170356E-16
1967.  8.225912E-16
1968.  8.281338E-16
1969.  8.336620E-16
1970.  8.391740E-16
1971.  8.446683E-16
1972.  8.501430E-16
1973.  8.555971E-16
1974.  8.610285E-16
1975.  8.664356E-16
1976.  8.718171E-16
1977.  8.771715E-16
1978.  8.824971E-16
1979.  8.877924E-16
1980.  8.930563E-16
1981.  8.982868E-16
1982.  9.034828E-16
1983.  9.086432E-16
1984.  9.137658E-16
1985.  9.188500E-16
1986.  9.238942E-16
1987.  9.288972E-16
1988.  9.338576E-16
1989.  9.387745E-16
1990.  9.436465E-16
1991.  9.484724E-16
1992.  9.532514E-16
1993.  9.579822E-16
1994.  9.626635E-16
1995.  9.672950E-16
1996.  9.718752E-16
1997.  9.764035E-16
1998.  9.808786E-16
1999.  9.853000E-16
2000.  9.896670E-16
2001.  9.939783E-16
2002.  9.982340E-16
2003.  1.002433E-15
2004.  1.006574E-15
2005.  1.010658E-15
2006.  1.014683E-15
2007.  1.018649E-15
2008.  1.022556E-15
2009.  1.026403E-15
2010.  1.030189E-15
2011.  1.033915E-15
2012.  1.037580E-15
2013.  1.041184E-15
2014.  1.044726E-15
2015.  1.048207E-15
2016.  1.051625E-15
2017.  1.054983E-15
2018.  1.058277E-15
2019.  1.061510E-15
2020.  1.064681E-15
2021.  1.067790E-15
2022.  1.070836E-15
2023.  1.073821E-15
2024.  1.076743E-15
2025.  1.079604E-15
2026.  1.082404E-15
2027.  1.085141E-15
2028.  1.087818E-15
2029.  1.090433E-15
2030.  1.092988E-15
2031.  1.095481E-15
2032.  1.097915E-15
2033.  1.100288E-15
2034.  1.102602E-15
2035.  1.104856E-15
2036.  1.107052E-15
2037.  1.109188E-15
2038.  1.111266E-15
2039.  1.113285E-15
2040.  1.115247E-15
2041.  1.117151E-15
2042.  1.118999E-15
2043.  1.120789E-15
2044.  1.122523E-15
2045.  1.124201E-15
2046.  1.125824E-15
2047.  1.127391E-15
2048.  1.128903E-15
2049.  1.130360E-15
2050.  1.131762E-15
2051.  1.133111E-15
2052.  1.134406E-15
2053.  1.135647E-15
2054.  1.136836E-15
2055.  1.137971E-15
2056.  1.139053E-15
2057.  1.140083E-15
2058.  1.141061E-15
2059.  1.141986E-15
2060.  1.142860E-15
2061.  1.143682E-15
2062.  1.144452E-15
2063.  1.145171E-15
2064.  1.145838E-15
2065.  1.146454E-15
2066.  1.147018E-15
2067.  1.147532E-15
2068.  1.147994E-15
2069.  1.148405E-15
2070.  1.148765E-15
2071.  1.149074E-15
2072.  1.149331E-15
2073.  1.149538E-15
2074.  1.149692E-15
2075.  1.149796E-15
2076.  1.149847E-15
2077.  1.149847E-15
2078.  1.149795E-15
2079.  1.149691E-15
2080.  1.149534E-15
2081.  1.149326E-15
2082.  1.149064E-15
2083.  1.148750E-15
2084.  1.148383E-15
2085.  1.147963E-15
2086.  1.147489E-15
2087.  1.146961E-15
2088.  1.146380E-15
2089.  1.145745E-15
2090.  1.145055E-15
2091.  1.144310E-15
2092.  1.143511E-15
2093.  1.142657E-15
2094.  1.141747E-15
2095.  1.140782E-15
2096.  1.139762E-15
2097.  1.138686E-15
2098.  1.137553E-15
2099.  1.136365E-15
2100.  1.135120E-15
2101.  1.133820E-15
2102.  1.132462E-15
2103.  1.131049E-15
2104.  1.129578E-15
2105.  1.128051E-15
2106.  1.126468E-15
2107.  1.124828E-15
2108.  1.123132E-15
2109.  1.121380E-15
2110.  1.119571E-15
2111.  1.117707E-15
2112.  1.115786E-15
2113.  1.113810E-15
2114.  1.111779E-15
2115.  1.109693E-15
2116.  1.107553E-15
2117.  1.105359E-15
2118.  1.103111E-15
2119.  1.100810E-15
2120.  1.098456E-15
2121.  1.096051E-15
2122.  1.093595E-15
2123.  1.091088E-15
2124.  1.088532E-15
2125.  1.085926E-15
2126.  1.083273E-15
2127.  1.080572E-15
2128.  1.077825E-15
2129.  1.075034E-15
2130.  1.072198E-15
2131.  1.069319E-15
2132.  1.066399E-15
2133.  1.063439E-15
2134.  1.060439E-15
2135.  1.057401E-15
2136.  1.054327E-15
2137.  1.051219E-15
2138.  1.048077E-15
2139.  1.044902E-15
2140.  1.041698E-15
2141.  1.038465E-15
2142.  1.035206E-15
2143.  1.031921E-15
2144.  1.028613E-15
2145.  1.025283E-15
2146.  1.021934E-15
2147.  1.018567E-15
2148.  1.015185E-15
2149.  1.011789E-15
2150.  1.008381E-15
2151.  1.004964E-15
2152.  1.001539E-15
2153.  9.981091E-16
2154.  9.946761E-16
2155.  9.912421E-16
2156.  9.878096E-16
2157.  9.843807E-16
2158.  9.809578E-16
2159.  9.775429E-16
2160.  9.741387E-16
2161.  9.707475E-16
2162.  9.673713E-16
2163.  9.640131E-16
2164.  9.606745E-16
2165.  9.573581E-16
2166.  9.540670E-16
2167.  9.508028E-16
2168.  9.475681E-16
2169.  9.443652E-16
2170.  9.411968E-16
2171.  9.380647E-16
2172.  9.349719E-16
2173.  9.319205E-16
2174.  9.289127E-16
2175.  9.259508E-16
2176.  9.230371E-16
2177.  9.201743E-16
2178.  9.173641E-16
2179.  9.146091E-16
2180.  9.119112E-16
2181.  9.092727E-16
2182.  9.066957E-16
2183.  9.041823E-16
2184.  9.017344E-16
2185.  8.993543E-16
2186.  8.970437E-16
2187.  8.948048E-16
2188.  8.926391E-16
2189.  8.905487E-16
2190.  8.885354E-16
2191.  8.866006E-16
2192.  8.847463E-16
2193.  8.829741E-16
2194.  8.812854E-16
2195.  8.796817E-16
2196.  8.781644E-16
2197.  8.767352E-16
2198.  8.753949E-16
2199.  8.741451E-16
2200.  8.729869E-16
2201.  8.719214E-16
2202.  8.709497E-16
2203.  8.700726E-16
2204.  8.692910E-16
2205.  8.686062E-16
2206.  8.680183E-16
2207.  8.675286E-16
2208.  8.671373E-16
2209.  8.668451E-16
2210.  8.666525E-16
2211.  8.665598E-16
2212.  8.665674E-16
2213.  8.666757E-16
2214.  8.668846E-16
2215.  8.671944E-16
2216.  8.676052E-16
2217.  8.681168E-16
2218.  8.687290E-16
2219.  8.694419E-16
2220.  8.702551E-16
2221.  8.711684E-16
2222.  8.721812E-16
2223.  8.732932E-16
2224.  8.745037E-16
2225.  8.758122E-16
2226.  8.772182E-16
2227.  8.787208E-16
2228.  8.803191E-16
2229.  8.820124E-16
2230.  8.838000E-16
2231.  8.856803E-16
2232.  8.876527E-16
2233.  8.897160E-16
2234.  8.918692E-16
2235.  8.941105E-16
2236.  8.964393E-16
2237.  8.988540E-16
2238.  9.013534E-16
2239.  9.039356E-16
2240.  9.065996E-16
2241.  9.093438E-16
2242.  9.121663E-16
2243.  9.150660E-16
2244.  9.180408E-16
2245.  9.210894E-16
2246.  9.242097E-16
2247.  9.274003E-16
2248.  9.306589E-16
2249.  9.339841E-16
2250.  9.373742E-16
2251.  9.408270E-16
2252.  9.443405E-16
2253.  9.479130E-16
2254.  9.515426E-16
2255.  9.552271E-16
2256.  9.589648E-16
2257.  9.627533E-16
2258.  9.665910E-16
2259.  9.704756E-16
2260.  9.744051E-16
2261.  9.783779E-16
2262.  9.823911E-16
2263.  9.864433E-16
2264.  9.905324E-16
2265.  9.946560E-16
2266.  9.988125E-16
2267.  1.003000E-15
2268.  1.007215E-15
2269.  1.011457E-15
2270.  1.015724E-15
2271.  1.020013E-15
2272.  1.024323E-15
2273.  1.028652E-15
2274.  1.032997E-15
2275.  1.037357E-15
2276.  1.041729E-15
2277.  1.046113E-15
2278.  1.050505E-15
2279.  1.054905E-15
2280.  1.059309E-15
2281.  1.063718E-15
2282.  1.068128E-15
2283.  1.072538E-15
2284.  1.076946E-15
2285.  1.081351E-15
2286.  1.085751E-15
2287.  1.090145E-15
2288.  1.094530E-15
2289.  1.098905E-15
2290.  1.103269E-15
2291.  1.107620E-15
2292.  1.111957E-15
2293.  1.116279E-15
2294.  1.120584E-15
2295.  1.124870E-15
2296.  1.129137E-15
2297.  1.133383E-15
2298.  1.137608E-15
2299.  1.141809E-15
2300.  1.145986E-15
2301.  1.150138E-15
2302.  1.154264E-15
2303.  1.158362E-15
2304.  1.162432E-15
2305.  1.166474E-15
2306.  1.170485E-15
2307.  1.174466E-15
2308.  1.178415E-15
2309.  1.182332E-15
2310.  1.186216E-15
2311.  1.190066E-15
2312.  1.193882E-15
2313.  1.197664E-15
2314.  1.201410E-15
2315.  1.205120E-15
2316.  1.208794E-15
2317.  1.212431E-15
2318.  1.216032E-15
2319.  1.219594E-15
2320.  1.223120E-15
2321.  1.226607E-15
2322.  1.230056E-15
2323.  1.233466E-15
2324.  1.236838E-15
2325.  1.240171E-15
2326.  1.243465E-15
2327.  1.246719E-15
2328.  1.249935E-15
2329.  1.253111E-15
2330.  1.256248E-15
2331.  1.259346E-15
2332.  1.262404E-15
2333.  1.265423E-15
2334.  1.268403E-15
2335.  1.271344E-15
2336.  1.274246E-15
2337.  1.277108E-15
2338.  1.279932E-15
2339.  1.282717E-15
2340.  1.285464E-15
2341.  1.288172E-15
2342.  1.290841E-15
2343.  1.293472E-15
2344.  1.296066E-15
2345.  1.298621E-15
2346.  1.301138E-15
2347.  1.303618E-15
2348.  1.306061E-15
2349.  1.308467E-15
2350.  1.310835E-15
2351.  1.313166E-15
2352.  1.315461E-15
2353.  1.317719E-15
2354.  1.319941E-15
2355.  1.322126E-15
2356.  1.324275E-15
2357.  1.326388E-15
2358.  1.328465E-15
2359.  1.330506E-15
2360.  1.332512E-15
2361.  1.334481E-15
2362.  1.336416E-15
2363.  1.338314E-15
2364.  1.340177E-15
2365.  1.342004E-15
2366.  1.343796E-15
2367.  1.345552E-15
2368.  1.347272E-15
2369.  1.348957E-15
2370.  1.350606E-15
2371.  1.352219E-15
2372.  1.353796E-15
2373.  1.355337E-15
2374.  1.356841E-15
2375.  1.358309E-15
2376.  1.359741E-15
2377.  1.361135E-15
2378.  1.362493E-15
2379.  1.363813E-15
2380.  1.365095E-15
2381.  1.366339E-15
2382.  1.367545E-15
2383.  1.368712E-15
2384.  1.369841E-15
2385.  1.370930E-15
2386.  1.371979E-15
2387.  1.372987E-15
2388.  1.373955E-15
2389.  1.374882E-15
2390.  1.375768E-15
2391.  1.376611E-15
2392.  1.377411E-15
2393.  1.378168E-15
2394.  1.378882E-15
2395.  1.379551E-15
2396.  1.380175E-15
2397.  1.380754E-15
2398.  1.381287E-15
2399.  1.381773E-15
2400.  1.382212E-15
2401.  1.382602E-15
2402.  1.382945E-15
2403.  1.383237E-15
2404.  1.383480E-15
2405.  1.383672E-15
2406.  1.383813E-15
2407.  1.383902E-15
2408.  1.383939E-15
2409.  1.383922E-15
2410.  1.383851E-15
2411.  1.383725E-15
2412.  1.383544E-15
2413.  1.383306E-15
2414.  1.383012E-15
2415.  1.382661E-15
2416.  1.382251E-15
2417.  1.381783E-15
2418.  1.381255E-15
2419.  1.380666E-15
2420.  1.380018E-15
2421.  1.379307E-15
2422.  1.378535E-15
2423.  1.377700E-15
2424.  1.376802E-15
2425.  1.375840E-15
2426.  1.374814E-15
2427.  1.373722E-15
2428.  1.372566E-15
2429.  1.371343E-15
2430.  1.370054E-15
2431.  1.368698E-15
2432.  1.367275E-15
2433.  1.365784E-15
2434.  1.364224E-15
2435.  1.362596E-15
2436.  1.360900E-15
2437.  1.359134E-15
2438.  1.357298E-15
2439.  1.355393E-15
2440.  1.353417E-15
2441.  1.351371E-15
2442.  1.349255E-15
2443.  1.347069E-15
2444.  1.344811E-15
2445.  1.342483E-15
2446.  1.340084E-15
2447.  1.337613E-15
2448.  1.335072E-15
2449.  1.332461E-15
2450.  1.329778E-15
2451.  1.327024E-15
2452.  1.324200E-15
2453.  1.321306E-15
2454.  1.318341E-15
2455.  1.315306E-15
2456.  1.312202E-15
2457.  1.309028E-15
2458.  1.305786E-15
2459.  1.302474E-15
2460.  1.299094E-15
2461.  1.295647E-15
2462.  1.292132E-15
2463.  1.288550E-15
2464.  1.284902E-15
2465.  1.281188E-15
2466.  1.277409E-15
2467.  1.273566E-15
2468.  1.269659E-15
2469.  1.265688E-15
2470.  1.261655E-15
2471.  1.257561E-15
2472.  1.253406E-15
2473.  1.249191E-15
2474.  1.244916E-15
2475.  1.240584E-15
2476.  1.236193E-15
2477.  1.231747E-15
2478.  1.227245E-15
2479.  1.222689E-15
2480.  1.218079E-15
2481.  1.213416E-15
2482.  1.208703E-15
2483.  1.203939E-15
2484.  1.199125E-15
2485.  1.194264E-15
2486.  1.189356E-15
2487.  1.184402E-15
2488.  1.179403E-15
2489.  1.174361E-15
2490.  1.169276E-15
2491.  1.164151E-15
2492.  1.158986E-15
2493.  1.153782E-15
2494.  1.148541E-15
2495.  1.143265E-15
2496.  1.137953E-15
2497.  1.132608E-15
2498.  1.127231E-15
2499.  1.121823E-15
2500.  1.116386E-15
2501.  1.110921E-15
2502.  1.105428E-15
2503.  1.099911E-15
2504.  1.094369E-15
2505.  1.088804E-15
2506.  1.083217E-15
2507.  1.077611E-15
2508.  1.071986E-15
2509.  1.066343E-15
2510.  1.060684E-15
2511.  1.055009E-15
2512.  1.049322E-15
2513.  1.043622E-15
2514.  1.037911E-15
2515.  1.032191E-15
2516.  1.026462E-15
2517.  1.020725E-15
2518.  1.014984E-15
2519.  1.009237E-15
2520.  1.003487E-15
2521.  9.977348E-16
2522.  9.919818E-16
2523.  9.862290E-16
2524.  9.804779E-16
2525.  9.747293E-16
2526.  9.689846E-16
2527.  9.632448E-16
2528.  9.575112E-16
2529.  9.517849E-16
2530.  9.460670E-16
2531.  9.403582E-16
2532.  9.346602E-16
2533.  9.289736E-16
2534.  9.232996E-16
2535.  9.176393E-16
2536.  9.119934E-16
2537.  9.063632E-16
2538.  9.007493E-16
2539.  8.951531E-16
2540.  8.895752E-16
2541.  8.840165E-16
2542.  8.784779E-16
2543.  8.729606E-16
2544.  8.674650E-16
2545.  8.619919E-16
2546.  8.565424E-16
2547.  8.511172E-16
2548.  8.457170E-16
2549.  8.403424E-16
2550.  8.349944E-16
2551.  8.296736E-16
2552.  8.243807E-16
2553.  8.191162E-16
2554.  8.138808E-16
2555.  8.086754E-16
2556.  8.035003E-16
2557.  7.983560E-16
2558.  7.932433E-16
2559.  7.881628E-16
2560.  7.831147E-16
2561.  7.780997E-16
2562.  7.731184E-16
2563.  7.681711E-16
2564.  7.632583E-16
2565.  7.583804E-16
2566.  7.535378E-16
2567.  7.487309E-16
2568.  7.439603E-16
2569.  7.392259E-16
2570.  7.345285E-16
2571.  7.298682E-16
2572.  7.252453E-16
2573.  7.206602E-16
2574.  7.161129E-16
2575.  7.116042E-16
2576.  7.071336E-16
2577.  7.027018E-16
2578.  6.983092E-16
2579.  6.939553E-16
2580.  6.896410E-16
2581.  6.853658E-16
2582.  6.811304E-16
2583.  6.769346E-16
2584.  6.727786E-16
2585.  6.686624E-16
2586.  6.645863E-16
2587.  6.605501E-16
2588.  6.565539E-16
2589.  6.525977E-16
2590.  6.486817E-16
2591.  6.448057E-16
2592.  6.409697E-16
2593.  6.371739E-16
2594.  6.334177E-16
2595.  6.297017E-16
2596.  6.260252E-16
2597.  6.223885E-16
2598.  6.187912E-16
2599.  6.152334E-16
2600.  6.117148E-16
2601.  6.082351E-16
2602.  6.047945E-16
2603.  6.013924E-16
2604.  5.980288E-16
2605.  5.947034E-16
2606.  5.914158E-16
2607.  5.881659E-16
2608.  5.849534E-16
2609.  5.817780E-16
2610.  5.786392E-16
2611.  5.755369E-16
2612.  5.724705E-16
2613.  5.694397E-16
2614.  5.664443E-16
2615.  5.634835E-16
2616.  5.605571E-16
2617.  5.576647E-16
2618.  5.548055E-16
2619.  5.519796E-16
2620.  5.491858E-16
2621.  5.464242E-16
2622.  5.436938E-16
2623.  5.409944E-16
2624.  5.383253E-16
2625.  5.356857E-16
2626.  5.330753E-16
2627.  5.304932E-16
2628.  5.279391E-16
2629.  5.254120E-16
2630.  5.229113E-16
2631.  5.204366E-16
2632.  5.179870E-16
2633.  5.155616E-16
2634.  5.131601E-16
2635.  5.107813E-16
2636.  5.084248E-16
2637.  5.060896E-16
2638.  5.037749E-16
2639.  5.014801E-16
2640.  4.992043E-16
2641.  4.969467E-16
2642.  4.947067E-16
2643.  4.924830E-16
2644.  4.902750E-16
2645.  4.880817E-16
2646.  4.859026E-16
2647.  4.837365E-16
2648.  4.815828E-16
2649.  4.794402E-16
2650.  4.773083E-16
2651.  4.751859E-16
2652.  4.730722E-16
2653.  4.709664E-16
2654.  4.688675E-16
2655.  4.667748E-16
2656.  4.646870E-16
2657.  4.626036E-16
2658.  4.605236E-16
2659.  4.584460E-16
2660.  4.563702E-16
2661.  4.542951E-16
2662.  4.522198E-16
2663.  4.501437E-16
2664.  4.480657E-16
2665.  4.459850E-16
2666.  4.439010E-16
2667.  4.418127E-16
2668.  4.397193E-16
2669.  4.376201E-16
2670.  4.355140E-16
2671.  4.334008E-16
2672.  4.312794E-16
2673.  4.291490E-16
2674.  4.270093E-16
2675.  4.248591E-16
2676.  4.226982E-16
2677.  4.205257E-16
2678.  4.183410E-16
2679.  4.161436E-16
2680.  4.139328E-16
2681.  4.117083E-16
2682.  4.094692E-16
2683.  4.072153E-16
2684.  4.049460E-16
2685.  4.026609E-16
2686.  4.003597E-16
2687.  3.980419E-16
2688.  3.957069E-16
2689.  3.933549E-16
2690.  3.909853E-16
2691.  3.885979E-16
2692.  3.861925E-16
2693.  3.837688E-16
2694.  3.813267E-16
2695.  3.788661E-16
2696.  3.763869E-16
2697.  3.738890E-16
2698.  3.713724E-16
2699.  3.688372E-16
2700.  3.662832E-16
2701.  3.637107E-16
2702.  3.611196E-16
2703.  3.585102E-16
2704.  3.558827E-16
2705.  3.532372E-16
2706.  3.505741E-16
2707.  3.478934E-16
2708.  3.451956E-16
2709.  3.424811E-16
2710.  3.397500E-16
2711.  3.370029E-16
2712.  3.342404E-16
2713.  3.314626E-16
2714.  3.286702E-16
2715.  3.258637E-16
2716.  3.230436E-16
2717.  3.202105E-16
2718.  3.173651E-16
2719.  3.145080E-16
2720.  3.116398E-16
2721.  3.087612E-16
2722.  3.058729E-16
2723.  3.029757E-16
2724.  3.000703E-16
2725.  2.971574E-16
2726.  2.942379E-16
2727.  2.913127E-16
2728.  2.883823E-16
2729.  2.854479E-16
2730.  2.825102E-16
2731.  2.795701E-16
2732.  2.766285E-16
2733.  2.736863E-16
2734.  2.707443E-16
2735.  2.678037E-16
2736.  2.648651E-16
2737.  2.619296E-16
2738.  2.589983E-16
2739.  2.560718E-16
2740.  2.531513E-16
2741.  2.502375E-16
2742.  2.473318E-16
2743.  2.444347E-16
2744.  2.415474E-16
2745.  2.386709E-16
2746.  2.358058E-16
2747.  2.329533E-16
2748.  2.301144E-16
2749.  2.272899E-16
2750.  2.244807E-16
2751.  2.216877E-16
2752.  2.189117E-16
2753.  2.161538E-16
2754.  2.134148E-16
2755.  2.106953E-16
2756.  2.079966E-16
2757.  2.053191E-16
2758.  2.026635E-16
2759.  2.000311E-16
2760.  1.974223E-16
2761.  1.948379E-16
2762.  1.922786E-16
2763.  1.897451E-16
2764.  1.872382E-16
2765.  1.847583E-16
2766.  1.823061E-16
2767.  1.798823E-16
2768.  1.774873E-16
2769.  1.751218E-16
2770.  1.727863E-16
2771.  1.704811E-16
2772.  1.682068E-16
2773.  1.659638E-16
2774.  1.637525E-16
2775.  1.615732E-16
2776.  1.594265E-16
2777.  1.573124E-16
2778.  1.552312E-16
2779.  1.531833E-16
2780.  1.511688E-16
2781.  1.491880E-16
2782.  1.472407E-16
2783.  1.453275E-16
2784.  1.434483E-16
2785.  1.416030E-16
2786.  1.397920E-16
2787.  1.380148E-16
2788.  1.362718E-16
2789.  1.345628E-16
2790.  1.328876E-16
2791.  1.312462E-16
2792.  1.296383E-16
2793.  1.280638E-16
2794.  1.265226E-16
2795.  1.250145E-16
2796.  1.235390E-16
2797.  1.220960E-16
2798.  1.206851E-16
2799.  1.193061E-16
2800.  1.179584E-16
2801.  1.166418E-16
2802.  1.153560E-16
2803.  1.141002E-16
2804.  1.128743E-16
2805.  1.116777E-16
2806.  1.105098E-16
2807.  1.093702E-16
2808.  1.082585E-16
2809.  1.071739E-16
2810.  1.061160E-16
2811.  1.050842E-16
2812.  1.040779E-16
2813.  1.030965E-16
2814.  1.021394E-16
2815.  1.012059E-16
2816.  1.002954E-16
2817.  9.940728E-17
2818.  9.854091E-17
2819.  9.769548E-17
2820.  9.687050E-17
2821.  9.606517E-17
2822.  9.527873E-17
2823.  9.451082E-17
2824.  9.376046E-17
2825.  9.302702E-17
2826.  9.230983E-17
2827.  9.160821E-17
2828.  9.092145E-17
2829.  9.024887E-17
2830.  8.958975E-17
2831.  8.894344E-17
2832.  8.830925E-17
2833.  8.768654E-17
2834.  8.707470E-17
2835.  8.647285E-17
2836.  8.588058E-17
2837.  8.529701E-17
2838.  8.472163E-17
2839.  8.415387E-17
2840.  8.359305E-17
2841.  8.303857E-17
2842.  8.248980E-17
2843.  8.194614E-17
2844.  8.140709E-17
2845.  8.087220E-17
2846.  8.034066E-17
2847.  7.981212E-17
2848.  7.928604E-17
2849.  7.876186E-17
2850.  7.823927E-17
2851.  7.771762E-17
2852.  7.719654E-17
2853.  7.667565E-17
2854.  7.615434E-17
2855.  7.563250E-17
2856.  7.510948E-17
2857.  7.458508E-17
2858.  7.405888E-17
2859.  7.353068E-17
2860.  7.299995E-17
2861.  7.246661E-17
2862.  7.193026E-17
2863.  7.139078E-17
2864.  7.084777E-17
2865.  7.030105E-17
2866.  6.975064E-17
2867.  6.919604E-17
2868.  6.863728E-17
2869.  6.807417E-17
2870.  6.750661E-17
2871.  6.693449E-17
2872.  6.635761E-17
2873.  6.577605E-17
2874.  6.518964E-17
2875.  6.459855E-17
2876.  6.400243E-17
2877.  6.340162E-17
2878.  6.279582E-17
2879.  6.218519E-17
2880.  6.156976E-17
2881.  6.094957E-17
2882.  6.032492E-17
2883.  5.969540E-17
2884.  5.906169E-17
2885.  5.842347E-17
2886.  5.778085E-17
2887.  5.713432E-17
2888.  5.648374E-17
2889.  5.582938E-17
2890.  5.517127E-17
2891.  5.450986E-17
2892.  5.384512E-17
2893.  5.317729E-17
2894.  5.250659E-17
2895.  5.183321E-17
2896.  5.115744E-17
2897.  5.047950E-17
2898.  4.979956E-17
2899.  4.911799E-17
2900.  4.843487E-17
2901.  4.775050E-17
2902.  4.706534E-17
2903.  4.637940E-17
2904.  4.569318E-17
2905.  4.500674E-17
2906.  4.432038E-17
2907.  4.363454E-17
2908.  4.294939E-17
2909.  4.226524E-17
2910.  4.158233E-17
2911.  4.090100E-17
2912.  4.022149E-17
2913.  3.954417E-17
2914.  3.886931E-17
2915.  3.819694E-17
2916.  3.752773E-17
2917.  3.686179E-17
2918.  3.619923E-17
2919.  3.554058E-17
2920.  3.488593E-17
2921.  3.423573E-17
2922.  3.359018E-17
2923.  3.294951E-17
2924.  3.231399E-17
2925.  3.168383E-17
2926.  3.105928E-17
2927.  3.044073E-17
2928.  2.982825E-17
2929.  2.922210E-17
2930.  2.862264E-17
2931.  2.802995E-17
2932.  2.744432E-17
2933.  2.686596E-17
2934.  2.629498E-17
2935.  2.573170E-17
2936.  2.517626E-17
2937.  2.462886E-17
2938.  2.408970E-17
2939.  2.355892E-17
2940.  2.303658E-17
2941.  2.252303E-17
2942.  2.201835E-17
2943.  2.152260E-17
2944.  2.103596E-17
2945.  2.055862E-17
2946.  2.009075E-17
2947.  1.963228E-17
2948.  1.918339E-17
2949.  1.874422E-17
2950.  1.831480E-17
2951.  1.789540E-17
2952.  1.748581E-17
2953.  1.708637E-17
2954.  1.669691E-17
2955.  1.631762E-17
2956.  1.594852E-17
2957.  1.558971E-17
2958.  1.524113E-17
2959.  1.490289E-17
2960.  1.457495E-17
2961.  1.425731E-17
2962.  1.395015E-17
2963.  1.365330E-17
2964.  1.336683E-17
2965.  1.309079E-17
2966.  1.282492E-17
2967.  1.256940E-17
2968.  1.232433E-17
2969.  1.208951E-17
2970.  1.186478E-17
2971.  1.165044E-17
2972.  1.144623E-17
2973.  1.125213E-17
2974.  1.106798E-17
2975.  1.089398E-17
2976.  1.072981E-17
2977.  1.057566E-17
2978.  1.043130E-17
2979.  1.029664E-17
2980.  1.017181E-17
2981.  1.005643E-17
2982.  9.950627E-18
2983.  9.854357E-18
2984.  9.767370E-18
2985.  9.689656E-18
2986.  9.621163E-18
2987.  9.561885E-18
2988.  9.511505E-18
2989.  9.469991E-18
2990.  9.437435E-18
2991.  9.413584E-18
2992.  9.398213E-18
2993.  9.391594E-18
2994.  9.393312E-18
2995.  9.403401E-18
2996.  9.421748E-18
2997.  9.448191E-18
2998.  9.482675E-18
2999.  9.525095E-18
3000.  9.575441E-18
3001.  9.633460E-18
3002.  9.699148E-18
3003.  9.772404E-18
3004.  9.853118E-18
3005.  9.941194E-18
3006.  1.003652E-17
3007.  1.013897E-17
3008.  1.024852E-17
3009.  1.036496E-17
3010.  1.048852E-17
3011.  1.061857E-17
3012.  1.075560E-17
3013.  1.089911E-17
3014.  1.104918E-17
3015.  1.120560E-17
3016.  1.136859E-17
3017.  1.153774E-17
3018.  1.171310E-17
3019.  1.189467E-17
3020.  1.208222E-17
3021.  1.227573E-17
3022.  1.247513E-17
3023.  1.268043E-17
3024.  1.289149E-17
3025.  1.310831E-17
3026.  1.333066E-17
3027.  1.355867E-17
3028.  1.379206E-17
3029.  1.403099E-17
3030.  1.427533E-17
3031.  1.452502E-17
3032.  1.477996E-17
3033.  1.504011E-17
3034.  1.530544E-17
3035.  1.557592E-17
3036.  1.585143E-17
3037.  1.613212E-17
3038.  1.641763E-17
3039.  1.670817E-17
3040.  1.700358E-17
3041.  1.730386E-17
3042.  1.760906E-17
3043.  1.791878E-17
3044.  1.823356E-17
3045.  1.855294E-17
3046.  1.887690E-17
3047.  1.920558E-17
3048.  1.953876E-17
3049.  1.987659E-17
3050.  2.021888E-17
3051.  2.056582E-17
3052.  2.091699E-17
3053.  2.127270E-17
3054.  2.163286E-17
3055.  2.199729E-17
3056.  2.236608E-17
3057.  2.273907E-17
3058.  2.311646E-17
3059.  2.349796E-17
3060.  2.388373E-17
3061.  2.427360E-17
3062.  2.466746E-17
3063.  2.506553E-17
3064.  2.546752E-17
3065.  2.587363E-17
3066.  2.628358E-17
3067.  2.669745E-17
3068.  2.711519E-17
3069.  2.753680E-17
3070.  2.796208E-17
3071.  2.839105E-17
3072.  2.882371E-17
3073.  2.926001E-17
3074.  2.969981E-17
3075.  3.014319E-17
3076.  3.058985E-17
3077.  3.103990E-17
3078.  3.149327E-17
3079.  3.194996E-17
3080.  3.240979E-17
3081.  3.287269E-17
3082.  3.333855E-17
3083.  3.380751E-17
3084.  3.427917E-17
3085.  3.475370E-17
3086.  3.523094E-17
3087.  3.571079E-17
3088.  3.619308E-17
3089.  3.667788E-17
3090.  3.716504E-17
3091.  3.765436E-17
3092.  3.814597E-17
3093.  3.863943E-17
3094.  3.913494E-17
3095.  3.963230E-17
3096.  4.013125E-17
3097.  4.063196E-17
3098.  4.113405E-17
3099.  4.163760E-17
3100.  4.214239E-17
3101.  4.264833E-17
3102.  4.315529E-17
3103.  4.366306E-17
3104.  4.417163E-17
3105.  4.468083E-17
3106.  4.519051E-17
3107.  4.570072E-17
3108.  4.621103E-17
3109.  4.672143E-17
3110.  4.723179E-17
3111.  4.774203E-17
3112.  4.825200E-17
3113.  4.876152E-17
3114.  4.927042E-17
3115.  4.977866E-17
3116.  5.028596E-17
3117.  5.079237E-17
3118.  5.129752E-17
3119.  5.180150E-17
3120.  5.230407E-17
3121.  5.280503E-17
3122.  5.330439E-17
3123.  5.380190E-17
3124.  5.429745E-17
3125.  5.479092E-17
3126.  5.528232E-17
3127.  5.577122E-17
3128.  5.625769E-17
3129.  5.674165E-17
3130.  5.722289E-17
3131.  5.770146E-17
3132.  5.817686E-17
3133.  5.864938E-17
3134.  5.911874E-17
3135.  5.958478E-17
3136.  6.004753E-17
3137.  6.050685E-17
3138.  6.096275E-17
3139.  6.141487E-17
3140.  6.186353E-17
3141.  6.230831E-17
3142.  6.274922E-17
3143.  6.318630E-17
3144.  6.361942E-17
3145.  6.404871E-17
3146.  6.447383E-17
3147.  6.489489E-17
3148.  6.531192E-17
3149.  6.572483E-17
3150.  6.613361E-17
3151.  6.653822E-17
3152.  6.693874E-17
3153.  6.733509E-17
3154.  6.772737E-17
3155.  6.811554E-17
3156.  6.849967E-17
3157.  6.887977E-17
3158.  6.925592E-17
3159.  6.962819E-17
3160.  6.999659E-17
3161.  7.036116E-17
3162.  7.072212E-17
3163.  7.107946E-17
3164.  7.143329E-17
3165.  7.178373E-17
3166.  7.213096E-17
3167.  7.247496E-17
3168.  7.281597E-17
3169.  7.315417E-17
3170.  7.348968E-17
3171.  7.382256E-17
3172.  7.415311E-17
3173.  7.448139E-17
3174.  7.480777E-17
3175.  7.513227E-17
3176.  7.545519E-17
3177.  7.577677E-17
3178.  7.609715E-17
3179.  7.641661E-17
3180.  7.673535E-17
3181.  7.705371E-17
3182.  7.737175E-17
3183.  7.769002E-17
3184.  7.800844E-17
3185.  7.832757E-17
3186.  7.864757E-17
3187.  7.896876E-17
3188.  7.929146E-17
3189.  7.961584E-17
3190.  7.994245E-17
3191.  8.027138E-17
3192.  8.060305E-17
3193.  8.093773E-17
3194.  8.127570E-17
3195.  8.161756E-17
3196.  8.196335E-17
3197.  8.231354E-17
3198.  8.266855E-17
3199.  8.302847E-17
3200.  8.339386E-17
3201.  8.376501E-17
3202.  8.414221E-17
3203.  8.452617E-17
3204.  8.491664E-17
3205.  8.531444E-17
3206.  8.571975E-17
3207.  8.613300E-17
3208.  8.655449E-17
3209.  8.698460E-17
3210.  8.742373E-17
3211.  8.787210E-17
3212.  8.833016E-17
3213.  8.879818E-17
3214.  8.927669E-17
3215.  8.976583E-17
3216.  9.026602E-17
3217.  9.077766E-17
3218.  9.130101E-17
3219.  9.183627E-17
3220.  9.238403E-17
3221.  9.294442E-17
3222.  9.351782E-17
3223.  9.410447E-17
3224.  9.470465E-17
3225.  9.531878E-17
3226.  9.594710E-17
3227.  9.658981E-17
3228.  9.724726E-17
3229.  9.791964E-17
3230.  9.860723E-17
3231.  9.931034E-17
3232.  1.000291E-16
3233.  1.007638E-16
3234.  1.015146E-16
3235.  1.022818E-16
3236.  1.030655E-16
3237.  1.038659E-16
3238.  1.046833E-16
3239.  1.055177E-16
3240.  1.063693E-16
3241.  1.072383E-16
3242.  1.081247E-16
3243.  1.090289E-16
3244.  1.099507E-16
3245.  1.108904E-16
3246.  1.118480E-16
3247.  1.128237E-16
3248.  1.138174E-16
3249.  1.148293E-16
3250.  1.158592E-16
3251.  1.169076E-16
3252.  1.179740E-16
3253.  1.190587E-16
3254.  1.201616E-16
3255.  1.212828E-16
3256.  1.224222E-16
3257.  1.235799E-16
3258.  1.247556E-16
3259.  1.259495E-16
3260.  1.271614E-16
3261.  1.283913E-16
3262.  1.296390E-16
3263.  1.309044E-16
3264.  1.321876E-16
3265.  1.334883E-16
3266.  1.348065E-16
3267.  1.361420E-16
3268.  1.374946E-16
3269.  1.388643E-16
3270.  1.402509E-16
3271.  1.416541E-16
3272.  1.430739E-16
3273.  1.445101E-16
3274.  1.459625E-16
3275.  1.474308E-16
3276.  1.489150E-16
3277.  1.504146E-16
3278.  1.519297E-16
3279.  1.534600E-16
3280.  1.550051E-16
3281.  1.565649E-16
3282.  1.581393E-16
3283.  1.597279E-16
3284.  1.613304E-16
3285.  1.629467E-16
3286.  1.645765E-16
3287.  1.662197E-16
3288.  1.678758E-16
3289.  1.695447E-16
3290.  1.712260E-16
3291.  1.729196E-16
3292.  1.746252E-16
3293.  1.763425E-16
3294.  1.780712E-16
3295.  1.798110E-16
3296.  1.815619E-16
3297.  1.833234E-16
3298.  1.850953E-16
3299.  1.868773E-16
3300.  1.886691E-16
3301.  1.904704E-16
3302.  1.922812E-16
3303.  1.941009E-16
3304.  1.959294E-16
3305.  1.977665E-16
3306.  1.996118E-16
3307.  2.014653E-16
3308.  2.033263E-16
3309.  2.051948E-16
3310.  2.070706E-16
3311.  2.089533E-16
3312.  2.108427E-16
3313.  2.127384E-16
3314.  2.146404E-16
3315.  2.165484E-16
3316.  2.184621E-16
3317.  2.203811E-16
3318.  2.223052E-16
3319.  2.242343E-16
3320.  2.261681E-16
3321.  2.281063E-16
3322.  2.300486E-16
3323.  2.319948E-16
3324.  2.339447E-16
3325.  2.358980E-16
3326.  2.378545E-16
3327.  2.398139E-16
3328.  2.417759E-16
3329.  2.437403E-16
3330.  2.457069E-16
3331.  2.476754E-16
3332.  2.496455E-16
3333.  2.516169E-16
3334.  2.535895E-16
3335.  2.555629E-16
3336.  2.575369E-16
3337.  2.595111E-16
3338.  2.614854E-16
3339.  2.634595E-16
3340.  2.654330E-16
3341.  2.674058E-16
3342.  2.693773E-16
3343.  2.713475E-16
3344.  2.733160E-16
3345.  2.752824E-16
3346.  2.772466E-16
3347.  2.792081E-16
3348.  2.811667E-16
3349.  2.831219E-16
3350.  2.850735E-16
3351.  2.870212E-16
3352.  2.889646E-16
3353.  2.909032E-16
3354.  2.928369E-16
3355.  2.947650E-16
3356.  2.966875E-16
3357.  2.986038E-16
3358.  3.005136E-16
3359.  3.024163E-16
3360.  3.043117E-16
3361.  3.061992E-16
3362.  3.080786E-16
3363.  3.099493E-16
3364.  3.118109E-16
3365.  3.136630E-16
3366.  3.155051E-16
3367.  3.173368E-16
3368.  3.191574E-16
3369.  3.209667E-16
3370.  3.227640E-16
3371.  3.245490E-16
3372.  3.263210E-16
3373.  3.280796E-16
3374.  3.298243E-16
3375.  3.315545E-16
3376.  3.332698E-16
3377.  3.349694E-16
3378.  3.366531E-16
3379.  3.383200E-16
3380.  3.399699E-16
3381.  3.416019E-16
3382.  3.432156E-16
3383.  3.448106E-16
3384.  3.463859E-16
3385.  3.479413E-16
3386.  3.494761E-16
3387.  3.509897E-16
3388.  3.524815E-16
3389.  3.539511E-16
3390.  3.553976E-16
3391.  3.568205E-16
3392.  3.582194E-16
3393.  3.595935E-16
3394.  3.609425E-16
3395.  3.622654E-16
3396.  3.635620E-16
3397.  3.648315E-16
3398.  3.660734E-16
3399.  3.672871E-16
3400.  3.684720E-16
3401.  3.696276E-16
3402.  3.707533E-16
3403.  3.718487E-16
3404.  3.729130E-16
3405.  3.739458E-16
3406.  3.749466E-16
3407.  3.759148E-16
3408.  3.768500E-16
3409.  3.777517E-16
3410.  3.786192E-16
3411.  3.794522E-16
3412.  3.802503E-16
3413.  3.810128E-16
3414.  3.817396E-16
3415.  3.824300E-16
3416.  3.830837E-16
3417.  3.837001E-16
3418.  3.842792E-16
3419.  3.848203E-16
3420.  3.853232E-16
3421.  3.857876E-16
3422.  3.862129E-16
3423.  3.865992E-16
3424.  3.869459E-16
3425.  3.872529E-16
3426.  3.875199E-16
3427.  3.877467E-16
3428.  3.879331E-16
3429.  3.880788E-16
3430.  3.881838E-16
3431.  3.882477E-16
3432.  3.882707E-16
3433.  3.882525E-16
3434.  3.881929E-16
3435.  3.880920E-16
3436.  3.879498E-16
3437.  3.877662E-16
3438.  3.875411E-16
3439.  3.872747E-16
3440.  3.869668E-16
3441.  3.866178E-16
3442.  3.862273E-16
3443.  3.857960E-16
3444.  3.853236E-16
3445.  3.848102E-16
3446.  3.842563E-16
3447.  3.836619E-16
3448.  3.830271E-16
3449.  3.823524E-16
3450.  3.816379E-16
3451.  3.808839E-16
3452.  3.800905E-16
3453.  3.792584E-16
3454.  3.783876E-16
3455.  3.774786E-16
3456.  3.765318E-16
3457.  3.755474E-16
3458.  3.745259E-16
3459.  3.734679E-16
3460.  3.723737E-16
3461.  3.712437E-16
3462.  3.700785E-16
3463.  3.688786E-16
3464.  3.676444E-16
3465.  3.663765E-16
3466.  3.650754E-16
3467.  3.637417E-16
3468.  3.623760E-16
3469.  3.609788E-16
3470.  3.595508E-16
3471.  3.580925E-16
3472.  3.566046E-16
3473.  3.550878E-16
3474.  3.535426E-16
3475.  3.519697E-16
3476.  3.503698E-16
3477.  3.487436E-16
3478.  3.470916E-16
3479.  3.454148E-16
3480.  3.437137E-16
3481.  3.419890E-16
3482.  3.402415E-16
3483.  3.384719E-16
3484.  3.366809E-16
3485.  3.348692E-16
3486.  3.330376E-16
3487.  3.311867E-16
3488.  3.293175E-16
3489.  3.274305E-16
3490.  3.255266E-16
3491.  3.236064E-16
3492.  3.216707E-16
3493.  3.197202E-16
3494.  3.177556E-16
3495.  3.157780E-16
3496.  3.137877E-16
3497.  3.117856E-16
3498.  3.097724E-16
3499.  3.077491E-16
3500.  3.057160E-16
3501.  3.036740E-16
3502.  3.016238E-16
3503.  2.995662E-16
3504.  2.975017E-16
3505.  2.954312E-16
3506.  2.933553E-16
3507.  2.912747E-16
3508.  2.891899E-16
3509.  2.871019E-16
3510.  2.850110E-16
3511.  2.829180E-16
3512.  2.808236E-16
3513.  2.787283E-16
3514.  2.766327E-16
3515.  2.745376E-16
3516.  2.724432E-16
3517.  2.703505E-16
3518.  2.682598E-16
3519.  2.661715E-16
3520.  2.640865E-16
3521.  2.620052E-16
3522.  2.599280E-16
3523.  2.578554E-16
3524.  2.557880E-16
3525.  2.537262E-16
3526.  2.516702E-16
3527.  2.496209E-16
3528.  2.475786E-16
3529.  2.455434E-16
3530.  2.435157E-16
3531.  2.414963E-16
3532.  2.394853E-16
3533.  2.374830E-16
3534.  2.354897E-16
3535.  2.335059E-16
3536.  2.315317E-16
3537.  2.295674E-16
3538.  2.276134E-16
3539.  2.256698E-16
3540.  2.237369E-16
3541.  2.218149E-16
3542.  2.199039E-16
3543.  2.180042E-16
3544.  2.161160E-16
3545.  2.142395E-16
3546.  2.123746E-16
3547.  2.105216E-16
3548.  2.086806E-16
3549.  2.068517E-16
3550.  2.050349E-16
3551.  2.032303E-16
3552.  2.014379E-16
3553.  1.996579E-16
3554.  1.978902E-16
3555.  1.961350E-16
3556.  1.943920E-16
3557.  1.926613E-16
3558.  1.909430E-16
3559.  1.892369E-16
3560.  1.875430E-16
3561.  1.858614E-16
3562.  1.841919E-16
3563.  1.825344E-16
3564.  1.808889E-16
3565.  1.792553E-16
3566.  1.776332E-16
3567.  1.760230E-16
3568.  1.744243E-16
3569.  1.728368E-16
3570.  1.712607E-16
3571.  1.696958E-16
3572.  1.681418E-16
3573.  1.665986E-16
3574.  1.650660E-16
3575.  1.635440E-16
3576.  1.620323E-16
3577.  1.605308E-16
3578.  1.590392E-16
3579.  1.575576E-16
3580.  1.560857E-16
3581.  1.546231E-16
3582.  1.531699E-16
3583.  1.517257E-16
3584.  1.502905E-16
3585.  1.488641E-16
3586.  1.474461E-16
3587.  1.460367E-16
3588.  1.446355E-16
3589.  1.432421E-16
3590.  1.418567E-16
3591.  1.404790E-16
3592.  1.391089E-16
3593.  1.377461E-16
3594.  1.363905E-16
3595.  1.350419E-16
3596.  1.337004E-16
3597.  1.323654E-16
3598.  1.310370E-16
3599.  1.297151E-16
3600.  1.283995E-16
3601.  1.270902E-16
3602.  1.257870E-16
3603.  1.244897E-16
3604.  1.231984E-16
3605.  1.219126E-16
3606.  1.206327E-16
3607.  1.193582E-16
3608.  1.180894E-16
3609.  1.168259E-16
3610.  1.155679E-16
3611.  1.143151E-16
3612.  1.130677E-16
3613.  1.118255E-16
3614.  1.105886E-16
3615.  1.093567E-16
3616.  1.081299E-16
3617.  1.069085E-16
3618.  1.056921E-16
3619.  1.044810E-16
3620.  1.032750E-16
3621.  1.020743E-16
3622.  1.008788E-16
3623.  9.968855E-17
3624.  9.850367E-17
3625.  9.732425E-17
3626.  9.615023E-17
3627.  9.498177E-17
3628.  9.381901E-17
3629.  9.266178E-17
3630.  9.151029E-17
3631.  9.036481E-17
3632.  8.922534E-17
3633.  8.809193E-17
3634.  8.696477E-17
3635.  8.584384E-17
3636.  8.472951E-17
3637.  8.362162E-17
3638.  8.252061E-17
3639.  8.142638E-17
3640.  8.033917E-17
3641.  7.925916E-17
3642.  7.818636E-17
3643.  7.712122E-17
3644.  7.606357E-17
3645.  7.501371E-17
3646.  7.397181E-17
3647.  7.293795E-17
3648.  7.191249E-17
3649.  7.089530E-17
3650.  6.988692E-17
3651.  6.888711E-17
3652.  6.789641E-17
3653.  6.691474E-17
3654.  6.594230E-17
3655.  6.497934E-17
3656.  6.402599E-17
3657.  6.308243E-17
3658.  6.214870E-17
3659.  6.122506E-17
3660.  6.031169E-17
3661.  5.940870E-17
3662.  5.851620E-17
3663.  5.763436E-17
3664.  5.676336E-17
3665.  5.590330E-17
3666.  5.505438E-17
3667.  5.421656E-17
3668.  5.339025E-17
3669.  5.257511E-17
3670.  5.177165E-17
3671.  5.097993E-17
3672.  5.019998E-17
3673.  4.943172E-17
3674.  4.867552E-17
3675.  4.793130E-17
3676.  4.719913E-17
3677.  4.647926E-17
3678.  4.577142E-17
3679.  4.507590E-17
3680.  4.439273E-17
3681.  4.372178E-17
3682.  4.306332E-17
3683.  4.241731E-17
3684.  4.178367E-17
3685.  4.116236E-17
3686.  4.055346E-17
3687.  3.995699E-17
3688.  3.937294E-17
3689.  3.880119E-17
3690.  3.824184E-17
3691.  3.769476E-17
3692.  3.715992E-17
3693.  3.663717E-17
3694.  3.612650E-17
3695.  3.562807E-17
3696.  3.514134E-17
3697.  3.466651E-17
3698.  3.420358E-17
3699.  3.375220E-17
3700.  3.331254E-17
3701.  3.288413E-17
3702.  3.246712E-17
3703.  3.206119E-17
3704.  3.166637E-17
3705.  3.128244E-17
3706.  3.090926E-17
3707.  3.054671E-17
3708.  3.019445E-17
3709.  2.985257E-17
3710.  2.952075E-17
3711.  2.919880E-17
3712.  2.888653E-17
3713.  2.858379E-17
3714.  2.829041E-17
3715.  2.800626E-17
3716.  2.773098E-17
3717.  2.746431E-17
3718.  2.720618E-17
3719.  2.695639E-17
3720.  2.671471E-17
3721.  2.648087E-17
3722.  2.625469E-17
3723.  2.603597E-17
3724.  2.582445E-17
3725.  2.561979E-17
3726.  2.542194E-17
3727.  2.523060E-17
3728.  2.504545E-17
3729.  2.486641E-17
3730.  2.469326E-17
3731.  2.452552E-17
3732.  2.436328E-17
3733.  2.420611E-17
3734.  2.405384E-17
3735.  2.390621E-17
3736.  2.376299E-17
3737.  2.362399E-17
3738.  2.348893E-17
3739.  2.335767E-17
3740.  2.322994E-17
3741.  2.310545E-17
3742.  2.298412E-17
3743.  2.286557E-17
3744.  2.274978E-17
3745.  2.263642E-17
3746.  2.252535E-17
3747.  2.241630E-17
3748.  2.230913E-17
3749.  2.220350E-17
3750.  2.209946E-17
3751.  2.199674E-17
3752.  2.189501E-17
3753.  2.179432E-17
3754.  2.169436E-17
3755.  2.159496E-17
3756.  2.149608E-17
3757.  2.139739E-17
3758.  2.129875E-17
3759.  2.120017E-17
3760.  2.110143E-17
3761.  2.100236E-17
3762.  2.090288E-17
3763.  2.080282E-17
3764.  2.070211E-17
3765.  2.060052E-17
3766.  2.049807E-17
3767.  2.039465E-17
3768.  2.029001E-17
3769.  2.018438E-17
3770.  2.007739E-17
3771.  1.996889E-17
3772.  1.985912E-17
3773.  1.974779E-17
3774.  1.963486E-17
3775.  1.952023E-17
3776.  1.940396E-17
3777.  1.928595E-17
3778.  1.916619E-17
3779.  1.904452E-17
3780.  1.892116E-17
3781.  1.879582E-17
3782.  1.866847E-17
3783.  1.853930E-17
3784.  1.840818E-17
3785.  1.827517E-17
3786.  1.814013E-17
3787.  1.800321E-17
3788.  1.786442E-17
3789.  1.772353E-17
3790.  1.758069E-17
3791.  1.743610E-17
3792.  1.728949E-17
3793.  1.714110E-17
3794.  1.699090E-17
3795.  1.683881E-17
3796.  1.668499E-17
3797.  1.652941E-17
3798.  1.637216E-17
3799.  1.621326E-17
3800.  1.605280E-17
3801.  1.589075E-17
3802.  1.572707E-17
3803.  1.556219E-17
3804.  1.539578E-17
3805.  1.522801E-17
3806.  1.505900E-17
3807.  1.488867E-17
3808.  1.471730E-17
3809.  1.454477E-17
3810.  1.437128E-17
3811.  1.419671E-17
3812.  1.402140E-17
3813.  1.384512E-17
3814.  1.366809E-17
3815.  1.349038E-17
3816.  1.331201E-17
3817.  1.313306E-17
3818.  1.295366E-17
3819.  1.277384E-17
3820.  1.259367E-17
3821.  1.241320E-17
3822.  1.223240E-17
3823.  1.205155E-17
3824.  1.187050E-17
3825.  1.168952E-17
3826.  1.150853E-17
3827.  1.132763E-17
3828.  1.114696E-17
3829.  1.096641E-17
3830.  1.078602E-17
3831.  1.060616E-17
3832.  1.042658E-17
3833.  1.024743E-17
3834.  1.006881E-17
3835.  9.890711E-18
3836.  9.713182E-18
3837.  9.536383E-18
3838.  9.360126E-18
3839.  9.184661E-18
3840.  9.009868E-18
3841.  8.835958E-18
3842.  8.662905E-18
3843.  8.490646E-18
3844.  8.319328E-18
3845.  8.148891E-18
3846.  7.979340E-18
3847.  7.810971E-18
3848.  7.643457E-18
3849.  7.477031E-18
3850.  7.311593E-18
3851.  7.147151E-18
3852.  6.983892E-18
3853.  6.821571E-18
3854.  6.660395E-18
3855.  6.500275E-18
3856.  6.341264E-18
3857.  6.183283E-18
3858.  6.026498E-18
3859.  5.870687E-18
3860.  5.716021E-18
3861.  5.562302E-18
3862.  5.409693E-18
3863.  5.258100E-18
3864.  5.107538E-18
3865.  4.957949E-18
3866.  4.809336E-18
3867.  4.661676E-18
3868.  4.514959E-18
3869.  4.369139E-18
3870.  4.224219E-18
3871.  4.080024E-18
3872.  3.936720E-18
3873.  3.794115E-18
3874.  3.652348E-18
3875.  3.511215E-18
3876.  3.370753E-18
3877.  3.230913E-18
3878.  3.091602E-18
3879.  2.952816E-18
3880.  2.814540E-18
3881.  2.676700E-18
3882.  2.539243E-18
3883.  2.402174E-18
3884.  2.265311E-18
3885.  2.128700E-18
3886.  1.992297E-18
3887.  1.856081E-18
3888.  1.719926E-18
3889.  1.583772E-18
3890.  1.447660E-18
3891.  1.311352E-18
3892.  1.174994E-18
3893.  1.038369E-18
3894.  9.015950E-19
3895.  7.645927E-19
3896.  6.271330E-19
3897.  4.893251E-19
3898.  3.510574E-19
3899.  2.123322E-19
3900.  7.299740E-20
3901.  -6.684264E-20
3902.  -2.074382E-19
3903.  -3.487162E-19
3904.  -4.907821E-19
3905.  -6.336076E-19
3906.  -7.771760E-19
3907.  -9.217882E-19
3908.  -1.067181E-18
3909.  -1.213609E-18
3910.  -1.361121E-18
3911.  -1.509608E-18
3912.  -1.659137E-18
3913.  -1.809759E-18
3914.  -1.961666E-18
3915.  -2.114630E-18
3916.  -2.268789E-18
3917.  -2.424159E-18
3918.  -2.580870E-18
3919.  -2.738742E-18
3920.  -2.897948E-18
3921.  -3.058406E-18
3922.  -3.220238E-18
3923.  -3.383286E-18
3924.  -3.547640E-18
3925.  -3.713431E-18
3926.  -3.880416E-18
3927.  -4.048726E-18
3928.  -4.218309E-18
3929.  -4.389215E-18
3930.  -4.561473E-18
3931.  -4.734786E-18
3932.  -4.909412E-18
3933.  -5.085200E-18
3934.  -5.262180E-18
3935.  -5.440348E-18
3936.  -5.619476E-18
3937.  -5.799654E-18
3938.  -5.980854E-18
3939.  -6.162982E-18
3940.  -6.345956E-18
3941.  -6.529803E-18
3942.  -6.714409E-18
3943.  -6.899636E-18
3944.  -7.085608E-18
3945.  -7.271954E-18
3946.  -7.458803E-18
3947.  -7.645993E-18
3948.  -7.833419E-18
3949.  -8.021088E-18
3950.  -8.208757E-18
3951.  -8.396444E-18
3952.  -8.583963E-18
3953.  -8.771239E-18
3954.  -8.958101E-18
3955.  -9.144492E-18
3956.  -9.330144E-18
3957.  -9.515118E-18
3958.  -9.699232E-18
3959.  -9.882280E-18
3960.  -1.006414E-17
3961.  -1.024469E-17
3962.  -1.042370E-17
3963.  -1.060105E-17
3964.  -1.077667E-17
3965.  -1.095035E-17
3966.  -1.112175E-17
3967.  -1.129103E-17
3968.  -1.145776E-17
3969.  -1.162188E-17
3970.  -1.178311E-17
3971.  -1.194128E-17
3972.  -1.209635E-17
3973.  -1.224808E-17
3974.  -1.239614E-17
3975.  -1.254038E-17
3976.  -1.268073E-17
3977.  -1.281684E-17
3978.  -1.294860E-17
3979.  -1.307585E-17
3980.  -1.319823E-17
3981.  -1.331573E-17
3982.  -1.342794E-17
3983.  -1.353479E-17
3984.  -1.363610E-17
3985.  -1.373149E-17
3986.  -1.382091E-17
3987.  -1.390415E-17
3988.  -1.398077E-17
3989.  -1.405086E-17
3990.  -1.411413E-17
3991.  -1.417028E-17
3992.  -1.421916E-17
3993.  -1.426052E-17
3994.  -1.429420E-17
3995.  -1.432000E-17
3996.  -1.433764E-17
3997.  -1.434710E-17
3998.  -1.434799E-17
3999.  -1.434022E-17
4000.  -1.432364E-17
4001.  -1.429780E-17
4002.  -1.426283E-17
4003.  -1.421841E-17
4004.  -1.416431E-17
4005.  -1.410056E-17
4006.  -1.402668E-17
4007.  -1.394276E-17
4008.  -1.384850E-17
4009.  -1.374383E-17
4010.  -1.362851E-17
4011.  -1.350238E-17
4012.  -1.336550E-17
4013.  -1.321751E-17
4014.  -1.305840E-17
4015.  -1.288797E-17
4016.  -1.270616E-17
4017.  -1.251276E-17
4018.  -1.230784E-17
4019.  -1.209118E-17
4020.  -1.186264E-17
4021.  -1.162234E-17
4022.  -1.137002E-17
4023.  -1.110563E-17
4024.  -1.082919E-17
4025.  -1.054066E-17
4026.  -1.023978E-17
4027.  -9.926841E-18
4028.  -9.601559E-18
4029.  -9.263922E-18
4030.  -8.914138E-18
4031.  -8.552114E-18
4032.  -8.177688E-18
4033.  -7.791061E-18
4034.  -7.392085E-18
4035.  -6.981017E-18
4036.  -6.557705E-18
4037.  -6.122293E-18
4038.  -5.674821E-18
4039.  -5.215436E-18
4040.  -4.743983E-18
4041.  -4.260760E-18
4042.  -3.765884E-18
4043.  -3.259211E-18
4044.  -2.741082E-18
4045.  -2.211587E-18
4046.  -1.670839E-18
4047.  -1.118856E-18
4048.  -5.560126E-19
4049.  1.778229E-20
4050.  6.020697E-19
4051.  1.197068E-18
4052.  1.802252E-18
4053.  2.417581E-18
4054.  3.042845E-18
4055.  3.677847E-18
4056.  4.322251E-18
4057.  4.976039E-18
4058.  5.638852E-18
4059.  6.310552E-18
4060.  6.990809E-18
4061.  7.679452E-18
4062.  8.376046E-18
4063.  9.080532E-18
4064.  9.792652E-18
4065.  1.051195E-17
4066.  1.123838E-17
4067.  1.197138E-17
4068.  1.271095E-17
4069.  1.345662E-17
4070.  1.420815E-17
4071.  1.496523E-17
4072.  1.572741E-17
4073.  1.649471E-17
4074.  1.726648E-17
4075.  1.804268E-17
4076.  1.882272E-17
4077.  1.960654E-17
4078.  2.039369E-17
4079.  2.118378E-17
4080.  2.197658E-17
4081.  2.277173E-17
4082.  2.356886E-17
4083.  2.436781E-17
4084.  2.516809E-17
4085.  2.596938E-17
4086.  2.677126E-17
4087.  2.757362E-17
4088.  2.837594E-17
4089.  2.917813E-17
4090.  2.997963E-17
4091.  3.078024E-17
4092.  3.157953E-17
4093.  3.237731E-17
4094.  3.317318E-17
4095.  3.396678E-17
4096.  3.475785E-17
4097.  3.554621E-17
4098.  3.633131E-17
4099.  3.711313E-17
4100.  3.789113E-17
4101.  3.866503E-17
4102.  3.943471E-17
4103.  4.019988E-17
4104.  4.096009E-17
4105.  4.171531E-17
4106.  4.246508E-17
4107.  4.320912E-17
4108.  4.394733E-17
4109.  4.467933E-17
4110.  4.540505E-17
4111.  4.612411E-17
4112.  4.683629E-17
4113.  4.754142E-17
4114.  4.823937E-17
4115.  4.892972E-17
4116.  4.961253E-17
4117.  5.028735E-17
4118.  5.095429E-17
4119.  5.161292E-17
4120.  5.226311E-17
4121.  5.290493E-17
4122.  5.353805E-17
4123.  5.416230E-17
4124.  5.477775E-17
4125.  5.538402E-17
4126.  5.598119E-17
4127.  5.656896E-17
4128.  5.714741E-17
4129.  5.771641E-17
4130.  5.827593E-17
4131.  5.882579E-17
4132.  5.936598E-17
4133.  5.989638E-17
4134.  6.041713E-17
4135.  6.092795E-17
4136.  6.142909E-17
4137.  6.192035E-17
4138.  6.240172E-17
4139.  6.287324E-17
4140.  6.333494E-17
4141.  6.378681E-17
4142.  6.422884E-17
4143.  6.466116E-17
4144.  6.508381E-17
4145.  6.549666E-17
4146.  6.589996E-17
4147.  6.629368E-17
4148.  6.667802E-17
4149.  6.705284E-17
4150.  6.741845E-17
4151.  6.777493E-17
4152.  6.812220E-17
4153.  6.846055E-17
4154.  6.879006E-17
4155.  6.911095E-17
4156.  6.942305E-17
4157.  6.972685E-17
4158.  7.002233E-17
4159.  7.030958E-17
4160.  7.058894E-17
4161.  7.086061E-17
4162.  7.112460E-17
4163.  7.138111E-17
4164.  7.163051E-17
4165.  7.187280E-17
4166.  7.210818E-17
4167.  7.233706E-17
4168.  7.255950E-17
4169.  7.277584E-17
4170.  7.298620E-17
4171.  7.319087E-17
4172.  7.339006E-17
4173.  7.358416E-17
4174.  7.377320E-17
4175.  7.395754E-17
4176.  7.413752E-17
4177.  7.431335E-17
4178.  7.448530E-17
4179.  7.465369E-17
4180.  7.481874E-17
4181.  7.498084E-17
4182.  7.514011E-17
4183.  7.529718E-17
4184.  7.545205E-17
4185.  7.560512E-17
4186.  7.575672E-17
4187.  7.590739E-17
4188.  7.605702E-17
4189.  7.620632E-17
4190.  7.635545E-17
4191.  7.650472E-17
4192.  7.665466E-17
4193.  7.680547E-17
4194.  7.695762E-17
4195.  7.711132E-17
4196.  7.726705E-17
4197.  7.742514E-17
4198.  7.758596E-17
4199.  7.774983E-17
4200.  7.791726E-17
4201.  7.808856E-17
4202.  7.826406E-17
4203.  7.844430E-17
4204.  7.862957E-17
4205.  7.882021E-17
4206.  7.901675E-17
4207.  7.921946E-17
4208.  7.942879E-17
4209.  7.964521E-17
4210.  7.986910E-17
4211.  8.010078E-17
4212.  8.034082E-17
4213.  8.058940E-17
4214.  8.084711E-17
4215.  8.111436E-17
4216.  8.139152E-17
4217.  8.167896E-17
4218.  8.197715E-17
4219.  8.228658E-17
4220.  8.260754E-17
4221.  8.294044E-17
4222.  8.328579E-17
4223.  8.364387E-17
4224.  8.401523E-17
4225.  8.440008E-17
4226.  8.479906E-17
4227.  8.521253E-17
4228.  8.564067E-17
4229.  8.608406E-17
4230.  8.654298E-17
4231.  8.701791E-17
4232.  8.750924E-17
4233.  8.801728E-17
4234.  8.854241E-17
4235.  8.908509E-17
4236.  8.964543E-17
4237.  9.022395E-17
4238.  9.082109E-17
4239.  9.143696E-17
4240.  9.207199E-17
4241.  9.272660E-17
4242.  9.340095E-17
4243.  9.409525E-17
4244.  9.481004E-17
4245.  9.554534E-17
4246.  9.630162E-17
4247.  9.707911E-17
4248.  9.787779E-17
4249.  9.869821E-17
4250.  9.954045E-17
4251.  1.004046E-16
4252.  1.012911E-16
4253.  1.021998E-16
4254.  1.031312E-16
4255.  1.040852E-16
4256.  1.050619E-16
4257.  1.060615E-16
4258.  1.070841E-16
4259.  1.081298E-16
4260.  1.091986E-16
4261.  1.102905E-16
4262.  1.114056E-16
4263.  1.125439E-16
4264.  1.137053E-16
4265.  1.148898E-16
4266.  1.160973E-16
4267.  1.173279E-16
4268.  1.185813E-16
4269.  1.198575E-16
4270.  1.211563E-16
4271.  1.224776E-16
4272.  1.238212E-16
4273.  1.251869E-16
4274.  1.265743E-16
4275.  1.279835E-16
4276.  1.294141E-16
4277.  1.308656E-16
4278.  1.323379E-16
4279.  1.338307E-16
4280.  1.353436E-16
4281.  1.368764E-16
4282.  1.384284E-16
4283.  1.399994E-16
4284.  1.415888E-16
4285.  1.431964E-16
4286.  1.448215E-16
4287.  1.464637E-16
4288.  1.481227E-16
4289.  1.497976E-16
4290.  1.514881E-16
4291.  1.531936E-16
4292.  1.549133E-16
4293.  1.566469E-16
4294.  1.583937E-16
4295.  1.601530E-16
4296.  1.619242E-16
4297.  1.637066E-16
4298.  1.654996E-16
4299.  1.673024E-16
4300.  1.691144E-16
4301.  1.709347E-16
4302.  1.727628E-16
4303.  1.745978E-16
4304.  1.764390E-16
4305.  1.782856E-16
4306.  1.801368E-16
4307.  1.819919E-16
4308.  1.838500E-16
4309.  1.857105E-16
4310.  1.875722E-16
4311.  1.894347E-16
4312.  1.912970E-16
4313.  1.931583E-16
4314.  1.950177E-16
4315.  1.968746E-16
4316.  1.987278E-16
4317.  2.005766E-16
4318.  2.024204E-16
4319.  2.042581E-16
4320.  2.060890E-16
4321.  2.079123E-16
4322.  2.097268E-16
4323.  2.115322E-16
4324.  2.133275E-16
4325.  2.151117E-16
4326.  2.168842E-16
4327.  2.186440E-16
4328.  2.203906E-16
4329.  2.221230E-16
4330.  2.238404E-16
4331.  2.255423E-16
4332.  2.272275E-16
4333.  2.288956E-16
4334.  2.305458E-16
4335.  2.321773E-16
4336.  2.337894E-16
4337.  2.353815E-16
4338.  2.369529E-16
4339.  2.385028E-16
4340.  2.400307E-16
4341.  2.415359E-16
4342.  2.430177E-16
4343.  2.444757E-16
4344.  2.459091E-16
4345.  2.473175E-16
4346.  2.487002E-16
4347.  2.500568E-16
4348.  2.513868E-16
4349.  2.526895E-16
4350.  2.539646E-16
4351.  2.552116E-16
4352.  2.564300E-16
4353.  2.576196E-16
4354.  2.587796E-16
4355.  2.599100E-16
4356.  2.610103E-16
4357.  2.620801E-16
4358.  2.631191E-16
4359.  2.641271E-16
4360.  2.651036E-16
4361.  2.660486E-16
4362.  2.669616E-16
4363.  2.678426E-16
4364.  2.686912E-16
4365.  2.695073E-16
4366.  2.702908E-16
4367.  2.710414E-16
4368.  2.717590E-16
4369.  2.724435E-16
4370.  2.730950E-16
4371.  2.737130E-16
4372.  2.742978E-16
4373.  2.748491E-16
4374.  2.753670E-16
4375.  2.758514E-16
4376.  2.763024E-16
4377.  2.767199E-16
4378.  2.771040E-16
4379.  2.774546E-16
4380.  2.777719E-16
4381.  2.780560E-16
4382.  2.783070E-16
4383.  2.785246E-16
4384.  2.787092E-16
4385.  2.788609E-16
4386.  2.789798E-16
4387.  2.790661E-16
4388.  2.791198E-16
4389.  2.791411E-16
4390.  2.791301E-16
4391.  2.790870E-16
4392.  2.790120E-16
4393.  2.789053E-16
4394.  2.787670E-16
4395.  2.785973E-16
4396.  2.783965E-16
4397.  2.781646E-16
4398.  2.779019E-16
4399.  2.776087E-16
4400.  2.772853E-16
4401.  2.769316E-16
4402.  2.765480E-16
4403.  2.761347E-16
4404.  2.756919E-16
4405.  2.752199E-16
4406.  2.747187E-16
4407.  2.741889E-16
4408.  2.736305E-16
4409.  2.730437E-16
4410.  2.724290E-16
4411.  2.717863E-16
4412.  2.711159E-16
4413.  2.704184E-16
4414.  2.696935E-16
4415.  2.689419E-16
4416.  2.681634E-16
4417.  2.673586E-16
4418.  2.665277E-16
4419.  2.656707E-16
4420.  2.647882E-16
4421.  2.638799E-16
4422.  2.629466E-16
4423.  2.619882E-16
4424.  2.610051E-16
4425.  2.599974E-16
4426.  2.589654E-16
4427.  2.579095E-16
4428.  2.568297E-16
4429.  2.557263E-16
4430.  2.545997E-16
4431.  2.534499E-16
4432.  2.522772E-16
4433.  2.510821E-16
4434.  2.498645E-16
4435.  2.486248E-16
4436.  2.473633E-16
4437.  2.460802E-16
4438.  2.447757E-16
4439.  2.434500E-16
4440.  2.421037E-16
4441.  2.407365E-16
4442.  2.393491E-16
4443.  2.379417E-16
4444.  2.365145E-16
4445.  2.350677E-16
4446.  2.336017E-16
4447.  2.321167E-16
4448.  2.306130E-16
4449.  2.290910E-16
4450.  2.275507E-16
4451.  2.259927E-16
4452.  2.244173E-16
4453.  2.228245E-16
4454.  2.212149E-16
4455.  2.195886E-16
4456.  2.179462E-16
4457.  2.162877E-16
4458.  2.146137E-16
4459.  2.129244E-16
4460.  2.112203E-16
4461.  2.095016E-16
4462.  2.077688E-16
4463.  2.060221E-16
4464.  2.042619E-16
4465.  2.024886E-16
4466.  2.007026E-16
4467.  1.989043E-16
4468.  1.970942E-16
4469.  1.952725E-16
4470.  1.934396E-16
4471.  1.915961E-16
4472.  1.897422E-16
4473.  1.878787E-16
4474.  1.860056E-16
4475.  1.841237E-16
4476.  1.822331E-16
4477.  1.803346E-16
4478.  1.784285E-16
4479.  1.765151E-16
4480.  1.745952E-16
4481.  1.726689E-16
4482.  1.707368E-16
4483.  1.687996E-16
4484.  1.668576E-16
4485.  1.649112E-16
4486.  1.629611E-16
4487.  1.610077E-16
4488.  1.590514E-16
4489.  1.570930E-16
4490.  1.551327E-16
4491.  1.531709E-16
4492.  1.512085E-16
4493.  1.492458E-16
4494.  1.472833E-16
4495.  1.453216E-16
4496.  1.433610E-16
4497.  1.414022E-16
4498.  1.394457E-16
4499.  1.374919E-16
4500.  1.355416E-16
