1.  -8.336828E-23
2.  -7.358633E-23
3.  -3.281926E-23
4.  -6.856519E-23
5.  -1.908068E-23
6.  2.269488E-23
7.  -4.528574E-23
8.  3.233606E-23
9.  -3.662921E-24
10.  -4.806581E-23
11.  -5.973368E-23
12.  -1.157218E-22
13.  4.194902E-23
14.  5.004368E-23
15.  -8.666088E-24
16.  3.048230E-23
17.  1.077327E-23
18.  -5.505927E-23
19.  -1.776674E-23
20.  -6.292116E-23
21.  -6.420717E-23
22.  9.885443E-23
23.  -6.588378E-23
24.  4.774899E-24
25.  -5.194980E-23
26.  -6.748951E-23
27.  -1.932421E-23
28.  -5.491323E-23
29.  -2.086814E-23
30.  -3.325244E-23
31.  -1.636222E-23
32.  -6.271158E-23
33.  -1.351952E-22
34.  -3.159921E-23
35.  -4.382823E-23
36.  -4.445935E-23
37.  -2.003765E-23
38.  -6.372906E-23
39.  -7.593047E-23
40.  -9.410799E-23
41.  -2.786391E-23
42.  -7.308356E-23
43.  -1.358721E-22
44.  -1.122098E-22
45.  -5.141391E-23
46.  1.373749E-23
47.  -9.572864E-23
48.  -7.823195E-23
49.  -4.294669E-23
50.  -6.861390E-23
51.  -7.402642E-23
52.  -1.449209E-22
53.  6.085241E-24
54.  1.323387E-24
55.  -9.446751E-23
56.  -9.860740E-23
57.  -1.422669E-22
58.  -2.100142E-22
59.  -1.132881E-22
60.  -4.678150E-23
61.  -1.837382E-22
62.  -7.785519E-23
63.  -4.491473E-23
64.  -5.980605E-23
65.  -8.598161E-23
66.  -1.888406E-22
67.  -9.022106E-23
68.  -9.392887E-23
69.  -1.673457E-23
70.  -8.817782E-23
71.  -8.227573E-23
72.  1.352773E-23
73.  4.329321E-23
74.  -9.545322E-23
75.  -1.010573E-22
76.  -2.123090E-22
77.  -5.881640E-23
78.  -1.115757E-22
79.  -9.841005E-23
80.  -2.490670E-23
81.  -6.914996E-23
82.  -9.139298E-23
83.  -2.100482E-22
84.  -1.104255E-22
85.  -2.459008E-23
86.  3.504419E-23
87.  -1.538657E-22
88.  -8.400601E-23
89.  -6.721028E-23
90.  -5.382125E-23
91.  -7.047984E-23
92.  4.155836E-24
93.  -6.324469E-23
94.  -5.177626E-23
95.  -1.151286E-24
96.  -1.197662E-22
97.  -1.056682E-22
98.  -1.713219E-22
99.  -1.396976E-22
100.  -1.096135E-22
101.  -1.418320E-22
102.  -8.229810E-23
103.  -9.627731E-23
104.  -6.118828E-23
105.  -7.691033E-23
106.  -1.496580E-22
107.  -1.371019E-22
108.  -1.570547E-22
109.  -8.592727E-23
110.  3.507921E-23
111.  -7.866493E-23
112.  -4.319523E-23
113.  -6.006406E-23
114.  -1.181314E-22
115.  -3.923192E-23
116.  -1.152176E-22
117.  -1.327531E-22
118.  -6.486455E-23
119.  -1.351772E-22
120.  -3.561490E-23
121.  -6.864319E-23
122.  -1.742575E-22
123.  -8.741347E-23
124.  -1.340277E-22
125.  -9.857912E-23
126.  -6.963322E-23
127.  -4.381818E-23
128.  -1.169157E-22
129.  -8.374205E-23
130.  -1.463603E-22
131.  -8.992448E-24
132.  -1.516891E-22
133.  -1.467437E-22
134.  -1.084665E-23
135.  -9.065394E-23
136.  -8.373177E-23
137.  2.993597E-23
138.  -1.471159E-22
139.  -8.804614E-23
140.  -1.673330E-22
141.  -4.007742E-23
142.  -2.822612E-23
143.  -3.224072E-23
144.  -3.822602E-23
145.  -1.134598E-23
146.  -1.384457E-22
147.  -1.266231E-22
148.  -1.303132E-22
149.  -7.315534E-23
150.  2.575202E-23
151.  -8.786171E-23
152.  -6.552484E-23
153.  -1.150731E-22
154.  -1.078839E-22
155.  -1.304375E-22
156.  -1.043740E-22
157.  -5.635757E-23
158.  -6.483236E-23
159.  2.034433E-23
160.  -1.025981E-22
161.  -1.235110E-22
162.  -7.067707E-23
163.  -2.870572E-23
164.  4.998239E-23
165.  -6.025309E-23
166.  -1.312336E-22
167.  -2.636441E-23
168.  -1.804836E-22
169.  -9.841765E-23
170.  -1.103586E-22
171.  -1.073530E-22
172.  -6.841837E-23
173.  -1.427043E-22
174.  -7.787969E-24
175.  -1.396815E-22
176.  -4.514227E-23
177.  -8.259002E-23
178.  -9.432389E-23
179.  -5.747403E-23
180.  -1.617454E-22
181.  -1.029447E-23
182.  -9.506290E-23
183.  -4.449614E-23
184.  -6.201339E-23
185.  -7.883691E-23
186.  -1.008540E-22
187.  -2.215155E-23
188.  -1.053147E-22
189.  -1.280371E-22
190.  1.877241E-23
191.  -1.597813E-23
192.  -7.248309E-23
193.  2.759753E-23
194.  -1.133351E-22
195.  -5.184888E-23
196.  -5.621394E-23
197.  -7.433251E-23
198.  3.246429E-24
199.  -9.524347E-23
200.  -1.096005E-22
201.  -4.359346E-24
202.  -7.988571E-23
203.  -4.405137E-23
204.  -1.100980E-22
205.  -1.318876E-22
206.  -7.290669E-23
207.  -8.941825E-23
208.  3.682141E-23
209.  -9.344706E-23
210.  -5.055680E-23
211.  -9.080542E-23
212.  -1.317070E-22
213.  -1.339043E-23
214.  1.682841E-23
215.  -7.202511E-23
216.  -1.055376E-22
217.  -6.720841E-23
218.  6.136362E-23
219.  -7.690999E-23
220.  1.708741E-22
221.  6.121761E-23
222.  1.426109E-22
223.  2.228111E-22
224.  2.328712E-22
225.  2.648247E-22
226.  3.384095E-22
227.  5.835905E-22
228.  8.247861E-22
229.  1.055948E-21
230.  1.421315E-21
231.  1.910073E-21
232.  2.438052E-21
233.  3.196312E-21
234.  4.095380E-21
235.  5.279426E-21
236.  6.702228E-21
237.  8.675017E-21
238.  1.087171E-20
239.  1.365625E-20
240.  1.731128E-20
241.  2.177363E-20
242.  2.711747E-20
243.  3.390569E-20
244.  4.203344E-20
245.  5.225938E-20
246.  6.452740E-20
247.  7.946457E-20
248.  9.759876E-20
249.  1.194249E-19
250.  1.457850E-19
251.  1.773893E-19
252.  2.152323E-19
253.  2.603305E-19
254.  3.140973E-19
255.  3.777253E-19
256.  4.530308E-19
257.  5.416549E-19
258.  6.458192E-19
259.  7.680009E-19
260.  9.105978E-19
261.  1.076654E-18
262.  1.269730E-18
263.  1.493233E-18
264.  1.751232E-18
265.  2.048390E-18
266.  2.389627E-18
267.  2.780349E-18
268.  3.226682E-18
269.  3.735268E-18
270.  4.312827E-18
271.  4.967580E-18
272.  5.707681E-18
273.  6.541870E-18
274.  7.480064E-18
275.  8.532734E-18
276.  9.711016E-18
277.  1.102653E-17
278.  1.249196E-17
279.  1.412064E-17
280.  1.592685E-17
281.  1.792523E-17
282.  2.013176E-17
283.  2.256281E-17
284.  2.523540E-17
285.  2.816748E-17
286.  3.137777E-17
287.  3.488589E-17
288.  3.871120E-17
289.  4.287482E-17
290.  4.739787E-17
291.  5.230188E-17
292.  5.760891E-17
293.  6.334166E-17
294.  6.952233E-17
295.  7.617429E-17
296.  8.332028E-17
297.  9.098308E-17
298.  9.918536E-17
299.  1.079493E-16
300.  1.172971E-16
301.  1.272496E-16
302.  1.378274E-16
303.  1.490498E-16
304.  1.609355E-16
305.  1.735015E-16
306.  1.867634E-16
307.  2.007356E-16
308.  2.154301E-16
309.  2.308581E-16
310.  2.470275E-16
311.  2.639454E-16
312.  2.816155E-16
313.  3.000404E-16
314.  3.192193E-16
315.  3.391501E-16
316.  3.598268E-16
317.  3.812424E-16
318.  4.033868E-16
319.  4.262472E-16
320.  4.498093E-16
321.  4.740555E-16
322.  4.989666E-16
323.  5.245214E-16
324.  5.506959E-16
325.  5.774648E-16
326.  6.048008E-16
327.  6.326745E-16
328.  6.610555E-16
329.  6.899115E-16
330.  7.192088E-16
331.  7.489129E-16
332.  7.789874E-16
333.  8.093957E-16
334.  8.400998E-16
335.  8.710610E-16
336.  9.022401E-16
337.  9.335967E-16
338.  9.650908E-16
339.  9.966814E-16
340.  1.028327E-15
341.  1.059988E-15
342.  1.091620E-15
343.  1.123184E-15
344.  1.154638E-15
345.  1.185941E-15
346.  1.217052E-15
347.  1.247930E-15
348.  1.278537E-15
349.  1.308833E-15
350.  1.338780E-15
351.  1.368341E-15
352.  1.397480E-15
353.  1.426161E-15
354.  1.454352E-15
355.  1.482021E-15
356.  1.509137E-15
357.  1.535672E-15
358.  1.561600E-15
359.  1.586897E-15
360.  1.611541E-15
361.  1.635512E-15
362.  1.658793E-15
363.  1.681370E-15
364.  1.703230E-15
365.  1.724365E-15
366.  1.744769E-15
367.  1.764437E-15
368.  1.783369E-15
369.  1.801567E-15
370.  1.819034E-15
371.  1.835779E-15
372.  1.851811E-15
373.  1.867142E-15
374.  1.881785E-15
375.  1.895757E-15
376.  1.909076E-15
377.  1.921761E-15
378.  1.933832E-15
379.  1.945312E-15
380.  1.956223E-15
381.  1.966589E-15
382.  1.976432E-15
383.  1.985777E-15
384.  1.994648E-15
385.  2.003066E-15
386.  2.011055E-15
387.  2.018637E-15
388.  2.025833E-15
389.  2.032661E-15
390.  2.039141E-15
391.  2.045289E-15
392.  2.051121E-15
393.  2.056651E-15
394.  2.061890E-15
395.  2.066849E-15
396.  2.071537E-15
397.  2.075961E-15
398.  2.080124E-15
399.  2.084029E-15
400.  2.087677E-15
401.  2.091066E-15
402.  2.094192E-15
403.  2.097050E-15
404.  2.099631E-15
405.  2.101925E-15
406.  2.103918E-15
407.  2.105596E-15
408.  2.106941E-15
409.  2.107934E-15
410.  2.108553E-15
411.  2.108775E-15
412.  2.108574E-15
413.  2.107924E-15
414.  2.106795E-15
415.  2.105159E-15
416.  2.102985E-15
417.  2.100243E-15
418.  2.096903E-15
419.  2.092935E-15
420.  2.088311E-15
421.  2.083004E-15
422.  2.076987E-15
423.  2.070240E-15
424.  2.062742E-15
425.  2.054477E-15
426.  2.045433E-15
427.  2.035602E-15
428.  2.024982E-15
429.  2.013574E-15
430.  2.001383E-15
431.  1.988423E-15
432.  1.974708E-15
433.  1.960261E-15
434.  1.945108E-15
435.  1.929279E-15
436.  1.912809E-15
437.  1.895736E-15
438.  1.878101E-15
439.  1.859949E-15
440.  1.841324E-15
441.  1.822275E-15
442.  1.802850E-15
443.  1.783095E-15
444.  1.763061E-15
445.  1.742792E-15
446.  1.722334E-15
447.  1.701731E-15
448.  1.681023E-15
449.  1.660250E-15
450.  1.639447E-15
451.  1.618647E-15
452.  1.597879E-15
453.  1.577173E-15
454.  1.556551E-15
455.  1.536037E-15
456.  1.515652E-15
457.  1.495413E-15
458.  1.475338E-15
459.  1.455444E-15
460.  1.435746E-15
461.  1.416263E-15
462.  1.397009E-15
463.  1.378003E-15
464.  1.359265E-15
465.  1.340815E-15
466.  1.322676E-15
467.  1.304873E-15
468.  1.287433E-15
469.  1.270388E-15
470.  1.253767E-15
471.  1.237608E-15
472.  1.221945E-15
473.  1.206817E-15
474.  1.192264E-15
475.  1.178327E-15
476.  1.165049E-15
477.  1.152470E-15
478.  1.140633E-15
479.  1.129578E-15
480.  1.119343E-15
481.  1.109968E-15
482.  1.101485E-15
483.  1.093928E-15
484.  1.087323E-15
485.  1.081696E-15
486.  1.077065E-15
487.  1.073446E-15
488.  1.070848E-15
489.  1.069278E-15
490.  1.068733E-15
491.  1.069208E-15
492.  1.070692E-15
493.  1.073168E-15
494.  1.076614E-15
495.  1.081004E-15
496.  1.086307E-15
497.  1.092487E-15
498.  1.099503E-15
499.  1.107314E-15
500.  1.115873E-15
501.  1.125131E-15
502.  1.135038E-15
503.  1.145542E-15
504.  1.156589E-15
505.  1.168127E-15
506.  1.180101E-15
507.  1.192460E-15
508.  1.205151E-15
509.  1.218126E-15
510.  1.231336E-15
511.  1.244738E-15
512.  1.258288E-15
513.  1.271949E-15
514.  1.285685E-15
515.  1.299466E-15
516.  1.313267E-15
517.  1.327064E-15
518.  1.340841E-15
519.  1.354584E-15
520.  1.368287E-15
521.  1.381947E-15
522.  1.395564E-15
523.  1.409147E-15
524.  1.422705E-15
525.  1.436253E-15
526.  1.449812E-15
527.  1.463402E-15
528.  1.477051E-15
529.  1.490786E-15
530.  1.504639E-15
531.  1.518641E-15
532.  1.532826E-15
533.  1.547229E-15
534.  1.561882E-15
535.  1.576817E-15
536.  1.592068E-15
537.  1.607661E-15
538.  1.623622E-15
539.  1.639974E-15
540.  1.656733E-15
541.  1.673913E-15
542.  1.691520E-15
543.  1.709553E-15
544.  1.728009E-15
545.  1.746872E-15
546.  1.766123E-15
547.  1.785733E-15
548.  1.805665E-15
549.  1.825878E-15
550.  1.846319E-15
551.  1.866928E-15
552.  1.887639E-15
553.  1.908379E-15
554.  1.929067E-15
555.  1.949618E-15
556.  1.969940E-15
557.  1.989937E-15
558.  2.009509E-15
559.  2.028554E-15
560.  2.046967E-15
561.  2.064643E-15
562.  2.081475E-15
563.  2.097362E-15
564.  2.112198E-15
565.  2.125887E-15
566.  2.138332E-15
567.  2.149446E-15
568.  2.159145E-15
569.  2.167353E-15
570.  2.174003E-15
571.  2.179035E-15
572.  2.182402E-15
573.  2.184061E-15
574.  2.183986E-15
575.  2.182157E-15
576.  2.178567E-15
577.  2.173219E-15
578.  2.166127E-15
579.  2.157316E-15
580.  2.146819E-15
581.  2.134681E-15
582.  2.120955E-15
583.  2.105700E-15
584.  2.088986E-15
585.  2.070885E-15
586.  2.051477E-15
587.  2.030845E-15
588.  2.009074E-15
589.  1.986254E-15
590.  1.962471E-15
591.  1.937816E-15
592.  1.912376E-15
593.  1.886234E-15
594.  1.859474E-15
595.  1.832173E-15
596.  1.804408E-15
597.  1.776247E-15
598.  1.747756E-15
599.  1.718994E-15
600.  1.690016E-15
601.  1.660874E-15
602.  1.631612E-15
603.  1.602271E-15
604.  1.572890E-15
605.  1.543501E-15
606.  1.514137E-15
607.  1.484827E-15
608.  1.455597E-15
609.  1.426475E-15
610.  1.397487E-15
611.  1.368661E-15
612.  1.340023E-15
613.  1.311602E-15
614.  1.283428E-15
615.  1.255533E-15
616.  1.227951E-15
617.  1.200717E-15
618.  1.173869E-15
619.  1.147444E-15
620.  1.121483E-15
621.  1.096027E-15
622.  1.071117E-15
623.  1.046794E-15
624.  1.023099E-15
625.  1.000071E-15
626.  9.777475E-16
627.  9.561633E-16
628.  9.353510E-16
629.  9.153393E-16
630.  8.961532E-16
631.  8.778140E-16
632.  8.603378E-16
633.  8.437366E-16
634.  8.280175E-16
635.  8.131830E-16
636.  7.992306E-16
637.  7.861544E-16
638.  7.739432E-16
639.  7.625829E-16
640.  7.520557E-16
641.  7.423416E-16
642.  7.334175E-16
643.  7.252593E-16
644.  7.178414E-16
645.  7.111383E-16
646.  7.051242E-16
647.  6.997740E-16
648.  6.950640E-16
649.  6.909717E-16
650.  6.874767E-16
651.  6.845615E-16
652.  6.822109E-16
653.  6.804119E-16
654.  6.791547E-16
655.  6.784324E-16
656.  6.782402E-16
657.  6.785761E-16
658.  6.794399E-16
659.  6.808331E-16
660.  6.827586E-16
661.  6.852201E-16
662.  6.882213E-16
663.  6.917653E-16
664.  6.958552E-16
665.  7.004914E-16
666.  7.056732E-16
667.  7.113967E-16
668.  7.176550E-16
669.  7.244381E-16
670.  7.317313E-16
671.  7.395163E-16
672.  7.477702E-16
673.  7.564659E-16
674.  7.655711E-16
675.  7.750506E-16
676.  7.848631E-16
677.  7.949650E-16
678.  8.053087E-16
679.  8.158437E-16
680.  8.265173E-16
681.  8.372749E-16
682.  8.480610E-16
683.  8.588200E-16
684.  8.694965E-16
685.  8.800367E-16
686.  8.903890E-16
687.  9.005040E-16
688.  9.103366E-16
689.  9.198453E-16
690.  9.289938E-16
691.  9.377506E-16
692.  9.460901E-16
693.  9.539929E-16
694.  9.614449E-16
695.  9.684391E-16
696.  9.749740E-16
697.  9.810541E-16
698.  9.866898E-16
699.  9.918968E-16
700.  9.966944E-16
701.  1.001108E-15
702.  1.005164E-15
703.  1.008893E-15
704.  1.012328E-15
705.  1.015501E-15
706.  1.018445E-15
707.  1.021193E-15
708.  1.023775E-15
709.  1.026219E-15
710.  1.028550E-15
711.  1.030788E-15
712.  1.032948E-15
713.  1.035043E-15
714.  1.037075E-15
715.  1.039043E-15
716.  1.040939E-15
717.  1.042749E-15
718.  1.044451E-15
719.  1.046018E-15
720.  1.047415E-15
721.  1.048604E-15
722.  1.049539E-15
723.  1.050172E-15
724.  1.050448E-15
725.  1.050313E-15
726.  1.049706E-15
727.  1.048569E-15
728.  1.046842E-15
729.  1.044465E-15
730.  1.041381E-15
731.  1.037536E-15
732.  1.032878E-15
733.  1.027362E-15
734.  1.020948E-15
735.  1.013602E-15
736.  1.005296E-15
737.  9.960129E-16
738.  9.857407E-16
739.  9.744784E-16
740.  9.622319E-16
741.  9.490174E-16
742.  9.348601E-16
743.  9.197938E-16
744.  9.038605E-16
745.  8.871109E-16
746.  8.696037E-16
747.  8.514042E-16
748.  8.325844E-16
749.  8.132219E-16
750.  7.933993E-16
751.  7.732032E-16
752.  7.527233E-16
753.  7.320510E-16
754.  7.112796E-16
755.  6.905021E-16
756.  6.698112E-16
757.  6.492982E-16
758.  6.290513E-16
759.  6.091567E-16
760.  5.896958E-16
761.  5.707458E-16
762.  5.523792E-16
763.  5.346627E-16
764.  5.176567E-16
765.  5.014158E-16
766.  4.859879E-16
767.  4.714143E-16
768.  4.577293E-16
769.  4.449610E-16
770.  4.331304E-16
771.  4.222519E-16
772.  4.123337E-16
773.  4.033782E-16
774.  3.953815E-16
775.  3.883346E-16
776.  3.822235E-16
777.  3.770291E-16
778.  3.727286E-16
779.  3.692951E-16
780.  3.666984E-16
781.  3.649054E-16
782.  3.638805E-16
783.  3.635861E-16
784.  3.639831E-16
785.  3.650306E-16
786.  3.666874E-16
787.  3.689116E-16
788.  3.716609E-16
789.  3.748932E-16
790.  3.785668E-16
791.  3.826402E-16
792.  3.870728E-16
793.  3.918248E-16
794.  3.968573E-16
795.  4.021325E-16
796.  4.076136E-16
797.  4.132653E-16
798.  4.190530E-16
799.  4.249437E-16
800.  4.309051E-16
801.  4.369065E-16
802.  4.429181E-16
803.  4.489114E-16
804.  4.548585E-16
805.  4.607334E-16
806.  4.665103E-16
807.  4.721651E-16
808.  4.776746E-16
809.  4.830164E-16
810.  4.881697E-16
811.  4.931147E-16
812.  4.978329E-16
813.  5.023075E-16
814.  5.065228E-16
815.  5.104648E-16
816.  5.141216E-16
817.  5.174827E-16
818.  5.205398E-16
819.  5.232868E-16
820.  5.257198E-16
821.  5.278378E-16
822.  5.296411E-16
823.  5.311341E-16
824.  5.323229E-16
825.  5.332169E-16
826.  5.338280E-16
827.  5.341712E-16
828.  5.342640E-16
829.  5.341271E-16
830.  5.337835E-16
831.  5.332592E-16
832.  5.325825E-16
833.  5.317841E-16
834.  5.308964E-16
835.  5.299550E-16
836.  5.289954E-16
837.  5.280560E-16
838.  5.271756E-16
839.  5.263941E-16
840.  5.257521E-16
841.  5.252898E-16
842.  5.250478E-16
843.  5.250659E-16
844.  5.253832E-16
845.  5.260378E-16
846.  5.270658E-16
847.  5.285019E-16
848.  5.303783E-16
849.  5.327249E-16
850.  5.355684E-16
851.  5.389332E-16
852.  5.428396E-16
853.  5.473049E-16
854.  5.523422E-16
855.  5.579607E-16
856.  5.641658E-16
857.  5.709585E-16
858.  5.783355E-16
859.  5.862890E-16
860.  5.948072E-16
861.  6.038735E-16
862.  6.134677E-16
863.  6.235650E-16
864.  6.341365E-16
865.  6.451501E-16
866.  6.565695E-16
867.  6.683562E-16
868.  6.804675E-16
869.  6.928595E-16
870.  7.054855E-16
871.  7.182975E-16
872.  7.312464E-16
873.  7.442827E-16
874.  7.573567E-16
875.  7.704195E-16
876.  7.834233E-16
877.  7.963222E-16
878.  8.090731E-16
879.  8.216348E-16
880.  8.339707E-16
881.  8.460477E-16
882.  8.578372E-16
883.  8.693154E-16
884.  8.804641E-16
885.  8.912701E-16
886.  9.017258E-16
887.  9.118300E-16
888.  9.215862E-16
889.  9.310044E-16
890.  9.400991E-16
891.  9.488906E-16
892.  9.574032E-16
893.  9.656658E-16
894.  9.737103E-16
895.  9.815716E-16
896.  9.892868E-16
897.  9.968946E-16
898.  1.004433E-15
899.  1.011941E-15
900.  1.019456E-15
901.  1.027011E-15
902.  1.034640E-15
903.  1.042369E-15
904.  1.050224E-15
905.  1.058221E-15
906.  1.066374E-15
907.  1.074689E-15
908.  1.083166E-15
909.  1.091798E-15
910.  1.100571E-15
911.  1.109464E-15
912.  1.118451E-15
913.  1.127496E-15
914.  1.136561E-15
915.  1.145600E-15
916.  1.154562E-15
917.  1.163394E-15
918.  1.172037E-15
919.  1.180432E-15
920.  1.188518E-15
921.  1.196232E-15
922.  1.203513E-15
923.  1.210302E-15
924.  1.216540E-15
925.  1.222174E-15
926.  1.227153E-15
927.  1.231434E-15
928.  1.234977E-15
929.  1.237748E-15
930.  1.239722E-15
931.  1.240881E-15
932.  1.241211E-15
933.  1.240709E-15
934.  1.239379E-15
935.  1.237229E-15
936.  1.234279E-15
937.  1.230550E-15
938.  1.226072E-15
939.  1.220882E-15
940.  1.215017E-15
941.  1.208521E-15
942.  1.201440E-15
943.  1.193823E-15
944.  1.185718E-15
945.  1.177177E-15
946.  1.168247E-15
947.  1.158977E-15
948.  1.149412E-15
949.  1.139596E-15
950.  1.129567E-15
951.  1.119361E-15
952.  1.109008E-15
953.  1.098536E-15
954.  1.087966E-15
955.  1.077312E-15
956.  1.066587E-15
957.  1.055797E-15
958.  1.044943E-15
959.  1.034023E-15
960.  1.023031E-15
961.  1.011956E-15
962.  1.000787E-15
963.  9.895083E-16
964.  9.781050E-16
965.  9.665600E-16
966.  9.548571E-16
967.  9.429802E-16
968.  9.309159E-16
969.  9.186511E-16
970.  9.061769E-16
971.  8.934872E-16
972.  8.805793E-16
973.  8.674552E-16
974.  8.541214E-16
975.  8.405887E-16
976.  8.268734E-16
977.  8.129964E-16
978.  7.989838E-16
979.  7.848669E-16
980.  7.706813E-16
981.  7.564680E-16
982.  7.422714E-16
983.  7.281405E-16
984.  7.141280E-16
985.  7.002894E-16
986.  6.866832E-16
987.  6.733700E-16
988.  6.604130E-16
989.  6.478757E-16
990.  6.358233E-16
991.  6.243209E-16
992.  6.134338E-16
993.  6.032264E-16
994.  5.937626E-16
995.  5.851046E-16
996.  5.773124E-16
997.  5.704443E-16
998.  5.645553E-16
999.  5.596975E-16
1000.  5.559194E-16
1001.  5.532657E-16
1002.  5.517766E-16
1003.  5.514876E-16
1004.  5.524291E-16
1005.  5.546258E-16
1006.  5.580966E-16
1007.  5.628538E-16
1008.  5.689036E-16
1009.  5.762445E-16
1010.  5.848675E-16
1011.  5.947563E-16
1012.  6.058859E-16
1013.  6.182236E-16
1014.  6.317274E-16
1015.  6.463472E-16
1016.  6.620232E-16
1017.  6.786873E-16
1018.  6.962625E-16
1019.  7.146630E-16
1020.  7.337945E-16
1021.  7.535547E-16
1022.  7.738336E-16
1023.  7.945140E-16
1024.  8.154726E-16
1025.  8.365801E-16
1026.  8.577031E-16
1027.  8.787037E-16
1028.  8.994422E-16
1029.  9.197766E-16
1030.  9.395656E-16
1031.  9.586683E-16
1032.  9.769466E-16
1033.  9.942663E-16
1034.  1.010498E-15
1035.  1.025519E-15
1036.  1.039214E-15
1037.  1.051478E-15
1038.  1.062214E-15
1039.  1.071338E-15
1040.  1.078777E-15
1041.  1.084472E-15
1042.  1.088377E-15
1043.  1.090459E-15
1044.  1.090701E-15
1045.  1.089099E-15
1046.  1.085665E-15
1047.  1.080423E-15
1048.  1.073414E-15
1049.  1.064689E-15
1050.  1.054313E-15
1051.  1.042363E-15
1052.  1.028926E-15
1053.  1.014100E-15
1054.  9.979888E-16
1055.  9.807062E-16
1056.  9.623706E-16
1057.  9.431058E-16
1058.  9.230383E-16
1059.  9.022974E-16
1060.  8.810131E-16
1061.  8.593151E-16
1062.  8.373321E-16
1063.  8.151903E-16
1064.  7.930127E-16
1065.  7.709184E-16
1066.  7.490218E-16
1067.  7.274324E-16
1068.  7.062541E-16
1069.  6.855847E-16
1070.  6.655161E-16
1071.  6.461340E-16
1072.  6.275186E-16
1073.  6.097435E-16
1074.  5.928767E-16
1075.  5.769808E-16
1076.  5.621130E-16
1077.  5.483262E-16
1078.  5.356679E-16
1079.  5.241817E-16
1080.  5.139079E-16
1081.  5.048825E-16
1082.  4.971386E-16
1083.  4.907061E-16
1084.  4.856120E-16
1085.  4.818804E-16
1086.  4.795328E-16
1087.  4.785879E-16
1088.  4.790609E-16
1089.  4.809644E-16
1090.  4.843072E-16
1091.  4.890952E-16
1092.  4.953293E-16
1093.  5.030063E-16
1094.  5.121186E-16
1095.  5.226519E-16
1096.  5.345882E-16
1097.  5.479014E-16
1098.  5.625599E-16
1099.  5.785250E-16
1100.  5.957504E-16
1101.  6.141826E-16
1102.  6.337602E-16
1103.  6.544145E-16
1104.  6.760685E-16
1105.  6.986381E-16
1106.  7.220317E-16
1107.  7.461505E-16
1108.  7.708892E-16
1109.  7.961374E-16
1110.  8.217777E-16
1111.  8.476897E-16
1112.  8.737487E-16
1113.  8.998275E-16
1114.  9.257970E-16
1115.  9.515276E-16
1116.  9.768903E-16
1117.  1.001758E-15
1118.  1.026005E-15
1119.  1.049512E-15
1120.  1.072162E-15
1121.  1.093846E-15
1122.  1.114463E-15
1123.  1.133917E-15
1124.  1.152124E-15
1125.  1.169008E-15
1126.  1.184506E-15
1127.  1.198562E-15
1128.  1.211136E-15
1129.  1.222198E-15
1130.  1.231729E-15
1131.  1.239724E-15
1132.  1.246191E-15
1133.  1.251148E-15
1134.  1.254626E-15
1135.  1.256668E-15
1136.  1.257326E-15
1137.  1.256666E-15
1138.  1.254760E-15
1139.  1.251691E-15
1140.  1.247550E-15
1141.  1.242435E-15
1142.  1.236449E-15
1143.  1.229702E-15
1144.  1.222308E-15
1145.  1.214382E-15
1146.  1.206044E-15
1147.  1.197414E-15
1148.  1.188611E-15
1149.  1.179754E-15
1150.  1.170959E-15
1151.  1.162339E-15
1152.  1.154004E-15
1153.  1.146060E-15
1154.  1.138605E-15
1155.  1.131732E-15
1156.  1.125528E-15
1157.  1.120073E-15
1158.  1.115436E-15
1159.  1.111681E-15
1160.  1.108864E-15
1161.  1.107029E-15
1162.  1.106215E-15
1163.  1.106450E-15
1164.  1.107755E-15
1165.  1.110141E-15
1166.  1.113613E-15
1167.  1.118164E-15
1168.  1.123785E-15
1169.  1.130455E-15
1170.  1.138149E-15
1171.  1.146835E-15
1172.  1.156476E-15
1173.  1.167029E-15
1174.  1.178446E-15
1175.  1.190677E-15
1176.  1.203667E-15
1177.  1.217359E-15
1178.  1.231693E-15
1179.  1.246608E-15
1180.  1.262041E-15
1181.  1.277928E-15
1182.  1.294207E-15
1183.  1.310812E-15
1184.  1.327682E-15
1185.  1.344752E-15
1186.  1.361962E-15
1187.  1.379252E-15
1188.  1.396562E-15
1189.  1.413835E-15
1190.  1.431015E-15
1191.  1.448049E-15
1192.  1.464884E-15
1193.  1.481472E-15
1194.  1.497765E-15
1195.  1.513716E-15
1196.  1.529283E-15
1197.  1.544424E-15
1198.  1.559101E-15
1199.  1.573277E-15
1200.  1.586917E-15
1201.  1.599990E-15
1202.  1.612465E-15
1203.  1.624315E-15
1204.  1.635516E-15
1205.  1.646044E-15
1206.  1.655881E-15
1207.  1.665008E-15
1208.  1.673410E-15
1209.  1.681076E-15
1210.  1.687997E-15
1211.  1.694164E-15
1212.  1.699574E-15
1213.  1.704224E-15
1214.  1.708115E-15
1215.  1.711250E-15
1216.  1.713634E-15
1217.  1.715275E-15
1218.  1.716180E-15
1219.  1.716363E-15
1220.  1.715834E-15
1221.  1.714609E-15
1222.  1.712703E-15
1223.  1.710130E-15
1224.  1.706910E-15
1225.  1.703059E-15
1226.  1.698594E-15
1227.  1.693535E-15
1228.  1.687900E-15
1229.  1.681705E-15
1230.  1.674969E-15
1231.  1.667708E-15
1232.  1.659940E-15
1233.  1.651679E-15
1234.  1.642942E-15
1235.  1.633742E-15
1236.  1.624094E-15
1237.  1.614012E-15
1238.  1.603507E-15
1239.  1.592592E-15
1240.  1.581280E-15
1241.  1.569582E-15
1242.  1.557511E-15
1243.  1.545078E-15
1244.  1.532296E-15
1245.  1.519178E-15
1246.  1.505737E-15
1247.  1.491987E-15
1248.  1.477943E-15
1249.  1.463622E-15
1250.  1.449040E-15
1251.  1.434217E-15
1252.  1.419172E-15
1253.  1.403926E-15
1254.  1.388502E-15
1255.  1.372924E-15
1256.  1.357218E-15
1257.  1.341411E-15
1258.  1.325531E-15
1259.  1.309610E-15
1260.  1.293678E-15
1261.  1.277768E-15
1262.  1.261915E-15
1263.  1.246153E-15
1264.  1.230520E-15
1265.  1.215051E-15
1266.  1.199784E-15
1267.  1.184759E-15
1268.  1.170014E-15
1269.  1.155588E-15
1270.  1.141519E-15
1271.  1.127848E-15
1272.  1.114612E-15
1273.  1.101851E-15
1274.  1.089600E-15
1275.  1.077897E-15
1276.  1.066777E-15
1277.  1.056273E-15
1278.  1.046420E-15
1279.  1.037246E-15
1280.  1.028781E-15
1281.  1.021051E-15
1282.  1.014080E-15
1283.  1.007891E-15
1284.  1.002503E-15
1285.  9.979321E-16
1286.  9.941918E-16
1287.  9.912924E-16
1288.  9.892422E-16
1289.  9.880451E-16
1290.  9.877026E-16
1291.  9.882126E-16
1292.  9.895697E-16
1293.  9.917659E-16
1294.  9.947887E-16
1295.  9.986239E-16
1296.  1.003253E-15
1297.  1.008654E-15
1298.  1.014803E-15
1299.  1.021673E-15
1300.  1.029233E-15
1301.  1.037450E-15
1302.  1.046288E-15
1303.  1.055708E-15
1304.  1.065669E-15
1305.  1.076128E-15
1306.  1.087038E-15
1307.  1.098352E-15
1308.  1.110021E-15
1309.  1.121993E-15
1310.  1.134215E-15
1311.  1.146634E-15
1312.  1.159196E-15
1313.  1.171844E-15
1314.  1.184525E-15
1315.  1.197184E-15
1316.  1.209765E-15
1317.  1.222217E-15
1318.  1.234486E-15
1319.  1.246525E-15
1320.  1.258285E-15
1321.  1.269722E-15
1322.  1.280795E-15
1323.  1.291468E-15
1324.  1.301706E-15
1325.  1.311482E-15
1326.  1.320772E-15
1327.  1.329558E-15
1328.  1.337827E-15
1329.  1.345572E-15
1330.  1.352792E-15
1331.  1.359489E-15
1332.  1.365674E-15
1333.  1.371362E-15
1334.  1.376572E-15
1335.  1.381329E-15
1336.  1.385660E-15
1337.  1.389598E-15
1338.  1.393178E-15
1339.  1.396435E-15
1340.  1.399409E-15
1341.  1.402136E-15
1342.  1.404656E-15
1343.  1.407004E-15
1344.  1.409215E-15
1345.  1.411320E-15
1346.  1.413346E-15
1347.  1.415316E-15
1348.  1.417246E-15
1349.  1.419148E-15
1350.  1.421027E-15
1351.  1.422879E-15
1352.  1.424697E-15
1353.  1.426465E-15
1354.  1.428158E-15
1355.  1.429748E-15
1356.  1.431199E-15
1357.  1.432468E-15
1358.  1.433511E-15
1359.  1.434275E-15
1360.  1.434708E-15
1361.  1.434753E-15
1362.  1.434355E-15
1363.  1.433456E-15
1364.  1.432002E-15
1365.  1.429942E-15
1366.  1.427227E-15
1367.  1.423816E-15
1368.  1.419671E-15
1369.  1.414765E-15
1370.  1.409077E-15
1371.  1.402598E-15
1372.  1.395325E-15
1373.  1.387269E-15
1374.  1.378450E-15
1375.  1.368898E-15
1376.  1.358655E-15
1377.  1.347774E-15
1378.  1.336316E-15
1379.  1.324353E-15
1380.  1.311963E-15
1381.  1.299236E-15
1382.  1.286264E-15
1383.  1.273147E-15
1384.  1.259987E-15
1385.  1.246889E-15
1386.  1.233960E-15
1387.  1.221307E-15
1388.  1.209032E-15
1389.  1.197238E-15
1390.  1.186021E-15
1391.  1.175472E-15
1392.  1.165674E-15
1393.  1.156705E-15
1394.  1.148631E-15
1395.  1.141511E-15
1396.  1.135391E-15
1397.  1.130309E-15
1398.  1.126292E-15
1399.  1.123356E-15
1400.  1.121505E-15
1401.  1.120734E-15
1402.  1.121029E-15
1403.  1.122362E-15
1404.  1.124702E-15
1405.  1.128005E-15
1406.  1.132222E-15
1407.  1.137298E-15
1408.  1.143170E-15
1409.  1.149774E-15
1410.  1.157040E-15
1411.  1.164897E-15
1412.  1.173271E-15
1413.  1.182089E-15
1414.  1.191278E-15
1415.  1.200766E-15
1416.  1.210485E-15
1417.  1.220365E-15
1418.  1.230346E-15
1419.  1.240366E-15
1420.  1.250372E-15
1421.  1.260314E-15
1422.  1.270148E-15
1423.  1.279833E-15
1424.  1.289336E-15
1425.  1.298630E-15
1426.  1.307692E-15
1427.  1.316506E-15
1428.  1.325059E-15
1429.  1.333346E-15
1430.  1.341365E-15
1431.  1.349121E-15
1432.  1.356620E-15
1433.  1.363877E-15
1434.  1.370905E-15
1435.  1.377725E-15
1436.  1.384360E-15
1437.  1.390834E-15
1438.  1.397175E-15
1439.  1.403412E-15
1440.  1.409577E-15
1441.  1.415700E-15
1442.  1.421816E-15
1443.  1.427958E-15
1444.  1.434158E-15
1445.  1.440451E-15
1446.  1.446868E-15
1447.  1.453442E-15
1448.  1.460201E-15
1449.  1.467177E-15
1450.  1.474396E-15
1451.  1.481884E-15
1452.  1.489665E-15
1453.  1.497759E-15
1454.  1.506186E-15
1455.  1.514965E-15
1456.  1.524108E-15
1457.  1.533629E-15
1458.  1.543539E-15
1459.  1.553847E-15
1460.  1.564558E-15
1461.  1.575678E-15
1462.  1.587209E-15
1463.  1.599154E-15
1464.  1.611513E-15
1465.  1.624284E-15
1466.  1.637467E-15
1467.  1.651058E-15
1468.  1.665052E-15
1469.  1.679446E-15
1470.  1.694233E-15
1471.  1.709408E-15
1472.  1.724960E-15
1473.  1.740881E-15
1474.  1.757160E-15
1475.  1.773784E-15
1476.  1.790737E-15
1477.  1.808002E-15
1478.  1.825557E-15
1479.  1.843378E-15
1480.  1.861438E-15
1481.  1.879704E-15
1482.  1.898140E-15
1483.  1.916706E-15
1484.  1.935355E-15
1485.  1.954038E-15
1486.  1.972698E-15
1487.  1.991277E-15
1488.  2.009709E-15
1489.  2.027927E-15
1490.  2.045858E-15
1491.  2.063429E-15
1492.  2.080561E-15
1493.  2.097178E-15
1494.  2.113199E-15
1495.  2.128547E-15
1496.  2.143146E-15
1497.  2.156922E-15
1498.  2.169807E-15
1499.  2.181735E-15
1500.  2.192651E-15
1501.  2.202502E-15
1502.  2.211249E-15
1503.  2.218859E-15
1504.  2.225309E-15
1505.  2.230590E-15
1506.  2.234702E-15
1507.  2.237656E-15
1508.  2.239477E-15
1509.  2.240202E-15
1510.  2.239877E-15
1511.  2.238559E-15
1512.  2.236320E-15
1513.  2.233236E-15
1514.  2.229394E-15
1515.  2.224888E-15
1516.  2.219818E-15
1517.  2.214288E-15
1518.  2.208406E-15
1519.  2.202280E-15
1520.  2.196019E-15
1521.  2.189730E-15
1522.  2.183516E-15
1523.  2.177476E-15
1524.  2.171701E-15
1525.  2.166275E-15
1526.  2.161277E-15
1527.  2.156770E-15
1528.  2.152810E-15
1529.  2.149441E-15
1530.  2.146697E-15
1531.  2.144596E-15
1532.  2.143150E-15
1533.  2.142353E-15
1534.  2.142193E-15
1535.  2.142646E-15
1536.  2.143675E-15
1537.  2.145240E-15
1538.  2.147287E-15
1539.  2.149762E-15
1540.  2.152600E-15
1541.  2.155737E-15
1542.  2.159104E-15
1543.  2.162632E-15
1544.  2.166251E-15
1545.  2.169897E-15
1546.  2.173505E-15
1547.  2.177016E-15
1548.  2.180378E-15
1549.  2.183543E-15
1550.  2.186472E-15
1551.  2.189132E-15
1552.  2.191500E-15
1553.  2.193561E-15
1554.  2.195306E-15
1555.  2.196736E-15
1556.  2.197860E-15
1557.  2.198693E-15
1558.  2.199257E-15
1559.  2.199578E-15
1560.  2.199688E-15
1561.  2.199620E-15
1562.  2.199411E-15
1563.  2.199097E-15
1564.  2.198714E-15
1565.  2.198295E-15
1566.  2.197872E-15
1567.  2.197469E-15
1568.  2.197107E-15
1569.  2.196799E-15
1570.  2.196551E-15
1571.  2.196361E-15
1572.  2.196218E-15
1573.  2.196103E-15
1574.  2.195985E-15
1575.  2.195830E-15
1576.  2.195589E-15
1577.  2.195209E-15
1578.  2.194629E-15
1579.  2.193782E-15
1580.  2.192596E-15
1581.  2.190994E-15
1582.  2.188898E-15
1583.  2.186229E-15
1584.  2.182908E-15
1585.  2.178859E-15
1586.  2.174010E-15
1587.  2.168293E-15
1588.  2.161649E-15
1589.  2.154027E-15
1590.  2.145385E-15
1591.  2.135693E-15
1592.  2.124931E-15
1593.  2.113095E-15
1594.  2.100193E-15
1595.  2.086246E-15
1596.  2.071289E-15
1597.  2.055374E-15
1598.  2.038564E-15
1599.  2.020937E-15
1600.  2.002582E-15
1601.  1.983602E-15
1602.  1.964108E-15
1603.  1.944225E-15
1604.  1.924081E-15
1605.  1.903813E-15
1606.  1.883565E-15
1607.  1.863480E-15
1608.  1.843706E-15
1609.  1.824390E-15
1610.  1.805675E-15
1611.  1.787702E-15
1612.  1.770606E-15
1613.  1.754514E-15
1614.  1.739544E-15
1615.  1.725806E-15
1616.  1.713394E-15
1617.  1.702393E-15
1618.  1.692871E-15
1619.  1.684881E-15
1620.  1.678464E-15
1621.  1.673639E-15
1622.  1.670413E-15
1623.  1.668774E-15
1624.  1.668694E-15
1625.  1.670127E-15
1626.  1.673014E-15
1627.  1.677277E-15
1628.  1.682825E-15
1629.  1.689554E-15
1630.  1.697347E-15
1631.  1.706075E-15
1632.  1.715601E-15
1633.  1.725777E-15
1634.  1.736451E-15
1635.  1.747467E-15
1636.  1.758662E-15
1637.  1.769876E-15
1638.  1.780949E-15
1639.  1.791721E-15
1640.  1.802041E-15
1641.  1.811760E-15
1642.  1.820740E-15
1643.  1.828851E-15
1644.  1.835975E-15
1645.  1.842005E-15
1646.  1.846849E-15
1647.  1.850430E-15
1648.  1.852685E-15
1649.  1.853566E-15
1650.  1.853044E-15
1651.  1.851104E-15
1652.  1.847747E-15
1653.  1.842992E-15
1654.  1.836871E-15
1655.  1.829432E-15
1656.  1.820735E-15
1657.  1.810852E-15
1658.  1.799866E-15
1659.  1.787872E-15
1660.  1.774969E-15
1661.  1.761263E-15
1662.  1.746864E-15
1663.  1.731886E-15
1664.  1.716441E-15
1665.  1.700640E-15
1666.  1.684592E-15
1667.  1.668401E-15
1668.  1.652163E-15
1669.  1.635968E-15
1670.  1.619895E-15
1671.  1.604014E-15
1672.  1.588383E-15
1673.  1.573051E-15
1674.  1.558050E-15
1675.  1.543403E-15
1676.  1.529120E-15
1677.  1.515197E-15
1678.  1.501620E-15
1679.  1.488363E-15
1680.  1.475389E-15
1681.  1.462651E-15
1682.  1.450096E-15
1683.  1.437661E-15
1684.  1.425280E-15
1685.  1.412881E-15
1686.  1.400388E-15
1687.  1.387726E-15
1688.  1.374820E-15
1689.  1.361594E-15
1690.  1.347977E-15
1691.  1.333903E-15
1692.  1.319309E-15
1693.  1.304142E-15
1694.  1.288355E-15
1695.  1.271908E-15
1696.  1.254774E-15
1697.  1.236932E-15
1698.  1.218374E-15
1699.  1.199099E-15
1700.  1.179120E-15
1701.  1.158458E-15
1702.  1.137143E-15
1703.  1.115217E-15
1704.  1.092729E-15
1705.  1.069735E-15
1706.  1.046302E-15
1707.  1.022498E-15
1708.  9.984012E-16
1709.  9.740911E-16
1710.  9.496511E-16
1711.  9.251677E-16
1712.  9.007272E-16
1713.  8.764167E-16
1714.  8.523219E-16
1715.  8.285262E-16
1716.  8.051110E-16
1717.  7.821531E-16
1718.  7.597253E-16
1719.  7.378953E-16
1720.  7.167249E-16
1721.  6.962700E-16
1722.  6.765799E-16
1723.  6.576978E-16
1724.  6.396597E-16
1725.  6.224951E-16
1726.  6.062266E-16
1727.  5.908710E-16
1728.  5.764382E-16
1729.  5.629327E-16
1730.  5.503533E-16
1731.  5.386939E-16
1732.  5.279440E-16
1733.  5.180888E-16
1734.  5.091101E-16
1735.  5.009865E-16
1736.  4.936945E-16
1737.  4.872083E-16
1738.  4.815003E-16
1739.  4.765421E-16
1740.  4.723042E-16
1741.  4.687566E-16
1742.  4.658690E-16
1743.  4.636109E-16
1744.  4.619519E-16
1745.  4.608615E-16
1746.  4.603096E-16
1747.  4.602654E-16
1748.  4.606985E-16
1749.  4.615783E-16
1750.  4.628732E-16
1751.  4.645516E-16
1752.  4.665806E-16
1753.  4.689262E-16
1754.  4.715535E-16
1755.  4.744257E-16
1756.  4.775045E-16
1757.  4.807503E-16
1758.  4.841207E-16
1759.  4.875723E-16
1760.  4.910597E-16
1761.  4.945357E-16
1762.  4.979517E-16
1763.  5.012579E-16
1764.  5.044033E-16
1765.  5.073372E-16
1766.  5.100079E-16
1767.  5.123648E-16
1768.  5.143581E-16
1769.  5.159396E-16
1770.  5.170636E-16
1771.  5.176871E-16
1772.  5.177707E-16
1773.  5.172790E-16
1774.  5.161816E-16
1775.  5.144533E-16
1776.  5.120747E-16
1777.  5.090323E-16
1778.  5.053197E-16
1779.  5.009369E-16
1780.  4.958908E-16
1781.  4.901960E-16
1782.  4.838731E-16
1783.  4.769502E-16
1784.  4.694616E-16
1785.  4.614479E-16
1786.  4.529553E-16
1787.  4.440352E-16
1788.  4.347434E-16
1789.  4.251399E-16
1790.  4.152869E-16
1791.  4.052495E-16
1792.  3.950938E-16
1793.  3.848867E-16
1794.  3.746946E-16
1795.  3.645827E-16
1796.  3.546144E-16
1797.  3.448503E-16
1798.  3.353475E-16
1799.  3.261595E-16
1800.  3.173348E-16
1801.  3.089171E-16
1802.  3.009448E-16
1803.  2.934505E-16
1804.  2.864613E-16
1805.  2.799979E-16
1806.  2.740754E-16
1807.  2.687034E-16
1808.  2.638856E-16
1809.  2.596205E-16
1810.  2.559017E-16
1811.  2.527178E-16
1812.  2.500539E-16
1813.  2.478911E-16
1814.  2.462072E-16
1815.  2.449778E-16
1816.  2.441761E-16
1817.  2.437736E-16
1818.  2.437412E-16
1819.  2.440487E-16
1820.  2.446663E-16
1821.  2.455642E-16
1822.  2.467135E-16
1823.  2.480866E-16
1824.  2.496569E-16
1825.  2.513996E-16
1826.  2.532920E-16
1827.  2.553134E-16
1828.  2.574449E-16
1829.  2.596704E-16
1830.  2.619754E-16
1831.  2.643482E-16
1832.  2.667791E-16
1833.  2.692602E-16
1834.  2.717859E-16
1835.  2.743521E-16
1836.  2.769566E-16
1837.  2.795984E-16
1838.  2.822780E-16
1839.  2.849964E-16
1840.  2.877559E-16
1841.  2.905590E-16
1842.  2.934085E-16
1843.  2.963075E-16
1844.  2.992588E-16
1845.  3.022650E-16
1846.  3.053281E-16
1847.  3.084496E-16
1848.  3.116298E-16
1849.  3.148686E-16
1850.  3.181644E-16
1851.  3.215149E-16
1852.  3.249161E-16
1853.  3.283637E-16
1854.  3.318512E-16
1855.  3.353719E-16
1856.  3.389174E-16
1857.  3.424787E-16
1858.  3.460456E-16
1859.  3.496075E-16
1860.  3.531529E-16
1861.  3.566699E-16
1862.  3.601461E-16
1863.  3.635693E-16
1864.  3.669272E-16
1865.  3.702072E-16
1866.  3.733977E-16
1867.  3.764871E-16
1868.  3.794646E-16
1869.  3.823201E-16
1870.  3.850442E-16
1871.  3.876290E-16
1872.  3.900668E-16
1873.  3.923516E-16
1874.  3.944785E-16
1875.  3.964434E-16
1876.  3.982437E-16
1877.  3.998775E-16
1878.  4.013448E-16
1879.  4.026458E-16
1880.  4.037821E-16
1881.  4.047566E-16
1882.  4.055725E-16
1883.  4.062339E-16
1884.  4.067460E-16
1885.  4.071143E-16
1886.  4.073449E-16
1887.  4.074446E-16
1888.  4.074205E-16
1889.  4.072799E-16
1890.  4.070305E-16
1891.  4.066804E-16
1892.  4.062376E-16
1893.  4.057105E-16
1894.  4.051076E-16
1895.  4.044373E-16
1896.  4.037086E-16
1897.  4.029299E-16
1898.  4.021104E-16
1899.  4.012590E-16
1900.  4.003848E-16
1901.  3.994971E-16
1902.  3.986053E-16
1903.  3.977192E-16
1904.  3.968482E-16
1905.  3.960027E-16
1906.  3.951924E-16
1907.  3.944279E-16
1908.  3.937197E-16
1909.  3.930788E-16
1910.  3.925157E-16
1911.  3.920418E-16
1912.  3.916684E-16
1913.  3.914068E-16
1914.  3.912686E-16
1915.  3.912654E-16
1916.  3.914086E-16
1917.  3.917101E-16
1918.  3.921810E-16
1919.  3.928329E-16
1920.  3.936766E-16
1921.  3.947234E-16
1922.  3.959835E-16
1923.  3.974671E-16
1924.  3.991842E-16
1925.  4.011437E-16
1926.  4.033541E-16
1927.  4.058236E-16
1928.  4.085595E-16
1929.  4.115680E-16
1930.  4.148552E-16
1931.  4.184256E-16
1932.  4.222835E-16
1933.  4.264319E-16
1934.  4.308728E-16
1935.  4.356077E-16
1936.  4.406368E-16
1937.  4.459597E-16
1938.  4.515748E-16
1939.  4.574795E-16
1940.  4.636709E-16
1941.  4.701451E-16
1942.  4.768974E-16
1943.  4.839228E-16
1944.  4.912153E-16
1945.  4.987685E-16
1946.  5.065763E-16
1947.  5.146318E-16
1948.  5.229281E-16
1949.  5.314587E-16
1950.  5.402169E-16
1951.  5.491966E-16
1952.  5.583923E-16
1953.  5.677987E-16
1954.  5.774118E-16
1955.  5.872286E-16
1956.  5.972470E-16
1957.  6.074663E-16
1958.  6.178872E-16
1959.  6.285123E-16
1960.  6.393458E-16
1961.  6.503931E-16
1962.  6.616626E-16
1963.  6.731643E-16
1964.  6.849096E-16
1965.  6.969132E-16
1966.  7.091910E-16
1967.  7.217615E-16
1968.  7.346443E-16
1969.  7.478616E-16
1970.  7.614370E-16
1971.  7.753955E-16
1972.  7.897629E-16
1973.  8.045666E-16
1974.  8.198333E-16
1975.  8.355905E-16
1976.  8.518651E-16
1977.  8.686825E-16
1978.  8.860666E-16
1979.  9.040393E-16
1980.  9.226192E-16
1981.  9.418217E-16
1982.  9.616575E-16
1983.  9.821324E-16
1984.  1.003246E-15
1985.  1.024993E-15
1986.  1.047359E-15
1987.  1.070323E-15
1988.  1.093857E-15
1989.  1.117921E-15
1990.  1.142469E-15
1991.  1.167445E-15
1992.  1.192783E-15
1993.  1.218407E-15
1994.  1.244233E-15
1995.  1.270167E-15
1996.  1.296106E-15
1997.  1.321941E-15
1998.  1.347552E-15
1999.  1.372816E-15
2000.  1.397603E-15
2001.  1.421778E-15
2002.  1.445205E-15
2003.  1.467744E-15
2004.  1.489257E-15
2005.  1.509606E-15
2006.  1.528657E-15
2007.  1.546281E-15
2008.  1.562353E-15
2009.  1.576759E-15
2010.  1.589392E-15
2011.  1.600158E-15
2012.  1.608972E-15
2013.  1.615766E-15
2014.  1.620483E-15
2015.  1.623083E-15
2016.  1.623542E-15
2017.  1.621850E-15
2018.  1.618016E-15
2019.  1.612063E-15
2020.  1.604031E-15
2021.  1.593977E-15
2022.  1.581970E-15
2023.  1.568095E-15
2024.  1.552450E-15
2025.  1.535144E-15
2026.  1.516296E-15
2027.  1.496036E-15
2028.  1.474499E-15
2029.  1.451828E-15
2030.  1.428168E-15
2031.  1.403670E-15
2032.  1.378482E-15
2033.  1.352755E-15
2034.  1.326636E-15
2035.  1.300270E-15
2036.  1.273797E-15
2037.  1.247350E-15
2038.  1.221058E-15
2039.  1.195041E-15
2040.  1.169411E-15
2041.  1.144273E-15
2042.  1.119720E-15
2043.  1.095838E-15
2044.  1.072705E-15
2045.  1.050386E-15
2046.  1.028940E-15
2047.  1.008418E-15
2048.  9.888610E-16
2049.  9.703021E-16
2050.  9.527684E-16
2051.  9.362797E-16
2052.  9.208502E-16
2053.  9.064885E-16
2054.  8.931986E-16
2055.  8.809804E-16
2056.  8.698310E-16
2057.  8.597438E-16
2058.  8.507107E-16
2059.  8.427213E-16
2060.  8.357650E-16
2061.  8.298295E-16
2062.  8.249028E-16
2063.  8.209724E-16
2064.  8.180264E-16
2065.  8.160534E-16
2066.  8.150426E-16
2067.  8.149835E-16
2068.  8.158676E-16
2069.  8.176865E-16
2070.  8.204329E-16
2071.  8.241005E-16
2072.  8.286836E-16
2073.  8.341776E-16
2074.  8.405785E-16
2075.  8.478820E-16
2076.  8.560854E-16
2077.  8.651851E-16
2078.  8.751776E-16
2079.  8.860590E-16
2080.  8.978255E-16
2081.  9.104714E-16
2082.  9.239903E-16
2083.  9.383747E-16
2084.  9.536147E-16
2085.  9.696994E-16
2086.  9.866141E-16
2087.  1.004343E-15
2088.  1.022865E-15
2089.  1.042158E-15
2090.  1.062196E-15
2091.  1.082946E-15
2092.  1.104375E-15
2093.  1.126442E-15
2094.  1.149102E-15
2095.  1.172307E-15
2096.  1.195999E-15
2097.  1.220120E-15
2098.  1.244602E-15
2099.  1.269374E-15
2100.  1.294358E-15
2101.  1.319471E-15
2102.  1.344625E-15
2103.  1.369726E-15
2104.  1.394677E-15
2105.  1.419374E-15
2106.  1.443712E-15
2107.  1.467581E-15
2108.  1.490869E-15
2109.  1.513462E-15
2110.  1.535246E-15
2111.  1.556105E-15
2112.  1.575926E-15
2113.  1.594598E-15
2114.  1.612010E-15
2115.  1.628057E-15
2116.  1.642640E-15
2117.  1.655664E-15
2118.  1.667041E-15
2119.  1.676693E-15
2120.  1.684548E-15
2121.  1.690545E-15
2122.  1.694633E-15
2123.  1.696772E-15
2124.  1.696934E-15
2125.  1.695101E-15
2126.  1.691269E-15
2127.  1.685443E-15
2128.  1.677644E-15
2129.  1.667901E-15
2130.  1.656258E-15
2131.  1.642767E-15
2132.  1.627492E-15
2133.  1.610508E-15
2134.  1.591896E-15
2135.  1.571747E-15
2136.  1.550161E-15
2137.  1.527240E-15
2138.  1.503096E-15
2139.  1.477841E-15
2140.  1.451592E-15
2141.  1.424469E-15
2142.  1.396590E-15
2143.  1.368076E-15
2144.  1.339045E-15
2145.  1.309614E-15
2146.  1.279896E-15
2147.  1.250001E-15
2148.  1.220036E-15
2149.  1.190101E-15
2150.  1.160292E-15
2151.  1.130698E-15
2152.  1.101403E-15
2153.  1.072485E-15
2154.  1.044014E-15
2155.  1.016054E-15
2156.  9.886633E-16
2157.  9.618925E-16
2158.  9.357863E-16
2159.  9.103832E-16
2160.  8.857158E-16
2161.  8.618109E-16
2162.  8.386897E-16
2163.  8.163687E-16
2164.  7.948592E-16
2165.  7.741682E-16
2166.  7.542990E-16
2167.  7.352510E-16
2168.  7.170195E-16
2169.  6.995979E-16
2170.  6.829763E-16
2171.  6.671425E-16
2172.  6.520822E-16
2173.  6.377795E-16
2174.  6.242167E-16
2175.  6.113755E-16
2176.  5.992359E-16
2177.  5.877779E-16
2178.  5.769804E-16
2179.  5.668227E-16
2180.  5.572835E-16
2181.  5.483420E-16
2182.  5.399776E-16
2183.  5.321703E-16
2184.  5.249005E-16
2185.  5.181500E-16
2186.  5.119006E-16
2187.  5.061357E-16
2188.  5.008400E-16
2189.  4.959986E-16
2190.  4.915984E-16
2191.  4.876276E-16
2192.  4.840750E-16
2193.  4.809313E-16
2194.  4.781881E-16
2195.  4.758378E-16
2196.  4.738745E-16
2197.  4.722927E-16
2198.  4.710880E-16
2199.  4.702569E-16
2200.  4.697960E-16
2201.  4.697030E-16
2202.  4.699755E-16
2203.  4.706115E-16
2204.  4.716090E-16
2205.  4.729660E-16
2206.  4.746802E-16
2207.  4.767491E-16
2208.  4.791699E-16
2209.  4.819391E-16
2210.  4.850526E-16
2211.  4.885061E-16
2212.  4.922944E-16
2213.  4.964117E-16
2214.  5.008512E-16
2215.  5.056062E-16
2216.  5.106688E-16
2217.  5.160309E-16
2218.  5.216836E-16
2219.  5.276177E-16
2220.  5.338237E-16
2221.  5.402916E-16
2222.  5.470111E-16
2223.  5.539721E-16
2224.  5.611638E-16
2225.  5.685754E-16
2226.  5.761963E-16
2227.  5.840156E-16
2228.  5.920220E-16
2229.  6.002049E-16
2230.  6.085528E-16
2231.  6.170549E-16
2232.  6.256994E-16
2233.  6.344750E-16
2234.  6.433699E-16
2235.  6.523723E-16
2236.  6.614698E-16
2237.  6.706504E-16
2238.  6.799014E-16
2239.  6.892102E-16
2240.  6.985638E-16
2241.  7.079496E-16
2242.  7.173546E-16
2243.  7.267666E-16
2244.  7.361733E-16
2245.  7.455633E-16
2246.  7.549258E-16
2247.  7.642508E-16
2248.  7.735301E-16
2249.  7.827567E-16
2250.  7.919256E-16
2251.  8.010334E-16
2252.  8.100793E-16
2253.  8.190652E-16
2254.  8.279954E-16
2255.  8.368772E-16
2256.  8.457209E-16
2257.  8.545399E-16
2258.  8.633509E-16
2259.  8.721735E-16
2260.  8.810302E-16
2261.  8.899466E-16
2262.  8.989506E-16
2263.  9.080723E-16
2264.  9.173439E-16
2265.  9.267985E-16
2266.  9.364706E-16
2267.  9.463947E-16
2268.  9.566048E-16
2269.  9.671342E-16
2270.  9.780140E-16
2271.  9.892733E-16
2272.  1.000938E-15
2273.  1.013030E-15
2274.  1.025567E-15
2275.  1.038562E-15
2276.  1.052021E-15
2277.  1.065946E-15
2278.  1.080330E-15
2279.  1.095161E-15
2280.  1.110420E-15
2281.  1.126079E-15
2282.  1.142106E-15
2283.  1.158461E-15
2284.  1.175096E-15
2285.  1.191958E-15
2286.  1.208989E-15
2287.  1.226126E-15
2288.  1.243300E-15
2289.  1.260441E-15
2290.  1.277475E-15
2291.  1.294326E-15
2292.  1.310920E-15
2293.  1.327181E-15
2294.  1.343034E-15
2295.  1.358409E-15
2296.  1.373235E-15
2297.  1.387449E-15
2298.  1.400991E-15
2299.  1.413806E-15
2300.  1.425845E-15
2301.  1.437067E-15
2302.  1.447435E-15
2303.  1.456921E-15
2304.  1.465503E-15
2305.  1.473165E-15
2306.  1.479899E-15
2307.  1.485702E-15
2308.  1.490577E-15
2309.  1.494533E-15
2310.  1.497582E-15
2311.  1.499743E-15
2312.  1.501036E-15
2313.  1.501485E-15
2314.  1.501117E-15
2315.  1.499958E-15
2316.  1.498039E-15
2317.  1.495389E-15
2318.  1.492038E-15
2319.  1.488017E-15
2320.  1.483357E-15
2321.  1.478086E-15
2322.  1.472237E-15
2323.  1.465836E-15
2324.  1.458917E-15
2325.  1.451507E-15
2326.  1.443638E-15
2327.  1.435342E-15
2328.  1.426653E-15
2329.  1.417603E-15
2330.  1.408231E-15
2331.  1.398577E-15
2332.  1.388681E-15
2333.  1.378588E-15
2334.  1.368348E-15
2335.  1.358010E-15
2336.  1.347629E-15
2337.  1.337261E-15
2338.  1.326966E-15
2339.  1.316806E-15
2340.  1.306844E-15
2341.  1.297143E-15
2342.  1.287769E-15
2343.  1.278786E-15
2344.  1.270255E-15
2345.  1.262237E-15
2346.  1.254789E-15
2347.  1.247963E-15
2348.  1.241807E-15
2349.  1.236361E-15
2350.  1.231662E-15
2351.  1.227734E-15
2352.  1.224598E-15
2353.  1.222262E-15
2354.  1.220728E-15
2355.  1.219987E-15
2356.  1.220021E-15
2357.  1.220804E-15
2358.  1.222300E-15
2359.  1.224466E-15
2360.  1.227249E-15
2361.  1.230591E-15
2362.  1.234429E-15
2363.  1.238694E-15
2364.  1.243313E-15
2365.  1.248212E-15
2366.  1.253316E-15
2367.  1.258550E-15
2368.  1.263842E-15
2369.  1.269121E-15
2370.  1.274324E-15
2371.  1.279393E-15
2372.  1.284274E-15
2373.  1.288925E-15
2374.  1.293312E-15
2375.  1.297408E-15
2376.  1.301201E-15
2377.  1.304686E-15
2378.  1.307868E-15
2379.  1.310766E-15
2380.  1.313406E-15
2381.  1.315825E-15
2382.  1.318070E-15
2383.  1.320193E-15
2384.  1.322256E-15
2385.  1.324325E-15
2386.  1.326471E-15
2387.  1.328769E-15
2388.  1.331292E-15
2389.  1.334115E-15
2390.  1.337313E-15
2391.  1.340953E-15
2392.  1.345100E-15
2393.  1.349812E-15
2394.  1.355138E-15
2395.  1.361119E-15
2396.  1.367785E-15
2397.  1.375155E-15
2398.  1.383234E-15
2399.  1.392018E-15
2400.  1.401487E-15
2401.  1.411609E-15
2402.  1.422340E-15
2403.  1.433623E-15
2404.  1.445389E-15
2405.  1.457557E-15
2406.  1.470038E-15
2407.  1.482734E-15
2408.  1.495538E-15
2409.  1.508339E-15
2410.  1.521022E-15
2411.  1.533468E-15
2412.  1.545560E-15
2413.  1.557181E-15
2414.  1.568217E-15
2415.  1.578560E-15
2416.  1.588108E-15
2417.  1.596771E-15
2418.  1.604464E-15
2419.  1.611116E-15
2420.  1.616672E-15
2421.  1.621084E-15
2422.  1.624326E-15
2423.  1.626381E-15
2424.  1.627252E-15
2425.  1.626954E-15
2426.  1.625521E-15
2427.  1.622999E-15
2428.  1.619449E-15
2429.  1.614947E-15
2430.  1.609579E-15
2431.  1.603443E-15
2432.  1.596646E-15
2433.  1.589303E-15
2434.  1.581533E-15
2435.  1.573462E-15
2436.  1.565216E-15
2437.  1.556921E-15
2438.  1.548702E-15
2439.  1.540679E-15
2440.  1.532966E-15
2441.  1.525670E-15
2442.  1.518890E-15
2443.  1.512710E-15
2444.  1.507207E-15
2445.  1.502440E-15
2446.  1.498456E-15
2447.  1.495289E-15
2448.  1.492955E-15
2449.  1.491455E-15
2450.  1.490774E-15
2451.  1.490884E-15
2452.  1.491742E-15
2453.  1.493288E-15
2454.  1.495454E-15
2455.  1.498158E-15
2456.  1.501306E-15
2457.  1.504799E-15
2458.  1.508529E-15
2459.  1.512382E-15
2460.  1.516241E-15
2461.  1.519988E-15
2462.  1.523503E-15
2463.  1.526670E-15
2464.  1.529374E-15
2465.  1.531508E-15
2466.  1.532969E-15
2467.  1.533663E-15
2468.  1.533506E-15
2469.  1.532423E-15
2470.  1.530350E-15
2471.  1.527237E-15
2472.  1.523045E-15
2473.  1.517747E-15
2474.  1.511331E-15
2475.  1.503795E-15
2476.  1.495153E-15
2477.  1.485429E-15
2478.  1.474660E-15
2479.  1.462892E-15
2480.  1.450182E-15
2481.  1.436598E-15
2482.  1.422214E-15
2483.  1.407111E-15
2484.  1.391377E-15
2485.  1.375104E-15
2486.  1.358386E-15
2487.  1.341321E-15
2488.  1.324007E-15
2489.  1.306540E-15
2490.  1.289016E-15
2491.  1.271528E-15
2492.  1.254164E-15
2493.  1.237008E-15
2494.  1.220136E-15
2495.  1.203620E-15
2496.  1.187523E-15
2497.  1.171898E-15
2498.  1.156793E-15
2499.  1.142244E-15
2500.  1.128279E-15
2501.  1.114917E-15
2502.  1.102164E-15
2503.  1.090022E-15
2504.  1.078481E-15
2505.  1.067521E-15
2506.  1.057116E-15
2507.  1.047233E-15
2508.  1.037829E-15
2509.  1.028859E-15
2510.  1.020268E-15
2511.  1.012002E-15
2512.  1.004000E-15
2513.  9.962005E-16
2514.  9.885402E-16
2515.  9.809558E-16
2516.  9.733857E-16
2517.  9.657696E-16
2518.  9.580509E-16
2519.  9.501766E-16
2520.  9.420984E-16
2521.  9.337738E-16
2522.  9.251667E-16
2523.  9.162478E-16
2524.  9.069950E-16
2525.  8.973940E-16
2526.  8.874384E-16
2527.  8.771293E-16
2528.  8.664767E-16
2529.  8.554976E-16
2530.  8.442165E-16
2531.  8.326657E-16
2532.  8.208838E-16
2533.  8.089158E-16
2534.  7.968119E-16
2535.  7.846275E-16
2536.  7.724222E-16
2537.  7.602584E-16
2538.  7.482016E-16
2539.  7.363186E-16
2540.  7.246772E-16
2541.  7.133453E-16
2542.  7.023897E-16
2543.  6.918765E-16
2544.  6.818681E-16
2545.  6.724249E-16
2546.  6.636034E-16
2547.  6.554557E-16
2548.  6.480291E-16
2549.  6.413656E-16
2550.  6.355016E-16
2551.  6.304668E-16
2552.  6.262854E-16
2553.  6.229740E-16
2554.  6.205430E-16
2555.  6.189957E-16
2556.  6.183279E-16
2557.  6.185293E-16
2558.  6.195817E-16
2559.  6.214606E-16
2560.  6.241345E-16
2561.  6.275654E-16
2562.  6.317092E-16
2563.  6.365157E-16
2564.  6.419290E-16
2565.  6.478878E-16
2566.  6.543262E-16
2567.  6.611740E-16
2568.  6.683565E-16
2569.  6.757963E-16
2570.  6.834128E-16
2571.  6.911228E-16
2572.  6.988424E-16
2573.  7.064857E-16
2574.  7.139671E-16
2575.  7.212014E-16
2576.  7.281037E-16
2577.  7.345919E-16
2578.  7.405852E-16
2579.  7.460064E-16
2580.  7.507824E-16
2581.  7.548439E-16
2582.  7.581270E-16
2583.  7.605732E-16
2584.  7.621309E-16
2585.  7.627537E-16
2586.  7.624040E-16
2587.  7.610504E-16
2588.  7.586702E-16
2589.  7.552481E-16
2590.  7.507776E-16
2591.  7.452599E-16
2592.  7.387051E-16
2593.  7.311309E-16
2594.  7.225634E-16
2595.  7.130367E-16
2596.  7.025917E-16
2597.  6.912770E-16
2598.  6.791474E-16
2599.  6.662635E-16
2600.  6.526921E-16
2601.  6.385040E-16
2602.  6.237745E-16
2603.  6.085821E-16
2604.  5.930078E-16
2605.  5.771349E-16
2606.  5.610470E-16
2607.  5.448288E-16
2608.  5.285642E-16
2609.  5.123358E-16
2610.  4.962247E-16
2611.  4.803091E-16
2612.  4.646644E-16
2613.  4.493624E-16
2614.  4.344705E-16
2615.  4.200512E-16
2616.  4.061630E-16
2617.  3.928581E-16
2618.  3.801834E-16
2619.  3.681806E-16
2620.  3.568847E-16
2621.  3.463257E-16
2622.  3.365269E-16
2623.  3.275066E-16
2624.  3.192768E-16
2625.  3.118441E-16
2626.  3.052103E-16
2627.  2.993718E-16
2628.  2.943204E-16
2629.  2.900439E-16
2630.  2.865256E-16
2631.  2.837460E-16
2632.  2.816817E-16
2633.  2.803072E-16
2634.  2.795944E-16
2635.  2.795134E-16
2636.  2.800330E-16
2637.  2.811211E-16
2638.  2.827446E-16
2639.  2.848703E-16
2640.  2.874653E-16
2641.  2.904971E-16
2642.  2.939340E-16
2643.  2.977447E-16
2644.  3.019000E-16
2645.  3.063715E-16
2646.  3.111331E-16
2647.  3.161597E-16
2648.  3.214285E-16
2649.  3.269181E-16
2650.  3.326101E-16
2651.  3.384869E-16
2652.  3.445337E-16
2653.  3.507376E-16
2654.  3.570868E-16
2655.  3.635722E-16
2656.  3.701863E-16
2657.  3.769227E-16
2658.  3.837768E-16
2659.  3.907458E-16
2660.  3.978272E-16
2661.  4.050203E-16
2662.  4.123251E-16
2663.  4.197420E-16
2664.  4.272723E-16
2665.  4.349173E-16
2666.  4.426784E-16
2667.  4.505566E-16
2668.  4.585527E-16
2669.  4.666668E-16
2670.  4.748975E-16
2671.  4.832427E-16
2672.  4.916980E-16
2673.  5.002574E-16
2674.  5.089126E-16
2675.  5.176528E-16
2676.  5.264638E-16
2677.  5.353292E-16
2678.  5.442282E-16
2679.  5.531371E-16
2680.  5.620282E-16
2681.  5.708697E-16
2682.  5.796264E-16
2683.  5.882586E-16
2684.  5.967228E-16
2685.  6.049722E-16
2686.  6.129561E-16
2687.  6.206210E-16
2688.  6.279100E-16
2689.  6.347648E-16
2690.  6.411250E-16
2691.  6.469287E-16
2692.  6.521143E-16
2693.  6.566203E-16
2694.  6.603863E-16
2695.  6.633542E-16
2696.  6.654684E-16
2697.  6.666774E-16
2698.  6.669341E-16
2699.  6.661967E-16
2700.  6.644297E-16
2701.  6.616042E-16
2702.  6.576990E-16
2703.  6.527007E-16
2704.  6.466044E-16
2705.  6.394142E-16
2706.  6.311428E-16
2707.  6.218118E-16
2708.  6.114519E-16
2709.  6.001029E-16
2710.  5.878126E-16
2711.  5.746369E-16
2712.  5.606393E-16
2713.  5.458897E-16
2714.  5.304643E-16
2715.  5.144446E-16
2716.  4.979159E-16
2717.  4.809673E-16
2718.  4.636896E-16
2719.  4.461751E-16
2720.  4.285164E-16
2721.  4.108048E-16
2722.  3.931301E-16
2723.  3.755793E-16
2724.  3.582354E-16
2725.  3.411769E-16
2726.  3.244770E-16
2727.  3.082030E-16
2728.  2.924153E-16
2729.  2.771673E-16
2730.  2.625052E-16
2731.  2.484671E-16
2732.  2.350836E-16
2733.  2.223770E-16
2734.  2.103619E-16
2735.  1.990452E-16
2736.  1.884263E-16
2737.  1.784973E-16
2738.  1.692440E-16
2739.  1.606451E-16
2740.  1.526747E-16
2741.  1.453010E-16
2742.  1.384878E-16
2743.  1.321954E-16
2744.  1.263810E-16
2745.  1.209992E-16
2746.  1.160026E-16
2747.  1.113435E-16
2748.  1.069734E-16
2749.  1.028443E-16
2750.  9.890895E-17
2751.  9.512202E-17
2752.  9.144005E-17
2753.  8.782215E-17
2754.  8.423048E-17
2755.  8.063065E-17
2756.  7.699208E-17
2757.  7.328800E-17
2758.  6.949569E-17
2759.  6.559746E-17
2760.  6.157907E-17
2761.  5.743136E-17
2762.  5.314930E-17
2763.  4.873198E-17
2764.  4.418289E-17
2765.  3.950926E-17
2766.  3.472174E-17
2767.  2.983479E-17
2768.  2.486556E-17
2769.  1.983422E-17
2770.  1.476302E-17
2771.  9.676107E-18
2772.  4.599519E-18
2773.  -4.399157E-19
2774.  -5.413991E-18
2775.  -1.029472E-17
2776.  -1.505365E-17
2777.  -1.966304E-17
2778.  -2.409520E-17
2779.  -2.832384E-17
2780.  -3.232352E-17
2781.  -3.607027E-17
2782.  -3.954232E-17
2783.  -4.271870E-17
2784.  -4.558099E-17
2785.  -4.811284E-17
2786.  -5.029950E-17
2787.  -5.212889E-17
2788.  -5.359068E-17
2789.  -5.467654E-17
2790.  -5.538079E-17
2791.  -5.569885E-17
2792.  -5.562866E-17
2793.  -5.516982E-17
2794.  -5.432343E-17
2795.  -5.309242E-17
2796.  -5.148072E-17
2797.  -4.949398E-17
2798.  -4.713897E-17
2799.  -4.442317E-17
2800.  -4.135568E-17
2801.  -3.794589E-17
2802.  -3.420420E-17
2803.  -3.014203E-17
2804.  -2.577081E-17
2805.  -2.110314E-17
2806.  -1.615199E-17
2807.  -1.093075E-17
2808.  -5.453463E-18
2809.  2.653069E-19
2810.  6.210493E-18
2811.  1.236630E-17
2812.  1.871681E-17
2813.  2.524525E-17
2814.  3.193427E-17
2815.  3.876604E-17
2816.  4.572193E-17
2817.  5.278304E-17
2818.  5.992957E-17
2819.  6.714117E-17
2820.  7.439701E-17
2821.  8.167562E-17
2822.  8.895480E-17
2823.  9.621247E-17
2824.  1.034256E-16
2825.  1.105711E-16
2826.  1.176256E-16
2827.  1.245653E-16
2828.  1.313669E-16
2829.  1.380067E-16
2830.  1.444615E-16
2831.  1.507084E-16
2832.  1.567249E-16
2833.  1.624890E-16
2834.  1.679799E-16
2835.  1.731769E-16
2836.  1.780613E-16
2837.  1.826147E-16
2838.  1.868206E-16
2839.  1.906637E-16
2840.  1.941300E-16
2841.  1.972073E-16
2842.  1.998853E-16
2843.  2.021550E-16
2844.  2.040095E-16
2845.  2.054439E-16
2846.  2.064548E-16
2847.  2.070412E-16
2848.  2.072038E-16
2849.  2.069450E-16
2850.  2.062693E-16
2851.  2.051835E-16
2852.  2.036953E-16
2853.  2.018149E-16
2854.  1.995538E-16
2855.  1.969252E-16
2856.  1.939442E-16
2857.  1.906264E-16
2858.  1.869896E-16
2859.  1.830523E-16
2860.  1.788344E-16
2861.  1.743566E-16
2862.  1.696406E-16
2863.  1.647084E-16
2864.  1.595831E-16
2865.  1.542879E-16
2866.  1.488466E-16
2867.  1.432826E-16
2868.  1.376203E-16
2869.  1.318832E-16
2870.  1.260948E-16
2871.  1.202784E-16
2872.  1.144568E-16
2873.  1.086522E-16
2874.  1.028858E-16
2875.  9.717846E-17
2876.  9.154982E-17
2877.  8.601882E-17
2878.  8.060281E-17
2879.  7.531853E-17
2880.  7.018101E-17
2881.  6.520432E-17
2882.  6.040126E-17
2883.  5.578271E-17
2884.  5.135881E-17
2885.  4.713802E-17
2886.  4.312703E-17
2887.  3.933185E-17
2888.  3.575653E-17
2889.  3.240376E-17
2890.  2.927525E-17
2891.  2.637097E-17
2892.  2.369009E-17
2893.  2.123018E-17
2894.  1.898786E-17
2895.  1.695866E-17
2896.  1.513709E-17
2897.  1.351690E-17
2898.  1.209087E-17
2899.  1.085069E-17
2900.  9.787972E-18
2901.  8.893255E-18
2902.  8.157071E-18
2903.  7.568813E-18
2904.  7.118039E-18
2905.  6.793737E-18
2906.  6.584769E-18
2907.  6.479829E-18
2908.  6.467542E-18
2909.  6.536577E-18
2910.  6.675288E-18
2911.  6.872543E-18
2912.  7.117121E-18
2913.  7.397865E-18
2914.  7.704243E-18
2915.  8.025386E-18
2916.  8.351163E-18
2917.  8.671841E-18
2918.  8.977666E-18
2919.  9.259471E-18
2920.  9.508789E-18
2921.  9.717192E-18
2922.  9.877223E-18
2923.  9.981185E-18
2924.  1.002297E-17
2925.  9.996413E-18
2926.  9.896136E-18
2927.  9.717509E-18
2928.  9.456420E-18
2929.  9.109995E-18
2930.  8.675479E-18
2931.  8.151202E-18
2932.  7.536608E-18
2933.  6.831585E-18
2934.  6.037111E-18
2935.  5.154836E-18
2936.  4.187630E-18
2937.  3.139172E-18
2938.  2.013920E-18
2939.  8.171367E-19
2940.  -4.450472E-19
2941.  -1.765308E-18
2942.  -3.136100E-18
2943.  -4.548835E-18
2944.  -5.994616E-18
2945.  -7.463480E-18
2946.  -8.945381E-18
2947.  -1.043004E-17
2948.  -1.190641E-17
2949.  -1.336369E-17
2950.  -1.479102E-17
2951.  -1.617730E-17
2952.  -1.751183E-17
2953.  -1.878430E-17
2954.  -1.998469E-17
2955.  -2.110380E-17
2956.  -2.213246E-17
2957.  -2.306298E-17
2958.  -2.388785E-17
2959.  -2.460100E-17
2960.  -2.519695E-17
2961.  -2.567136E-17
2962.  -2.602097E-17
2963.  -2.624381E-17
2964.  -2.633852E-17
2965.  -2.630537E-17
2966.  -2.614515E-17
2967.  -2.586005E-17
2968.  -2.545329E-17
2969.  -2.492877E-17
2970.  -2.429155E-17
2971.  -2.354716E-17
2972.  -2.270205E-17
2973.  -2.176320E-17
2974.  -2.073835E-17
2975.  -1.963518E-17
2976.  -1.846222E-17
2977.  -1.722809E-17
2978.  -1.594149E-17
2979.  -1.461118E-17
2980.  -1.324593E-17
2981.  -1.185438E-17
2982.  -1.044506E-17
2983.  -9.026259E-18
2984.  -7.605841E-18
2985.  -6.191445E-18
2986.  -4.790065E-18
2987.  -3.408641E-18
2988.  -2.053261E-18
2989.  -7.296067E-19
2990.  5.571872E-19
2991.  1.802464E-18
2992.  3.002133E-18
2993.  4.152578E-18
2994.  5.251086E-18
2995.  6.294927E-18
2996.  7.282387E-18
2997.  8.211920E-18
2998.  9.082761E-18
2999.  9.894215E-18
3000.  1.064652E-17
3001.  1.133991E-17
3002.  1.197503E-17
3003.  1.255305E-17
3004.  1.307538E-17
3005.  1.354358E-17
3006.  1.395974E-17
3007.  1.432566E-17
3008.  1.464380E-17
3009.  1.491660E-17
3010.  1.514640E-17
3011.  1.533586E-17
3012.  1.548779E-17
3013.  1.560476E-17
3014.  1.568934E-17
3015.  1.574433E-17
3016.  1.577230E-17
3017.  1.577563E-17
3018.  1.575703E-17
3019.  1.571863E-17
3020.  1.566290E-17
3021.  1.559180E-17
3022.  1.550752E-17
3023.  1.541184E-17
3024.  1.530655E-17
3025.  1.519331E-17
3026.  1.507370E-17
3027.  1.494872E-17
3028.  1.482008E-17
3029.  1.468833E-17
3030.  1.455487E-17
3031.  1.442047E-17
3032.  1.428565E-17
3033.  1.415125E-17
3034.  1.401761E-17
3035.  1.388538E-17
3036.  1.375473E-17
3037.  1.362615E-17
3038.  1.349962E-17
3039.  1.337548E-17
3040.  1.325399E-17
3041.  1.313516E-17
3042.  1.301911E-17
3043.  1.290593E-17
3044.  1.279560E-17
3045.  1.268846E-17
3046.  1.258448E-17
3047.  1.248404E-17
3048.  1.238725E-17
3049.  1.229434E-17
3050.  1.220575E-17
3051.  1.212171E-17
3052.  1.204271E-17
3053.  1.196959E-17
3054.  1.190273E-17
3055.  1.184308E-17
3056.  1.179127E-17
3057.  1.174833E-17
3058.  1.171559E-17
3059.  1.169394E-17
3060.  1.168477E-17
3061.  1.168959E-17
3062.  1.170997E-17
3063.  1.174760E-17
3064.  1.180420E-17
3065.  1.188178E-17
3066.  1.198236E-17
3067.  1.210800E-17
3068.  1.226088E-17
3069.  1.244343E-17
3070.  1.265770E-17
3071.  1.290619E-17
3072.  1.319112E-17
3073.  1.351483E-17
3074.  1.387953E-17
3075.  1.428715E-17
3076.  1.473986E-17
3077.  1.523909E-17
3078.  1.578641E-17
3079.  1.638324E-17
3080.  1.703025E-17
3081.  1.772801E-17
3082.  1.847646E-17
3083.  1.927503E-17
3084.  2.012284E-17
3085.  2.101851E-17
3086.  2.195984E-17
3087.  2.294397E-17
3088.  2.396757E-17
3089.  2.502680E-17
3090.  2.611696E-17
3091.  2.723249E-17
3092.  2.836780E-17
3093.  2.951630E-17
3094.  3.067124E-17
3095.  3.182501E-17
3096.  3.296981E-17
3097.  3.409749E-17
3098.  3.519990E-17
3099.  3.626830E-17
3100.  3.729452E-17
3101.  3.827001E-17
3102.  3.918679E-17
3103.  4.003714E-17
3104.  4.081388E-17
3105.  4.151028E-17
3106.  4.212043E-17
3107.  4.263947E-17
3108.  4.306324E-17
3109.  4.338893E-17
3110.  4.361443E-17
3111.  4.373938E-17
3112.  4.376449E-17
3113.  4.369186E-17
3114.  4.352492E-17
3115.  4.326853E-17
3116.  4.292897E-17
3117.  4.251405E-17
3118.  4.203275E-17
3119.  4.149532E-17
3120.  4.091350E-17
3121.  4.029985E-17
3122.  3.966832E-17
3123.  3.903336E-17
3124.  3.841093E-17
3125.  3.781712E-17
3126.  3.726880E-17
3127.  3.678314E-17
3128.  3.637785E-17
3129.  3.607043E-17
3130.  3.587840E-17
3131.  3.581917E-17
3132.  3.590942E-17
3133.  3.616563E-17
3134.  3.660310E-17
3135.  3.723659E-17
3136.  3.807945E-17
3137.  3.914393E-17
3138.  4.044067E-17
3139.  4.197859E-17
3140.  4.376518E-17
3141.  4.580583E-17
3142.  4.810343E-17
3143.  5.065941E-17
3144.  5.347210E-17
3145.  5.653810E-17
3146.  5.985096E-17
3147.  6.340173E-17
3148.  6.717906E-17
3149.  7.116878E-17
3150.  7.535408E-17
3151.  7.971565E-17
3152.  8.423154E-17
3153.  8.887757E-17
3154.  9.362695E-17
3155.  9.845124E-17
3156.  1.033199E-16
3157.  1.082006E-16
3158.  1.130602E-16
3159.  1.178639E-16
3160.  1.225766E-16
3161.  1.271626E-16
3162.  1.315865E-16
3163.  1.358133E-16
3164.  1.398089E-16
3165.  1.435404E-16
3166.  1.469765E-16
3167.  1.500882E-16
3168.  1.528489E-16
3169.  1.552350E-16
3170.  1.572256E-16
3171.  1.588037E-16
3172.  1.599556E-16
3173.  1.606721E-16
3174.  1.609472E-16
3175.  1.607794E-16
3176.  1.601717E-16
3177.  1.591306E-16
3178.  1.576670E-16
3179.  1.557950E-16
3180.  1.535334E-16
3181.  1.509036E-16
3182.  1.479303E-16
3183.  1.446408E-16
3184.  1.410649E-16
3185.  1.372343E-16
3186.  1.331821E-16
3187.  1.289426E-16
3188.  1.245505E-16
3189.  1.200408E-16
3190.  1.154484E-16
3191.  1.108069E-16
3192.  1.061495E-16
3193.  1.015078E-16
3194.  9.691138E-17
3195.  9.238803E-17
3196.  8.796330E-17
3197.  8.366024E-17
3198.  7.949930E-17
3199.  7.549846E-17
3200.  7.167272E-17
3201.  6.803454E-17
3202.  6.459372E-17
3203.  6.135748E-17
3204.  5.833061E-17
3205.  5.551555E-17
3206.  5.291233E-17
3207.  5.051954E-17
3208.  4.833365E-17
3209.  4.634985E-17
3210.  4.456174E-17
3211.  4.296186E-17
3212.  4.154219E-17
3213.  4.029363E-17
3214.  3.920709E-17
3215.  3.827256E-17
3216.  3.748061E-17
3217.  3.682151E-17
3218.  3.628573E-17
3219.  3.586391E-17
3220.  3.554775E-17
3221.  3.532834E-17
3222.  3.519848E-17
3223.  3.515093E-17
3224.  3.517913E-17
3225.  3.527725E-17
3226.  3.543998E-17
3227.  3.566282E-17
3228.  3.594160E-17
3229.  3.627289E-17
3230.  3.665351E-17
3231.  3.708105E-17
3232.  3.755334E-17
3233.  3.806830E-17
3234.  3.862424E-17
3235.  3.921963E-17
3236.  3.985307E-17
3237.  4.052333E-17
3238.  4.122860E-17
3239.  4.196759E-17
3240.  4.273835E-17
3241.  4.353913E-17
3242.  4.436768E-17
3243.  4.522126E-17
3244.  4.609762E-17
3245.  4.699326E-17
3246.  4.790511E-17
3247.  4.882923E-17
3248.  4.976189E-17
3249.  5.069893E-17
3250.  5.163584E-17
3251.  5.256845E-17
3252.  5.349236E-17
3253.  5.440304E-17
3254.  5.529670E-17
3255.  5.616916E-17
3256.  5.701711E-17
3257.  5.783767E-17
3258.  5.862839E-17
3259.  5.938799E-17
3260.  6.011544E-17
3261.  6.081127E-17
3262.  6.147678E-17
3263.  6.211453E-17
3264.  6.272814E-17
3265.  6.332293E-17
3266.  6.390490E-17
3267.  6.448212E-17
3268.  6.506329E-17
3269.  6.565916E-17
3270.  6.628102E-17
3271.  6.694198E-17
3272.  6.765584E-17
3273.  6.843790E-17
3274.  6.930404E-17
3275.  7.027086E-17
3276.  7.135584E-17
3277.  7.257688E-17
3278.  7.395200E-17
3279.  7.549951E-17
3280.  7.723782E-17
3281.  7.918467E-17
3282.  8.135776E-17
3283.  8.377395E-17
3284.  8.644974E-17
3285.  8.939991E-17
3286.  9.263895E-17
3287.  9.617963E-17
3288.  1.000333E-16
3289.  1.042096E-16
3290.  1.087167E-16
3291.  1.135607E-16
3292.  1.187460E-16
3293.  1.242742E-16
3294.  1.301451E-16
3295.  1.363562E-16
3296.  1.429023E-16
3297.  1.497757E-16
3298.  1.569659E-16
3299.  1.644597E-16
3300.  1.722412E-16
3301.  1.802918E-16
3302.  1.885893E-16
3303.  1.971094E-16
3304.  2.058248E-16
3305.  2.147047E-16
3306.  2.237164E-16
3307.  2.328241E-16
3308.  2.419895E-16
3309.  2.511722E-16
3310.  2.603299E-16
3311.  2.694180E-16
3312.  2.783907E-16
3313.  2.872012E-16
3314.  2.958019E-16
3315.  3.041444E-16
3316.  3.121814E-16
3317.  3.198651E-16
3318.  3.271501E-16
3319.  3.339910E-16
3320.  3.403459E-16
3321.  3.461747E-16
3322.  3.514406E-16
3323.  3.561105E-16
3324.  3.601549E-16
3325.  3.635487E-16
3326.  3.662718E-16
3327.  3.683085E-16
3328.  3.696482E-16
3329.  3.702862E-16
3330.  3.702225E-16
3331.  3.694627E-16
3332.  3.680175E-16
3333.  3.659027E-16
3334.  3.631391E-16
3335.  3.597520E-16
3336.  3.557711E-16
3337.  3.512300E-16
3338.  3.461657E-16
3339.  3.406179E-16
3340.  3.346295E-16
3341.  3.282451E-16
3342.  3.215108E-16
3343.  3.144739E-16
3344.  3.071823E-16
3345.  2.996840E-16
3346.  2.920268E-16
3347.  2.842580E-16
3348.  2.764239E-16
3349.  2.685694E-16
3350.  2.607382E-16
3351.  2.529723E-16
3352.  2.453119E-16
3353.  2.377953E-16
3354.  2.304595E-16
3355.  2.233387E-16
3356.  2.164661E-16
3357.  2.098732E-16
3358.  2.035893E-16
3359.  1.976428E-16
3360.  1.920609E-16
3361.  1.868691E-16
3362.  1.820923E-16
3363.  1.777545E-16
3364.  1.738790E-16
3365.  1.704883E-16
3366.  1.676046E-16
3367.  1.652493E-16
3368.  1.634439E-16
3369.  1.622090E-16
3370.  1.615651E-16
3371.  1.615316E-16
3372.  1.621279E-16
3373.  1.633722E-16
3374.  1.652820E-16
3375.  1.678736E-16
3376.  1.711617E-16
3377.  1.751597E-16
3378.  1.798792E-16
3379.  1.853291E-16
3380.  1.915166E-16
3381.  1.984457E-16
3382.  2.061175E-16
3383.  2.145300E-16
3384.  2.236772E-16
3385.  2.335499E-16
3386.  2.441340E-16
3387.  2.554119E-16
3388.  2.673607E-16
3389.  2.799537E-16
3390.  2.931588E-16
3391.  3.069392E-16
3392.  3.212533E-16
3393.  3.360546E-16
3394.  3.512917E-16
3395.  3.669088E-16
3396.  3.828453E-16
3397.  3.990368E-16
3398.  4.154143E-16
3399.  4.319062E-16
3400.  4.484367E-16
3401.  4.649285E-16
3402.  4.813015E-16
3403.  4.974745E-16
3404.  5.133650E-16
3405.  5.288910E-16
3406.  5.439706E-16
3407.  5.585233E-16
3408.  5.724708E-16
3409.  5.857373E-16
3410.  5.982511E-16
3411.  6.099441E-16
3412.  6.207536E-16
3413.  6.306226E-16
3414.  6.395000E-16
3415.  6.473415E-16
3416.  6.541106E-16
3417.  6.597777E-16
3418.  6.643214E-16
3419.  6.677285E-16
3420.  6.699944E-16
3421.  6.711221E-16
3422.  6.711232E-16
3423.  6.700174E-16
3424.  6.678317E-16
3425.  6.646011E-16
3426.  6.603671E-16
3427.  6.551775E-16
3428.  6.490863E-16
3429.  6.421526E-16
3430.  6.344399E-16
3431.  6.260151E-16
3432.  6.169492E-16
3433.  6.073144E-16
3434.  5.971853E-16
3435.  5.866368E-16
3436.  5.757444E-16
3437.  5.645832E-16
3438.  5.532268E-16
3439.  5.417476E-16
3440.  5.302154E-16
3441.  5.186984E-16
3442.  5.072607E-16
3443.  4.959639E-16
3444.  4.848660E-16
3445.  4.740208E-16
3446.  4.634792E-16
3447.  4.532869E-16
3448.  4.434866E-16
3449.  4.341160E-16
3450.  4.252098E-16
3451.  4.167975E-16
3452.  4.089052E-16
3453.  4.015552E-16
3454.  3.947653E-16
3455.  3.885500E-16
3456.  3.829193E-16
3457.  3.778804E-16
3458.  3.734357E-16
3459.  3.695846E-16
3460.  3.663227E-16
3461.  3.636420E-16
3462.  3.615308E-16
3463.  3.599742E-16
3464.  3.589531E-16
3465.  3.584459E-16
3466.  3.584269E-16
3467.  3.588674E-16
3468.  3.597359E-16
3469.  3.609972E-16
3470.  3.626140E-16
3471.  3.645460E-16
3472.  3.667510E-16
3473.  3.691845E-16
3474.  3.718001E-16
3475.  3.745502E-16
3476.  3.773868E-16
3477.  3.802604E-16
3478.  3.831221E-16
3479.  3.859232E-16
3480.  3.886155E-16
3481.  3.911523E-16
3482.  3.934886E-16
3483.  3.955816E-16
3484.  3.973907E-16
3485.  3.988789E-16
3486.  4.000115E-16
3487.  4.007586E-16
3488.  4.010935E-16
3489.  4.009937E-16
3490.  4.004408E-16
3491.  3.994213E-16
3492.  3.979256E-16
3493.  3.959493E-16
3494.  3.934915E-16
3495.  3.905561E-16
3496.  3.871513E-16
3497.  3.832886E-16
3498.  3.789839E-16
3499.  3.742561E-16
3500.  3.691271E-16
3501.  3.636218E-16
3502.  3.577674E-16
3503.  3.515931E-16
3504.  3.451293E-16
3505.  3.384081E-16
3506.  3.314629E-16
3507.  3.243262E-16
3508.  3.170319E-16
3509.  3.096130E-16
3510.  3.021021E-16
3511.  2.945306E-16
3512.  2.869292E-16
3513.  2.793270E-16
3514.  2.717514E-16
3515.  2.642281E-16
3516.  2.567803E-16
3517.  2.494301E-16
3518.  2.421964E-16
3519.  2.350964E-16
3520.  2.281448E-16
3521.  2.213539E-16
3522.  2.147338E-16
3523.  2.082925E-16
3524.  2.020358E-16
3525.  1.959677E-16
3526.  1.900896E-16
3527.  1.844021E-16
3528.  1.789034E-16
3529.  1.735912E-16
3530.  1.684614E-16
3531.  1.635093E-16
3532.  1.587294E-16
3533.  1.541159E-16
3534.  1.496627E-16
3535.  1.453635E-16
3536.  1.412128E-16
3537.  1.372048E-16
3538.  1.333351E-16
3539.  1.295994E-16
3540.  1.259953E-16
3541.  1.225203E-16
3542.  1.191744E-16
3543.  1.159580E-16
3544.  1.128733E-16
3545.  1.099235E-16
3546.  1.071136E-16
3547.  1.044494E-16
3548.  1.019383E-16
3549.  9.958827E-17
3550.  9.740874E-17
3551.  9.540953E-17
3552.  9.360131E-17
3553.  9.199499E-17
3554.  9.060136E-17
3555.  8.943159E-17
3556.  8.849628E-17
3557.  8.780555E-17
3558.  8.736846E-17
3559.  8.719371E-17
3560.  8.728819E-17
3561.  8.765794E-17
3562.  8.830710E-17
3563.  8.923810E-17
3564.  9.045188E-17
3565.  9.194749E-17
3566.  9.372176E-17
3567.  9.577012E-17
3568.  9.808512E-17
3569.  1.006584E-16
3570.  1.034794E-16
3571.  1.065353E-16
3572.  1.098124E-16
3573.  1.132950E-16
3574.  1.169659E-16
3575.  1.208069E-16
3576.  1.247984E-16
3577.  1.289200E-16
3578.  1.331506E-16
3579.  1.374681E-16
3580.  1.418502E-16
3581.  1.462742E-16
3582.  1.507173E-16
3583.  1.551564E-16
3584.  1.595687E-16
3585.  1.639313E-16
3586.  1.682220E-16
3587.  1.724185E-16
3588.  1.764992E-16
3589.  1.804426E-16
3590.  1.842284E-16
3591.  1.878362E-16
3592.  1.912467E-16
3593.  1.944409E-16
3594.  1.974010E-16
3595.  2.001093E-16
3596.  2.025494E-16
3597.  2.047057E-16
3598.  2.065629E-16
3599.  2.081075E-16
3600.  2.093265E-16
3601.  2.102085E-16
3602.  2.107425E-16
3603.  2.109194E-16
3604.  2.107319E-16
3605.  2.101732E-16
3606.  2.092393E-16
3607.  2.079271E-16
3608.  2.062358E-16
3609.  2.041666E-16
3610.  2.017229E-16
3611.  1.989100E-16
3612.  1.957354E-16
3613.  1.922098E-16
3614.  1.883447E-16
3615.  1.841554E-16
3616.  1.796585E-16
3617.  1.748730E-16
3618.  1.698201E-16
3619.  1.645230E-16
3620.  1.590064E-16
3621.  1.532967E-16
3622.  1.474216E-16
3623.  1.414096E-16
3624.  1.352909E-16
3625.  1.290948E-16
3626.  1.228518E-16
3627.  1.165917E-16
3628.  1.103444E-16
3629.  1.041386E-16
3630.  9.800182E-17
3631.  9.196069E-17
3632.  8.604001E-17
3633.  8.026295E-17
3634.  7.465029E-17
3635.  6.922072E-17
3636.  6.399116E-17
3637.  5.897536E-17
3638.  5.418526E-17
3639.  4.962984E-17
3640.  4.531613E-17
3641.  4.124808E-17
3642.  3.742831E-17
3643.  3.385637E-17
3644.  3.053039E-17
3645.  2.744612E-17
3646.  2.459786E-17
3647.  2.197874E-17
3648.  1.957980E-17
3649.  1.739178E-17
3650.  1.540419E-17
3651.  1.360567E-17
3652.  1.198462E-17
3653.  1.052915E-17
3654.  9.226765E-18
3655.  8.065719E-18
3656.  7.033704E-18
3657.  6.119026E-18
3658.  5.310337E-18
3659.  4.596788E-18
3660.  3.967803E-18
3661.  3.413629E-18
3662.  2.924915E-18
3663.  2.493190E-18
3664.  2.110528E-18
3665.  1.769572E-18
3666.  1.463802E-18
3667.  1.186745E-18
3668.  9.332682E-19
3669.  6.981456E-19
3670.  4.774167E-19
3671.  2.668928E-19
3672.  6.293148E-20
3673.  -1.374563E-19
3674.  -3.370537E-19
3675.  -5.382845E-19
3676.  -7.434370E-19
3677.  -9.541958E-19
3678.  -1.172547E-18
3679.  -1.399829E-18
3680.  -1.637397E-18
3681.  -1.886501E-18
3682.  -2.148083E-18
3683.  -2.423036E-18
3684.  -2.712218E-18
3685.  -3.016287E-18
3686.  -3.335605E-18
3687.  -3.670596E-18
3688.  -4.021274E-18
3689.  -4.387821E-18
3690.  -4.769554E-18
3691.  -5.166487E-18
3692.  -5.577576E-18
3693.  -6.001586E-18
3694.  -6.437325E-18
3695.  -6.882574E-18
3696.  -7.335558E-18
3697.  -7.793358E-18
3698.  -8.252752E-18
3699.  -8.710240E-18
3700.  -9.161192E-18
3701.  -9.601121E-18
3702.  -1.002462E-17
3703.  -1.042569E-17
3704.  -1.079800E-17
3705.  -1.113425E-17
3706.  -1.142702E-17
3707.  -1.166832E-17
3708.  -1.184952E-17
3709.  -1.196209E-17
3710.  -1.199667E-17
3711.  -1.194405E-17
3712.  -1.179521E-17
3713.  -1.154057E-17
3714.  -1.117111E-17
3715.  -1.067819E-17
3716.  -1.005347E-17
3717.  -9.289726E-18
3718.  -8.379899E-18
3719.  -7.318164E-18
3720.  -6.099950E-18
3721.  -4.721903E-18
3722.  -3.181698E-18
3723.  -1.479350E-18
3724.  3.840925E-19
3725.  2.405557E-18
3726.  4.580452E-18
3727.  6.901970E-18
3728.  9.361662E-18
3729.  1.194915E-17
3730.  1.465236E-17
3731.  1.745719E-17
3732.  2.034829E-17
3733.  2.330831E-17
3734.  2.631921E-17
3735.  2.936137E-17
3736.  3.241436E-17
3737.  3.545712E-17
3738.  3.846805E-17
3739.  4.142545E-17
3740.  4.430776E-17
3741.  4.709367E-17
3742.  4.976275E-17
3743.  5.229527E-17
3744.  5.467288E-17
3745.  5.687829E-17
3746.  5.889617E-17
3747.  6.071297E-17
3748.  6.231688E-17
3749.  6.369840E-17
3750.  6.485017E-17
3751.  6.576716E-17
3752.  6.644664E-17
3753.  6.688800E-17
3754.  6.709316E-17
3755.  6.706586E-17
3756.  6.681241E-17
3757.  6.634071E-17
3758.  6.566055E-17
3759.  6.478343E-17
3760.  6.372212E-17
3761.  6.249078E-17
3762.  6.110456E-17
3763.  5.957908E-17
3764.  5.793122E-17
3765.  5.617754E-17
3766.  5.433501E-17
3767.  5.242057E-17
3768.  5.045076E-17
3769.  4.844180E-17
3770.  4.640925E-17
3771.  4.436776E-17
3772.  4.233166E-17
3773.  4.031351E-17
3774.  3.832544E-17
3775.  3.637823E-17
3776.  3.448144E-17
3777.  3.264342E-17
3778.  3.087145E-17
3779.  2.917166E-17
3780.  2.754874E-17
3781.  2.600658E-17
3782.  2.454744E-17
3783.  2.317338E-17
3784.  2.188484E-17
3785.  2.068155E-17
3786.  1.956256E-17
3787.  1.852608E-17
3788.  1.756957E-17
3789.  1.669003E-17
3790.  1.588396E-17
3791.  1.514752E-17
3792.  1.447637E-17
3793.  1.386600E-17
3794.  1.331169E-17
3795.  1.280851E-17
3796.  1.235164E-17
3797.  1.193574E-17
3798.  1.155627E-17
3799.  1.120821E-17
3800.  1.088662E-17
3801.  1.058700E-17
3802.  1.030505E-17
3803.  1.003628E-17
3804.  9.776846E-18
3805.  9.523279E-18
3806.  9.271866E-18
3807.  9.019922E-18
3808.  8.764463E-18
3809.  8.503342E-18
3810.  8.234715E-18
3811.  7.956814E-18
3812.  7.668772E-18
3813.  7.369914E-18
3814.  7.059698E-18
3815.  6.738658E-18
3816.  6.407146E-18
3817.  6.066084E-18
3818.  5.716969E-18
3819.  5.361238E-18
3820.  5.001172E-18
3821.  4.638730E-18
3822.  4.276834E-18
3823.  3.917879E-18
3824.  3.564631E-18
3825.  3.220187E-18
3826.  2.887446E-18
3827.  2.569064E-18
3828.  2.268053E-18
3829.  1.986610E-18
3830.  1.727354E-18
3831.  1.492118E-18
3832.  1.282728E-18
3833.  1.100306E-18
3834.  9.457135E-19
3835.  8.192469E-19
3836.  7.209022E-19
3837.  6.499509E-19
3838.  6.053662E-19
3839.  5.856480E-19
3840.  5.886311E-19
3841.  6.120419E-19
3842.  6.530718E-19
3843.  7.087347E-19
3844.  7.756207E-19
3845.  8.503701E-19
3846.  9.293657E-19
3847.  1.009264E-18
3848.  1.086568E-18
3849.  1.157901E-18
3850.  1.220334E-18
3851.  1.271097E-18
3852.  1.307697E-18
3853.  1.328233E-18
3854.  1.331127E-18
3855.  1.315427E-18
3856.  1.280505E-18
3857.  1.226525E-18
3858.  1.153851E-18
3859.  1.063442E-18
3860.  9.568935E-19
3861.  8.358212E-19
3862.  7.026922E-19
3863.  5.600156E-19
3864.  4.105613E-19
3865.  2.572498E-19
3866.  1.033398E-19
3867.  -4.814432E-20
3868.  -1.941257E-19
3869.  -3.314160E-19
3870.  -4.574672E-19
3871.  -5.693152E-19
3872.  -6.647845E-19
3873.  -7.419298E-19
3874.  -7.990722E-19
3875.  -8.347710E-19
3876.  -8.483905E-19
3877.  -8.393162E-19
3878.  -8.077304E-19
3879.  -7.540066E-19
3880.  -6.787130E-19
3881.  -5.834922E-19
3882.  -4.696525E-19
3883.  -3.392555E-19
3884.  -1.943260E-19
3885.  -3.739107E-20
3886.  1.288962E-19
3887.  3.018301E-19
3888.  4.784761E-19
3889.  6.559433E-19
3890.  8.314539E-19
3891.  1.001889E-18
3892.  1.164946E-18
3893.  1.317651E-18
3894.  1.457774E-18
3895.  1.583391E-18
3896.  1.692606E-18
3897.  1.783919E-18
3898.  1.856004E-18
3899.  1.908342E-18
3900.  1.940481E-18
3901.  1.952218E-18
3902.  1.943972E-18
3903.  1.916733E-18
3904.  1.871167E-18
3905.  1.808921E-18
3906.  1.731838E-18
3907.  1.641583E-18
3908.  1.540578E-18
3909.  1.431435E-18
3910.  1.316269E-18
3911.  1.198221E-18
3912.  1.079719E-18
3913.  9.634784E-19
3914.  8.521454E-19
3915.  7.483871E-19
3916.  6.544252E-19
3917.  5.724742E-19
3918.  5.045151E-19
3919.  4.521980E-19
3920.  4.170982E-19
3921.  4.002674E-19
3922.  4.024983E-19
3923.  4.243190E-19
3924.  4.660495E-19
3925.  5.273514E-19
3926.  6.082342E-19
3927.  7.077720E-19
3928.  8.251537E-19
3929.  9.592019E-19
3930.  1.108679E-18
3931.  1.272124E-18
3932.  1.447775E-18
3933.  1.634038E-18
3934.  1.828863E-18
3935.  2.030631E-18
3936.  2.237158E-18
3937.  2.446438E-18
3938.  2.656696E-18
3939.  2.865663E-18
3940.  3.071414E-18
3941.  3.272033E-18
3942.  3.465371E-18
3943.  3.649541E-18
3944.  3.822735E-18
3945.  3.982765E-18
3946.  4.128087E-18
3947.  4.256562E-18
3948.  4.366494E-18
3949.  4.456072E-18
3950.  4.523662E-18
3951.  4.567452E-18
3952.  4.585975E-18
3953.  4.577630E-18
3954.  4.541134E-18
3955.  4.474988E-18
3956.  4.378336E-18
3957.  4.249890E-18
3958.  4.088990E-18
3959.  3.894967E-18
3960.  3.667464E-18
3961.  3.406195E-18
3962.  3.111436E-18
3963.  2.783051E-18
3964.  2.421980E-18
3965.  2.028911E-18
3966.  1.604753E-18
3967.  1.150886E-18
3968.  6.687465E-19
3969.  1.599384E-19
3970.  -3.736303E-19
3971.  -9.300272E-19
3972.  -1.507305E-18
3973.  -2.103354E-18
3974.  -2.716123E-18
3975.  -3.343470E-18
3976.  -3.983451E-18
3977.  -4.634413E-18
3978.  -5.294594E-18
3979.  -5.962633E-18
3980.  -6.637486E-18
3981.  -7.318489E-18
3982.  -8.004868E-18
3983.  -8.696946E-18
3984.  -9.394858E-18
3985.  -1.009944E-17
3986.  -1.081184E-17
3987.  -1.153363E-17
3988.  -1.226684E-17
3989.  -1.301407E-17
3990.  -1.377776E-17
3991.  -1.456108E-17
3992.  -1.536738E-17
3993.  -1.620011E-17
3994.  -1.706314E-17
3995.  -1.796006E-17
3996.  -1.889462E-17
3997.  -1.987047E-17
3998.  -2.089147E-17
3999.  -2.196050E-17
4000.  -2.308046E-17
4001.  -2.425407E-17
4002.  -2.548332E-17
4003.  -2.676953E-17
4004.  -2.811366E-17
4005.  -2.951544E-17
4006.  -3.097453E-17
4007.  -3.248929E-17
4008.  -3.405718E-17
4009.  -3.567539E-17
4010.  -3.733948E-17
4011.  -3.904486E-17
4012.  -4.078557E-17
4013.  -4.255514E-17
4014.  -4.434623E-17
4015.  -4.615119E-17
4016.  -4.796124E-17
4017.  -4.976758E-17
4018.  -5.156076E-17
4019.  -5.333123E-17
4020.  -5.506890E-17
4021.  -5.676434E-17
4022.  -5.840746E-17
4023.  -5.998889E-17
4024.  -6.149909E-17
4025.  -6.292941E-17
4026.  -6.427130E-17
4027.  -6.551712E-17
4028.  -6.665957E-17
4029.  -6.769238E-17
4030.  -6.860980E-17
4031.  -6.940704E-17
4032.  -7.008002E-17
4033.  -7.062546E-17
4034.  -7.104083E-17
4035.  -7.132429E-17
4036.  -7.147483E-17
4037.  -7.149191E-17
4038.  -7.137569E-17
4039.  -7.112672E-17
4040.  -7.074596E-17
4041.  -7.023477E-17
4042.  -6.959474E-17
4043.  -6.882741E-17
4044.  -6.793477E-17
4045.  -6.691885E-17
4046.  -6.578129E-17
4047.  -6.452406E-17
4048.  -6.314864E-17
4049.  -6.165704E-17
4050.  -6.005061E-17
4051.  -5.833080E-17
4052.  -5.649886E-17
4053.  -5.455649E-17
4054.  -5.250463E-17
4055.  -5.034480E-17
4056.  -4.807861E-17
4057.  -4.570753E-17
4058.  -4.323346E-17
4059.  -4.065869E-17
4060.  -3.798590E-17
4061.  -3.521784E-17
4062.  -3.235823E-17
4063.  -2.941124E-17
4064.  -2.638157E-17
4065.  -2.327450E-17
4066.  -2.009635E-17
4067.  -1.685388E-17
4068.  -1.355475E-17
4069.  -1.020726E-17
4070.  -6.820752E-18
4071.  -3.404692E-18
4072.  3.041686E-20
4073.  3.473106E-18
4074.  6.912032E-18
4075.  1.033487E-17
4076.  1.372925E-17
4077.  1.708247E-17
4078.  2.038142E-17
4079.  2.361340E-17
4080.  2.676552E-17
4081.  2.982537E-17
4082.  3.278110E-17
4083.  3.562103E-17
4084.  3.833492E-17
4085.  4.091297E-17
4086.  4.334704E-17
4087.  4.562976E-17
4088.  4.775560E-17
4089.  4.972070E-17
4090.  5.152278E-17
4091.  5.316122E-17
4092.  5.463801E-17
4093.  5.595656E-17
4094.  5.712262E-17
4095.  5.814396E-17
4096.  5.903047E-17
4097.  5.979409E-17
4098.  6.044847E-17
4099.  6.100915E-17
4100.  6.149334E-17
4101.  6.191968E-17
4102.  6.230807E-17
4103.  6.267926E-17
4104.  6.305477E-17
4105.  6.345637E-17
4106.  6.390604E-17
4107.  6.442526E-17
4108.  6.503512E-17
4109.  6.575546E-17
4110.  6.660522E-17
4111.  6.760106E-17
4112.  6.875836E-17
4113.  7.008970E-17
4114.  7.160538E-17
4115.  7.331296E-17
4116.  7.521691E-17
4117.  7.731830E-17
4118.  7.961578E-17
4119.  8.210394E-17
4120.  8.477421E-17
4121.  8.761504E-17
4122.  9.061135E-17
4123.  9.374524E-17
4124.  9.699575E-17
4125.  1.003395E-16
4126.  1.037506E-16
4127.  1.072012E-16
4128.  1.106618E-16
4129.  1.141014E-16
4130.  1.174883E-16
4131.  1.207902E-16
4132.  1.239746E-16
4133.  1.270097E-16
4134.  1.298641E-16
4135.  1.325075E-16
4136.  1.349117E-16
4137.  1.370497E-16
4138.  1.388974E-16
4139.  1.404325E-16
4140.  1.416363E-16
4141.  1.424925E-16
4142.  1.429884E-16
4143.  1.431142E-16
4144.  1.428640E-16
4145.  1.422347E-16
4146.  1.412273E-16
4147.  1.398454E-16
4148.  1.380966E-16
4149.  1.359909E-16
4150.  1.335421E-16
4151.  1.307658E-16
4152.  1.276807E-16
4153.  1.243077E-16
4154.  1.206697E-16
4155.  1.167914E-16
4156.  1.126987E-16
4157.  1.084190E-16
4158.  1.039802E-16
4159.  9.941166E-17
4160.  9.474212E-17
4161.  9.000108E-17
4162.  8.521777E-17
4163.  8.042097E-17
4164.  7.563920E-17
4165.  7.090007E-17
4166.  6.623027E-17
4167.  6.165565E-17
4168.  5.720084E-17
4169.  5.288940E-17
4170.  4.874326E-17
4171.  4.478337E-17
4172.  4.102890E-17
4173.  3.749791E-17
4174.  3.420686E-17
4175.  3.117052E-17
4176.  2.840256E-17
4177.  2.591514E-17
4178.  2.371878E-17
4179.  2.182310E-17
4180.  2.023569E-17
4181.  1.896331E-17
4182.  1.801145E-17
4183.  1.738403E-17
4184.  1.708403E-17
4185.  1.711306E-17
4186.  1.747133E-17
4187.  1.815857E-17
4188.  1.917242E-17
4189.  2.050963E-17
4190.  2.216582E-17
4191.  2.413517E-17
4192.  2.641025E-17
4193.  2.898293E-17
4194.  3.184260E-17
4195.  3.497777E-17
4196.  3.837507E-17
4197.  4.201947E-17
4198.  4.589407E-17
4199.  4.998025E-17
4200.  5.425769E-17
4201.  5.870402E-17
4202.  6.329504E-17
4203.  6.800484E-17
4204.  7.280582E-17
4205.  7.766873E-17
4206.  8.256301E-17
4207.  8.745689E-17
4208.  9.231731E-17
4209.  9.711077E-17
4210.  1.018034E-16
4211.  1.063610E-16
4212.  1.107500E-16
4213.  1.149373E-16
4214.  1.188911E-16
4215.  1.225806E-16
4216.  1.259776E-16
4217.  1.290557E-16
4218.  1.317916E-16
4219.  1.341644E-16
4220.  1.361571E-16
4221.  1.377560E-16
4222.  1.389513E-16
4223.  1.397368E-16
4224.  1.401107E-16
4225.  1.400748E-16
4226.  1.396350E-16
4227.  1.388010E-16
4228.  1.375860E-16
4229.  1.360065E-16
4230.  1.340819E-16
4231.  1.318346E-16
4232.  1.292889E-16
4233.  1.264709E-16
4234.  1.234084E-16
4235.  1.201297E-16
4236.  1.166636E-16
4237.  1.130388E-16
4238.  1.092840E-16
4239.  1.054266E-16
4240.  1.014929E-16
4241.  9.750775E-17
4242.  9.349417E-17
4243.  8.947327E-17
4244.  8.546406E-17
4245.  8.148298E-17
4246.  7.754446E-17
4247.  7.366090E-17
4248.  6.984208E-17
4249.  6.609581E-17
4250.  6.242802E-17
4251.  5.884262E-17
4252.  5.534230E-17
4253.  5.192795E-17
4254.  4.859952E-17
4255.  4.535595E-17
4256.  4.219569E-17
4257.  3.911628E-17
4258.  3.611532E-17
4259.  3.319024E-17
4260.  3.033850E-17
4261.  2.755795E-17
4262.  2.484658E-17
4263.  2.220310E-17
4264.  1.962667E-17
4265.  1.711699E-17
4266.  1.467483E-17
4267.  1.230100E-17
4268.  9.997627E-18
4269.  7.767369E-18
4270.  5.613420E-18
4271.  3.539814E-18
4272.  1.551054E-18
4273.  -3.475655E-19
4274.  -2.150446E-18
4275.  -3.851277E-18
4276.  -5.443161E-18
4277.  -6.919174E-18
4278.  -8.271624E-18
4279.  -9.492421E-18
4280.  -1.057354E-17
4281.  -1.150585E-17
4282.  -1.228041E-17
4283.  -1.288785E-17
4284.  -1.331824E-17
4285.  -1.356143E-17
4286.  -1.360677E-17
4287.  -1.344307E-17
4288.  -1.305906E-17
4289.  -1.244258E-17
4290.  -1.158128E-17
4291.  -1.046213E-17
4292.  -9.071763E-18
4293.  -7.396036E-18
4294.  -5.420708E-18
4295.  -3.130718E-18
4296.  -5.108259E-19
4297.  2.454592E-18
4298.  5.781768E-18
4299.  9.486701E-18
4300.  1.358550E-17
4301.  1.809428E-17
4302.  2.302883E-17
4303.  2.840463E-17
4304.  3.423617E-17
4305.  4.053718E-17
4306.  4.732035E-17
4307.  5.459673E-17
4308.  6.237576E-17
4309.  7.066448E-17
4310.  7.946826E-17
4311.  8.878951E-17
4312.  9.862772E-17
4313.  1.089793E-16
4314.  1.198373E-16
4315.  1.311911E-16
4316.  1.430264E-16
4317.  1.553247E-16
4318.  1.680636E-16
4319.  1.812167E-16
4320.  1.947531E-16
4321.  2.086382E-16
4322.  2.228331E-16
4323.  2.372950E-16
4324.  2.519775E-16
4325.  2.668312E-16
4326.  2.818026E-16
4327.  2.968362E-16
4328.  3.118740E-16
4329.  3.268553E-16
4330.  3.417190E-16
4331.  3.564019E-16
4332.  3.708407E-16
4333.  3.849719E-16
4334.  3.987325E-16
4335.  4.120603E-16
4336.  4.248945E-16
4337.  4.371763E-16
4338.  4.488494E-16
4339.  4.598598E-16
4340.  4.701573E-16
4341.  4.796949E-16
4342.  4.884302E-16
4343.  4.963244E-16
4344.  5.033435E-16
4345.  5.094588E-16
4346.  5.146462E-16
4347.  5.188874E-16
4348.  5.221691E-16
4349.  5.244835E-16
4350.  5.258291E-16
4351.  5.262095E-16
4352.  5.256340E-16
4353.  5.241180E-16
4354.  5.216820E-16
4355.  5.183520E-16
4356.  5.141595E-16
4357.  5.091411E-16
4358.  5.033379E-16
4359.  4.967956E-16
4360.  4.895645E-16
4361.  4.816982E-16
4362.  4.732540E-16
4363.  4.642920E-16
4364.  4.548746E-16
4365.  4.450663E-16
4366.  4.349330E-16
4367.  4.245412E-16
4368.  4.139579E-16
4369.  4.032496E-16
4370.  3.924814E-16
4371.  3.817177E-16
4372.  3.710203E-16
4373.  3.604486E-16
4374.  3.500587E-16
4375.  3.399034E-16
4376.  3.300313E-16
4377.  3.204869E-16
4378.  3.113101E-16
4379.  3.025359E-16
4380.  2.941944E-16
4381.  2.863108E-16
4382.  2.789048E-16
4383.  2.719912E-16
4384.  2.655803E-16
4385.  2.596768E-16
4386.  2.542817E-16
4387.  2.493911E-16
4388.  2.449973E-16
4389.  2.410891E-16
4390.  2.376519E-16
4391.  2.346683E-16
4392.  2.321186E-16
4393.  2.299807E-16
4394.  2.282316E-16
4395.  2.268464E-16
4396.  2.258001E-16
4397.  2.250669E-16
4398.  2.246211E-16
4399.  2.244373E-16
4400.  2.244908E-16
4401.  2.247577E-16
4402.  2.252154E-16
4403.  2.258422E-16
4404.  2.266183E-16
4405.  2.275253E-16
4406.  2.285463E-16
4407.  2.296665E-16
4408.  2.308725E-16
4409.  2.321527E-16
4410.  2.334975E-16
4411.  2.348985E-16
4412.  2.363490E-16
4413.  2.378442E-16
4414.  2.393801E-16
4415.  2.409549E-16
4416.  2.425666E-16
4417.  2.442157E-16
4418.  2.459029E-16
4419.  2.476299E-16
4420.  2.493990E-16
4421.  2.512136E-16
4422.  2.530769E-16
4423.  2.549929E-16
4424.  2.569658E-16
4425.  2.590001E-16
4426.  2.611001E-16
4427.  2.632703E-16
4428.  2.655147E-16
4429.  2.678371E-16
4430.  2.702412E-16
4431.  2.727296E-16
4432.  2.753048E-16
4433.  2.779680E-16
4434.  2.807200E-16
4435.  2.835599E-16
4436.  2.864860E-16
4437.  2.894952E-16
4438.  2.925828E-16
4439.  2.957426E-16
4440.  2.989666E-16
4441.  3.022452E-16
4442.  3.055666E-16
4443.  3.089173E-16
4444.  3.122818E-16
4445.  3.156420E-16
4446.  3.189787E-16
4447.  3.222701E-16
4448.  3.254930E-16
4449.  3.286222E-16
4450.  3.316306E-16
4451.  3.344901E-16
4452.  3.371713E-16
4453.  3.396441E-16
4454.  3.418772E-16
4455.  3.438394E-16
4456.  3.454996E-16
4457.  3.468269E-16
4458.  3.477913E-16
4459.  3.483636E-16
4460.  3.485168E-16
4461.  3.482253E-16
4462.  3.474660E-16
4463.  3.462187E-16
4464.  3.444656E-16
4465.  3.421932E-16
4466.  3.393908E-16
4467.  3.360514E-16
4468.  3.321729E-16
4469.  3.277563E-16
4470.  3.228076E-16
4471.  3.173368E-16
4472.  3.113577E-16
4473.  3.048887E-16
4474.  2.979522E-16
4475.  2.905736E-16
4476.  2.827827E-16
4477.  2.746119E-16
4478.  2.660968E-16
4479.  2.572753E-16
4480.  2.481874E-16
4481.  2.388747E-16
4482.  2.293799E-16
4483.  2.197469E-16
4484.  2.100193E-16
4485.  2.002406E-16
4486.  1.904541E-16
4487.  1.807018E-16
4488.  1.710239E-16
4489.  1.614592E-16
4490.  1.520446E-16
4491.  1.428139E-16
4492.  1.337988E-16
4493.  1.250276E-16
4494.  1.165260E-16
4495.  1.083165E-16
4496.  1.004179E-16
4497.  9.284648E-17
4498.  8.561477E-17
4499.  7.873225E-17
4500.  7.220538E-17
