1.  2.315549E-18
2.  2.385984E-18
3.  2.458321E-18
4.  2.532661E-18
5.  2.609113E-18
6.  2.687605E-18
7.  2.768295E-18
8.  2.851028E-18
9.  2.936226E-18
10.  3.023617E-18
11.  3.113420E-18
12.  3.205595E-18
13.  3.300320E-18
14.  3.397581E-18
15.  3.497453E-18
16.  3.599901E-18
17.  3.705056E-18
18.  3.812983E-18
19.  3.923900E-18
20.  4.037624E-18
21.  4.154387E-18
22.  4.274045E-18
23.  4.397008E-18
24.  4.523096E-18
25.  4.652528E-18
26.  4.785149E-18
27.  4.921290E-18
28.  5.060864E-18
29.  5.204036E-18
30.  5.350749E-18
31.  5.501380E-18
32.  5.655646E-18
33.  5.813865E-18
34.  5.976082E-18
35.  6.142363E-18
36.  6.312695E-18
37.  6.487354E-18
38.  6.666295E-18
39.  6.849693E-18
40.  7.037570E-18
41.  7.230198E-18
42.  7.427360E-18
43.  7.629302E-18
44.  7.836289E-18
45.  8.048203E-18
46.  8.265215E-18
47.  8.487392E-18
48.  8.715061E-18
49.  8.948018E-18
50.  9.186470E-18
51.  9.430641E-18
52.  9.680607E-18
53.  9.936459E-18
54.  1.019819E-17
55.  1.046607E-17
56.  1.074022E-17
57.  1.102070E-17
58.  1.130772E-17
59.  1.160127E-17
60.  1.190159E-17
61.  1.220873E-17
62.  1.252288E-17
63.  1.284411E-17
64.  1.317269E-17
65.  1.350855E-17
66.  1.385188E-17
67.  1.420306E-17
68.  1.456194E-17
69.  1.492875E-17
70.  1.530377E-17
71.  1.568691E-17
72.  1.607850E-17
73.  1.647863E-17
74.  1.688742E-17
75.  1.730513E-17
76.  1.773181E-17
77.  1.816760E-17
78.  1.861277E-17
79.  1.906743E-17
80.  1.953178E-17
81.  2.000584E-17
82.  2.048991E-17
83.  2.098415E-17
84.  2.148877E-17
85.  2.200379E-17
86.  2.252954E-17
87.  2.306609E-17
88.  2.361352E-17
89.  2.417241E-17
90.  2.474260E-17
91.  2.532425E-17
92.  2.591786E-17
93.  2.652326E-17
94.  2.714079E-17
95.  2.777064E-17
96.  2.841301E-17
97.  2.906813E-17
98.  2.973608E-17
99.  3.041719E-17
100.  3.111145E-17
101.  3.181947E-17
102.  3.254094E-17
103.  3.327638E-17
104.  3.402606E-17
105.  3.478997E-17
106.  3.556834E-17
107.  3.636154E-17
108.  3.716968E-17
109.  3.799286E-17
110.  3.883152E-17
111.  3.968572E-17
112.  4.055573E-17
113.  4.144169E-17
114.  4.234388E-17
115.  4.326274E-17
116.  4.419813E-17
117.  4.515037E-17
118.  4.611982E-17
119.  4.710666E-17
120.  4.811099E-17
121.  4.913317E-17
122.  5.017339E-17
123.  5.123194E-17
124.  5.230893E-17
125.  5.340467E-17
126.  5.451922E-17
127.  5.565317E-17
128.  5.680648E-17
129.  5.797942E-17
130.  5.917223E-17
131.  6.038517E-17
132.  6.161850E-17
133.  6.287250E-17
134.  6.414731E-17
135.  6.544325E-17
136.  6.676042E-17
137.  6.809919E-17
138.  6.945967E-17
139.  7.084220E-17
140.  7.224701E-17
141.  7.367437E-17
142.  7.512436E-17
143.  7.659748E-17
144.  7.809381E-17
145.  7.961346E-17
146.  8.115674E-17
147.  8.272413E-17
148.  8.431568E-17
149.  8.593158E-17
150.  8.757210E-17
151.  8.923745E-17
152.  9.092799E-17
153.  9.264381E-17
154.  9.438533E-17
155.  9.615253E-17
156.  9.794577E-17
157.  9.976531E-17
158.  1.016113E-16
159.  1.034841E-16
160.  1.053837E-16
161.  1.073105E-16
162.  1.092646E-16
163.  1.112465E-16
164.  1.132562E-16
165.  1.152938E-16
166.  1.173597E-16
167.  1.194541E-16
168.  1.215772E-16
169.  1.237292E-16
170.  1.259103E-16
171.  1.281206E-16
172.  1.303606E-16
173.  1.326302E-16
174.  1.349296E-16
175.  1.372592E-16
176.  1.396191E-16
177.  1.420094E-16
178.  1.444304E-16
179.  1.468823E-16
180.  1.493652E-16
181.  1.518793E-16
182.  1.544248E-16
183.  1.570018E-16
184.  1.596105E-16
185.  1.622511E-16
186.  1.649239E-16
187.  1.676287E-16
188.  1.703660E-16
189.  1.731357E-16
190.  1.759380E-16
191.  1.787732E-16
192.  1.816413E-16
193.  1.845424E-16
194.  1.874766E-16
195.  1.904442E-16
196.  1.934452E-16
197.  1.964797E-16
198.  1.995480E-16
199.  2.026499E-16
200.  2.057857E-16
201.  2.089555E-16
202.  2.121592E-16
203.  2.153972E-16
204.  2.186692E-16
205.  2.219756E-16
206.  2.253162E-16
207.  2.286914E-16
208.  2.321010E-16
209.  2.355450E-16
210.  2.390237E-16
211.  2.425370E-16
212.  2.460849E-16
213.  2.496675E-16
214.  2.532847E-16
215.  2.569367E-16
216.  2.606232E-16
217.  2.643448E-16
218.  2.681010E-16
219.  2.718918E-16
220.  2.757174E-16
221.  2.795776E-16
222.  2.834725E-16
223.  2.874021E-16
224.  2.913663E-16
225.  2.953649E-16
226.  2.993979E-16
227.  3.034655E-16
228.  3.075674E-16
229.  3.117036E-16
230.  3.158740E-16
231.  3.200785E-16
232.  3.243171E-16
233.  3.285896E-16
234.  3.328958E-16
235.  3.372357E-16
236.  3.416093E-16
237.  3.460163E-16
238.  3.504565E-16
239.  3.549299E-16
240.  3.594364E-16
241.  3.639756E-16
242.  3.685475E-16
243.  3.731521E-16
244.  3.777888E-16
245.  3.824578E-16
246.  3.871585E-16
247.  3.918911E-16
248.  3.966553E-16
249.  4.014506E-16
250.  4.062771E-16
251.  4.111345E-16
252.  4.160225E-16
253.  4.209408E-16
254.  4.258892E-16
255.  4.308674E-16
256.  4.358753E-16
257.  4.409124E-16
258.  4.459784E-16
259.  4.510734E-16
260.  4.561967E-16
261.  4.613481E-16
262.  4.665274E-16
263.  4.717339E-16
264.  4.769677E-16
265.  4.822285E-16
266.  4.875155E-16
267.  4.928289E-16
268.  4.981678E-16
269.  5.035324E-16
270.  5.089219E-16
271.  5.143360E-16
272.  5.197745E-16
273.  5.252368E-16
274.  5.307224E-16
275.  5.362314E-16
276.  5.417631E-16
277.  5.473169E-16
278.  5.528926E-16
279.  5.584899E-16
280.  5.641078E-16
281.  5.697465E-16
282.  5.754055E-16
283.  5.810838E-16
284.  5.867815E-16
285.  5.924977E-16
286.  5.982323E-16
287.  6.039848E-16
288.  6.097545E-16
289.  6.155407E-16
290.  6.213437E-16
291.  6.271623E-16
292.  6.329963E-16
293.  6.388452E-16
294.  6.447082E-16
295.  6.505850E-16
296.  6.564753E-16
297.  6.623783E-16
298.  6.682935E-16
299.  6.742203E-16
300.  6.801582E-16
301.  6.861069E-16
302.  6.920656E-16
303.  6.980337E-16
304.  7.040110E-16
305.  7.099965E-16
306.  7.159898E-16
307.  7.219907E-16
308.  7.279981E-16
309.  7.340119E-16
310.  7.400311E-16
311.  7.460551E-16
312.  7.520839E-16
313.  7.581165E-16
314.  7.641523E-16
315.  7.701909E-16
316.  7.762315E-16
317.  7.822737E-16
318.  7.883168E-16
319.  7.943603E-16
320.  8.004037E-16
321.  8.064461E-16
322.  8.124869E-16
323.  8.185261E-16
324.  8.245625E-16
325.  8.305956E-16
326.  8.366251E-16
327.  8.426502E-16
328.  8.486702E-16
329.  8.546847E-16
330.  8.606931E-16
331.  8.666946E-16
332.  8.726888E-16
333.  8.786751E-16
334.  8.846528E-16
335.  8.906216E-16
336.  8.965804E-16
337.  9.025290E-16
338.  9.084666E-16
339.  9.143928E-16
340.  9.203070E-16
341.  9.262085E-16
342.  9.320968E-16
343.  9.379713E-16
344.  9.438312E-16
345.  9.496764E-16
346.  9.555060E-16
347.  9.613193E-16
348.  9.671164E-16
349.  9.728960E-16
350.  9.786578E-16
351.  9.844014E-16
352.  9.901260E-16
353.  9.958312E-16
354.  1.001517E-15
355.  1.007181E-15
356.  1.012825E-15
357.  1.018447E-15
358.  1.024047E-15
359.  1.029624E-15
360.  1.035178E-15
361.  1.040709E-15
362.  1.046215E-15
363.  1.051697E-15
364.  1.057153E-15
365.  1.062584E-15
366.  1.067988E-15
367.  1.073366E-15
368.  1.078717E-15
369.  1.084040E-15
370.  1.089335E-15
371.  1.094601E-15
372.  1.099838E-15
373.  1.105046E-15
374.  1.110224E-15
375.  1.115372E-15
376.  1.120488E-15
377.  1.125574E-15
378.  1.130628E-15
379.  1.135649E-15
380.  1.140639E-15
381.  1.145595E-15
382.  1.150518E-15
383.  1.155407E-15
384.  1.160263E-15
385.  1.165084E-15
386.  1.169869E-15
387.  1.174620E-15
388.  1.179336E-15
389.  1.184015E-15
390.  1.188658E-15
391.  1.193265E-15
392.  1.197834E-15
393.  1.202367E-15
394.  1.206861E-15
395.  1.211318E-15
396.  1.215737E-15
397.  1.220117E-15
398.  1.224459E-15
399.  1.228761E-15
400.  1.233024E-15
401.  1.237248E-15
402.  1.241431E-15
403.  1.245575E-15
404.  1.249678E-15
405.  1.253740E-15
406.  1.257762E-15
407.  1.261742E-15
408.  1.265682E-15
409.  1.269579E-15
410.  1.273435E-15
411.  1.277249E-15
412.  1.281022E-15
413.  1.284751E-15
414.  1.288439E-15
415.  1.292083E-15
416.  1.295685E-15
417.  1.299243E-15
418.  1.302759E-15
419.  1.306231E-15
420.  1.309660E-15
421.  1.313046E-15
422.  1.316387E-15
423.  1.319685E-15
424.  1.322939E-15
425.  1.326150E-15
426.  1.329316E-15
427.  1.332437E-15
428.  1.335515E-15
429.  1.338548E-15
430.  1.341536E-15
431.  1.344480E-15
432.  1.347380E-15
433.  1.350235E-15
434.  1.353045E-15
435.  1.355811E-15
436.  1.358532E-15
437.  1.361208E-15
438.  1.363839E-15
439.  1.366425E-15
440.  1.368966E-15
441.  1.371463E-15
442.  1.373915E-15
443.  1.376321E-15
444.  1.378684E-15
445.  1.381000E-15
446.  1.383273E-15
447.  1.385500E-15
448.  1.387683E-15
449.  1.389821E-15
450.  1.391914E-15
451.  1.393962E-15
452.  1.395966E-15
453.  1.397925E-15
454.  1.399840E-15
455.  1.401710E-15
456.  1.403535E-15
457.  1.405317E-15
458.  1.407054E-15
459.  1.408747E-15
460.  1.410395E-15
461.  1.412000E-15
462.  1.413561E-15
463.  1.415077E-15
464.  1.416550E-15
465.  1.417980E-15
466.  1.419365E-15
467.  1.420708E-15
468.  1.422006E-15
469.  1.423262E-15
470.  1.424474E-15
471.  1.425643E-15
472.  1.426770E-15
473.  1.427853E-15
474.  1.428894E-15
475.  1.429893E-15
476.  1.430849E-15
477.  1.431762E-15
478.  1.432634E-15
479.  1.433464E-15
480.  1.434251E-15
481.  1.434997E-15
482.  1.435701E-15
483.  1.436364E-15
484.  1.436986E-15
485.  1.437566E-15
486.  1.438106E-15
487.  1.438605E-15
488.  1.439063E-15
489.  1.439481E-15
490.  1.439858E-15
491.  1.440195E-15
492.  1.440492E-15
493.  1.440750E-15
494.  1.440967E-15
495.  1.441145E-15
496.  1.441284E-15
497.  1.441384E-15
498.  1.441445E-15
499.  1.441467E-15
500.  1.441450E-15
501.  1.441395E-15
502.  1.441302E-15
503.  1.441170E-15
504.  1.441001E-15
505.  1.440794E-15
506.  1.440550E-15
507.  1.440268E-15
508.  1.439949E-15
509.  1.439593E-15
510.  1.439200E-15
511.  1.438771E-15
512.  1.438306E-15
513.  1.437804E-15
514.  1.437267E-15
515.  1.436693E-15
516.  1.436084E-15
517.  1.435440E-15
518.  1.434760E-15
519.  1.434045E-15
520.  1.433296E-15
521.  1.432512E-15
522.  1.431693E-15
523.  1.430841E-15
524.  1.429955E-15
525.  1.429034E-15
526.  1.428080E-15
527.  1.427093E-15
528.  1.426073E-15
529.  1.425019E-15
530.  1.423933E-15
531.  1.422815E-15
532.  1.421664E-15
533.  1.420481E-15
534.  1.419266E-15
535.  1.418019E-15
536.  1.416741E-15
537.  1.415432E-15
538.  1.414091E-15
539.  1.412720E-15
540.  1.411318E-15
541.  1.409886E-15
542.  1.408423E-15
543.  1.406931E-15
544.  1.405409E-15
545.  1.403857E-15
546.  1.402276E-15
547.  1.400666E-15
548.  1.399027E-15
549.  1.397360E-15
550.  1.395664E-15
551.  1.393940E-15
552.  1.392188E-15
553.  1.390408E-15
554.  1.388601E-15
555.  1.386766E-15
556.  1.384905E-15
557.  1.383016E-15
558.  1.381101E-15
559.  1.379160E-15
560.  1.377193E-15
561.  1.375200E-15
562.  1.373181E-15
563.  1.371136E-15
564.  1.369067E-15
565.  1.366973E-15
566.  1.364854E-15
567.  1.362711E-15
568.  1.360543E-15
569.  1.358352E-15
570.  1.356137E-15
571.  1.353898E-15
572.  1.351637E-15
573.  1.349352E-15
574.  1.347045E-15
575.  1.344715E-15
576.  1.342363E-15
577.  1.339989E-15
578.  1.337593E-15
579.  1.335176E-15
580.  1.332738E-15
581.  1.330279E-15
582.  1.327800E-15
583.  1.325300E-15
584.  1.322780E-15
585.  1.320240E-15
586.  1.317680E-15
587.  1.315101E-15
588.  1.312504E-15
589.  1.309887E-15
590.  1.307252E-15
591.  1.304599E-15
592.  1.301927E-15
593.  1.299238E-15
594.  1.296532E-15
595.  1.293809E-15
596.  1.291069E-15
597.  1.288312E-15
598.  1.285539E-15
599.  1.282750E-15
600.  1.279945E-15
601.  1.277125E-15
602.  1.274290E-15
603.  1.271440E-15
604.  1.268575E-15
605.  1.265696E-15
606.  1.262803E-15
607.  1.259897E-15
608.  1.256977E-15
609.  1.254044E-15
610.  1.251098E-15
611.  1.248140E-15
612.  1.245169E-15
613.  1.242187E-15
614.  1.239193E-15
615.  1.236188E-15
616.  1.233172E-15
617.  1.230145E-15
618.  1.227108E-15
619.  1.224061E-15
620.  1.221004E-15
621.  1.217937E-15
622.  1.214862E-15
623.  1.211778E-15
624.  1.208685E-15
625.  1.205584E-15
626.  1.202475E-15
627.  1.199358E-15
628.  1.196235E-15
629.  1.193104E-15
630.  1.189967E-15
631.  1.186823E-15
632.  1.183673E-15
633.  1.180518E-15
634.  1.177357E-15
635.  1.174191E-15
636.  1.171021E-15
637.  1.167846E-15
638.  1.164667E-15
639.  1.161484E-15
640.  1.158298E-15
641.  1.155109E-15
642.  1.151917E-15
643.  1.148722E-15
644.  1.145526E-15
645.  1.142327E-15
646.  1.139127E-15
647.  1.135926E-15
648.  1.132724E-15
649.  1.129521E-15
650.  1.126318E-15
651.  1.123115E-15
652.  1.119912E-15
653.  1.116711E-15
654.  1.113510E-15
655.  1.110311E-15
656.  1.107113E-15
657.  1.103917E-15
658.  1.100724E-15
659.  1.097533E-15
660.  1.094345E-15
661.  1.091161E-15
662.  1.087980E-15
663.  1.084803E-15
664.  1.081630E-15
665.  1.078462E-15
666.  1.075298E-15
667.  1.072140E-15
668.  1.068987E-15
669.  1.065840E-15
670.  1.062699E-15
671.  1.059565E-15
672.  1.056437E-15
673.  1.053316E-15
674.  1.050202E-15
675.  1.047096E-15
676.  1.043998E-15
677.  1.040908E-15
678.  1.037826E-15
679.  1.034754E-15
680.  1.031690E-15
681.  1.028636E-15
682.  1.025591E-15
683.  1.022557E-15
684.  1.019532E-15
685.  1.016519E-15
686.  1.013516E-15
687.  1.010524E-15
688.  1.007543E-15
689.  1.004575E-15
690.  1.001618E-15
691.  9.986731E-16
692.  9.957410E-16
693.  9.928216E-16
694.  9.899153E-16
695.  9.870223E-16
696.  9.841428E-16
697.  9.812771E-16
698.  9.784255E-16
699.  9.755882E-16
700.  9.727657E-16
701.  9.699578E-16
702.  9.671649E-16
703.  9.643875E-16
704.  9.616257E-16
705.  9.588798E-16
706.  9.561497E-16
707.  9.534360E-16
708.  9.507390E-16
709.  9.480586E-16
710.  9.453954E-16
711.  9.427492E-16
712.  9.401205E-16
713.  9.375094E-16
714.  9.349162E-16
715.  9.323410E-16
716.  9.297843E-16
717.  9.272459E-16
718.  9.247264E-16
719.  9.222255E-16
720.  9.197439E-16
721.  9.172815E-16
722.  9.148387E-16
723.  9.124154E-16
724.  9.100121E-16
725.  9.076287E-16
726.  9.052657E-16
727.  9.029229E-16
728.  9.006007E-16
729.  8.982992E-16
730.  8.960186E-16
731.  8.937590E-16
732.  8.915206E-16
733.  8.893036E-16
734.  8.871080E-16
735.  8.849341E-16
736.  8.827820E-16
737.  8.806516E-16
738.  8.785435E-16
739.  8.764574E-16
740.  8.743937E-16
741.  8.723524E-16
742.  8.703336E-16
743.  8.683375E-16
744.  8.663643E-16
745.  8.644136E-16
746.  8.624861E-16
747.  8.605817E-16
748.  8.587005E-16
749.  8.568425E-16
750.  8.550077E-16
751.  8.531964E-16
752.  8.514087E-16
753.  8.496445E-16
754.  8.479040E-16
755.  8.461872E-16
756.  8.444941E-16
757.  8.428249E-16
758.  8.411796E-16
759.  8.395582E-16
760.  8.379608E-16
761.  8.363875E-16
762.  8.348381E-16
763.  8.333130E-16
764.  8.318118E-16
765.  8.303350E-16
766.  8.288823E-16
767.  8.274537E-16
768.  8.260493E-16
769.  8.246692E-16
770.  8.233132E-16
771.  8.219815E-16
772.  8.206740E-16
773.  8.193908E-16
774.  8.181319E-16
775.  8.168969E-16
776.  8.156862E-16
777.  8.144998E-16
778.  8.133373E-16
779.  8.121991E-16
780.  8.110847E-16
781.  8.099945E-16
782.  8.089282E-16
783.  8.078858E-16
784.  8.068674E-16
785.  8.058727E-16
786.  8.049017E-16
787.  8.039545E-16
788.  8.030310E-16
789.  8.021309E-16
790.  8.012544E-16
791.  8.004012E-16
792.  7.995715E-16
793.  7.987649E-16
794.  7.979816E-16
795.  7.972212E-16
796.  7.964838E-16
797.  7.957693E-16
798.  7.950774E-16
799.  7.944084E-16
800.  7.937618E-16
801.  7.931377E-16
802.  7.925359E-16
803.  7.919563E-16
804.  7.913988E-16
805.  7.908632E-16
806.  7.903493E-16
807.  7.898572E-16
808.  7.893866E-16
809.  7.889374E-16
810.  7.885096E-16
811.  7.881027E-16
812.  7.877168E-16
813.  7.873519E-16
814.  7.870074E-16
815.  7.866834E-16
816.  7.863799E-16
817.  7.860965E-16
818.  7.858331E-16
819.  7.855896E-16
820.  7.853658E-16
821.  7.851614E-16
822.  7.849763E-16
823.  7.848104E-16
824.  7.846634E-16
825.  7.845353E-16
826.  7.844257E-16
827.  7.843345E-16
828.  7.842615E-16
829.  7.842064E-16
830.  7.841693E-16
831.  7.841498E-16
832.  7.841476E-16
833.  7.841629E-16
834.  7.841950E-16
835.  7.842441E-16
836.  7.843097E-16
837.  7.843917E-16
838.  7.844899E-16
839.  7.846043E-16
840.  7.847343E-16
841.  7.848800E-16
842.  7.850411E-16
843.  7.852173E-16
844.  7.854084E-16
845.  7.856144E-16
846.  7.858348E-16
847.  7.860694E-16
848.  7.863183E-16
849.  7.865809E-16
850.  7.868573E-16
851.  7.871471E-16
852.  7.874499E-16
853.  7.877659E-16
854.  7.880947E-16
855.  7.884359E-16
856.  7.887895E-16
857.  7.891554E-16
858.  7.895329E-16
859.  7.899222E-16
860.  7.903230E-16
861.  7.907351E-16
862.  7.911580E-16
863.  7.915919E-16
864.  7.920363E-16
865.  7.924910E-16
866.  7.929560E-16
867.  7.934309E-16
868.  7.939155E-16
869.  7.944096E-16
870.  7.949131E-16
871.  7.954256E-16
872.  7.959470E-16
873.  7.964772E-16
874.  7.970157E-16
875.  7.975625E-16
876.  7.981173E-16
877.  7.986800E-16
878.  7.992504E-16
879.  7.998282E-16
880.  8.004132E-16
881.  8.010054E-16
882.  8.016043E-16
883.  8.022100E-16
884.  8.028222E-16
885.  8.034405E-16
886.  8.040651E-16
887.  8.046956E-16
888.  8.053317E-16
889.  8.059736E-16
890.  8.066207E-16
891.  8.072731E-16
892.  8.079305E-16
893.  8.085928E-16
894.  8.092597E-16
895.  8.099313E-16
896.  8.106072E-16
897.  8.112874E-16
898.  8.119716E-16
899.  8.126597E-16
900.  8.133516E-16
901.  8.140471E-16
902.  8.147463E-16
903.  8.154487E-16
904.  8.161542E-16
905.  8.168628E-16
906.  8.175744E-16
907.  8.182887E-16
908.  8.190059E-16
909.  8.197256E-16
910.  8.204477E-16
911.  8.211721E-16
912.  8.218988E-16
913.  8.226276E-16
914.  8.233585E-16
915.  8.240911E-16
916.  8.248258E-16
917.  8.255620E-16
918.  8.263001E-16
919.  8.270395E-16
920.  8.277806E-16
921.  8.285230E-16
922.  8.292669E-16
923.  8.300118E-16
924.  8.307578E-16
925.  8.315052E-16
926.  8.322537E-16
927.  8.330030E-16
928.  8.337535E-16
929.  8.345047E-16
930.  8.352569E-16
931.  8.360099E-16
932.  8.367637E-16
933.  8.375182E-16
934.  8.382735E-16
935.  8.390295E-16
936.  8.397862E-16
937.  8.405436E-16
938.  8.413017E-16
939.  8.420603E-16
940.  8.428196E-16
941.  8.435796E-16
942.  8.443401E-16
943.  8.451012E-16
944.  8.458632E-16
945.  8.466257E-16
946.  8.473888E-16
947.  8.481528E-16
948.  8.489175E-16
949.  8.496828E-16
950.  8.504489E-16
951.  8.512158E-16
952.  8.519835E-16
953.  8.527521E-16
954.  8.535217E-16
955.  8.542923E-16
956.  8.550638E-16
957.  8.558364E-16
958.  8.566100E-16
959.  8.573850E-16
960.  8.581610E-16
961.  8.589384E-16
962.  8.597171E-16
963.  8.604973E-16
964.  8.612790E-16
965.  8.620622E-16
966.  8.628472E-16
967.  8.636337E-16
968.  8.644222E-16
969.  8.652126E-16
970.  8.660050E-16
971.  8.667993E-16
972.  8.675958E-16
973.  8.683947E-16
974.  8.691958E-16
975.  8.699996E-16
976.  8.708058E-16
977.  8.716145E-16
978.  8.724261E-16
979.  8.732406E-16
980.  8.740581E-16
981.  8.748786E-16
982.  8.757023E-16
983.  8.765292E-16
984.  8.773595E-16
985.  8.781936E-16
986.  8.790312E-16
987.  8.798724E-16
988.  8.807176E-16
989.  8.815667E-16
990.  8.824200E-16
991.  8.832775E-16
992.  8.841393E-16
993.  8.850056E-16
994.  8.858765E-16
995.  8.867522E-16
996.  8.876326E-16
997.  8.885181E-16
998.  8.894087E-16
999.  8.903044E-16
1000.  8.912053E-16
1001.  8.921120E-16
1002.  8.930241E-16
1003.  8.939418E-16
1004.  8.948655E-16
1005.  8.957952E-16
1006.  8.967308E-16
1007.  8.976726E-16
1008.  8.986209E-16
1009.  8.995754E-16
1010.  9.005366E-16
1011.  9.015044E-16
1012.  9.024791E-16
1013.  9.034604E-16
1014.  9.044491E-16
1015.  9.054448E-16
1016.  9.064478E-16
1017.  9.074579E-16
1018.  9.084757E-16
1019.  9.095011E-16
1020.  9.105342E-16
1021.  9.115750E-16
1022.  9.126238E-16
1023.  9.136805E-16
1024.  9.147454E-16
1025.  9.158184E-16
1026.  9.168999E-16
1027.  9.179897E-16
1028.  9.190879E-16
1029.  9.201948E-16
1030.  9.213105E-16
1031.  9.224348E-16
1032.  9.235679E-16
1033.  9.247101E-16
1034.  9.258610E-16
1035.  9.270212E-16
1036.  9.281906E-16
1037.  9.293690E-16
1038.  9.305570E-16
1039.  9.317542E-16
1040.  9.329608E-16
1041.  9.341768E-16
1042.  9.354024E-16
1043.  9.366376E-16
1044.  9.378825E-16
1045.  9.391372E-16
1046.  9.404014E-16
1047.  9.416755E-16
1048.  9.429593E-16
1049.  9.442533E-16
1050.  9.455569E-16
1051.  9.468704E-16
1052.  9.481939E-16
1053.  9.495274E-16
1054.  9.508707E-16
1055.  9.522243E-16
1056.  9.535876E-16
1057.  9.549610E-16
1058.  9.563447E-16
1059.  9.577381E-16
1060.  9.591416E-16
1061.  9.605552E-16
1062.  9.619788E-16
1063.  9.634123E-16
1064.  9.648559E-16
1065.  9.663093E-16
1066.  9.677726E-16
1067.  9.692460E-16
1068.  9.707292E-16
1069.  9.722223E-16
1070.  9.737249E-16
1071.  9.752375E-16
1072.  9.767597E-16
1073.  9.782918E-16
1074.  9.798333E-16
1075.  9.813844E-16
1076.  9.829451E-16
1077.  9.845153E-16
1078.  9.860946E-16
1079.  9.876833E-16
1080.  9.892811E-16
1081.  9.908883E-16
1082.  9.925045E-16
1083.  9.941295E-16
1084.  9.957637E-16
1085.  9.974064E-16
1086.  9.990579E-16
1087.  1.000718E-15
1088.  1.002387E-15
1089.  1.004064E-15
1090.  1.005749E-15
1091.  1.007443E-15
1092.  1.009144E-15
1093.  1.010854E-15
1094.  1.012571E-15
1095.  1.014296E-15
1096.  1.016029E-15
1097.  1.017769E-15
1098.  1.019516E-15
1099.  1.021271E-15
1100.  1.023032E-15
1101.  1.024801E-15
1102.  1.026576E-15
1103.  1.028358E-15
1104.  1.030146E-15
1105.  1.031941E-15
1106.  1.033742E-15
1107.  1.035549E-15
1108.  1.037361E-15
1109.  1.039180E-15
1110.  1.041004E-15
1111.  1.042833E-15
1112.  1.044667E-15
1113.  1.046507E-15
1114.  1.048351E-15
1115.  1.050200E-15
1116.  1.052054E-15
1117.  1.053912E-15
1118.  1.055774E-15
1119.  1.057640E-15
1120.  1.059509E-15
1121.  1.061383E-15
1122.  1.063259E-15
1123.  1.065139E-15
1124.  1.067023E-15
1125.  1.068909E-15
1126.  1.070797E-15
1127.  1.072688E-15
1128.  1.074582E-15
1129.  1.076477E-15
1130.  1.078375E-15
1131.  1.080274E-15
1132.  1.082175E-15
1133.  1.084077E-15
1134.  1.085980E-15
1135.  1.087885E-15
1136.  1.089790E-15
1137.  1.091695E-15
1138.  1.093601E-15
1139.  1.095507E-15
1140.  1.097413E-15
1141.  1.099319E-15
1142.  1.101225E-15
1143.  1.103130E-15
1144.  1.105034E-15
1145.  1.106937E-15
1146.  1.108839E-15
1147.  1.110740E-15
1148.  1.112639E-15
1149.  1.114537E-15
1150.  1.116432E-15
1151.  1.118326E-15
1152.  1.120217E-15
1153.  1.122106E-15
1154.  1.123992E-15
1155.  1.125875E-15
1156.  1.127756E-15
1157.  1.129633E-15
1158.  1.131507E-15
1159.  1.133377E-15
1160.  1.135243E-15
1161.  1.137106E-15
1162.  1.138965E-15
1163.  1.140820E-15
1164.  1.142669E-15
1165.  1.144515E-15
1166.  1.146356E-15
1167.  1.148192E-15
1168.  1.150023E-15
1169.  1.151849E-15
1170.  1.153670E-15
1171.  1.155485E-15
1172.  1.157295E-15
1173.  1.159099E-15
1174.  1.160897E-15
1175.  1.162689E-15
1176.  1.164475E-15
1177.  1.166255E-15
1178.  1.168028E-15
1179.  1.169795E-15
1180.  1.171556E-15
1181.  1.173309E-15
1182.  1.175056E-15
1183.  1.176796E-15
1184.  1.178528E-15
1185.  1.180254E-15
1186.  1.181972E-15
1187.  1.183683E-15
1188.  1.185387E-15
1189.  1.187083E-15
1190.  1.188771E-15
1191.  1.190452E-15
1192.  1.192124E-15
1193.  1.193789E-15
1194.  1.195447E-15
1195.  1.197096E-15
1196.  1.198737E-15
1197.  1.200370E-15
1198.  1.201995E-15
1199.  1.203611E-15
1200.  1.205220E-15
1201.  1.206820E-15
1202.  1.208412E-15
1203.  1.209995E-15
1204.  1.211570E-15
1205.  1.213137E-15
1206.  1.214695E-15
1207.  1.216245E-15
1208.  1.217787E-15
1209.  1.219319E-15
1210.  1.220844E-15
1211.  1.222360E-15
1212.  1.223868E-15
1213.  1.225367E-15
1214.  1.226858E-15
1215.  1.228340E-15
1216.  1.229814E-15
1217.  1.231279E-15
1218.  1.232737E-15
1219.  1.234185E-15
1220.  1.235626E-15
1221.  1.237059E-15
1222.  1.238483E-15
1223.  1.239899E-15
1224.  1.241308E-15
1225.  1.242708E-15
1226.  1.244100E-15
1227.  1.245484E-15
1228.  1.246861E-15
1229.  1.248230E-15
1230.  1.249591E-15
1231.  1.250945E-15
1232.  1.252291E-15
1233.  1.253630E-15
1234.  1.254962E-15
1235.  1.256287E-15
1236.  1.257604E-15
1237.  1.258915E-15
1238.  1.260218E-15
1239.  1.261515E-15
1240.  1.262806E-15
1241.  1.264089E-15
1242.  1.265367E-15
1243.  1.266638E-15
1244.  1.267903E-15
1245.  1.269163E-15
1246.  1.270416E-15
1247.  1.271664E-15
1248.  1.272906E-15
1249.  1.274143E-15
1250.  1.275374E-15
1251.  1.276601E-15
1252.  1.277822E-15
1253.  1.279039E-15
1254.  1.280251E-15
1255.  1.281459E-15
1256.  1.282663E-15
1257.  1.283862E-15
1258.  1.285058E-15
1259.  1.286250E-15
1260.  1.287438E-15
1261.  1.288623E-15
1262.  1.289805E-15
1263.  1.290984E-15
1264.  1.292160E-15
1265.  1.293333E-15
1266.  1.294504E-15
1267.  1.295673E-15
1268.  1.296840E-15
1269.  1.298005E-15
1270.  1.299168E-15
1271.  1.300330E-15
1272.  1.301491E-15
1273.  1.302650E-15
1274.  1.303809E-15
1275.  1.304968E-15
1276.  1.306125E-15
1277.  1.307283E-15
1278.  1.308441E-15
1279.  1.309599E-15
1280.  1.310757E-15
1281.  1.311916E-15
1282.  1.313076E-15
1283.  1.314237E-15
1284.  1.315400E-15
1285.  1.316564E-15
1286.  1.317730E-15
1287.  1.318897E-15
1288.  1.320067E-15
1289.  1.321239E-15
1290.  1.322414E-15
1291.  1.323592E-15
1292.  1.324773E-15
1293.  1.325957E-15
1294.  1.327144E-15
1295.  1.328336E-15
1296.  1.329531E-15
1297.  1.330730E-15
1298.  1.331933E-15
1299.  1.333142E-15
1300.  1.334355E-15
1301.  1.335572E-15
1302.  1.336795E-15
1303.  1.338024E-15
1304.  1.339258E-15
1305.  1.340498E-15
1306.  1.341744E-15
1307.  1.342996E-15
1308.  1.344254E-15
1309.  1.345519E-15
1310.  1.346791E-15
1311.  1.348070E-15
1312.  1.349356E-15
1313.  1.350649E-15
1314.  1.351950E-15
1315.  1.353259E-15
1316.  1.354576E-15
1317.  1.355900E-15
1318.  1.357234E-15
1319.  1.358575E-15
1320.  1.359926E-15
1321.  1.361285E-15
1322.  1.362653E-15
1323.  1.364030E-15
1324.  1.365416E-15
1325.  1.366812E-15
1326.  1.368218E-15
1327.  1.369633E-15
1328.  1.371059E-15
1329.  1.372494E-15
1330.  1.373940E-15
1331.  1.375396E-15
1332.  1.376862E-15
1333.  1.378339E-15
1334.  1.379827E-15
1335.  1.381326E-15
1336.  1.382836E-15
1337.  1.384357E-15
1338.  1.385889E-15
1339.  1.387432E-15
1340.  1.388987E-15
1341.  1.390553E-15
1342.  1.392131E-15
1343.  1.393721E-15
1344.  1.395323E-15
1345.  1.396936E-15
1346.  1.398561E-15
1347.  1.400199E-15
1348.  1.401848E-15
1349.  1.403510E-15
1350.  1.405184E-15
1351.  1.406870E-15
1352.  1.408568E-15
1353.  1.410279E-15
1354.  1.412002E-15
1355.  1.413738E-15
1356.  1.415486E-15
1357.  1.417246E-15
1358.  1.419019E-15
1359.  1.420805E-15
1360.  1.422603E-15
1361.  1.424414E-15
1362.  1.426237E-15
1363.  1.428073E-15
1364.  1.429921E-15
1365.  1.431781E-15
1366.  1.433655E-15
1367.  1.435540E-15
1368.  1.437438E-15
1369.  1.439348E-15
1370.  1.441271E-15
1371.  1.443205E-15
1372.  1.445152E-15
1373.  1.447111E-15
1374.  1.449083E-15
1375.  1.451066E-15
1376.  1.453060E-15
1377.  1.455068E-15
1378.  1.457086E-15
1379.  1.459116E-15
1380.  1.461158E-15
1381.  1.463211E-15
1382.  1.465275E-15
1383.  1.467351E-15
1384.  1.469437E-15
1385.  1.471534E-15
1386.  1.473643E-15
1387.  1.475762E-15
1388.  1.477891E-15
1389.  1.480030E-15
1390.  1.482180E-15
1391.  1.484340E-15
1392.  1.486510E-15
1393.  1.488689E-15
1394.  1.490878E-15
1395.  1.493075E-15
1396.  1.495283E-15
1397.  1.497498E-15
1398.  1.499723E-15
1399.  1.501956E-15
1400.  1.504197E-15
1401.  1.506446E-15
1402.  1.508703E-15
1403.  1.510968E-15
1404.  1.513240E-15
1405.  1.515519E-15
1406.  1.517804E-15
1407.  1.520097E-15
1408.  1.522395E-15
1409.  1.524700E-15
1410.  1.527010E-15
1411.  1.529326E-15
1412.  1.531647E-15
1413.  1.533973E-15
1414.  1.536303E-15
1415.  1.538638E-15
1416.  1.540977E-15
1417.  1.543319E-15
1418.  1.545665E-15
1419.  1.548014E-15
1420.  1.550366E-15
1421.  1.552720E-15
1422.  1.555077E-15
1423.  1.557435E-15
1424.  1.559794E-15
1425.  1.562155E-15
1426.  1.564516E-15
1427.  1.566878E-15
1428.  1.569239E-15
1429.  1.571601E-15
1430.  1.573961E-15
1431.  1.576320E-15
1432.  1.578679E-15
1433.  1.581035E-15
1434.  1.583389E-15
1435.  1.585741E-15
1436.  1.588089E-15
1437.  1.590434E-15
1438.  1.592776E-15
1439.  1.595113E-15
1440.  1.597445E-15
1441.  1.599773E-15
1442.  1.602095E-15
1443.  1.604411E-15
1444.  1.606722E-15
1445.  1.609025E-15
1446.  1.611322E-15
1447.  1.613611E-15
1448.  1.615892E-15
1449.  1.618165E-15
1450.  1.620429E-15
1451.  1.622684E-15
1452.  1.624929E-15
1453.  1.627165E-15
1454.  1.629389E-15
1455.  1.631603E-15
1456.  1.633806E-15
1457.  1.635996E-15
1458.  1.638174E-15
1459.  1.640340E-15
1460.  1.642493E-15
1461.  1.644631E-15
1462.  1.646756E-15
1463.  1.648866E-15
1464.  1.650961E-15
1465.  1.653041E-15
1466.  1.655105E-15
1467.  1.657153E-15
1468.  1.659184E-15
1469.  1.661197E-15
1470.  1.663193E-15
1471.  1.665170E-15
1472.  1.667129E-15
1473.  1.669069E-15
1474.  1.670990E-15
1475.  1.672890E-15
1476.  1.674770E-15
1477.  1.676628E-15
1478.  1.678466E-15
1479.  1.680282E-15
1480.  1.682075E-15
1481.  1.683846E-15
1482.  1.685593E-15
1483.  1.687317E-15
1484.  1.689017E-15
1485.  1.690692E-15
1486.  1.692343E-15
1487.  1.693967E-15
1488.  1.695566E-15
1489.  1.697138E-15
1490.  1.698684E-15
1491.  1.700203E-15
1492.  1.701693E-15
1493.  1.703156E-15
1494.  1.704590E-15
1495.  1.705995E-15
1496.  1.707371E-15
1497.  1.708717E-15
1498.  1.710033E-15
1499.  1.711318E-15
1500.  1.712572E-15
1501.  1.713795E-15
1502.  1.714985E-15
1503.  1.716144E-15
1504.  1.717269E-15
1505.  1.718362E-15
1506.  1.719421E-15
1507.  1.720445E-15
1508.  1.721436E-15
1509.  1.722392E-15
1510.  1.723313E-15
1511.  1.724198E-15
1512.  1.725048E-15
1513.  1.725861E-15
1514.  1.726638E-15
1515.  1.727378E-15
1516.  1.728081E-15
1517.  1.728745E-15
1518.  1.729372E-15
1519.  1.729961E-15
1520.  1.730511E-15
1521.  1.731022E-15
1522.  1.731493E-15
1523.  1.731925E-15
1524.  1.732317E-15
1525.  1.732668E-15
1526.  1.732979E-15
1527.  1.733249E-15
1528.  1.733478E-15
1529.  1.733665E-15
1530.  1.733810E-15
1531.  1.733914E-15
1532.  1.733975E-15
1533.  1.733993E-15
1534.  1.733968E-15
1535.  1.733900E-15
1536.  1.733789E-15
1537.  1.733635E-15
1538.  1.733436E-15
1539.  1.733193E-15
1540.  1.732906E-15
1541.  1.732574E-15
1542.  1.732198E-15
1543.  1.731776E-15
1544.  1.731310E-15
1545.  1.730798E-15
1546.  1.730240E-15
1547.  1.729637E-15
1548.  1.728988E-15
1549.  1.728292E-15
1550.  1.727551E-15
1551.  1.726763E-15
1552.  1.725928E-15
1553.  1.725047E-15
1554.  1.724119E-15
1555.  1.723144E-15
1556.  1.722122E-15
1557.  1.721053E-15
1558.  1.719936E-15
1559.  1.718772E-15
1560.  1.717561E-15
1561.  1.716302E-15
1562.  1.714996E-15
1563.  1.713642E-15
1564.  1.712240E-15
1565.  1.710790E-15
1566.  1.709293E-15
1567.  1.707747E-15
1568.  1.706154E-15
1569.  1.704513E-15
1570.  1.702824E-15
1571.  1.701087E-15
1572.  1.699302E-15
1573.  1.697469E-15
1574.  1.695588E-15
1575.  1.693659E-15
1576.  1.691683E-15
1577.  1.689658E-15
1578.  1.687586E-15
1579.  1.685466E-15
1580.  1.683299E-15
1581.  1.681083E-15
1582.  1.678821E-15
1583.  1.676511E-15
1584.  1.674153E-15
1585.  1.671748E-15
1586.  1.669297E-15
1587.  1.666798E-15
1588.  1.664252E-15
1589.  1.661660E-15
1590.  1.659021E-15
1591.  1.656335E-15
1592.  1.653604E-15
1593.  1.650825E-15
1594.  1.648002E-15
1595.  1.645131E-15
1596.  1.642216E-15
1597.  1.639255E-15
1598.  1.636249E-15
1599.  1.633198E-15
1600.  1.630102E-15
1601.  1.626961E-15
1602.  1.623776E-15
1603.  1.620547E-15
1604.  1.617274E-15
1605.  1.613957E-15
1606.  1.610597E-15
1607.  1.607193E-15
1608.  1.603747E-15
1609.  1.600258E-15
1610.  1.596727E-15
1611.  1.593154E-15
1612.  1.589539E-15
1613.  1.585883E-15
1614.  1.582185E-15
1615.  1.578447E-15
1616.  1.574668E-15
1617.  1.570849E-15
1618.  1.566991E-15
1619.  1.563092E-15
1620.  1.559155E-15
1621.  1.555179E-15
1622.  1.551165E-15
1623.  1.547112E-15
1624.  1.543021E-15
1625.  1.538894E-15
1626.  1.534730E-15
1627.  1.530529E-15
1628.  1.526291E-15
1629.  1.522019E-15
1630.  1.517711E-15
1631.  1.513368E-15
1632.  1.508990E-15
1633.  1.504579E-15
1634.  1.500134E-15
1635.  1.495655E-15
1636.  1.491144E-15
1637.  1.486601E-15
1638.  1.482025E-15
1639.  1.477419E-15
1640.  1.472782E-15
1641.  1.468114E-15
1642.  1.463416E-15
1643.  1.458688E-15
1644.  1.453932E-15
1645.  1.449147E-15
1646.  1.444334E-15
1647.  1.439493E-15
1648.  1.434626E-15
1649.  1.429731E-15
1650.  1.424811E-15
1651.  1.419865E-15
1652.  1.414894E-15
1653.  1.409899E-15
1654.  1.404880E-15
1655.  1.399837E-15
1656.  1.394771E-15
1657.  1.389684E-15
1658.  1.384574E-15
1659.  1.379442E-15
1660.  1.374290E-15
1661.  1.369118E-15
1662.  1.363926E-15
1663.  1.358715E-15
1664.  1.353485E-15
1665.  1.348238E-15
1666.  1.342973E-15
1667.  1.337691E-15
1668.  1.332393E-15
1669.  1.327079E-15
1670.  1.321749E-15
1671.  1.316406E-15
1672.  1.311048E-15
1673.  1.305676E-15
1674.  1.300292E-15
1675.  1.294896E-15
1676.  1.289487E-15
1677.  1.284068E-15
1678.  1.278638E-15
1679.  1.273198E-15
1680.  1.267749E-15
1681.  1.262291E-15
1682.  1.256825E-15
1683.  1.251351E-15
1684.  1.245870E-15
1685.  1.240382E-15
1686.  1.234889E-15
1687.  1.229391E-15
1688.  1.223888E-15
1689.  1.218380E-15
1690.  1.212870E-15
1691.  1.207357E-15
1692.  1.201840E-15
1693.  1.196323E-15
1694.  1.190805E-15
1695.  1.185285E-15
1696.  1.179767E-15
1697.  1.174249E-15
1698.  1.168732E-15
1699.  1.163217E-15
1700.  1.157704E-15
1701.  1.152194E-15
1702.  1.146689E-15
1703.  1.141187E-15
1704.  1.135690E-15
1705.  1.130199E-15
1706.  1.124714E-15
1707.  1.119235E-15
1708.  1.113763E-15
1709.  1.108299E-15
1710.  1.102844E-15
1711.  1.097397E-15
1712.  1.091960E-15
1713.  1.086533E-15
1714.  1.081117E-15
1715.  1.075712E-15
1716.  1.070318E-15
1717.  1.064937E-15
1718.  1.059569E-15
1719.  1.054214E-15
1720.  1.048873E-15
1721.  1.043547E-15
1722.  1.038237E-15
1723.  1.032941E-15
1724.  1.027662E-15
1725.  1.022400E-15
1726.  1.017155E-15
1727.  1.011928E-15
1728.  1.006719E-15
1729.  1.001530E-15
1730.  9.963594E-16
1731.  9.912090E-16
1732.  9.860792E-16
1733.  9.809703E-16
1734.  9.758832E-16
1735.  9.708180E-16
1736.  9.657754E-16
1737.  9.607560E-16
1738.  9.557600E-16
1739.  9.507879E-16
1740.  9.458406E-16
1741.  9.409183E-16
1742.  9.360214E-16
1743.  9.311507E-16
1744.  9.263063E-16
1745.  9.214888E-16
1746.  9.166990E-16
1747.  9.119368E-16
1748.  9.072031E-16
1749.  9.024981E-16
1750.  8.978224E-16
1751.  8.931763E-16
1752.  8.885604E-16
1753.  8.839750E-16
1754.  8.794206E-16
1755.  8.748977E-16
1756.  8.704064E-16
1757.  8.659475E-16
1758.  8.615211E-16
1759.  8.571278E-16
1760.  8.527680E-16
1761.  8.484421E-16
1762.  8.441504E-16
1763.  8.398931E-16
1764.  8.356710E-16
1765.  8.314841E-16
1766.  8.273330E-16
1767.  8.232180E-16
1768.  8.191394E-16
1769.  8.150976E-16
1770.  8.110928E-16
1771.  8.071256E-16
1772.  8.031962E-16
1773.  7.993049E-16
1774.  7.954519E-16
1775.  7.916378E-16
1776.  7.878628E-16
1777.  7.841270E-16
1778.  7.804310E-16
1779.  7.767749E-16
1780.  7.731590E-16
1781.  7.695837E-16
1782.  7.660491E-16
1783.  7.625556E-16
1784.  7.591033E-16
1785.  7.556928E-16
1786.  7.523238E-16
1787.  7.489970E-16
1788.  7.457125E-16
1789.  7.424705E-16
1790.  7.392713E-16
1791.  7.361150E-16
1792.  7.330019E-16
1793.  7.299321E-16
1794.  7.269059E-16
1795.  7.239234E-16
1796.  7.209850E-16
1797.  7.180904E-16
1798.  7.152404E-16
1799.  7.124349E-16
1800.  7.096737E-16
1801.  7.069575E-16
1802.  7.042862E-16
1803.  7.016600E-16
1804.  6.990788E-16
1805.  6.965430E-16
1806.  6.940527E-16
1807.  6.916079E-16
1808.  6.892087E-16
1809.  6.868553E-16
1810.  6.845478E-16
1811.  6.822862E-16
1812.  6.800707E-16
1813.  6.779011E-16
1814.  6.757778E-16
1815.  6.737007E-16
1816.  6.716700E-16
1817.  6.696856E-16
1818.  6.677475E-16
1819.  6.658559E-16
1820.  6.640106E-16
1821.  6.622118E-16
1822.  6.604596E-16
1823.  6.587538E-16
1824.  6.570946E-16
1825.  6.554818E-16
1826.  6.539156E-16
1827.  6.523957E-16
1828.  6.509224E-16
1829.  6.494955E-16
1830.  6.481150E-16
1831.  6.467809E-16
1832.  6.454931E-16
1833.  6.442515E-16
1834.  6.430562E-16
1835.  6.419069E-16
1836.  6.408036E-16
1837.  6.397465E-16
1838.  6.387353E-16
1839.  6.377698E-16
1840.  6.368500E-16
1841.  6.359759E-16
1842.  6.351474E-16
1843.  6.343642E-16
1844.  6.336263E-16
1845.  6.329336E-16
1846.  6.322858E-16
1847.  6.316829E-16
1848.  6.311248E-16
1849.  6.306114E-16
1850.  6.301424E-16
1851.  6.297176E-16
1852.  6.293370E-16
1853.  6.290002E-16
1854.  6.287072E-16
1855.  6.284579E-16
1856.  6.282519E-16
1857.  6.280892E-16
1858.  6.279695E-16
1859.  6.278925E-16
1860.  6.278580E-16
1861.  6.278661E-16
1862.  6.279162E-16
1863.  6.280083E-16
1864.  6.281420E-16
1865.  6.283172E-16
1866.  6.285337E-16
1867.  6.287910E-16
1868.  6.290891E-16
1869.  6.294276E-16
1870.  6.298064E-16
1871.  6.302251E-16
1872.  6.306833E-16
1873.  6.311810E-16
1874.  6.317178E-16
1875.  6.322933E-16
1876.  6.329074E-16
1877.  6.335596E-16
1878.  6.342497E-16
1879.  6.349776E-16
1880.  6.357426E-16
1881.  6.365447E-16
1882.  6.373834E-16
1883.  6.382584E-16
1884.  6.391694E-16
1885.  6.401161E-16
1886.  6.410982E-16
1887.  6.421151E-16
1888.  6.431668E-16
1889.  6.442528E-16
1890.  6.453728E-16
1891.  6.465264E-16
1892.  6.477131E-16
1893.  6.489327E-16
1894.  6.501848E-16
1895.  6.514691E-16
1896.  6.527850E-16
1897.  6.541325E-16
1898.  6.555109E-16
1899.  6.569197E-16
1900.  6.583588E-16
1901.  6.598278E-16
1902.  6.613263E-16
1903.  6.628537E-16
1904.  6.644098E-16
1905.  6.659941E-16
1906.  6.676062E-16
1907.  6.692456E-16
1908.  6.709121E-16
1909.  6.726051E-16
1910.  6.743244E-16
1911.  6.760692E-16
1912.  6.778395E-16
1913.  6.796346E-16
1914.  6.814542E-16
1915.  6.832978E-16
1916.  6.851648E-16
1917.  6.870552E-16
1918.  6.889682E-16
1919.  6.909035E-16
1920.  6.928606E-16
1921.  6.948391E-16
1922.  6.968386E-16
1923.  6.988585E-16
1924.  7.008984E-16
1925.  7.029580E-16
1926.  7.050368E-16
1927.  7.071342E-16
1928.  7.092500E-16
1929.  7.113833E-16
1930.  7.135341E-16
1931.  7.157018E-16
1932.  7.178858E-16
1933.  7.200858E-16
1934.  7.223013E-16
1935.  7.245318E-16
1936.  7.267769E-16
1937.  7.290361E-16
1938.  7.313091E-16
1939.  7.335951E-16
1940.  7.358939E-16
1941.  7.382048E-16
1942.  7.405277E-16
1943.  7.428619E-16
1944.  7.452069E-16
1945.  7.475624E-16
1946.  7.499277E-16
1947.  7.523026E-16
1948.  7.546865E-16
1949.  7.570789E-16
1950.  7.594795E-16
1951.  7.618876E-16
1952.  7.643029E-16
1953.  7.667250E-16
1954.  7.691534E-16
1955.  7.715875E-16
1956.  7.740270E-16
1957.  7.764714E-16
1958.  7.789203E-16
1959.  7.813732E-16
1960.  7.838295E-16
1961.  7.862889E-16
1962.  7.887512E-16
1963.  7.912154E-16
1964.  7.936814E-16
1965.  7.961488E-16
1966.  7.986171E-16
1967.  8.010859E-16
1968.  8.035545E-16
1969.  8.060227E-16
1970.  8.084902E-16
1971.  8.109565E-16
1972.  8.134208E-16
1973.  8.158831E-16
1974.  8.183428E-16
1975.  8.207996E-16
1976.  8.232530E-16
1977.  8.257026E-16
1978.  8.281480E-16
1979.  8.305886E-16
1980.  8.330245E-16
1981.  8.354546E-16
1982.  8.378791E-16
1983.  8.402974E-16
1984.  8.427091E-16
1985.  8.451138E-16
1986.  8.475111E-16
1987.  8.499006E-16
1988.  8.522820E-16
1989.  8.546550E-16
1990.  8.570191E-16
1991.  8.593740E-16
1992.  8.617193E-16
1993.  8.640546E-16
1994.  8.663797E-16
1995.  8.686941E-16
1996.  8.709977E-16
1997.  8.732898E-16
1998.  8.755702E-16
1999.  8.778388E-16
2000.  8.800951E-16
2001.  8.823387E-16
2002.  8.845694E-16
2003.  8.867870E-16
2004.  8.889908E-16
2005.  8.911808E-16
2006.  8.933569E-16
2007.  8.955184E-16
2008.  8.976652E-16
2009.  8.997971E-16
2010.  9.019136E-16
2011.  9.040148E-16
2012.  9.060998E-16
2013.  9.081690E-16
2014.  9.102220E-16
2015.  9.122583E-16
2016.  9.142780E-16
2017.  9.162804E-16
2018.  9.182658E-16
2019.  9.202335E-16
2020.  9.221836E-16
2021.  9.241160E-16
2022.  9.260302E-16
2023.  9.279259E-16
2024.  9.298031E-16
2025.  9.316617E-16
2026.  9.335016E-16
2027.  9.353223E-16
2028.  9.371237E-16
2029.  9.389057E-16
2030.  9.406682E-16
2031.  9.424112E-16
2032.  9.441342E-16
2033.  9.458370E-16
2034.  9.475201E-16
2035.  9.491826E-16
2036.  9.508250E-16
2037.  9.524468E-16
2038.  9.540480E-16
2039.  9.556286E-16
2040.  9.571885E-16
2041.  9.587274E-16
2042.  9.602455E-16
2043.  9.617424E-16
2044.  9.632182E-16
2045.  9.646731E-16
2046.  9.661064E-16
2047.  9.675187E-16
2048.  9.689098E-16
2049.  9.702793E-16
2050.  9.716277E-16
2051.  9.729545E-16
2052.  9.742598E-16
2053.  9.755439E-16
2054.  9.768067E-16
2055.  9.780479E-16
2056.  9.792676E-16
2057.  9.804662E-16
2058.  9.816430E-16
2059.  9.827986E-16
2060.  9.839330E-16
2061.  9.850461E-16
2062.  9.861379E-16
2063.  9.872085E-16
2064.  9.882581E-16
2065.  9.892866E-16
2066.  9.902941E-16
2067.  9.912805E-16
2068.  9.922466E-16
2069.  9.931914E-16
2070.  9.941159E-16
2071.  9.950200E-16
2072.  9.959033E-16
2073.  9.967665E-16
2074.  9.976096E-16
2075.  9.984325E-16
2076.  9.992355E-16
2077.  1.000019E-15
2078.  1.000782E-15
2079.  1.001526E-15
2080.  1.002251E-15
2081.  1.002956E-15
2082.  1.003643E-15
2083.  1.004311E-15
2084.  1.004959E-15
2085.  1.005590E-15
2086.  1.006202E-15
2087.  1.006796E-15
2088.  1.007372E-15
2089.  1.007931E-15
2090.  1.008472E-15
2091.  1.008996E-15
2092.  1.009502E-15
2093.  1.009992E-15
2094.  1.010465E-15
2095.  1.010922E-15
2096.  1.011362E-15
2097.  1.011787E-15
2098.  1.012195E-15
2099.  1.012589E-15
2100.  1.012967E-15
2101.  1.013331E-15
2102.  1.013680E-15
2103.  1.014014E-15
2104.  1.014334E-15
2105.  1.014641E-15
2106.  1.014933E-15
2107.  1.015213E-15
2108.  1.015479E-15
2109.  1.015733E-15
2110.  1.015975E-15
2111.  1.016204E-15
2112.  1.016421E-15
2113.  1.016627E-15
2114.  1.016822E-15
2115.  1.017005E-15
2116.  1.017178E-15
2117.  1.017341E-15
2118.  1.017494E-15
2119.  1.017637E-15
2120.  1.017770E-15
2121.  1.017895E-15
2122.  1.018011E-15
2123.  1.018118E-15
2124.  1.018218E-15
2125.  1.018309E-15
2126.  1.018393E-15
2127.  1.018471E-15
2128.  1.018541E-15
2129.  1.018605E-15
2130.  1.018663E-15
2131.  1.018715E-15
2132.  1.018761E-15
2133.  1.018803E-15
2134.  1.018840E-15
2135.  1.018872E-15
2136.  1.018900E-15
2137.  1.018925E-15
2138.  1.018946E-15
2139.  1.018964E-15
2140.  1.018979E-15
2141.  1.018992E-15
2142.  1.019003E-15
2143.  1.019012E-15
2144.  1.019020E-15
2145.  1.019027E-15
2146.  1.019033E-15
2147.  1.019039E-15
2148.  1.019045E-15
2149.  1.019051E-15
2150.  1.019057E-15
2151.  1.019065E-15
2152.  1.019074E-15
2153.  1.019085E-15
2154.  1.019097E-15
2155.  1.019112E-15
2156.  1.019129E-15
2157.  1.019150E-15
2158.  1.019173E-15
2159.  1.019200E-15
2160.  1.019232E-15
2161.  1.019267E-15
2162.  1.019306E-15
2163.  1.019351E-15
2164.  1.019401E-15
2165.  1.019456E-15
2166.  1.019516E-15
2167.  1.019583E-15
2168.  1.019656E-15
2169.  1.019735E-15
2170.  1.019822E-15
2171.  1.019915E-15
2172.  1.020016E-15
2173.  1.020125E-15
2174.  1.020242E-15
2175.  1.020367E-15
2176.  1.020500E-15
2177.  1.020642E-15
2178.  1.020793E-15
2179.  1.020954E-15
2180.  1.021124E-15
2181.  1.021303E-15
2182.  1.021493E-15
2183.  1.021693E-15
2184.  1.021903E-15
2185.  1.022124E-15
2186.  1.022356E-15
2187.  1.022599E-15
2188.  1.022853E-15
2189.  1.023119E-15
2190.  1.023396E-15
2191.  1.023686E-15
2192.  1.023987E-15
2193.  1.024301E-15
2194.  1.024627E-15
2195.  1.024966E-15
2196.  1.025318E-15
2197.  1.025682E-15
2198.  1.026060E-15
2199.  1.026451E-15
2200.  1.026855E-15
2201.  1.027273E-15
2202.  1.027704E-15
2203.  1.028150E-15
2204.  1.028609E-15
2205.  1.029082E-15
2206.  1.029570E-15
2207.  1.030071E-15
2208.  1.030587E-15
2209.  1.031117E-15
2210.  1.031662E-15
2211.  1.032221E-15
2212.  1.032796E-15
2213.  1.033385E-15
2214.  1.033988E-15
2215.  1.034606E-15
2216.  1.035240E-15
2217.  1.035888E-15
2218.  1.036551E-15
2219.  1.037229E-15
2220.  1.037922E-15
2221.  1.038631E-15
2222.  1.039354E-15
2223.  1.040092E-15
2224.  1.040845E-15
2225.  1.041613E-15
2226.  1.042397E-15
2227.  1.043195E-15
2228.  1.044008E-15
2229.  1.044836E-15
2230.  1.045679E-15
2231.  1.046537E-15
2232.  1.047409E-15
2233.  1.048296E-15
2234.  1.049198E-15
2235.  1.050115E-15
2236.  1.051045E-15
2237.  1.051991E-15
2238.  1.052950E-15
2239.  1.053924E-15
2240.  1.054912E-15
2241.  1.055914E-15
2242.  1.056929E-15
2243.  1.057959E-15
2244.  1.059002E-15
2245.  1.060058E-15
2246.  1.061128E-15
2247.  1.062211E-15
2248.  1.063307E-15
2249.  1.064416E-15
2250.  1.065538E-15
2251.  1.066672E-15
2252.  1.067819E-15
2253.  1.068978E-15
2254.  1.070148E-15
2255.  1.071331E-15
2256.  1.072525E-15
2257.  1.073731E-15
2258.  1.074948E-15
2259.  1.076176E-15
2260.  1.077415E-15
2261.  1.078664E-15
2262.  1.079924E-15
2263.  1.081193E-15
2264.  1.082473E-15
2265.  1.083762E-15
2266.  1.085061E-15
2267.  1.086368E-15
2268.  1.087685E-15
2269.  1.089010E-15
2270.  1.090344E-15
2271.  1.091685E-15
2272.  1.093035E-15
2273.  1.094392E-15
2274.  1.095756E-15
2275.  1.097127E-15
2276.  1.098505E-15
2277.  1.099889E-15
2278.  1.101280E-15
2279.  1.102676E-15
2280.  1.104077E-15
2281.  1.105484E-15
2282.  1.106896E-15
2283.  1.108312E-15
2284.  1.109733E-15
2285.  1.111157E-15
2286.  1.112585E-15
2287.  1.114016E-15
2288.  1.115450E-15
2289.  1.116887E-15
2290.  1.118326E-15
2291.  1.119767E-15
2292.  1.121210E-15
2293.  1.122653E-15
2294.  1.124098E-15
2295.  1.125544E-15
2296.  1.126989E-15
2297.  1.128435E-15
2298.  1.129880E-15
2299.  1.131324E-15
2300.  1.132767E-15
2301.  1.134209E-15
2302.  1.135648E-15
2303.  1.137086E-15
2304.  1.138520E-15
2305.  1.139952E-15
2306.  1.141380E-15
2307.  1.142805E-15
2308.  1.144226E-15
2309.  1.145642E-15
2310.  1.147054E-15
2311.  1.148460E-15
2312.  1.149861E-15
2313.  1.151256E-15
2314.  1.152644E-15
2315.  1.154026E-15
2316.  1.155402E-15
2317.  1.156769E-15
2318.  1.158129E-15
2319.  1.159481E-15
2320.  1.160825E-15
2321.  1.162159E-15
2322.  1.163485E-15
2323.  1.164801E-15
2324.  1.166107E-15
2325.  1.167403E-15
2326.  1.168688E-15
2327.  1.169962E-15
2328.  1.171225E-15
2329.  1.172476E-15
2330.  1.173715E-15
2331.  1.174941E-15
2332.  1.176155E-15
2333.  1.177355E-15
2334.  1.178543E-15
2335.  1.179716E-15
2336.  1.180875E-15
2337.  1.182019E-15
2338.  1.183149E-15
2339.  1.184263E-15
2340.  1.185362E-15
2341.  1.186445E-15
2342.  1.187512E-15
2343.  1.188562E-15
2344.  1.189595E-15
2345.  1.190611E-15
2346.  1.191610E-15
2347.  1.192590E-15
2348.  1.193552E-15
2349.  1.194496E-15
2350.  1.195421E-15
2351.  1.196327E-15
2352.  1.197213E-15
2353.  1.198079E-15
2354.  1.198925E-15
2355.  1.199751E-15
2356.  1.200557E-15
2357.  1.201341E-15
2358.  1.202104E-15
2359.  1.202845E-15
2360.  1.203565E-15
2361.  1.204263E-15
2362.  1.204938E-15
2363.  1.205590E-15
2364.  1.206219E-15
2365.  1.206825E-15
2366.  1.207408E-15
2367.  1.207967E-15
2368.  1.208502E-15
2369.  1.209013E-15
2370.  1.209499E-15
2371.  1.209960E-15
2372.  1.210397E-15
2373.  1.210808E-15
2374.  1.211194E-15
2375.  1.211554E-15
2376.  1.211888E-15
2377.  1.212197E-15
2378.  1.212478E-15
2379.  1.212734E-15
2380.  1.212962E-15
2381.  1.213164E-15
2382.  1.213338E-15
2383.  1.213486E-15
2384.  1.213606E-15
2385.  1.213698E-15
2386.  1.213762E-15
2387.  1.213798E-15
2388.  1.213806E-15
2389.  1.213786E-15
2390.  1.213737E-15
2391.  1.213659E-15
2392.  1.213553E-15
2393.  1.213417E-15
2394.  1.213253E-15
2395.  1.213059E-15
2396.  1.212836E-15
2397.  1.212584E-15
2398.  1.212302E-15
2399.  1.211990E-15
2400.  1.211648E-15
2401.  1.211277E-15
2402.  1.210875E-15
2403.  1.210443E-15
2404.  1.209981E-15
2405.  1.209489E-15
2406.  1.208967E-15
2407.  1.208414E-15
2408.  1.207830E-15
2409.  1.207216E-15
2410.  1.206572E-15
2411.  1.205896E-15
2412.  1.205190E-15
2413.  1.204453E-15
2414.  1.203686E-15
2415.  1.202887E-15
2416.  1.202058E-15
2417.  1.201198E-15
2418.  1.200307E-15
2419.  1.199385E-15
2420.  1.198432E-15
2421.  1.197448E-15
2422.  1.196433E-15
2423.  1.195388E-15
2424.  1.194311E-15
2425.  1.193203E-15
2426.  1.192065E-15
2427.  1.190896E-15
2428.  1.189696E-15
2429.  1.188466E-15
2430.  1.187204E-15
2431.  1.185913E-15
2432.  1.184590E-15
2433.  1.183237E-15
2434.  1.181853E-15
2435.  1.180439E-15
2436.  1.178995E-15
2437.  1.177520E-15
2438.  1.176016E-15
2439.  1.174481E-15
2440.  1.172916E-15
2441.  1.171321E-15
2442.  1.169697E-15
2443.  1.168042E-15
2444.  1.166359E-15
2445.  1.164645E-15
2446.  1.162903E-15
2447.  1.161131E-15
2448.  1.159330E-15
2449.  1.157500E-15
2450.  1.155641E-15
2451.  1.153753E-15
2452.  1.151838E-15
2453.  1.149893E-15
2454.  1.147920E-15
2455.  1.145920E-15
2456.  1.143891E-15
2457.  1.141835E-15
2458.  1.139750E-15
2459.  1.137639E-15
2460.  1.135500E-15
2461.  1.133334E-15
2462.  1.131142E-15
2463.  1.128922E-15
2464.  1.126677E-15
2465.  1.124404E-15
2466.  1.122106E-15
2467.  1.119782E-15
2468.  1.117432E-15
2469.  1.115057E-15
2470.  1.112657E-15
2471.  1.110231E-15
2472.  1.107780E-15
2473.  1.105305E-15
2474.  1.102806E-15
2475.  1.100282E-15
2476.  1.097735E-15
2477.  1.095163E-15
2478.  1.092569E-15
2479.  1.089951E-15
2480.  1.087310E-15
2481.  1.084646E-15
2482.  1.081960E-15
2483.  1.079251E-15
2484.  1.076521E-15
2485.  1.073769E-15
2486.  1.070995E-15
2487.  1.068201E-15
2488.  1.065385E-15
2489.  1.062548E-15
2490.  1.059692E-15
2491.  1.056815E-15
2492.  1.053918E-15
2493.  1.051001E-15
2494.  1.048065E-15
2495.  1.045110E-15
2496.  1.042136E-15
2497.  1.039144E-15
2498.  1.036134E-15
2499.  1.033105E-15
2500.  1.030059E-15
2501.  1.026995E-15
2502.  1.023915E-15
2503.  1.020817E-15
2504.  1.017704E-15
2505.  1.014573E-15
2506.  1.011427E-15
2507.  1.008265E-15
2508.  1.005087E-15
2509.  1.001895E-15
2510.  9.986878E-16
2511.  9.954659E-16
2512.  9.922300E-16
2513.  9.889800E-16
2514.  9.857165E-16
2515.  9.824394E-16
2516.  9.791493E-16
2517.  9.758465E-16
2518.  9.725315E-16
2519.  9.692039E-16
2520.  9.658647E-16
2521.  9.625137E-16
2522.  9.591514E-16
2523.  9.557782E-16
2524.  9.523940E-16
2525.  9.489996E-16
2526.  9.455951E-16
2527.  9.421806E-16
2528.  9.387566E-16
2529.  9.353234E-16
2530.  9.318811E-16
2531.  9.284301E-16
2532.  9.249707E-16
2533.  9.215030E-16
2534.  9.180274E-16
2535.  9.145446E-16
2536.  9.110543E-16
2537.  9.075571E-16
2538.  9.040529E-16
2539.  9.005423E-16
2540.  8.970257E-16
2541.  8.935032E-16
2542.  8.899750E-16
2543.  8.864414E-16
2544.  8.829028E-16
2545.  8.793593E-16
2546.  8.758111E-16
2547.  8.722589E-16
2548.  8.687025E-16
2549.  8.651424E-16
2550.  8.615788E-16
2551.  8.580119E-16
2552.  8.544421E-16
2553.  8.508694E-16
2554.  8.472943E-16
2555.  8.437169E-16
2556.  8.401375E-16
2557.  8.365565E-16
2558.  8.329738E-16
2559.  8.293900E-16
2560.  8.258051E-16
2561.  8.222193E-16
2562.  8.186332E-16
2563.  8.150466E-16
2564.  8.114599E-16
2565.  8.078732E-16
2566.  8.042871E-16
2567.  8.007014E-16
2568.  7.971166E-16
2569.  7.935328E-16
2570.  7.899501E-16
2571.  7.863689E-16
2572.  7.827893E-16
2573.  7.792115E-16
2574.  7.756359E-16
2575.  7.720625E-16
2576.  7.684914E-16
2577.  7.649230E-16
2578.  7.613575E-16
2579.  7.577950E-16
2580.  7.542357E-16
2581.  7.506797E-16
2582.  7.471272E-16
2583.  7.435787E-16
2584.  7.400339E-16
2585.  7.364933E-16
2586.  7.329570E-16
2587.  7.294249E-16
2588.  7.258976E-16
2589.  7.223749E-16
2590.  7.188573E-16
2591.  7.153446E-16
2592.  7.118371E-16
2593.  7.083351E-16
2594.  7.048386E-16
2595.  7.013475E-16
2596.  6.978624E-16
2597.  6.943833E-16
2598.  6.909101E-16
2599.  6.874432E-16
2600.  6.839827E-16
2601.  6.805285E-16
2602.  6.770809E-16
2603.  6.736401E-16
2604.  6.702060E-16
2605.  6.667788E-16
2606.  6.633588E-16
2607.  6.599460E-16
2608.  6.565403E-16
2609.  6.531420E-16
2610.  6.497512E-16
2611.  6.463679E-16
2612.  6.429925E-16
2613.  6.396246E-16
2614.  6.362648E-16
2615.  6.329127E-16
2616.  6.295688E-16
2617.  6.262331E-16
2618.  6.229054E-16
2619.  6.195862E-16
2620.  6.162750E-16
2621.  6.129726E-16
2622.  6.096785E-16
2623.  6.063932E-16
2624.  6.031163E-16
2625.  5.998482E-16
2626.  5.965889E-16
2627.  5.933383E-16
2628.  5.900968E-16
2629.  5.868642E-16
2630.  5.836405E-16
2631.  5.804262E-16
2632.  5.772207E-16
2633.  5.740245E-16
2634.  5.708374E-16
2635.  5.676596E-16
2636.  5.644911E-16
2637.  5.613320E-16
2638.  5.581822E-16
2639.  5.550419E-16
2640.  5.519110E-16
2641.  5.487897E-16
2642.  5.456778E-16
2643.  5.425756E-16
2644.  5.394829E-16
2645.  5.363997E-16
2646.  5.333264E-16
2647.  5.302626E-16
2648.  5.272087E-16
2649.  5.241643E-16
2650.  5.211296E-16
2651.  5.181047E-16
2652.  5.150897E-16
2653.  5.120844E-16
2654.  5.090890E-16
2655.  5.061034E-16
2656.  5.031276E-16
2657.  5.001617E-16
2658.  4.972057E-16
2659.  4.942594E-16
2660.  4.913233E-16
2661.  4.883969E-16
2662.  4.854803E-16
2663.  4.825738E-16
2664.  4.796772E-16
2665.  4.767904E-16
2666.  4.739138E-16
2667.  4.710469E-16
2668.  4.681899E-16
2669.  4.653431E-16
2670.  4.625060E-16
2671.  4.596790E-16
2672.  4.568619E-16
2673.  4.540548E-16
2674.  4.512575E-16
2675.  4.484703E-16
2676.  4.456930E-16
2677.  4.429257E-16
2678.  4.401682E-16
2679.  4.374207E-16
2680.  4.346831E-16
2681.  4.319556E-16
2682.  4.292380E-16
2683.  4.265302E-16
2684.  4.238323E-16
2685.  4.211445E-16
2686.  4.184665E-16
2687.  4.157985E-16
2688.  4.131404E-16
2689.  4.104921E-16
2690.  4.078539E-16
2691.  4.052255E-16
2692.  4.026070E-16
2693.  3.999984E-16
2694.  3.973995E-16
2695.  3.948106E-16
2696.  3.922317E-16
2697.  3.896625E-16
2698.  3.871033E-16
2699.  3.845539E-16
2700.  3.820144E-16
2701.  3.794847E-16
2702.  3.769648E-16
2703.  3.744548E-16
2704.  3.719547E-16
2705.  3.694644E-16
2706.  3.669840E-16
2707.  3.645133E-16
2708.  3.620525E-16
2709.  3.596014E-16
2710.  3.571603E-16
2711.  3.547288E-16
2712.  3.523073E-16
2713.  3.498956E-16
2714.  3.474937E-16
2715.  3.451015E-16
2716.  3.427192E-16
2717.  3.403467E-16
2718.  3.379840E-16
2719.  3.356310E-16
2720.  3.332879E-16
2721.  3.309546E-16
2722.  3.286312E-16
2723.  3.263174E-16
2724.  3.240134E-16
2725.  3.217194E-16
2726.  3.194350E-16
2727.  3.171606E-16
2728.  3.148958E-16
2729.  3.126408E-16
2730.  3.103958E-16
2731.  3.081604E-16
2732.  3.059348E-16
2733.  3.037191E-16
2734.  3.015131E-16
2735.  2.993171E-16
2736.  2.971308E-16
2737.  2.949543E-16
2738.  2.927878E-16
2739.  2.906309E-16
2740.  2.884838E-16
2741.  2.863467E-16
2742.  2.842194E-16
2743.  2.821018E-16
2744.  2.799941E-16
2745.  2.778963E-16
2746.  2.758083E-16
2747.  2.737301E-16
2748.  2.716618E-16
2749.  2.696034E-16
2750.  2.675547E-16
2751.  2.655161E-16
2752.  2.634871E-16
2753.  2.614681E-16
2754.  2.594591E-16
2755.  2.574597E-16
2756.  2.554704E-16
2757.  2.534909E-16
2758.  2.515211E-16
2759.  2.495615E-16
2760.  2.476117E-16
2761.  2.456718E-16
2762.  2.437418E-16
2763.  2.418216E-16
2764.  2.399114E-16
2765.  2.380111E-16
2766.  2.361207E-16
2767.  2.342402E-16
2768.  2.323696E-16
2769.  2.305090E-16
2770.  2.286584E-16
2771.  2.268175E-16
2772.  2.249867E-16
2773.  2.231657E-16
2774.  2.213547E-16
2775.  2.195536E-16
2776.  2.177626E-16
2777.  2.159814E-16
2778.  2.142101E-16
2779.  2.124488E-16
2780.  2.106973E-16
2781.  2.089560E-16
2782.  2.072243E-16
2783.  2.055027E-16
2784.  2.037911E-16
2785.  2.020893E-16
2786.  2.003976E-16
2787.  1.987156E-16
2788.  1.970437E-16
2789.  1.953816E-16
2790.  1.937294E-16
2791.  1.920872E-16
2792.  1.904549E-16
2793.  1.888324E-16
2794.  1.872199E-16
2795.  1.856172E-16
2796.  1.840244E-16
2797.  1.824415E-16
2798.  1.808685E-16
2799.  1.793053E-16
2800.  1.777520E-16
2801.  1.762085E-16
2802.  1.746749E-16
2803.  1.731510E-16
2804.  1.716371E-16
2805.  1.701330E-16
2806.  1.686386E-16
2807.  1.671540E-16
2808.  1.656791E-16
2809.  1.642141E-16
2810.  1.627588E-16
2811.  1.613132E-16
2812.  1.598773E-16
2813.  1.584513E-16
2814.  1.570348E-16
2815.  1.556281E-16
2816.  1.542310E-16
2817.  1.528435E-16
2818.  1.514658E-16
2819.  1.500976E-16
2820.  1.487390E-16
2821.  1.473900E-16
2822.  1.460505E-16
2823.  1.447207E-16
2824.  1.434003E-16
2825.  1.420895E-16
2826.  1.407881E-16
2827.  1.394963E-16
2828.  1.382138E-16
2829.  1.369407E-16
2830.  1.356772E-16
2831.  1.344230E-16
2832.  1.331781E-16
2833.  1.319426E-16
2834.  1.307165E-16
2835.  1.294996E-16
2836.  1.282920E-16
2837.  1.270936E-16
2838.  1.259044E-16
2839.  1.247244E-16
2840.  1.235537E-16
2841.  1.223921E-16
2842.  1.212396E-16
2843.  1.200961E-16
2844.  1.189618E-16
2845.  1.178364E-16
2846.  1.167202E-16
2847.  1.156129E-16
2848.  1.145145E-16
2849.  1.134252E-16
2850.  1.123446E-16
2851.  1.112729E-16
2852.  1.102102E-16
2853.  1.091563E-16
2854.  1.081111E-16
2855.  1.070747E-16
2856.  1.060470E-16
2857.  1.050280E-16
2858.  1.040177E-16
2859.  1.030160E-16
2860.  1.020229E-16
2861.  1.010384E-16
2862.  1.000625E-16
2863.  9.909515E-17
2864.  9.813619E-17
2865.  9.718568E-17
2866.  9.624372E-17
2867.  9.531001E-17
2868.  9.438476E-17
2869.  9.346775E-17
2870.  9.255909E-17
2871.  9.165865E-17
2872.  9.076655E-17
2873.  8.988266E-17
2874.  8.900687E-17
2875.  8.813929E-17
2876.  8.727966E-17
2877.  8.642830E-17
2878.  8.558479E-17
2879.  8.474945E-17
2880.  8.392200E-17
2881.  8.310248E-17
2882.  8.229110E-17
2883.  8.148738E-17
2884.  8.069157E-17
2885.  7.990366E-17
2886.  7.912341E-17
2887.  7.835102E-17
2888.  7.758633E-17
2889.  7.682938E-17
2890.  7.608002E-17
2891.  7.533829E-17
2892.  7.460420E-17
2893.  7.387772E-17
2894.  7.315873E-17
2895.  7.244729E-17
2896.  7.174335E-17
2897.  7.104676E-17
2898.  7.035777E-17
2899.  6.967603E-17
2900.  6.900166E-17
2901.  6.833466E-17
2902.  6.767490E-17
2903.  6.702250E-17
2904.  6.637733E-17
2905.  6.573939E-17
2906.  6.510858E-17
2907.  6.448494E-17
2908.  6.386837E-17
2909.  6.325899E-17
2910.  6.265660E-17
2911.  6.206127E-17
2912.  6.147299E-17
2913.  6.089172E-17
2914.  6.031742E-17
2915.  5.974991E-17
2916.  5.918943E-17
2917.  5.863582E-17
2918.  5.808900E-17
2919.  5.754905E-17
2920.  5.701579E-17
2921.  5.648945E-17
2922.  5.596989E-17
2923.  5.545682E-17
2924.  5.495057E-17
2925.  5.445104E-17
2926.  5.395804E-17
2927.  5.347175E-17
2928.  5.299207E-17
2929.  5.251888E-17
2930.  5.205233E-17
2931.  5.159222E-17
2932.  5.113861E-17
2933.  5.069153E-17
2934.  5.025085E-17
2935.  4.981650E-17
2936.  4.938866E-17
2937.  4.896723E-17
2938.  4.855211E-17
2939.  4.814326E-17
2940.  4.774079E-17
2941.  4.734457E-17
2942.  4.695466E-17
2943.  4.657096E-17
2944.  4.619346E-17
2945.  4.582212E-17
2946.  4.545713E-17
2947.  4.509816E-17
2948.  4.474532E-17
2949.  4.439864E-17
2950.  4.405794E-17
2951.  4.372350E-17
2952.  4.339494E-17
2953.  4.307249E-17
2954.  4.275609E-17
2955.  4.244559E-17
2956.  4.214109E-17
2957.  4.184248E-17
2958.  4.154988E-17
2959.  4.126311E-17
2960.  4.098229E-17
2961.  4.070727E-17
2962.  4.043827E-17
2963.  4.017491E-17
2964.  3.991744E-17
2965.  3.966577E-17
2966.  3.941979E-17
2967.  3.917957E-17
2968.  3.894518E-17
2969.  3.871644E-17
2970.  3.849334E-17
2971.  3.827599E-17
2972.  3.806426E-17
2973.  3.785817E-17
2974.  3.765767E-17
2975.  3.746279E-17
2976.  3.727352E-17
2977.  3.708978E-17
2978.  3.691165E-17
2979.  3.673884E-17
2980.  3.657169E-17
2981.  3.641004E-17
2982.  3.625379E-17
2983.  3.610309E-17
2984.  3.595768E-17
2985.  3.581774E-17
2986.  3.568317E-17
2987.  3.555402E-17
2988.  3.543009E-17
2989.  3.531169E-17
2990.  3.519841E-17
2991.  3.509058E-17
2992.  3.498799E-17
2993.  3.489058E-17
2994.  3.479864E-17
2995.  3.471168E-17
2996.  3.462997E-17
2997.  3.455349E-17
2998.  3.448217E-17
2999.  3.441597E-17
3000.  3.435504E-17
3001.  3.429906E-17
3002.  3.424822E-17
3003.  3.420244E-17
3004.  3.416179E-17
3005.  3.412602E-17
3006.  3.409536E-17
3007.  3.406972E-17
3008.  3.404906E-17
3009.  3.403329E-17
3010.  3.402256E-17
3011.  3.401670E-17
3012.  3.401565E-17
3013.  3.401965E-17
3014.  3.402834E-17
3015.  3.404205E-17
3016.  3.406059E-17
3017.  3.408380E-17
3018.  3.411187E-17
3019.  3.414466E-17
3020.  3.418223E-17
3021.  3.422452E-17
3022.  3.427149E-17
3023.  3.432327E-17
3024.  3.437967E-17
3025.  3.444072E-17
3026.  3.450641E-17
3027.  3.457669E-17
3028.  3.465162E-17
3029.  3.473105E-17
3030.  3.481507E-17
3031.  3.490363E-17
3032.  3.499682E-17
3033.  3.509448E-17
3034.  3.519649E-17
3035.  3.530307E-17
3036.  3.541409E-17
3037.  3.552961E-17
3038.  3.564938E-17
3039.  3.577365E-17
3040.  3.590230E-17
3041.  3.603531E-17
3042.  3.617269E-17
3043.  3.631431E-17
3044.  3.646031E-17
3045.  3.661057E-17
3046.  3.676500E-17
3047.  3.692383E-17
3048.  3.708685E-17
3049.  3.725402E-17
3050.  3.742548E-17
3051.  3.760108E-17
3052.  3.778072E-17
3053.  3.796467E-17
3054.  3.815267E-17
3055.  3.834496E-17
3056.  3.854118E-17
3057.  3.874147E-17
3058.  3.894590E-17
3059.  3.915434E-17
3060.  3.936688E-17
3061.  3.958342E-17
3062.  3.980390E-17
3063.  4.002839E-17
3064.  4.025692E-17
3065.  4.048937E-17
3066.  4.072575E-17
3067.  4.096609E-17
3068.  4.121032E-17
3069.  4.145855E-17
3070.  4.171055E-17
3071.  4.196653E-17
3072.  4.222625E-17
3073.  4.248994E-17
3074.  4.275747E-17
3075.  4.302884E-17
3076.  4.330396E-17
3077.  4.358288E-17
3078.  4.386560E-17
3079.  4.415221E-17
3080.  4.444261E-17
3081.  4.473667E-17
3082.  4.503453E-17
3083.  4.533602E-17
3084.  4.564141E-17
3085.  4.595043E-17
3086.  4.626320E-17
3087.  4.657978E-17
3088.  4.689995E-17
3089.  4.722385E-17
3090.  4.755156E-17
3091.  4.788268E-17
3092.  4.821775E-17
3093.  4.855638E-17
3094.  4.889871E-17
3095.  4.924465E-17
3096.  4.959432E-17
3097.  4.994765E-17
3098.  5.030455E-17
3099.  5.066510E-17
3100.  5.102945E-17
3101.  5.139727E-17
3102.  5.176880E-17
3103.  5.214404E-17
3104.  5.252276E-17
3105.  5.290523E-17
3106.  5.329127E-17
3107.  5.368093E-17
3108.  5.407431E-17
3109.  5.447132E-17
3110.  5.487183E-17
3111.  5.527622E-17
3112.  5.568412E-17
3113.  5.609560E-17
3114.  5.651086E-17
3115.  5.692969E-17
3116.  5.735218E-17
3117.  5.777837E-17
3118.  5.820812E-17
3119.  5.864169E-17
3120.  5.907881E-17
3121.  5.951968E-17
3122.  5.996418E-17
3123.  6.041238E-17
3124.  6.086433E-17
3125.  6.131994E-17
3126.  6.177927E-17
3127.  6.224234E-17
3128.  6.270916E-17
3129.  6.317964E-17
3130.  6.365392E-17
3131.  6.413199E-17
3132.  6.461374E-17
3133.  6.509934E-17
3134.  6.558858E-17
3135.  6.608184E-17
3136.  6.657881E-17
3137.  6.707949E-17
3138.  6.758419E-17
3139.  6.809263E-17
3140.  6.860501E-17
3141.  6.912115E-17
3142.  6.964119E-17
3143.  7.016518E-17
3144.  7.069312E-17
3145.  7.122482E-17
3146.  7.176061E-17
3147.  7.230028E-17
3148.  7.284388E-17
3149.  7.339156E-17
3150.  7.394322E-17
3151.  7.449881E-17
3152.  7.505850E-17
3153.  7.562222E-17
3154.  7.619002E-17
3155.  7.676186E-17
3156.  7.733779E-17
3157.  7.791785E-17
3158.  7.850195E-17
3159.  7.909027E-17
3160.  7.968282E-17
3161.  8.027944E-17
3162.  8.088021E-17
3163.  8.148527E-17
3164.  8.209446E-17
3165.  8.270792E-17
3166.  8.332569E-17
3167.  8.394767E-17
3168.  8.457395E-17
3169.  8.520449E-17
3170.  8.583946E-17
3171.  8.647860E-17
3172.  8.712224E-17
3173.  8.777022E-17
3174.  8.842252E-17
3175.  8.907936E-17
3176.  8.974041E-17
3177.  9.040602E-17
3178.  9.107606E-17
3179.  9.175049E-17
3180.  9.242949E-17
3181.  9.311294E-17
3182.  9.380087E-17
3183.  9.449333E-17
3184.  9.519038E-17
3185.  9.589189E-17
3186.  9.659799E-17
3187.  9.730867E-17
3188.  9.802387E-17
3189.  9.874378E-17
3190.  9.946818E-17
3191.  1.001972E-16
3192.  1.009309E-16
3193.  1.016692E-16
3194.  1.024122E-16
3195.  1.031597E-16
3196.  1.039120E-16
3197.  1.046689E-16
3198.  1.054306E-16
3199.  1.061968E-16
3200.  1.069678E-16
3201.  1.077434E-16
3202.  1.085238E-16
3203.  1.093090E-16
3204.  1.100987E-16
3205.  1.108932E-16
3206.  1.116923E-16
3207.  1.124962E-16
3208.  1.133048E-16
3209.  1.141181E-16
3210.  1.149362E-16
3211.  1.157589E-16
3212.  1.165863E-16
3213.  1.174184E-16
3214.  1.182552E-16
3215.  1.190967E-16
3216.  1.199429E-16
3217.  1.207938E-16
3218.  1.216493E-16
3219.  1.225095E-16
3220.  1.233743E-16
3221.  1.242438E-16
3222.  1.251178E-16
3223.  1.259965E-16
3224.  1.268798E-16
3225.  1.277677E-16
3226.  1.286600E-16
3227.  1.295570E-16
3228.  1.304584E-16
3229.  1.313644E-16
3230.  1.322749E-16
3231.  1.331898E-16
3232.  1.341092E-16
3233.  1.350328E-16
3234.  1.359610E-16
3235.  1.368935E-16
3236.  1.378303E-16
3237.  1.387714E-16
3238.  1.397168E-16
3239.  1.406664E-16
3240.  1.416202E-16
3241.  1.425781E-16
3242.  1.435403E-16
3243.  1.445064E-16
3244.  1.454767E-16
3245.  1.464509E-16
3246.  1.474291E-16
3247.  1.484113E-16
3248.  1.493974E-16
3249.  1.503871E-16
3250.  1.513807E-16
3251.  1.523783E-16
3252.  1.533792E-16
3253.  1.543840E-16
3254.  1.553922E-16
3255.  1.564041E-16
3256.  1.574194E-16
3257.  1.584381E-16
3258.  1.594602E-16
3259.  1.604856E-16
3260.  1.615142E-16
3261.  1.625460E-16
3262.  1.635809E-16
3263.  1.646188E-16
3264.  1.656597E-16
3265.  1.667035E-16
3266.  1.677503E-16
3267.  1.687997E-16
3268.  1.698518E-16
3269.  1.709067E-16
3270.  1.719638E-16
3271.  1.730237E-16
3272.  1.740858E-16
3273.  1.751503E-16
3274.  1.762170E-16
3275.  1.772858E-16
3276.  1.783567E-16
3277.  1.794295E-16
3278.  1.805042E-16
3279.  1.815808E-16
3280.  1.826590E-16
3281.  1.837389E-16
3282.  1.848203E-16
3283.  1.859031E-16
3284.  1.869872E-16
3285.  1.880726E-16
3286.  1.891591E-16
3287.  1.902466E-16
3288.  1.913352E-16
3289.  1.924245E-16
3290.  1.935145E-16
3291.  1.946053E-16
3292.  1.956964E-16
3293.  1.967880E-16
3294.  1.978800E-16
3295.  1.989721E-16
3296.  2.000643E-16
3297.  2.011565E-16
3298.  2.022486E-16
3299.  2.033403E-16
3300.  2.044317E-16
3301.  2.055227E-16
3302.  2.066130E-16
3303.  2.077026E-16
3304.  2.087914E-16
3305.  2.098791E-16
3306.  2.109658E-16
3307.  2.120514E-16
3308.  2.131356E-16
3309.  2.142182E-16
3310.  2.152994E-16
3311.  2.163789E-16
3312.  2.174564E-16
3313.  2.185321E-16
3314.  2.196057E-16
3315.  2.206770E-16
3316.  2.217460E-16
3317.  2.228125E-16
3318.  2.238764E-16
3319.  2.249375E-16
3320.  2.259959E-16
3321.  2.270512E-16
3322.  2.281034E-16
3323.  2.291521E-16
3324.  2.301976E-16
3325.  2.312394E-16
3326.  2.322777E-16
3327.  2.333121E-16
3328.  2.343425E-16
3329.  2.353689E-16
3330.  2.363909E-16
3331.  2.374087E-16
3332.  2.384219E-16
3333.  2.394305E-16
3334.  2.404342E-16
3335.  2.414332E-16
3336.  2.424270E-16
3337.  2.434156E-16
3338.  2.443988E-16
3339.  2.453766E-16
3340.  2.463488E-16
3341.  2.473151E-16
3342.  2.482757E-16
3343.  2.492302E-16
3344.  2.501785E-16
3345.  2.511204E-16
3346.  2.520560E-16
3347.  2.529849E-16
3348.  2.539072E-16
3349.  2.548227E-16
3350.  2.557309E-16
3351.  2.566321E-16
3352.  2.575262E-16
3353.  2.584128E-16
3354.  2.592918E-16
3355.  2.601630E-16
3356.  2.610266E-16
3357.  2.618822E-16
3358.  2.627298E-16
3359.  2.635690E-16
3360.  2.644001E-16
3361.  2.652225E-16
3362.  2.660364E-16
3363.  2.668416E-16
3364.  2.676379E-16
3365.  2.684252E-16
3366.  2.692035E-16
3367.  2.699725E-16
3368.  2.707321E-16
3369.  2.714822E-16
3370.  2.722227E-16
3371.  2.729535E-16
3372.  2.736746E-16
3373.  2.743856E-16
3374.  2.750865E-16
3375.  2.757773E-16
3376.  2.764577E-16
3377.  2.771277E-16
3378.  2.777872E-16
3379.  2.784360E-16
3380.  2.790741E-16
3381.  2.797012E-16
3382.  2.803175E-16
3383.  2.809226E-16
3384.  2.815167E-16
3385.  2.820993E-16
3386.  2.826706E-16
3387.  2.832304E-16
3388.  2.837787E-16
3389.  2.843153E-16
3390.  2.848401E-16
3391.  2.853531E-16
3392.  2.858541E-16
3393.  2.863431E-16
3394.  2.868200E-16
3395.  2.872846E-16
3396.  2.877369E-16
3397.  2.881770E-16
3398.  2.886046E-16
3399.  2.890195E-16
3400.  2.894219E-16
3401.  2.898117E-16
3402.  2.901887E-16
3403.  2.905528E-16
3404.  2.909042E-16
3405.  2.912425E-16
3406.  2.915679E-16
3407.  2.918802E-16
3408.  2.921793E-16
3409.  2.924652E-16
3410.  2.927380E-16
3411.  2.929974E-16
3412.  2.932435E-16
3413.  2.934762E-16
3414.  2.936955E-16
3415.  2.939013E-16
3416.  2.940937E-16
3417.  2.942723E-16
3418.  2.944374E-16
3419.  2.945889E-16
3420.  2.947268E-16
3421.  2.948508E-16
3422.  2.949612E-16
3423.  2.950579E-16
3424.  2.951409E-16
3425.  2.952100E-16
3426.  2.952654E-16
3427.  2.953068E-16
3428.  2.953344E-16
3429.  2.953483E-16
3430.  2.953483E-16
3431.  2.953344E-16
3432.  2.953066E-16
3433.  2.952649E-16
3434.  2.952095E-16
3435.  2.951401E-16
3436.  2.950569E-16
3437.  2.949597E-16
3438.  2.948488E-16
3439.  2.947241E-16
3440.  2.945856E-16
3441.  2.944332E-16
3442.  2.942670E-16
3443.  2.940871E-16
3444.  2.938935E-16
3445.  2.936862E-16
3446.  2.934652E-16
3447.  2.932304E-16
3448.  2.929822E-16
3449.  2.927203E-16
3450.  2.924449E-16
3451.  2.921560E-16
3452.  2.918535E-16
3453.  2.915378E-16
3454.  2.912085E-16
3455.  2.908661E-16
3456.  2.905103E-16
3457.  2.901413E-16
3458.  2.897591E-16
3459.  2.893638E-16
3460.  2.889555E-16
3461.  2.885341E-16
3462.  2.880997E-16
3463.  2.876527E-16
3464.  2.871928E-16
3465.  2.867201E-16
3466.  2.862348E-16
3467.  2.857369E-16
3468.  2.852265E-16
3469.  2.847036E-16
3470.  2.841684E-16
3471.  2.836210E-16
3472.  2.830613E-16
3473.  2.824895E-16
3474.  2.819058E-16
3475.  2.813100E-16
3476.  2.807024E-16
3477.  2.800831E-16
3478.  2.794521E-16
3479.  2.788095E-16
3480.  2.781556E-16
3481.  2.774901E-16
3482.  2.768133E-16
3483.  2.761256E-16
3484.  2.754266E-16
3485.  2.747167E-16
3486.  2.739959E-16
3487.  2.732644E-16
3488.  2.725223E-16
3489.  2.717695E-16
3490.  2.710064E-16
3491.  2.702329E-16
3492.  2.694492E-16
3493.  2.686555E-16
3494.  2.678517E-16
3495.  2.670381E-16
3496.  2.662148E-16
3497.  2.653818E-16
3498.  2.645392E-16
3499.  2.636875E-16
3500.  2.628263E-16
3501.  2.619561E-16
3502.  2.610767E-16
3503.  2.601887E-16
3504.  2.592917E-16
3505.  2.583861E-16
3506.  2.574721E-16
3507.  2.565497E-16
3508.  2.556188E-16
3509.  2.546800E-16
3510.  2.537331E-16
3511.  2.527786E-16
3512.  2.518161E-16
3513.  2.508461E-16
3514.  2.498685E-16
3515.  2.488836E-16
3516.  2.478917E-16
3517.  2.468925E-16
3518.  2.458864E-16
3519.  2.448737E-16
3520.  2.438541E-16
3521.  2.428281E-16
3522.  2.417957E-16
3523.  2.407569E-16
3524.  2.397120E-16
3525.  2.386613E-16
3526.  2.376046E-16
3527.  2.365423E-16
3528.  2.354744E-16
3529.  2.344009E-16
3530.  2.333223E-16
3531.  2.322384E-16
3532.  2.311495E-16
3533.  2.300557E-16
3534.  2.289572E-16
3535.  2.278540E-16
3536.  2.267463E-16
3537.  2.256342E-16
3538.  2.245180E-16
3539.  2.233977E-16
3540.  2.222735E-16
3541.  2.211453E-16
3542.  2.200137E-16
3543.  2.188783E-16
3544.  2.177398E-16
3545.  2.165977E-16
3546.  2.154526E-16
3547.  2.143046E-16
3548.  2.131536E-16
3549.  2.119999E-16
3550.  2.108435E-16
3551.  2.096847E-16
3552.  2.085236E-16
3553.  2.073601E-16
3554.  2.061946E-16
3555.  2.050271E-16
3556.  2.038579E-16
3557.  2.026869E-16
3558.  2.015142E-16
3559.  2.003402E-16
3560.  1.991648E-16
3561.  1.979881E-16
3562.  1.968105E-16
3563.  1.956318E-16
3564.  1.944522E-16
3565.  1.932719E-16
3566.  1.920911E-16
3567.  1.909098E-16
3568.  1.897280E-16
3569.  1.885461E-16
3570.  1.873640E-16
3571.  1.861818E-16
3572.  1.849998E-16
3573.  1.838180E-16
3574.  1.826365E-16
3575.  1.814554E-16
3576.  1.802748E-16
3577.  1.790950E-16
3578.  1.779158E-16
3579.  1.767376E-16
3580.  1.755603E-16
3581.  1.743841E-16
3582.  1.732089E-16
3583.  1.720352E-16
3584.  1.708628E-16
3585.  1.696919E-16
3586.  1.685226E-16
3587.  1.673549E-16
3588.  1.661890E-16
3589.  1.650250E-16
3590.  1.638629E-16
3591.  1.627029E-16
3592.  1.615452E-16
3593.  1.603896E-16
3594.  1.592363E-16
3595.  1.580854E-16
3596.  1.569372E-16
3597.  1.557914E-16
3598.  1.546484E-16
3599.  1.535081E-16
3600.  1.523707E-16
3601.  1.512363E-16
3602.  1.501047E-16
3603.  1.489762E-16
3604.  1.478511E-16
3605.  1.467291E-16
3606.  1.456104E-16
3607.  1.444951E-16
3608.  1.433833E-16
3609.  1.422750E-16
3610.  1.411703E-16
3611.  1.400693E-16
3612.  1.389721E-16
3613.  1.378786E-16
3614.  1.367891E-16
3615.  1.357034E-16
3616.  1.346217E-16
3617.  1.335442E-16
3618.  1.324708E-16
3619.  1.314015E-16
3620.  1.303364E-16
3621.  1.292757E-16
3622.  1.282193E-16
3623.  1.271674E-16
3624.  1.261199E-16
3625.  1.250768E-16
3626.  1.240385E-16
3627.  1.230045E-16
3628.  1.219754E-16
3629.  1.209508E-16
3630.  1.199312E-16
3631.  1.189163E-16
3632.  1.179062E-16
3633.  1.169009E-16
3634.  1.159006E-16
3635.  1.149053E-16
3636.  1.139150E-16
3637.  1.129297E-16
3638.  1.119495E-16
3639.  1.109743E-16
3640.  1.100043E-16
3641.  1.090396E-16
3642.  1.080799E-16
3643.  1.071255E-16
3644.  1.061764E-16
3645.  1.052326E-16
3646.  1.042940E-16
3647.  1.033609E-16
3648.  1.024330E-16
3649.  1.015106E-16
3650.  1.005936E-16
3651.  9.968201E-17
3652.  9.877597E-17
3653.  9.787537E-17
3654.  9.698011E-17
3655.  9.609053E-17
3656.  9.520635E-17
3657.  9.432785E-17
3658.  9.345481E-17
3659.  9.258737E-17
3660.  9.172546E-17
3661.  9.086917E-17
3662.  9.001855E-17
3663.  8.917341E-17
3664.  8.833393E-17
3665.  8.750012E-17
3666.  8.667191E-17
3667.  8.584933E-17
3668.  8.503243E-17
3669.  8.422113E-17
3670.  8.341550E-17
3671.  8.261564E-17
3672.  8.182130E-17
3673.  8.103255E-17
3674.  8.024946E-17
3675.  7.947214E-17
3676.  7.870033E-17
3677.  7.793428E-17
3678.  7.717385E-17
3679.  7.641897E-17
3680.  7.566978E-17
3681.  7.492619E-17
3682.  7.418821E-17
3683.  7.345584E-17
3684.  7.272907E-17
3685.  7.200790E-17
3686.  7.129222E-17
3687.  7.058217E-17
3688.  6.987769E-17
3689.  6.917872E-17
3690.  6.848530E-17
3691.  6.779738E-17
3692.  6.711488E-17
3693.  6.643800E-17
3694.  6.576646E-17
3695.  6.510038E-17
3696.  6.443982E-17
3697.  6.378461E-17
3698.  6.313486E-17
3699.  6.249039E-17
3700.  6.185131E-17
3701.  6.121758E-17
3702.  6.058918E-17
3703.  5.996603E-17
3704.  5.934815E-17
3705.  5.873559E-17
3706.  5.812826E-17
3707.  5.752612E-17
3708.  5.692911E-17
3709.  5.633723E-17
3710.  5.575053E-17
3711.  5.516895E-17
3712.  5.459244E-17
3713.  5.402093E-17
3714.  5.345459E-17
3715.  5.289314E-17
3716.  5.233672E-17
3717.  5.178517E-17
3718.  5.123848E-17
3719.  5.069681E-17
3720.  5.015996E-17
3721.  4.962790E-17
3722.  4.910073E-17
3723.  4.857833E-17
3724.  4.806062E-17
3725.  4.754758E-17
3726.  4.703929E-17
3727.  4.653556E-17
3728.  4.603650E-17
3729.  4.554206E-17
3730.  4.505217E-17
3731.  4.456679E-17
3732.  4.408590E-17
3733.  4.360935E-17
3734.  4.313742E-17
3735.  4.266971E-17
3736.  4.220648E-17
3737.  4.174751E-17
3738.  4.129286E-17
3739.  4.084250E-17
3740.  4.039633E-17
3741.  3.995421E-17
3742.  3.951652E-17
3743.  3.908272E-17
3744.  3.865313E-17
3745.  3.822754E-17
3746.  3.780600E-17
3747.  3.738843E-17
3748.  3.697486E-17
3749.  3.656511E-17
3750.  3.615928E-17
3751.  3.575734E-17
3752.  3.535917E-17
3753.  3.496475E-17
3754.  3.457411E-17
3755.  3.418722E-17
3756.  3.380391E-17
3757.  3.342433E-17
3758.  3.304825E-17
3759.  3.267584E-17
3760.  3.230694E-17
3761.  3.194149E-17
3762.  3.157961E-17
3763.  3.122105E-17
3764.  3.086586E-17
3765.  3.051419E-17
3766.  3.016576E-17
3767.  2.982062E-17
3768.  2.947875E-17
3769.  2.914015E-17
3770.  2.880463E-17
3771.  2.847240E-17
3772.  2.814326E-17
3773.  2.781722E-17
3774.  2.749425E-17
3775.  2.717424E-17
3776.  2.685729E-17
3777.  2.654323E-17
3778.  2.623228E-17
3779.  2.592409E-17
3780.  2.561883E-17
3781.  2.531636E-17
3782.  2.501658E-17
3783.  2.471980E-17
3784.  2.442570E-17
3785.  2.413431E-17
3786.  2.384560E-17
3787.  2.355946E-17
3788.  2.327607E-17
3789.  2.299521E-17
3790.  2.271691E-17
3791.  2.244118E-17
3792.  2.216798E-17
3793.  2.189718E-17
3794.  2.162894E-17
3795.  2.136306E-17
3796.  2.109961E-17
3797.  2.083843E-17
3798.  2.057971E-17
3799.  2.032327E-17
3800.  2.006921E-17
3801.  1.981730E-17
3802.  1.956760E-17
3803.  1.932024E-17
3804.  1.907501E-17
3805.  1.883201E-17
3806.  1.859106E-17
3807.  1.835227E-17
3808.  1.811562E-17
3809.  1.788100E-17
3810.  1.764847E-17
3811.  1.741792E-17
3812.  1.718940E-17
3813.  1.696290E-17
3814.  1.673837E-17
3815.  1.651579E-17
3816.  1.629504E-17
3817.  1.607621E-17
3818.  1.585944E-17
3819.  1.564439E-17
3820.  1.543117E-17
3821.  1.521986E-17
3822.  1.501033E-17
3823.  1.480267E-17
3824.  1.459672E-17
3825.  1.439254E-17
3826.  1.419013E-17
3827.  1.398940E-17
3828.  1.379055E-17
3829.  1.359328E-17
3830.  1.339776E-17
3831.  1.320389E-17
3832.  1.301166E-17
3833.  1.282112E-17
3834.  1.263223E-17
3835.  1.244496E-17
3836.  1.225930E-17
3837.  1.207520E-17
3838.  1.189276E-17
3839.  1.171190E-17
3840.  1.153252E-17
3841.  1.135486E-17
3842.  1.117873E-17
3843.  1.100413E-17
3844.  1.083097E-17
3845.  1.065949E-17
3846.  1.048945E-17
3847.  1.032097E-17
3848.  1.015404E-17
3849.  9.988608E-18
3850.  9.824603E-18
3851.  9.662188E-18
3852.  9.501181E-18
3853.  9.341743E-18
3854.  9.183827E-18
3855.  9.027320E-18
3856.  8.872282E-18
3857.  8.718820E-18
3858.  8.566850E-18
3859.  8.416232E-18
3860.  8.267185E-18
3861.  8.119573E-18
3862.  7.973470E-18
3863.  7.828815E-18
3864.  7.685676E-18
3865.  7.543974E-18
3866.  7.403839E-18
3867.  7.265162E-18
3868.  7.127958E-18
3869.  6.992190E-18
3870.  6.858006E-18
3871.  6.725250E-18
3872.  6.594008E-18
3873.  6.464304E-18
3874.  6.336144E-18
3875.  6.209390E-18
3876.  6.084281E-18
3877.  5.960649E-18
3878.  5.838539E-18
3879.  5.718058E-18
3880.  5.598989E-18
3881.  5.481551E-18
3882.  5.365717E-18
3883.  5.251388E-18
3884.  5.138732E-18
3885.  5.027586E-18
3886.  4.918052E-18
3887.  4.810181E-18
3888.  4.703894E-18
3889.  4.599248E-18
3890.  4.496220E-18
3891.  4.394853E-18
3892.  4.295194E-18
3893.  4.197134E-18
3894.  4.100759E-18
3895.  4.006200E-18
3896.  3.913318E-18
3897.  3.822143E-18
3898.  3.732672E-18
3899.  3.645019E-18
3900.  3.559063E-18
3901.  3.474954E-18
3902.  3.392536E-18
3903.  3.312056E-18
3904.  3.233278E-18
3905.  3.156360E-18
3906.  3.081462E-18
3907.  3.008225E-18
3908.  2.936976E-18
3909.  2.867635E-18
3910.  2.800134E-18
3911.  2.734577E-18
3912.  2.671018E-18
3913.  2.609394E-18
3914.  2.549730E-18
3915.  2.492087E-18
3916.  2.436456E-18
3917.  2.382868E-18
3918.  2.331351E-18
3919.  2.281827E-18
3920.  2.234398E-18
3921.  2.189086E-18
3922.  2.145927E-18
3923.  2.104837E-18
3924.  2.065891E-18
3925.  2.029247E-18
3926.  1.994648E-18
3927.  1.962311E-18
3928.  1.932261E-18
3929.  1.904349E-18
3930.  1.878714E-18
3931.  1.855421E-18
3932.  1.834375E-18
3933.  1.815744E-18
3934.  1.799243E-18
3935.  1.785242E-18
3936.  1.773566E-18
3937.  1.764296E-18
3938.  1.757489E-18
3939.  1.752927E-18
3940.  1.750988E-18
3941.  1.751445E-18
3942.  1.754379E-18
3943.  1.759828E-18
3944.  1.767720E-18
3945.  1.778196E-18
3946.  1.791289E-18
3947.  1.806852E-18
3948.  1.825029E-18
3949.  1.845829E-18
3950.  1.869144E-18
3951.  1.895179E-18
3952.  1.923892E-18
3953.  1.955266E-18
3954.  1.989359E-18
3955.  2.026037E-18
3956.  2.065509E-18
3957.  2.107705E-18
3958.  2.152619E-18
3959.  2.200305E-18
3960.  2.250787E-18
3961.  2.304173E-18
3962.  2.360268E-18
3963.  2.419165E-18
3964.  2.480931E-18
3965.  2.545560E-18
3966.  2.613046E-18
3967.  2.683428E-18
3968.  2.756671E-18
3969.  2.832843E-18
3970.  2.912012E-18
3971.  2.994025E-18
3972.  3.079014E-18
3973.  3.166988E-18
3974.  3.257859E-18
3975.  3.351810E-18
3976.  3.448739E-18
3977.  3.548632E-18
3978.  3.651643E-18
3979.  3.757570E-18
3980.  3.866589E-18
3981.  3.978612E-18
3982.  4.093750E-18
3983.  4.211852E-18
3984.  4.333125E-18
3985.  4.457400E-18
3986.  4.584925E-18
3987.  4.715376E-18
3988.  4.849043E-18
3989.  4.985719E-18
3990.  5.125532E-18
3991.  5.268565E-18
3992.  5.414652E-18
3993.  5.563920E-18
3994.  5.716228E-18
3995.  5.871807E-18
3996.  6.030472E-18
3997.  6.192265E-18
3998.  6.357233E-18
3999.  6.525391E-18
4000.  6.696700E-18
4001.  6.871139E-18
4002.  7.048820E-18
4003.  7.229573E-18
4004.  7.413554E-18
4005.  7.600679E-18
4006.  7.790960E-18
4007.  7.984430E-18
4008.  8.180991E-18
4009.  8.380862E-18
4010.  8.583729E-18
4011.  8.789884E-18
4012.  8.999125E-18
4013.  9.211654E-18
4014.  9.427156E-18
4015.  9.645961E-18
4016.  9.867827E-18
4017.  1.009281E-17
4018.  1.032106E-17
4019.  1.055233E-17
4020.  1.078674E-17
4021.  1.102431E-17
4022.  1.126491E-17
4023.  1.150872E-17
4024.  1.175571E-17
4025.  1.200560E-17
4026.  1.225863E-17
4027.  1.251480E-17
4028.  1.277406E-17
4029.  1.303632E-17
4030.  1.330167E-17
4031.  1.357006E-17
4032.  1.384147E-17
4033.  1.411589E-17
4034.  1.439343E-17
4035.  1.467386E-17
4036.  1.495732E-17
4037.  1.524388E-17
4038.  1.553319E-17
4039.  1.582558E-17
4040.  1.612101E-17
4041.  1.641924E-17
4042.  1.672047E-17
4043.  1.702458E-17
4044.  1.733167E-17
4045.  1.764150E-17
4046.  1.795425E-17
4047.  1.826995E-17
4048.  1.858846E-17
4049.  1.890979E-17
4050.  1.923394E-17
4051.  1.956086E-17
4052.  1.989061E-17
4053.  2.022309E-17
4054.  2.055839E-17
4055.  2.089643E-17
4056.  2.123730E-17
4057.  2.158073E-17
4058.  2.192691E-17
4059.  2.227579E-17
4060.  2.262741E-17
4061.  2.298170E-17
4062.  2.333845E-17
4063.  2.369795E-17
4064.  2.406010E-17
4065.  2.442482E-17
4066.  2.479214E-17
4067.  2.516198E-17
4068.  2.553440E-17
4069.  2.590941E-17
4070.  2.628686E-17
4071.  2.666689E-17
4072.  2.704936E-17
4073.  2.743429E-17
4074.  2.782169E-17
4075.  2.821158E-17
4076.  2.860386E-17
4077.  2.899862E-17
4078.  2.939575E-17
4079.  2.979530E-17
4080.  3.019712E-17
4081.  3.060140E-17
4082.  3.100800E-17
4083.  3.141697E-17
4084.  3.182822E-17
4085.  3.224175E-17
4086.  3.265759E-17
4087.  3.307571E-17
4088.  3.349614E-17
4089.  3.391883E-17
4090.  3.434374E-17
4091.  3.477085E-17
4092.  3.520025E-17
4093.  3.563178E-17
4094.  3.606556E-17
4095.  3.650145E-17
4096.  3.693952E-17
4097.  3.737989E-17
4098.  3.782235E-17
4099.  3.826685E-17
4100.  3.871359E-17
4101.  3.916244E-17
4102.  3.961331E-17
4103.  4.006635E-17
4104.  4.052157E-17
4105.  4.097876E-17
4106.  4.143809E-17
4107.  4.189947E-17
4108.  4.236293E-17
4109.  4.282847E-17
4110.  4.329606E-17
4111.  4.376572E-17
4112.  4.423737E-17
4113.  4.471109E-17
4114.  4.518690E-17
4115.  4.566471E-17
4116.  4.614446E-17
4117.  4.662631E-17
4118.  4.711022E-17
4119.  4.759598E-17
4120.  4.808395E-17
4121.  4.857391E-17
4122.  4.906571E-17
4123.  4.955965E-17
4124.  5.005569E-17
4125.  5.055355E-17
4126.  5.105352E-17
4127.  5.155543E-17
4128.  5.205940E-17
4129.  5.256534E-17
4130.  5.307336E-17
4131.  5.358330E-17
4132.  5.409538E-17
4133.  5.460940E-17
4134.  5.512541E-17
4135.  5.564350E-17
4136.  5.616360E-17
4137.  5.668567E-17
4138.  5.720990E-17
4139.  5.773606E-17
4140.  5.826433E-17
4141.  5.879458E-17
4142.  5.932692E-17
4143.  5.986131E-17
4144.  6.039773E-17
4145.  6.093624E-17
4146.  6.147687E-17
4147.  6.201953E-17
4148.  6.256437E-17
4149.  6.311111E-17
4150.  6.366016E-17
4151.  6.421123E-17
4152.  6.476440E-17
4153.  6.531977E-17
4154.  6.587714E-17
4155.  6.643675E-17
4156.  6.699852E-17
4157.  6.756238E-17
4158.  6.812841E-17
4159.  6.869669E-17
4160.  6.926706E-17
4161.  6.983965E-17
4162.  7.041450E-17
4163.  7.099149E-17
4164.  7.157070E-17
4165.  7.215209E-17
4166.  7.273581E-17
4167.  7.332169E-17
4168.  7.390986E-17
4169.  7.450031E-17
4170.  7.509290E-17
4171.  7.568791E-17
4172.  7.628510E-17
4173.  7.688461E-17
4174.  7.748644E-17
4175.  7.809056E-17
4176.  7.869693E-17
4177.  7.930566E-17
4178.  7.991670E-17
4179.  8.053011E-17
4180.  8.114578E-17
4181.  8.176383E-17
4182.  8.238420E-17
4183.  8.300703E-17
4184.  8.363214E-17
4185.  8.425956E-17
4186.  8.488929E-17
4187.  8.552152E-17
4188.  8.615606E-17
4189.  8.679295E-17
4190.  8.743229E-17
4191.  8.807399E-17
4192.  8.871797E-17
4193.  8.936440E-17
4194.  9.001319E-17
4195.  9.066425E-17
4196.  9.131777E-17
4197.  9.197368E-17
4198.  9.263189E-17
4199.  9.329246E-17
4200.  9.395544E-17
4201.  9.462079E-17
4202.  9.528841E-17
4203.  9.595837E-17
4204.  9.663072E-17
4205.  9.730539E-17
4206.  9.798227E-17
4207.  9.866152E-17
4208.  9.934303E-17
4209.  1.000269E-16
4210.  1.007129E-16
4211.  1.014013E-16
4212.  1.020919E-16
4213.  1.027846E-16
4214.  1.034796E-16
4215.  1.041767E-16
4216.  1.048761E-16
4217.  1.055776E-16
4218.  1.062812E-16
4219.  1.069869E-16
4220.  1.076948E-16
4221.  1.084046E-16
4222.  1.091165E-16
4223.  1.098304E-16
4224.  1.105462E-16
4225.  1.112641E-16
4226.  1.119838E-16
4227.  1.127055E-16
4228.  1.134289E-16
4229.  1.141543E-16
4230.  1.148813E-16
4231.  1.156102E-16
4232.  1.163408E-16
4233.  1.170730E-16
4234.  1.178069E-16
4235.  1.185424E-16
4236.  1.192794E-16
4237.  1.200179E-16
4238.  1.207579E-16
4239.  1.214993E-16
4240.  1.222422E-16
4241.  1.229864E-16
4242.  1.237317E-16
4243.  1.244784E-16
4244.  1.252261E-16
4245.  1.259750E-16
4246.  1.267250E-16
4247.  1.274760E-16
4248.  1.282280E-16
4249.  1.289808E-16
4250.  1.297344E-16
4251.  1.304889E-16
4252.  1.312440E-16
4253.  1.319997E-16
4254.  1.327560E-16
4255.  1.335129E-16
4256.  1.342702E-16
4257.  1.350278E-16
4258.  1.357857E-16
4259.  1.365440E-16
4260.  1.373022E-16
4261.  1.380607E-16
4262.  1.388190E-16
4263.  1.395773E-16
4264.  1.403355E-16
4265.  1.410934E-16
4266.  1.418510E-16
4267.  1.426082E-16
4268.  1.433650E-16
4269.  1.441211E-16
4270.  1.448766E-16
4271.  1.456314E-16
4272.  1.463854E-16
4273.  1.471384E-16
4274.  1.478904E-16
4275.  1.486414E-16
4276.  1.493910E-16
4277.  1.501396E-16
4278.  1.508865E-16
4279.  1.516322E-16
4280.  1.523762E-16
4281.  1.531185E-16
4282.  1.538591E-16
4283.  1.545979E-16
4284.  1.553346E-16
4285.  1.560694E-16
4286.  1.568019E-16
4287.  1.575321E-16
4288.  1.582600E-16
4289.  1.589854E-16
4290.  1.597083E-16
4291.  1.604284E-16
4292.  1.611457E-16
4293.  1.618603E-16
4294.  1.625716E-16
4295.  1.632799E-16
4296.  1.639850E-16
4297.  1.646867E-16
4298.  1.653850E-16
4299.  1.660797E-16
4300.  1.667709E-16
4301.  1.674581E-16
4302.  1.681415E-16
4303.  1.688208E-16
4304.  1.694961E-16
4305.  1.701671E-16
4306.  1.708337E-16
4307.  1.714960E-16
4308.  1.721536E-16
4309.  1.728066E-16
4310.  1.734547E-16
4311.  1.740980E-16
4312.  1.747363E-16
4313.  1.753693E-16
4314.  1.759971E-16
4315.  1.766196E-16
4316.  1.772365E-16
4317.  1.778478E-16
4318.  1.784535E-16
4319.  1.790533E-16
4320.  1.796472E-16
4321.  1.802350E-16
4322.  1.808167E-16
4323.  1.813921E-16
4324.  1.819611E-16
4325.  1.825236E-16
4326.  1.830795E-16
4327.  1.836286E-16
4328.  1.841710E-16
4329.  1.847063E-16
4330.  1.852346E-16
4331.  1.857558E-16
4332.  1.862697E-16
4333.  1.867762E-16
4334.  1.872753E-16
4335.  1.877667E-16
4336.  1.882504E-16
4337.  1.887265E-16
4338.  1.891945E-16
4339.  1.896545E-16
4340.  1.901065E-16
4341.  1.905502E-16
4342.  1.909857E-16
4343.  1.914128E-16
4344.  1.918313E-16
4345.  1.922413E-16
4346.  1.926426E-16
4347.  1.930351E-16
4348.  1.934187E-16
4349.  1.937934E-16
4350.  1.941590E-16
4351.  1.945154E-16
4352.  1.948626E-16
4353.  1.952006E-16
4354.  1.955291E-16
4355.  1.958481E-16
4356.  1.961575E-16
4357.  1.964574E-16
4358.  1.967474E-16
4359.  1.970278E-16
4360.  1.972982E-16
4361.  1.975587E-16
4362.  1.978091E-16
4363.  1.980495E-16
4364.  1.982797E-16
4365.  1.984996E-16
4366.  1.987094E-16
4367.  1.989086E-16
4368.  1.990976E-16
4369.  1.992761E-16
4370.  1.994441E-16
4371.  1.996014E-16
4372.  1.997481E-16
4373.  1.998841E-16
4374.  2.000094E-16
4375.  2.001238E-16
4376.  2.002275E-16
4377.  2.003202E-16
4378.  2.004020E-16
4379.  2.004730E-16
4380.  2.005328E-16
4381.  2.005816E-16
4382.  2.006194E-16
4383.  2.006460E-16
4384.  2.006615E-16
4385.  2.006659E-16
4386.  2.006591E-16
4387.  2.006410E-16
4388.  2.006117E-16
4389.  2.005711E-16
4390.  2.005195E-16
4391.  2.004564E-16
4392.  2.003819E-16
4393.  2.002962E-16
4394.  2.001992E-16
4395.  2.000910E-16
4396.  1.999714E-16
4397.  1.998404E-16
4398.  1.996981E-16
4399.  1.995445E-16
4400.  1.993796E-16
4401.  1.992035E-16
4402.  1.990159E-16
4403.  1.988171E-16
4404.  1.986070E-16
4405.  1.983855E-16
4406.  1.981529E-16
4407.  1.979092E-16
4408.  1.976543E-16
4409.  1.973881E-16
4410.  1.971107E-16
4411.  1.968222E-16
4412.  1.965227E-16
4413.  1.962121E-16
4414.  1.958906E-16
4415.  1.955580E-16
4416.  1.952144E-16
4417.  1.948601E-16
4418.  1.944949E-16
4419.  1.941188E-16
4420.  1.937320E-16
4421.  1.933345E-16
4422.  1.929263E-16
4423.  1.925074E-16
4424.  1.920781E-16
4425.  1.916384E-16
4426.  1.911882E-16
4427.  1.907276E-16
4428.  1.902567E-16
4429.  1.897756E-16
4430.  1.892843E-16
4431.  1.887829E-16
4432.  1.882715E-16
4433.  1.877502E-16
4434.  1.872190E-16
4435.  1.866780E-16
4436.  1.861274E-16
4437.  1.855670E-16
4438.  1.849972E-16
4439.  1.844178E-16
4440.  1.838292E-16
4441.  1.832310E-16
4442.  1.826238E-16
4443.  1.820075E-16
4444.  1.813822E-16
4445.  1.807480E-16
4446.  1.801050E-16
4447.  1.794531E-16
4448.  1.787927E-16
4449.  1.781237E-16
4450.  1.774463E-16
4451.  1.767606E-16
4452.  1.760667E-16
4453.  1.753646E-16
4454.  1.746548E-16
4455.  1.739367E-16
4456.  1.732110E-16
4457.  1.724775E-16
4458.  1.717365E-16
4459.  1.709882E-16
4460.  1.702325E-16
4461.  1.694694E-16
4462.  1.686993E-16
4463.  1.679223E-16
4464.  1.671383E-16
4465.  1.663477E-16
4466.  1.655503E-16
4467.  1.647464E-16
4468.  1.639363E-16
4469.  1.631198E-16
4470.  1.622971E-16
4471.  1.614685E-16
4472.  1.606339E-16
4473.  1.597937E-16
4474.  1.589478E-16
4475.  1.580963E-16
4476.  1.572395E-16
4477.  1.563774E-16
4478.  1.555101E-16
4479.  1.546379E-16
4480.  1.537608E-16
4481.  1.528790E-16
4482.  1.519925E-16
4483.  1.511015E-16
4484.  1.502063E-16
4485.  1.493068E-16
4486.  1.484031E-16
4487.  1.474955E-16
4488.  1.465842E-16
4489.  1.456690E-16
4490.  1.447505E-16
4491.  1.438284E-16
4492.  1.429030E-16
4493.  1.419744E-16
4494.  1.410428E-16
4495.  1.401085E-16
4496.  1.391710E-16
4497.  1.382312E-16
4498.  1.372887E-16
4499.  1.363440E-16
4500.  1.353969E-16
