1.  -7.083986E-23
2.  -1.166857E-22
3.  -1.437945E-22
4.  -8.283546E-23
5.  -1.081530E-22
6.  1.591375E-24
7.  -3.600744E-23
8.  -8.480525E-23
9.  -8.913452E-23
10.  -9.382015E-23
11.  -1.020904E-22
12.  -1.053625E-22
13.  -7.643820E-23
14.  -4.180025E-23
15.  -1.014495E-22
16.  8.159441E-24
17.  -7.210138E-24
18.  -1.355160E-22
19.  -1.412883E-22
20.  -9.218380E-23
21.  -1.535022E-23
22.  -1.217101E-22
23.  -1.001531E-22
24.  -9.221525E-23
25.  -8.520188E-23
26.  -8.688588E-23
27.  -3.293407E-23
28.  -7.518725E-23
29.  -1.166613E-22
30.  -5.475760E-23
31.  -1.364685E-22
32.  -3.352371E-23
33.  -7.368449E-23
34.  -1.311058E-23
35.  -1.440477E-22
36.  -1.543882E-22
37.  -6.471349E-23
38.  -9.771159E-23
39.  -3.619878E-23
40.  -3.395779E-23
41.  -1.129498E-22
42.  -1.532187E-22
43.  -1.146578E-22
44.  -7.939679E-23
45.  -7.665011E-23
46.  1.841567E-23
47.  -8.349445E-23
48.  -1.297246E-22
49.  -1.361476E-22
50.  -1.117372E-22
51.  -1.105170E-22
52.  -1.407390E-22
53.  -4.146260E-23
54.  -1.150407E-22
55.  -2.096738E-22
56.  -1.237715E-22
57.  -1.416974E-22
58.  -8.518999E-23
59.  -1.278904E-22
60.  -4.719287E-23
61.  -1.802066E-22
62.  2.107131E-23
63.  -1.192708E-22
64.  -4.266464E-23
65.  -4.043832E-23
66.  -1.551598E-22
67.  -1.535826E-22
68.  -3.932557E-23
69.  -9.581183E-23
70.  -1.939081E-23
71.  -7.530313E-23
72.  -1.056930E-22
73.  -7.204799E-24
74.  -9.100380E-23
75.  -8.322796E-23
76.  -1.133266E-22
77.  -5.207441E-23
78.  -6.506454E-23
79.  -9.940701E-23
80.  -1.840042E-23
81.  -3.589183E-23
82.  -1.260216E-22
83.  -1.010528E-22
84.  -1.308728E-23
85.  -2.044690E-23
86.  -6.948315E-23
87.  -4.152950E-23
88.  -1.821815E-23
89.  -1.593951E-22
90.  -5.642966E-23
91.  -5.642460E-23
92.  -2.521081E-23
93.  -1.048285E-22
94.  1.223242E-23
95.  -7.142150E-23
96.  -3.154614E-23
97.  -1.021998E-22
98.  -1.767860E-22
99.  -1.341129E-22
100.  -8.881024E-23
101.  -1.291616E-22
102.  -3.392774E-23
103.  -1.464062E-22
104.  -8.912126E-23
105.  -1.245937E-22
106.  -1.397986E-22
107.  -3.572283E-23
108.  3.403853E-24
109.  -7.843794E-23
110.  -1.380964E-23
111.  -8.054843E-23
112.  -6.809937E-23
113.  -4.786552E-23
114.  -9.925727E-23
115.  4.964857E-23
116.  -6.519102E-23
117.  -7.731575E-23
118.  -1.004428E-22
119.  -1.121653E-22
120.  2.281644E-23
121.  -9.639202E-23
122.  -1.251728E-22
123.  -8.520379E-23
124.  -6.135628E-23
125.  -9.603185E-23
126.  -5.904622E-23
127.  -1.071692E-22
128.  -1.458717E-23
129.  -4.022677E-23
130.  -1.111498E-22
131.  -9.296363E-24
132.  -4.001157E-23
133.  -1.415140E-22
134.  1.899519E-23
135.  -7.425411E-23
136.  -3.630737E-23
137.  2.885323E-23
138.  -2.353443E-23
139.  -4.262948E-23
140.  -6.326248E-23
141.  5.806611E-23
142.  5.098072E-23
143.  4.213989E-24
144.  9.731161E-23
145.  1.141869E-22
146.  2.038802E-24
147.  1.252745E-23
148.  1.764394E-22
149.  2.129722E-22
150.  2.764326E-22
151.  3.010807E-22
152.  2.485139E-22
153.  3.224286E-22
154.  4.668393E-22
155.  5.601521E-22
156.  6.190718E-22
157.  7.712035E-22
158.  8.627017E-22
159.  9.766952E-22
160.  1.199897E-21
161.  1.355959E-21
162.  1.593303E-21
163.  1.865749E-21
164.  2.119515E-21
165.  2.468542E-21
166.  2.892975E-21
167.  3.259862E-21
168.  3.614310E-21
169.  4.191562E-21
170.  4.893907E-21
171.  5.504340E-21
172.  6.327267E-21
173.  7.196292E-21
174.  8.290134E-21
175.  9.385827E-21
176.  1.072448E-20
177.  1.212801E-20
178.  1.370620E-20
179.  1.564275E-20
180.  1.770699E-20
181.  2.014234E-20
182.  2.275512E-20
183.  2.582909E-20
184.  2.909671E-20
185.  3.286890E-20
186.  3.713952E-20
187.  4.189630E-20
188.  4.718803E-20
189.  5.310863E-20
190.  5.987805E-20
191.  6.721949E-20
192.  7.553693E-20
193.  8.474728E-20
194.  9.491131E-20
195.  1.064345E-19
196.  1.191728E-19
197.  1.332774E-19
198.  1.491299E-19
199.  1.664242E-19
200.  1.857453E-19
201.  2.072419E-19
202.  2.308740E-19
203.  2.571694E-19
204.  2.860716E-19
205.  3.181135E-19
206.  3.533919E-19
207.  3.922702E-19
208.  4.353191E-19
209.  4.824814E-19
210.  5.344306E-19
211.  5.915119E-19
212.  6.542263E-19
213.  7.230575E-19
214.  7.984653E-19
215.  8.810700E-19
216.  9.714903E-19
217.  1.070467E-18
218.  1.178680E-18
219.  1.296756E-18
220.  1.425786E-18
221.  1.566247E-18
222.  1.719561E-18
223.  1.886322E-18
224.  2.067699E-18
225.  2.264896E-18
226.  2.479146E-18
227.  2.711749E-18
228.  2.963906E-18
229.  3.237218E-18
230.  3.533292E-18
231.  3.853540E-18
232.  4.199853E-18
233.  4.573973E-18
234.  4.977892E-18
235.  5.413632E-18
236.  5.883321E-18
237.  6.389288E-18
238.  6.933805E-18
239.  7.519322E-18
240.  8.148622E-18
241.  8.824465E-18
242.  9.549584E-18
243.  1.032715E-17
244.  1.116010E-17
245.  1.205196E-17
246.  1.300590E-17
247.  1.402590E-17
248.  1.511544E-17
249.  1.627825E-17
250.  1.751869E-17
251.  1.884071E-17
252.  2.024859E-17
253.  2.174699E-17
254.  2.334049E-17
255.  2.503369E-17
256.  2.683173E-17
257.  2.873936E-17
258.  3.076216E-17
259.  3.290531E-17
260.  3.517431E-17
261.  3.757481E-17
262.  4.011263E-17
263.  4.279345E-17
264.  4.562332E-17
265.  4.860853E-17
266.  5.175507E-17
267.  5.506936E-17
268.  5.855774E-17
269.  6.222688E-17
270.  6.608319E-17
271.  7.013310E-17
272.  7.438367E-17
273.  7.884119E-17
274.  8.351260E-17
275.  8.840452E-17
276.  9.352375E-17
277.  9.887717E-17
278.  1.044711E-16
279.  1.103124E-16
280.  1.164073E-16
281.  1.227629E-16
282.  1.293851E-16
283.  1.362803E-16
284.  1.434547E-16
285.  1.509142E-16
286.  1.586647E-16
287.  1.667118E-16
288.  1.750609E-16
289.  1.837171E-16
290.  1.926857E-16
291.  2.019711E-16
292.  2.115777E-16
293.  2.215101E-16
294.  2.317713E-16
295.  2.423654E-16
296.  2.532954E-16
297.  2.645639E-16
298.  2.761733E-16
299.  2.881256E-16
300.  3.004224E-16
301.  3.130646E-16
302.  3.260532E-16
303.  3.393879E-16
304.  3.530690E-16
305.  3.670954E-16
306.  3.814658E-16
307.  3.961787E-16
308.  4.112318E-16
309.  4.266223E-16
310.  4.423468E-16
311.  4.584015E-16
312.  4.747822E-16
313.  4.914839E-16
314.  5.085013E-16
315.  5.258284E-16
316.  5.434588E-16
317.  5.613854E-16
318.  5.796009E-16
319.  5.980971E-16
320.  6.168657E-16
321.  6.358977E-16
322.  6.551832E-16
323.  6.747129E-16
324.  6.944762E-16
325.  7.144621E-16
326.  7.346596E-16
327.  7.550568E-16
328.  7.756420E-16
329.  7.964026E-16
330.  8.173259E-16
331.  8.383989E-16
332.  8.596084E-16
333.  8.809405E-16
334.  9.023817E-16
335.  9.239175E-16
336.  9.455340E-16
337.  9.672163E-16
338.  9.889504E-16
339.  1.010721E-15
340.  1.032513E-15
341.  1.054313E-15
342.  1.076105E-15
343.  1.097874E-15
344.  1.119605E-15
345.  1.141284E-15
346.  1.162895E-15
347.  1.184424E-15
348.  1.205857E-15
349.  1.227178E-15
350.  1.248373E-15
351.  1.269429E-15
352.  1.290332E-15
353.  1.311066E-15
354.  1.331620E-15
355.  1.351980E-15
356.  1.372133E-15
357.  1.392067E-15
358.  1.411769E-15
359.  1.431226E-15
360.  1.450429E-15
361.  1.469364E-15
362.  1.488021E-15
363.  1.506390E-15
364.  1.524459E-15
365.  1.542221E-15
366.  1.559664E-15
367.  1.576779E-15
368.  1.593559E-15
369.  1.609994E-15
370.  1.626076E-15
371.  1.641799E-15
372.  1.657154E-15
373.  1.672135E-15
374.  1.686735E-15
375.  1.700949E-15
376.  1.714770E-15
377.  1.728193E-15
378.  1.741213E-15
379.  1.753825E-15
380.  1.766025E-15
381.  1.777808E-15
382.  1.789171E-15
383.  1.800111E-15
384.  1.810624E-15
385.  1.820707E-15
386.  1.830358E-15
387.  1.839574E-15
388.  1.848354E-15
389.  1.856695E-15
390.  1.864596E-15
391.  1.872056E-15
392.  1.879073E-15
393.  1.885647E-15
394.  1.891777E-15
395.  1.897462E-15
396.  1.902703E-15
397.  1.907500E-15
398.  1.911853E-15
399.  1.915762E-15
400.  1.919228E-15
401.  1.922251E-15
402.  1.924834E-15
403.  1.926978E-15
404.  1.928684E-15
405.  1.929954E-15
406.  1.930790E-15
407.  1.931194E-15
408.  1.931169E-15
409.  1.930718E-15
410.  1.929845E-15
411.  1.928552E-15
412.  1.926842E-15
413.  1.924721E-15
414.  1.922192E-15
415.  1.919259E-15
416.  1.915928E-15
417.  1.912205E-15
418.  1.908093E-15
419.  1.903599E-15
420.  1.898730E-15
421.  1.893492E-15
422.  1.887891E-15
423.  1.881936E-15
424.  1.875633E-15
425.  1.868991E-15
426.  1.862018E-15
427.  1.854722E-15
428.  1.847113E-15
429.  1.839201E-15
430.  1.830996E-15
431.  1.822507E-15
432.  1.813745E-15
433.  1.804721E-15
434.  1.795447E-15
435.  1.785935E-15
436.  1.776197E-15
437.  1.766244E-15
438.  1.756090E-15
439.  1.745749E-15
440.  1.735233E-15
441.  1.724556E-15
442.  1.713733E-15
443.  1.702777E-15
444.  1.691704E-15
445.  1.680528E-15
446.  1.669263E-15
447.  1.657926E-15
448.  1.646532E-15
449.  1.635096E-15
450.  1.623634E-15
451.  1.612162E-15
452.  1.600695E-15
453.  1.589249E-15
454.  1.577842E-15
455.  1.566486E-15
456.  1.555201E-15
457.  1.544001E-15
458.  1.532901E-15
459.  1.521918E-15
460.  1.511067E-15
461.  1.500363E-15
462.  1.489822E-15
463.  1.479459E-15
464.  1.469287E-15
465.  1.459323E-15
466.  1.449579E-15
467.  1.440070E-15
468.  1.430808E-15
469.  1.421808E-15
470.  1.413082E-15
471.  1.404642E-15
472.  1.396500E-15
473.  1.388667E-15
474.  1.381154E-15
475.  1.373973E-15
476.  1.367131E-15
477.  1.360639E-15
478.  1.354506E-15
479.  1.348741E-15
480.  1.343349E-15
481.  1.338339E-15
482.  1.333718E-15
483.  1.329491E-15
484.  1.325663E-15
485.  1.322239E-15
486.  1.319224E-15
487.  1.316620E-15
488.  1.314431E-15
489.  1.312658E-15
490.  1.311305E-15
491.  1.310370E-15
492.  1.309855E-15
493.  1.309761E-15
494.  1.310084E-15
495.  1.310826E-15
496.  1.311983E-15
497.  1.313552E-15
498.  1.315532E-15
499.  1.317917E-15
500.  1.320704E-15
501.  1.323888E-15
502.  1.327463E-15
503.  1.331425E-15
504.  1.335765E-15
505.  1.340478E-15
506.  1.345555E-15
507.  1.350990E-15
508.  1.356773E-15
509.  1.362896E-15
510.  1.369349E-15
511.  1.376124E-15
512.  1.383209E-15
513.  1.390594E-15
514.  1.398268E-15
515.  1.406220E-15
516.  1.414439E-15
517.  1.422910E-15
518.  1.431624E-15
519.  1.440565E-15
520.  1.449721E-15
521.  1.459079E-15
522.  1.468625E-15
523.  1.478344E-15
524.  1.488222E-15
525.  1.498243E-15
526.  1.508394E-15
527.  1.518657E-15
528.  1.529018E-15
529.  1.539461E-15
530.  1.549968E-15
531.  1.560525E-15
532.  1.571113E-15
533.  1.581717E-15
534.  1.592318E-15
535.  1.602900E-15
536.  1.613445E-15
537.  1.623935E-15
538.  1.634353E-15
539.  1.644680E-15
540.  1.654899E-15
541.  1.664993E-15
542.  1.674941E-15
543.  1.684727E-15
544.  1.694333E-15
545.  1.703740E-15
546.  1.712931E-15
547.  1.721887E-15
548.  1.730591E-15
549.  1.739025E-15
550.  1.747172E-15
551.  1.755015E-15
552.  1.762537E-15
553.  1.769721E-15
554.  1.776551E-15
555.  1.783011E-15
556.  1.789086E-15
557.  1.794761E-15
558.  1.800021E-15
559.  1.804852E-15
560.  1.809242E-15
561.  1.813176E-15
562.  1.816643E-15
563.  1.819632E-15
564.  1.822132E-15
565.  1.824132E-15
566.  1.825625E-15
567.  1.826599E-15
568.  1.827050E-15
569.  1.826968E-15
570.  1.826350E-15
571.  1.825190E-15
572.  1.823484E-15
573.  1.821228E-15
574.  1.818421E-15
575.  1.815061E-15
576.  1.811149E-15
577.  1.806686E-15
578.  1.801672E-15
579.  1.796111E-15
580.  1.790007E-15
581.  1.783365E-15
582.  1.776190E-15
583.  1.768490E-15
584.  1.760272E-15
585.  1.751545E-15
586.  1.742319E-15
587.  1.732603E-15
588.  1.722411E-15
589.  1.711754E-15
590.  1.700645E-15
591.  1.689099E-15
592.  1.677130E-15
593.  1.664754E-15
594.  1.651987E-15
595.  1.638845E-15
596.  1.625348E-15
597.  1.611512E-15
598.  1.597356E-15
599.  1.582899E-15
600.  1.568162E-15
601.  1.553164E-15
602.  1.537926E-15
603.  1.522467E-15
604.  1.506810E-15
605.  1.490974E-15
606.  1.474983E-15
607.  1.458856E-15
608.  1.442616E-15
609.  1.426284E-15
610.  1.409882E-15
611.  1.393430E-15
612.  1.376951E-15
613.  1.360465E-15
614.  1.343994E-15
615.  1.327558E-15
616.  1.311177E-15
617.  1.294872E-15
618.  1.278663E-15
619.  1.262568E-15
620.  1.246606E-15
621.  1.230797E-15
622.  1.215157E-15
623.  1.199705E-15
624.  1.184457E-15
625.  1.169429E-15
626.  1.154638E-15
627.  1.140097E-15
628.  1.125822E-15
629.  1.111825E-15
630.  1.098121E-15
631.  1.084721E-15
632.  1.071638E-15
633.  1.058880E-15
634.  1.046460E-15
635.  1.034386E-15
636.  1.022667E-15
637.  1.011311E-15
638.  1.000324E-15
639.  9.897137E-16
640.  9.794852E-16
641.  9.696429E-16
642.  9.601913E-16
643.  9.511337E-16
644.  9.424726E-16
645.  9.342098E-16
646.  9.263465E-16
647.  9.188827E-16
648.  9.118187E-16
649.  9.051530E-16
650.  8.988839E-16
651.  8.930090E-16
652.  8.875259E-16
653.  8.824301E-16
654.  8.777179E-16
655.  8.733840E-16
656.  8.694231E-16
657.  8.658291E-16
658.  8.625956E-16
659.  8.597151E-16
660.  8.571804E-16
661.  8.549830E-16
662.  8.531146E-16
663.  8.515659E-16
664.  8.503279E-16
665.  8.493902E-16
666.  8.487430E-16
667.  8.483755E-16
668.  8.482768E-16
669.  8.484358E-16
670.  8.488409E-16
671.  8.494804E-16
672.  8.503423E-16
673.  8.514144E-16
674.  8.526841E-16
675.  8.541391E-16
676.  8.557662E-16
677.  8.575529E-16
678.  8.594862E-16
679.  8.615528E-16
680.  8.637397E-16
681.  8.660341E-16
682.  8.684221E-16
683.  8.708910E-16
684.  8.734274E-16
685.  8.760183E-16
686.  8.786506E-16
687.  8.813112E-16
688.  8.839872E-16
689.  8.866657E-16
690.  8.893343E-16
691.  8.919805E-16
692.  8.945915E-16
693.  8.971555E-16
694.  8.996606E-16
695.  9.020947E-16
696.  9.044466E-16
697.  9.067049E-16
698.  9.088589E-16
699.  9.108973E-16
700.  9.128099E-16
701.  9.145869E-16
702.  9.162182E-16
703.  9.176943E-16
704.  9.190066E-16
705.  9.201459E-16
706.  9.211038E-16
707.  9.218728E-16
708.  9.224450E-16
709.  9.228136E-16
710.  9.229719E-16
711.  9.229131E-16
712.  9.226325E-16
713.  9.221241E-16
714.  9.213830E-16
715.  9.204053E-16
716.  9.191872E-16
717.  9.177252E-16
718.  9.160166E-16
719.  9.140593E-16
720.  9.118515E-16
721.  9.093921E-16
722.  9.066808E-16
723.  9.037170E-16
724.  9.005018E-16
725.  8.970361E-16
726.  8.933212E-16
727.  8.893602E-16
728.  8.851551E-16
729.  8.807097E-16
730.  8.760280E-16
731.  8.711141E-16
732.  8.659735E-16
733.  8.606114E-16
734.  8.550341E-16
735.  8.492483E-16
736.  8.432609E-16
737.  8.370797E-16
738.  8.307127E-16
739.  8.241686E-16
740.  8.174563E-16
741.  8.105851E-16
742.  8.035651E-16
743.  7.964062E-16
744.  7.891190E-16
745.  7.817144E-16
746.  7.742034E-16
747.  7.665974E-16
748.  7.589081E-16
749.  7.511471E-16
750.  7.433266E-16
751.  7.354583E-16
752.  7.275548E-16
753.  7.196281E-16
754.  7.116906E-16
755.  7.037543E-16
756.  6.958314E-16
757.  6.879343E-16
758.  6.800746E-16
759.  6.722646E-16
760.  6.645156E-16
761.  6.568390E-16
762.  6.492461E-16
763.  6.417481E-16
764.  6.343549E-16
765.  6.270771E-16
766.  6.199248E-16
767.  6.129071E-16
768.  6.060333E-16
769.  5.993117E-16
770.  5.927507E-16
771.  5.863578E-16
772.  5.801404E-16
773.  5.741048E-16
774.  5.682576E-16
775.  5.626040E-16
776.  5.571493E-16
777.  5.518978E-16
778.  5.468537E-16
779.  5.420204E-16
780.  5.374007E-16
781.  5.329972E-16
782.  5.288113E-16
783.  5.248447E-16
784.  5.210980E-16
785.  5.175716E-16
786.  5.142654E-16
787.  5.111786E-16
788.  5.083103E-16
789.  5.056589E-16
790.  5.032225E-16
791.  5.009989E-16
792.  4.989855E-16
793.  4.971793E-16
794.  4.955771E-16
795.  4.941754E-16
796.  4.929703E-16
797.  4.919581E-16
798.  4.911346E-16
799.  4.904952E-16
800.  4.900358E-16
801.  4.897518E-16
802.  4.896385E-16
803.  4.896913E-16
804.  4.899056E-16
805.  4.902770E-16
806.  4.908003E-16
807.  4.914716E-16
808.  4.922861E-16
809.  4.932395E-16
810.  4.943276E-16
811.  4.955465E-16
812.  4.968920E-16
813.  4.983608E-16
814.  4.999489E-16
815.  5.016533E-16
816.  5.034709E-16
817.  5.053987E-16
818.  5.074343E-16
819.  5.095751E-16
820.  5.118192E-16
821.  5.141646E-16
822.  5.166094E-16
823.  5.191526E-16
824.  5.217928E-16
825.  5.245293E-16
826.  5.273613E-16
827.  5.302882E-16
828.  5.333098E-16
829.  5.364262E-16
830.  5.396376E-16
831.  5.429440E-16
832.  5.463461E-16
833.  5.498444E-16
834.  5.534396E-16
835.  5.571329E-16
836.  5.609247E-16
837.  5.648164E-16
838.  5.688091E-16
839.  5.729035E-16
840.  5.771012E-16
841.  5.814031E-16
842.  5.858104E-16
843.  5.903240E-16
844.  5.949450E-16
845.  5.996744E-16
846.  6.045131E-16
847.  6.094616E-16
848.  6.145206E-16
849.  6.196906E-16
850.  6.249718E-16
851.  6.303645E-16
852.  6.358684E-16
853.  6.414835E-16
854.  6.472090E-16
855.  6.530446E-16
856.  6.589892E-16
857.  6.650416E-16
858.  6.712007E-16
859.  6.774644E-16
860.  6.838312E-16
861.  6.902989E-16
862.  6.968653E-16
863.  7.035274E-16
864.  7.102825E-16
865.  7.171274E-16
866.  7.240587E-16
867.  7.310729E-16
868.  7.381659E-16
869.  7.453338E-16
870.  7.525720E-16
871.  7.598760E-16
872.  7.672411E-16
873.  7.746621E-16
874.  7.821338E-16
875.  7.896509E-16
876.  7.972074E-16
877.  8.047980E-16
878.  8.124165E-16
879.  8.200565E-16
880.  8.277121E-16
881.  8.353766E-16
882.  8.430437E-16
883.  8.507065E-16
884.  8.583582E-16
885.  8.659921E-16
886.  8.736009E-16
887.  8.811777E-16
888.  8.887154E-16
889.  8.962066E-16
890.  9.036442E-16
891.  9.110212E-16
892.  9.183297E-16
893.  9.255626E-16
894.  9.327127E-16
895.  9.397723E-16
896.  9.467344E-16
897.  9.535914E-16
898.  9.603361E-16
899.  9.669614E-16
900.  9.734596E-16
901.  9.798242E-16
902.  9.860478E-16
903.  9.921231E-16
904.  9.980437E-16
905.  1.003802E-15
906.  1.009392E-15
907.  1.014808E-15
908.  1.020041E-15
909.  1.025087E-15
910.  1.029939E-15
911.  1.034590E-15
912.  1.039036E-15
913.  1.043270E-15
914.  1.047288E-15
915.  1.051083E-15
916.  1.054651E-15
917.  1.057988E-15
918.  1.061088E-15
919.  1.063947E-15
920.  1.066562E-15
921.  1.068928E-15
922.  1.071043E-15
923.  1.072903E-15
924.  1.074505E-15
925.  1.075847E-15
926.  1.076927E-15
927.  1.077743E-15
928.  1.078294E-15
929.  1.078579E-15
930.  1.078597E-15
931.  1.078347E-15
932.  1.077831E-15
933.  1.077048E-15
934.  1.075999E-15
935.  1.074687E-15
936.  1.073112E-15
937.  1.071277E-15
938.  1.069185E-15
939.  1.066838E-15
940.  1.064241E-15
941.  1.061398E-15
942.  1.058312E-15
943.  1.054988E-15
944.  1.051433E-15
945.  1.047651E-15
946.  1.043650E-15
947.  1.039435E-15
948.  1.035013E-15
949.  1.030393E-15
950.  1.025582E-15
951.  1.020588E-15
952.  1.015420E-15
953.  1.010087E-15
954.  1.004598E-15
955.  9.989638E-16
956.  9.931934E-16
957.  9.872977E-16
958.  9.812875E-16
959.  9.751736E-16
960.  9.689672E-16
961.  9.626803E-16
962.  9.563241E-16
963.  9.499108E-16
964.  9.434523E-16
965.  9.369610E-16
966.  9.304492E-16
967.  9.239294E-16
968.  9.174140E-16
969.  9.109155E-16
970.  9.044467E-16
971.  8.980199E-16
972.  8.916477E-16
973.  8.853422E-16
974.  8.791157E-16
975.  8.729803E-16
976.  8.669479E-16
977.  8.610298E-16
978.  8.552378E-16
979.  8.495825E-16
980.  8.440747E-16
981.  8.387248E-16
982.  8.335424E-16
983.  8.285371E-16
984.  8.237179E-16
985.  8.190932E-16
986.  8.146706E-16
987.  8.104575E-16
988.  8.064607E-16
989.  8.026860E-16
990.  7.991388E-16
991.  7.958239E-16
992.  7.927450E-16
993.  7.899052E-16
994.  7.873073E-16
995.  7.849524E-16
996.  7.828419E-16
997.  7.809754E-16
998.  7.793523E-16
999.  7.779710E-16
1000.  7.768291E-16
1001.  7.759233E-16
1002.  7.752496E-16
1003.  7.748031E-16
1004.  7.745784E-16
1005.  7.745686E-16
1006.  7.747672E-16
1007.  7.751655E-16
1008.  7.757553E-16
1009.  7.765275E-16
1010.  7.774717E-16
1011.  7.785774E-16
1012.  7.798337E-16
1013.  7.812289E-16
1014.  7.827507E-16
1015.  7.843863E-16
1016.  7.861231E-16
1017.  7.879476E-16
1018.  7.898463E-16
1019.  7.918053E-16
1020.  7.938107E-16
1021.  7.958487E-16
1022.  7.979048E-16
1023.  7.999652E-16
1024.  8.020159E-16
1025.  8.040431E-16
1026.  8.060335E-16
1027.  8.079733E-16
1028.  8.098502E-16
1029.  8.116513E-16
1030.  8.133649E-16
1031.  8.149792E-16
1032.  8.164836E-16
1033.  8.178679E-16
1034.  8.191223E-16
1035.  8.202385E-16
1036.  8.212082E-16
1037.  8.220244E-16
1038.  8.226810E-16
1039.  8.231725E-16
1040.  8.234949E-16
1041.  8.236442E-16
1042.  8.236187E-16
1043.  8.234170E-16
1044.  8.230383E-16
1045.  8.224838E-16
1046.  8.217550E-16
1047.  8.208550E-16
1048.  8.197870E-16
1049.  8.185567E-16
1050.  8.171693E-16
1051.  8.156318E-16
1052.  8.139520E-16
1053.  8.121385E-16
1054.  8.102011E-16
1055.  8.081500E-16
1056.  8.059964E-16
1057.  8.037524E-16
1058.  8.014304E-16
1059.  7.990434E-16
1060.  7.966061E-16
1061.  7.941319E-16
1062.  7.916361E-16
1063.  7.891338E-16
1064.  7.866403E-16
1065.  7.841711E-16
1066.  7.817424E-16
1067.  7.793701E-16
1068.  7.770698E-16
1069.  7.748577E-16
1070.  7.727496E-16
1071.  7.707605E-16
1072.  7.689060E-16
1073.  7.672013E-16
1074.  7.656605E-16
1075.  7.642977E-16
1076.  7.631263E-16
1077.  7.621593E-16
1078.  7.614087E-16
1079.  7.608860E-16
1080.  7.606019E-16
1081.  7.605663E-16
1082.  7.607883E-16
1083.  7.612758E-16
1084.  7.620360E-16
1085.  7.630753E-16
1086.  7.643988E-16
1087.  7.660109E-16
1088.  7.679145E-16
1089.  7.701121E-16
1090.  7.726045E-16
1091.  7.753922E-16
1092.  7.784742E-16
1093.  7.818485E-16
1094.  7.855124E-16
1095.  7.894617E-16
1096.  7.936919E-16
1097.  7.981970E-16
1098.  8.029707E-16
1099.  8.080055E-16
1100.  8.132930E-16
1101.  8.188244E-16
1102.  8.245899E-16
1103.  8.305790E-16
1104.  8.367812E-16
1105.  8.431846E-16
1106.  8.497775E-16
1107.  8.565476E-16
1108.  8.634821E-16
1109.  8.705682E-16
1110.  8.777925E-16
1111.  8.851419E-16
1112.  8.926029E-16
1113.  9.001621E-16
1114.  9.078063E-16
1115.  9.155221E-16
1116.  9.232963E-16
1117.  9.311162E-16
1118.  9.389696E-16
1119.  9.468440E-16
1120.  9.547276E-16
1121.  9.626092E-16
1122.  9.704780E-16
1123.  9.783239E-16
1124.  9.861369E-16
1125.  9.939087E-16
1126.  1.001630E-15
1127.  1.009294E-15
1128.  1.016893E-15
1129.  1.024422E-15
1130.  1.031874E-15
1131.  1.039245E-15
1132.  1.046532E-15
1133.  1.053730E-15
1134.  1.060838E-15
1135.  1.067853E-15
1136.  1.074776E-15
1137.  1.081606E-15
1138.  1.088343E-15
1139.  1.094989E-15
1140.  1.101545E-15
1141.  1.108013E-15
1142.  1.114398E-15
1143.  1.120703E-15
1144.  1.126932E-15
1145.  1.133089E-15
1146.  1.139179E-15
1147.  1.145209E-15
1148.  1.151183E-15
1149.  1.157107E-15
1150.  1.162989E-15
1151.  1.168833E-15
1152.  1.174648E-15
1153.  1.180438E-15
1154.  1.186212E-15
1155.  1.191974E-15
1156.  1.197733E-15
1157.  1.203493E-15
1158.  1.209261E-15
1159.  1.215043E-15
1160.  1.220844E-15
1161.  1.226671E-15
1162.  1.232526E-15
1163.  1.238414E-15
1164.  1.244341E-15
1165.  1.250309E-15
1166.  1.256320E-15
1167.  1.262378E-15
1168.  1.268484E-15
1169.  1.274639E-15
1170.  1.280844E-15
1171.  1.287099E-15
1172.  1.293403E-15
1173.  1.299755E-15
1174.  1.306153E-15
1175.  1.312595E-15
1176.  1.319076E-15
1177.  1.325594E-15
1178.  1.332144E-15
1179.  1.338721E-15
1180.  1.345319E-15
1181.  1.351932E-15
1182.  1.358554E-15
1183.  1.365176E-15
1184.  1.371791E-15
1185.  1.378392E-15
1186.  1.384968E-15
1187.  1.391512E-15
1188.  1.398013E-15
1189.  1.404463E-15
1190.  1.410850E-15
1191.  1.417165E-15
1192.  1.423397E-15
1193.  1.429535E-15
1194.  1.435568E-15
1195.  1.441486E-15
1196.  1.447278E-15
1197.  1.452933E-15
1198.  1.458439E-15
1199.  1.463786E-15
1200.  1.468964E-15
1201.  1.473961E-15
1202.  1.478767E-15
1203.  1.483372E-15
1204.  1.487767E-15
1205.  1.491941E-15
1206.  1.495885E-15
1207.  1.499591E-15
1208.  1.503050E-15
1209.  1.506254E-15
1210.  1.509196E-15
1211.  1.511867E-15
1212.  1.514263E-15
1213.  1.516376E-15
1214.  1.518202E-15
1215.  1.519735E-15
1216.  1.520970E-15
1217.  1.521905E-15
1218.  1.522536E-15
1219.  1.522861E-15
1220.  1.522877E-15
1221.  1.522583E-15
1222.  1.521980E-15
1223.  1.521066E-15
1224.  1.519843E-15
1225.  1.518311E-15
1226.  1.516474E-15
1227.  1.514333E-15
1228.  1.511892E-15
1229.  1.509154E-15
1230.  1.506125E-15
1231.  1.502809E-15
1232.  1.499212E-15
1233.  1.495340E-15
1234.  1.491201E-15
1235.  1.486801E-15
1236.  1.482149E-15
1237.  1.477253E-15
1238.  1.472122E-15
1239.  1.466766E-15
1240.  1.461194E-15
1241.  1.455418E-15
1242.  1.449447E-15
1243.  1.443293E-15
1244.  1.436968E-15
1245.  1.430483E-15
1246.  1.423852E-15
1247.  1.417085E-15
1248.  1.410196E-15
1249.  1.403199E-15
1250.  1.396105E-15
1251.  1.388930E-15
1252.  1.381685E-15
1253.  1.374385E-15
1254.  1.367044E-15
1255.  1.359675E-15
1256.  1.352292E-15
1257.  1.344909E-15
1258.  1.337539E-15
1259.  1.330197E-15
1260.  1.322896E-15
1261.  1.315649E-15
1262.  1.308470E-15
1263.  1.301371E-15
1264.  1.294365E-15
1265.  1.287467E-15
1266.  1.280686E-15
1267.  1.274036E-15
1268.  1.267528E-15
1269.  1.261173E-15
1270.  1.254983E-15
1271.  1.248968E-15
1272.  1.243138E-15
1273.  1.237502E-15
1274.  1.232069E-15
1275.  1.226849E-15
1276.  1.221849E-15
1277.  1.217077E-15
1278.  1.212540E-15
1279.  1.208244E-15
1280.  1.204195E-15
1281.  1.200398E-15
1282.  1.196858E-15
1283.  1.193578E-15
1284.  1.190562E-15
1285.  1.187813E-15
1286.  1.185333E-15
1287.  1.183123E-15
1288.  1.181184E-15
1289.  1.179517E-15
1290.  1.178119E-15
1291.  1.176992E-15
1292.  1.176132E-15
1293.  1.175538E-15
1294.  1.175205E-15
1295.  1.175132E-15
1296.  1.175314E-15
1297.  1.175746E-15
1298.  1.176422E-15
1299.  1.177338E-15
1300.  1.178487E-15
1301.  1.179862E-15
1302.  1.181455E-15
1303.  1.183260E-15
1304.  1.185268E-15
1305.  1.187471E-15
1306.  1.189860E-15
1307.  1.192425E-15
1308.  1.195158E-15
1309.  1.198048E-15
1310.  1.201086E-15
1311.  1.204261E-15
1312.  1.207562E-15
1313.  1.210980E-15
1314.  1.214503E-15
1315.  1.218121E-15
1316.  1.221823E-15
1317.  1.225597E-15
1318.  1.229433E-15
1319.  1.233319E-15
1320.  1.237246E-15
1321.  1.241201E-15
1322.  1.245174E-15
1323.  1.249154E-15
1324.  1.253131E-15
1325.  1.257095E-15
1326.  1.261035E-15
1327.  1.264940E-15
1328.  1.268803E-15
1329.  1.272612E-15
1330.  1.276358E-15
1331.  1.280034E-15
1332.  1.283630E-15
1333.  1.287137E-15
1334.  1.290549E-15
1335.  1.293857E-15
1336.  1.297055E-15
1337.  1.300134E-15
1338.  1.303091E-15
1339.  1.305917E-15
1340.  1.308609E-15
1341.  1.311160E-15
1342.  1.313567E-15
1343.  1.315825E-15
1344.  1.317931E-15
1345.  1.319881E-15
1346.  1.321672E-15
1347.  1.323304E-15
1348.  1.324773E-15
1349.  1.326079E-15
1350.  1.327222E-15
1351.  1.328200E-15
1352.  1.329015E-15
1353.  1.329666E-15
1354.  1.330157E-15
1355.  1.330487E-15
1356.  1.330661E-15
1357.  1.330679E-15
1358.  1.330546E-15
1359.  1.330266E-15
1360.  1.329841E-15
1361.  1.329278E-15
1362.  1.328581E-15
1363.  1.327756E-15
1364.  1.326808E-15
1365.  1.325744E-15
1366.  1.324570E-15
1367.  1.323294E-15
1368.  1.321922E-15
1369.  1.320462E-15
1370.  1.318922E-15
1371.  1.317311E-15
1372.  1.315636E-15
1373.  1.313907E-15
1374.  1.312132E-15
1375.  1.310321E-15
1376.  1.308482E-15
1377.  1.306624E-15
1378.  1.304758E-15
1379.  1.302893E-15
1380.  1.301038E-15
1381.  1.299203E-15
1382.  1.297397E-15
1383.  1.295630E-15
1384.  1.293911E-15
1385.  1.292250E-15
1386.  1.290656E-15
1387.  1.289138E-15
1388.  1.287704E-15
1389.  1.286365E-15
1390.  1.285127E-15
1391.  1.284000E-15
1392.  1.282992E-15
1393.  1.282110E-15
1394.  1.281362E-15
1395.  1.280754E-15
1396.  1.280295E-15
1397.  1.279991E-15
1398.  1.279846E-15
1399.  1.279869E-15
1400.  1.280063E-15
1401.  1.280435E-15
1402.  1.280988E-15
1403.  1.281728E-15
1404.  1.282657E-15
1405.  1.283780E-15
1406.  1.285101E-15
1407.  1.286621E-15
1408.  1.288344E-15
1409.  1.290271E-15
1410.  1.292404E-15
1411.  1.294746E-15
1412.  1.297296E-15
1413.  1.300056E-15
1414.  1.303026E-15
1415.  1.306206E-15
1416.  1.309596E-15
1417.  1.313197E-15
1418.  1.317006E-15
1419.  1.321024E-15
1420.  1.325249E-15
1421.  1.329680E-15
1422.  1.334316E-15
1423.  1.339154E-15
1424.  1.344193E-15
1425.  1.349431E-15
1426.  1.354866E-15
1427.  1.360495E-15
1428.  1.366317E-15
1429.  1.372328E-15
1430.  1.378527E-15
1431.  1.384910E-15
1432.  1.391474E-15
1433.  1.398217E-15
1434.  1.405137E-15
1435.  1.412229E-15
1436.  1.419492E-15
1437.  1.426921E-15
1438.  1.434514E-15
1439.  1.442268E-15
1440.  1.450180E-15
1441.  1.458245E-15
1442.  1.466461E-15
1443.  1.474825E-15
1444.  1.483332E-15
1445.  1.491980E-15
1446.  1.500764E-15
1447.  1.509681E-15
1448.  1.518726E-15
1449.  1.527897E-15
1450.  1.537189E-15
1451.  1.546597E-15
1452.  1.556117E-15
1453.  1.565745E-15
1454.  1.575476E-15
1455.  1.585305E-15
1456.  1.595228E-15
1457.  1.605238E-15
1458.  1.615331E-15
1459.  1.625502E-15
1460.  1.635744E-15
1461.  1.646051E-15
1462.  1.656419E-15
1463.  1.666840E-15
1464.  1.677308E-15
1465.  1.687816E-15
1466.  1.698358E-15
1467.  1.708926E-15
1468.  1.719514E-15
1469.  1.730114E-15
1470.  1.740720E-15
1471.  1.751322E-15
1472.  1.761915E-15
1473.  1.772489E-15
1474.  1.783037E-15
1475.  1.793552E-15
1476.  1.804024E-15
1477.  1.814447E-15
1478.  1.824813E-15
1479.  1.835111E-15
1480.  1.845337E-15
1481.  1.855480E-15
1482.  1.865534E-15
1483.  1.875490E-15
1484.  1.885341E-15
1485.  1.895079E-15
1486.  1.904698E-15
1487.  1.914188E-15
1488.  1.923545E-15
1489.  1.932761E-15
1490.  1.941829E-15
1491.  1.950744E-15
1492.  1.959499E-15
1493.  1.968089E-15
1494.  1.976509E-15
1495.  1.984753E-15
1496.  1.992817E-15
1497.  2.000696E-15
1498.  2.008388E-15
1499.  2.015888E-15
1500.  2.023194E-15
1501.  2.030302E-15
1502.  2.037211E-15
1503.  2.043918E-15
1504.  2.050422E-15
1505.  2.056723E-15
1506.  2.062818E-15
1507.  2.068709E-15
1508.  2.074395E-15
1509.  2.079877E-15
1510.  2.085155E-15
1511.  2.090230E-15
1512.  2.095105E-15
1513.  2.099780E-15
1514.  2.104259E-15
1515.  2.108542E-15
1516.  2.112634E-15
1517.  2.116537E-15
1518.  2.120253E-15
1519.  2.123785E-15
1520.  2.127139E-15
1521.  2.130315E-15
1522.  2.133320E-15
1523.  2.136155E-15
1524.  2.138824E-15
1525.  2.141332E-15
1526.  2.143682E-15
1527.  2.145878E-15
1528.  2.147924E-15
1529.  2.149822E-15
1530.  2.151576E-15
1531.  2.153191E-15
1532.  2.154668E-15
1533.  2.156012E-15
1534.  2.157225E-15
1535.  2.158310E-15
1536.  2.159269E-15
1537.  2.160105E-15
1538.  2.160819E-15
1539.  2.161415E-15
1540.  2.161892E-15
1541.  2.162253E-15
1542.  2.162499E-15
1543.  2.162631E-15
1544.  2.162649E-15
1545.  2.162553E-15
1546.  2.162346E-15
1547.  2.162024E-15
1548.  2.161590E-15
1549.  2.161042E-15
1550.  2.160379E-15
1551.  2.159600E-15
1552.  2.158706E-15
1553.  2.157694E-15
1554.  2.156563E-15
1555.  2.155312E-15
1556.  2.153938E-15
1557.  2.152442E-15
1558.  2.150820E-15
1559.  2.149072E-15
1560.  2.147195E-15
1561.  2.145188E-15
1562.  2.143049E-15
1563.  2.140776E-15
1564.  2.138369E-15
1565.  2.135825E-15
1566.  2.133144E-15
1567.  2.130324E-15
1568.  2.127365E-15
1569.  2.124266E-15
1570.  2.121026E-15
1571.  2.117645E-15
1572.  2.114124E-15
1573.  2.110461E-15
1574.  2.106659E-15
1575.  2.102718E-15
1576.  2.098639E-15
1577.  2.094424E-15
1578.  2.090075E-15
1579.  2.085593E-15
1580.  2.080982E-15
1581.  2.076245E-15
1582.  2.071384E-15
1583.  2.066404E-15
1584.  2.061308E-15
1585.  2.056101E-15
1586.  2.050787E-15
1587.  2.045371E-15
1588.  2.039858E-15
1589.  2.034255E-15
1590.  2.028566E-15
1591.  2.022798E-15
1592.  2.016956E-15
1593.  2.011047E-15
1594.  2.005079E-15
1595.  1.999056E-15
1596.  1.992986E-15
1597.  1.986877E-15
1598.  1.980734E-15
1599.  1.974564E-15
1600.  1.968375E-15
1601.  1.962173E-15
1602.  1.955964E-15
1603.  1.949756E-15
1604.  1.943553E-15
1605.  1.937363E-15
1606.  1.931192E-15
1607.  1.925044E-15
1608.  1.918925E-15
1609.  1.912840E-15
1610.  1.906793E-15
1611.  1.900788E-15
1612.  1.894830E-15
1613.  1.888920E-15
1614.  1.883062E-15
1615.  1.877258E-15
1616.  1.871510E-15
1617.  1.865818E-15
1618.  1.860184E-15
1619.  1.854606E-15
1620.  1.849086E-15
1621.  1.843621E-15
1622.  1.838211E-15
1623.  1.832851E-15
1624.  1.827541E-15
1625.  1.822276E-15
1626.  1.817053E-15
1627.  1.811867E-15
1628.  1.806714E-15
1629.  1.801587E-15
1630.  1.796482E-15
1631.  1.791391E-15
1632.  1.786308E-15
1633.  1.781227E-15
1634.  1.776139E-15
1635.  1.771037E-15
1636.  1.765912E-15
1637.  1.760757E-15
1638.  1.755564E-15
1639.  1.750322E-15
1640.  1.745025E-15
1641.  1.739662E-15
1642.  1.734225E-15
1643.  1.728705E-15
1644.  1.723092E-15
1645.  1.717380E-15
1646.  1.711557E-15
1647.  1.705616E-15
1648.  1.699547E-15
1649.  1.693344E-15
1650.  1.686998E-15
1651.  1.680500E-15
1652.  1.673845E-15
1653.  1.667023E-15
1654.  1.660029E-15
1655.  1.652855E-15
1656.  1.645497E-15
1657.  1.637947E-15
1658.  1.630202E-15
1659.  1.622255E-15
1660.  1.614103E-15
1661.  1.605742E-15
1662.  1.597168E-15
1663.  1.588378E-15
1664.  1.579370E-15
1665.  1.570143E-15
1666.  1.560694E-15
1667.  1.551022E-15
1668.  1.541128E-15
1669.  1.531011E-15
1670.  1.520671E-15
1671.  1.510110E-15
1672.  1.499330E-15
1673.  1.488333E-15
1674.  1.477120E-15
1675.  1.465695E-15
1676.  1.454062E-15
1677.  1.442223E-15
1678.  1.430185E-15
1679.  1.417951E-15
1680.  1.405526E-15
1681.  1.392917E-15
1682.  1.380129E-15
1683.  1.367169E-15
1684.  1.354043E-15
1685.  1.340758E-15
1686.  1.327323E-15
1687.  1.313744E-15
1688.  1.300030E-15
1689.  1.286189E-15
1690.  1.272231E-15
1691.  1.258163E-15
1692.  1.243995E-15
1693.  1.229737E-15
1694.  1.215397E-15
1695.  1.200987E-15
1696.  1.186516E-15
1697.  1.171994E-15
1698.  1.157432E-15
1699.  1.142840E-15
1700.  1.128228E-15
1701.  1.113608E-15
1702.  1.098989E-15
1703.  1.084384E-15
1704.  1.069801E-15
1705.  1.055253E-15
1706.  1.040749E-15
1707.  1.026301E-15
1708.  1.011919E-15
1709.  9.976135E-16
1710.  9.833948E-16
1711.  9.692731E-16
1712.  9.552585E-16
1713.  9.413607E-16
1714.  9.275892E-16
1715.  9.139534E-16
1716.  9.004622E-16
1717.  8.871245E-16
1718.  8.739487E-16
1719.  8.609428E-16
1720.  8.481142E-16
1721.  8.354707E-16
1722.  8.230189E-16
1723.  8.107654E-16
1724.  7.987159E-16
1725.  7.868762E-16
1726.  7.752514E-16
1727.  7.638459E-16
1728.  7.526638E-16
1729.  7.417088E-16
1730.  7.309838E-16
1731.  7.204913E-16
1732.  7.102333E-16
1733.  7.002114E-16
1734.  6.904263E-16
1735.  6.808783E-16
1736.  6.715676E-16
1737.  6.624933E-16
1738.  6.536541E-16
1739.  6.450485E-16
1740.  6.366743E-16
1741.  6.285288E-16
1742.  6.206088E-16
1743.  6.129108E-16
1744.  6.054309E-16
1745.  5.981646E-16
1746.  5.911073E-16
1747.  5.842536E-16
1748.  5.775982E-16
1749.  5.711353E-16
1750.  5.648590E-16
1751.  5.587629E-16
1752.  5.528405E-16
1753.  5.470853E-16
1754.  5.414903E-16
1755.  5.360487E-16
1756.  5.307534E-16
1757.  5.255973E-16
1758.  5.205734E-16
1759.  5.156746E-16
1760.  5.108939E-16
1761.  5.062242E-16
1762.  5.016586E-16
1763.  4.971903E-16
1764.  4.928130E-16
1765.  4.885200E-16
1766.  4.843052E-16
1767.  4.801628E-16
1768.  4.760867E-16
1769.  4.720717E-16
1770.  4.681127E-16
1771.  4.642048E-16
1772.  4.603435E-16
1773.  4.565247E-16
1774.  4.527444E-16
1775.  4.489995E-16
1776.  4.452866E-16
1777.  4.416032E-16
1778.  4.379471E-16
1779.  4.343158E-16
1780.  4.307083E-16
1781.  4.271233E-16
1782.  4.235599E-16
1783.  4.200176E-16
1784.  4.164965E-16
1785.  4.129966E-16
1786.  4.095188E-16
1787.  4.060638E-16
1788.  4.026327E-16
1789.  3.992274E-16
1790.  3.958494E-16
1791.  3.925008E-16
1792.  3.891839E-16
1793.  3.859010E-16
1794.  3.826552E-16
1795.  3.794489E-16
1796.  3.762855E-16
1797.  3.731679E-16
1798.  3.700994E-16
1799.  3.670834E-16
1800.  3.641231E-16
1801.  3.612220E-16
1802.  3.583838E-16
1803.  3.556116E-16
1804.  3.529091E-16
1805.  3.502793E-16
1806.  3.477259E-16
1807.  3.452518E-16
1808.  3.428602E-16
1809.  3.405542E-16
1810.  3.383366E-16
1811.  3.362102E-16
1812.  3.341773E-16
1813.  3.322404E-16
1814.  3.304016E-16
1815.  3.286630E-16
1816.  3.270263E-16
1817.  3.254931E-16
1818.  3.240643E-16
1819.  3.227416E-16
1820.  3.215256E-16
1821.  3.204169E-16
1822.  3.194159E-16
1823.  3.185226E-16
1824.  3.177372E-16
1825.  3.170593E-16
1826.  3.164881E-16
1827.  3.160231E-16
1828.  3.156631E-16
1829.  3.154072E-16
1830.  3.152535E-16
1831.  3.152007E-16
1832.  3.152469E-16
1833.  3.153899E-16
1834.  3.156278E-16
1835.  3.159580E-16
1836.  3.163779E-16
1837.  3.168852E-16
1838.  3.174768E-16
1839.  3.181498E-16
1840.  3.189013E-16
1841.  3.197280E-16
1842.  3.206267E-16
1843.  3.215942E-16
1844.  3.226270E-16
1845.  3.237218E-16
1846.  3.248750E-16
1847.  3.260831E-16
1848.  3.273428E-16
1849.  3.286505E-16
1850.  3.300025E-16
1851.  3.313956E-16
1852.  3.328261E-16
1853.  3.342909E-16
1854.  3.357865E-16
1855.  3.373095E-16
1856.  3.388569E-16
1857.  3.404254E-16
1858.  3.420119E-16
1859.  3.436138E-16
1860.  3.452279E-16
1861.  3.468517E-16
1862.  3.484826E-16
1863.  3.501181E-16
1864.  3.517560E-16
1865.  3.533940E-16
1866.  3.550303E-16
1867.  3.566629E-16
1868.  3.582902E-16
1869.  3.599107E-16
1870.  3.615231E-16
1871.  3.631264E-16
1872.  3.647193E-16
1873.  3.663014E-16
1874.  3.678719E-16
1875.  3.694305E-16
1876.  3.709770E-16
1877.  3.725114E-16
1878.  3.740339E-16
1879.  3.755451E-16
1880.  3.770453E-16
1881.  3.785355E-16
1882.  3.800167E-16
1883.  3.814899E-16
1884.  3.829568E-16
1885.  3.844187E-16
1886.  3.858775E-16
1887.  3.873352E-16
1888.  3.887939E-16
1889.  3.902559E-16
1890.  3.917237E-16
1891.  3.931999E-16
1892.  3.946875E-16
1893.  3.961895E-16
1894.  3.977088E-16
1895.  3.992491E-16
1896.  4.008133E-16
1897.  4.024056E-16
1898.  4.040293E-16
1899.  4.056884E-16
1900.  4.073867E-16
1901.  4.091286E-16
1902.  4.109180E-16
1903.  4.127591E-16
1904.  4.146566E-16
1905.  4.166146E-16
1906.  4.186378E-16
1907.  4.207307E-16
1908.  4.228979E-16
1909.  4.251444E-16
1910.  4.274743E-16
1911.  4.298929E-16
1912.  4.324046E-16
1913.  4.350144E-16
1914.  4.377271E-16
1915.  4.405475E-16
1916.  4.434800E-16
1917.  4.465300E-16
1918.  4.497018E-16
1919.  4.530001E-16
1920.  4.564297E-16
1921.  4.599950E-16
1922.  4.637007E-16
1923.  4.675512E-16
1924.  4.715509E-16
1925.  4.757041E-16
1926.  4.800147E-16
1927.  4.844873E-16
1928.  4.891254E-16
1929.  4.939331E-16
1930.  4.989141E-16
1931.  5.040718E-16
1932.  5.094096E-16
1933.  5.149308E-16
1934.  5.206388E-16
1935.  5.265359E-16
1936.  5.326251E-16
1937.  5.389088E-16
1938.  5.453892E-16
1939.  5.520685E-16
1940.  5.589484E-16
1941.  5.660303E-16
1942.  5.733156E-16
1943.  5.808054E-16
1944.  5.885001E-16
1945.  5.964003E-16
1946.  6.045061E-16
1947.  6.128171E-16
1948.  6.213329E-16
1949.  6.300524E-16
1950.  6.389742E-16
1951.  6.480968E-16
1952.  6.574182E-16
1953.  6.669356E-16
1954.  6.766463E-16
1955.  6.865468E-16
1956.  6.966336E-16
1957.  7.069021E-16
1958.  7.173476E-16
1959.  7.279653E-16
1960.  7.387490E-16
1961.  7.496931E-16
1962.  7.607906E-16
1963.  7.720343E-16
1964.  7.834167E-16
1965.  7.949295E-16
1966.  8.065643E-16
1967.  8.183113E-16
1968.  8.301613E-16
1969.  8.421039E-16
1970.  8.541284E-16
1971.  8.662236E-16
1972.  8.783777E-16
1973.  8.905787E-16
1974.  9.028139E-16
1975.  9.150700E-16
1976.  9.273339E-16
1977.  9.395914E-16
1978.  9.518283E-16
1979.  9.640302E-16
1980.  9.761816E-16
1981.  9.882679E-16
1982.  1.000273E-15
1983.  1.012182E-15
1984.  1.023979E-15
1985.  1.035647E-15
1986.  1.047170E-15
1987.  1.058533E-15
1988.  1.069718E-15
1989.  1.080711E-15
1990.  1.091494E-15
1991.  1.102052E-15
1992.  1.112370E-15
1993.  1.122431E-15
1994.  1.132220E-15
1995.  1.141723E-15
1996.  1.150926E-15
1997.  1.159814E-15
1998.  1.168373E-15
1999.  1.176591E-15
2000.  1.184456E-15
2001.  1.191956E-15
2002.  1.199080E-15
2003.  1.205819E-15
2004.  1.212162E-15
2005.  1.218101E-15
2006.  1.223630E-15
2007.  1.228740E-15
2008.  1.233428E-15
2009.  1.237687E-15
2010.  1.241515E-15
2011.  1.244910E-15
2012.  1.247869E-15
2013.  1.250394E-15
2014.  1.252483E-15
2015.  1.254140E-15
2016.  1.255368E-15
2017.  1.256172E-15
2018.  1.256556E-15
2019.  1.256527E-15
2020.  1.256093E-15
2021.  1.255263E-15
2022.  1.254047E-15
2023.  1.252456E-15
2024.  1.250503E-15
2025.  1.248200E-15
2026.  1.245561E-15
2027.  1.242602E-15
2028.  1.239338E-15
2029.  1.235787E-15
2030.  1.231966E-15
2031.  1.227893E-15
2032.  1.223588E-15
2033.  1.219069E-15
2034.  1.214359E-15
2035.  1.209476E-15
2036.  1.204443E-15
2037.  1.199281E-15
2038.  1.194012E-15
2039.  1.188658E-15
2040.  1.183241E-15
2041.  1.177784E-15
2042.  1.172309E-15
2043.  1.166839E-15
2044.  1.161396E-15
2045.  1.156001E-15
2046.  1.150677E-15
2047.  1.145445E-15
2048.  1.140326E-15
2049.  1.135341E-15
2050.  1.130509E-15
2051.  1.125850E-15
2052.  1.121382E-15
2053.  1.117125E-15
2054.  1.113094E-15
2055.  1.109307E-15
2056.  1.105779E-15
2057.  1.102524E-15
2058.  1.099557E-15
2059.  1.096889E-15
2060.  1.094532E-15
2061.  1.092497E-15
2062.  1.090793E-15
2063.  1.089428E-15
2064.  1.088409E-15
2065.  1.087742E-15
2066.  1.087431E-15
2067.  1.087481E-15
2068.  1.087892E-15
2069.  1.088665E-15
2070.  1.089801E-15
2071.  1.091297E-15
2072.  1.093151E-15
2073.  1.095358E-15
2074.  1.097913E-15
2075.  1.100809E-15
2076.  1.104039E-15
2077.  1.107593E-15
2078.  1.111462E-15
2079.  1.115633E-15
2080.  1.120095E-15
2081.  1.124835E-15
2082.  1.129837E-15
2083.  1.135086E-15
2084.  1.140567E-15
2085.  1.146261E-15
2086.  1.152152E-15
2087.  1.158219E-15
2088.  1.164444E-15
2089.  1.170805E-15
2090.  1.177284E-15
2091.  1.183857E-15
2092.  1.190503E-15
2093.  1.197201E-15
2094.  1.203927E-15
2095.  1.210658E-15
2096.  1.217371E-15
2097.  1.224044E-15
2098.  1.230652E-15
2099.  1.237173E-15
2100.  1.243582E-15
2101.  1.249858E-15
2102.  1.255976E-15
2103.  1.261915E-15
2104.  1.267652E-15
2105.  1.273165E-15
2106.  1.278432E-15
2107.  1.283434E-15
2108.  1.288148E-15
2109.  1.292557E-15
2110.  1.296641E-15
2111.  1.300382E-15
2112.  1.303763E-15
2113.  1.306767E-15
2114.  1.309379E-15
2115.  1.311586E-15
2116.  1.313372E-15
2117.  1.314726E-15
2118.  1.315638E-15
2119.  1.316096E-15
2120.  1.316093E-15
2121.  1.315620E-15
2122.  1.314671E-15
2123.  1.313241E-15
2124.  1.311326E-15
2125.  1.308923E-15
2126.  1.306030E-15
2127.  1.302649E-15
2128.  1.298779E-15
2129.  1.294423E-15
2130.  1.289585E-15
2131.  1.284269E-15
2132.  1.278481E-15
2133.  1.272229E-15
2134.  1.265520E-15
2135.  1.258363E-15
2136.  1.250771E-15
2137.  1.242752E-15
2138.  1.234321E-15
2139.  1.225490E-15
2140.  1.216273E-15
2141.  1.206686E-15
2142.  1.196744E-15
2143.  1.186464E-15
2144.  1.175863E-15
2145.  1.164960E-15
2146.  1.153771E-15
2147.  1.142316E-15
2148.  1.130615E-15
2149.  1.118687E-15
2150.  1.106553E-15
2151.  1.094231E-15
2152.  1.081744E-15
2153.  1.069111E-15
2154.  1.056354E-15
2155.  1.043492E-15
2156.  1.030546E-15
2157.  1.017538E-15
2158.  1.004488E-15
2159.  9.914146E-16
2160.  9.783395E-16
2161.  9.652819E-16
2162.  9.522612E-16
2163.  9.392964E-16
2164.  9.264062E-16
2165.  9.136086E-16
2166.  9.009212E-16
2167.  8.883614E-16
2168.  8.759458E-16
2169.  8.636901E-16
2170.  8.516103E-16
2171.  8.397209E-16
2172.  8.280360E-16
2173.  8.165696E-16
2174.  8.053343E-16
2175.  7.943424E-16
2176.  7.836056E-16
2177.  7.731346E-16
2178.  7.629399E-16
2179.  7.530308E-16
2180.  7.434160E-16
2181.  7.341041E-16
2182.  7.251022E-16
2183.  7.164176E-16
2184.  7.080561E-16
2185.  7.000236E-16
2186.  6.923246E-16
2187.  6.849638E-16
2188.  6.779447E-16
2189.  6.712705E-16
2190.  6.649438E-16
2191.  6.589666E-16
2192.  6.533403E-16
2193.  6.480659E-16
2194.  6.431441E-16
2195.  6.385746E-16
2196.  6.343573E-16
2197.  6.304911E-16
2198.  6.269748E-16
2199.  6.238067E-16
2200.  6.209849E-16
2201.  6.185071E-16
2202.  6.163704E-16
2203.  6.145721E-16
2204.  6.131087E-16
2205.  6.119768E-16
2206.  6.111725E-16
2207.  6.106922E-16
2208.  6.105313E-16
2209.  6.106859E-16
2210.  6.111510E-16
2211.  6.119222E-16
2212.  6.129946E-16
2213.  6.143633E-16
2214.  6.160233E-16
2215.  6.179695E-16
2216.  6.201968E-16
2217.  6.226998E-16
2218.  6.254733E-16
2219.  6.285119E-16
2220.  6.318103E-16
2221.  6.353634E-16
2222.  6.391656E-16
2223.  6.432114E-16
2224.  6.474958E-16
2225.  6.520131E-16
2226.  6.567585E-16
2227.  6.617264E-16
2228.  6.669115E-16
2229.  6.723088E-16
2230.  6.779131E-16
2231.  6.837194E-16
2232.  6.897224E-16
2233.  6.959172E-16
2234.  7.022991E-16
2235.  7.088627E-16
2236.  7.156034E-16
2237.  7.225164E-16
2238.  7.295969E-16
2239.  7.368401E-16
2240.  7.442413E-16
2241.  7.517956E-16
2242.  7.594985E-16
2243.  7.673455E-16
2244.  7.753314E-16
2245.  7.834520E-16
2246.  7.917025E-16
2247.  8.000782E-16
2248.  8.085744E-16
2249.  8.171860E-16
2250.  8.259086E-16
2251.  8.347374E-16
2252.  8.436672E-16
2253.  8.526930E-16
2254.  8.618099E-16
2255.  8.710126E-16
2256.  8.802961E-16
2257.  8.896547E-16
2258.  8.990831E-16
2259.  9.085757E-16
2260.  9.181268E-16
2261.  9.277304E-16
2262.  9.373807E-16
2263.  9.470713E-16
2264.  9.567963E-16
2265.  9.665491E-16
2266.  9.763228E-16
2267.  9.861113E-16
2268.  9.959070E-16
2269.  1.005703E-15
2270.  1.015493E-15
2271.  1.025269E-15
2272.  1.035024E-15
2273.  1.044749E-15
2274.  1.054439E-15
2275.  1.064083E-15
2276.  1.073676E-15
2277.  1.083208E-15
2278.  1.092671E-15
2279.  1.102059E-15
2280.  1.111362E-15
2281.  1.120572E-15
2282.  1.129681E-15
2283.  1.138682E-15
2284.  1.147565E-15
2285.  1.156324E-15
2286.  1.164949E-15
2287.  1.173434E-15
2288.  1.181770E-15
2289.  1.189949E-15
2290.  1.197966E-15
2291.  1.205811E-15
2292.  1.213479E-15
2293.  1.220963E-15
2294.  1.228256E-15
2295.  1.235352E-15
2296.  1.242245E-15
2297.  1.248930E-15
2298.  1.255402E-15
2299.  1.261657E-15
2300.  1.267688E-15
2301.  1.273494E-15
2302.  1.279071E-15
2303.  1.284415E-15
2304.  1.289525E-15
2305.  1.294397E-15
2306.  1.299032E-15
2307.  1.303427E-15
2308.  1.307583E-15
2309.  1.311499E-15
2310.  1.315177E-15
2311.  1.318617E-15
2312.  1.321821E-15
2313.  1.324791E-15
2314.  1.327530E-15
2315.  1.330042E-15
2316.  1.332329E-15
2317.  1.334398E-15
2318.  1.336251E-15
2319.  1.337895E-15
2320.  1.339336E-15
2321.  1.340578E-15
2322.  1.341630E-15
2323.  1.342499E-15
2324.  1.343190E-15
2325.  1.343713E-15
2326.  1.344075E-15
2327.  1.344285E-15
2328.  1.344352E-15
2329.  1.344283E-15
2330.  1.344090E-15
2331.  1.343780E-15
2332.  1.343364E-15
2333.  1.342851E-15
2334.  1.342250E-15
2335.  1.341572E-15
2336.  1.340827E-15
2337.  1.340024E-15
2338.  1.339174E-15
2339.  1.338285E-15
2340.  1.337368E-15
2341.  1.336433E-15
2342.  1.335489E-15
2343.  1.334545E-15
2344.  1.333611E-15
2345.  1.332695E-15
2346.  1.331806E-15
2347.  1.330952E-15
2348.  1.330143E-15
2349.  1.329385E-15
2350.  1.328687E-15
2351.  1.328055E-15
2352.  1.327497E-15
2353.  1.327019E-15
2354.  1.326627E-15
2355.  1.326327E-15
2356.  1.326125E-15
2357.  1.326025E-15
2358.  1.326033E-15
2359.  1.326152E-15
2360.  1.326386E-15
2361.  1.326739E-15
2362.  1.327213E-15
2363.  1.327812E-15
2364.  1.328537E-15
2365.  1.329389E-15
2366.  1.330371E-15
2367.  1.331483E-15
2368.  1.332726E-15
2369.  1.334099E-15
2370.  1.335603E-15
2371.  1.337236E-15
2372.  1.338997E-15
2373.  1.340886E-15
2374.  1.342900E-15
2375.  1.345036E-15
2376.  1.347293E-15
2377.  1.349668E-15
2378.  1.352157E-15
2379.  1.354757E-15
2380.  1.357464E-15
2381.  1.360273E-15
2382.  1.363182E-15
2383.  1.366184E-15
2384.  1.369275E-15
2385.  1.372451E-15
2386.  1.375704E-15
2387.  1.379031E-15
2388.  1.382425E-15
2389.  1.385881E-15
2390.  1.389392E-15
2391.  1.392952E-15
2392.  1.396555E-15
2393.  1.400195E-15
2394.  1.403864E-15
2395.  1.407556E-15
2396.  1.411266E-15
2397.  1.414985E-15
2398.  1.418707E-15
2399.  1.422425E-15
2400.  1.426133E-15
2401.  1.429824E-15
2402.  1.433491E-15
2403.  1.437128E-15
2404.  1.440728E-15
2405.  1.444284E-15
2406.  1.447790E-15
2407.  1.451239E-15
2408.  1.454627E-15
2409.  1.457945E-15
2410.  1.461189E-15
2411.  1.464354E-15
2412.  1.467432E-15
2413.  1.470419E-15
2414.  1.473309E-15
2415.  1.476099E-15
2416.  1.478781E-15
2417.  1.481353E-15
2418.  1.483810E-15
2419.  1.486146E-15
2420.  1.488360E-15
2421.  1.490445E-15
2422.  1.492400E-15
2423.  1.494220E-15
2424.  1.495902E-15
2425.  1.497444E-15
2426.  1.498841E-15
2427.  1.500093E-15
2428.  1.501196E-15
2429.  1.502148E-15
2430.  1.502947E-15
2431.  1.503590E-15
2432.  1.504078E-15
2433.  1.504406E-15
2434.  1.504575E-15
2435.  1.504582E-15
2436.  1.504426E-15
2437.  1.504107E-15
2438.  1.503623E-15
2439.  1.502973E-15
2440.  1.502155E-15
2441.  1.501170E-15
2442.  1.500017E-15
2443.  1.498694E-15
2444.  1.497201E-15
2445.  1.495538E-15
2446.  1.493703E-15
2447.  1.491697E-15
2448.  1.489518E-15
2449.  1.487167E-15
2450.  1.484642E-15
2451.  1.481943E-15
2452.  1.479071E-15
2453.  1.476024E-15
2454.  1.472802E-15
2455.  1.469405E-15
2456.  1.465833E-15
2457.  1.462085E-15
2458.  1.458162E-15
2459.  1.454063E-15
2460.  1.449789E-15
2461.  1.445339E-15
2462.  1.440714E-15
2463.  1.435915E-15
2464.  1.430941E-15
2465.  1.425793E-15
2466.  1.420473E-15
2467.  1.414980E-15
2468.  1.409316E-15
2469.  1.403483E-15
2470.  1.397480E-15
2471.  1.391311E-15
2472.  1.384977E-15
2473.  1.378479E-15
2474.  1.371820E-15
2475.  1.365002E-15
2476.  1.358028E-15
2477.  1.350901E-15
2478.  1.343623E-15
2479.  1.336197E-15
2480.  1.328628E-15
2481.  1.320918E-15
2482.  1.313072E-15
2483.  1.305093E-15
2484.  1.296986E-15
2485.  1.288756E-15
2486.  1.280407E-15
2487.  1.271943E-15
2488.  1.263371E-15
2489.  1.254694E-15
2490.  1.245920E-15
2491.  1.237052E-15
2492.  1.228097E-15
2493.  1.219061E-15
2494.  1.209950E-15
2495.  1.200769E-15
2496.  1.191526E-15
2497.  1.182225E-15
2498.  1.172875E-15
2499.  1.163481E-15
2500.  1.154049E-15
2501.  1.144587E-15
2502.  1.135100E-15
2503.  1.125596E-15
2504.  1.116081E-15
2505.  1.106562E-15
2506.  1.097046E-15
2507.  1.087538E-15
2508.  1.078046E-15
2509.  1.068576E-15
2510.  1.059135E-15
2511.  1.049729E-15
2512.  1.040364E-15
2513.  1.031047E-15
2514.  1.021784E-15
2515.  1.012580E-15
2516.  1.003443E-15
2517.  9.943764E-16
2518.  9.853882E-16
2519.  9.764822E-16
2520.  9.676646E-16
2521.  9.589406E-16
2522.  9.503149E-16
2523.  9.417926E-16
2524.  9.333784E-16
2525.  9.250767E-16
2526.  9.168916E-16
2527.  9.088275E-16
2528.  9.008877E-16
2529.  8.930766E-16
2530.  8.853966E-16
2531.  8.778509E-16
2532.  8.704426E-16
2533.  8.631741E-16
2534.  8.560473E-16
2535.  8.490643E-16
2536.  8.422268E-16
2537.  8.355358E-16
2538.  8.289924E-16
2539.  8.225970E-16
2540.  8.163499E-16
2541.  8.102512E-16
2542.  8.043000E-16
2543.  7.984958E-16
2544.  7.928374E-16
2545.  7.873232E-16
2546.  7.819514E-16
2547.  7.767192E-16
2548.  7.716244E-16
2549.  7.666640E-16
2550.  7.618344E-16
2551.  7.571319E-16
2552.  7.525525E-16
2553.  7.480919E-16
2554.  7.437452E-16
2555.  7.395074E-16
2556.  7.353731E-16
2557.  7.313368E-16
2558.  7.273927E-16
2559.  7.235345E-16
2560.  7.197558E-16
2561.  7.160503E-16
2562.  7.124111E-16
2563.  7.088315E-16
2564.  7.053044E-16
2565.  7.018225E-16
2566.  6.983793E-16
2567.  6.949671E-16
2568.  6.915790E-16
2569.  6.882078E-16
2570.  6.848463E-16
2571.  6.814877E-16
2572.  6.781250E-16
2573.  6.747517E-16
2574.  6.713610E-16
2575.  6.679472E-16
2576.  6.645036E-16
2577.  6.610251E-16
2578.  6.575058E-16
2579.  6.539410E-16
2580.  6.503259E-16
2581.  6.466559E-16
2582.  6.429279E-16
2583.  6.391377E-16
2584.  6.352828E-16
2585.  6.313605E-16
2586.  6.273690E-16
2587.  6.233067E-16
2588.  6.191729E-16
2589.  6.149669E-16
2590.  6.106889E-16
2591.  6.063397E-16
2592.  6.019206E-16
2593.  5.974333E-16
2594.  5.928800E-16
2595.  5.882634E-16
2596.  5.835872E-16
2597.  5.788551E-16
2598.  5.740714E-16
2599.  5.692411E-16
2600.  5.643694E-16
2601.  5.594618E-16
2602.  5.545248E-16
2603.  5.495647E-16
2604.  5.445886E-16
2605.  5.396037E-16
2606.  5.346172E-16
2607.  5.296370E-16
2608.  5.246715E-16
2609.  5.197285E-16
2610.  5.148164E-16
2611.  5.099440E-16
2612.  5.051196E-16
2613.  5.003520E-16
2614.  4.956499E-16
2615.  4.910218E-16
2616.  4.864765E-16
2617.  4.820223E-16
2618.  4.776677E-16
2619.  4.734211E-16
2620.  4.692901E-16
2621.  4.652831E-16
2622.  4.614070E-16
2623.  4.576695E-16
2624.  4.540773E-16
2625.  4.506372E-16
2626.  4.473551E-16
2627.  4.442370E-16
2628.  4.412883E-16
2629.  4.385137E-16
2630.  4.359181E-16
2631.  4.335052E-16
2632.  4.312783E-16
2633.  4.292407E-16
2634.  4.273948E-16
2635.  4.257424E-16
2636.  4.242851E-16
2637.  4.230234E-16
2638.  4.219579E-16
2639.  4.210879E-16
2640.  4.204130E-16
2641.  4.199316E-16
2642.  4.196420E-16
2643.  4.195412E-16
2644.  4.196265E-16
2645.  4.198941E-16
2646.  4.203403E-16
2647.  4.209601E-16
2648.  4.217487E-16
2649.  4.227000E-16
2650.  4.238083E-16
2651.  4.250668E-16
2652.  4.264685E-16
2653.  4.280063E-16
2654.  4.296721E-16
2655.  4.314578E-16
2656.  4.333546E-16
2657.  4.353538E-16
2658.  4.374460E-16
2659.  4.396214E-16
2660.  4.418708E-16
2661.  4.441837E-16
2662.  4.465498E-16
2663.  4.489589E-16
2664.  4.513998E-16
2665.  4.538623E-16
2666.  4.563353E-16
2667.  4.588077E-16
2668.  4.612682E-16
2669.  4.637063E-16
2670.  4.661105E-16
2671.  4.684698E-16
2672.  4.707732E-16
2673.  4.730100E-16
2674.  4.751693E-16
2675.  4.772401E-16
2676.  4.792124E-16
2677.  4.810759E-16
2678.  4.828203E-16
2679.  4.844357E-16
2680.  4.859130E-16
2681.  4.872428E-16
2682.  4.884165E-16
2683.  4.894251E-16
2684.  4.902608E-16
2685.  4.909159E-16
2686.  4.913833E-16
2687.  4.916559E-16
2688.  4.917274E-16
2689.  4.915919E-16
2690.  4.912443E-16
2691.  4.906794E-16
2692.  4.898930E-16
2693.  4.888815E-16
2694.  4.876414E-16
2695.  4.861705E-16
2696.  4.844662E-16
2697.  4.825273E-16
2698.  4.803528E-16
2699.  4.779423E-16
2700.  4.752959E-16
2701.  4.724145E-16
2702.  4.692995E-16
2703.  4.659528E-16
2704.  4.623767E-16
2705.  4.585743E-16
2706.  4.545493E-16
2707.  4.503054E-16
2708.  4.458472E-16
2709.  4.411800E-16
2710.  4.363089E-16
2711.  4.312400E-16
2712.  4.259797E-16
2713.  4.205345E-16
2714.  4.149115E-16
2715.  4.091183E-16
2716.  4.031625E-16
2717.  3.970520E-16
2718.  3.907953E-16
2719.  3.844008E-16
2720.  3.778773E-16
2721.  3.712337E-16
2722.  3.644791E-16
2723.  3.576223E-16
2724.  3.506731E-16
2725.  3.436403E-16
2726.  3.365335E-16
2727.  3.293621E-16
2728.  3.221354E-16
2729.  3.148627E-16
2730.  3.075532E-16
2731.  3.002161E-16
2732.  2.928604E-16
2733.  2.854949E-16
2734.  2.781285E-16
2735.  2.707699E-16
2736.  2.634271E-16
2737.  2.561088E-16
2738.  2.488228E-16
2739.  2.415766E-16
2740.  2.343780E-16
2741.  2.272344E-16
2742.  2.201527E-16
2743.  2.131396E-16
2744.  2.062018E-16
2745.  1.993456E-16
2746.  1.925767E-16
2747.  1.859013E-16
2748.  1.793244E-16
2749.  1.728515E-16
2750.  1.664877E-16
2751.  1.602373E-16
2752.  1.541050E-16
2753.  1.480949E-16
2754.  1.422110E-16
2755.  1.364570E-16
2756.  1.308364E-16
2757.  1.253524E-16
2758.  1.200081E-16
2759.  1.148064E-16
2760.  1.097499E-16
2761.  1.048410E-16
2762.  1.000820E-16
2763.  9.547489E-17
2764.  9.102162E-17
2765.  8.672398E-17
2766.  8.258348E-17
2767.  7.860147E-17
2768.  7.477916E-17
2769.  7.111795E-17
2770.  6.761852E-17
2771.  6.428162E-17
2772.  6.110810E-17
2773.  5.809836E-17
2774.  5.525289E-17
2775.  5.257184E-17
2776.  5.005543E-17
2777.  4.770348E-17
2778.  4.551581E-17
2779.  4.349221E-17
2780.  4.163201E-17
2781.  3.993480E-17
2782.  3.839972E-17
2783.  3.702576E-17
2784.  3.581198E-17
2785.  3.475699E-17
2786.  3.385946E-17
2787.  3.311763E-17
2788.  3.252997E-17
2789.  3.209427E-17
2790.  3.180857E-17
2791.  3.167054E-17
2792.  3.167754E-17
2793.  3.182703E-17
2794.  3.211607E-17
2795.  3.254167E-17
2796.  3.310031E-17
2797.  3.378878E-17
2798.  3.460320E-17
2799.  3.553994E-17
2800.  3.659473E-17
2801.  3.776349E-17
2802.  3.904179E-17
2803.  4.042479E-17
2804.  4.190793E-17
2805.  4.348620E-17
2806.  4.515448E-17
2807.  4.690743E-17
2808.  4.873960E-17
2809.  5.064552E-17
2810.  5.261957E-17
2811.  5.465568E-17
2812.  5.674794E-17
2813.  5.889059E-17
2814.  6.107731E-17
2815.  6.330187E-17
2816.  6.555811E-17
2817.  6.783972E-17
2818.  7.014057E-17
2819.  7.245398E-17
2820.  7.477392E-17
2821.  7.709389E-17
2822.  7.940768E-17
2823.  8.170922E-17
2824.  8.399227E-17
2825.  8.625061E-17
2826.  8.847841E-17
2827.  9.066985E-17
2828.  9.281908E-17
2829.  9.492042E-17
2830.  9.696876E-17
2831.  9.895866E-17
2832.  1.008851E-16
2833.  1.027432E-16
2834.  1.045283E-16
2835.  1.062360E-16
2836.  1.078621E-16
2837.  1.094027E-16
2838.  1.108543E-16
2839.  1.122132E-16
2840.  1.134765E-16
2841.  1.146413E-16
2842.  1.157048E-16
2843.  1.166652E-16
2844.  1.175203E-16
2845.  1.182684E-16
2846.  1.189082E-16
2847.  1.194386E-16
2848.  1.198589E-16
2849.  1.201687E-16
2850.  1.203679E-16
2851.  1.204564E-16
2852.  1.204348E-16
2853.  1.203039E-16
2854.  1.200647E-16
2855.  1.197183E-16
2856.  1.192663E-16
2857.  1.187107E-16
2858.  1.180532E-16
2859.  1.172964E-16
2860.  1.164427E-16
2861.  1.154947E-16
2862.  1.144554E-16
2863.  1.133279E-16
2864.  1.121154E-16
2865.  1.108214E-16
2866.  1.094494E-16
2867.  1.080031E-16
2868.  1.064863E-16
2869.  1.049029E-16
2870.  1.032569E-16
2871.  1.015523E-16
2872.  9.979326E-17
2873.  9.798385E-17
2874.  9.612823E-17
2875.  9.423065E-17
2876.  9.229502E-17
2877.  9.032589E-17
2878.  8.832698E-17
2879.  8.630252E-17
2880.  8.425641E-17
2881.  8.219269E-17
2882.  8.011516E-17
2883.  7.802746E-17
2884.  7.593330E-17
2885.  7.383622E-17
2886.  7.173959E-17
2887.  6.964672E-17
2888.  6.756079E-17
2889.  6.548473E-17
2890.  6.342131E-17
2891.  6.137331E-17
2892.  5.934338E-17
2893.  5.733377E-17
2894.  5.534667E-17
2895.  5.338429E-17
2896.  5.144842E-17
2897.  4.954086E-17
2898.  4.766316E-17
2899.  4.581671E-17
2900.  4.400288E-17
2901.  4.222250E-17
2902.  4.047704E-17
2903.  3.876688E-17
2904.  3.709293E-17
2905.  3.545565E-17
2906.  3.385542E-17
2907.  3.229259E-17
2908.  3.076738E-17
2909.  2.927975E-17
2910.  2.782974E-17
2911.  2.641729E-17
2912.  2.504209E-17
2913.  2.370392E-17
2914.  2.240238E-17
2915.  2.113693E-17
2916.  1.990724E-17
2917.  1.871280E-17
2918.  1.755291E-17
2919.  1.642713E-17
2920.  1.533460E-17
2921.  1.427488E-17
2922.  1.324714E-17
2923.  1.225087E-17
2924.  1.128526E-17
2925.  1.034969E-17
2926.  9.443504E-18
2927.  8.565950E-18
2928.  7.716566E-18
2929.  6.894635E-18
2930.  6.099684E-18
2931.  5.330977E-18
2932.  4.588104E-18
2933.  3.870717E-18
2934.  3.178111E-18
2935.  2.509988E-18
2936.  1.866015E-18
2937.  1.245629E-18
2938.  6.488989E-19
2939.  7.531280E-20
2940.  -4.754589E-19
2941.  -1.003272E-18
2942.  -1.508571E-18
2943.  -1.991456E-18
2944.  -2.451913E-18
2945.  -2.890083E-18
2946.  -3.305881E-18
2947.  -3.699673E-18
2948.  -4.071109E-18
2949.  -4.420493E-18
2950.  -4.747622E-18
2951.  -5.052428E-18
2952.  -5.335042E-18
2953.  -5.595174E-18
2954.  -5.833030E-18
2955.  -6.048543E-18
2956.  -6.241693E-18
2957.  -6.412551E-18
2958.  -6.560925E-18
2959.  -6.686920E-18
2960.  -6.790918E-18
2961.  -6.872564E-18
2962.  -6.932056E-18
2963.  -6.969715E-18
2964.  -6.985552E-18
2965.  -6.979808E-18
2966.  -6.952852E-18
2967.  -6.904713E-18
2968.  -6.835698E-18
2969.  -6.746276E-18
2970.  -6.636971E-18
2971.  -6.507896E-18
2972.  -6.359718E-18
2973.  -6.192882E-18
2974.  -6.007955E-18
2975.  -5.805401E-18
2976.  -5.585891E-18
2977.  -5.349928E-18
2978.  -5.098398E-18
2979.  -4.831933E-18
2980.  -4.551120E-18
2981.  -4.256834E-18
2982.  -3.949940E-18
2983.  -3.630998E-18
2984.  -3.301107E-18
2985.  -2.960742E-18
2986.  -2.611032E-18
2987.  -2.252694E-18
2988.  -1.886607E-18
2989.  -1.513650E-18
2990.  -1.134654E-18
2991.  -7.505272E-19
2992.  -3.621006E-19
2993.  2.998040E-20
2994.  4.245707E-19
2995.  8.209204E-19
2996.  1.218400E-18
2997.  1.616170E-18
2998.  2.013417E-18
2999.  2.409357E-18
3000.  2.803522E-18
3001.  3.194958E-18
3002.  3.583185E-18
3003.  3.967531E-18
3004.  4.347390E-18
3005.  4.722387E-18
3006.  5.091965E-18
3007.  5.455551E-18
3008.  5.812825E-18
3009.  6.163255E-18
3010.  6.506867E-18
3011.  6.842938E-18
3012.  7.171408E-18
3013.  7.491980E-18
3014.  7.804638E-18
3015.  8.109262E-18
3016.  8.405622E-18
3017.  8.693614E-18
3018.  8.973416E-18
3019.  9.244947E-18
3020.  9.508403E-18
3021.  9.763607E-18
3022.  1.001100E-17
3023.  1.025062E-17
3024.  1.048272E-17
3025.  1.070754E-17
3026.  1.092534E-17
3027.  1.113645E-17
3028.  1.134113E-17
3029.  1.153961E-17
3030.  1.173271E-17
3031.  1.192031E-17
3032.  1.210315E-17
3033.  1.228157E-17
3034.  1.245593E-17
3035.  1.262685E-17
3036.  1.279470E-17
3037.  1.296004E-17
3038.  1.312330E-17
3039.  1.328491E-17
3040.  1.344559E-17
3041.  1.360574E-17
3042.  1.376582E-17
3043.  1.392617E-17
3044.  1.408767E-17
3045.  1.425053E-17
3046.  1.441524E-17
3047.  1.458256E-17
3048.  1.475257E-17
3049.  1.492603E-17
3050.  1.510331E-17
3051.  1.528482E-17
3052.  1.547080E-17
3053.  1.566203E-17
3054.  1.585855E-17
3055.  1.606101E-17
3056.  1.626953E-17
3057.  1.648454E-17
3058.  1.670651E-17
3059.  1.693544E-17
3060.  1.717167E-17
3061.  1.741569E-17
3062.  1.766740E-17
3063.  1.792718E-17
3064.  1.819523E-17
3065.  1.847176E-17
3066.  1.875688E-17
3067.  1.905061E-17
3068.  1.935307E-17
3069.  1.966462E-17
3070.  1.998503E-17
3071.  2.031459E-17
3072.  2.065310E-17
3073.  2.100079E-17
3074.  2.135778E-17
3075.  2.172376E-17
3076.  2.209901E-17
3077.  2.248335E-17
3078.  2.287691E-17
3079.  2.327963E-17
3080.  2.369171E-17
3081.  2.411291E-17
3082.  2.454317E-17
3083.  2.498274E-17
3084.  2.543133E-17
3085.  2.588925E-17
3086.  2.635641E-17
3087.  2.683294E-17
3088.  2.731872E-17
3089.  2.781398E-17
3090.  2.831888E-17
3091.  2.883336E-17
3092.  2.935761E-17
3093.  2.989176E-17
3094.  3.043619E-17
3095.  3.099079E-17
3096.  3.155602E-17
3097.  3.213206E-17
3098.  3.271919E-17
3099.  3.331757E-17
3100.  3.392776E-17
3101.  3.454997E-17
3102.  3.518439E-17
3103.  3.583169E-17
3104.  3.649188E-17
3105.  3.716585E-17
3106.  3.785366E-17
3107.  3.855574E-17
3108.  3.927256E-17
3109.  4.000459E-17
3110.  4.075220E-17
3111.  4.151573E-17
3112.  4.229565E-17
3113.  4.309248E-17
3114.  4.390620E-17
3115.  4.473735E-17
3116.  4.558625E-17
3117.  4.645317E-17
3118.  4.733824E-17
3119.  4.824163E-17
3120.  4.916361E-17
3121.  5.010398E-17
3122.  5.106295E-17
3123.  5.204026E-17
3124.  5.303583E-17
3125.  5.404944E-17
3126.  5.508084E-17
3127.  5.612947E-17
3128.  5.719495E-17
3129.  5.827666E-17
3130.  5.937389E-17
3131.  6.048599E-17
3132.  6.161180E-17
3133.  6.275066E-17
3134.  6.390121E-17
3135.  6.506246E-17
3136.  6.623295E-17
3137.  6.741128E-17
3138.  6.859616E-17
3139.  6.978578E-17
3140.  7.097842E-17
3141.  7.217237E-17
3142.  7.336578E-17
3143.  7.455673E-17
3144.  7.574302E-17
3145.  7.692273E-17
3146.  7.809344E-17
3147.  7.925311E-17
3148.  8.039946E-17
3149.  8.153002E-17
3150.  8.264254E-17
3151.  8.373473E-17
3152.  8.480401E-17
3153.  8.584803E-17
3154.  8.686472E-17
3155.  8.785120E-17
3156.  8.880555E-17
3157.  8.972517E-17
3158.  9.060813E-17
3159.  9.145189E-17
3160.  9.225463E-17
3161.  9.301426E-17
3162.  9.372860E-17
3163.  9.439603E-17
3164.  9.501478E-17
3165.  9.558322E-17
3166.  9.609990E-17
3167.  9.656354E-17
3168.  9.697275E-17
3169.  9.732667E-17
3170.  9.762428E-17
3171.  9.786480E-17
3172.  9.804786E-17
3173.  9.817287E-17
3174.  9.823970E-17
3175.  9.824834E-17
3176.  9.819882E-17
3177.  9.809151E-17
3178.  9.792692E-17
3179.  9.770569E-17
3180.  9.742858E-17
3181.  9.709667E-17
3182.  9.671107E-17
3183.  9.627328E-17
3184.  9.578445E-17
3185.  9.524652E-17
3186.  9.466131E-17
3187.  9.403052E-17
3188.  9.335635E-17
3189.  9.264091E-17
3190.  9.188661E-17
3191.  9.109564E-17
3192.  9.027070E-17
3193.  8.941417E-17
3194.  8.852889E-17
3195.  8.761747E-17
3196.  8.668270E-17
3197.  8.572741E-17
3198.  8.475447E-17
3199.  8.376665E-17
3200.  8.276708E-17
3201.  8.175841E-17
3202.  8.074375E-17
3203.  7.972575E-17
3204.  7.870743E-17
3205.  7.769137E-17
3206.  7.668071E-17
3207.  7.567807E-17
3208.  7.468604E-17
3209.  7.370740E-17
3210.  7.274448E-17
3211.  7.180010E-17
3212.  7.087640E-17
3213.  6.997584E-17
3214.  6.910058E-17
3215.  6.825305E-17
3216.  6.743501E-17
3217.  6.664873E-17
3218.  6.589597E-17
3219.  6.517852E-17
3220.  6.449820E-17
3221.  6.385668E-17
3222.  6.325543E-17
3223.  6.269582E-17
3224.  6.217946E-17
3225.  6.170755E-17
3226.  6.128130E-17
3227.  6.090183E-17
3228.  6.057035E-17
3229.  6.028775E-17
3230.  6.005491E-17
3231.  5.987304E-17
3232.  5.974270E-17
3233.  5.966480E-17
3234.  5.964008E-17
3235.  5.966920E-17
3236.  5.975289E-17
3237.  5.989175E-17
3238.  6.008657E-17
3239.  6.033777E-17
3240.  6.064597E-17
3241.  6.101189E-17
3242.  6.143576E-17
3243.  6.191858E-17
3244.  6.246046E-17
3245.  6.306227E-17
3246.  6.372435E-17
3247.  6.444746E-17
3248.  6.523190E-17
3249.  6.607838E-17
3250.  6.698733E-17
3251.  6.795945E-17
3252.  6.899505E-17
3253.  7.009476E-17
3254.  7.125923E-17
3255.  7.248881E-17
3256.  7.378409E-17
3257.  7.514542E-17
3258.  7.657341E-17
3259.  7.806849E-17
3260.  7.963080E-17
3261.  8.126093E-17
3262.  8.295926E-17
3263.  8.472567E-17
3264.  8.656066E-17
3265.  8.846415E-17
3266.  9.043625E-17
3267.  9.247681E-17
3268.  9.458591E-17
3269.  9.676299E-17
3270.  9.900782E-17
3271.  1.013201E-16
3272.  1.036989E-16
3273.  1.061437E-16
3274.  1.086535E-16
3275.  1.112272E-16
3276.  1.138637E-16
3277.  1.165617E-16
3278.  1.193195E-16
3279.  1.221356E-16
3280.  1.250081E-16
3281.  1.279349E-16
3282.  1.309137E-16
3283.  1.339421E-16
3284.  1.370176E-16
3285.  1.401374E-16
3286.  1.432985E-16
3287.  1.464976E-16
3288.  1.497316E-16
3289.  1.529970E-16
3290.  1.562897E-16
3291.  1.596065E-16
3292.  1.629428E-16
3293.  1.662949E-16
3294.  1.696582E-16
3295.  1.730288E-16
3296.  1.764016E-16
3297.  1.797722E-16
3298.  1.831361E-16
3299.  1.864884E-16
3300.  1.898242E-16
3301.  1.931386E-16
3302.  1.964270E-16
3303.  1.996844E-16
3304.  2.029057E-16
3305.  2.060865E-16
3306.  2.092219E-16
3307.  2.123072E-16
3308.  2.153379E-16
3309.  2.183095E-16
3310.  2.212177E-16
3311.  2.240586E-16
3312.  2.268279E-16
3313.  2.295223E-16
3314.  2.321381E-16
3315.  2.346721E-16
3316.  2.371214E-16
3317.  2.394833E-16
3318.  2.417553E-16
3319.  2.439356E-16
3320.  2.460224E-16
3321.  2.480143E-16
3322.  2.499105E-16
3323.  2.517103E-16
3324.  2.534135E-16
3325.  2.550203E-16
3326.  2.565316E-16
3327.  2.579479E-16
3328.  2.592710E-16
3329.  2.605027E-16
3330.  2.616454E-16
3331.  2.627014E-16
3332.  2.636743E-16
3333.  2.645671E-16
3334.  2.653841E-16
3335.  2.661296E-16
3336.  2.668081E-16
3337.  2.674247E-16
3338.  2.679847E-16
3339.  2.684939E-16
3340.  2.689584E-16
3341.  2.693843E-16
3342.  2.697782E-16
3343.  2.701471E-16
3344.  2.704978E-16
3345.  2.708376E-16
3346.  2.711741E-16
3347.  2.715143E-16
3348.  2.718662E-16
3349.  2.722373E-16
3350.  2.726354E-16
3351.  2.730679E-16
3352.  2.735429E-16
3353.  2.740677E-16
3354.  2.746498E-16
3355.  2.752967E-16
3356.  2.760155E-16
3357.  2.768132E-16
3358.  2.776964E-16
3359.  2.786717E-16
3360.  2.797453E-16
3361.  2.809229E-16
3362.  2.822103E-16
3363.  2.836124E-16
3364.  2.851338E-16
3365.  2.867787E-16
3366.  2.885511E-16
3367.  2.904540E-16
3368.  2.924903E-16
3369.  2.946623E-16
3370.  2.969715E-16
3371.  2.994194E-16
3372.  3.020063E-16
3373.  3.047321E-16
3374.  3.075964E-16
3375.  3.105980E-16
3376.  3.137352E-16
3377.  3.170055E-16
3378.  3.204059E-16
3379.  3.239332E-16
3380.  3.275829E-16
3381.  3.313507E-16
3382.  3.352312E-16
3383.  3.392189E-16
3384.  3.433073E-16
3385.  3.474899E-16
3386.  3.517594E-16
3387.  3.561084E-16
3388.  3.605286E-16
3389.  3.650118E-16
3390.  3.695492E-16
3391.  3.741318E-16
3392.  3.787501E-16
3393.  3.833947E-16
3394.  3.880558E-16
3395.  3.927233E-16
3396.  3.973872E-16
3397.  4.020375E-16
3398.  4.066637E-16
3399.  4.112559E-16
3400.  4.158036E-16
3401.  4.202969E-16
3402.  4.247257E-16
3403.  4.290802E-16
3404.  4.333509E-16
3405.  4.375281E-16
3406.  4.416028E-16
3407.  4.455663E-16
3408.  4.494098E-16
3409.  4.531255E-16
3410.  4.567054E-16
3411.  4.601424E-16
3412.  4.634296E-16
3413.  4.665604E-16
3414.  4.695294E-16
3415.  4.723307E-16
3416.  4.749599E-16
3417.  4.774127E-16
3418.  4.796851E-16
3419.  4.817743E-16
3420.  4.836775E-16
3421.  4.853929E-16
3422.  4.869188E-16
3423.  4.882549E-16
3424.  4.894004E-16
3425.  4.903559E-16
3426.  4.911220E-16
3427.  4.917005E-16
3428.  4.920927E-16
3429.  4.923014E-16
3430.  4.923295E-16
3431.  4.921802E-16
3432.  4.918572E-16
3433.  4.913646E-16
3434.  4.907073E-16
3435.  4.898899E-16
3436.  4.889177E-16
3437.  4.877961E-16
3438.  4.865309E-16
3439.  4.851282E-16
3440.  4.835939E-16
3441.  4.819345E-16
3442.  4.801563E-16
3443.  4.782659E-16
3444.  4.762698E-16
3445.  4.741743E-16
3446.  4.719866E-16
3447.  4.697125E-16
3448.  4.673588E-16
3449.  4.649316E-16
3450.  4.624373E-16
3451.  4.598819E-16
3452.  4.572708E-16
3453.  4.546102E-16
3454.  4.519051E-16
3455.  4.491607E-16
3456.  4.463819E-16
3457.  4.435732E-16
3458.  4.407390E-16
3459.  4.378830E-16
3460.  4.350092E-16
3461.  4.321206E-16
3462.  4.292204E-16
3463.  4.263112E-16
3464.  4.233953E-16
3465.  4.204746E-16
3466.  4.175510E-16
3467.  4.146259E-16
3468.  4.117003E-16
3469.  4.087744E-16
3470.  4.058494E-16
3471.  4.029253E-16
3472.  4.000017E-16
3473.  3.970787E-16
3474.  3.941556E-16
3475.  3.912314E-16
3476.  3.883054E-16
3477.  3.853766E-16
3478.  3.824433E-16
3479.  3.795045E-16
3480.  3.765587E-16
3481.  3.736038E-16
3482.  3.706386E-16
3483.  3.676614E-16
3484.  3.646704E-16
3485.  3.616636E-16
3486.  3.586395E-16
3487.  3.555965E-16
3488.  3.525330E-16
3489.  3.494475E-16
3490.  3.463383E-16
3491.  3.432043E-16
3492.  3.400441E-16
3493.  3.368569E-16
3494.  3.336415E-16
3495.  3.303974E-16
3496.  3.271240E-16
3497.  3.238208E-16
3498.  3.204878E-16
3499.  3.171251E-16
3500.  3.137326E-16
3501.  3.103110E-16
3502.  3.068608E-16
3503.  3.033831E-16
3504.  2.998786E-16
3505.  2.963491E-16
3506.  2.927958E-16
3507.  2.892205E-16
3508.  2.856252E-16
3509.  2.820119E-16
3510.  2.783830E-16
3511.  2.747410E-16
3512.  2.710886E-16
3513.  2.674285E-16
3514.  2.637637E-16
3515.  2.600975E-16
3516.  2.564331E-16
3517.  2.527737E-16
3518.  2.491231E-16
3519.  2.454847E-16
3520.  2.418620E-16
3521.  2.382589E-16
3522.  2.346793E-16
3523.  2.311267E-16
3524.  2.276050E-16
3525.  2.241181E-16
3526.  2.206699E-16
3527.  2.172640E-16
3528.  2.139043E-16
3529.  2.105944E-16
3530.  2.073379E-16
3531.  2.041385E-16
3532.  2.009996E-16
3533.  1.979246E-16
3534.  1.949167E-16
3535.  1.919791E-16
3536.  1.891146E-16
3537.  1.863262E-16
3538.  1.836165E-16
3539.  1.809880E-16
3540.  1.784432E-16
3541.  1.759838E-16
3542.  1.736124E-16
3543.  1.713300E-16
3544.  1.691386E-16
3545.  1.670393E-16
3546.  1.650332E-16
3547.  1.631212E-16
3548.  1.613041E-16
3549.  1.595819E-16
3550.  1.579550E-16
3551.  1.564234E-16
3552.  1.549866E-16
3553.  1.536442E-16
3554.  1.523952E-16
3555.  1.512388E-16
3556.  1.501736E-16
3557.  1.491980E-16
3558.  1.483103E-16
3559.  1.475088E-16
3560.  1.467909E-16
3561.  1.461547E-16
3562.  1.455972E-16
3563.  1.451158E-16
3564.  1.447073E-16
3565.  1.443686E-16
3566.  1.440962E-16
3567.  1.438869E-16
3568.  1.437368E-16
3569.  1.436418E-16
3570.  1.435983E-16
3571.  1.436019E-16
3572.  1.436487E-16
3573.  1.437340E-16
3574.  1.438535E-16
3575.  1.440028E-16
3576.  1.441771E-16
3577.  1.443721E-16
3578.  1.445830E-16
3579.  1.448051E-16
3580.  1.450338E-16
3581.  1.452645E-16
3582.  1.454923E-16
3583.  1.457129E-16
3584.  1.459215E-16
3585.  1.461139E-16
3586.  1.462854E-16
3587.  1.464320E-16
3588.  1.465492E-16
3589.  1.466333E-16
3590.  1.466801E-16
3591.  1.466859E-16
3592.  1.466471E-16
3593.  1.465602E-16
3594.  1.464219E-16
3595.  1.462292E-16
3596.  1.459793E-16
3597.  1.456693E-16
3598.  1.452968E-16
3599.  1.448599E-16
3600.  1.443563E-16
3601.  1.437844E-16
3602.  1.431427E-16
3603.  1.424297E-16
3604.  1.416446E-16
3605.  1.407864E-16
3606.  1.398550E-16
3607.  1.388497E-16
3608.  1.377706E-16
3609.  1.366182E-16
3610.  1.353926E-16
3611.  1.340944E-16
3612.  1.327250E-16
3613.  1.312851E-16
3614.  1.297762E-16
3615.  1.282000E-16
3616.  1.265581E-16
3617.  1.248527E-16
3618.  1.230858E-16
3619.  1.212596E-16
3620.  1.193769E-16
3621.  1.174400E-16
3622.  1.154520E-16
3623.  1.134156E-16
3624.  1.113339E-16
3625.  1.092101E-16
3626.  1.070472E-16
3627.  1.048486E-16
3628.  1.026178E-16
3629.  1.003580E-16
3630.  9.807265E-17
3631.  9.576526E-17
3632.  9.343939E-17
3633.  9.109846E-17
3634.  8.874589E-17
3635.  8.638505E-17
3636.  8.401949E-17
3637.  8.165247E-17
3638.  7.928735E-17
3639.  7.692725E-17
3640.  7.457548E-17
3641.  7.223512E-17
3642.  6.990898E-17
3643.  6.760016E-17
3644.  6.531113E-17
3645.  6.304505E-17
3646.  6.080402E-17
3647.  5.859071E-17
3648.  5.640742E-17
3649.  5.425623E-17
3650.  5.213928E-17
3651.  5.005853E-17
3652.  4.801569E-17
3653.  4.601256E-17
3654.  4.405059E-17
3655.  4.213132E-17
3656.  4.025577E-17
3657.  3.842533E-17
3658.  3.664108E-17
3659.  3.490368E-17
3660.  3.321417E-17
3661.  3.157318E-17
3662.  2.998124E-17
3663.  2.843888E-17
3664.  2.694633E-17
3665.  2.550422E-17
3666.  2.411258E-17
3667.  2.277134E-17
3668.  2.148086E-17
3669.  2.024085E-17
3670.  1.905163E-17
3671.  1.791252E-17
3672.  1.682366E-17
3673.  1.578466E-17
3674.  1.479530E-17
3675.  1.385517E-17
3676.  1.296384E-17
3677.  1.212113E-17
3678.  1.132634E-17
3679.  1.057916E-17
3680.  9.879147E-18
3681.  9.225827E-18
3682.  8.618462E-18
3683.  8.056797E-18
3684.  7.540219E-18
3685.  7.068030E-18
3686.  6.639931E-18
3687.  6.255318E-18
3688.  5.913478E-18
3689.  5.614070E-18
3690.  5.356555E-18
3691.  5.140155E-18
3692.  4.964466E-18
3693.  4.828865E-18
3694.  4.732782E-18
3695.  4.675593E-18
3696.  4.656753E-18
3697.  4.675613E-18
3698.  4.731553E-18
3699.  4.823901E-18
3700.  4.952039E-18
3701.  5.115248E-18
3702.  5.312826E-18
3703.  5.543986E-18
3704.  5.808018E-18
3705.  6.104112E-18
3706.  6.431451E-18
3707.  6.789133E-18
3708.  7.176289E-18
3709.  7.591767E-18
3710.  8.034902E-18
3711.  8.504377E-18
3712.  8.999278E-18
3713.  9.518415E-18
3714.  1.006068E-17
3715.  1.062474E-17
3716.  1.120943E-17
3717.  1.181333E-17
3718.  1.243507E-17
3719.  1.307350E-17
3720.  1.372687E-17
3721.  1.439390E-17
3722.  1.507298E-17
3723.  1.576255E-17
3724.  1.646100E-17
3725.  1.716659E-17
3726.  1.787804E-17
3727.  1.859332E-17
3728.  1.931079E-17
3729.  2.002895E-17
3730.  2.074588E-17
3731.  2.145986E-17
3732.  2.216918E-17
3733.  2.287234E-17
3734.  2.356730E-17
3735.  2.425263E-17
3736.  2.492655E-17
3737.  2.558739E-17
3738.  2.623356E-17
3739.  2.686355E-17
3740.  2.747595E-17
3741.  2.806888E-17
3742.  2.864134E-17
3743.  2.919171E-17
3744.  2.971888E-17
3745.  3.022147E-17
3746.  3.069851E-17
3747.  3.114857E-17
3748.  3.157111E-17
3749.  3.196475E-17
3750.  3.232900E-17
3751.  3.266299E-17
3752.  3.296599E-17
3753.  3.323773E-17
3754.  3.347743E-17
3755.  3.368494E-17
3756.  3.385991E-17
3757.  3.400201E-17
3758.  3.411131E-17
3759.  3.418792E-17
3760.  3.423183E-17
3761.  3.424333E-17
3762.  3.422251E-17
3763.  3.416983E-17
3764.  3.408587E-17
3765.  3.397103E-17
3766.  3.382601E-17
3767.  3.365141E-17
3768.  3.344803E-17
3769.  3.321680E-17
3770.  3.295854E-17
3771.  3.267400E-17
3772.  3.236448E-17
3773.  3.203081E-17
3774.  3.167426E-17
3775.  3.129576E-17
3776.  3.089652E-17
3777.  3.047775E-17
3778.  3.004071E-17
3779.  2.958641E-17
3780.  2.911635E-17
3781.  2.863151E-17
3782.  2.813319E-17
3783.  2.762279E-17
3784.  2.710144E-17
3785.  2.657030E-17
3786.  2.603066E-17
3787.  2.548352E-17
3788.  2.493026E-17
3789.  2.437191E-17
3790.  2.380961E-17
3791.  2.324436E-17
3792.  2.267722E-17
3793.  2.210937E-17
3794.  2.154152E-17
3795.  2.097466E-17
3796.  2.040987E-17
3797.  1.984771E-17
3798.  1.928916E-17
3799.  1.873496E-17
3800.  1.818575E-17
3801.  1.764232E-17
3802.  1.710505E-17
3803.  1.657472E-17
3804.  1.605184E-17
3805.  1.553681E-17
3806.  1.503014E-17
3807.  1.453216E-17
3808.  1.404341E-17
3809.  1.356404E-17
3810.  1.309436E-17
3811.  1.263454E-17
3812.  1.218505E-17
3813.  1.174574E-17
3814.  1.131695E-17
3815.  1.089878E-17
3816.  1.049117E-17
3817.  1.009430E-17
3818.  9.708250E-18
3819.  9.332857E-18
3820.  8.968190E-18
3821.  8.614183E-18
3822.  8.270704E-18
3823.  7.937863E-18
3824.  7.615378E-18
3825.  7.303173E-18
3826.  7.001181E-18
3827.  6.709172E-18
3828.  6.427108E-18
3829.  6.154686E-18
3830.  5.891825E-18
3831.  5.638362E-18
3832.  5.394005E-18
3833.  5.158740E-18
3834.  4.932314E-18
3835.  4.714400E-18
3836.  4.504850E-18
3837.  4.303559E-18
3838.  4.110279E-18
3839.  3.924777E-18
3840.  3.746824E-18
3841.  3.576353E-18
3842.  3.413077E-18
3843.  3.256734E-18
3844.  3.107246E-18
3845.  2.964288E-18
3846.  2.827670E-18
3847.  2.697443E-18
3848.  2.573213E-18
3849.  2.454862E-18
3850.  2.342109E-18
3851.  2.234939E-18
3852.  2.133079E-18
3853.  2.036306E-18
3854.  1.944604E-18
3855.  1.857755E-18
3856.  1.775580E-18
3857.  1.698012E-18
3858.  1.624806E-18
3859.  1.555784E-18
3860.  1.490892E-18
3861.  1.429967E-18
3862.  1.372925E-18
3863.  1.319545E-18
3864.  1.269777E-18
3865.  1.223562E-18
3866.  1.180519E-18
3867.  1.140831E-18
3868.  1.104222E-18
3869.  1.070662E-18
3870.  1.039941E-18
3871.  1.012098E-18
3872.  9.868639E-19
3873.  9.641951E-19
3874.  9.441661E-19
3875.  9.264421E-19
3876.  9.110581E-19
3877.  8.978677E-19
3878.  8.868210E-19
3879.  8.778989E-19
3880.  8.708150E-19
3881.  8.657163E-19
3882.  8.623949E-19
3883.  8.607031E-19
3884.  8.606672E-19
3885.  8.622030E-19
3886.  8.651595E-19
3887.  8.695930E-19
3888.  8.752838E-19
3889.  8.822605E-19
3890.  8.903985E-19
3891.  8.994950E-19
3892.  9.096975E-19
3893.  9.207529E-19
3894.  9.326996E-19
3895.  9.454466E-19
3896.  9.588578E-19
3897.  9.728506E-19
3898.  9.873453E-19
3899.  1.002309E-18
3900.  1.017516E-18
3901.  1.033123E-18
3902.  1.048716E-18
3903.  1.064466E-18
3904.  1.080107E-18
3905.  1.095622E-18
3906.  1.111002E-18
3907.  1.125801E-18
3908.  1.140170E-18
3909.  1.153962E-18
3910.  1.166936E-18
3911.  1.179086E-18
3912.  1.190187E-18
3913.  1.200235E-18
3914.  1.208803E-18
3915.  1.215887E-18
3916.  1.221379E-18
3917.  1.225023E-18
3918.  1.226543E-18
3919.  1.226046E-18
3920.  1.222956E-18
3921.  1.217327E-18
3922.  1.208901E-18
3923.  1.197287E-18
3924.  1.182502E-18
3925.  1.164119E-18
3926.  1.141956E-18
3927.  1.115680E-18
3928.  1.085228E-18
3929.  1.050118E-18
3930.  1.010138E-18
3931.  9.650117E-19
3932.  9.144959E-19
3933.  8.581773E-19
3934.  7.956877E-19
3935.  7.269132E-19
3936.  6.514593E-19
3937.  5.689786E-19
3938.  4.791693E-19
3939.  3.815895E-19
3940.  2.760801E-19
3941.  1.620999E-19
3942.  3.948880E-20
3943.  -9.208396E-20
3944.  -2.331519E-19
3945.  -3.838869E-19
3946.  -5.446181E-19
3947.  -7.157729E-19
3948.  -8.975958E-19
3949.  -1.090570E-18
3950.  -1.294851E-18
3951.  -1.510768E-18
3952.  -1.738709E-18
3953.  -1.978992E-18
3954.  -2.231719E-18
3955.  -2.497295E-18
3956.  -2.775996E-18
3957.  -3.068068E-18
3958.  -3.373661E-18
3959.  -3.693129E-18
3960.  -4.026560E-18
3961.  -4.374262E-18
3962.  -4.736260E-18
3963.  -5.112840E-18
3964.  -5.504029E-18
3965.  -5.910014E-18
3966.  -6.330782E-18
3967.  -6.766437E-18
3968.  -7.217053E-18
3969.  -7.682512E-18
3970.  -8.162848E-18
3971.  -8.658148E-18
3972.  -9.168038E-18
3973.  -9.692646E-18
3974.  -1.023183E-17
3975.  -1.078516E-17
3976.  -1.135264E-17
3977.  -1.193378E-17
3978.  -1.252853E-17
3979.  -1.313644E-17
3980.  -1.375708E-17
3981.  -1.439027E-17
3982.  -1.503525E-17
3983.  -1.569170E-17
3984.  -1.635907E-17
3985.  -1.703674E-17
3986.  -1.772400E-17
3987.  -1.842033E-17
3988.  -1.912487E-17
3989.  -1.983703E-17
3990.  -2.055588E-17
3991.  -2.128063E-17
3992.  -2.201020E-17
3993.  -2.274380E-17
3994.  -2.348053E-17
3995.  -2.421923E-17
3996.  -2.495876E-17
3997.  -2.569821E-17
3998.  -2.643632E-17
3999.  -2.717182E-17
4000.  -2.790356E-17
4001.  -2.863017E-17
4002.  -2.935043E-17
4003.  -3.006315E-17
4004.  -3.076653E-17
4005.  -3.145968E-17
4006.  -3.214086E-17
4007.  -3.280861E-17
4008.  -3.346164E-17
4009.  -3.409822E-17
4010.  -3.471708E-17
4011.  -3.531655E-17
4012.  -3.589525E-17
4013.  -3.645153E-17
4014.  -3.698403E-17
4015.  -3.749100E-17
4016.  -3.797108E-17
4017.  -3.842255E-17
4018.  -3.884422E-17
4019.  -3.923458E-17
4020.  -3.959187E-17
4021.  -3.991510E-17
4022.  -4.020265E-17
4023.  -4.045304E-17
4024.  -4.066526E-17
4025.  -4.083785E-17
4026.  -4.096971E-17
4027.  -4.105967E-17
4028.  -4.110645E-17
4029.  -4.110928E-17
4030.  -4.106683E-17
4031.  -4.097854E-17
4032.  -4.084340E-17
4033.  -4.066082E-17
4034.  -4.042965E-17
4035.  -4.014966E-17
4036.  -3.982024E-17
4037.  -3.944104E-17
4038.  -3.901154E-17
4039.  -3.853140E-17
4040.  -3.800072E-17
4041.  -3.741911E-17
4042.  -3.678680E-17
4043.  -3.610362E-17
4044.  -3.536993E-17
4045.  -3.458602E-17
4046.  -3.375216E-17
4047.  -3.286872E-17
4048.  -3.193637E-17
4049.  -3.095561E-17
4050.  -2.992723E-17
4051.  -2.885196E-17
4052.  -2.773053E-17
4053.  -2.656416E-17
4054.  -2.535363E-17
4055.  -2.410016E-17
4056.  -2.280481E-17
4057.  -2.146864E-17
4058.  -2.009323E-17
4059.  -1.867967E-17
4060.  -1.722936E-17
4061.  -1.574382E-17
4062.  -1.422444E-17
4063.  -1.267268E-17
4064.  -1.109008E-17
4065.  -9.478244E-18
4066.  -7.838772E-18
4067.  -6.173157E-18
4068.  -4.483026E-18
4069.  -2.770183E-18
4070.  -1.036108E-18
4071.  7.175719E-19
4072.  2.489137E-18
4073.  4.277020E-18
4074.  6.079663E-18
4075.  7.895247E-18
4076.  9.722305E-18
4077.  1.155927E-17
4078.  1.340446E-17
4079.  1.525656E-17
4080.  1.711374E-17
4081.  1.897476E-17
4082.  2.083793E-17
4083.  2.270204E-17
4084.  2.456556E-17
4085.  2.642693E-17
4086.  2.828496E-17
4087.  3.013826E-17
4088.  3.198553E-17
4089.  3.382545E-17
4090.  3.565686E-17
4091.  3.747828E-17
4092.  3.928859E-17
4093.  4.108650E-17
4094.  4.287097E-17
4095.  4.464079E-17
4096.  4.639449E-17
4097.  4.813133E-17
4098.  4.984991E-17
4099.  5.154910E-17
4100.  5.322782E-17
4101.  5.488482E-17
4102.  5.651892E-17
4103.  5.812922E-17
4104.  5.971438E-17
4105.  6.127333E-17
4106.  6.280491E-17
4107.  6.430786E-17
4108.  6.578105E-17
4109.  6.722332E-17
4110.  6.863364E-17
4111.  7.001074E-17
4112.  7.135338E-17
4113.  7.266046E-17
4114.  7.393085E-17
4115.  7.516328E-17
4116.  7.635677E-17
4117.  7.750991E-17
4118.  7.862180E-17
4119.  7.969139E-17
4120.  8.071744E-17
4121.  8.169913E-17
4122.  8.263515E-17
4123.  8.352475E-17
4124.  8.436713E-17
4125.  8.516120E-17
4126.  8.590615E-17
4127.  8.660157E-17
4128.  8.724650E-17
4129.  8.784055E-17
4130.  8.838320E-17
4131.  8.887414E-17
4132.  8.931294E-17
4133.  8.969945E-17
4134.  9.003369E-17
4135.  9.031574E-17
4136.  9.054576E-17
4137.  9.072405E-17
4138.  9.085099E-17
4139.  9.092713E-17
4140.  9.095325E-17
4141.  9.093015E-17
4142.  9.085882E-17
4143.  9.074042E-17
4144.  9.057628E-17
4145.  9.036780E-17
4146.  9.011646E-17
4147.  8.982393E-17
4148.  8.949222E-17
4149.  8.912293E-17
4150.  8.871855E-17
4151.  8.828112E-17
4152.  8.781281E-17
4153.  8.731629E-17
4154.  8.679389E-17
4155.  8.624842E-17
4156.  8.568222E-17
4157.  8.509842E-17
4158.  8.449958E-17
4159.  8.388879E-17
4160.  8.326878E-17
4161.  8.264252E-17
4162.  8.201295E-17
4163.  8.138300E-17
4164.  8.075567E-17
4165.  8.013375E-17
4166.  7.951994E-17
4167.  7.891746E-17
4168.  7.832864E-17
4169.  7.775643E-17
4170.  7.720303E-17
4171.  7.667110E-17
4172.  7.616301E-17
4173.  7.568071E-17
4174.  7.522645E-17
4175.  7.480221E-17
4176.  7.440942E-17
4177.  7.404983E-17
4178.  7.372482E-17
4179.  7.343544E-17
4180.  7.318301E-17
4181.  7.296785E-17
4182.  7.279089E-17
4183.  7.265237E-17
4184.  7.255255E-17
4185.  7.249130E-17
4186.  7.246830E-17
4187.  7.248319E-17
4188.  7.253527E-17
4189.  7.262356E-17
4190.  7.274691E-17
4191.  7.290428E-17
4192.  7.309385E-17
4193.  7.331425E-17
4194.  7.356334E-17
4195.  7.383922E-17
4196.  7.413977E-17
4197.  7.446235E-17
4198.  7.480472E-17
4199.  7.516435E-17
4200.  7.553826E-17
4201.  7.592387E-17
4202.  7.631818E-17
4203.  7.671826E-17
4204.  7.712096E-17
4205.  7.752316E-17
4206.  7.792202E-17
4207.  7.831438E-17
4208.  7.869688E-17
4209.  7.906662E-17
4210.  7.942056E-17
4211.  7.975580E-17
4212.  8.006931E-17
4213.  8.035803E-17
4214.  8.061956E-17
4215.  8.085112E-17
4216.  8.105019E-17
4217.  8.121435E-17
4218.  8.134142E-17
4219.  8.142939E-17
4220.  8.147623E-17
4221.  8.148022E-17
4222.  8.143986E-17
4223.  8.135398E-17
4224.  8.122118E-17
4225.  8.104076E-17
4226.  8.081198E-17
4227.  8.053431E-17
4228.  8.020764E-17
4229.  7.983172E-17
4230.  7.940697E-17
4231.  7.893399E-17
4232.  7.841314E-17
4233.  7.784573E-17
4234.  7.723262E-17
4235.  7.657538E-17
4236.  7.587566E-17
4237.  7.513531E-17
4238.  7.435640E-17
4239.  7.354139E-17
4240.  7.269273E-17
4241.  7.181316E-17
4242.  7.090567E-17
4243.  6.997335E-17
4244.  6.901971E-17
4245.  6.804813E-17
4246.  6.706223E-17
4247.  6.606609E-17
4248.  6.506366E-17
4249.  6.405905E-17
4250.  6.305666E-17
4251.  6.206078E-17
4252.  6.107630E-17
4253.  6.010744E-17
4254.  5.915918E-17
4255.  5.823645E-17
4256.  5.734412E-17
4257.  5.648701E-17
4258.  5.567040E-17
4259.  5.489921E-17
4260.  5.417860E-17
4261.  5.351361E-17
4262.  5.290948E-17
4263.  5.237140E-17
4264.  5.190428E-17
4265.  5.151334E-17
4266.  5.120364E-17
4267.  5.098001E-17
4268.  5.084747E-17
4269.  5.081080E-17
4270.  5.087472E-17
4271.  5.104403E-17
4272.  5.132306E-17
4273.  5.171634E-17
4274.  5.222804E-17
4275.  5.286227E-17
4276.  5.362294E-17
4277.  5.451367E-17
4278.  5.553813E-17
4279.  5.669977E-17
4280.  5.800136E-17
4281.  5.944618E-17
4282.  6.103656E-17
4283.  6.277499E-17
4284.  6.466357E-17
4285.  6.670404E-17
4286.  6.889804E-17
4287.  7.124667E-17
4288.  7.375099E-17
4289.  7.641133E-17
4290.  7.922815E-17
4291.  8.220121E-17
4292.  8.533024E-17
4293.  8.861418E-17
4294.  9.205182E-17
4295.  9.564190E-17
4296.  9.938212E-17
4297.  1.032703E-16
4298.  1.073038E-16
4299.  1.114793E-16
4300.  1.157935E-16
4301.  1.202423E-16
4302.  1.248216E-16
4303.  1.295266E-16
4304.  1.343524E-16
4305.  1.392935E-16
4306.  1.443438E-16
4307.  1.494977E-16
4308.  1.547483E-16
4309.  1.600889E-16
4310.  1.655121E-16
4311.  1.710108E-16
4312.  1.765769E-16
4313.  1.822026E-16
4314.  1.878793E-16
4315.  1.935986E-16
4316.  1.993517E-16
4317.  2.051296E-16
4318.  2.109230E-16
4319.  2.167230E-16
4320.  2.225199E-16
4321.  2.283042E-16
4322.  2.340664E-16
4323.  2.397969E-16
4324.  2.454861E-16
4325.  2.511243E-16
4326.  2.567019E-16
4327.  2.622097E-16
4328.  2.676381E-16
4329.  2.729781E-16
4330.  2.782207E-16
4331.  2.833568E-16
4332.  2.883779E-16
4333.  2.932758E-16
4334.  2.980425E-16
4335.  3.026702E-16
4336.  3.071514E-16
4337.  3.114792E-16
4338.  3.156470E-16
4339.  3.196488E-16
4340.  3.234787E-16
4341.  3.271312E-16
4342.  3.306017E-16
4343.  3.338859E-16
4344.  3.369799E-16
4345.  3.398803E-16
4346.  3.425848E-16
4347.  3.450906E-16
4348.  3.473964E-16
4349.  3.495008E-16
4350.  3.514034E-16
4351.  3.531041E-16
4352.  3.546032E-16
4353.  3.559021E-16
4354.  3.570020E-16
4355.  3.579054E-16
4356.  3.586146E-16
4357.  3.591329E-16
4358.  3.594636E-16
4359.  3.596112E-16
4360.  3.595799E-16
4361.  3.593747E-16
4362.  3.590009E-16
4363.  3.584644E-16
4364.  3.577713E-16
4365.  3.569278E-16
4366.  3.559406E-16
4367.  3.548170E-16
4368.  3.535642E-16
4369.  3.521894E-16
4370.  3.507005E-16
4371.  3.491054E-16
4372.  3.474119E-16
4373.  3.456281E-16
4374.  3.437623E-16
4375.  3.418225E-16
4376.  3.398169E-16
4377.  3.377540E-16
4378.  3.356415E-16
4379.  3.334877E-16
4380.  3.313006E-16
4381.  3.290880E-16
4382.  3.268576E-16
4383.  3.246168E-16
4384.  3.223732E-16
4385.  3.201337E-16
4386.  3.179054E-16
4387.  3.156948E-16
4388.  3.135083E-16
4389.  3.113518E-16
4390.  3.092313E-16
4391.  3.071521E-16
4392.  3.051195E-16
4393.  3.031382E-16
4394.  3.012126E-16
4395.  2.993468E-16
4396.  2.975446E-16
4397.  2.958094E-16
4398.  2.941439E-16
4399.  2.925513E-16
4400.  2.910334E-16
4401.  2.895923E-16
4402.  2.882293E-16
4403.  2.869460E-16
4404.  2.857428E-16
4405.  2.846202E-16
4406.  2.835785E-16
4407.  2.826173E-16
4408.  2.817361E-16
4409.  2.809339E-16
4410.  2.802095E-16
4411.  2.795614E-16
4412.  2.789877E-16
4413.  2.784863E-16
4414.  2.780546E-16
4415.  2.776902E-16
4416.  2.773901E-16
4417.  2.771509E-16
4418.  2.769695E-16
4419.  2.768419E-16
4420.  2.767647E-16
4421.  2.767336E-16
4422.  2.767442E-16
4423.  2.767928E-16
4424.  2.768740E-16
4425.  2.769840E-16
4426.  2.771174E-16
4427.  2.772696E-16
4428.  2.774356E-16
4429.  2.776102E-16
4430.  2.777884E-16
4431.  2.779652E-16
4432.  2.781351E-16
4433.  2.782931E-16
4434.  2.784339E-16
4435.  2.785522E-16
4436.  2.786431E-16
4437.  2.787012E-16
4438.  2.787215E-16
4439.  2.786990E-16
4440.  2.786286E-16
4441.  2.785058E-16
4442.  2.783256E-16
4443.  2.780835E-16
4444.  2.777751E-16
4445.  2.773960E-16
4446.  2.769420E-16
4447.  2.764093E-16
4448.  2.757940E-16
4449.  2.750928E-16
4450.  2.743020E-16
4451.  2.734188E-16
4452.  2.724402E-16
4453.  2.713632E-16
4454.  2.701859E-16
4455.  2.689058E-16
4456.  2.675214E-16
4457.  2.660309E-16
4458.  2.644331E-16
4459.  2.627268E-16
4460.  2.609115E-16
4461.  2.589864E-16
4462.  2.569520E-16
4463.  2.548078E-16
4464.  2.525546E-16
4465.  2.501931E-16
4466.  2.477242E-16
4467.  2.451495E-16
4468.  2.424705E-16
4469.  2.396889E-16
4470.  2.368073E-16
4471.  2.338278E-16
4472.  2.307532E-16
4473.  2.275866E-16
4474.  2.243311E-16
4475.  2.209901E-16
4476.  2.175672E-16
4477.  2.140663E-16
4478.  2.104917E-16
4479.  2.068474E-16
4480.  2.031379E-16
4481.  1.993676E-16
4482.  1.955415E-16
4483.  1.916641E-16
4484.  1.877404E-16
4485.  1.837753E-16
4486.  1.797742E-16
4487.  1.757422E-16
4488.  1.716839E-16
4489.  1.676051E-16
4490.  1.635107E-16
4491.  1.594061E-16
4492.  1.552963E-16
4493.  1.511861E-16
4494.  1.470811E-16
4495.  1.429859E-16
4496.  1.389056E-16
4497.  1.348448E-16
4498.  1.308081E-16
4499.  1.268003E-16
4500.  1.228256E-16
