1.  2.820374E-19
2.  2.940665E-19
3.  3.065971E-19
4.  3.194498E-19
5.  3.330256E-19
6.  3.470517E-19
7.  3.615791E-19
8.  3.767046E-19
9.  3.924434E-19
10.  4.088070E-19
11.  4.257678E-19
12.  4.433957E-19
13.  4.616565E-19
14.  4.806821E-19
15.  5.004534E-19
16.  5.209354E-19
17.  5.421546E-19
18.  5.642366E-19
19.  5.871394E-19
20.  6.108958E-19
21.  6.356513E-19
22.  6.611750E-19
23.  6.876860E-19
24.  7.151794E-19
25.  7.437774E-19
26.  7.732968E-19
27.  8.040751E-19
28.  8.359358E-19
29.  8.688215E-19
30.  9.030466E-19
31.  9.384567E-19
32.  9.751885E-19
33.  1.013221E-18
34.  1.052727E-18
35.  1.093442E-18
36.  1.135767E-18
37.  1.179462E-18
38.  1.224843E-18
39.  1.271810E-18
40.  1.320433E-18
41.  1.370712E-18
42.  1.422842E-18
43.  1.476664E-18
44.  1.532465E-18
45.  1.590149E-18
46.  1.649781E-18
47.  1.711538E-18
48.  1.775476E-18
49.  1.841453E-18
50.  1.909807E-18
51.  1.980416E-18
52.  2.053435E-18
53.  2.128924E-18
54.  2.206902E-18
55.  2.287468E-18
56.  2.370864E-18
57.  2.456859E-18
58.  2.545843E-18
59.  2.637648E-18
60.  2.732562E-18
61.  2.830488E-18
62.  2.931757E-18
63.  3.036165E-18
64.  3.144110E-18
65.  3.255407E-18
66.  3.370306E-18
67.  3.488961E-18
68.  3.611249E-18
69.  3.737579E-18
70.  3.867752E-18
71.  4.002229E-18
72.  4.140809E-18
73.  4.283708E-18
74.  4.431121E-18
75.  4.583098E-18
76.  4.739707E-18
77.  4.901281E-18
78.  5.067754E-18
79.  5.239312E-18
80.  5.416150E-18
81.  5.598228E-18
82.  5.785936E-18
83.  5.979241E-18
84.  6.178253E-18
85.  6.383435E-18
86.  6.594511E-18
87.  6.811947E-18
88.  7.035753E-18
89.  7.266176E-18
90.  7.503312E-18
91.  7.747387E-18
92.  7.998588E-18
93.  8.257001E-18
94.  8.522821E-18
95.  8.796285E-18
96.  9.077531E-18
97.  9.366808E-18
98.  9.664255E-18
99.  9.970113E-18
100.  1.028446E-17
101.  1.060773E-17
102.  1.093993E-17
103.  1.128129E-17
104.  1.163226E-17
105.  1.199270E-17
106.  1.236301E-17
107.  1.274341E-17
108.  1.313421E-17
109.  1.353538E-17
110.  1.394750E-17
111.  1.437054E-17
112.  1.480487E-17
113.  1.525068E-17
114.  1.570831E-17
115.  1.617802E-17
116.  1.665982E-17
117.  1.715431E-17
118.  1.766159E-17
119.  1.818199E-17
120.  1.871575E-17
121.  1.926299E-17
122.  1.982421E-17
123.  2.039970E-17
124.  2.098973E-17
125.  2.159435E-17
126.  2.221418E-17
127.  2.284943E-17
128.  2.350033E-17
129.  2.416724E-17
130.  2.485038E-17
131.  2.555024E-17
132.  2.626699E-17
133.  2.700107E-17
134.  2.775272E-17
135.  2.852241E-17
136.  2.931026E-17
137.  3.011676E-17
138.  3.094224E-17
139.  3.178695E-17
140.  3.265129E-17
141.  3.353574E-17
142.  3.444040E-17
143.  3.536593E-17
144.  3.631257E-17
145.  3.728042E-17
146.  3.827028E-17
147.  3.928219E-17
148.  4.031677E-17
149.  4.137425E-17
150.  4.245510E-17
151.  4.355952E-17
152.  4.468818E-17
153.  4.584118E-17
154.  4.701917E-17
155.  4.822237E-17
156.  4.945123E-17
157.  5.070621E-17
158.  5.198753E-17
159.  5.329582E-17
160.  5.463134E-17
161.  5.599450E-17
162.  5.738587E-17
163.  5.880567E-17
164.  6.025427E-17
165.  6.173237E-17
166.  6.324007E-17
167.  6.477793E-17
168.  6.634633E-17
169.  6.794581E-17
170.  6.957664E-17
171.  7.123931E-17
172.  7.293414E-17
173.  7.466176E-17
174.  7.642236E-17
175.  7.821645E-17
176.  8.004448E-17
177.  8.190683E-17
178.  8.380394E-17
179.  8.573622E-17
180.  8.770407E-17
181.  8.970807E-17
182.  9.174831E-17
183.  9.382540E-17
184.  9.593986E-17
185.  9.809182E-17
186.  1.002818E-16
187.  1.025105E-16
188.  1.047779E-16
189.  1.070845E-16
190.  1.094309E-16
191.  1.118173E-16
192.  1.142443E-16
193.  1.167119E-16
194.  1.192208E-16
195.  1.217714E-16
196.  1.243639E-16
197.  1.269990E-16
198.  1.296767E-16
199.  1.323973E-16
200.  1.351615E-16
201.  1.379695E-16
202.  1.408218E-16
203.  1.437185E-16
204.  1.466600E-16
205.  1.496467E-16
206.  1.526789E-16
207.  1.557570E-16
208.  1.588812E-16
209.  1.620518E-16
210.  1.652692E-16
211.  1.685336E-16
212.  1.718453E-16
213.  1.752047E-16
214.  1.786119E-16
215.  1.820671E-16
216.  1.855708E-16
217.  1.891232E-16
218.  1.927244E-16
219.  1.963747E-16
220.  2.000743E-16
221.  2.038232E-16
222.  2.076220E-16
223.  2.114708E-16
224.  2.153695E-16
225.  2.193184E-16
226.  2.233178E-16
227.  2.273677E-16
228.  2.314682E-16
229.  2.356196E-16
230.  2.398218E-16
231.  2.440750E-16
232.  2.483794E-16
233.  2.527349E-16
234.  2.571416E-16
235.  2.615996E-16
236.  2.661090E-16
237.  2.706696E-16
238.  2.752816E-16
239.  2.799449E-16
240.  2.846596E-16
241.  2.894255E-16
242.  2.942428E-16
243.  2.991113E-16
244.  3.040308E-16
245.  3.090014E-16
246.  3.140230E-16
247.  3.190954E-16
248.  3.242186E-16
249.  3.293922E-16
250.  3.346163E-16
251.  3.398906E-16
252.  3.452151E-16
253.  3.505893E-16
254.  3.560131E-16
255.  3.614863E-16
256.  3.670088E-16
257.  3.725801E-16
258.  3.781999E-16
259.  3.838682E-16
260.  3.895844E-16
261.  3.953483E-16
262.  4.011595E-16
263.  4.070176E-16
264.  4.129225E-16
265.  4.188735E-16
266.  4.248703E-16
267.  4.309125E-16
268.  4.369995E-16
269.  4.431313E-16
270.  4.493068E-16
271.  4.555261E-16
272.  4.617882E-16
273.  4.680930E-16
274.  4.744397E-16
275.  4.808277E-16
276.  4.872569E-16
277.  4.937262E-16
278.  5.002352E-16
279.  5.067834E-16
280.  5.133698E-16
281.  5.199945E-16
282.  5.266561E-16
283.  5.333543E-16
284.  5.400882E-16
285.  5.468573E-16
286.  5.536608E-16
287.  5.604981E-16
288.  5.673682E-16
289.  5.742707E-16
290.  5.812046E-16
291.  5.881690E-16
292.  5.951635E-16
293.  6.021869E-16
294.  6.092386E-16
295.  6.163175E-16
296.  6.234233E-16
297.  6.305546E-16
298.  6.377110E-16
299.  6.448911E-16
300.  6.520944E-16
301.  6.593199E-16
302.  6.665666E-16
303.  6.738336E-16
304.  6.811202E-16
305.  6.884252E-16
306.  6.957476E-16
307.  7.030867E-16
308.  7.104415E-16
309.  7.178109E-16
310.  7.251938E-16
311.  7.325895E-16
312.  7.399969E-16
313.  7.474148E-16
314.  7.548425E-16
315.  7.622788E-16
316.  7.697227E-16
317.  7.771730E-16
318.  7.846291E-16
319.  7.920896E-16
320.  7.995537E-16
321.  8.070202E-16
322.  8.144877E-16
323.  8.219559E-16
324.  8.294232E-16
325.  8.368889E-16
326.  8.443517E-16
327.  8.518104E-16
328.  8.592644E-16
329.  8.667123E-16
330.  8.741530E-16
331.  8.815856E-16
332.  8.890090E-16
333.  8.964223E-16
334.  9.038240E-16
335.  9.112135E-16
336.  9.185897E-16
337.  9.259510E-16
338.  9.332971E-16
339.  9.406265E-16
340.  9.479383E-16
341.  9.552318E-16
342.  9.625051E-16
343.  9.697580E-16
344.  9.769890E-16
345.  9.841974E-16
346.  9.913822E-16
347.  9.985419E-16
348.  1.005677E-15
349.  1.012784E-15
350.  1.019864E-15
351.  1.026915E-15
352.  1.033937E-15
353.  1.040928E-15
354.  1.047888E-15
355.  1.054815E-15
356.  1.061709E-15
357.  1.068569E-15
358.  1.075393E-15
359.  1.082182E-15
360.  1.088934E-15
361.  1.095648E-15
362.  1.102323E-15
363.  1.108959E-15
364.  1.115555E-15
365.  1.122110E-15
366.  1.128623E-15
367.  1.135093E-15
368.  1.141520E-15
369.  1.147903E-15
370.  1.154241E-15
371.  1.160534E-15
372.  1.166780E-15
373.  1.172979E-15
374.  1.179130E-15
375.  1.185233E-15
376.  1.191288E-15
377.  1.197292E-15
378.  1.203246E-15
379.  1.209150E-15
380.  1.215002E-15
381.  1.220803E-15
382.  1.226550E-15
383.  1.232245E-15
384.  1.237886E-15
385.  1.243474E-15
386.  1.249006E-15
387.  1.254484E-15
388.  1.259906E-15
389.  1.265273E-15
390.  1.270584E-15
391.  1.275837E-15
392.  1.281034E-15
393.  1.286174E-15
394.  1.291255E-15
395.  1.296279E-15
396.  1.301244E-15
397.  1.306151E-15
398.  1.310999E-15
399.  1.315788E-15
400.  1.320518E-15
401.  1.325188E-15
402.  1.329799E-15
403.  1.334349E-15
404.  1.338839E-15
405.  1.343270E-15
406.  1.347640E-15
407.  1.351949E-15
408.  1.356198E-15
409.  1.360386E-15
410.  1.364513E-15
411.  1.368580E-15
412.  1.372586E-15
413.  1.376531E-15
414.  1.380415E-15
415.  1.384239E-15
416.  1.388001E-15
417.  1.391703E-15
418.  1.395344E-15
419.  1.398925E-15
420.  1.402445E-15
421.  1.405905E-15
422.  1.409304E-15
423.  1.412644E-15
424.  1.415923E-15
425.  1.419142E-15
426.  1.422302E-15
427.  1.425402E-15
428.  1.428442E-15
429.  1.431424E-15
430.  1.434346E-15
431.  1.437209E-15
432.  1.440014E-15
433.  1.442761E-15
434.  1.445450E-15
435.  1.448081E-15
436.  1.450654E-15
437.  1.453170E-15
438.  1.455629E-15
439.  1.458032E-15
440.  1.460378E-15
441.  1.462667E-15
442.  1.464902E-15
443.  1.467080E-15
444.  1.469204E-15
445.  1.471272E-15
446.  1.473286E-15
447.  1.475247E-15
448.  1.477153E-15
449.  1.479006E-15
450.  1.480805E-15
451.  1.482553E-15
452.  1.484247E-15
453.  1.485890E-15
454.  1.487481E-15
455.  1.489020E-15
456.  1.490509E-15
457.  1.491948E-15
458.  1.493336E-15
459.  1.494674E-15
460.  1.495963E-15
461.  1.497203E-15
462.  1.498395E-15
463.  1.499538E-15
464.  1.500633E-15
465.  1.501680E-15
466.  1.502681E-15
467.  1.503635E-15
468.  1.504542E-15
469.  1.505404E-15
470.  1.506219E-15
471.  1.506990E-15
472.  1.507715E-15
473.  1.508396E-15
474.  1.509033E-15
475.  1.509626E-15
476.  1.510175E-15
477.  1.510682E-15
478.  1.511145E-15
479.  1.511567E-15
480.  1.511945E-15
481.  1.512283E-15
482.  1.512578E-15
483.  1.512833E-15
484.  1.513047E-15
485.  1.513220E-15
486.  1.513353E-15
487.  1.513446E-15
488.  1.513500E-15
489.  1.513515E-15
490.  1.513490E-15
491.  1.513427E-15
492.  1.513325E-15
493.  1.513185E-15
494.  1.513007E-15
495.  1.512792E-15
496.  1.512539E-15
497.  1.512249E-15
498.  1.511923E-15
499.  1.511559E-15
500.  1.511160E-15
501.  1.510723E-15
502.  1.510252E-15
503.  1.509744E-15
504.  1.509201E-15
505.  1.508622E-15
506.  1.508009E-15
507.  1.507360E-15
508.  1.506677E-15
509.  1.505959E-15
510.  1.505206E-15
511.  1.504420E-15
512.  1.503599E-15
513.  1.502744E-15
514.  1.501856E-15
515.  1.500935E-15
516.  1.499979E-15
517.  1.498991E-15
518.  1.497969E-15
519.  1.496915E-15
520.  1.495827E-15
521.  1.494707E-15
522.  1.493553E-15
523.  1.492368E-15
524.  1.491150E-15
525.  1.489900E-15
526.  1.488617E-15
527.  1.487303E-15
528.  1.485956E-15
529.  1.484578E-15
530.  1.483167E-15
531.  1.481725E-15
532.  1.480252E-15
533.  1.478747E-15
534.  1.477210E-15
535.  1.475642E-15
536.  1.474043E-15
537.  1.472413E-15
538.  1.470752E-15
539.  1.469059E-15
540.  1.467336E-15
541.  1.465582E-15
542.  1.463797E-15
543.  1.461981E-15
544.  1.460135E-15
545.  1.458258E-15
546.  1.456351E-15
547.  1.454413E-15
548.  1.452446E-15
549.  1.450448E-15
550.  1.448420E-15
551.  1.446361E-15
552.  1.444273E-15
553.  1.442155E-15
554.  1.440008E-15
555.  1.437830E-15
556.  1.435624E-15
557.  1.433387E-15
558.  1.431122E-15
559.  1.428827E-15
560.  1.426503E-15
561.  1.424150E-15
562.  1.421768E-15
563.  1.419358E-15
564.  1.416918E-15
565.  1.414450E-15
566.  1.411954E-15
567.  1.409430E-15
568.  1.406878E-15
569.  1.404297E-15
570.  1.401689E-15
571.  1.399053E-15
572.  1.396390E-15
573.  1.393699E-15
574.  1.390981E-15
575.  1.388236E-15
576.  1.385465E-15
577.  1.382667E-15
578.  1.379842E-15
579.  1.376991E-15
580.  1.374114E-15
581.  1.371212E-15
582.  1.368284E-15
583.  1.365330E-15
584.  1.362351E-15
585.  1.359347E-15
586.  1.356319E-15
587.  1.353266E-15
588.  1.350189E-15
589.  1.347088E-15
590.  1.343964E-15
591.  1.340816E-15
592.  1.337645E-15
593.  1.334450E-15
594.  1.331234E-15
595.  1.327995E-15
596.  1.324734E-15
597.  1.321451E-15
598.  1.318147E-15
599.  1.314822E-15
600.  1.311476E-15
601.  1.308110E-15
602.  1.304723E-15
603.  1.301317E-15
604.  1.297891E-15
605.  1.294447E-15
606.  1.290983E-15
607.  1.287501E-15
608.  1.284001E-15
609.  1.280483E-15
610.  1.276948E-15
611.  1.273396E-15
612.  1.269827E-15
613.  1.266242E-15
614.  1.262642E-15
615.  1.259026E-15
616.  1.255395E-15
617.  1.251749E-15
618.  1.248089E-15
619.  1.244415E-15
620.  1.240728E-15
621.  1.237028E-15
622.  1.233315E-15
623.  1.229591E-15
624.  1.225854E-15
625.  1.222106E-15
626.  1.218347E-15
627.  1.214578E-15
628.  1.210798E-15
629.  1.207009E-15
630.  1.203211E-15
631.  1.199404E-15
632.  1.195589E-15
633.  1.191766E-15
634.  1.187936E-15
635.  1.184099E-15
636.  1.180255E-15
637.  1.176405E-15
638.  1.172550E-15
639.  1.168690E-15
640.  1.164825E-15
641.  1.160955E-15
642.  1.157082E-15
643.  1.153206E-15
644.  1.149327E-15
645.  1.145445E-15
646.  1.141561E-15
647.  1.137676E-15
648.  1.133790E-15
649.  1.129903E-15
650.  1.126016E-15
651.  1.122130E-15
652.  1.118244E-15
653.  1.114360E-15
654.  1.110477E-15
655.  1.106596E-15
656.  1.102718E-15
657.  1.098843E-15
658.  1.094971E-15
659.  1.091103E-15
660.  1.087240E-15
661.  1.083381E-15
662.  1.079528E-15
663.  1.075681E-15
664.  1.071839E-15
665.  1.068004E-15
666.  1.064176E-15
667.  1.060356E-15
668.  1.056543E-15
669.  1.052738E-15
670.  1.048943E-15
671.  1.045156E-15
672.  1.041379E-15
673.  1.037612E-15
674.  1.033855E-15
675.  1.030109E-15
676.  1.026374E-15
677.  1.022651E-15
678.  1.018940E-15
679.  1.015241E-15
680.  1.011555E-15
681.  1.007882E-15
682.  1.004222E-15
683.  1.000577E-15
684.  9.969455E-16
685.  9.933290E-16
686.  9.897275E-16
687.  9.861414E-16
688.  9.825713E-16
689.  9.790173E-16
690.  9.754799E-16
691.  9.719593E-16
692.  9.684560E-16
693.  9.649703E-16
694.  9.615027E-16
695.  9.580532E-16
696.  9.546224E-16
697.  9.512106E-16
698.  9.478180E-16
699.  9.444451E-16
700.  9.410923E-16
701.  9.377596E-16
702.  9.344476E-16
703.  9.311564E-16
704.  9.278867E-16
705.  9.246385E-16
706.  9.214120E-16
707.  9.182076E-16
708.  9.150258E-16
709.  9.118669E-16
710.  9.087309E-16
711.  9.056182E-16
712.  9.025291E-16
713.  8.994639E-16
714.  8.964229E-16
715.  8.934063E-16
716.  8.904145E-16
717.  8.874476E-16
718.  8.845060E-16
719.  8.815899E-16
720.  8.786996E-16
721.  8.758350E-16
722.  8.729969E-16
723.  8.701853E-16
724.  8.674004E-16
725.  8.646424E-16
726.  8.619117E-16
727.  8.592083E-16
728.  8.565327E-16
729.  8.538848E-16
730.  8.512653E-16
731.  8.486740E-16
732.  8.461108E-16
733.  8.435768E-16
734.  8.410714E-16
735.  8.385954E-16
736.  8.361485E-16
737.  8.337312E-16
738.  8.313435E-16
739.  8.289857E-16
740.  8.266580E-16
741.  8.243605E-16
742.  8.220933E-16
743.  8.198567E-16
744.  8.176508E-16
745.  8.154758E-16
746.  8.133317E-16
747.  8.112188E-16
748.  8.091374E-16
749.  8.070873E-16
750.  8.050686E-16
751.  8.030819E-16
752.  8.011269E-16
753.  7.992039E-16
754.  7.973129E-16
755.  7.954541E-16
756.  7.936276E-16
757.  7.918335E-16
758.  7.900719E-16
759.  7.883429E-16
760.  7.866465E-16
761.  7.849827E-16
762.  7.833520E-16
763.  7.817541E-16
764.  7.801892E-16
765.  7.786571E-16
766.  7.771583E-16
767.  7.756925E-16
768.  7.742599E-16
769.  7.728606E-16
770.  7.714943E-16
771.  7.701615E-16
772.  7.688619E-16
773.  7.675957E-16
774.  7.663627E-16
775.  7.651631E-16
776.  7.639967E-16
777.  7.628637E-16
778.  7.617640E-16
779.  7.606976E-16
780.  7.596645E-16
781.  7.586645E-16
782.  7.576977E-16
783.  7.567641E-16
784.  7.558636E-16
785.  7.549960E-16
786.  7.541614E-16
787.  7.533598E-16
788.  7.525909E-16
789.  7.518548E-16
790.  7.511514E-16
791.  7.504805E-16
792.  7.498421E-16
793.  7.492360E-16
794.  7.486619E-16
795.  7.481202E-16
796.  7.476104E-16
797.  7.471323E-16
798.  7.466859E-16
799.  7.462713E-16
800.  7.458878E-16
801.  7.455356E-16
802.  7.452145E-16
803.  7.449242E-16
804.  7.446645E-16
805.  7.444353E-16
806.  7.442366E-16
807.  7.440677E-16
808.  7.439290E-16
809.  7.438197E-16
810.  7.437399E-16
811.  7.436892E-16
812.  7.436675E-16
813.  7.436747E-16
814.  7.437101E-16
815.  7.437737E-16
816.  7.438653E-16
817.  7.439846E-16
818.  7.441313E-16
819.  7.443050E-16
820.  7.445056E-16
821.  7.447328E-16
822.  7.449859E-16
823.  7.452651E-16
824.  7.455698E-16
825.  7.458998E-16
826.  7.462547E-16
827.  7.466341E-16
828.  7.470380E-16
829.  7.474656E-16
830.  7.479169E-16
831.  7.483913E-16
832.  7.488886E-16
833.  7.494085E-16
834.  7.499502E-16
835.  7.505139E-16
836.  7.510987E-16
837.  7.517047E-16
838.  7.523312E-16
839.  7.529779E-16
840.  7.536444E-16
841.  7.543303E-16
842.  7.550351E-16
843.  7.557586E-16
844.  7.565001E-16
845.  7.572595E-16
846.  7.580361E-16
847.  7.588296E-16
848.  7.596397E-16
849.  7.604657E-16
850.  7.613074E-16
851.  7.621642E-16
852.  7.630358E-16
853.  7.639218E-16
854.  7.648215E-16
855.  7.657347E-16
856.  7.666608E-16
857.  7.675996E-16
858.  7.685504E-16
859.  7.695128E-16
860.  7.704865E-16
861.  7.714708E-16
862.  7.724656E-16
863.  7.734703E-16
864.  7.744843E-16
865.  7.755072E-16
866.  7.765386E-16
867.  7.775783E-16
868.  7.786254E-16
869.  7.796799E-16
870.  7.807410E-16
871.  7.818084E-16
872.  7.828818E-16
873.  7.839605E-16
874.  7.850443E-16
875.  7.861325E-16
876.  7.872249E-16
877.  7.883210E-16
878.  7.894205E-16
879.  7.905227E-16
880.  7.916275E-16
881.  7.927342E-16
882.  7.938425E-16
883.  7.949521E-16
884.  7.960626E-16
885.  7.971733E-16
886.  7.982841E-16
887.  7.993945E-16
888.  8.005044E-16
889.  8.016129E-16
890.  8.027199E-16
891.  8.038252E-16
892.  8.049282E-16
893.  8.060286E-16
894.  8.071262E-16
895.  8.082203E-16
896.  8.093110E-16
897.  8.103977E-16
898.  8.114800E-16
899.  8.125579E-16
900.  8.136308E-16
901.  8.146986E-16
902.  8.157609E-16
903.  8.168173E-16
904.  8.178679E-16
905.  8.189119E-16
906.  8.199496E-16
907.  8.209802E-16
908.  8.220038E-16
909.  8.230202E-16
910.  8.240288E-16
911.  8.250298E-16
912.  8.260228E-16
913.  8.270075E-16
914.  8.279838E-16
915.  8.289515E-16
916.  8.299105E-16
917.  8.308605E-16
918.  8.318015E-16
919.  8.327332E-16
920.  8.336557E-16
921.  8.345683E-16
922.  8.354714E-16
923.  8.363649E-16
924.  8.372484E-16
925.  8.381219E-16
926.  8.389855E-16
927.  8.398388E-16
928.  8.406820E-16
929.  8.415148E-16
930.  8.423375E-16
931.  8.431498E-16
932.  8.439517E-16
933.  8.447433E-16
934.  8.455244E-16
935.  8.462951E-16
936.  8.470555E-16
937.  8.478054E-16
938.  8.485451E-16
939.  8.492745E-16
940.  8.499935E-16
941.  8.507025E-16
942.  8.514011E-16
943.  8.520898E-16
944.  8.527686E-16
945.  8.534373E-16
946.  8.540965E-16
947.  8.547459E-16
948.  8.553858E-16
949.  8.560161E-16
950.  8.566372E-16
951.  8.572492E-16
952.  8.578522E-16
953.  8.584463E-16
954.  8.590319E-16
955.  8.596091E-16
956.  8.601778E-16
957.  8.607384E-16
958.  8.612913E-16
959.  8.618364E-16
960.  8.623739E-16
961.  8.629044E-16
962.  8.634278E-16
963.  8.639445E-16
964.  8.644546E-16
965.  8.649585E-16
966.  8.654564E-16
967.  8.659486E-16
968.  8.664352E-16
969.  8.669167E-16
970.  8.673934E-16
971.  8.678654E-16
972.  8.683330E-16
973.  8.687967E-16
974.  8.692566E-16
975.  8.697132E-16
976.  8.701668E-16
977.  8.706174E-16
978.  8.710657E-16
979.  8.715119E-16
980.  8.719563E-16
981.  8.723994E-16
982.  8.728411E-16
983.  8.732824E-16
984.  8.737232E-16
985.  8.741640E-16
986.  8.746050E-16
987.  8.750469E-16
988.  8.754897E-16
989.  8.759337E-16
990.  8.763796E-16
991.  8.768278E-16
992.  8.772783E-16
993.  8.777316E-16
994.  8.781883E-16
995.  8.786486E-16
996.  8.791127E-16
997.  8.795812E-16
998.  8.800545E-16
999.  8.805328E-16
1000.  8.810167E-16
1001.  8.815064E-16
1002.  8.820023E-16
1003.  8.825048E-16
1004.  8.830144E-16
1005.  8.835311E-16
1006.  8.840555E-16
1007.  8.845881E-16
1008.  8.851290E-16
1009.  8.856788E-16
1010.  8.862377E-16
1011.  8.868061E-16
1012.  8.873844E-16
1013.  8.879730E-16
1014.  8.885721E-16
1015.  8.891822E-16
1016.  8.898036E-16
1017.  8.904364E-16
1018.  8.910812E-16
1019.  8.917384E-16
1020.  8.924083E-16
1021.  8.930908E-16
1022.  8.937868E-16
1023.  8.944963E-16
1024.  8.952199E-16
1025.  8.959574E-16
1026.  8.967095E-16
1027.  8.974765E-16
1028.  8.982584E-16
1029.  8.990558E-16
1030.  8.998690E-16
1031.  9.006978E-16
1032.  9.015429E-16
1033.  9.024045E-16
1034.  9.032827E-16
1035.  9.041781E-16
1036.  9.050905E-16
1037.  9.060203E-16
1038.  9.069679E-16
1039.  9.079333E-16
1040.  9.089170E-16
1041.  9.099188E-16
1042.  9.109390E-16
1043.  9.119779E-16
1044.  9.130361E-16
1045.  9.141130E-16
1046.  9.152091E-16
1047.  9.163247E-16
1048.  9.174597E-16
1049.  9.186146E-16
1050.  9.197891E-16
1051.  9.209837E-16
1052.  9.221982E-16
1053.  9.234331E-16
1054.  9.246881E-16
1055.  9.259635E-16
1056.  9.272595E-16
1057.  9.285758E-16
1058.  9.299128E-16
1059.  9.312704E-16
1060.  9.326487E-16
1061.  9.340477E-16
1062.  9.354676E-16
1063.  9.369083E-16
1064.  9.383698E-16
1065.  9.398521E-16
1066.  9.413551E-16
1067.  9.428792E-16
1068.  9.444237E-16
1069.  9.459893E-16
1070.  9.475751E-16
1071.  9.491819E-16
1072.  9.508093E-16
1073.  9.524571E-16
1074.  9.541254E-16
1075.  9.558141E-16
1076.  9.575229E-16
1077.  9.592521E-16
1078.  9.610010E-16
1079.  9.627700E-16
1080.  9.645590E-16
1081.  9.663673E-16
1082.  9.681953E-16
1083.  9.700425E-16
1084.  9.719089E-16
1085.  9.737944E-16
1086.  9.756985E-16
1087.  9.776213E-16
1088.  9.795626E-16
1089.  9.815221E-16
1090.  9.834993E-16
1091.  9.854946E-16
1092.  9.875072E-16
1093.  9.895371E-16
1094.  9.915842E-16
1095.  9.936480E-16
1096.  9.957283E-16
1097.  9.978247E-16
1098.  9.999370E-16
1099.  1.002065E-15
1100.  1.004209E-15
1101.  1.006367E-15
1102.  1.008541E-15
1103.  1.010728E-15
1104.  1.012930E-15
1105.  1.015146E-15
1106.  1.017375E-15
1107.  1.019617E-15
1108.  1.021872E-15
1109.  1.024139E-15
1110.  1.026419E-15
1111.  1.028710E-15
1112.  1.031012E-15
1113.  1.033325E-15
1114.  1.035649E-15
1115.  1.037983E-15
1116.  1.040327E-15
1117.  1.042680E-15
1118.  1.045042E-15
1119.  1.047413E-15
1120.  1.049792E-15
1121.  1.052178E-15
1122.  1.054572E-15
1123.  1.056973E-15
1124.  1.059381E-15
1125.  1.061794E-15
1126.  1.064213E-15
1127.  1.066638E-15
1128.  1.069067E-15
1129.  1.071500E-15
1130.  1.073938E-15
1131.  1.076379E-15
1132.  1.078823E-15
1133.  1.081269E-15
1134.  1.083718E-15
1135.  1.086168E-15
1136.  1.088620E-15
1137.  1.091072E-15
1138.  1.093525E-15
1139.  1.095977E-15
1140.  1.098430E-15
1141.  1.100881E-15
1142.  1.103331E-15
1143.  1.105779E-15
1144.  1.108224E-15
1145.  1.110667E-15
1146.  1.113107E-15
1147.  1.115543E-15
1148.  1.117975E-15
1149.  1.120402E-15
1150.  1.122825E-15
1151.  1.125242E-15
1152.  1.127653E-15
1153.  1.130059E-15
1154.  1.132457E-15
1155.  1.134849E-15
1156.  1.137233E-15
1157.  1.139609E-15
1158.  1.141977E-15
1159.  1.144336E-15
1160.  1.146686E-15
1161.  1.149026E-15
1162.  1.151357E-15
1163.  1.153678E-15
1164.  1.155987E-15
1165.  1.158286E-15
1166.  1.160573E-15
1167.  1.162849E-15
1168.  1.165112E-15
1169.  1.167363E-15
1170.  1.169601E-15
1171.  1.171826E-15
1172.  1.174038E-15
1173.  1.176235E-15
1174.  1.178419E-15
1175.  1.180588E-15
1176.  1.182742E-15
1177.  1.184881E-15
1178.  1.187005E-15
1179.  1.189113E-15
1180.  1.191206E-15
1181.  1.193282E-15
1182.  1.195341E-15
1183.  1.197384E-15
1184.  1.199410E-15
1185.  1.201419E-15
1186.  1.203410E-15
1187.  1.205384E-15
1188.  1.207339E-15
1189.  1.209277E-15
1190.  1.211197E-15
1191.  1.213097E-15
1192.  1.214980E-15
1193.  1.216843E-15
1194.  1.218688E-15
1195.  1.220513E-15
1196.  1.222319E-15
1197.  1.224106E-15
1198.  1.225874E-15
1199.  1.227621E-15
1200.  1.229349E-15
1201.  1.231057E-15
1202.  1.232745E-15
1203.  1.234414E-15
1204.  1.236062E-15
1205.  1.237690E-15
1206.  1.239298E-15
1207.  1.240885E-15
1208.  1.242453E-15
1209.  1.244000E-15
1210.  1.245527E-15
1211.  1.247033E-15
1212.  1.248520E-15
1213.  1.249986E-15
1214.  1.251432E-15
1215.  1.252858E-15
1216.  1.254263E-15
1217.  1.255649E-15
1218.  1.257014E-15
1219.  1.258360E-15
1220.  1.259686E-15
1221.  1.260992E-15
1222.  1.262279E-15
1223.  1.263546E-15
1224.  1.264793E-15
1225.  1.266021E-15
1226.  1.267231E-15
1227.  1.268421E-15
1228.  1.269592E-15
1229.  1.270745E-15
1230.  1.271879E-15
1231.  1.272995E-15
1232.  1.274093E-15
1233.  1.275173E-15
1234.  1.276235E-15
1235.  1.277279E-15
1236.  1.278307E-15
1237.  1.279317E-15
1238.  1.280311E-15
1239.  1.281288E-15
1240.  1.282248E-15
1241.  1.283193E-15
1242.  1.284122E-15
1243.  1.285035E-15
1244.  1.285934E-15
1245.  1.286817E-15
1246.  1.287686E-15
1247.  1.288540E-15
1248.  1.289381E-15
1249.  1.290207E-15
1250.  1.291021E-15
1251.  1.291821E-15
1252.  1.292609E-15
1253.  1.293384E-15
1254.  1.294148E-15
1255.  1.294899E-15
1256.  1.295640E-15
1257.  1.296369E-15
1258.  1.297088E-15
1259.  1.297797E-15
1260.  1.298496E-15
1261.  1.299185E-15
1262.  1.299866E-15
1263.  1.300538E-15
1264.  1.301201E-15
1265.  1.301857E-15
1266.  1.302505E-15
1267.  1.303146E-15
1268.  1.303781E-15
1269.  1.304409E-15
1270.  1.305032E-15
1271.  1.305649E-15
1272.  1.306261E-15
1273.  1.306868E-15
1274.  1.307472E-15
1275.  1.308072E-15
1276.  1.308668E-15
1277.  1.309262E-15
1278.  1.309853E-15
1279.  1.310442E-15
1280.  1.311030E-15
1281.  1.311617E-15
1282.  1.312202E-15
1283.  1.312788E-15
1284.  1.313374E-15
1285.  1.313961E-15
1286.  1.314549E-15
1287.  1.315138E-15
1288.  1.315729E-15
1289.  1.316322E-15
1290.  1.316919E-15
1291.  1.317519E-15
1292.  1.318122E-15
1293.  1.318730E-15
1294.  1.319342E-15
1295.  1.319960E-15
1296.  1.320582E-15
1297.  1.321211E-15
1298.  1.321846E-15
1299.  1.322488E-15
1300.  1.323137E-15
1301.  1.323794E-15
1302.  1.324459E-15
1303.  1.325132E-15
1304.  1.325814E-15
1305.  1.326505E-15
1306.  1.327207E-15
1307.  1.327918E-15
1308.  1.328640E-15
1309.  1.329373E-15
1310.  1.330117E-15
1311.  1.330873E-15
1312.  1.331641E-15
1313.  1.332422E-15
1314.  1.333216E-15
1315.  1.334023E-15
1316.  1.334843E-15
1317.  1.335678E-15
1318.  1.336528E-15
1319.  1.337392E-15
1320.  1.338271E-15
1321.  1.339166E-15
1322.  1.340076E-15
1323.  1.341003E-15
1324.  1.341947E-15
1325.  1.342907E-15
1326.  1.343885E-15
1327.  1.344880E-15
1328.  1.345894E-15
1329.  1.346925E-15
1330.  1.347975E-15
1331.  1.349044E-15
1332.  1.350132E-15
1333.  1.351239E-15
1334.  1.352367E-15
1335.  1.353514E-15
1336.  1.354681E-15
1337.  1.355869E-15
1338.  1.357078E-15
1339.  1.358308E-15
1340.  1.359560E-15
1341.  1.360833E-15
1342.  1.362127E-15
1343.  1.363444E-15
1344.  1.364783E-15
1345.  1.366145E-15
1346.  1.367529E-15
1347.  1.368936E-15
1348.  1.370366E-15
1349.  1.371820E-15
1350.  1.373297E-15
1351.  1.374798E-15
1352.  1.376322E-15
1353.  1.377870E-15
1354.  1.379443E-15
1355.  1.381039E-15
1356.  1.382661E-15
1357.  1.384306E-15
1358.  1.385976E-15
1359.  1.387671E-15
1360.  1.389391E-15
1361.  1.391136E-15
1362.  1.392905E-15
1363.  1.394700E-15
1364.  1.396520E-15
1365.  1.398365E-15
1366.  1.400235E-15
1367.  1.402131E-15
1368.  1.404052E-15
1369.  1.405998E-15
1370.  1.407970E-15
1371.  1.409967E-15
1372.  1.411990E-15
1373.  1.414037E-15
1374.  1.416110E-15
1375.  1.418209E-15
1376.  1.420332E-15
1377.  1.422482E-15
1378.  1.424656E-15
1379.  1.426855E-15
1380.  1.429079E-15
1381.  1.431329E-15
1382.  1.433602E-15
1383.  1.435901E-15
1384.  1.438225E-15
1385.  1.440573E-15
1386.  1.442945E-15
1387.  1.445342E-15
1388.  1.447762E-15
1389.  1.450207E-15
1390.  1.452676E-15
1391.  1.455168E-15
1392.  1.457683E-15
1393.  1.460222E-15
1394.  1.462783E-15
1395.  1.465368E-15
1396.  1.467975E-15
1397.  1.470604E-15
1398.  1.473256E-15
1399.  1.475929E-15
1400.  1.478624E-15
1401.  1.481340E-15
1402.  1.484077E-15
1403.  1.486835E-15
1404.  1.489613E-15
1405.  1.492411E-15
1406.  1.495229E-15
1407.  1.498067E-15
1408.  1.500924E-15
1409.  1.503799E-15
1410.  1.506693E-15
1411.  1.509605E-15
1412.  1.512535E-15
1413.  1.515482E-15
1414.  1.518445E-15
1415.  1.521426E-15
1416.  1.524422E-15
1417.  1.527434E-15
1418.  1.530462E-15
1419.  1.533504E-15
1420.  1.536560E-15
1421.  1.539631E-15
1422.  1.542714E-15
1423.  1.545812E-15
1424.  1.548921E-15
1425.  1.552042E-15
1426.  1.555175E-15
1427.  1.558318E-15
1428.  1.561473E-15
1429.  1.564637E-15
1430.  1.567811E-15
1431.  1.570993E-15
1432.  1.574184E-15
1433.  1.577383E-15
1434.  1.580589E-15
1435.  1.583802E-15
1436.  1.587021E-15
1437.  1.590245E-15
1438.  1.593475E-15
1439.  1.596708E-15
1440.  1.599946E-15
1441.  1.603186E-15
1442.  1.606430E-15
1443.  1.609675E-15
1444.  1.612921E-15
1445.  1.616168E-15
1446.  1.619415E-15
1447.  1.622662E-15
1448.  1.625907E-15
1449.  1.629151E-15
1450.  1.632391E-15
1451.  1.635629E-15
1452.  1.638863E-15
1453.  1.642092E-15
1454.  1.645316E-15
1455.  1.648534E-15
1456.  1.651745E-15
1457.  1.654949E-15
1458.  1.658145E-15
1459.  1.661333E-15
1460.  1.664511E-15
1461.  1.667679E-15
1462.  1.670836E-15
1463.  1.673982E-15
1464.  1.677116E-15
1465.  1.680236E-15
1466.  1.683344E-15
1467.  1.686436E-15
1468.  1.689514E-15
1469.  1.692576E-15
1470.  1.695621E-15
1471.  1.698650E-15
1472.  1.701660E-15
1473.  1.704651E-15
1474.  1.707624E-15
1475.  1.710576E-15
1476.  1.713507E-15
1477.  1.716417E-15
1478.  1.719304E-15
1479.  1.722168E-15
1480.  1.725009E-15
1481.  1.727825E-15
1482.  1.730616E-15
1483.  1.733381E-15
1484.  1.736119E-15
1485.  1.738831E-15
1486.  1.741514E-15
1487.  1.744168E-15
1488.  1.746793E-15
1489.  1.749387E-15
1490.  1.751951E-15
1491.  1.754483E-15
1492.  1.756982E-15
1493.  1.759449E-15
1494.  1.761882E-15
1495.  1.764280E-15
1496.  1.766643E-15
1497.  1.768971E-15
1498.  1.771262E-15
1499.  1.773516E-15
1500.  1.775732E-15
1501.  1.777910E-15
1502.  1.780049E-15
1503.  1.782148E-15
1504.  1.784206E-15
1505.  1.786223E-15
1506.  1.788198E-15
1507.  1.790132E-15
1508.  1.792021E-15
1509.  1.793868E-15
1510.  1.795670E-15
1511.  1.797428E-15
1512.  1.799140E-15
1513.  1.800806E-15
1514.  1.802425E-15
1515.  1.803997E-15
1516.  1.805521E-15
1517.  1.806998E-15
1518.  1.808425E-15
1519.  1.809802E-15
1520.  1.811130E-15
1521.  1.812407E-15
1522.  1.813633E-15
1523.  1.814807E-15
1524.  1.815929E-15
1525.  1.816999E-15
1526.  1.818016E-15
1527.  1.818978E-15
1528.  1.819888E-15
1529.  1.820742E-15
1530.  1.821541E-15
1531.  1.822285E-15
1532.  1.822973E-15
1533.  1.823605E-15
1534.  1.824180E-15
1535.  1.824698E-15
1536.  1.825158E-15
1537.  1.825561E-15
1538.  1.825905E-15
1539.  1.826191E-15
1540.  1.826417E-15
1541.  1.826584E-15
1542.  1.826692E-15
1543.  1.826739E-15
1544.  1.826726E-15
1545.  1.826652E-15
1546.  1.826517E-15
1547.  1.826321E-15
1548.  1.826064E-15
1549.  1.825744E-15
1550.  1.825363E-15
1551.  1.824919E-15
1552.  1.824413E-15
1553.  1.823844E-15
1554.  1.823212E-15
1555.  1.822517E-15
1556.  1.821758E-15
1557.  1.820936E-15
1558.  1.820051E-15
1559.  1.819101E-15
1560.  1.818087E-15
1561.  1.817009E-15
1562.  1.815867E-15
1563.  1.814661E-15
1564.  1.813390E-15
1565.  1.812054E-15
1566.  1.810654E-15
1567.  1.809189E-15
1568.  1.807660E-15
1569.  1.806065E-15
1570.  1.804406E-15
1571.  1.802682E-15
1572.  1.800892E-15
1573.  1.799039E-15
1574.  1.797120E-15
1575.  1.795136E-15
1576.  1.793088E-15
1577.  1.790975E-15
1578.  1.788797E-15
1579.  1.786554E-15
1580.  1.784247E-15
1581.  1.781876E-15
1582.  1.779440E-15
1583.  1.776940E-15
1584.  1.774376E-15
1585.  1.771747E-15
1586.  1.769055E-15
1587.  1.766299E-15
1588.  1.763480E-15
1589.  1.760598E-15
1590.  1.757652E-15
1591.  1.754643E-15
1592.  1.751572E-15
1593.  1.748438E-15
1594.  1.745242E-15
1595.  1.741984E-15
1596.  1.738663E-15
1597.  1.735282E-15
1598.  1.731839E-15
1599.  1.728335E-15
1600.  1.724771E-15
1601.  1.721146E-15
1602.  1.717461E-15
1603.  1.713716E-15
1604.  1.709912E-15
1605.  1.706050E-15
1606.  1.702128E-15
1607.  1.698148E-15
1608.  1.694109E-15
1609.  1.690014E-15
1610.  1.685861E-15
1611.  1.681652E-15
1612.  1.677386E-15
1613.  1.673064E-15
1614.  1.668686E-15
1615.  1.664254E-15
1616.  1.659767E-15
1617.  1.655226E-15
1618.  1.650631E-15
1619.  1.645983E-15
1620.  1.641282E-15
1621.  1.636529E-15
1622.  1.631724E-15
1623.  1.626868E-15
1624.  1.621961E-15
1625.  1.617004E-15
1626.  1.611997E-15
1627.  1.606942E-15
1628.  1.601837E-15
1629.  1.596685E-15
1630.  1.591485E-15
1631.  1.586239E-15
1632.  1.580946E-15
1633.  1.575607E-15
1634.  1.570224E-15
1635.  1.564796E-15
1636.  1.559324E-15
1637.  1.553809E-15
1638.  1.548251E-15
1639.  1.542651E-15
1640.  1.537010E-15
1641.  1.531328E-15
1642.  1.525606E-15
1643.  1.519845E-15
1644.  1.514045E-15
1645.  1.508207E-15
1646.  1.502332E-15
1647.  1.496420E-15
1648.  1.490472E-15
1649.  1.484489E-15
1650.  1.478471E-15
1651.  1.472419E-15
1652.  1.466334E-15
1653.  1.460217E-15
1654.  1.454068E-15
1655.  1.447888E-15
1656.  1.441677E-15
1657.  1.435437E-15
1658.  1.429169E-15
1659.  1.422872E-15
1660.  1.416548E-15
1661.  1.410197E-15
1662.  1.403821E-15
1663.  1.397420E-15
1664.  1.390994E-15
1665.  1.384545E-15
1666.  1.378073E-15
1667.  1.371580E-15
1668.  1.365065E-15
1669.  1.358530E-15
1670.  1.351975E-15
1671.  1.345401E-15
1672.  1.338810E-15
1673.  1.332201E-15
1674.  1.325576E-15
1675.  1.318935E-15
1676.  1.312280E-15
1677.  1.305610E-15
1678.  1.298927E-15
1679.  1.292232E-15
1680.  1.285526E-15
1681.  1.278808E-15
1682.  1.272081E-15
1683.  1.265344E-15
1684.  1.258599E-15
1685.  1.251847E-15
1686.  1.245088E-15
1687.  1.238323E-15
1688.  1.231553E-15
1689.  1.224778E-15
1690.  1.218001E-15
1691.  1.211220E-15
1692.  1.204438E-15
1693.  1.197655E-15
1694.  1.190871E-15
1695.  1.184089E-15
1696.  1.177307E-15
1697.  1.170528E-15
1698.  1.163752E-15
1699.  1.156980E-15
1700.  1.150212E-15
1701.  1.143450E-15
1702.  1.136694E-15
1703.  1.129946E-15
1704.  1.123205E-15
1705.  1.116473E-15
1706.  1.109750E-15
1707.  1.103037E-15
1708.  1.096336E-15
1709.  1.089646E-15
1710.  1.082969E-15
1711.  1.076306E-15
1712.  1.069656E-15
1713.  1.063022E-15
1714.  1.056403E-15
1715.  1.049801E-15
1716.  1.043215E-15
1717.  1.036648E-15
1718.  1.030100E-15
1719.  1.023571E-15
1720.  1.017062E-15
1721.  1.010575E-15
1722.  1.004109E-15
1723.  9.976652E-16
1724.  9.912448E-16
1725.  9.848484E-16
1726.  9.784764E-16
1727.  9.721299E-16
1728.  9.658093E-16
1729.  9.595155E-16
1730.  9.532492E-16
1731.  9.470108E-16
1732.  9.408014E-16
1733.  9.346212E-16
1734.  9.284714E-16
1735.  9.223522E-16
1736.  9.162645E-16
1737.  9.102090E-16
1738.  9.041862E-16
1739.  8.981967E-16
1740.  8.922414E-16
1741.  8.863208E-16
1742.  8.804353E-16
1743.  8.745857E-16
1744.  8.687726E-16
1745.  8.629966E-16
1746.  8.572583E-16
1747.  8.515583E-16
1748.  8.458970E-16
1749.  8.402753E-16
1750.  8.346934E-16
1751.  8.291522E-16
1752.  8.236520E-16
1753.  8.181933E-16
1754.  8.127769E-16
1755.  8.074032E-16
1756.  8.020724E-16
1757.  7.967856E-16
1758.  7.915428E-16
1759.  7.863448E-16
1760.  7.811920E-16
1761.  7.760847E-16
1762.  7.710238E-16
1763.  7.660093E-16
1764.  7.610417E-16
1765.  7.561217E-16
1766.  7.512497E-16
1767.  7.464260E-16
1768.  7.416510E-16
1769.  7.369251E-16
1770.  7.322489E-16
1771.  7.276227E-16
1772.  7.230469E-16
1773.  7.185217E-16
1774.  7.140477E-16
1775.  7.096251E-16
1776.  7.052545E-16
1777.  7.009359E-16
1778.  6.966699E-16
1779.  6.924567E-16
1780.  6.882966E-16
1781.  6.841901E-16
1782.  6.801373E-16
1783.  6.761386E-16
1784.  6.721942E-16
1785.  6.683045E-16
1786.  6.644696E-16
1787.  6.606900E-16
1788.  6.569658E-16
1789.  6.532972E-16
1790.  6.496845E-16
1791.  6.461281E-16
1792.  6.426278E-16
1793.  6.391843E-16
1794.  6.357974E-16
1795.  6.324675E-16
1796.  6.291949E-16
1797.  6.259795E-16
1798.  6.228215E-16
1799.  6.197214E-16
1800.  6.166789E-16
1801.  6.136944E-16
1802.  6.107681E-16
1803.  6.079000E-16
1804.  6.050905E-16
1805.  6.023391E-16
1806.  5.996464E-16
1807.  5.970125E-16
1808.  5.944373E-16
1809.  5.919209E-16
1810.  5.894635E-16
1811.  5.870651E-16
1812.  5.847257E-16
1813.  5.824456E-16
1814.  5.802245E-16
1815.  5.780626E-16
1816.  5.759600E-16
1817.  5.739166E-16
1818.  5.719324E-16
1819.  5.700075E-16
1820.  5.681419E-16
1821.  5.663357E-16
1822.  5.645885E-16
1823.  5.629006E-16
1824.  5.612719E-16
1825.  5.597024E-16
1826.  5.581921E-16
1827.  5.567407E-16
1828.  5.553484E-16
1829.  5.540149E-16
1830.  5.527403E-16
1831.  5.515246E-16
1832.  5.503675E-16
1833.  5.492690E-16
1834.  5.482291E-16
1835.  5.472474E-16
1836.  5.463241E-16
1837.  5.454589E-16
1838.  5.446517E-16
1839.  5.439025E-16
1840.  5.432109E-16
1841.  5.425769E-16
1842.  5.420004E-16
1843.  5.414812E-16
1844.  5.410190E-16
1845.  5.406137E-16
1846.  5.402651E-16
1847.  5.399731E-16
1848.  5.397375E-16
1849.  5.395581E-16
1850.  5.394344E-16
1851.  5.393667E-16
1852.  5.393543E-16
1853.  5.393972E-16
1854.  5.394951E-16
1855.  5.396479E-16
1856.  5.398550E-16
1857.  5.401165E-16
1858.  5.404321E-16
1859.  5.408013E-16
1860.  5.412240E-16
1861.  5.416999E-16
1862.  5.422287E-16
1863.  5.428102E-16
1864.  5.434438E-16
1865.  5.441295E-16
1866.  5.448668E-16
1867.  5.456556E-16
1868.  5.464954E-16
1869.  5.473858E-16
1870.  5.483267E-16
1871.  5.493175E-16
1872.  5.503580E-16
1873.  5.514479E-16
1874.  5.525867E-16
1875.  5.537739E-16
1876.  5.550096E-16
1877.  5.562930E-16
1878.  5.576239E-16
1879.  5.590017E-16
1880.  5.604263E-16
1881.  5.618971E-16
1882.  5.634137E-16
1883.  5.649757E-16
1884.  5.665829E-16
1885.  5.682345E-16
1886.  5.699302E-16
1887.  5.716697E-16
1888.  5.734525E-16
1889.  5.752780E-16
1890.  5.771460E-16
1891.  5.790558E-16
1892.  5.810069E-16
1893.  5.829992E-16
1894.  5.850319E-16
1895.  5.871045E-16
1896.  5.892167E-16
1897.  5.913679E-16
1898.  5.935576E-16
1899.  5.957853E-16
1900.  5.980506E-16
1901.  6.003528E-16
1902.  6.026916E-16
1903.  6.050662E-16
1904.  6.074764E-16
1905.  6.099213E-16
1906.  6.124007E-16
1907.  6.149138E-16
1908.  6.174604E-16
1909.  6.200395E-16
1910.  6.226508E-16
1911.  6.252937E-16
1912.  6.279678E-16
1913.  6.306721E-16
1914.  6.334066E-16
1915.  6.361703E-16
1916.  6.389627E-16
1917.  6.417832E-16
1918.  6.446314E-16
1919.  6.475064E-16
1920.  6.504081E-16
1921.  6.533354E-16
1922.  6.562878E-16
1923.  6.592649E-16
1924.  6.622658E-16
1925.  6.652903E-16
1926.  6.683374E-16
1927.  6.714066E-16
1928.  6.744974E-16
1929.  6.776089E-16
1930.  6.807408E-16
1931.  6.838923E-16
1932.  6.870627E-16
1933.  6.902515E-16
1934.  6.934580E-16
1935.  6.966816E-16
1936.  6.999216E-16
1937.  7.031773E-16
1938.  7.064485E-16
1939.  7.097339E-16
1940.  7.130332E-16
1941.  7.163458E-16
1942.  7.196708E-16
1943.  7.230078E-16
1944.  7.263563E-16
1945.  7.297151E-16
1946.  7.330838E-16
1947.  7.364620E-16
1948.  7.398488E-16
1949.  7.432435E-16
1950.  7.466456E-16
1951.  7.500543E-16
1952.  7.534692E-16
1953.  7.568893E-16
1954.  7.603141E-16
1955.  7.637430E-16
1956.  7.671753E-16
1957.  7.706104E-16
1958.  7.740474E-16
1959.  7.774861E-16
1960.  7.809255E-16
1961.  7.843650E-16
1962.  7.878041E-16
1963.  7.912420E-16
1964.  7.946781E-16
1965.  7.981118E-16
1966.  8.015424E-16
1967.  8.049693E-16
1968.  8.083919E-16
1969.  8.118093E-16
1970.  8.152213E-16
1971.  8.186272E-16
1972.  8.220261E-16
1973.  8.254175E-16
1974.  8.288009E-16
1975.  8.321755E-16
1976.  8.355409E-16
1977.  8.388961E-16
1978.  8.422410E-16
1979.  8.455748E-16
1980.  8.488968E-16
1981.  8.522064E-16
1982.  8.555031E-16
1983.  8.587864E-16
1984.  8.620555E-16
1985.  8.653102E-16
1986.  8.685495E-16
1987.  8.717730E-16
1988.  8.749802E-16
1989.  8.781706E-16
1990.  8.813433E-16
1991.  8.844983E-16
1992.  8.876347E-16
1993.  8.907521E-16
1994.  8.938499E-16
1995.  8.969276E-16
1996.  8.999848E-16
1997.  9.030208E-16
1998.  9.060349E-16
1999.  9.090273E-16
2000.  9.119972E-16
2001.  9.149436E-16
2002.  9.178667E-16
2003.  9.207657E-16
2004.  9.236401E-16
2005.  9.264899E-16
2006.  9.293142E-16
2007.  9.321125E-16
2008.  9.348849E-16
2009.  9.376305E-16
2010.  9.403487E-16
2011.  9.430399E-16
2012.  9.457030E-16
2013.  9.483378E-16
2014.  9.509439E-16
2015.  9.535211E-16
2016.  9.560690E-16
2017.  9.585869E-16
2018.  9.610749E-16
2019.  9.635321E-16
2020.  9.659589E-16
2021.  9.683543E-16
2022.  9.707186E-16
2023.  9.730509E-16
2024.  9.753512E-16
2025.  9.776193E-16
2026.  9.798548E-16
2027.  9.820574E-16
2028.  9.842271E-16
2029.  9.863631E-16
2030.  9.884656E-16
2031.  9.905343E-16
2032.  9.925689E-16
2033.  9.945691E-16
2034.  9.965351E-16
2035.  9.984661E-16
2036.  1.000362E-15
2037.  1.002224E-15
2038.  1.004050E-15
2039.  1.005840E-15
2040.  1.007595E-15
2041.  1.009315E-15
2042.  1.010999E-15
2043.  1.012647E-15
2044.  1.014259E-15
2045.  1.015834E-15
2046.  1.017374E-15
2047.  1.018877E-15
2048.  1.020344E-15
2049.  1.021775E-15
2050.  1.023169E-15
2051.  1.024527E-15
2052.  1.025848E-15
2053.  1.027133E-15
2054.  1.028382E-15
2055.  1.029593E-15
2056.  1.030769E-15
2057.  1.031908E-15
2058.  1.033010E-15
2059.  1.034077E-15
2060.  1.035107E-15
2061.  1.036100E-15
2062.  1.037058E-15
2063.  1.037980E-15
2064.  1.038865E-15
2065.  1.039715E-15
2066.  1.040529E-15
2067.  1.041307E-15
2068.  1.042050E-15
2069.  1.042758E-15
2070.  1.043431E-15
2071.  1.044068E-15
2072.  1.044671E-15
2073.  1.045239E-15
2074.  1.045773E-15
2075.  1.046273E-15
2076.  1.046738E-15
2077.  1.047171E-15
2078.  1.047569E-15
2079.  1.047934E-15
2080.  1.048267E-15
2081.  1.048566E-15
2082.  1.048833E-15
2083.  1.049068E-15
2084.  1.049272E-15
2085.  1.049443E-15
2086.  1.049584E-15
2087.  1.049694E-15
2088.  1.049773E-15
2089.  1.049822E-15
2090.  1.049841E-15
2091.  1.049831E-15
2092.  1.049791E-15
2093.  1.049723E-15
2094.  1.049627E-15
2095.  1.049503E-15
2096.  1.049351E-15
2097.  1.049172E-15
2098.  1.048967E-15
2099.  1.048735E-15
2100.  1.048478E-15
2101.  1.048195E-15
2102.  1.047888E-15
2103.  1.047556E-15
2104.  1.047200E-15
2105.  1.046821E-15
2106.  1.046419E-15
2107.  1.045994E-15
2108.  1.045547E-15
2109.  1.045080E-15
2110.  1.044591E-15
2111.  1.044082E-15
2112.  1.043553E-15
2113.  1.043004E-15
2114.  1.042437E-15
2115.  1.041852E-15
2116.  1.041249E-15
2117.  1.040629E-15
2118.  1.039993E-15
2119.  1.039340E-15
2120.  1.038673E-15
2121.  1.037990E-15
2122.  1.037293E-15
2123.  1.036583E-15
2124.  1.035860E-15
2125.  1.035125E-15
2126.  1.034377E-15
2127.  1.033619E-15
2128.  1.032850E-15
2129.  1.032071E-15
2130.  1.031283E-15
2131.  1.030485E-15
2132.  1.029681E-15
2133.  1.028868E-15
2134.  1.028049E-15
2135.  1.027224E-15
2136.  1.026393E-15
2137.  1.025557E-15
2138.  1.024717E-15
2139.  1.023874E-15
2140.  1.023028E-15
2141.  1.022179E-15
2142.  1.021328E-15
2143.  1.020477E-15
2144.  1.019625E-15
2145.  1.018774E-15
2146.  1.017923E-15
2147.  1.017074E-15
2148.  1.016228E-15
2149.  1.015384E-15
2150.  1.014544E-15
2151.  1.013707E-15
2152.  1.012876E-15
2153.  1.012050E-15
2154.  1.011230E-15
2155.  1.010417E-15
2156.  1.009611E-15
2157.  1.008813E-15
2158.  1.008023E-15
2159.  1.007243E-15
2160.  1.006473E-15
2161.  1.005712E-15
2162.  1.004964E-15
2163.  1.004226E-15
2164.  1.003501E-15
2165.  1.002788E-15
2166.  1.002089E-15
2167.  1.001404E-15
2168.  1.000733E-15
2169.  1.000078E-15
2170.  9.994379E-16
2171.  9.988144E-16
2172.  9.982076E-16
2173.  9.976179E-16
2174.  9.970461E-16
2175.  9.964930E-16
2176.  9.959585E-16
2177.  9.954435E-16
2178.  9.949483E-16
2179.  9.944736E-16
2180.  9.940196E-16
2181.  9.935874E-16
2182.  9.931768E-16
2183.  9.927885E-16
2184.  9.924230E-16
2185.  9.920806E-16
2186.  9.917618E-16
2187.  9.914671E-16
2188.  9.911969E-16
2189.  9.909516E-16
2190.  9.907315E-16
2191.  9.905370E-16
2192.  9.903685E-16
2193.  9.902263E-16
2194.  9.901110E-16
2195.  9.900227E-16
2196.  9.899617E-16
2197.  9.899284E-16
2198.  9.899232E-16
2199.  9.899459E-16
2200.  9.899976E-16
2201.  9.900781E-16
2202.  9.901874E-16
2203.  9.903263E-16
2204.  9.904945E-16
2205.  9.906927E-16
2206.  9.909208E-16
2207.  9.911791E-16
2208.  9.914677E-16
2209.  9.917869E-16
2210.  9.921367E-16
2211.  9.925172E-16
2212.  9.929288E-16
2213.  9.933714E-16
2214.  9.938453E-16
2215.  9.943503E-16
2216.  9.948868E-16
2217.  9.954547E-16
2218.  9.960537E-16
2219.  9.966846E-16
2220.  9.973469E-16
2221.  9.980407E-16
2222.  9.987660E-16
2223.  9.995230E-16
2224.  1.000311E-15
2225.  1.001131E-15
2226.  1.001982E-15
2227.  1.002865E-15
2228.  1.003779E-15
2229.  1.004724E-15
2230.  1.005700E-15
2231.  1.006707E-15
2232.  1.007745E-15
2233.  1.008813E-15
2234.  1.009913E-15
2235.  1.011042E-15
2236.  1.012202E-15
2237.  1.013392E-15
2238.  1.014611E-15
2239.  1.015860E-15
2240.  1.017139E-15
2241.  1.018447E-15
2242.  1.019783E-15
2243.  1.021148E-15
2244.  1.022542E-15
2245.  1.023964E-15
2246.  1.025413E-15
2247.  1.026890E-15
2248.  1.028394E-15
2249.  1.029926E-15
2250.  1.031483E-15
2251.  1.033067E-15
2252.  1.034677E-15
2253.  1.036312E-15
2254.  1.037972E-15
2255.  1.039657E-15
2256.  1.041366E-15
2257.  1.043099E-15
2258.  1.044856E-15
2259.  1.046636E-15
2260.  1.048438E-15
2261.  1.050263E-15
2262.  1.052109E-15
2263.  1.053977E-15
2264.  1.055866E-15
2265.  1.057775E-15
2266.  1.059704E-15
2267.  1.061653E-15
2268.  1.063621E-15
2269.  1.065607E-15
2270.  1.067611E-15
2271.  1.069632E-15
2272.  1.071671E-15
2273.  1.073726E-15
2274.  1.075797E-15
2275.  1.077883E-15
2276.  1.079985E-15
2277.  1.082100E-15
2278.  1.084229E-15
2279.  1.086372E-15
2280.  1.088528E-15
2281.  1.090695E-15
2282.  1.092874E-15
2283.  1.095064E-15
2284.  1.097265E-15
2285.  1.099475E-15
2286.  1.101694E-15
2287.  1.103923E-15
2288.  1.106159E-15
2289.  1.108403E-15
2290.  1.110655E-15
2291.  1.112912E-15
2292.  1.115175E-15
2293.  1.117443E-15
2294.  1.119716E-15
2295.  1.121993E-15
2296.  1.124274E-15
2297.  1.126557E-15
2298.  1.128843E-15
2299.  1.131130E-15
2300.  1.133418E-15
2301.  1.135707E-15
2302.  1.137995E-15
2303.  1.140283E-15
2304.  1.142569E-15
2305.  1.144854E-15
2306.  1.147135E-15
2307.  1.149414E-15
2308.  1.151689E-15
2309.  1.153960E-15
2310.  1.156226E-15
2311.  1.158486E-15
2312.  1.160740E-15
2313.  1.162988E-15
2314.  1.165228E-15
2315.  1.167460E-15
2316.  1.169684E-15
2317.  1.171899E-15
2318.  1.174105E-15
2319.  1.176300E-15
2320.  1.178484E-15
2321.  1.180657E-15
2322.  1.182819E-15
2323.  1.184968E-15
2324.  1.187103E-15
2325.  1.189226E-15
2326.  1.191334E-15
2327.  1.193428E-15
2328.  1.195506E-15
2329.  1.197569E-15
2330.  1.199615E-15
2331.  1.201645E-15
2332.  1.203657E-15
2333.  1.205652E-15
2334.  1.207628E-15
2335.  1.209585E-15
2336.  1.211523E-15
2337.  1.213441E-15
2338.  1.215338E-15
2339.  1.217215E-15
2340.  1.219070E-15
2341.  1.220903E-15
2342.  1.222714E-15
2343.  1.224502E-15
2344.  1.226267E-15
2345.  1.228007E-15
2346.  1.229724E-15
2347.  1.231416E-15
2348.  1.233082E-15
2349.  1.234723E-15
2350.  1.236338E-15
2351.  1.237926E-15
2352.  1.239487E-15
2353.  1.241021E-15
2354.  1.242527E-15
2355.  1.244005E-15
2356.  1.245454E-15
2357.  1.246874E-15
2358.  1.248265E-15
2359.  1.249625E-15
2360.  1.250956E-15
2361.  1.252255E-15
2362.  1.253524E-15
2363.  1.254762E-15
2364.  1.255967E-15
2365.  1.257141E-15
2366.  1.258281E-15
2367.  1.259390E-15
2368.  1.260465E-15
2369.  1.261506E-15
2370.  1.262514E-15
2371.  1.263487E-15
2372.  1.264426E-15
2373.  1.265330E-15
2374.  1.266199E-15
2375.  1.267033E-15
2376.  1.267831E-15
2377.  1.268593E-15
2378.  1.269318E-15
2379.  1.270007E-15
2380.  1.270660E-15
2381.  1.271275E-15
2382.  1.271852E-15
2383.  1.272393E-15
2384.  1.272895E-15
2385.  1.273359E-15
2386.  1.273785E-15
2387.  1.274173E-15
2388.  1.274521E-15
2389.  1.274831E-15
2390.  1.275101E-15
2391.  1.275333E-15
2392.  1.275524E-15
2393.  1.275676E-15
2394.  1.275788E-15
2395.  1.275859E-15
2396.  1.275891E-15
2397.  1.275882E-15
2398.  1.275832E-15
2399.  1.275742E-15
2400.  1.275611E-15
2401.  1.275439E-15
2402.  1.275226E-15
2403.  1.274971E-15
2404.  1.274676E-15
2405.  1.274338E-15
2406.  1.273960E-15
2407.  1.273539E-15
2408.  1.273077E-15
2409.  1.272573E-15
2410.  1.272027E-15
2411.  1.271440E-15
2412.  1.270810E-15
2413.  1.270139E-15
2414.  1.269425E-15
2415.  1.268669E-15
2416.  1.267871E-15
2417.  1.267031E-15
2418.  1.266149E-15
2419.  1.265224E-15
2420.  1.264258E-15
2421.  1.263249E-15
2422.  1.262198E-15
2423.  1.261105E-15
2424.  1.259971E-15
2425.  1.258794E-15
2426.  1.257575E-15
2427.  1.256314E-15
2428.  1.255011E-15
2429.  1.253667E-15
2430.  1.252280E-15
2431.  1.250853E-15
2432.  1.249383E-15
2433.  1.247872E-15
2434.  1.246320E-15
2435.  1.244727E-15
2436.  1.243093E-15
2437.  1.241417E-15
2438.  1.239701E-15
2439.  1.237944E-15
2440.  1.236147E-15
2441.  1.234308E-15
2442.  1.232430E-15
2443.  1.230512E-15
2444.  1.228554E-15
2445.  1.226556E-15
2446.  1.224519E-15
2447.  1.222443E-15
2448.  1.220327E-15
2449.  1.218173E-15
2450.  1.215980E-15
2451.  1.213748E-15
2452.  1.211478E-15
2453.  1.209170E-15
2454.  1.206825E-15
2455.  1.204442E-15
2456.  1.202022E-15
2457.  1.199565E-15
2458.  1.197071E-15
2459.  1.194541E-15
2460.  1.191975E-15
2461.  1.189373E-15
2462.  1.186736E-15
2463.  1.184063E-15
2464.  1.181356E-15
2465.  1.178614E-15
2466.  1.175838E-15
2467.  1.173028E-15
2468.  1.170184E-15
2469.  1.167307E-15
2470.  1.164397E-15
2471.  1.161455E-15
2472.  1.158481E-15
2473.  1.155475E-15
2474.  1.152437E-15
2475.  1.149368E-15
2476.  1.146269E-15
2477.  1.143139E-15
2478.  1.139980E-15
2479.  1.136791E-15
2480.  1.133573E-15
2481.  1.130326E-15
2482.  1.127051E-15
2483.  1.123748E-15
2484.  1.120418E-15
2485.  1.117060E-15
2486.  1.113676E-15
2487.  1.110266E-15
2488.  1.106830E-15
2489.  1.103369E-15
2490.  1.099883E-15
2491.  1.096373E-15
2492.  1.092839E-15
2493.  1.089280E-15
2494.  1.085699E-15
2495.  1.082096E-15
2496.  1.078470E-15
2497.  1.074823E-15
2498.  1.071154E-15
2499.  1.067464E-15
2500.  1.063754E-15
2501.  1.060025E-15
2502.  1.056276E-15
2503.  1.052508E-15
2504.  1.048722E-15
2505.  1.044918E-15
2506.  1.041096E-15
2507.  1.037258E-15
2508.  1.033403E-15
2509.  1.029532E-15
2510.  1.025645E-15
2511.  1.021743E-15
2512.  1.017827E-15
2513.  1.013897E-15
2514.  1.009953E-15
2515.  1.005996E-15
2516.  1.002026E-15
2517.  9.980438E-16
2518.  9.940503E-16
2519.  9.900454E-16
2520.  9.860299E-16
2521.  9.820040E-16
2522.  9.779684E-16
2523.  9.739234E-16
2524.  9.698697E-16
2525.  9.658075E-16
2526.  9.617376E-16
2527.  9.576601E-16
2528.  9.535757E-16
2529.  9.494849E-16
2530.  9.453880E-16
2531.  9.412852E-16
2532.  9.371776E-16
2533.  9.330652E-16
2534.  9.289484E-16
2535.  9.248281E-16
2536.  9.207044E-16
2537.  9.165775E-16
2538.  9.124487E-16
2539.  9.083173E-16
2540.  9.041846E-16
2541.  9.000505E-16
2542.  8.959156E-16
2543.  8.917806E-16
2544.  8.876455E-16
2545.  8.835108E-16
2546.  8.793772E-16
2547.  8.752445E-16
2548.  8.711137E-16
2549.  8.669849E-16
2550.  8.628585E-16
2551.  8.587348E-16
2552.  8.546144E-16
2553.  8.504974E-16
2554.  8.463844E-16
2555.  8.422756E-16
2556.  8.381716E-16
2557.  8.340721E-16
2558.  8.299782E-16
2559.  8.258899E-16
2560.  8.218075E-16
2561.  8.177314E-16
2562.  8.136619E-16
2563.  8.095992E-16
2564.  8.055438E-16
2565.  8.014959E-16
2566.  7.974556E-16
2567.  7.934235E-16
2568.  7.893998E-16
2569.  7.853846E-16
2570.  7.813783E-16
2571.  7.773812E-16
2572.  7.733935E-16
2573.  7.694153E-16
2574.  7.654472E-16
2575.  7.614890E-16
2576.  7.575412E-16
2577.  7.536040E-16
2578.  7.496777E-16
2579.  7.457621E-16
2580.  7.418578E-16
2581.  7.379649E-16
2582.  7.340836E-16
2583.  7.302139E-16
2584.  7.263562E-16
2585.  7.225105E-16
2586.  7.186771E-16
2587.  7.148559E-16
2588.  7.110475E-16
2589.  7.072517E-16
2590.  7.034686E-16
2591.  6.996983E-16
2592.  6.959412E-16
2593.  6.921973E-16
2594.  6.884667E-16
2595.  6.847495E-16
2596.  6.810457E-16
2597.  6.773553E-16
2598.  6.736788E-16
2599.  6.700158E-16
2600.  6.663666E-16
2601.  6.627315E-16
2602.  6.591101E-16
2603.  6.555027E-16
2604.  6.519093E-16
2605.  6.483298E-16
2606.  6.447645E-16
2607.  6.412135E-16
2608.  6.376764E-16
2609.  6.341535E-16
2610.  6.306448E-16
2611.  6.271504E-16
2612.  6.236699E-16
2613.  6.202038E-16
2614.  6.167517E-16
2615.  6.133139E-16
2616.  6.098903E-16
2617.  6.064808E-16
2618.  6.030851E-16
2619.  5.997039E-16
2620.  5.963364E-16
2621.  5.929831E-16
2622.  5.896436E-16
2623.  5.863182E-16
2624.  5.830064E-16
2625.  5.797087E-16
2626.  5.764247E-16
2627.  5.731542E-16
2628.  5.698974E-16
2629.  5.666542E-16
2630.  5.634245E-16
2631.  5.602082E-16
2632.  5.570052E-16
2633.  5.538156E-16
2634.  5.506390E-16
2635.  5.474756E-16
2636.  5.443252E-16
2637.  5.411877E-16
2638.  5.380630E-16
2639.  5.349511E-16
2640.  5.318518E-16
2641.  5.287651E-16
2642.  5.256908E-16
2643.  5.226289E-16
2644.  5.195791E-16
2645.  5.165415E-16
2646.  5.135161E-16
2647.  5.105026E-16
2648.  5.075010E-16
2649.  5.045110E-16
2650.  5.015327E-16
2651.  4.985659E-16
2652.  4.956103E-16
2653.  4.926663E-16
2654.  4.897333E-16
2655.  4.868114E-16
2656.  4.839006E-16
2657.  4.810008E-16
2658.  4.781117E-16
2659.  4.752330E-16
2660.  4.723651E-16
2661.  4.695077E-16
2662.  4.666605E-16
2663.  4.638236E-16
2664.  4.609969E-16
2665.  4.581802E-16
2666.  4.553734E-16
2667.  4.525766E-16
2668.  4.497894E-16
2669.  4.470119E-16
2670.  4.442440E-16
2671.  4.414855E-16
2672.  4.387364E-16
2673.  4.359966E-16
2674.  4.332660E-16
2675.  4.305445E-16
2676.  4.278321E-16
2677.  4.251286E-16
2678.  4.224340E-16
2679.  4.197481E-16
2680.  4.170710E-16
2681.  4.144026E-16
2682.  4.117427E-16
2683.  4.090914E-16
2684.  4.064485E-16
2685.  4.038138E-16
2686.  4.011876E-16
2687.  3.985697E-16
2688.  3.959600E-16
2689.  3.933583E-16
2690.  3.907648E-16
2691.  3.881795E-16
2692.  3.856021E-16
2693.  3.830327E-16
2694.  3.804712E-16
2695.  3.779176E-16
2696.  3.753720E-16
2697.  3.728340E-16
2698.  3.703041E-16
2699.  3.677818E-16
2700.  3.652674E-16
2701.  3.627606E-16
2702.  3.602616E-16
2703.  3.577704E-16
2704.  3.552868E-16
2705.  3.528111E-16
2706.  3.503429E-16
2707.  3.478825E-16
2708.  3.454297E-16
2709.  3.429848E-16
2710.  3.405475E-16
2711.  3.381179E-16
2712.  3.356962E-16
2713.  3.332821E-16
2714.  3.308758E-16
2715.  3.284773E-16
2716.  3.260866E-16
2717.  3.237037E-16
2718.  3.213287E-16
2719.  3.189616E-16
2720.  3.166026E-16
2721.  3.142514E-16
2722.  3.119082E-16
2723.  3.095730E-16
2724.  3.072460E-16
2725.  3.049271E-16
2726.  3.026162E-16
2727.  3.003138E-16
2728.  2.980194E-16
2729.  2.957335E-16
2730.  2.934559E-16
2731.  2.911867E-16
2732.  2.889261E-16
2733.  2.866739E-16
2734.  2.844302E-16
2735.  2.821953E-16
2736.  2.799692E-16
2737.  2.777517E-16
2738.  2.755431E-16
2739.  2.733434E-16
2740.  2.711526E-16
2741.  2.689708E-16
2742.  2.667982E-16
2743.  2.646346E-16
2744.  2.624805E-16
2745.  2.603356E-16
2746.  2.582000E-16
2747.  2.560738E-16
2748.  2.539572E-16
2749.  2.518502E-16
2750.  2.497527E-16
2751.  2.476651E-16
2752.  2.455871E-16
2753.  2.435191E-16
2754.  2.414610E-16
2755.  2.394129E-16
2756.  2.373748E-16
2757.  2.353469E-16
2758.  2.333290E-16
2759.  2.313215E-16
2760.  2.293245E-16
2761.  2.273377E-16
2762.  2.253614E-16
2763.  2.233956E-16
2764.  2.214405E-16
2765.  2.194961E-16
2766.  2.175621E-16
2767.  2.156392E-16
2768.  2.137269E-16
2769.  2.118256E-16
2770.  2.099353E-16
2771.  2.080559E-16
2772.  2.061876E-16
2773.  2.043304E-16
2774.  2.024844E-16
2775.  2.006496E-16
2776.  1.988261E-16
2777.  1.970138E-16
2778.  1.952128E-16
2779.  1.934233E-16
2780.  1.916451E-16
2781.  1.898786E-16
2782.  1.881233E-16
2783.  1.863798E-16
2784.  1.846477E-16
2785.  1.829273E-16
2786.  1.812186E-16
2787.  1.795214E-16
2788.  1.778359E-16
2789.  1.761621E-16
2790.  1.745000E-16
2791.  1.728498E-16
2792.  1.712112E-16
2793.  1.695843E-16
2794.  1.679693E-16
2795.  1.663661E-16
2796.  1.647746E-16
2797.  1.631950E-16
2798.  1.616272E-16
2799.  1.600712E-16
2800.  1.585270E-16
2801.  1.569945E-16
2802.  1.554739E-16
2803.  1.539650E-16
2804.  1.524679E-16
2805.  1.509826E-16
2806.  1.495090E-16
2807.  1.480471E-16
2808.  1.465971E-16
2809.  1.451586E-16
2810.  1.437318E-16
2811.  1.423167E-16
2812.  1.409131E-16
2813.  1.395212E-16
2814.  1.381408E-16
2815.  1.367719E-16
2816.  1.354144E-16
2817.  1.340685E-16
2818.  1.327340E-16
2819.  1.314107E-16
2820.  1.300989E-16
2821.  1.287983E-16
2822.  1.275088E-16
2823.  1.262308E-16
2824.  1.249637E-16
2825.  1.237076E-16
2826.  1.224628E-16
2827.  1.212288E-16
2828.  1.200058E-16
2829.  1.187936E-16
2830.  1.175922E-16
2831.  1.164015E-16
2832.  1.152216E-16
2833.  1.140523E-16
2834.  1.128936E-16
2835.  1.117454E-16
2836.  1.106075E-16
2837.  1.094801E-16
2838.  1.083629E-16
2839.  1.072560E-16
2840.  1.061593E-16
2841.  1.050727E-16
2842.  1.039959E-16
2843.  1.029293E-16
2844.  1.018725E-16
2845.  1.008255E-16
2846.  9.978826E-17
2847.  9.876069E-17
2848.  9.774272E-17
2849.  9.673429E-17
2850.  9.573520E-17
2851.  9.474556E-17
2852.  9.376526E-17
2853.  9.279411E-17
2854.  9.183216E-17
2855.  9.087927E-17
2856.  8.993539E-17
2857.  8.900043E-17
2858.  8.807427E-17
2859.  8.715700E-17
2860.  8.624840E-17
2861.  8.534839E-17
2862.  8.445694E-17
2863.  8.357406E-17
2864.  8.269959E-17
2865.  8.183341E-17
2866.  8.097554E-17
2867.  8.012584E-17
2868.  7.928423E-17
2869.  7.845076E-17
2870.  7.762534E-17
2871.  7.680775E-17
2872.  7.599809E-17
2873.  7.519621E-17
2874.  7.440200E-17
2875.  7.361551E-17
2876.  7.283653E-17
2877.  7.206531E-17
2878.  7.130133E-17
2879.  7.054498E-17
2880.  6.979575E-17
2881.  6.905396E-17
2882.  6.831949E-17
2883.  6.759202E-17
2884.  6.687185E-17
2885.  6.615865E-17
2886.  6.545243E-17
2887.  6.475321E-17
2888.  6.406097E-17
2889.  6.337555E-17
2890.  6.269693E-17
2891.  6.202507E-17
2892.  6.136005E-17
2893.  6.070156E-17
2894.  6.004972E-17
2895.  5.940452E-17
2896.  5.876586E-17
2897.  5.813367E-17
2898.  5.750800E-17
2899.  5.688869E-17
2900.  5.627582E-17
2901.  5.566926E-17
2902.  5.506911E-17
2903.  5.447513E-17
2904.  5.388756E-17
2905.  5.330610E-17
2906.  5.273079E-17
2907.  5.216172E-17
2908.  5.159877E-17
2909.  5.104198E-17
2910.  5.049111E-17
2911.  4.994650E-17
2912.  4.940779E-17
2913.  4.887512E-17
2914.  4.834857E-17
2915.  4.782777E-17
2916.  4.731315E-17
2917.  4.680433E-17
2918.  4.630150E-17
2919.  4.580450E-17
2920.  4.531348E-17
2921.  4.482825E-17
2922.  4.434892E-17
2923.  4.387545E-17
2924.  4.340786E-17
2925.  4.294605E-17
2926.  4.249012E-17
2927.  4.203988E-17
2928.  4.159556E-17
2929.  4.115697E-17
2930.  4.072417E-17
2931.  4.029719E-17
2932.  3.987606E-17
2933.  3.946063E-17
2934.  3.905091E-17
2935.  3.864708E-17
2936.  3.824894E-17
2937.  3.785660E-17
2938.  3.746996E-17
2939.  3.708917E-17
2940.  3.671411E-17
2941.  3.634474E-17
2942.  3.598127E-17
2943.  3.562344E-17
2944.  3.527144E-17
2945.  3.492513E-17
2946.  3.458472E-17
2947.  3.424997E-17
2948.  3.392091E-17
2949.  3.359782E-17
2950.  3.328035E-17
2951.  3.296875E-17
2952.  3.266291E-17
2953.  3.236275E-17
2954.  3.206849E-17
2955.  3.177994E-17
2956.  3.149729E-17
2957.  3.122032E-17
2958.  3.094922E-17
2959.  3.068389E-17
2960.  3.042422E-17
2961.  3.017054E-17
2962.  2.992272E-17
2963.  2.968060E-17
2964.  2.944418E-17
2965.  2.921370E-17
2966.  2.898899E-17
2967.  2.877011E-17
2968.  2.855713E-17
2969.  2.834986E-17
2970.  2.814833E-17
2971.  2.795275E-17
2972.  2.776300E-17
2973.  2.757895E-17
2974.  2.740072E-17
2975.  2.722847E-17
2976.  2.706193E-17
2977.  2.690114E-17
2978.  2.674620E-17
2979.  2.659707E-17
2980.  2.645374E-17
2981.  2.631618E-17
2982.  2.618435E-17
2983.  2.605842E-17
2984.  2.593821E-17
2985.  2.582373E-17
2986.  2.571505E-17
2987.  2.561217E-17
2988.  2.551504E-17
2989.  2.542362E-17
2990.  2.533794E-17
2991.  2.525795E-17
2992.  2.518373E-17
2993.  2.511512E-17
2994.  2.505232E-17
2995.  2.499504E-17
2996.  2.494356E-17
2997.  2.489768E-17
2998.  2.485741E-17
2999.  2.482275E-17
3000.  2.479384E-17
3001.  2.477029E-17
3002.  2.475237E-17
3003.  2.474013E-17
3004.  2.473330E-17
3005.  2.473211E-17
3006.  2.473626E-17
3007.  2.474607E-17
3008.  2.476119E-17
3009.  2.478171E-17
3010.  2.480778E-17
3011.  2.483923E-17
3012.  2.487606E-17
3013.  2.491813E-17
3014.  2.496549E-17
3015.  2.501821E-17
3016.  2.507635E-17
3017.  2.513954E-17
3018.  2.520799E-17
3019.  2.528165E-17
3020.  2.536058E-17
3021.  2.544454E-17
3022.  2.553357E-17
3023.  2.562772E-17
3024.  2.572685E-17
3025.  2.583110E-17
3026.  2.594021E-17
3027.  2.605440E-17
3028.  2.617350E-17
3029.  2.629739E-17
3030.  2.642616E-17
3031.  2.655982E-17
3032.  2.669834E-17
3033.  2.684148E-17
3034.  2.698929E-17
3035.  2.714186E-17
3036.  2.729910E-17
3037.  2.746095E-17
3038.  2.762731E-17
3039.  2.779826E-17
3040.  2.797377E-17
3041.  2.815365E-17
3042.  2.833812E-17
3043.  2.852681E-17
3044.  2.871996E-17
3045.  2.891740E-17
3046.  2.911910E-17
3047.  2.932507E-17
3048.  2.953521E-17
3049.  2.974955E-17
3050.  2.996798E-17
3051.  3.019056E-17
3052.  3.041710E-17
3053.  3.064770E-17
3054.  3.088232E-17
3055.  3.112078E-17
3056.  3.136325E-17
3057.  3.160950E-17
3058.  3.185963E-17
3059.  3.211345E-17
3060.  3.237098E-17
3061.  3.263228E-17
3062.  3.289721E-17
3063.  3.316580E-17
3064.  3.343796E-17
3065.  3.371370E-17
3066.  3.399286E-17
3067.  3.427559E-17
3068.  3.456165E-17
3069.  3.485118E-17
3070.  3.514401E-17
3071.  3.544028E-17
3072.  3.573973E-17
3073.  3.604240E-17
3074.  3.634839E-17
3075.  3.665744E-17
3076.  3.696975E-17
3077.  3.728504E-17
3078.  3.760345E-17
3079.  3.792497E-17
3080.  3.824947E-17
3081.  3.857688E-17
3082.  3.890733E-17
3083.  3.924065E-17
3084.  3.957681E-17
3085.  3.991583E-17
3086.  4.025772E-17
3087.  4.060244E-17
3088.  4.094983E-17
3089.  4.130005E-17
3090.  4.165298E-17
3091.  4.200844E-17
3092.  4.236679E-17
3093.  4.272756E-17
3094.  4.309111E-17
3095.  4.345709E-17
3096.  4.382573E-17
3097.  4.419697E-17
3098.  4.457059E-17
3099.  4.494675E-17
3100.  4.532549E-17
3101.  4.570664E-17
3102.  4.609023E-17
3103.  4.647622E-17
3104.  4.686474E-17
3105.  4.725560E-17
3106.  4.764883E-17
3107.  4.804445E-17
3108.  4.844249E-17
3109.  4.884285E-17
3110.  4.924558E-17
3111.  4.965062E-17
3112.  5.005799E-17
3113.  5.046773E-17
3114.  5.087973E-17
3115.  5.129420E-17
3116.  5.171085E-17
3117.  5.212986E-17
3118.  5.255118E-17
3119.  5.297480E-17
3120.  5.340083E-17
3121.  5.382910E-17
3122.  5.425979E-17
3123.  5.469270E-17
3124.  5.512809E-17
3125.  5.556573E-17
3126.  5.600577E-17
3127.  5.644814E-17
3128.  5.689295E-17
3129.  5.734009E-17
3130.  5.778970E-17
3131.  5.824177E-17
3132.  5.869614E-17
3133.  5.915317E-17
3134.  5.961252E-17
3135.  6.007450E-17
3136.  6.053895E-17
3137.  6.100591E-17
3138.  6.147555E-17
3139.  6.194762E-17
3140.  6.242250E-17
3141.  6.289989E-17
3142.  6.338001E-17
3143.  6.386284E-17
3144.  6.434842E-17
3145.  6.483677E-17
3146.  6.532793E-17
3147.  6.582196E-17
3148.  6.631889E-17
3149.  6.681870E-17
3150.  6.732140E-17
3151.  6.782719E-17
3152.  6.833606E-17
3153.  6.884792E-17
3154.  6.936291E-17
3155.  6.988107E-17
3156.  7.040243E-17
3157.  7.092708E-17
3158.  7.145500E-17
3159.  7.198624E-17
3160.  7.252107E-17
3161.  7.305919E-17
3162.  7.360075E-17
3163.  7.414600E-17
3164.  7.469473E-17
3165.  7.524724E-17
3166.  7.580337E-17
3167.  7.636334E-17
3168.  7.692704E-17
3169.  7.749470E-17
3170.  7.806633E-17
3171.  7.864178E-17
3172.  7.922151E-17
3173.  7.980522E-17
3174.  8.039317E-17
3175.  8.098519E-17
3176.  8.158167E-17
3177.  8.218245E-17
3178.  8.278758E-17
3179.  8.339726E-17
3180.  8.401140E-17
3181.  8.463025E-17
3182.  8.525367E-17
3183.  8.588185E-17
3184.  8.651480E-17
3185.  8.715266E-17
3186.  8.779537E-17
3187.  8.844306E-17
3188.  8.909588E-17
3189.  8.975369E-17
3190.  9.041677E-17
3191.  9.108504E-17
3192.  9.175864E-17
3193.  9.243754E-17
3194.  9.312188E-17
3195.  9.381172E-17
3196.  9.450709E-17
3197.  9.520810E-17
3198.  9.591478E-17
3199.  9.662718E-17
3200.  9.734545E-17
3201.  9.806948E-17
3202.  9.879942E-17
3203.  9.953544E-17
3204.  1.002774E-16
3205.  1.010255E-16
3206.  1.017798E-16
3207.  1.025403E-16
3208.  1.033070E-16
3209.  1.040800E-16
3210.  1.048594E-16
3211.  1.056452E-16
3212.  1.064375E-16
3213.  1.072364E-16
3214.  1.080418E-16
3215.  1.088538E-16
3216.  1.096725E-16
3217.  1.104980E-16
3218.  1.113302E-16
3219.  1.121692E-16
3220.  1.130150E-16
3221.  1.138678E-16
3222.  1.147275E-16
3223.  1.155942E-16
3224.  1.164678E-16
3225.  1.173485E-16
3226.  1.182362E-16
3227.  1.191311E-16
3228.  1.200331E-16
3229.  1.209421E-16
3230.  1.218586E-16
3231.  1.227821E-16
3232.  1.237129E-16
3233.  1.246509E-16
3234.  1.255962E-16
3235.  1.265488E-16
3236.  1.275087E-16
3237.  1.284759E-16
3238.  1.294504E-16
3239.  1.304322E-16
3240.  1.314215E-16
3241.  1.324179E-16
3242.  1.334217E-16
3243.  1.344329E-16
3244.  1.354515E-16
3245.  1.364773E-16
3246.  1.375105E-16
3247.  1.385510E-16
3248.  1.395988E-16
3249.  1.406538E-16
3250.  1.417161E-16
3251.  1.427857E-16
3252.  1.438624E-16
3253.  1.449463E-16
3254.  1.460375E-16
3255.  1.471356E-16
3256.  1.482410E-16
3257.  1.493534E-16
3258.  1.504728E-16
3259.  1.515992E-16
3260.  1.527325E-16
3261.  1.538727E-16
3262.  1.550197E-16
3263.  1.561735E-16
3264.  1.573340E-16
3265.  1.585012E-16
3266.  1.596751E-16
3267.  1.608554E-16
3268.  1.620422E-16
3269.  1.632353E-16
3270.  1.644348E-16
3271.  1.656407E-16
3272.  1.668527E-16
3273.  1.680707E-16
3274.  1.692947E-16
3275.  1.705246E-16
3276.  1.717605E-16
3277.  1.730020E-16
3278.  1.742492E-16
3279.  1.755018E-16
3280.  1.767599E-16
3281.  1.780234E-16
3282.  1.792921E-16
3283.  1.805659E-16
3284.  1.818446E-16
3285.  1.831283E-16
3286.  1.844166E-16
3287.  1.857097E-16
3288.  1.870073E-16
3289.  1.883092E-16
3290.  1.896155E-16
3291.  1.909258E-16
3292.  1.922400E-16
3293.  1.935582E-16
3294.  1.948800E-16
3295.  1.962054E-16
3296.  1.975343E-16
3297.  1.988663E-16
3298.  2.002016E-16
3299.  2.015397E-16
3300.  2.028806E-16
3301.  2.042242E-16
3302.  2.055702E-16
3303.  2.069185E-16
3304.  2.082690E-16
3305.  2.096215E-16
3306.  2.109756E-16
3307.  2.123315E-16
3308.  2.136888E-16
3309.  2.150474E-16
3310.  2.164070E-16
3311.  2.177675E-16
3312.  2.191288E-16
3313.  2.204906E-16
3314.  2.218526E-16
3315.  2.232149E-16
3316.  2.245770E-16
3317.  2.259389E-16
3318.  2.273004E-16
3319.  2.286611E-16
3320.  2.300211E-16
3321.  2.313801E-16
3322.  2.327376E-16
3323.  2.340937E-16
3324.  2.354482E-16
3325.  2.368007E-16
3326.  2.381511E-16
3327.  2.394993E-16
3328.  2.408448E-16
3329.  2.421876E-16
3330.  2.435274E-16
3331.  2.448641E-16
3332.  2.461973E-16
3333.  2.475268E-16
3334.  2.488525E-16
3335.  2.501743E-16
3336.  2.514915E-16
3337.  2.528042E-16
3338.  2.541123E-16
3339.  2.554154E-16
3340.  2.567132E-16
3341.  2.580055E-16
3342.  2.592922E-16
3343.  2.605730E-16
3344.  2.618477E-16
3345.  2.631159E-16
3346.  2.643776E-16
3347.  2.656325E-16
3348.  2.668802E-16
3349.  2.681208E-16
3350.  2.693537E-16
3351.  2.705789E-16
3352.  2.717962E-16
3353.  2.730053E-16
3354.  2.742058E-16
3355.  2.753976E-16
3356.  2.765806E-16
3357.  2.777545E-16
3358.  2.789190E-16
3359.  2.800738E-16
3360.  2.812189E-16
3361.  2.823539E-16
3362.  2.834786E-16
3363.  2.845929E-16
3364.  2.856963E-16
3365.  2.867889E-16
3366.  2.878703E-16
3367.  2.889403E-16
3368.  2.899987E-16
3369.  2.910452E-16
3370.  2.920797E-16
3371.  2.931020E-16
3372.  2.941118E-16
3373.  2.951089E-16
3374.  2.960931E-16
3375.  2.970642E-16
3376.  2.980220E-16
3377.  2.989663E-16
3378.  2.998969E-16
3379.  3.008136E-16
3380.  3.017161E-16
3381.  3.026044E-16
3382.  3.034781E-16
3383.  3.043372E-16
3384.  3.051815E-16
3385.  3.060107E-16
3386.  3.068246E-16
3387.  3.076230E-16
3388.  3.084059E-16
3389.  3.091730E-16
3390.  3.099242E-16
3391.  3.106592E-16
3392.  3.113780E-16
3393.  3.120803E-16
3394.  3.127661E-16
3395.  3.134351E-16
3396.  3.140872E-16
3397.  3.147223E-16
3398.  3.153401E-16
3399.  3.159405E-16
3400.  3.165236E-16
3401.  3.170890E-16
3402.  3.176366E-16
3403.  3.181664E-16
3404.  3.186782E-16
3405.  3.191718E-16
3406.  3.196473E-16
3407.  3.201043E-16
3408.  3.205429E-16
3409.  3.209630E-16
3410.  3.213645E-16
3411.  3.217471E-16
3412.  3.221109E-16
3413.  3.224558E-16
3414.  3.227817E-16
3415.  3.230883E-16
3416.  3.233760E-16
3417.  3.236442E-16
3418.  3.238932E-16
3419.  3.241229E-16
3420.  3.243332E-16
3421.  3.245238E-16
3422.  3.246950E-16
3423.  3.248466E-16
3424.  3.249785E-16
3425.  3.250908E-16
3426.  3.251834E-16
3427.  3.252563E-16
3428.  3.253095E-16
3429.  3.253430E-16
3430.  3.253566E-16
3431.  3.253504E-16
3432.  3.253245E-16
3433.  3.252788E-16
3434.  3.252134E-16
3435.  3.251281E-16
3436.  3.250232E-16
3437.  3.248983E-16
3438.  3.247538E-16
3439.  3.245897E-16
3440.  3.244059E-16
3441.  3.242025E-16
3442.  3.239795E-16
3443.  3.237369E-16
3444.  3.234749E-16
3445.  3.231935E-16
3446.  3.228926E-16
3447.  3.225726E-16
3448.  3.222331E-16
3449.  3.218746E-16
3450.  3.214970E-16
3451.  3.211004E-16
3452.  3.206848E-16
3453.  3.202503E-16
3454.  3.197971E-16
3455.  3.193252E-16
3456.  3.188348E-16
3457.  3.183260E-16
3458.  3.177988E-16
3459.  3.172534E-16
3460.  3.166898E-16
3461.  3.161083E-16
3462.  3.155088E-16
3463.  3.148917E-16
3464.  3.142570E-16
3465.  3.136046E-16
3466.  3.129351E-16
3467.  3.122482E-16
3468.  3.115444E-16
3469.  3.108235E-16
3470.  3.100861E-16
3471.  3.093319E-16
3472.  3.085613E-16
3473.  3.077743E-16
3474.  3.069714E-16
3475.  3.061525E-16
3476.  3.053177E-16
3477.  3.044674E-16
3478.  3.036015E-16
3479.  3.027204E-16
3480.  3.018244E-16
3481.  3.009133E-16
3482.  2.999874E-16
3483.  2.990471E-16
3484.  2.980925E-16
3485.  2.971236E-16
3486.  2.961409E-16
3487.  2.951443E-16
3488.  2.941343E-16
3489.  2.931108E-16
3490.  2.920742E-16
3491.  2.910246E-16
3492.  2.899623E-16
3493.  2.888875E-16
3494.  2.878002E-16
3495.  2.867010E-16
3496.  2.855897E-16
3497.  2.844667E-16
3498.  2.833322E-16
3499.  2.821865E-16
3500.  2.810297E-16
3501.  2.798620E-16
3502.  2.786836E-16
3503.  2.774950E-16
3504.  2.762961E-16
3505.  2.750871E-16
3506.  2.738685E-16
3507.  2.726403E-16
3508.  2.714026E-16
3509.  2.701561E-16
3510.  2.689005E-16
3511.  2.676363E-16
3512.  2.663638E-16
3513.  2.650830E-16
3514.  2.637940E-16
3515.  2.624974E-16
3516.  2.611933E-16
3517.  2.598817E-16
3518.  2.585631E-16
3519.  2.572375E-16
3520.  2.559052E-16
3521.  2.545665E-16
3522.  2.532217E-16
3523.  2.518706E-16
3524.  2.505139E-16
3525.  2.491515E-16
3526.  2.477836E-16
3527.  2.464107E-16
3528.  2.450329E-16
3529.  2.436502E-16
3530.  2.422630E-16
3531.  2.408716E-16
3532.  2.394759E-16
3533.  2.380764E-16
3534.  2.366731E-16
3535.  2.352664E-16
3536.  2.338563E-16
3537.  2.324432E-16
3538.  2.310271E-16
3539.  2.296083E-16
3540.  2.281871E-16
3541.  2.267635E-16
3542.  2.253379E-16
3543.  2.239102E-16
3544.  2.224809E-16
3545.  2.210501E-16
3546.  2.196179E-16
3547.  2.181844E-16
3548.  2.167501E-16
3549.  2.153148E-16
3550.  2.138791E-16
3551.  2.124426E-16
3552.  2.110062E-16
3553.  2.095696E-16
3554.  2.081329E-16
3555.  2.066965E-16
3556.  2.052607E-16
3557.  2.038253E-16
3558.  2.023906E-16
3559.  2.009568E-16
3560.  1.995242E-16
3561.  1.980927E-16
3562.  1.966625E-16
3563.  1.952339E-16
3564.  1.938070E-16
3565.  1.923818E-16
3566.  1.909587E-16
3567.  1.895376E-16
3568.  1.881190E-16
3569.  1.867023E-16
3570.  1.852886E-16
3571.  1.838773E-16
3572.  1.824689E-16
3573.  1.810635E-16
3574.  1.796609E-16
3575.  1.782618E-16
3576.  1.768658E-16
3577.  1.754733E-16
3578.  1.740843E-16
3579.  1.726990E-16
3580.  1.713175E-16
3581.  1.699398E-16
3582.  1.685663E-16
3583.  1.671968E-16
3584.  1.658315E-16
3585.  1.644707E-16
3586.  1.631142E-16
3587.  1.617622E-16
3588.  1.604150E-16
3589.  1.590724E-16
3590.  1.577347E-16
3591.  1.564020E-16
3592.  1.550742E-16
3593.  1.537515E-16
3594.  1.524341E-16
3595.  1.511218E-16
3596.  1.498151E-16
3597.  1.485136E-16
3598.  1.472178E-16
3599.  1.459276E-16
3600.  1.446429E-16
3601.  1.433643E-16
3602.  1.420913E-16
3603.  1.408242E-16
3604.  1.395631E-16
3605.  1.383080E-16
3606.  1.370591E-16
3607.  1.358162E-16
3608.  1.345797E-16
3609.  1.333494E-16
3610.  1.321254E-16
3611.  1.309078E-16
3612.  1.296968E-16
3613.  1.284922E-16
3614.  1.272942E-16
3615.  1.261027E-16
3616.  1.249180E-16
3617.  1.237399E-16
3618.  1.225686E-16
3619.  1.214041E-16
3620.  1.202465E-16
3621.  1.190957E-16
3622.  1.179518E-16
3623.  1.168150E-16
3624.  1.156851E-16
3625.  1.145622E-16
3626.  1.134464E-16
3627.  1.123378E-16
3628.  1.112362E-16
3629.  1.101417E-16
3630.  1.090545E-16
3631.  1.079745E-16
3632.  1.069017E-16
3633.  1.058362E-16
3634.  1.047780E-16
3635.  1.037270E-16
3636.  1.026835E-16
3637.  1.016473E-16
3638.  1.006184E-16
3639.  9.959687E-17
3640.  9.858280E-17
3641.  9.757613E-17
3642.  9.657684E-17
3643.  9.558503E-17
3644.  9.460064E-17
3645.  9.362380E-17
3646.  9.265422E-17
3647.  9.169226E-17
3648.  9.073773E-17
3649.  8.979075E-17
3650.  8.885133E-17
3651.  8.791927E-17
3652.  8.699473E-17
3653.  8.607761E-17
3654.  8.516812E-17
3655.  8.426602E-17
3656.  8.337141E-17
3657.  8.248436E-17
3658.  8.160472E-17
3659.  8.073262E-17
3660.  7.986798E-17
3661.  7.901073E-17
3662.  7.816092E-17
3663.  7.731862E-17
3664.  7.648367E-17
3665.  7.565625E-17
3666.  7.483624E-17
3667.  7.402352E-17
3668.  7.321818E-17
3669.  7.242015E-17
3670.  7.162957E-17
3671.  7.084634E-17
3672.  7.007043E-17
3673.  6.930171E-17
3674.  6.854023E-17
3675.  6.778613E-17
3676.  6.703907E-17
3677.  6.629937E-17
3678.  6.556677E-17
3679.  6.484134E-17
3680.  6.412297E-17
3681.  6.341188E-17
3682.  6.270765E-17
3683.  6.201051E-17
3684.  6.132055E-17
3685.  6.063733E-17
3686.  5.996110E-17
3687.  5.929191E-17
3688.  5.862954E-17
3689.  5.797399E-17
3690.  5.732536E-17
3691.  5.668345E-17
3692.  5.604830E-17
3693.  5.541982E-17
3694.  5.479809E-17
3695.  5.418295E-17
3696.  5.357436E-17
3697.  5.297232E-17
3698.  5.237689E-17
3699.  5.178785E-17
3700.  5.120532E-17
3701.  5.062915E-17
3702.  5.005925E-17
3703.  4.949574E-17
3704.  4.893846E-17
3705.  4.838750E-17
3706.  4.784256E-17
3707.  4.730388E-17
3708.  4.677120E-17
3709.  4.624454E-17
3710.  4.572392E-17
3711.  4.520906E-17
3712.  4.470025E-17
3713.  4.419729E-17
3714.  4.370008E-17
3715.  4.320862E-17
3716.  4.272280E-17
3717.  4.224264E-17
3718.  4.176804E-17
3719.  4.129905E-17
3720.  4.083545E-17
3721.  4.037725E-17
3722.  3.992456E-17
3723.  3.947713E-17
3724.  3.903497E-17
3725.  3.859799E-17
3726.  3.816617E-17
3727.  3.773947E-17
3728.  3.731769E-17
3729.  3.690112E-17
3730.  3.648942E-17
3731.  3.608254E-17
3732.  3.568051E-17
3733.  3.528324E-17
3734.  3.489072E-17
3735.  3.450278E-17
3736.  3.411954E-17
3737.  3.374075E-17
3738.  3.336653E-17
3739.  3.299671E-17
3740.  3.263124E-17
3741.  3.227012E-17
3742.  3.191326E-17
3743.  3.156055E-17
3744.  3.121206E-17
3745.  3.086763E-17
3746.  3.052717E-17
3747.  3.019079E-17
3748.  2.985830E-17
3749.  2.952963E-17
3750.  2.920470E-17
3751.  2.888369E-17
3752.  2.856625E-17
3753.  2.825253E-17
3754.  2.794236E-17
3755.  2.763568E-17
3756.  2.733258E-17
3757.  2.703281E-17
3758.  2.673647E-17
3759.  2.644326E-17
3760.  2.615350E-17
3761.  2.586685E-17
3762.  2.558339E-17
3763.  2.530292E-17
3764.  2.502558E-17
3765.  2.475117E-17
3766.  2.447977E-17
3767.  2.421111E-17
3768.  2.394533E-17
3769.  2.368249E-17
3770.  2.342225E-17
3771.  2.316462E-17
3772.  2.290976E-17
3773.  2.265741E-17
3774.  2.240757E-17
3775.  2.216019E-17
3776.  2.191522E-17
3777.  2.167270E-17
3778.  2.143254E-17
3779.  2.119465E-17
3780.  2.095895E-17
3781.  2.072542E-17
3782.  2.049407E-17
3783.  2.026487E-17
3784.  2.003775E-17
3785.  1.981269E-17
3786.  1.958954E-17
3787.  1.936832E-17
3788.  1.914906E-17
3789.  1.893164E-17
3790.  1.871586E-17
3791.  1.850204E-17
3792.  1.828985E-17
3793.  1.807942E-17
3794.  1.787064E-17
3795.  1.766346E-17
3796.  1.745793E-17
3797.  1.725376E-17
3798.  1.705122E-17
3799.  1.685017E-17
3800.  1.665053E-17
3801.  1.645240E-17
3802.  1.625548E-17
3803.  1.606000E-17
3804.  1.586577E-17
3805.  1.567283E-17
3806.  1.548122E-17
3807.  1.529066E-17
3808.  1.510143E-17
3809.  1.491333E-17
3810.  1.472637E-17
3811.  1.454048E-17
3812.  1.435574E-17
3813.  1.417197E-17
3814.  1.398918E-17
3815.  1.380755E-17
3816.  1.362681E-17
3817.  1.344702E-17
3818.  1.326813E-17
3819.  1.309025E-17
3820.  1.291314E-17
3821.  1.273696E-17
3822.  1.256170E-17
3823.  1.238707E-17
3824.  1.221341E-17
3825.  1.204048E-17
3826.  1.186837E-17
3827.  1.169695E-17
3828.  1.152631E-17
3829.  1.135638E-17
3830.  1.118709E-17
3831.  1.101859E-17
3832.  1.085077E-17
3833.  1.068360E-17
3834.  1.051705E-17
3835.  1.035119E-17
3836.  1.018596E-17
3837.  1.002135E-17
3838.  9.857323E-18
3839.  9.693806E-18
3840.  9.530993E-18
3841.  9.368745E-18
3842.  9.207103E-18
3843.  9.045975E-18
3844.  8.885399E-18
3845.  8.725346E-18
3846.  8.565909E-18
3847.  8.407087E-18
3848.  8.248652E-18
3849.  8.090837E-18
3850.  7.933554E-18
3851.  7.776828E-18
3852.  7.620588E-18
3853.  7.464853E-18
3854.  7.309730E-18
3855.  7.155005E-18
3856.  7.000915E-18
3857.  6.847318E-18
3858.  6.694273E-18
3859.  6.541707E-18
3860.  6.389683E-18
3861.  6.238202E-18
3862.  6.087357E-18
3863.  5.936921E-18
3864.  5.787138E-18
3865.  5.637852E-18
3866.  5.489122E-18
3867.  5.341018E-18
3868.  5.193456E-18
3869.  5.046476E-18
3870.  4.900139E-18
3871.  4.754266E-18
3872.  4.609146E-18
3873.  4.464610E-18
3874.  4.320657E-18
3875.  4.177346E-18
3876.  4.034767E-18
3877.  3.892764E-18
3878.  3.751477E-18
3879.  3.610930E-18
3880.  3.470996E-18
3881.  3.331834E-18
3882.  3.193455E-18
3883.  3.055806E-18
3884.  2.918893E-18
3885.  2.782750E-18
3886.  2.647374E-18
3887.  2.512896E-18
3888.  2.379222E-18
3889.  2.246453E-18
3890.  2.114466E-18
3891.  1.983370E-18
3892.  1.853277E-18
3893.  1.724033E-18
3894.  1.595761E-18
3895.  1.468491E-18
3896.  1.342242E-18
3897.  1.217043E-18
3898.  1.092825E-18
3899.  9.697334E-19
3900.  8.475996E-19
3901.  7.268060E-19
3902.  6.069950E-19
3903.  4.883869E-19
3904.  3.709274E-19
3905.  2.547619E-19
3906.  1.399520E-19
3907.  2.622868E-20
3908.  -8.595398E-20
3909.  -1.970587E-19
3910.  -3.065899E-19
3911.  -4.148784E-19
3912.  -5.216606E-19
3913.  -6.269382E-19
3914.  -7.307385E-19
3915.  -8.330747E-19
3916.  -9.337709E-19
3917.  -1.032978E-18
3918.  -1.130480E-18
3919.  -1.226347E-18
3920.  -1.320541E-18
3921.  -1.412957E-18
3922.  -1.503659E-18
3923.  -1.592607E-18
3924.  -1.679675E-18
3925.  -1.764894E-18
3926.  -1.848183E-18
3927.  -1.929516E-18
3928.  -2.008889E-18
3929.  -2.086243E-18
3930.  -2.161583E-18
3931.  -2.234808E-18
3932.  -2.305963E-18
3933.  -2.374798E-18
3934.  -2.441591E-18
3935.  -2.506088E-18
3936.  -2.568291E-18
3937.  -2.628173E-18
3938.  -2.685686E-18
3939.  -2.740815E-18
3940.  -2.793408E-18
3941.  -2.843689E-18
3942.  -2.891336E-18
3943.  -2.936469E-18
3944.  -2.979024E-18
3945.  -3.018815E-18
3946.  -3.055967E-18
3947.  -3.090428E-18
3948.  -3.122124E-18
3949.  -3.150932E-18
3950.  -3.176884E-18
3951.  -3.200110E-18
3952.  -3.220351E-18
3953.  -3.237500E-18
3954.  -3.251785E-18
3955.  -3.262962E-18
3956.  -3.270992E-18
3957.  -3.275950E-18
3958.  -3.277746E-18
3959.  -3.276249E-18
3960.  -3.271599E-18
3961.  -3.263540E-18
3962.  -3.252278E-18
3963.  -3.237600E-18
3964.  -3.219521E-18
3965.  -3.197965E-18
3966.  -3.172840E-18
3967.  -3.144410E-18
3968.  -3.112249E-18
3969.  -3.076553E-18
3970.  -3.037168E-18
3971.  -2.994188E-18
3972.  -2.947539E-18
3973.  -2.897085E-18
3974.  -2.842876E-18
3975.  -2.784769E-18
3976.  -2.722985E-18
3977.  -2.657237E-18
3978.  -2.587589E-18
3979.  -2.513975E-18
3980.  -2.436478E-18
3981.  -2.354902E-18
3982.  -2.269260E-18
3983.  -2.179738E-18
3984.  -2.086047E-18
3985.  -1.988195E-18
3986.  -1.886205E-18
3987.  -1.780108E-18
3988.  -1.669856E-18
3989.  -1.555362E-18
3990.  -1.436614E-18
3991.  -1.313553E-18
3992.  -1.186330E-18
3993.  -1.054761E-18
3994.  -9.189623E-19
3995.  -7.786693E-19
3996.  -6.340816E-19
3997.  -4.851696E-19
3998.  -3.318848E-19
3999.  -1.741434E-19
4000.  -1.209288E-20
4001.  1.544867E-19
4002.  3.254604E-19
4003.  5.008260E-19
4004.  6.807353E-19
4005.  8.649838E-19
4006.  1.053784E-18
4007.  1.247057E-18
4008.  1.444728E-18
4009.  1.646904E-18
4010.  1.853535E-18
4011.  2.064727E-18
4012.  2.280321E-18
4013.  2.500454E-18
4014.  2.725065E-18
4015.  2.954037E-18
4016.  3.187604E-18
4017.  3.425584E-18
4018.  3.667979E-18
4019.  3.914732E-18
4020.  4.166053E-18
4021.  4.421689E-18
4022.  4.681752E-18
4023.  4.946203E-18
4024.  5.215132E-18
4025.  5.488312E-18
4026.  5.765827E-18
4027.  6.047707E-18
4028.  6.333821E-18
4029.  6.624296E-18
4030.  6.918961E-18
4031.  7.217871E-18
4032.  7.520923E-18
4033.  7.828178E-18
4034.  8.139668E-18
4035.  8.455220E-18
4036.  8.774868E-18
4037.  9.098509E-18
4038.  9.426224E-18
4039.  9.757954E-18
4040.  1.009375E-17
4041.  1.043333E-17
4042.  1.077680E-17
4043.  1.112413E-17
4044.  1.147531E-17
4045.  1.183025E-17
4046.  1.218888E-17
4047.  1.255124E-17
4048.  1.291719E-17
4049.  1.328687E-17
4050.  1.365992E-17
4051.  1.403667E-17
4052.  1.441689E-17
4053.  1.480039E-17
4054.  1.518730E-17
4055.  1.557763E-17
4056.  1.597112E-17
4057.  1.636800E-17
4058.  1.676788E-17
4059.  1.717097E-17
4060.  1.757707E-17
4061.  1.798628E-17
4062.  1.839843E-17
4063.  1.881348E-17
4064.  1.923139E-17
4065.  1.965207E-17
4066.  2.007563E-17
4067.  2.050188E-17
4068.  2.093070E-17
4069.  2.136213E-17
4070.  2.179611E-17
4071.  2.223262E-17
4072.  2.267148E-17
4073.  2.311273E-17
4074.  2.355633E-17
4075.  2.400210E-17
4076.  2.445007E-17
4077.  2.490024E-17
4078.  2.535261E-17
4079.  2.580685E-17
4080.  2.626317E-17
4081.  2.672139E-17
4082.  2.718145E-17
4083.  2.764341E-17
4084.  2.810703E-17
4085.  2.857240E-17
4086.  2.903944E-17
4087.  2.950811E-17
4088.  2.997825E-17
4089.  3.044997E-17
4090.  3.092311E-17
4091.  3.139761E-17
4092.  3.187344E-17
4093.  3.235063E-17
4094.  3.282912E-17
4095.  3.330866E-17
4096.  3.378945E-17
4097.  3.427134E-17
4098.  3.475431E-17
4099.  3.523827E-17
4100.  3.572322E-17
4101.  3.620911E-17
4102.  3.669585E-17
4103.  3.718351E-17
4104.  3.767198E-17
4105.  3.816119E-17
4106.  3.865119E-17
4107.  3.914189E-17
4108.  3.963325E-17
4109.  4.012519E-17
4110.  4.061786E-17
4111.  4.111099E-17
4112.  4.160482E-17
4113.  4.209912E-17
4114.  4.259394E-17
4115.  4.308915E-17
4116.  4.358488E-17
4117.  4.408096E-17
4118.  4.457762E-17
4119.  4.507456E-17
4120.  4.557187E-17
4121.  4.606966E-17
4122.  4.656767E-17
4123.  4.706607E-17
4124.  4.756497E-17
4125.  4.806395E-17
4126.  4.856347E-17
4127.  4.906311E-17
4128.  4.956316E-17
4129.  5.006355E-17
4130.  5.056422E-17
4131.  5.106520E-17
4132.  5.156661E-17
4133.  5.206819E-17
4134.  5.257021E-17
4135.  5.307258E-17
4136.  5.357525E-17
4137.  5.407826E-17
4138.  5.458178E-17
4139.  5.508577E-17
4140.  5.559003E-17
4141.  5.609480E-17
4142.  5.660009E-17
4143.  5.710576E-17
4144.  5.761206E-17
4145.  5.811892E-17
4146.  5.862637E-17
4147.  5.913426E-17
4148.  5.964298E-17
4149.  6.015228E-17
4150.  6.066227E-17
4151.  6.117309E-17
4152.  6.168467E-17
4153.  6.219711E-17
4154.  6.271043E-17
4155.  6.322474E-17
4156.  6.373988E-17
4157.  6.425620E-17
4158.  6.477348E-17
4159.  6.529189E-17
4160.  6.581144E-17
4161.  6.633224E-17
4162.  6.685440E-17
4163.  6.737779E-17
4164.  6.790265E-17
4165.  6.842891E-17
4166.  6.895670E-17
4167.  6.948606E-17
4168.  7.001705E-17
4169.  7.054976E-17
4170.  7.108422E-17
4171.  7.162055E-17
4172.  7.215875E-17
4173.  7.269888E-17
4174.  7.324103E-17
4175.  7.378525E-17
4176.  7.433173E-17
4177.  7.488044E-17
4178.  7.543140E-17
4179.  7.598471E-17
4180.  7.654055E-17
4181.  7.709882E-17
4182.  7.765971E-17
4183.  7.822330E-17
4184.  7.878969E-17
4185.  7.935872E-17
4186.  7.993075E-17
4187.  8.050574E-17
4188.  8.108368E-17
4189.  8.166486E-17
4190.  8.224916E-17
4191.  8.283659E-17
4192.  8.342742E-17
4193.  8.402172E-17
4194.  8.461940E-17
4195.  8.522065E-17
4196.  8.582549E-17
4197.  8.643403E-17
4198.  8.704620E-17
4199.  8.766232E-17
4200.  8.828226E-17
4201.  8.890621E-17
4202.  8.953411E-17
4203.  9.016614E-17
4204.  9.080228E-17
4205.  9.144266E-17
4206.  9.208731E-17
4207.  9.273628E-17
4208.  9.338960E-17
4209.  9.404747E-17
4210.  9.470973E-17
4211.  9.537657E-17
4212.  9.604803E-17
4213.  9.672419E-17
4214.  9.740499E-17
4215.  9.809058E-17
4216.  9.878101E-17
4217.  9.947621E-17
4218.  1.001764E-16
4219.  1.008814E-16
4220.  1.015914E-16
4221.  1.023065E-16
4222.  1.030266E-16
4223.  1.037516E-16
4224.  1.044818E-16
4225.  1.052171E-16
4226.  1.059576E-16
4227.  1.067032E-16
4228.  1.074540E-16
4229.  1.082100E-16
4230.  1.089712E-16
4231.  1.097376E-16
4232.  1.105093E-16
4233.  1.112862E-16
4234.  1.120682E-16
4235.  1.128555E-16
4236.  1.136481E-16
4237.  1.144459E-16
4238.  1.152488E-16
4239.  1.160569E-16
4240.  1.168703E-16
4241.  1.176888E-16
4242.  1.185124E-16
4243.  1.193411E-16
4244.  1.201748E-16
4245.  1.210136E-16
4246.  1.218575E-16
4247.  1.227063E-16
4248.  1.235600E-16
4249.  1.244185E-16
4250.  1.252818E-16
4251.  1.261501E-16
4252.  1.270229E-16
4253.  1.279004E-16
4254.  1.287825E-16
4255.  1.296691E-16
4256.  1.305601E-16
4257.  1.314555E-16
4258.  1.323553E-16
4259.  1.332591E-16
4260.  1.341672E-16
4261.  1.350792E-16
4262.  1.359953E-16
4263.  1.369151E-16
4264.  1.378387E-16
4265.  1.387659E-16
4266.  1.396967E-16
4267.  1.406309E-16
4268.  1.415685E-16
4269.  1.425092E-16
4270.  1.434530E-16
4271.  1.443998E-16
4272.  1.453494E-16
4273.  1.463017E-16
4274.  1.472565E-16
4275.  1.482137E-16
4276.  1.491733E-16
4277.  1.501350E-16
4278.  1.510987E-16
4279.  1.520642E-16
4280.  1.530314E-16
4281.  1.540002E-16
4282.  1.549705E-16
4283.  1.559418E-16
4284.  1.569142E-16
4285.  1.578876E-16
4286.  1.588617E-16
4287.  1.598363E-16
4288.  1.608111E-16
4289.  1.617863E-16
4290.  1.627615E-16
4291.  1.637366E-16
4292.  1.647112E-16
4293.  1.656854E-16
4294.  1.666587E-16
4295.  1.676313E-16
4296.  1.686026E-16
4297.  1.695727E-16
4298.  1.705412E-16
4299.  1.715081E-16
4300.  1.724731E-16
4301.  1.734358E-16
4302.  1.743964E-16
4303.  1.753543E-16
4304.  1.763096E-16
4305.  1.772619E-16
4306.  1.782110E-16
4307.  1.791569E-16
4308.  1.800991E-16
4309.  1.810375E-16
4310.  1.819719E-16
4311.  1.829022E-16
4312.  1.838279E-16
4313.  1.847491E-16
4314.  1.856653E-16
4315.  1.865764E-16
4316.  1.874822E-16
4317.  1.883825E-16
4318.  1.892771E-16
4319.  1.901656E-16
4320.  1.910480E-16
4321.  1.919239E-16
4322.  1.927933E-16
4323.  1.936558E-16
4324.  1.945111E-16
4325.  1.953592E-16
4326.  1.961997E-16
4327.  1.970327E-16
4328.  1.978576E-16
4329.  1.986743E-16
4330.  1.994826E-16
4331.  2.002824E-16
4332.  2.010733E-16
4333.  2.018552E-16
4334.  2.026279E-16
4335.  2.033911E-16
4336.  2.041446E-16
4337.  2.048883E-16
4338.  2.056219E-16
4339.  2.063453E-16
4340.  2.070581E-16
4341.  2.077603E-16
4342.  2.084517E-16
4343.  2.091318E-16
4344.  2.098008E-16
4345.  2.104583E-16
4346.  2.111040E-16
4347.  2.117380E-16
4348.  2.123600E-16
4349.  2.129695E-16
4350.  2.135669E-16
4351.  2.141516E-16
4352.  2.147235E-16
4353.  2.152825E-16
4354.  2.158285E-16
4355.  2.163612E-16
4356.  2.168804E-16
4357.  2.173859E-16
4358.  2.178778E-16
4359.  2.183558E-16
4360.  2.188196E-16
4361.  2.192693E-16
4362.  2.197047E-16
4363.  2.201255E-16
4364.  2.205317E-16
4365.  2.209231E-16
4366.  2.212997E-16
4367.  2.216610E-16
4368.  2.220074E-16
4369.  2.223384E-16
4370.  2.226541E-16
4371.  2.229542E-16
4372.  2.232387E-16
4373.  2.235075E-16
4374.  2.237605E-16
4375.  2.239975E-16
4376.  2.242185E-16
4377.  2.244234E-16
4378.  2.246121E-16
4379.  2.247845E-16
4380.  2.249406E-16
4381.  2.250803E-16
4382.  2.252036E-16
4383.  2.253100E-16
4384.  2.254001E-16
4385.  2.254733E-16
4386.  2.255300E-16
4387.  2.255697E-16
4388.  2.255928E-16
4389.  2.255989E-16
4390.  2.255881E-16
4391.  2.255605E-16
4392.  2.255158E-16
4393.  2.254541E-16
4394.  2.253756E-16
4395.  2.252800E-16
4396.  2.251674E-16
4397.  2.250378E-16
4398.  2.248911E-16
4399.  2.247275E-16
4400.  2.245468E-16
4401.  2.243492E-16
4402.  2.241346E-16
4403.  2.239029E-16
4404.  2.236544E-16
4405.  2.233890E-16
4406.  2.231068E-16
4407.  2.228076E-16
4408.  2.224918E-16
4409.  2.221592E-16
4410.  2.218100E-16
4411.  2.214440E-16
4412.  2.210615E-16
4413.  2.206626E-16
4414.  2.202471E-16
4415.  2.198153E-16
4416.  2.193672E-16
4417.  2.189029E-16
4418.  2.184225E-16
4419.  2.179261E-16
4420.  2.174137E-16
4421.  2.168854E-16
4422.  2.163414E-16
4423.  2.157816E-16
4424.  2.152064E-16
4425.  2.146158E-16
4426.  2.140098E-16
4427.  2.133886E-16
4428.  2.127524E-16
4429.  2.121012E-16
4430.  2.114351E-16
4431.  2.107543E-16
4432.  2.100590E-16
4433.  2.093493E-16
4434.  2.086253E-16
4435.  2.078871E-16
4436.  2.071349E-16
4437.  2.063688E-16
4438.  2.055891E-16
4439.  2.047958E-16
4440.  2.039892E-16
4441.  2.031693E-16
4442.  2.023363E-16
4443.  2.014906E-16
4444.  2.006320E-16
4445.  1.997609E-16
4446.  1.988775E-16
4447.  1.979819E-16
4448.  1.970743E-16
4449.  1.961548E-16
4450.  1.952237E-16
4451.  1.942811E-16
4452.  1.933273E-16
4453.  1.923624E-16
4454.  1.913865E-16
4455.  1.904000E-16
4456.  1.894030E-16
4457.  1.883958E-16
4458.  1.873784E-16
4459.  1.863511E-16
4460.  1.853143E-16
4461.  1.842677E-16
4462.  1.832119E-16
4463.  1.821472E-16
4464.  1.810735E-16
4465.  1.799913E-16
4466.  1.789004E-16
4467.  1.778014E-16
4468.  1.766944E-16
4469.  1.755796E-16
4470.  1.744572E-16
4471.  1.733275E-16
4472.  1.721905E-16
4473.  1.710468E-16
4474.  1.698963E-16
4475.  1.687391E-16
4476.  1.675758E-16
4477.  1.664065E-16
4478.  1.652313E-16
4479.  1.640504E-16
4480.  1.628641E-16
4481.  1.616727E-16
4482.  1.604764E-16
4483.  1.592753E-16
4484.  1.580696E-16
4485.  1.568597E-16
4486.  1.556456E-16
4487.  1.544279E-16
4488.  1.532065E-16
4489.  1.519814E-16
4490.  1.507533E-16
4491.  1.495224E-16
4492.  1.482884E-16
4493.  1.470521E-16
4494.  1.458134E-16
4495.  1.445726E-16
4496.  1.433298E-16
4497.  1.420854E-16
4498.  1.408396E-16
4499.  1.395924E-16
4500.  1.383442E-16
