1.  4.275509E-24
2.  1.091147E-23
3.  -3.397939E-23
4.  -3.242465E-23
5.  7.125928E-23
6.  6.224280E-23
7.  6.018260E-23
8.  1.010355E-22
9.  1.462739E-23
10.  -1.873890E-23
11.  1.684736E-23
12.  -2.032941E-23
13.  -3.350692E-23
14.  4.309186E-23
15.  4.143029E-23
16.  -1.579849E-23
17.  3.495454E-23
18.  2.194455E-23
19.  -2.762204E-24
20.  1.205462E-23
21.  -1.513091E-23
22.  1.114850E-22
23.  -3.692310E-23
24.  -7.097050E-23
25.  -1.035523E-23
26.  5.264541E-23
27.  -3.446608E-23
28.  2.760815E-23
29.  5.606382E-23
30.  3.074932E-23
31.  -6.637337E-23
32.  1.705323E-23
33.  -4.782360E-23
34.  3.767447E-23
35.  -2.671034E-23
36.  -1.916587E-23
37.  5.601340E-23
38.  4.062952E-23
39.  9.256439E-23
40.  1.691759E-23
41.  7.461892E-23
42.  9.720236E-23
43.  -4.549354E-23
44.  9.332647E-24
45.  1.406621E-24
46.  -5.241977E-23
47.  4.143539E-23
48.  6.597628E-23
49.  -1.419957E-23
50.  -5.065339E-23
51.  -1.735499E-23
52.  3.188699E-23
53.  5.845072E-23
54.  -3.965072E-23
55.  1.472597E-23
56.  -6.398253E-23
57.  -9.199153E-24
58.  1.476214E-23
59.  -1.121035E-22
60.  8.116034E-23
61.  -6.726036E-23
62.  2.875480E-23
63.  -9.767925E-23
64.  3.056987E-23
65.  1.368008E-23
66.  -5.872885E-23
67.  -3.203633E-23
68.  -4.785414E-23
69.  -4.502061E-23
70.  -7.428498E-24
71.  2.553094E-23
72.  5.519465E-23
73.  -8.543558E-23
74.  1.306455E-23
75.  1.324637E-23
76.  -2.404057E-23
77.  -5.595631E-23
78.  -8.503490E-23
79.  -2.356243E-23
80.  5.118862E-23
81.  -1.093496E-23
82.  -3.914244E-23
83.  -4.865848E-23
84.  2.555991E-24
85.  3.441383E-23
86.  -1.362179E-23
87.  -2.851291E-23
88.  -1.268709E-22
89.  -3.462541E-23
90.  8.232011E-23
91.  -8.067177E-23
92.  8.235431E-23
93.  4.168747E-23
94.  -3.241421E-23
95.  -6.112913E-23
96.  2.888198E-23
97.  -1.453007E-22
98.  -7.825859E-23
99.  -2.229746E-23
100.  -2.738065E-23
101.  -1.442069E-22
102.  -9.154888E-23
103.  -7.831439E-23
104.  4.542996E-23
105.  -2.764165E-23
106.  -1.136730E-22
107.  -2.367526E-23
108.  -2.615238E-23
109.  -8.036612E-23
110.  4.578226E-23
111.  2.704817E-23
112.  -5.314382E-24
113.  -5.549009E-23
114.  -3.814028E-23
115.  -2.793998E-23
116.  -2.171654E-23
117.  2.583676E-23
118.  -1.028717E-22
119.  -1.832766E-23
120.  -6.096986E-23
121.  -2.829626E-23
122.  -3.793438E-23
123.  -3.171794E-23
124.  -5.617901E-23
125.  -1.207170E-23
126.  -6.915930E-23
127.  3.405418E-25
128.  -3.071447E-23
129.  -3.271495E-23
130.  -6.960835E-23
131.  -8.787170E-23
132.  -1.224897E-22
133.  -1.187711E-22
134.  -3.314936E-23
135.  -5.085457E-23
136.  -5.989973E-23
137.  1.269296E-23
138.  -3.332779E-23
139.  -7.258435E-23
140.  -7.295839E-23
141.  -2.087987E-23
142.  -1.768019E-23
143.  4.120920E-23
144.  9.744979E-24
145.  -3.229345E-23
146.  -5.177296E-23
147.  -5.789186E-23
148.  -6.767441E-23
149.  -6.881768E-23
150.  -7.147808E-23
151.  -9.246408E-23
152.  -1.702823E-22
153.  -1.254456E-22
154.  -1.616878E-23
155.  -1.915661E-22
156.  -8.911986E-23
157.  -9.388268E-23
158.  -7.172741E-24
159.  -7.103657E-23
160.  1.208840E-23
161.  -1.052524E-22
162.  -9.975192E-23
163.  -4.782355E-23
164.  -6.756735E-23
165.  -9.050881E-23
166.  1.925251E-23
167.  -3.769461E-23
168.  -8.922937E-23
169.  -6.676073E-24
170.  -8.698883E-23
171.  -1.249218E-22
172.  -7.088044E-23
173.  -1.509010E-23
174.  -9.378456E-24
175.  -8.716719E-23
176.  -7.535659E-23
177.  3.007804E-23
178.  -1.056506E-22
179.  -8.924336E-23
180.  -4.725708E-23
181.  2.981266E-23
182.  -1.282731E-22
183.  2.864027E-23
184.  -3.551012E-23
185.  -1.577050E-22
186.  -6.228730E-23
187.  -3.625655E-23
188.  -2.884095E-23
189.  -6.522818E-23
190.  2.796685E-23
191.  -3.050047E-23
192.  7.082675E-23
193.  5.315065E-23
194.  1.581169E-23
195.  1.531721E-23
196.  4.445143E-23
197.  1.609539E-22
198.  1.865052E-22
199.  3.345789E-22
200.  2.559339E-22
201.  3.932707E-22
202.  4.990587E-22
203.  6.245290E-22
204.  7.394362E-22
205.  9.829466E-22
206.  1.137774E-21
207.  1.458953E-21
208.  1.748047E-21
209.  2.138137E-21
210.  2.641037E-21
211.  3.131562E-21
212.  3.849983E-21
213.  4.738015E-21
214.  5.635041E-21
215.  6.833134E-21
216.  8.229990E-21
217.  9.907601E-21
218.  1.200319E-20
219.  1.418862E-20
220.  1.713664E-20
221.  2.042942E-20
222.  2.431773E-20
223.  2.891867E-20
224.  3.432704E-20
225.  4.056391E-20
226.  4.790208E-20
227.  5.665505E-20
228.  6.679476E-20
229.  7.852196E-20
230.  9.225629E-20
231.  1.081815E-19
232.  1.265900E-19
233.  1.480106E-19
234.  1.725691E-19
235.  2.010839E-19
236.  2.337984E-19
237.  2.714809E-19
238.  3.146028E-19
239.  3.640016E-19
240.  4.204504E-19
241.  4.850159E-19
242.  5.583682E-19
243.  6.420398E-19
244.  7.369038E-19
245.  8.445148E-19
246.  9.663178E-19
247.  1.104076E-18
248.  1.259470E-18
249.  1.434389E-18
250.  1.631272E-18
251.  1.852314E-18
252.  2.100117E-18
253.  2.377457E-18
254.  2.687533E-18
255.  3.033393E-18
256.  3.418918E-18
257.  3.847705E-18
258.  4.323869E-18
259.  4.852036E-18
260.  5.436961E-18
261.  6.083801E-18
262.  6.797955E-18
263.  7.585117E-18
264.  8.451706E-18
265.  9.404255E-18
266.  1.044976E-17
267.  1.159556E-17
268.  1.284949E-17
269.  1.422013E-17
270.  1.571565E-17
271.  1.734554E-17
272.  1.911900E-17
273.  2.104641E-17
274.  2.313776E-17
275.  2.540413E-17
276.  2.785690E-17
277.  3.050737E-17
278.  3.336780E-17
279.  3.645057E-17
280.  3.976840E-17
281.  4.333453E-17
282.  4.716244E-17
283.  5.126556E-17
284.  5.565823E-17
285.  6.035422E-17
286.  6.536818E-17
287.  7.071455E-17
288.  7.640783E-17
289.  8.246264E-17
290.  8.889355E-17
291.  9.571535E-17
292.  1.029421E-16
293.  1.105884E-16
294.  1.186680E-16
295.  1.271946E-16
296.  1.361816E-16
297.  1.456419E-16
298.  1.555879E-16
299.  1.660315E-16
300.  1.769837E-16
301.  1.884552E-16
302.  2.004557E-16
303.  2.129937E-16
304.  2.260779E-16
305.  2.397148E-16
306.  2.539105E-16
307.  2.686703E-16
308.  2.839977E-16
309.  2.998955E-16
310.  3.163651E-16
311.  3.334066E-16
312.  3.510191E-16
313.  3.692000E-16
314.  3.879457E-16
315.  4.072508E-16
316.  4.271090E-16
317.  4.475122E-16
318.  4.684511E-16
319.  4.899151E-16
320.  5.118920E-16
321.  5.343683E-16
322.  5.573289E-16
323.  5.807582E-16
324.  6.046383E-16
325.  6.289508E-16
326.  6.536754E-16
327.  6.787912E-16
328.  7.042760E-16
329.  7.301067E-16
330.  7.562586E-16
331.  7.827071E-16
332.  8.094256E-16
333.  8.363876E-16
334.  8.635659E-16
335.  8.909315E-16
336.  9.184566E-16
337.  9.461114E-16
338.  9.738668E-16
339.  1.001693E-15
340.  1.029560E-15
341.  1.057437E-15
342.  1.085296E-15
343.  1.113105E-15
344.  1.140835E-15
345.  1.168456E-15
346.  1.195941E-15
347.  1.223258E-15
348.  1.250382E-15
349.  1.277283E-15
350.  1.303937E-15
351.  1.330315E-15
352.  1.356395E-15
353.  1.382150E-15
354.  1.407559E-15
355.  1.432599E-15
356.  1.457249E-15
357.  1.481491E-15
358.  1.505304E-15
359.  1.528673E-15
360.  1.551580E-15
361.  1.574013E-15
362.  1.595956E-15
363.  1.617400E-15
364.  1.638333E-15
365.  1.658746E-15
366.  1.678633E-15
367.  1.697985E-15
368.  1.716799E-15
369.  1.735070E-15
370.  1.752797E-15
371.  1.769978E-15
372.  1.786613E-15
373.  1.802703E-15
374.  1.818249E-15
375.  1.833255E-15
376.  1.847726E-15
377.  1.861664E-15
378.  1.875077E-15
379.  1.887969E-15
380.  1.900347E-15
381.  1.912218E-15
382.  1.923588E-15
383.  1.934466E-15
384.  1.944859E-15
385.  1.954775E-15
386.  1.964220E-15
387.  1.973203E-15
388.  1.981730E-15
389.  1.989809E-15
390.  1.997445E-15
391.  2.004644E-15
392.  2.011412E-15
393.  2.017753E-15
394.  2.023672E-15
395.  2.029171E-15
396.  2.034254E-15
397.  2.038921E-15
398.  2.043175E-15
399.  2.047014E-15
400.  2.050439E-15
401.  2.053448E-15
402.  2.056037E-15
403.  2.058206E-15
404.  2.059949E-15
405.  2.061263E-15
406.  2.062142E-15
407.  2.062579E-15
408.  2.062571E-15
409.  2.062109E-15
410.  2.061187E-15
411.  2.059798E-15
412.  2.057934E-15
413.  2.055589E-15
414.  2.052756E-15
415.  2.049427E-15
416.  2.045597E-15
417.  2.041258E-15
418.  2.036406E-15
419.  2.031035E-15
420.  2.025142E-15
421.  2.018723E-15
422.  2.011776E-15
423.  2.004300E-15
424.  1.996294E-15
425.  1.987761E-15
426.  1.978701E-15
427.  1.969120E-15
428.  1.959022E-15
429.  1.948413E-15
430.  1.937302E-15
431.  1.925698E-15
432.  1.913611E-15
433.  1.901055E-15
434.  1.888042E-15
435.  1.874587E-15
436.  1.860708E-15
437.  1.846420E-15
438.  1.831745E-15
439.  1.816699E-15
440.  1.801306E-15
441.  1.785587E-15
442.  1.769565E-15
443.  1.753263E-15
444.  1.736707E-15
445.  1.719921E-15
446.  1.702931E-15
447.  1.685764E-15
448.  1.668447E-15
449.  1.651006E-15
450.  1.633469E-15
451.  1.615865E-15
452.  1.598220E-15
453.  1.580564E-15
454.  1.562924E-15
455.  1.545329E-15
456.  1.527806E-15
457.  1.510385E-15
458.  1.493093E-15
459.  1.475959E-15
460.  1.459009E-15
461.  1.442273E-15
462.  1.425778E-15
463.  1.409550E-15
464.  1.393617E-15
465.  1.378005E-15
466.  1.362741E-15
467.  1.347851E-15
468.  1.333360E-15
469.  1.319293E-15
470.  1.305674E-15
471.  1.292527E-15
472.  1.279874E-15
473.  1.267739E-15
474.  1.256141E-15
475.  1.245102E-15
476.  1.234640E-15
477.  1.224774E-15
478.  1.215522E-15
479.  1.206897E-15
480.  1.198915E-15
481.  1.191588E-15
482.  1.184929E-15
483.  1.178946E-15
484.  1.173647E-15
485.  1.169040E-15
486.  1.165129E-15
487.  1.161915E-15
488.  1.159402E-15
489.  1.157588E-15
490.  1.156470E-15
491.  1.156044E-15
492.  1.156304E-15
493.  1.157243E-15
494.  1.158851E-15
495.  1.161116E-15
496.  1.164028E-15
497.  1.167571E-15
498.  1.171730E-15
499.  1.176489E-15
500.  1.181831E-15
501.  1.187738E-15
502.  1.194190E-15
503.  1.201168E-15
504.  1.208651E-15
505.  1.216620E-15
506.  1.225054E-15
507.  1.233932E-15
508.  1.243233E-15
509.  1.252937E-15
510.  1.263026E-15
511.  1.273479E-15
512.  1.284279E-15
513.  1.295406E-15
514.  1.306845E-15
515.  1.318579E-15
516.  1.330593E-15
517.  1.342873E-15
518.  1.355406E-15
519.  1.368181E-15
520.  1.381185E-15
521.  1.394410E-15
522.  1.407846E-15
523.  1.421486E-15
524.  1.435320E-15
525.  1.449343E-15
526.  1.463550E-15
527.  1.477933E-15
528.  1.492488E-15
529.  1.507209E-15
530.  1.522090E-15
531.  1.537127E-15
532.  1.552313E-15
533.  1.567641E-15
534.  1.583105E-15
535.  1.598695E-15
536.  1.614402E-15
537.  1.630216E-15
538.  1.646125E-15
539.  1.662114E-15
540.  1.678168E-15
541.  1.694270E-15
542.  1.710400E-15
543.  1.726536E-15
544.  1.742657E-15
545.  1.758736E-15
546.  1.774745E-15
547.  1.790654E-15
548.  1.806432E-15
549.  1.822045E-15
550.  1.837457E-15
551.  1.852630E-15
552.  1.867526E-15
553.  1.882104E-15
554.  1.896321E-15
555.  1.910134E-15
556.  1.923501E-15
557.  1.936376E-15
558.  1.948714E-15
559.  1.960470E-15
560.  1.971600E-15
561.  1.982061E-15
562.  1.991807E-15
563.  2.000798E-15
564.  2.008992E-15
565.  2.016350E-15
566.  2.022835E-15
567.  2.028411E-15
568.  2.033047E-15
569.  2.036712E-15
570.  2.039379E-15
571.  2.041025E-15
572.  2.041629E-15
573.  2.041173E-15
574.  2.039645E-15
575.  2.037033E-15
576.  2.033332E-15
577.  2.028539E-15
578.  2.022654E-15
579.  2.015683E-15
580.  2.007632E-15
581.  1.998516E-15
582.  1.988348E-15
583.  1.977148E-15
584.  1.964936E-15
585.  1.951737E-15
586.  1.937580E-15
587.  1.922495E-15
588.  1.906513E-15
589.  1.889670E-15
590.  1.872003E-15
591.  1.853551E-15
592.  1.834354E-15
593.  1.814454E-15
594.  1.793893E-15
595.  1.772715E-15
596.  1.750964E-15
597.  1.728687E-15
598.  1.705928E-15
599.  1.682733E-15
600.  1.659147E-15
601.  1.635217E-15
602.  1.610987E-15
603.  1.586503E-15
604.  1.561808E-15
605.  1.536948E-15
606.  1.511964E-15
607.  1.486900E-15
608.  1.461797E-15
609.  1.436697E-15
610.  1.411638E-15
611.  1.386659E-15
612.  1.361800E-15
613.  1.337096E-15
614.  1.312582E-15
615.  1.288295E-15
616.  1.264266E-15
617.  1.240529E-15
618.  1.217114E-15
619.  1.194051E-15
620.  1.171368E-15
621.  1.149093E-15
622.  1.127252E-15
623.  1.105868E-15
624.  1.084966E-15
625.  1.064568E-15
626.  1.044693E-15
627.  1.025360E-15
628.  1.006587E-15
629.  9.883909E-16
630.  9.707854E-16
631.  9.537843E-16
632.  9.373994E-16
633.  9.216411E-16
634.  9.065182E-16
635.  8.920386E-16
636.  8.782084E-16
637.  8.650327E-16
638.  8.525153E-16
639.  8.406585E-16
640.  8.294634E-16
641.  8.189305E-16
642.  8.090584E-16
643.  7.998453E-16
644.  7.912880E-16
645.  7.833826E-16
646.  7.761242E-16
647.  7.695070E-16
648.  7.635245E-16
649.  7.581695E-16
650.  7.534337E-16
651.  7.493088E-16
652.  7.457853E-16
653.  7.428531E-16
654.  7.405017E-16
655.  7.387200E-16
656.  7.374958E-16
657.  7.368173E-16
658.  7.366712E-16
659.  7.370439E-16
660.  7.379213E-16
661.  7.392888E-16
662.  7.411307E-16
663.  7.434312E-16
664.  7.461736E-16
665.  7.493405E-16
666.  7.529141E-16
667.  7.568758E-16
668.  7.612065E-16
669.  7.658862E-16
670.  7.708947E-16
671.  7.762110E-16
672.  7.818137E-16
673.  7.876809E-16
674.  7.937902E-16
675.  8.001191E-16
676.  8.066444E-16
677.  8.133432E-16
678.  8.201922E-16
679.  8.271681E-16
680.  8.342477E-16
681.  8.414081E-16
682.  8.486263E-16
683.  8.558802E-16
684.  8.631477E-16
685.  8.704076E-16
686.  8.776389E-16
687.  8.848218E-16
688.  8.919371E-16
689.  8.989662E-16
690.  9.058918E-16
691.  9.126974E-16
692.  9.193672E-16
693.  9.258871E-16
694.  9.322430E-16
695.  9.384225E-16
696.  9.444138E-16
697.  9.502060E-16
698.  9.557895E-16
699.  9.611545E-16
700.  9.662931E-16
701.  9.711965E-16
702.  9.758582E-16
703.  9.802702E-16
704.  9.844261E-16
705.  9.883197E-16
706.  9.919440E-16
707.  9.952925E-16
708.  9.983583E-16
709.  1.001135E-15
710.  1.003615E-15
711.  1.005790E-15
712.  1.007654E-15
713.  1.009196E-15
714.  1.010408E-15
715.  1.011281E-15
716.  1.011804E-15
717.  1.011966E-15
718.  1.011757E-15
719.  1.011165E-15
720.  1.010178E-15
721.  1.008785E-15
722.  1.006974E-15
723.  1.004732E-15
724.  1.002047E-15
725.  9.989093E-16
726.  9.953072E-16
727.  9.912304E-16
728.  9.866697E-16
729.  9.816172E-16
730.  9.760659E-16
731.  9.700103E-16
732.  9.634468E-16
733.  9.563731E-16
734.  9.487895E-16
735.  9.406974E-16
736.  9.321014E-16
737.  9.230080E-16
738.  9.134257E-16
739.  9.033664E-16
740.  8.928435E-16
741.  8.818734E-16
742.  8.704752E-16
743.  8.586700E-16
744.  8.464815E-16
745.  8.339358E-16
746.  8.210612E-16
747.  8.078882E-16
748.  7.944489E-16
749.  7.807776E-16
750.  7.669098E-16
751.  7.528823E-16
752.  7.387337E-16
753.  7.245032E-16
754.  7.102301E-16
755.  6.959550E-16
756.  6.817180E-16
757.  6.675597E-16
758.  6.535199E-16
759.  6.396384E-16
760.  6.259534E-16
761.  6.125027E-16
762.  5.993223E-16
763.  5.864475E-16
764.  5.739112E-16
765.  5.617445E-16
766.  5.499771E-16
767.  5.386357E-16
768.  5.277454E-16
769.  5.173282E-16
770.  5.074045E-16
771.  4.979913E-16
772.  4.891035E-16
773.  4.807535E-16
774.  4.729505E-16
775.  4.657013E-16
776.  4.590105E-16
777.  4.528798E-16
778.  4.473086E-16
779.  4.422934E-16
780.  4.378292E-16
781.  4.339082E-16
782.  4.305207E-16
783.  4.276549E-16
784.  4.252973E-16
785.  4.234328E-16
786.  4.220444E-16
787.  4.211139E-16
788.  4.206218E-16
789.  4.205473E-16
790.  4.208692E-16
791.  4.215645E-16
792.  4.226104E-16
793.  4.239832E-16
794.  4.256588E-16
795.  4.276127E-16
796.  4.298207E-16
797.  4.322583E-16
798.  4.349012E-16
799.  4.377253E-16
800.  4.407070E-16
801.  4.438230E-16
802.  4.470510E-16
803.  4.503687E-16
804.  4.537553E-16
805.  4.571902E-16
806.  4.606544E-16
807.  4.641293E-16
808.  4.675979E-16
809.  4.710442E-16
810.  4.744534E-16
811.  4.778119E-16
812.  4.811076E-16
813.  4.843297E-16
814.  4.874688E-16
815.  4.905169E-16
816.  4.934676E-16
817.  4.963160E-16
818.  4.990586E-16
819.  5.016933E-16
820.  5.042198E-16
821.  5.066392E-16
822.  5.089538E-16
823.  5.111677E-16
824.  5.132863E-16
825.  5.153166E-16
826.  5.172665E-16
827.  5.191455E-16
828.  5.209643E-16
829.  5.227346E-16
830.  5.244694E-16
831.  5.261821E-16
832.  5.278878E-16
833.  5.296018E-16
834.  5.313401E-16
835.  5.331197E-16
836.  5.349574E-16
837.  5.368708E-16
838.  5.388775E-16
839.  5.409949E-16
840.  5.432408E-16
841.  5.456324E-16
842.  5.481866E-16
843.  5.509200E-16
844.  5.538483E-16
845.  5.569866E-16
846.  5.603496E-16
847.  5.639498E-16
848.  5.677998E-16
849.  5.719105E-16
850.  5.762913E-16
851.  5.809508E-16
852.  5.858959E-16
853.  5.911315E-16
854.  5.966620E-16
855.  6.024891E-16
856.  6.086136E-16
857.  6.150346E-16
858.  6.217496E-16
859.  6.287540E-16
860.  6.360425E-16
861.  6.436079E-16
862.  6.514413E-16
863.  6.595329E-16
864.  6.678716E-16
865.  6.764449E-16
866.  6.852394E-16
867.  6.942408E-16
868.  7.034340E-16
869.  7.128032E-16
870.  7.223321E-16
871.  7.320041E-16
872.  7.418022E-16
873.  7.517096E-16
874.  7.617091E-16
875.  7.717841E-16
876.  7.819181E-16
877.  7.920953E-16
878.  8.023003E-16
879.  8.125179E-16
880.  8.227345E-16
881.  8.329372E-16
882.  8.431132E-16
883.  8.532515E-16
884.  8.633416E-16
885.  8.733742E-16
886.  8.833411E-16
887.  8.932349E-16
888.  9.030489E-16
889.  9.127778E-16
890.  9.224170E-16
891.  9.319622E-16
892.  9.414104E-16
893.  9.507587E-16
894.  9.600047E-16
895.  9.691466E-16
896.  9.781826E-16
897.  9.871106E-16
898.  9.959291E-16
899.  1.004636E-15
900.  1.013229E-15
901.  1.021706E-15
902.  1.030062E-15
903.  1.038295E-15
904.  1.046399E-15
905.  1.054369E-15
906.  1.062198E-15
907.  1.069880E-15
908.  1.077405E-15
909.  1.084765E-15
910.  1.091949E-15
911.  1.098946E-15
912.  1.105745E-15
913.  1.112331E-15
914.  1.118692E-15
915.  1.124812E-15
916.  1.130678E-15
917.  1.136274E-15
918.  1.141584E-15
919.  1.146593E-15
920.  1.151284E-15
921.  1.155642E-15
922.  1.159651E-15
923.  1.163297E-15
924.  1.166565E-15
925.  1.169442E-15
926.  1.171915E-15
927.  1.173971E-15
928.  1.175600E-15
929.  1.176794E-15
930.  1.177543E-15
931.  1.177841E-15
932.  1.177683E-15
933.  1.177065E-15
934.  1.175984E-15
935.  1.174439E-15
936.  1.172432E-15
937.  1.169964E-15
938.  1.167039E-15
939.  1.163662E-15
940.  1.159838E-15
941.  1.155576E-15
942.  1.150884E-15
943.  1.145770E-15
944.  1.140247E-15
945.  1.134324E-15
946.  1.128014E-15
947.  1.121329E-15
948.  1.114282E-15
949.  1.106888E-15
950.  1.099158E-15
951.  1.091108E-15
952.  1.082750E-15
953.  1.074100E-15
954.  1.065171E-15
955.  1.055978E-15
956.  1.046534E-15
957.  1.036854E-15
958.  1.026951E-15
959.  1.016840E-15
960.  1.006534E-15
961.  9.960468E-16
962.  9.853932E-16
963.  9.745874E-16
964.  9.636435E-16
965.  9.525766E-16
966.  9.414016E-16
967.  9.301341E-16
968.  9.187902E-16
969.  9.073870E-16
970.  8.959418E-16
971.  8.844727E-16
972.  8.729989E-16
973.  8.615406E-16
974.  8.501185E-16
975.  8.387545E-16
976.  8.274717E-16
977.  8.162940E-16
978.  8.052464E-16
979.  7.943546E-16
980.  7.836457E-16
981.  7.731471E-16
982.  7.628878E-16
983.  7.528966E-16
984.  7.432034E-16
985.  7.338387E-16
986.  7.248328E-16
987.  7.162163E-16
988.  7.080202E-16
989.  7.002747E-16
990.  6.930104E-16
991.  6.862564E-16
992.  6.800412E-16
993.  6.743928E-16
994.  6.693372E-16
995.  6.648994E-16
996.  6.611023E-16
997.  6.579671E-16
998.  6.555127E-16
999.  6.537552E-16
1000.  6.527088E-16
1001.  6.523842E-16
1002.  6.527896E-16
1003.  6.539293E-16
1004.  6.558051E-16
1005.  6.584143E-16
1006.  6.617514E-16
1007.  6.658065E-16
1008.  6.705664E-16
1009.  6.760138E-16
1010.  6.821272E-16
1011.  6.888815E-16
1012.  6.962477E-16
1013.  7.041930E-16
1014.  7.126808E-16
1015.  7.216707E-16
1016.  7.311190E-16
1017.  7.409789E-16
1018.  7.512000E-16
1019.  7.617297E-16
1020.  7.725123E-16
1021.  7.834898E-16
1022.  7.946029E-16
1023.  8.057896E-16
1024.  8.169878E-16
1025.  8.281335E-16
1026.  8.391630E-16
1027.  8.500116E-16
1028.  8.606162E-16
1029.  8.709133E-16
1030.  8.808408E-16
1031.  8.903385E-16
1032.  8.993480E-16
1033.  9.078135E-16
1034.  9.156816E-16
1035.  9.229027E-16
1036.  9.294302E-16
1037.  9.352211E-16
1038.  9.402375E-16
1039.  9.444451E-16
1040.  9.478147E-16
1041.  9.503221E-16
1042.  9.519476E-16
1043.  9.526773E-16
1044.  9.525024E-16
1045.  9.514198E-16
1046.  9.494314E-16
1047.  9.465443E-16
1048.  9.427712E-16
1049.  9.381305E-16
1050.  9.326453E-16
1051.  9.263430E-16
1052.  9.192571E-16
1053.  9.114246E-16
1054.  9.028871E-16
1055.  8.936901E-16
1056.  8.838830E-16
1057.  8.735183E-16
1058.  8.626517E-16
1059.  8.513414E-16
1060.  8.396486E-16
1061.  8.276352E-16
1062.  8.153659E-16
1063.  8.029057E-16
1064.  7.903212E-16
1065.  7.776792E-16
1066.  7.650464E-16
1067.  7.524895E-16
1068.  7.400748E-16
1069.  7.278674E-16
1070.  7.159316E-16
1071.  7.043299E-16
1072.  6.931230E-16
1073.  6.823702E-16
1074.  6.721275E-16
1075.  6.624495E-16
1076.  6.533872E-16
1077.  6.449893E-16
1078.  6.373009E-16
1079.  6.303645E-16
1080.  6.242184E-16
1081.  6.188980E-16
1082.  6.144347E-16
1083.  6.108561E-16
1084.  6.081864E-16
1085.  6.064449E-16
1086.  6.056478E-16
1087.  6.058068E-16
1088.  6.069295E-16
1089.  6.090192E-16
1090.  6.120754E-16
1091.  6.160933E-16
1092.  6.210635E-16
1093.  6.269732E-16
1094.  6.338051E-16
1095.  6.415375E-16
1096.  6.501455E-16
1097.  6.595998E-16
1098.  6.698679E-16
1099.  6.809128E-16
1100.  6.926948E-16
1101.  7.051708E-16
1102.  7.182942E-16
1103.  7.320159E-16
1104.  7.462838E-16
1105.  7.610439E-16
1106.  7.762393E-16
1107.  7.918120E-16
1108.  8.077019E-16
1109.  8.238483E-16
1110.  8.401887E-16
1111.  8.566607E-16
1112.  8.732017E-16
1113.  8.897488E-16
1114.  9.062407E-16
1115.  9.226152E-16
1116.  9.388132E-16
1117.  9.547761E-16
1118.  9.704480E-16
1119.  9.857750E-16
1120.  1.000706E-15
1121.  1.015193E-15
1122.  1.029191E-15
1123.  1.042659E-15
1124.  1.055560E-15
1125.  1.067860E-15
1126.  1.079531E-15
1127.  1.090549E-15
1128.  1.100894E-15
1129.  1.110551E-15
1130.  1.119509E-15
1131.  1.127765E-15
1132.  1.135316E-15
1133.  1.142169E-15
1134.  1.148331E-15
1135.  1.153818E-15
1136.  1.158646E-15
1137.  1.162840E-15
1138.  1.166425E-15
1139.  1.169433E-15
1140.  1.171897E-15
1141.  1.173855E-15
1142.  1.175348E-15
1143.  1.176419E-15
1144.  1.177114E-15
1145.  1.177479E-15
1146.  1.177565E-15
1147.  1.177422E-15
1148.  1.177100E-15
1149.  1.176652E-15
1150.  1.176129E-15
1151.  1.175582E-15
1152.  1.175062E-15
1153.  1.174619E-15
1154.  1.174301E-15
1155.  1.174154E-15
1156.  1.174224E-15
1157.  1.174553E-15
1158.  1.175179E-15
1159.  1.176142E-15
1160.  1.177473E-15
1161.  1.179206E-15
1162.  1.181367E-15
1163.  1.183980E-15
1164.  1.187068E-15
1165.  1.190646E-15
1166.  1.194728E-15
1167.  1.199325E-15
1168.  1.204443E-15
1169.  1.210084E-15
1170.  1.216249E-15
1171.  1.222933E-15
1172.  1.230128E-15
1173.  1.237824E-15
1174.  1.246008E-15
1175.  1.254663E-15
1176.  1.263769E-15
1177.  1.273304E-15
1178.  1.283246E-15
1179.  1.293566E-15
1180.  1.304237E-15
1181.  1.315228E-15
1182.  1.326508E-15
1183.  1.338043E-15
1184.  1.349801E-15
1185.  1.361744E-15
1186.  1.373838E-15
1187.  1.386046E-15
1188.  1.398332E-15
1189.  1.410658E-15
1190.  1.422987E-15
1191.  1.435284E-15
1192.  1.447512E-15
1193.  1.459635E-15
1194.  1.471618E-15
1195.  1.483426E-15
1196.  1.495028E-15
1197.  1.506389E-15
1198.  1.517480E-15
1199.  1.528269E-15
1200.  1.538729E-15
1201.  1.548833E-15
1202.  1.558554E-15
1203.  1.567868E-15
1204.  1.576753E-15
1205.  1.585187E-15
1206.  1.593152E-15
1207.  1.600628E-15
1208.  1.607600E-15
1209.  1.614053E-15
1210.  1.619975E-15
1211.  1.625353E-15
1212.  1.630178E-15
1213.  1.634441E-15
1214.  1.638136E-15
1215.  1.641257E-15
1216.  1.643800E-15
1217.  1.645763E-15
1218.  1.647145E-15
1219.  1.647945E-15
1220.  1.648166E-15
1221.  1.647809E-15
1222.  1.646879E-15
1223.  1.645379E-15
1224.  1.643317E-15
1225.  1.640697E-15
1226.  1.637528E-15
1227.  1.633819E-15
1228.  1.629579E-15
1229.  1.624817E-15
1230.  1.619544E-15
1231.  1.613772E-15
1232.  1.607514E-15
1233.  1.600780E-15
1234.  1.593586E-15
1235.  1.585944E-15
1236.  1.577869E-15
1237.  1.569376E-15
1238.  1.560480E-15
1239.  1.551198E-15
1240.  1.541545E-15
1241.  1.531539E-15
1242.  1.521197E-15
1243.  1.510537E-15
1244.  1.499578E-15
1245.  1.488338E-15
1246.  1.476837E-15
1247.  1.465095E-15
1248.  1.453132E-15
1249.  1.440969E-15
1250.  1.428628E-15
1251.  1.416130E-15
1252.  1.403499E-15
1253.  1.390756E-15
1254.  1.377926E-15
1255.  1.365032E-15
1256.  1.352099E-15
1257.  1.339151E-15
1258.  1.326213E-15
1259.  1.313311E-15
1260.  1.300470E-15
1261.  1.287716E-15
1262.  1.275075E-15
1263.  1.262574E-15
1264.  1.250237E-15
1265.  1.238093E-15
1266.  1.226166E-15
1267.  1.214483E-15
1268.  1.203069E-15
1269.  1.191950E-15
1270.  1.181150E-15
1271.  1.170694E-15
1272.  1.160605E-15
1273.  1.150907E-15
1274.  1.141621E-15
1275.  1.132769E-15
1276.  1.124371E-15
1277.  1.116447E-15
1278.  1.109014E-15
1279.  1.102089E-15
1280.  1.095687E-15
1281.  1.089822E-15
1282.  1.084507E-15
1283.  1.079752E-15
1284.  1.075566E-15
1285.  1.071958E-15
1286.  1.068932E-15
1287.  1.066492E-15
1288.  1.064640E-15
1289.  1.063376E-15
1290.  1.062699E-15
1291.  1.062604E-15
1292.  1.063086E-15
1293.  1.064138E-15
1294.  1.065749E-15
1295.  1.067909E-15
1296.  1.070605E-15
1297.  1.073821E-15
1298.  1.077541E-15
1299.  1.081747E-15
1300.  1.086419E-15
1301.  1.091537E-15
1302.  1.097077E-15
1303.  1.103015E-15
1304.  1.109327E-15
1305.  1.115988E-15
1306.  1.122969E-15
1307.  1.130245E-15
1308.  1.137786E-15
1309.  1.145564E-15
1310.  1.153551E-15
1311.  1.161717E-15
1312.  1.170034E-15
1313.  1.178473E-15
1314.  1.187006E-15
1315.  1.195604E-15
1316.  1.204240E-15
1317.  1.212887E-15
1318.  1.221521E-15
1319.  1.230115E-15
1320.  1.238646E-15
1321.  1.247091E-15
1322.  1.255430E-15
1323.  1.263641E-15
1324.  1.271706E-15
1325.  1.279609E-15
1326.  1.287332E-15
1327.  1.294861E-15
1328.  1.302184E-15
1329.  1.309289E-15
1330.  1.316164E-15
1331.  1.322802E-15
1332.  1.329194E-15
1333.  1.335334E-15
1334.  1.341215E-15
1335.  1.346834E-15
1336.  1.352185E-15
1337.  1.357267E-15
1338.  1.362077E-15
1339.  1.366612E-15
1340.  1.370870E-15
1341.  1.374851E-15
1342.  1.378553E-15
1343.  1.381974E-15
1344.  1.385113E-15
1345.  1.387968E-15
1346.  1.390539E-15
1347.  1.392822E-15
1348.  1.394814E-15
1349.  1.396515E-15
1350.  1.397920E-15
1351.  1.399025E-15
1352.  1.399828E-15
1353.  1.400324E-15
1354.  1.400509E-15
1355.  1.400379E-15
1356.  1.399929E-15
1357.  1.399156E-15
1358.  1.398056E-15
1359.  1.396626E-15
1360.  1.394862E-15
1361.  1.392763E-15
1362.  1.390329E-15
1363.  1.387558E-15
1364.  1.384453E-15
1365.  1.381016E-15
1366.  1.377253E-15
1367.  1.373168E-15
1368.  1.368769E-15
1369.  1.364068E-15
1370.  1.359075E-15
1371.  1.353804E-15
1372.  1.348272E-15
1373.  1.342497E-15
1374.  1.336498E-15
1375.  1.330299E-15
1376.  1.323924E-15
1377.  1.317398E-15
1378.  1.310750E-15
1379.  1.304010E-15
1380.  1.297208E-15
1381.  1.290376E-15
1382.  1.283548E-15
1383.  1.276758E-15
1384.  1.270040E-15
1385.  1.263429E-15
1386.  1.256960E-15
1387.  1.250666E-15
1388.  1.244582E-15
1389.  1.238741E-15
1390.  1.233174E-15
1391.  1.227912E-15
1392.  1.222983E-15
1393.  1.218415E-15
1394.  1.214232E-15
1395.  1.210457E-15
1396.  1.207109E-15
1397.  1.204207E-15
1398.  1.201765E-15
1399.  1.199794E-15
1400.  1.198305E-15
1401.  1.197304E-15
1402.  1.196793E-15
1403.  1.196774E-15
1404.  1.197245E-15
1405.  1.198201E-15
1406.  1.199634E-15
1407.  1.201535E-15
1408.  1.203892E-15
1409.  1.206691E-15
1410.  1.209917E-15
1411.  1.213551E-15
1412.  1.217574E-15
1413.  1.221968E-15
1414.  1.226711E-15
1415.  1.231781E-15
1416.  1.237155E-15
1417.  1.242812E-15
1418.  1.248729E-15
1419.  1.254884E-15
1420.  1.261255E-15
1421.  1.267820E-15
1422.  1.274561E-15
1423.  1.281458E-15
1424.  1.288491E-15
1425.  1.295646E-15
1426.  1.302906E-15
1427.  1.310257E-15
1428.  1.317687E-15
1429.  1.325186E-15
1430.  1.332745E-15
1431.  1.340355E-15
1432.  1.348013E-15
1433.  1.355714E-15
1434.  1.363456E-15
1435.  1.371238E-15
1436.  1.379062E-15
1437.  1.386930E-15
1438.  1.394847E-15
1439.  1.402816E-15
1440.  1.410845E-15
1441.  1.418941E-15
1442.  1.427113E-15
1443.  1.435370E-15
1444.  1.443722E-15
1445.  1.452179E-15
1446.  1.460752E-15
1447.  1.469453E-15
1448.  1.478293E-15
1449.  1.487282E-15
1450.  1.496434E-15
1451.  1.505757E-15
1452.  1.515263E-15
1453.  1.524963E-15
1454.  1.534865E-15
1455.  1.544979E-15
1456.  1.555312E-15
1457.  1.565871E-15
1458.  1.576663E-15
1459.  1.587692E-15
1460.  1.598961E-15
1461.  1.610475E-15
1462.  1.622232E-15
1463.  1.634233E-15
1464.  1.646477E-15
1465.  1.658959E-15
1466.  1.671675E-15
1467.  1.684619E-15
1468.  1.697781E-15
1469.  1.711153E-15
1470.  1.724723E-15
1471.  1.738477E-15
1472.  1.752401E-15
1473.  1.766479E-15
1474.  1.780692E-15
1475.  1.795020E-15
1476.  1.809442E-15
1477.  1.823936E-15
1478.  1.838478E-15
1479.  1.853042E-15
1480.  1.867602E-15
1481.  1.882130E-15
1482.  1.896597E-15
1483.  1.910975E-15
1484.  1.925233E-15
1485.  1.939342E-15
1486.  1.953269E-15
1487.  1.966986E-15
1488.  1.980460E-15
1489.  1.993663E-15
1490.  2.006564E-15
1491.  2.019135E-15
1492.  2.031348E-15
1493.  2.043176E-15
1494.  2.054595E-15
1495.  2.065581E-15
1496.  2.076112E-15
1497.  2.086171E-15
1498.  2.095738E-15
1499.  2.104801E-15
1500.  2.113347E-15
1501.  2.121366E-15
1502.  2.128853E-15
1503.  2.135805E-15
1504.  2.142219E-15
1505.  2.148100E-15
1506.  2.153451E-15
1507.  2.158283E-15
1508.  2.162605E-15
1509.  2.166432E-15
1510.  2.169781E-15
1511.  2.172670E-15
1512.  2.175120E-15
1513.  2.177155E-15
1514.  2.178801E-15
1515.  2.180083E-15
1516.  2.181031E-15
1517.  2.181672E-15
1518.  2.182038E-15
1519.  2.182158E-15
1520.  2.182063E-15
1521.  2.181783E-15
1522.  2.181348E-15
1523.  2.180788E-15
1524.  2.180132E-15
1525.  2.179404E-15
1526.  2.178633E-15
1527.  2.177842E-15
1528.  2.177053E-15
1529.  2.176287E-15
1530.  2.175562E-15
1531.  2.174895E-15
1532.  2.174298E-15
1533.  2.173784E-15
1534.  2.173363E-15
1535.  2.173041E-15
1536.  2.172824E-15
1537.  2.172714E-15
1538.  2.172712E-15
1539.  2.172818E-15
1540.  2.173028E-15
1541.  2.173337E-15
1542.  2.173741E-15
1543.  2.174230E-15
1544.  2.174798E-15
1545.  2.175434E-15
1546.  2.176128E-15
1547.  2.176870E-15
1548.  2.177647E-15
1549.  2.178448E-15
1550.  2.179259E-15
1551.  2.180070E-15
1552.  2.180868E-15
1553.  2.181638E-15
1554.  2.182370E-15
1555.  2.183051E-15
1556.  2.183668E-15
1557.  2.184210E-15
1558.  2.184663E-15
1559.  2.185016E-15
1560.  2.185257E-15
1561.  2.185374E-15
1562.  2.185354E-15
1563.  2.185186E-15
1564.  2.184857E-15
1565.  2.184354E-15
1566.  2.183665E-15
1567.  2.182777E-15
1568.  2.181676E-15
1569.  2.180349E-15
1570.  2.178782E-15
1571.  2.176961E-15
1572.  2.174872E-15
1573.  2.172500E-15
1574.  2.169832E-15
1575.  2.166852E-15
1576.  2.163547E-15
1577.  2.159904E-15
1578.  2.155908E-15
1579.  2.151550E-15
1580.  2.146816E-15
1581.  2.141696E-15
1582.  2.136183E-15
1583.  2.130268E-15
1584.  2.123946E-15
1585.  2.117214E-15
1586.  2.110072E-15
1587.  2.102519E-15
1588.  2.094561E-15
1589.  2.086204E-15
1590.  2.077458E-15
1591.  2.068335E-15
1592.  2.058850E-15
1593.  2.049024E-15
1594.  2.038878E-15
1595.  2.028437E-15
1596.  2.017730E-15
1597.  2.006787E-15
1598.  1.995642E-15
1599.  1.984332E-15
1600.  1.972896E-15
1601.  1.961374E-15
1602.  1.949808E-15
1603.  1.938244E-15
1604.  1.926726E-15
1605.  1.915299E-15
1606.  1.904011E-15
1607.  1.892906E-15
1608.  1.882031E-15
1609.  1.871430E-15
1610.  1.861144E-15
1611.  1.851216E-15
1612.  1.841684E-15
1613.  1.832584E-15
1614.  1.823947E-15
1615.  1.815805E-15
1616.  1.808181E-15
1617.  1.801097E-15
1618.  1.794571E-15
1619.  1.788613E-15
1620.  1.783232E-15
1621.  1.778430E-15
1622.  1.774205E-15
1623.  1.770549E-15
1624.  1.767450E-15
1625.  1.764891E-15
1626.  1.762849E-15
1627.  1.761300E-15
1628.  1.760211E-15
1629.  1.759548E-15
1630.  1.759273E-15
1631.  1.759344E-15
1632.  1.759716E-15
1633.  1.760342E-15
1634.  1.761173E-15
1635.  1.762158E-15
1636.  1.763245E-15
1637.  1.764382E-15
1638.  1.765516E-15
1639.  1.766594E-15
1640.  1.767565E-15
1641.  1.768379E-15
1642.  1.768987E-15
1643.  1.769344E-15
1644.  1.769404E-15
1645.  1.769127E-15
1646.  1.768475E-15
1647.  1.767413E-15
1648.  1.765911E-15
1649.  1.763941E-15
1650.  1.761481E-15
1651.  1.758510E-15
1652.  1.755013E-15
1653.  1.750981E-15
1654.  1.746403E-15
1655.  1.741279E-15
1656.  1.735606E-15
1657.  1.729389E-15
1658.  1.722635E-15
1659.  1.715352E-15
1660.  1.707554E-15
1661.  1.699254E-15
1662.  1.690468E-15
1663.  1.681216E-15
1664.  1.671515E-15
1665.  1.661387E-15
1666.  1.650853E-15
1667.  1.639933E-15
1668.  1.628649E-15
1669.  1.617020E-15
1670.  1.605068E-15
1671.  1.592811E-15
1672.  1.580267E-15
1673.  1.567453E-15
1674.  1.554383E-15
1675.  1.541072E-15
1676.  1.527531E-15
1677.  1.513769E-15
1678.  1.499796E-15
1679.  1.485618E-15
1680.  1.471240E-15
1681.  1.456664E-15
1682.  1.441893E-15
1683.  1.426927E-15
1684.  1.411766E-15
1685.  1.396408E-15
1686.  1.380851E-15
1687.  1.365093E-15
1688.  1.349130E-15
1689.  1.332960E-15
1690.  1.316580E-15
1691.  1.299988E-15
1692.  1.283183E-15
1693.  1.266165E-15
1694.  1.248935E-15
1695.  1.231494E-15
1696.  1.213848E-15
1697.  1.196001E-15
1698.  1.177961E-15
1699.  1.159737E-15
1700.  1.141341E-15
1701.  1.122787E-15
1702.  1.104089E-15
1703.  1.085266E-15
1704.  1.066337E-15
1705.  1.047324E-15
1706.  1.028250E-15
1707.  1.009139E-15
1708.  9.900193E-16
1709.  9.709180E-16
1710.  9.518643E-16
1711.  9.328886E-16
1712.  9.140215E-16
1713.  8.952948E-16
1714.  8.767400E-16
1715.  8.583890E-16
1716.  8.402739E-16
1717.  8.224261E-16
1718.  8.048761E-16
1719.  7.876542E-16
1720.  7.707893E-16
1721.  7.543090E-16
1722.  7.382400E-16
1723.  7.226069E-16
1724.  7.074329E-16
1725.  6.927389E-16
1726.  6.785445E-16
1727.  6.648667E-16
1728.  6.517204E-16
1729.  6.391184E-16
1730.  6.270714E-16
1731.  6.155869E-16
1732.  6.046713E-16
1733.  5.943275E-16
1734.  5.845570E-16
1735.  5.753585E-16
1736.  5.667283E-16
1737.  5.586610E-16
1738.  5.511487E-16
1739.  5.441812E-16
1740.  5.377469E-16
1741.  5.318318E-16
1742.  5.264201E-16
1743.  5.214946E-16
1744.  5.170358E-16
1745.  5.130236E-16
1746.  5.094358E-16
1747.  5.062491E-16
1748.  5.034388E-16
1749.  5.009794E-16
1750.  4.988446E-16
1751.  4.970070E-16
1752.  4.954384E-16
1753.  4.941100E-16
1754.  4.929931E-16
1755.  4.920584E-16
1756.  4.912760E-16
1757.  4.906169E-16
1758.  4.900514E-16
1759.  4.895504E-16
1760.  4.890852E-16
1761.  4.886277E-16
1762.  4.881504E-16
1763.  4.876265E-16
1764.  4.870306E-16
1765.  4.863383E-16
1766.  4.855260E-16
1767.  4.845722E-16
1768.  4.834563E-16
1769.  4.821600E-16
1770.  4.806662E-16
1771.  4.789600E-16
1772.  4.770283E-16
1773.  4.748599E-16
1774.  4.724462E-16
1775.  4.697804E-16
1776.  4.668578E-16
1777.  4.636762E-16
1778.  4.602355E-16
1779.  4.565376E-16
1780.  4.525871E-16
1781.  4.483901E-16
1782.  4.439553E-16
1783.  4.392933E-16
1784.  4.344162E-16
1785.  4.293384E-16
1786.  4.240754E-16
1787.  4.186448E-16
1788.  4.130653E-16
1789.  4.073562E-16
1790.  4.015388E-16
1791.  3.956346E-16
1792.  3.896659E-16
1793.  3.836555E-16
1794.  3.776264E-16
1795.  3.716015E-16
1796.  3.656040E-16
1797.  3.596563E-16
1798.  3.537808E-16
1799.  3.479989E-16
1800.  3.423314E-16
1801.  3.367981E-16
1802.  3.314178E-16
1803.  3.262080E-16
1804.  3.211851E-16
1805.  3.163638E-16
1806.  3.117578E-16
1807.  3.073789E-16
1808.  3.032377E-16
1809.  2.993431E-16
1810.  2.957026E-16
1811.  2.923220E-16
1812.  2.892056E-16
1813.  2.863563E-16
1814.  2.837758E-16
1815.  2.814641E-16
1816.  2.794201E-16
1817.  2.776416E-16
1818.  2.761251E-16
1819.  2.748660E-16
1820.  2.738594E-16
1821.  2.730989E-16
1822.  2.725778E-16
1823.  2.722886E-16
1824.  2.722233E-16
1825.  2.723735E-16
1826.  2.727307E-16
1827.  2.732858E-16
1828.  2.740298E-16
1829.  2.749534E-16
1830.  2.760475E-16
1831.  2.773029E-16
1832.  2.787106E-16
1833.  2.802617E-16
1834.  2.819474E-16
1835.  2.837590E-16
1836.  2.856884E-16
1837.  2.877274E-16
1838.  2.898681E-16
1839.  2.921029E-16
1840.  2.944245E-16
1841.  2.968258E-16
1842.  2.992997E-16
1843.  3.018394E-16
1844.  3.044388E-16
1845.  3.070912E-16
1846.  3.097905E-16
1847.  3.125306E-16
1848.  3.153057E-16
1849.  3.181098E-16
1850.  3.209370E-16
1851.  3.237818E-16
1852.  3.266384E-16
1853.  3.295012E-16
1854.  3.323645E-16
1855.  3.352227E-16
1856.  3.380705E-16
1857.  3.409021E-16
1858.  3.437122E-16
1859.  3.464953E-16
1860.  3.492460E-16
1861.  3.519590E-16
1862.  3.546291E-16
1863.  3.572512E-16
1864.  3.598203E-16
1865.  3.623317E-16
1866.  3.647807E-16
1867.  3.671629E-16
1868.  3.694740E-16
1869.  3.717103E-16
1870.  3.738680E-16
1871.  3.759438E-16
1872.  3.779347E-16
1873.  3.798379E-16
1874.  3.816513E-16
1875.  3.833730E-16
1876.  3.850014E-16
1877.  3.865354E-16
1878.  3.879745E-16
1879.  3.893184E-16
1880.  3.905675E-16
1881.  3.917223E-16
1882.  3.927842E-16
1883.  3.937545E-16
1884.  3.946355E-16
1885.  3.954297E-16
1886.  3.961401E-16
1887.  3.967700E-16
1888.  3.973232E-16
1889.  3.978040E-16
1890.  3.982170E-16
1891.  3.985673E-16
1892.  3.988601E-16
1893.  3.991013E-16
1894.  3.992970E-16
1895.  3.994535E-16
1896.  3.995775E-16
1897.  3.996760E-16
1898.  3.997561E-16
1899.  3.998254E-16
1900.  3.998916E-16
1901.  3.999626E-16
1902.  4.000463E-16
1903.  4.001510E-16
1904.  4.002851E-16
1905.  4.004570E-16
1906.  4.006752E-16
1907.  4.009482E-16
1908.  4.012850E-16
1909.  4.016939E-16
1910.  4.021836E-16
1911.  4.027631E-16
1912.  4.034405E-16
1913.  4.042245E-16
1914.  4.051237E-16
1915.  4.061462E-16
1916.  4.073000E-16
1917.  4.085934E-16
1918.  4.100341E-16
1919.  4.116296E-16
1920.  4.133873E-16
1921.  4.153145E-16
1922.  4.174179E-16
1923.  4.197041E-16
1924.  4.221795E-16
1925.  4.248501E-16
1926.  4.277216E-16
1927.  4.307993E-16
1928.  4.340882E-16
1929.  4.375933E-16
1930.  4.413188E-16
1931.  4.452688E-16
1932.  4.494472E-16
1933.  4.538571E-16
1934.  4.585022E-16
1935.  4.633850E-16
1936.  4.685083E-16
1937.  4.738746E-16
1938.  4.794859E-16
1939.  4.853444E-16
1940.  4.914517E-16
1941.  4.978101E-16
1942.  5.044206E-16
1943.  5.112851E-16
1944.  5.184052E-16
1945.  5.257825E-16
1946.  5.334187E-16
1947.  5.413154E-16
1948.  5.494745E-16
1949.  5.578981E-16
1950.  5.665887E-16
1951.  5.755482E-16
1952.  5.847795E-16
1953.  5.942853E-16
1954.  6.040689E-16
1955.  6.141336E-16
1956.  6.244831E-16
1957.  6.351209E-16
1958.  6.460513E-16
1959.  6.572785E-16
1960.  6.688067E-16
1961.  6.806403E-16
1962.  6.927835E-16
1963.  7.052407E-16
1964.  7.180160E-16
1965.  7.311134E-16
1966.  7.445361E-16
1967.  7.582875E-16
1968.  7.723694E-16
1969.  7.867839E-16
1970.  8.015314E-16
1971.  8.166119E-16
1972.  8.320234E-16
1973.  8.477634E-16
1974.  8.638272E-16
1975.  8.802089E-16
1976.  8.969004E-16
1977.  9.138920E-16
1978.  9.311715E-16
1979.  9.487244E-16
1980.  9.665343E-16
1981.  9.845818E-16
1982.  1.002845E-15
1983.  1.021300E-15
1984.  1.039918E-15
1985.  1.058671E-15
1986.  1.077526E-15
1987.  1.096446E-15
1988.  1.115394E-15
1989.  1.134329E-15
1990.  1.153208E-15
1991.  1.171984E-15
1992.  1.190611E-15
1993.  1.209038E-15
1994.  1.227214E-15
1995.  1.245086E-15
1996.  1.262598E-15
1997.  1.279697E-15
1998.  1.296325E-15
1999.  1.312426E-15
2000.  1.327946E-15
2001.  1.342827E-15
2002.  1.357016E-15
2003.  1.370459E-15
2004.  1.383105E-15
2005.  1.394903E-15
2006.  1.405808E-15
2007.  1.415775E-15
2008.  1.424763E-15
2009.  1.432735E-15
2010.  1.439658E-15
2011.  1.445502E-15
2012.  1.450244E-15
2013.  1.453864E-15
2014.  1.456346E-15
2015.  1.457682E-15
2016.  1.457867E-15
2017.  1.456903E-15
2018.  1.454794E-15
2019.  1.451554E-15
2020.  1.447200E-15
2021.  1.441754E-15
2022.  1.435243E-15
2023.  1.427700E-15
2024.  1.419162E-15
2025.  1.409672E-15
2026.  1.399274E-15
2027.  1.388019E-15
2028.  1.375960E-15
2029.  1.363154E-15
2030.  1.349661E-15
2031.  1.335542E-15
2032.  1.320861E-15
2033.  1.305685E-15
2034.  1.290079E-15
2035.  1.274113E-15
2036.  1.257854E-15
2037.  1.241371E-15
2038.  1.224732E-15
2039.  1.208005E-15
2040.  1.191255E-15
2041.  1.174549E-15
2042.  1.157950E-15
2043.  1.141520E-15
2044.  1.125319E-15
2045.  1.109404E-15
2046.  1.093831E-15
2047.  1.078652E-15
2048.  1.063917E-15
2049.  1.049673E-15
2050.  1.035964E-15
2051.  1.022832E-15
2052.  1.010314E-15
2053.  9.984467E-16
2054.  9.872616E-16
2055.  9.767884E-16
2056.  9.670541E-16
2057.  9.580826E-16
2058.  9.498948E-16
2059.  9.425101E-16
2060.  9.359441E-16
2061.  9.302105E-16
2062.  9.253209E-16
2063.  9.212849E-16
2064.  9.181090E-16
2065.  9.157985E-16
2066.  9.143564E-16
2067.  9.137840E-16
2068.  9.140807E-16
2069.  9.152441E-16
2070.  9.172702E-16
2071.  9.201532E-16
2072.  9.238857E-16
2073.  9.284591E-16
2074.  9.338626E-16
2075.  9.400838E-16
2076.  9.471095E-16
2077.  9.549239E-16
2078.  9.635097E-16
2079.  9.728487E-16
2080.  9.829200E-16
2081.  9.937014E-16
2082.  1.005169E-15
2083.  1.017296E-15
2084.  1.030056E-15
2085.  1.043417E-15
2086.  1.057349E-15
2087.  1.071818E-15
2088.  1.086787E-15
2089.  1.102218E-15
2090.  1.118072E-15
2091.  1.134305E-15
2092.  1.150875E-15
2093.  1.167734E-15
2094.  1.184834E-15
2095.  1.202125E-15
2096.  1.219555E-15
2097.  1.237072E-15
2098.  1.254618E-15
2099.  1.272138E-15
2100.  1.289573E-15
2101.  1.306865E-15
2102.  1.323954E-15
2103.  1.340780E-15
2104.  1.357281E-15
2105.  1.373396E-15
2106.  1.389065E-15
2107.  1.404227E-15
2108.  1.418821E-15
2109.  1.432791E-15
2110.  1.446077E-15
2111.  1.458624E-15
2112.  1.470378E-15
2113.  1.481286E-15
2114.  1.491301E-15
2115.  1.500375E-15
2116.  1.508466E-15
2117.  1.515532E-15
2118.  1.521539E-15
2119.  1.526452E-15
2120.  1.530245E-15
2121.  1.532893E-15
2122.  1.534375E-15
2123.  1.534678E-15
2124.  1.533790E-15
2125.  1.531705E-15
2126.  1.528423E-15
2127.  1.523947E-15
2128.  1.518285E-15
2129.  1.511451E-15
2130.  1.503463E-15
2131.  1.494343E-15
2132.  1.484117E-15
2133.  1.472816E-15
2134.  1.460474E-15
2135.  1.447131E-15
2136.  1.432828E-15
2137.  1.417610E-15
2138.  1.401525E-15
2139.  1.384624E-15
2140.  1.366960E-15
2141.  1.348588E-15
2142.  1.329563E-15
2143.  1.309945E-15
2144.  1.289792E-15
2145.  1.269163E-15
2146.  1.248119E-15
2147.  1.226718E-15
2148.  1.205022E-15
2149.  1.183087E-15
2150.  1.160973E-15
2151.  1.138737E-15
2152.  1.116433E-15
2153.  1.094115E-15
2154.  1.071837E-15
2155.  1.049647E-15
2156.  1.027594E-15
2157.  1.005723E-15
2158.  9.840780E-16
2159.  9.626985E-16
2160.  9.416230E-16
2161.  9.208874E-16
2162.  9.005238E-16
2163.  8.805624E-16
2164.  8.610310E-16
2165.  8.419539E-16
2166.  8.233537E-16
2167.  8.052498E-16
2168.  7.876593E-16
2169.  7.705972E-16
2170.  7.540758E-16
2171.  7.381055E-16
2172.  7.226946E-16
2173.  7.078494E-16
2174.  6.935740E-16
2175.  6.798717E-16
2176.  6.667433E-16
2177.  6.541885E-16
2178.  6.422058E-16
2179.  6.307922E-16
2180.  6.199440E-16
2181.  6.096564E-16
2182.  5.999235E-16
2183.  5.907390E-16
2184.  5.820957E-16
2185.  5.739863E-16
2186.  5.664026E-16
2187.  5.593364E-16
2188.  5.527788E-16
2189.  5.467214E-16
2190.  5.411548E-16
2191.  5.360705E-16
2192.  5.314589E-16
2193.  5.273114E-16
2194.  5.236187E-16
2195.  5.203722E-16
2196.  5.175626E-16
2197.  5.151815E-16
2198.  5.132205E-16
2199.  5.116708E-16
2200.  5.105243E-16
2201.  5.097726E-16
2202.  5.094078E-16
2203.  5.094218E-16
2204.  5.098069E-16
2205.  5.105552E-16
2206.  5.116589E-16
2207.  5.131107E-16
2208.  5.149027E-16
2209.  5.170274E-16
2210.  5.194770E-16
2211.  5.222443E-16
2212.  5.253215E-16
2213.  5.287008E-16
2214.  5.323745E-16
2215.  5.363351E-16
2216.  5.405744E-16
2217.  5.450849E-16
2218.  5.498580E-16
2219.  5.548861E-16
2220.  5.601609E-16
2221.  5.656741E-16
2222.  5.714174E-16
2223.  5.773827E-16
2224.  5.835613E-16
2225.  5.899449E-16
2226.  5.965251E-16
2227.  6.032935E-16
2228.  6.102418E-16
2229.  6.173618E-16
2230.  6.246452E-16
2231.  6.320841E-16
2232.  6.396709E-16
2233.  6.473976E-16
2234.  6.552571E-16
2235.  6.632423E-16
2236.  6.713465E-16
2237.  6.795633E-16
2238.  6.878871E-16
2239.  6.963120E-16
2240.  7.048333E-16
2241.  7.134466E-16
2242.  7.221480E-16
2243.  7.309343E-16
2244.  7.398028E-16
2245.  7.487518E-16
2246.  7.577797E-16
2247.  7.668859E-16
2248.  7.760705E-16
2249.  7.853345E-16
2250.  7.946788E-16
2251.  8.041060E-16
2252.  8.136180E-16
2253.  8.232186E-16
2254.  8.329114E-16
2255.  8.427004E-16
2256.  8.525903E-16
2257.  8.625861E-16
2258.  8.726926E-16
2259.  8.829154E-16
2260.  8.932596E-16
2261.  9.037302E-16
2262.  9.143325E-16
2263.  9.250709E-16
2264.  9.359500E-16
2265.  9.469731E-16
2266.  9.581429E-16
2267.  9.694620E-16
2268.  9.809315E-16
2269.  9.925511E-16
2270.  1.004320E-15
2271.  1.016236E-15
2272.  1.028294E-15
2273.  1.040490E-15
2274.  1.052817E-15
2275.  1.065267E-15
2276.  1.077828E-15
2277.  1.090491E-15
2278.  1.103239E-15
2279.  1.116060E-15
2280.  1.128936E-15
2281.  1.141848E-15
2282.  1.154777E-15
2283.  1.167701E-15
2284.  1.180597E-15
2285.  1.193441E-15
2286.  1.206209E-15
2287.  1.218873E-15
2288.  1.231406E-15
2289.  1.243783E-15
2290.  1.255973E-15
2291.  1.267948E-15
2292.  1.279681E-15
2293.  1.291143E-15
2294.  1.302306E-15
2295.  1.313141E-15
2296.  1.323623E-15
2297.  1.333724E-15
2298.  1.343421E-15
2299.  1.352690E-15
2300.  1.361507E-15
2301.  1.369852E-15
2302.  1.377706E-15
2303.  1.385052E-15
2304.  1.391874E-15
2305.  1.398159E-15
2306.  1.403895E-15
2307.  1.409073E-15
2308.  1.413687E-15
2309.  1.417731E-15
2310.  1.421203E-15
2311.  1.424103E-15
2312.  1.426433E-15
2313.  1.428198E-15
2314.  1.429403E-15
2315.  1.430059E-15
2316.  1.430177E-15
2317.  1.429768E-15
2318.  1.428848E-15
2319.  1.427436E-15
2320.  1.425548E-15
2321.  1.423206E-15
2322.  1.420433E-15
2323.  1.417252E-15
2324.  1.413689E-15
2325.  1.409770E-15
2326.  1.405524E-15
2327.  1.400978E-15
2328.  1.396164E-15
2329.  1.391111E-15
2330.  1.385850E-15
2331.  1.380415E-15
2332.  1.374836E-15
2333.  1.369145E-15
2334.  1.363376E-15
2335.  1.357560E-15
2336.  1.351728E-15
2337.  1.345912E-15
2338.  1.340143E-15
2339.  1.334450E-15
2340.  1.328861E-15
2341.  1.323405E-15
2342.  1.318106E-15
2343.  1.312991E-15
2344.  1.308081E-15
2345.  1.303399E-15
2346.  1.298964E-15
2347.  1.294793E-15
2348.  1.290902E-15
2349.  1.287304E-15
2350.  1.284011E-15
2351.  1.281032E-15
2352.  1.278375E-15
2353.  1.276043E-15
2354.  1.274041E-15
2355.  1.272368E-15
2356.  1.271025E-15
2357.  1.270008E-15
2358.  1.269313E-15
2359.  1.268933E-15
2360.  1.268862E-15
2361.  1.269091E-15
2362.  1.269610E-15
2363.  1.270409E-15
2364.  1.271477E-15
2365.  1.272803E-15
2366.  1.274374E-15
2367.  1.276180E-15
2368.  1.278209E-15
2369.  1.280449E-15
2370.  1.282891E-15
2371.  1.285525E-15
2372.  1.288340E-15
2373.  1.291330E-15
2374.  1.294487E-15
2375.  1.297805E-15
2376.  1.301280E-15
2377.  1.304907E-15
2378.  1.308682E-15
2379.  1.312607E-15
2380.  1.316677E-15
2381.  1.320895E-15
2382.  1.325260E-15
2383.  1.329774E-15
2384.  1.334439E-15
2385.  1.339256E-15
2386.  1.344228E-15
2387.  1.349355E-15
2388.  1.354640E-15
2389.  1.360083E-15
2390.  1.365684E-15
2391.  1.371440E-15
2392.  1.377352E-15
2393.  1.383413E-15
2394.  1.389619E-15
2395.  1.395962E-15
2396.  1.402435E-15
2397.  1.409025E-15
2398.  1.415720E-15
2399.  1.422506E-15
2400.  1.429367E-15
2401.  1.436282E-15
2402.  1.443233E-15
2403.  1.450198E-15
2404.  1.457153E-15
2405.  1.464075E-15
2406.  1.470936E-15
2407.  1.477712E-15
2408.  1.484374E-15
2409.  1.490897E-15
2410.  1.497252E-15
2411.  1.503412E-15
2412.  1.509353E-15
2413.  1.515048E-15
2414.  1.520474E-15
2415.  1.525608E-15
2416.  1.530430E-15
2417.  1.534922E-15
2418.  1.539067E-15
2419.  1.542853E-15
2420.  1.546269E-15
2421.  1.549307E-15
2422.  1.551962E-15
2423.  1.554233E-15
2424.  1.556121E-15
2425.  1.557631E-15
2426.  1.558769E-15
2427.  1.559547E-15
2428.  1.559977E-15
2429.  1.560075E-15
2430.  1.559858E-15
2431.  1.559347E-15
2432.  1.558563E-15
2433.  1.557529E-15
2434.  1.556268E-15
2435.  1.554807E-15
2436.  1.553169E-15
2437.  1.551380E-15
2438.  1.549465E-15
2439.  1.547448E-15
2440.  1.545351E-15
2441.  1.543197E-15
2442.  1.541004E-15
2443.  1.538790E-15
2444.  1.536572E-15
2445.  1.534360E-15
2446.  1.532166E-15
2447.  1.529996E-15
2448.  1.527854E-15
2449.  1.525743E-15
2450.  1.523658E-15
2451.  1.521597E-15
2452.  1.519549E-15
2453.  1.517506E-15
2454.  1.515452E-15
2455.  1.513372E-15
2456.  1.511247E-15
2457.  1.509057E-15
2458.  1.506780E-15
2459.  1.504392E-15
2460.  1.501868E-15
2461.  1.499183E-15
2462.  1.496311E-15
2463.  1.493226E-15
2464.  1.489903E-15
2465.  1.486316E-15
2466.  1.482443E-15
2467.  1.478259E-15
2468.  1.473745E-15
2469.  1.468882E-15
2470.  1.463653E-15
2471.  1.458043E-15
2472.  1.452041E-15
2473.  1.445638E-15
2474.  1.438828E-15
2475.  1.431608E-15
2476.  1.423977E-15
2477.  1.415939E-15
2478.  1.407500E-15
2479.  1.398667E-15
2480.  1.389453E-15
2481.  1.379871E-15
2482.  1.369938E-15
2483.  1.359673E-15
2484.  1.349096E-15
2485.  1.338230E-15
2486.  1.327099E-15
2487.  1.315728E-15
2488.  1.304142E-15
2489.  1.292369E-15
2490.  1.280435E-15
2491.  1.268367E-15
2492.  1.256192E-15
2493.  1.243937E-15
2494.  1.231626E-15
2495.  1.219284E-15
2496.  1.206934E-15
2497.  1.194597E-15
2498.  1.182293E-15
2499.  1.170041E-15
2500.  1.157857E-15
2501.  1.145755E-15
2502.  1.133748E-15
2503.  1.121846E-15
2504.  1.110057E-15
2505.  1.098387E-15
2506.  1.086841E-15
2507.  1.075422E-15
2508.  1.064129E-15
2509.  1.052964E-15
2510.  1.041923E-15
2511.  1.031003E-15
2512.  1.020200E-15
2513.  1.009508E-15
2514.  9.989235E-16
2515.  9.884384E-16
2516.  9.780473E-16
2517.  9.677442E-16
2518.  9.575231E-16
2519.  9.473788E-16
2520.  9.373070E-16
2521.  9.273035E-16
2522.  9.173660E-16
2523.  9.074933E-16
2524.  8.976851E-16
2525.  8.879428E-16
2526.  8.782694E-16
2527.  8.686695E-16
2528.  8.591489E-16
2529.  8.497156E-16
2530.  8.403787E-16
2531.  8.311488E-16
2532.  8.220386E-16
2533.  8.130615E-16
2534.  8.042323E-16
2535.  7.955671E-16
2536.  7.870828E-16
2537.  7.787968E-16
2538.  7.707277E-16
2539.  7.628938E-16
2540.  7.553137E-16
2541.  7.480061E-16
2542.  7.409892E-16
2543.  7.342807E-16
2544.  7.278976E-16
2545.  7.218553E-16
2546.  7.161689E-16
2547.  7.108511E-16
2548.  7.059136E-16
2549.  7.013658E-16
2550.  6.972156E-16
2551.  6.934679E-16
2552.  6.901259E-16
2553.  6.871903E-16
2554.  6.846585E-16
2555.  6.825265E-16
2556.  6.807865E-16
2557.  6.794286E-16
2558.  6.784401E-16
2559.  6.778056E-16
2560.  6.775069E-16
2561.  6.775236E-16
2562.  6.778326E-16
2563.  6.784083E-16
2564.  6.792233E-16
2565.  6.802479E-16
2566.  6.814508E-16
2567.  6.827990E-16
2568.  6.842579E-16
2569.  6.857920E-16
2570.  6.873648E-16
2571.  6.889392E-16
2572.  6.904774E-16
2573.  6.919420E-16
2574.  6.932952E-16
2575.  6.945006E-16
2576.  6.955210E-16
2577.  6.963218E-16
2578.  6.968687E-16
2579.  6.971292E-16
2580.  6.970722E-16
2581.  6.966694E-16
2582.  6.958943E-16
2583.  6.947226E-16
2584.  6.931328E-16
2585.  6.911064E-16
2586.  6.886275E-16
2587.  6.856835E-16
2588.  6.822651E-16
2589.  6.783656E-16
2590.  6.739819E-16
2591.  6.691145E-16
2592.  6.637668E-16
2593.  6.579453E-16
2594.  6.516601E-16
2595.  6.449244E-16
2596.  6.377538E-16
2597.  6.301674E-16
2598.  6.221868E-16
2599.  6.138363E-16
2600.  6.051423E-16
2601.  5.961334E-16
2602.  5.868404E-16
2603.  5.772959E-16
2604.  5.675335E-16
2605.  5.575883E-16
2606.  5.474965E-16
2607.  5.372951E-16
2608.  5.270213E-16
2609.  5.167124E-16
2610.  5.064064E-16
2611.  4.961399E-16
2612.  4.859505E-16
2613.  4.758735E-16
2614.  4.659446E-16
2615.  4.561972E-16
2616.  4.466643E-16
2617.  4.373770E-16
2618.  4.283645E-16
2619.  4.196551E-16
2620.  4.112743E-16
2621.  4.032457E-16
2622.  3.955914E-16
2623.  3.883312E-16
2624.  3.814819E-16
2625.  3.750595E-16
2626.  3.690768E-16
2627.  3.635446E-16
2628.  3.584718E-16
2629.  3.538653E-16
2630.  3.497293E-16
2631.  3.460669E-16
2632.  3.428785E-16
2633.  3.401634E-16
2634.  3.379188E-16
2635.  3.361406E-16
2636.  3.348229E-16
2637.  3.339588E-16
2638.  3.335400E-16
2639.  3.335571E-16
2640.  3.339998E-16
2641.  3.348570E-16
2642.  3.361171E-16
2643.  3.377672E-16
2644.  3.397945E-16
2645.  3.421853E-16
2646.  3.449263E-16
2647.  3.480033E-16
2648.  3.514024E-16
2649.  3.551090E-16
2650.  3.591091E-16
2651.  3.633885E-16
2652.  3.679330E-16
2653.  3.727284E-16
2654.  3.777609E-16
2655.  3.830164E-16
2656.  3.884808E-16
2657.  3.941407E-16
2658.  3.999820E-16
2659.  4.059912E-16
2660.  4.121544E-16
2661.  4.184575E-16
2662.  4.248865E-16
2663.  4.314275E-16
2664.  4.380658E-16
2665.  4.447866E-16
2666.  4.515750E-16
2667.  4.584151E-16
2668.  4.652911E-16
2669.  4.721862E-16
2670.  4.790835E-16
2671.  4.859650E-16
2672.  4.928125E-16
2673.  4.996065E-16
2674.  5.063275E-16
2675.  5.129547E-16
2676.  5.194673E-16
2677.  5.258431E-16
2678.  5.320599E-16
2679.  5.380943E-16
2680.  5.439232E-16
2681.  5.495222E-16
2682.  5.548672E-16
2683.  5.599336E-16
2684.  5.646967E-16
2685.  5.691320E-16
2686.  5.732149E-16
2687.  5.769214E-16
2688.  5.802279E-16
2689.  5.831114E-16
2690.  5.855496E-16
2691.  5.875216E-16
2692.  5.890073E-16
2693.  5.899884E-16
2694.  5.904476E-16
2695.  5.903701E-16
2696.  5.897423E-16
2697.  5.885531E-16
2698.  5.867932E-16
2699.  5.844562E-16
2700.  5.815376E-16
2701.  5.780356E-16
2702.  5.739511E-16
2703.  5.692878E-16
2704.  5.640518E-16
2705.  5.582520E-16
2706.  5.519003E-16
2707.  5.450108E-16
2708.  5.376002E-16
2709.  5.296881E-16
2710.  5.212964E-16
2711.  5.124489E-16
2712.  5.031718E-16
2713.  4.934931E-16
2714.  4.834426E-16
2715.  4.730515E-16
2716.  4.623524E-16
2717.  4.513788E-16
2718.  4.401651E-16
2719.  4.287463E-16
2720.  4.171576E-16
2721.  4.054340E-16
2722.  3.936108E-16
2723.  3.817224E-16
2724.  3.698025E-16
2725.  3.578841E-16
2726.  3.459988E-16
2727.  3.341768E-16
2728.  3.224469E-16
2729.  3.108360E-16
2730.  2.993692E-16
2731.  2.880698E-16
2732.  2.769584E-16
2733.  2.660538E-16
2734.  2.553727E-16
2735.  2.449292E-16
2736.  2.347351E-16
2737.  2.248003E-16
2738.  2.151321E-16
2739.  2.057355E-16
2740.  1.966139E-16
2741.  1.877683E-16
2742.  1.791980E-16
2743.  1.709004E-16
2744.  1.628717E-16
2745.  1.551061E-16
2746.  1.475968E-16
2747.  1.403360E-16
2748.  1.333150E-16
2749.  1.265241E-16
2750.  1.199531E-16
2751.  1.135915E-16
2752.  1.074289E-16
2753.  1.014543E-16
2754.  9.565736E-17
2755.  9.002744E-17
2756.  8.455500E-17
2757.  7.923061E-17
2758.  7.404544E-17
2759.  6.899200E-17
2760.  6.406309E-17
2761.  5.925273E-17
2762.  5.455582E-17
2763.  4.996850E-17
2764.  4.548776E-17
2765.  4.111174E-17
2766.  3.683967E-17
2767.  3.267199E-17
2768.  2.861001E-17
2769.  2.465616E-17
2770.  2.081368E-17
2771.  1.708683E-17
2772.  1.348060E-17
2773.  1.000053E-17
2774.  6.653496E-18
2775.  3.446222E-18
2776.  3.862156E-19
2777.  -2.518837E-18
2778.  -5.260798E-18
2779.  -7.831328E-18
2780.  -1.022221E-17
2781.  -1.242486E-17
2782.  -1.443130E-17
2783.  -1.623348E-17
2784.  -1.782374E-17
2785.  -1.919462E-17
2786.  -2.033934E-17
2787.  -2.125164E-17
2788.  -2.192560E-17
2789.  -2.235616E-17
2790.  -2.253902E-17
2791.  -2.247028E-17
2792.  -2.214727E-17
2793.  -2.156803E-17
2794.  -2.073111E-17
2795.  -1.963623E-17
2796.  -1.828402E-17
2797.  -1.667580E-17
2798.  -1.481399E-17
2799.  -1.270169E-17
2800.  -1.034312E-17
2801.  -7.743230E-18
2802.  -4.907784E-18
2803.  -1.843705E-18
2804.  1.441821E-18
2805.  4.940258E-18
2806.  8.642671E-18
2807.  1.253911E-17
2808.  1.661921E-17
2809.  2.087169E-17
2810.  2.528470E-17
2811.  2.984593E-17
2812.  3.454229E-17
2813.  3.936046E-17
2814.  4.428632E-17
2815.  4.930556E-17
2816.  5.440334E-17
2817.  5.956475E-17
2818.  6.477439E-17
2819.  7.001662E-17
2820.  7.527565E-17
2821.  8.053564E-17
2822.  8.578056E-17
2823.  9.099474E-17
2824.  9.616194E-17
2825.  1.012666E-16
2826.  1.062928E-16
2827.  1.112254E-16
2828.  1.160491E-16
2829.  1.207490E-16
2830.  1.253108E-16
2831.  1.297205E-16
2832.  1.339645E-16
2833.  1.380300E-16
2834.  1.419048E-16
2835.  1.455771E-16
2836.  1.490360E-16
2837.  1.522712E-16
2838.  1.552737E-16
2839.  1.580346E-16
2840.  1.605464E-16
2841.  1.628026E-16
2842.  1.647969E-16
2843.  1.665250E-16
2844.  1.679828E-16
2845.  1.691675E-16
2846.  1.700774E-16
2847.  1.707117E-16
2848.  1.710705E-16
2849.  1.711553E-16
2850.  1.709681E-16
2851.  1.705123E-16
2852.  1.697921E-16
2853.  1.688127E-16
2854.  1.675801E-16
2855.  1.661014E-16
2856.  1.643843E-16
2857.  1.624373E-16
2858.  1.602701E-16
2859.  1.578925E-16
2860.  1.553153E-16
2861.  1.525497E-16
2862.  1.496076E-16
2863.  1.465014E-16
2864.  1.432435E-16
2865.  1.398471E-16
2866.  1.363255E-16
2867.  1.326921E-16
2868.  1.289606E-16
2869.  1.251445E-16
2870.  1.212578E-16
2871.  1.173137E-16
2872.  1.133260E-16
2873.  1.093080E-16
2874.  1.052724E-16
2875.  1.012323E-16
2876.  9.719960E-17
2877.  9.318675E-17
2878.  8.920477E-17
2879.  8.526468E-17
2880.  8.137705E-17
2881.  7.755145E-17
2882.  7.379737E-17
2883.  7.012297E-17
2884.  6.653620E-17
2885.  6.304425E-17
2886.  5.965342E-17
2887.  5.636967E-17
2888.  5.319770E-17
2889.  5.014191E-17
2890.  4.720561E-17
2891.  4.439181E-17
2892.  4.170236E-17
2893.  3.913870E-17
2894.  3.670144E-17
2895.  3.439068E-17
2896.  3.220554E-17
2897.  3.014494E-17
2898.  2.820700E-17
2899.  2.638927E-17
2900.  2.468872E-17
2901.  2.310196E-17
2902.  2.162520E-17
2903.  2.025394E-17
2904.  1.898371E-17
2905.  1.780940E-17
2906.  1.672566E-17
2907.  1.572701E-17
2908.  1.480760E-17
2909.  1.396174E-17
2910.  1.318315E-17
2911.  1.246587E-17
2912.  1.180362E-17
2913.  1.119036E-17
2914.  1.062000E-17
2915.  1.008639E-17
2916.  9.583667E-18
2917.  9.106256E-18
2918.  8.648210E-18
2919.  8.204627E-18
2920.  7.770209E-18
2921.  7.340111E-18
2922.  6.909888E-18
2923.  6.475401E-18
2924.  6.032912E-18
2925.  5.578899E-18
2926.  5.110260E-18
2927.  4.624424E-18
2928.  4.119159E-18
2929.  3.592732E-18
2930.  3.043542E-18
2931.  2.470891E-18
2932.  1.874135E-18
2933.  1.253142E-18
2934.  6.083123E-19
2935.  -5.966542E-20
2936.  -7.495934E-19
2937.  -1.460102E-18
2938.  -2.189165E-18
2939.  -2.934594E-18
2940.  -3.693883E-18
2941.  -4.464059E-18
2942.  -5.242432E-18
2943.  -6.025284E-18
2944.  -6.809235E-18
2945.  -7.590451E-18
2946.  -8.365334E-18
2947.  -9.129776E-18
2948.  -9.879708E-18
2949.  -1.061126E-17
2950.  -1.132042E-17
2951.  -1.200285E-17
2952.  -1.265508E-17
2953.  -1.327305E-17
2954.  -1.385316E-17
2955.  -1.439197E-17
2956.  -1.488616E-17
2957.  -1.533285E-17
2958.  -1.572909E-17
2959.  -1.607247E-17
2960.  -1.636083E-17
2961.  -1.659227E-17
2962.  -1.676510E-17
2963.  -1.687832E-17
2964.  -1.693104E-17
2965.  -1.692287E-17
2966.  -1.685355E-17
2967.  -1.672338E-17
2968.  -1.653292E-17
2969.  -1.628307E-17
2970.  -1.597521E-17
2971.  -1.561083E-17
2972.  -1.519188E-17
2973.  -1.472050E-17
2974.  -1.419919E-17
2975.  -1.363035E-17
2976.  -1.301737E-17
2977.  -1.236279E-17
2978.  -1.167045E-17
2979.  -1.094330E-17
2980.  -1.018499E-17
2981.  -9.399142E-18
2982.  -8.589554E-18
2983.  -7.759623E-18
2984.  -6.913260E-18
2985.  -6.054075E-18
2986.  -5.185810E-18
2987.  -4.311760E-18
2988.  -3.435686E-18
2989.  -2.560952E-18
2990.  -1.690619E-18
2991.  -8.278971E-19
2992.  2.424870E-20
2993.  8.631381E-19
2994.  1.686166E-18
2995.  2.490900E-18
2996.  3.275119E-18
2997.  4.036880E-18
2998.  4.774454E-18
2999.  5.486090E-18
3000.  6.170724E-18
3001.  6.826867E-18
3002.  7.453756E-18
3003.  8.050649E-18
3004.  8.616884E-18
3005.  9.152206E-18
3006.  9.656353E-18
3007.  1.012916E-17
3008.  1.057102E-17
3009.  1.098203E-17
3010.  1.136265E-17
3011.  1.171338E-17
3012.  1.203485E-17
3013.  1.232799E-17
3014.  1.259339E-17
3015.  1.283240E-17
3016.  1.304559E-17
3017.  1.323413E-17
3018.  1.339933E-17
3019.  1.354217E-17
3020.  1.366377E-17
3021.  1.376549E-17
3022.  1.384833E-17
3023.  1.391375E-17
3024.  1.396276E-17
3025.  1.399670E-17
3026.  1.401666E-17
3027.  1.402394E-17
3028.  1.401960E-17
3029.  1.400470E-17
3030.  1.398060E-17
3031.  1.394813E-17
3032.  1.390845E-17
3033.  1.386255E-17
3034.  1.381150E-17
3035.  1.375621E-17
3036.  1.369751E-17
3037.  1.363660E-17
3038.  1.357411E-17
3039.  1.351112E-17
3040.  1.344831E-17
3041.  1.338674E-17
3042.  1.332691E-17
3043.  1.327002E-17
3044.  1.321656E-17
3045.  1.316761E-17
3046.  1.312381E-17
3047.  1.308621E-17
3048.  1.305536E-17
3049.  1.303216E-17
3050.  1.301759E-17
3051.  1.301238E-17
3052.  1.301733E-17
3053.  1.303341E-17
3054.  1.306160E-17
3055.  1.310271E-17
3056.  1.315746E-17
3057.  1.322686E-17
3058.  1.331198E-17
3059.  1.341345E-17
3060.  1.353226E-17
3061.  1.366917E-17
3062.  1.382528E-17
3063.  1.400112E-17
3064.  1.419760E-17
3065.  1.441549E-17
3066.  1.465532E-17
3067.  1.491798E-17
3068.  1.520364E-17
3069.  1.551309E-17
3070.  1.584651E-17
3071.  1.620431E-17
3072.  1.658645E-17
3073.  1.699324E-17
3074.  1.742435E-17
3075.  1.787971E-17
3076.  1.835884E-17
3077.  1.886134E-17
3078.  1.938630E-17
3079.  1.993330E-17
3080.  2.050094E-17
3081.  2.108833E-17
3082.  2.169396E-17
3083.  2.231660E-17
3084.  2.295429E-17
3085.  2.360541E-17
3086.  2.426813E-17
3087.  2.494041E-17
3088.  2.561989E-17
3089.  2.630454E-17
3090.  2.699215E-17
3091.  2.768000E-17
3092.  2.836585E-17
3093.  2.904720E-17
3094.  2.972179E-17
3095.  3.038727E-17
3096.  3.104121E-17
3097.  3.168153E-17
3098.  3.230615E-17
3099.  3.291315E-17
3100.  3.350090E-17
3101.  3.406791E-17
3102.  3.461292E-17
3103.  3.513514E-17
3104.  3.563386E-17
3105.  3.610882E-17
3106.  3.656011E-17
3107.  3.698831E-17
3108.  3.739402E-17
3109.  3.777890E-17
3110.  3.814424E-17
3111.  3.849257E-17
3112.  3.882610E-17
3113.  3.914811E-17
3114.  3.946182E-17
3115.  3.977128E-17
3116.  4.008041E-17
3117.  4.039405E-17
3118.  4.071689E-17
3119.  4.105444E-17
3120.  4.141209E-17
3121.  4.179544E-17
3122.  4.221055E-17
3123.  4.266351E-17
3124.  4.316040E-17
3125.  4.370731E-17
3126.  4.431045E-17
3127.  4.497572E-17
3128.  4.570909E-17
3129.  4.651610E-17
3130.  4.740215E-17
3131.  4.837213E-17
3132.  4.943035E-17
3133.  5.058129E-17
3134.  5.182796E-17
3135.  5.317333E-17
3136.  5.461956E-17
3137.  5.616813E-17
3138.  5.781958E-17
3139.  5.957392E-17
3140.  6.142989E-17
3141.  6.338580E-17
3142.  6.543860E-17
3143.  6.758498E-17
3144.  6.981979E-17
3145.  7.213791E-17
3146.  7.453254E-17
3147.  7.699672E-17
3148.  7.952180E-17
3149.  8.209928E-17
3150.  8.471883E-17
3151.  8.737053E-17
3152.  9.004278E-17
3153.  9.272422E-17
3154.  9.540253E-17
3155.  9.806528E-17
3156.  1.006993E-16
3157.  1.032917E-16
3158.  1.058292E-16
3159.  1.082986E-16
3160.  1.106868E-16
3161.  1.129809E-16
3162.  1.151681E-16
3163.  1.172365E-16
3164.  1.191742E-16
3165.  1.209704E-16
3166.  1.226146E-16
3167.  1.240977E-16
3168.  1.254105E-16
3169.  1.265459E-16
3170.  1.274969E-16
3171.  1.282584E-16
3172.  1.288256E-16
3173.  1.291957E-16
3174.  1.293665E-16
3175.  1.293373E-16
3176.  1.291086E-16
3177.  1.286818E-16
3178.  1.280602E-16
3179.  1.272475E-16
3180.  1.262489E-16
3181.  1.250706E-16
3182.  1.237197E-16
3183.  1.222046E-16
3184.  1.205342E-16
3185.  1.187182E-16
3186.  1.167671E-16
3187.  1.146920E-16
3188.  1.125045E-16
3189.  1.102164E-16
3190.  1.078403E-16
3191.  1.053883E-16
3192.  1.028733E-16
3193.  1.003078E-16
3194.  9.770407E-17
3195.  9.507463E-17
3196.  9.243144E-17
3197.  8.978626E-17
3198.  8.715040E-17
3199.  8.453458E-17
3200.  8.194911E-17
3201.  7.940369E-17
3202.  7.690736E-17
3203.  7.446862E-17
3204.  7.209490E-17
3205.  6.979350E-17
3206.  6.757045E-17
3207.  6.543138E-17
3208.  6.338107E-17
3209.  6.142375E-17
3210.  5.956255E-17
3211.  5.780060E-17
3212.  5.613957E-17
3213.  5.458116E-17
3214.  5.312614E-17
3215.  5.177470E-17
3216.  5.052683E-17
3217.  4.938186E-17
3218.  4.833850E-17
3219.  4.739533E-17
3220.  4.655046E-17
3221.  4.580165E-17
3222.  4.514648E-17
3223.  4.458227E-17
3224.  4.410620E-17
3225.  4.371502E-17
3226.  4.340563E-17
3227.  4.317489E-17
3228.  4.301923E-17
3229.  4.293535E-17
3230.  4.291967E-17
3231.  4.296903E-17
3232.  4.307985E-17
3233.  4.324871E-17
3234.  4.347246E-17
3235.  4.374791E-17
3236.  4.407154E-17
3237.  4.444096E-17
3238.  4.485250E-17
3239.  4.530398E-17
3240.  4.579256E-17
3241.  4.631550E-17
3242.  4.687080E-17
3243.  4.745646E-17
3244.  4.807011E-17
3245.  4.871018E-17
3246.  4.937523E-17
3247.  5.006407E-17
3248.  5.077559E-17
3249.  5.150902E-17
3250.  5.226391E-17
3251.  5.304016E-17
3252.  5.383796E-17
3253.  5.465769E-17
3254.  5.550030E-17
3255.  5.636695E-17
3256.  5.725916E-17
3257.  5.817897E-17
3258.  5.912884E-17
3259.  6.011124E-17
3260.  6.112941E-17
3261.  6.218704E-17
3262.  6.328790E-17
3263.  6.443621E-17
3264.  6.563691E-17
3265.  6.689488E-17
3266.  6.821551E-17
3267.  6.960473E-17
3268.  7.106827E-17
3269.  7.261254E-17
3270.  7.424386E-17
3271.  7.596915E-17
3272.  7.779493E-17
3273.  7.972818E-17
3274.  8.177561E-17
3275.  8.394437E-17
3276.  8.624092E-17
3277.  8.867201E-17
3278.  9.124375E-17
3279.  9.396238E-17
3280.  9.683352E-17
3281.  9.986230E-17
3282.  1.030533E-16
3283.  1.064109E-16
3284.  1.099381E-16
3285.  1.136378E-16
3286.  1.175116E-16
3287.  1.215610E-16
3288.  1.257856E-16
3289.  1.301844E-16
3290.  1.347554E-16
3291.  1.394957E-16
3292.  1.444008E-16
3293.  1.494655E-16
3294.  1.546830E-16
3295.  1.600458E-16
3296.  1.655445E-16
3297.  1.711689E-16
3298.  1.769079E-16
3299.  1.827486E-16
3300.  1.886775E-16
3301.  1.946796E-16
3302.  2.007391E-16
3303.  2.068391E-16
3304.  2.129621E-16
3305.  2.190891E-16
3306.  2.252012E-16
3307.  2.312785E-16
3308.  2.373005E-16
3309.  2.432465E-16
3310.  2.490954E-16
3311.  2.548261E-16
3312.  2.604175E-16
3313.  2.658485E-16
3314.  2.710986E-16
3315.  2.761474E-16
3316.  2.809753E-16
3317.  2.855633E-16
3318.  2.898933E-16
3319.  2.939483E-16
3320.  2.977125E-16
3321.  3.011712E-16
3322.  3.043109E-16
3323.  3.071200E-16
3324.  3.095881E-16
3325.  3.117070E-16
3326.  3.134698E-16
3327.  3.148713E-16
3328.  3.159085E-16
3329.  3.165805E-16
3330.  3.168878E-16
3331.  3.168332E-16
3332.  3.164211E-16
3333.  3.156585E-16
3334.  3.145535E-16
3335.  3.131167E-16
3336.  3.113599E-16
3337.  3.092975E-16
3338.  3.069447E-16
3339.  3.043188E-16
3340.  3.014384E-16
3341.  2.983235E-16
3342.  2.949956E-16
3343.  2.914771E-16
3344.  2.877917E-16
3345.  2.839638E-16
3346.  2.800190E-16
3347.  2.759833E-16
3348.  2.718832E-16
3349.  2.677459E-16
3350.  2.635990E-16
3351.  2.594699E-16
3352.  2.553864E-16
3353.  2.513765E-16
3354.  2.474674E-16
3355.  2.436866E-16
3356.  2.400613E-16
3357.  2.366178E-16
3358.  2.333822E-16
3359.  2.303798E-16
3360.  2.276353E-16
3361.  2.251723E-16
3362.  2.230138E-16
3363.  2.211815E-16
3364.  2.196961E-16
3365.  2.185775E-16
3366.  2.178436E-16
3367.  2.175117E-16
3368.  2.175972E-16
3369.  2.181144E-16
3370.  2.190756E-16
3371.  2.204920E-16
3372.  2.223726E-16
3373.  2.247249E-16
3374.  2.275547E-16
3375.  2.308657E-16
3376.  2.346597E-16
3377.  2.389366E-16
3378.  2.436941E-16
3379.  2.489279E-16
3380.  2.546315E-16
3381.  2.607964E-16
3382.  2.674118E-16
3383.  2.744649E-16
3384.  2.819403E-16
3385.  2.898210E-16
3386.  2.980874E-16
3387.  3.067180E-16
3388.  3.156890E-16
3389.  3.249752E-16
3390.  3.345487E-16
3391.  3.443800E-16
3392.  3.544383E-16
3393.  3.646908E-16
3394.  3.751032E-16
3395.  3.856402E-16
3396.  3.962648E-16
3397.  4.069397E-16
3398.  4.176263E-16
3399.  4.282854E-16
3400.  4.388777E-16
3401.  4.493638E-16
3402.  4.597039E-16
3403.  4.698591E-16
3404.  4.797902E-16
3405.  4.894595E-16
3406.  4.988299E-16
3407.  5.078657E-16
3408.  5.165327E-16
3409.  5.247979E-16
3410.  5.326310E-16
3411.  5.400030E-16
3412.  5.468874E-16
3413.  5.532604E-16
3414.  5.591004E-16
3415.  5.643887E-16
3416.  5.691098E-16
3417.  5.732504E-16
3418.  5.768010E-16
3419.  5.797543E-16
3420.  5.821073E-16
3421.  5.838590E-16
3422.  5.850120E-16
3423.  5.855723E-16
3424.  5.855481E-16
3425.  5.849512E-16
3426.  5.837961E-16
3427.  5.820997E-16
3428.  5.798819E-16
3429.  5.771648E-16
3430.  5.739724E-16
3431.  5.703316E-16
3432.  5.662703E-16
3433.  5.618183E-16
3434.  5.570072E-16
3435.  5.518691E-16
3436.  5.464377E-16
3437.  5.407470E-16
3438.  5.348316E-16
3439.  5.287264E-16
3440.  5.224663E-16
3441.  5.160860E-16
3442.  5.096196E-16
3443.  5.031008E-16
3444.  4.965624E-16
3445.  4.900358E-16
3446.  4.835517E-16
3447.  4.771392E-16
3448.  4.708256E-16
3449.  4.646369E-16
3450.  4.585968E-16
3451.  4.527275E-16
3452.  4.470489E-16
3453.  4.415789E-16
3454.  4.363332E-16
3455.  4.313251E-16
3456.  4.265656E-16
3457.  4.220639E-16
3458.  4.178260E-16
3459.  4.138565E-16
3460.  4.101574E-16
3461.  4.067281E-16
3462.  4.035667E-16
3463.  4.006683E-16
3464.  3.980264E-16
3465.  3.956327E-16
3466.  3.934767E-16
3467.  3.915469E-16
3468.  3.898294E-16
3469.  3.883092E-16
3470.  3.869702E-16
3471.  3.857949E-16
3472.  3.847648E-16
3473.  3.838609E-16
3474.  3.830630E-16
3475.  3.823509E-16
3476.  3.817037E-16
3477.  3.811004E-16
3478.  3.805199E-16
3479.  3.799417E-16
3480.  3.793451E-16
3481.  3.787099E-16
3482.  3.780167E-16
3483.  3.772469E-16
3484.  3.763825E-16
3485.  3.754067E-16
3486.  3.743034E-16
3487.  3.730583E-16
3488.  3.716580E-16
3489.  3.700906E-16
3490.  3.683454E-16
3491.  3.664135E-16
3492.  3.642872E-16
3493.  3.619608E-16
3494.  3.594293E-16
3495.  3.566902E-16
3496.  3.537416E-16
3497.  3.505838E-16
3498.  3.472184E-16
3499.  3.436481E-16
3500.  3.398772E-16
3501.  3.359110E-16
3502.  3.317563E-16
3503.  3.274210E-16
3504.  3.229136E-16
3505.  3.182438E-16
3506.  3.134224E-16
3507.  3.084603E-16
3508.  3.033691E-16
3509.  2.981614E-16
3510.  2.928496E-16
3511.  2.874469E-16
3512.  2.819664E-16
3513.  2.764210E-16
3514.  2.708242E-16
3515.  2.651890E-16
3516.  2.595285E-16
3517.  2.538552E-16
3518.  2.481819E-16
3519.  2.425204E-16
3520.  2.368823E-16
3521.  2.312792E-16
3522.  2.257216E-16
3523.  2.202197E-16
3524.  2.147834E-16
3525.  2.094220E-16
3526.  2.041439E-16
3527.  1.989576E-16
3528.  1.938705E-16
3529.  1.888898E-16
3530.  1.840225E-16
3531.  1.792742E-16
3532.  1.746513E-16
3533.  1.701587E-16
3534.  1.658016E-16
3535.  1.615849E-16
3536.  1.575125E-16
3537.  1.535887E-16
3538.  1.498174E-16
3539.  1.462019E-16
3540.  1.427460E-16
3541.  1.394524E-16
3542.  1.363246E-16
3543.  1.333650E-16
3544.  1.305766E-16
3545.  1.279617E-16
3546.  1.255231E-16
3547.  1.232628E-16
3548.  1.211829E-16
3549.  1.192853E-16
3550.  1.175717E-16
3551.  1.160438E-16
3552.  1.147025E-16
3553.  1.135492E-16
3554.  1.125841E-16
3555.  1.118078E-16
3556.  1.112203E-16
3557.  1.108212E-16
3558.  1.106095E-16
3559.  1.105840E-16
3560.  1.107429E-16
3561.  1.110836E-16
3562.  1.116035E-16
3563.  1.122990E-16
3564.  1.131661E-16
3565.  1.141998E-16
3566.  1.153951E-16
3567.  1.167459E-16
3568.  1.182456E-16
3569.  1.198867E-16
3570.  1.216617E-16
3571.  1.235617E-16
3572.  1.255777E-16
3573.  1.276998E-16
3574.  1.299178E-16
3575.  1.322208E-16
3576.  1.345976E-16
3577.  1.370362E-16
3578.  1.395243E-16
3579.  1.420495E-16
3580.  1.445986E-16
3581.  1.471586E-16
3582.  1.497161E-16
3583.  1.522574E-16
3584.  1.547688E-16
3585.  1.572371E-16
3586.  1.596481E-16
3587.  1.619888E-16
3588.  1.642454E-16
3589.  1.664053E-16
3590.  1.684553E-16
3591.  1.703833E-16
3592.  1.721772E-16
3593.  1.738255E-16
3594.  1.753175E-16
3595.  1.766427E-16
3596.  1.777918E-16
3597.  1.787555E-16
3598.  1.795261E-16
3599.  1.800963E-16
3600.  1.804597E-16
3601.  1.806108E-16
3602.  1.805452E-16
3603.  1.802591E-16
3604.  1.797503E-16
3605.  1.790168E-16
3606.  1.780586E-16
3607.  1.768760E-16
3608.  1.754704E-16
3609.  1.738448E-16
3610.  1.720024E-16
3611.  1.699479E-16
3612.  1.676869E-16
3613.  1.652259E-16
3614.  1.625722E-16
3615.  1.597339E-16
3616.  1.567204E-16
3617.  1.535411E-16
3618.  1.502068E-16
3619.  1.467282E-16
3620.  1.431169E-16
3621.  1.393855E-16
3622.  1.355459E-16
3623.  1.316112E-16
3624.  1.275944E-16
3625.  1.235084E-16
3626.  1.193668E-16
3627.  1.151827E-16
3628.  1.109694E-16
3629.  1.067395E-16
3630.  1.025058E-16
3631.  9.828106E-17
3632.  9.407683E-17
3633.  8.990494E-17
3634.  8.577653E-17
3635.  8.170153E-17
3636.  7.769021E-17
3637.  7.375152E-17
3638.  6.989401E-17
3639.  6.612531E-17
3640.  6.245274E-17
3641.  5.888199E-17
3642.  5.541900E-17
3643.  5.206801E-17
3644.  4.883322E-17
3645.  4.571760E-17
3646.  4.272338E-17
3647.  3.985251E-17
3648.  3.710559E-17
3649.  3.448315E-17
3650.  3.198465E-17
3651.  2.960930E-17
3652.  2.735531E-17
3653.  2.522065E-17
3654.  2.320291E-17
3655.  2.129922E-17
3656.  1.950603E-17
3657.  1.781983E-17
3658.  1.623661E-17
3659.  1.475221E-17
3660.  1.336219E-17
3661.  1.206204E-17
3662.  1.084703E-17
3663.  9.712810E-18
3664.  8.654376E-18
3665.  7.666931E-18
3666.  6.745973E-18
3667.  5.886893E-18
3668.  5.085112E-18
3669.  4.336124E-18
3670.  3.635934E-18
3671.  2.980541E-18
3672.  2.365971E-18
3673.  1.788340E-18
3674.  1.244365E-18
3675.  7.311554E-19
3676.  2.453318E-19
3677.  -2.154994E-19
3678.  -6.539219E-19
3679.  -1.071934E-18
3680.  -1.471668E-18
3681.  -1.854539E-18
3682.  -2.222071E-18
3683.  -2.575002E-18
3684.  -2.914305E-18
3685.  -3.240599E-18
3686.  -3.553895E-18
3687.  -3.854025E-18
3688.  -4.140944E-18
3689.  -4.413978E-18
3690.  -4.672110E-18
3691.  -4.914497E-18
3692.  -5.139516E-18
3693.  -5.345763E-18
3694.  -5.531488E-18
3695.  -5.694374E-18
3696.  -5.832554E-18
3697.  -5.943628E-18
3698.  -6.024800E-18
3699.  -6.073751E-18
3700.  -6.087466E-18
3701.  -6.063243E-18
3702.  -5.998039E-18
3703.  -5.889006E-18
3704.  -5.732949E-18
3705.  -5.527104E-18
3706.  -5.268619E-18
3707.  -4.954692E-18
3708.  -4.582557E-18
3709.  -4.149743E-18
3710.  -3.653987E-18
3711.  -3.093194E-18
3712.  -2.465514E-18
3713.  -1.769317E-18
3714.  -1.003690E-18
3715.  -1.675854E-19
3716.  7.392847E-19
3717.  1.716775E-18
3718.  2.764704E-18
3719.  3.882182E-18
3720.  5.067581E-18
3721.  6.319211E-18
3722.  7.634583E-18
3723.  9.010832E-18
3724.  1.044437E-17
3725.  1.193137E-17
3726.  1.346753E-17
3727.  1.504795E-17
3728.  1.666724E-17
3729.  1.831968E-17
3730.  1.999906E-17
3731.  2.169896E-17
3732.  2.341256E-17
3733.  2.513270E-17
3734.  2.685215E-17
3735.  2.856356E-17
3736.  3.025918E-17
3737.  3.193161E-17
3738.  3.357308E-17
3739.  3.517602E-17
3740.  3.673323E-17
3741.  3.823748E-17
3742.  3.968164E-17
3743.  4.105915E-17
3744.  4.236383E-17
3745.  4.358969E-17
3746.  4.473138E-17
3747.  4.578398E-17
3748.  4.674310E-17
3749.  4.760502E-17
3750.  4.836634E-17
3751.  4.902479E-17
3752.  4.957822E-17
3753.  5.002544E-17
3754.  5.036576E-17
3755.  5.059943E-17
3756.  5.072686E-17
3757.  5.074928E-17
3758.  5.066876E-17
3759.  5.048767E-17
3760.  5.020917E-17
3761.  4.983649E-17
3762.  4.937382E-17
3763.  4.882543E-17
3764.  4.819606E-17
3765.  4.749105E-17
3766.  4.671547E-17
3767.  4.587509E-17
3768.  4.497595E-17
3769.  4.402358E-17
3770.  4.302403E-17
3771.  4.198327E-17
3772.  4.090753E-17
3773.  3.980253E-17
3774.  3.867410E-17
3775.  3.752776E-17
3776.  3.636908E-17
3777.  3.520329E-17
3778.  3.403523E-17
3779.  3.286973E-17
3780.  3.171094E-17
3781.  3.056299E-17
3782.  2.942955E-17
3783.  2.831419E-17
3784.  2.721963E-17
3785.  2.614869E-17
3786.  2.510362E-17
3787.  2.408628E-17
3788.  2.309841E-17
3789.  2.214108E-17
3790.  2.121537E-17
3791.  2.032191E-17
3792.  1.946122E-17
3793.  1.863328E-17
3794.  1.783773E-17
3795.  1.707462E-17
3796.  1.634315E-17
3797.  1.564263E-17
3798.  1.497219E-17
3799.  1.433093E-17
3800.  1.371763E-17
3801.  1.313118E-17
3802.  1.257030E-17
3803.  1.203371E-17
3804.  1.152022E-17
3805.  1.102840E-17
3806.  1.055708E-17
3807.  1.010503E-17
3808.  9.670850E-18
3809.  9.253632E-18
3810.  8.852301E-18
3811.  8.465720E-18
3812.  8.093112E-18
3813.  7.733523E-18
3814.  7.386331E-18
3815.  7.050826E-18
3816.  6.726463E-18
3817.  6.412610E-18
3818.  6.109093E-18
3819.  5.815524E-18
3820.  5.531624E-18
3821.  5.257203E-18
3822.  4.991980E-18
3823.  4.736208E-18
3824.  4.489538E-18
3825.  4.252103E-18
3826.  4.023856E-18
3827.  3.804736E-18
3828.  3.594889E-18
3829.  3.394085E-18
3830.  3.202677E-18
3831.  3.020233E-18
3832.  2.847044E-18
3833.  2.682760E-18
3834.  2.527408E-18
3835.  2.380749E-18
3836.  2.242635E-18
3837.  2.112915E-18
3838.  1.991136E-18
3839.  1.877076E-18
3840.  1.770308E-18
3841.  1.670525E-18
3842.  1.577363E-18
3843.  1.490352E-18
3844.  1.408931E-18
3845.  1.332730E-18
3846.  1.261297E-18
3847.  1.194271E-18
3848.  1.131053E-18
3849.  1.071360E-18
3850.  1.014583E-18
3851.  9.605788E-19
3852.  9.088751E-19
3853.  8.591851E-19
3854.  8.113326E-19
3855.  7.650203E-19
3856.  7.201429E-19
3857.  6.766296E-19
3858.  6.343714E-19
3859.  5.933194E-19
3860.  5.536158E-19
3861.  5.152219E-19
3862.  4.783361E-19
3863.  4.432081E-19
3864.  4.098030E-19
3865.  3.786037E-19
3866.  3.495824E-19
3867.  3.230876E-19
3868.  2.994253E-19
3869.  2.787619E-19
3870.  2.613712E-19
3871.  2.474494E-19
3872.  2.371480E-19
3873.  2.306470E-19
3874.  2.281093E-19
3875.  2.295764E-19
3876.  2.350729E-19
3877.  2.447217E-19
3878.  2.583249E-19
3879.  2.758423E-19
3880.  2.971095E-19
3881.  3.219510E-19
3882.  3.501569E-19
3883.  3.813763E-19
3884.  4.153652E-19
3885.  4.516386E-19
3886.  4.899481E-19
3887.  5.299728E-19
3888.  5.711626E-19
3889.  6.130570E-19
3890.  6.554189E-19
3891.  6.976499E-19
3892.  7.393908E-19
3893.  7.803330E-19
3894.  8.201549E-19
3895.  8.583743E-19
3896.  8.948934E-19
3897.  9.293643E-19
3898.  9.617407E-19
3899.  9.917353E-19
3900.  1.019275E-18
3901.  1.044529E-18
3902.  1.067363E-18
3903.  1.087781E-18
3904.  1.106168E-18
3905.  1.122593E-18
3906.  1.137325E-18
3907.  1.150644E-18
3908.  1.162875E-18
3909.  1.174379E-18
3910.  1.185482E-18
3911.  1.196711E-18
3912.  1.208384E-18
3913.  1.221050E-18
3914.  1.235002E-18
3915.  1.250738E-18
3916.  1.268497E-18
3917.  1.288900E-18
3918.  1.312057E-18
3919.  1.338366E-18
3920.  1.368123E-18
3921.  1.401382E-18
3922.  1.438444E-18
3923.  1.479336E-18
3924.  1.523872E-18
3925.  1.572170E-18
3926.  1.624143E-18
3927.  1.679463E-18
3928.  1.737939E-18
3929.  1.799145E-18
3930.  1.862646E-18
3931.  1.928014E-18
3932.  1.994579E-18
3933.  2.061855E-18
3934.  2.128994E-18
3935.  2.195345E-18
3936.  2.260018E-18
3937.  2.322234E-18
3938.  2.381122E-18
3939.  2.435654E-18
3940.  2.484801E-18
3941.  2.527928E-18
3942.  2.563653E-18
3943.  2.591339E-18
3944.  2.609667E-18
3945.  2.617724E-18
3946.  2.614738E-18
3947.  2.599482E-18
3948.  2.571228E-18
3949.  2.528974E-18
3950.  2.471828E-18
3951.  2.399026E-18
3952.  2.309851E-18
3953.  2.203485E-18
3954.  2.079293E-18
3955.  1.936627E-18
3956.  1.774981E-18
3957.  1.593728E-18
3958.  1.392701E-18
3959.  1.171074E-18
3960.  9.289173E-19
3961.  6.657527E-19
3962.  3.815761E-19
3963.  7.596451E-20
3964.  -2.511073E-19
3965.  -5.997548E-19
3966.  -9.700194E-19
3967.  -1.361864E-18
3968.  -1.775399E-18
3969.  -2.210458E-18
3970.  -2.667146E-18
3971.  -3.145281E-18
3972.  -3.645066E-18
3973.  -4.166246E-18
3974.  -4.708898E-18
3975.  -5.272826E-18
3976.  -5.858445E-18
3977.  -6.465383E-18
3978.  -7.093913E-18
3979.  -7.744206E-18
3980.  -8.416204E-18
3981.  -9.110207E-18
3982.  -9.826203E-18
3983.  -1.056483E-17
3984.  -1.132579E-17
3985.  -1.210960E-17
3986.  -1.291647E-17
3987.  -1.374667E-17
3988.  -1.460036E-17
3989.  -1.547783E-17
3990.  -1.637941E-17
3991.  -1.730487E-17
3992.  -1.825467E-17
3993.  -1.922858E-17
3994.  -2.022660E-17
3995.  -2.124857E-17
3996.  -2.229428E-17
3997.  -2.336307E-17
3998.  -2.445478E-17
3999.  -2.556827E-17
4000.  -2.670294E-17
4001.  -2.785758E-17
4002.  -2.903099E-17
4003.  -3.022183E-17
4004.  -3.142829E-17
4005.  -3.264842E-17
4006.  -3.388045E-17
4007.  -3.512180E-17
4008.  -3.637015E-17
4009.  -3.762272E-17
4010.  -3.887664E-17
4011.  -4.012872E-17
4012.  -4.137576E-17
4013.  -4.261416E-17
4014.  -4.384054E-17
4015.  -4.505081E-17
4016.  -4.624126E-17
4017.  -4.740791E-17
4018.  -4.854647E-17
4019.  -4.965297E-17
4020.  -5.072317E-17
4021.  -5.175272E-17
4022.  -5.273748E-17
4023.  -5.367327E-17
4024.  -5.455578E-17
4025.  -5.538104E-17
4026.  -5.614496E-17
4027.  -5.684373E-17
4028.  -5.747345E-17
4029.  -5.803053E-17
4030.  -5.851154E-17
4031.  -5.891327E-17
4032.  -5.923258E-17
4033.  -5.946644E-17
4034.  -5.961252E-17
4035.  -5.966813E-17
4036.  -5.963136E-17
4037.  -5.950006E-17
4038.  -5.927278E-17
4039.  -5.894783E-17
4040.  -5.852440E-17
4041.  -5.800156E-17
4042.  -5.737861E-17
4043.  -5.665521E-17
4044.  -5.583158E-17
4045.  -5.490790E-17
4046.  -5.388454E-17
4047.  -5.276256E-17
4048.  -5.154274E-17
4049.  -5.022661E-17
4050.  -4.881597E-17
4051.  -4.731238E-17
4052.  -4.571827E-17
4053.  -4.403599E-17
4054.  -4.226826E-17
4055.  -4.041808E-17
4056.  -3.848865E-17
4057.  -3.648349E-17
4058.  -3.440615E-17
4059.  -3.226079E-17
4060.  -3.005139E-17
4061.  -2.778244E-17
4062.  -2.545861E-17
4063.  -2.308452E-17
4064.  -2.066527E-17
4065.  -1.820585E-17
4066.  -1.571164E-17
4067.  -1.318775E-17
4068.  -1.063994E-17
4069.  -8.073455E-18
4070.  -5.493954E-18
4071.  -2.906720E-18
4072.  -3.175652E-19
4073.  2.268231E-18
4074.  4.845402E-18
4075.  7.408756E-18
4076.  9.953099E-18
4077.  1.247399E-17
4078.  1.496671E-17
4079.  1.742706E-17
4080.  1.985114E-17
4081.  2.223544E-17
4082.  2.457676E-17
4083.  2.687267E-17
4084.  2.912043E-17
4085.  3.131842E-17
4086.  3.346574E-17
4087.  3.556102E-17
4088.  3.760435E-17
4089.  3.959600E-17
4090.  4.153657E-17
4091.  4.342756E-17
4092.  4.527064E-17
4093.  4.706805E-17
4094.  4.882259E-17
4095.  5.053740E-17
4096.  5.221576E-17
4097.  5.386191E-17
4098.  5.547965E-17
4099.  5.707362E-17
4100.  5.864798E-17
4101.  6.020774E-17
4102.  6.175729E-17
4103.  6.330139E-17
4104.  6.484451E-17
4105.  6.639089E-17
4106.  6.794476E-17
4107.  6.950971E-17
4108.  7.108917E-17
4109.  7.268596E-17
4110.  7.430252E-17
4111.  7.594071E-17
4112.  7.760149E-17
4113.  7.928547E-17
4114.  8.099240E-17
4115.  8.272104E-17
4116.  8.446999E-17
4117.  8.623625E-17
4118.  8.801682E-17
4119.  8.980758E-17
4120.  9.160346E-17
4121.  9.339912E-17
4122.  9.518787E-17
4123.  9.696309E-17
4124.  9.871698E-17
4125.  1.004416E-16
4126.  1.021283E-16
4127.  1.037681E-16
4128.  1.053519E-16
4129.  1.068699E-16
4130.  1.083128E-16
4131.  1.096709E-16
4132.  1.109346E-16
4133.  1.120946E-16
4134.  1.131417E-16
4135.  1.140674E-16
4136.  1.148631E-16
4137.  1.155213E-16
4138.  1.160350E-16
4139.  1.163978E-16
4140.  1.166043E-16
4141.  1.166495E-16
4142.  1.165300E-16
4143.  1.162433E-16
4144.  1.157874E-16
4145.  1.151616E-16
4146.  1.143667E-16
4147.  1.134040E-16
4148.  1.122763E-16
4149.  1.109873E-16
4150.  1.095421E-16
4151.  1.079463E-16
4152.  1.062070E-16
4153.  1.043321E-16
4154.  1.023306E-16
4155.  1.002123E-16
4156.  9.798736E-17
4157.  9.566753E-17
4158.  9.326465E-17
4159.  9.079120E-17
4160.  8.826036E-17
4161.  8.568559E-17
4162.  8.308060E-17
4163.  8.045980E-17
4164.  7.783698E-17
4165.  7.522685E-17
4166.  7.264329E-17
4167.  7.010080E-17
4168.  6.761298E-17
4169.  6.519380E-17
4170.  6.285634E-17
4171.  6.061363E-17
4172.  5.847780E-17
4173.  5.646075E-17
4174.  5.457338E-17
4175.  5.282621E-17
4176.  5.122896E-17
4177.  4.979013E-17
4178.  4.851774E-17
4179.  4.741876E-17
4180.  4.649903E-17
4181.  4.576381E-17
4182.  4.521691E-17
4183.  4.486128E-17
4184.  4.469896E-17
4185.  4.473052E-17
4186.  4.495568E-17
4187.  4.537336E-17
4188.  4.598068E-17
4189.  4.677447E-17
4190.  4.774998E-17
4191.  4.890154E-17
4192.  5.022254E-17
4193.  5.170535E-17
4194.  5.334132E-17
4195.  5.512104E-17
4196.  5.703404E-17
4197.  5.906929E-17
4198.  6.121482E-17
4199.  6.345827E-17
4200.  6.578613E-17
4201.  6.818484E-17
4202.  7.064039E-17
4203.  7.313800E-17
4204.  7.566305E-17
4205.  7.820042E-17
4206.  8.073506E-17
4207.  8.325198E-17
4208.  8.573613E-17
4209.  8.817273E-17
4210.  9.054712E-17
4211.  9.284529E-17
4212.  9.505363E-17
4213.  9.715884E-17
4214.  9.914875E-17
4215.  1.010113E-16
4216.  1.027359E-16
4217.  1.043123E-16
4218.  1.057315E-16
4219.  1.069853E-16
4220.  1.080665E-16
4221.  1.089692E-16
4222.  1.096884E-16
4223.  1.102202E-16
4224.  1.105619E-16
4225.  1.107119E-16
4226.  1.106696E-16
4227.  1.104357E-16
4228.  1.100116E-16
4229.  1.094001E-16
4230.  1.086045E-16
4231.  1.076295E-16
4232.  1.064804E-16
4233.  1.051632E-16
4234.  1.036849E-16
4235.  1.020527E-16
4236.  1.002749E-16
4237.  9.835983E-17
4238.  9.631645E-17
4239.  9.415393E-17
4240.  9.188204E-17
4241.  8.951037E-17
4242.  8.704865E-17
4243.  8.450673E-17
4244.  8.189461E-17
4245.  7.922188E-17
4246.  7.649817E-17
4247.  7.373316E-17
4248.  7.093593E-17
4249.  6.811571E-17
4250.  6.528105E-17
4251.  6.244048E-17
4252.  5.960230E-17
4253.  5.677438E-17
4254.  5.396416E-17
4255.  5.117900E-17
4256.  4.842593E-17
4257.  4.571163E-17
4258.  4.304262E-17
4259.  4.042502E-17
4260.  3.786482E-17
4261.  3.536816E-17
4262.  3.294032E-17
4263.  3.058723E-17
4264.  2.831421E-17
4265.  2.612676E-17
4266.  2.403031E-17
4267.  2.203026E-17
4268.  2.013205E-17
4269.  1.834126E-17
4270.  1.666358E-17
4271.  1.510472E-17
4272.  1.367068E-17
4273.  1.236738E-17
4274.  1.120109E-17
4275.  1.017837E-17
4276.  9.305664E-18
4277.  8.590035E-18
4278.  8.038359E-18
4279.  7.657917E-18
4280.  7.456319E-18
4281.  7.441074E-18
4282.  7.619908E-18
4283.  8.000919E-18
4284.  8.592294E-18
4285.  9.402027E-18
4286.  1.043855E-17
4287.  1.171003E-17
4288.  1.322477E-17
4289.  1.499127E-17
4290.  1.701744E-17
4291.  1.931138E-17
4292.  2.188066E-17
4293.  2.473298E-17
4294.  2.787537E-17
4295.  3.131472E-17
4296.  3.505719E-17
4297.  3.910864E-17
4298.  4.347388E-17
4299.  4.815748E-17
4300.  5.316289E-17
4301.  5.849297E-17
4302.  6.414943E-17
4303.  7.013279E-17
4304.  7.644311E-17
4305.  8.307865E-17
4306.  9.003631E-17
4307.  9.731251E-17
4308.  1.049015E-16
4309.  1.127966E-16
4310.  1.209892E-16
4311.  1.294695E-16
4312.  1.382263E-16
4313.  1.472464E-16
4314.  1.565154E-16
4315.  1.660170E-16
4316.  1.757338E-16
4317.  1.856465E-16
4318.  1.957343E-16
4319.  2.059751E-16
4320.  2.163454E-16
4321.  2.268203E-16
4322.  2.373737E-16
4323.  2.479785E-16
4324.  2.586062E-16
4325.  2.692280E-16
4326.  2.798138E-16
4327.  2.903331E-16
4328.  3.007550E-16
4329.  3.110482E-16
4330.  3.211813E-16
4331.  3.311230E-16
4332.  3.408421E-16
4333.  3.503078E-16
4334.  3.594901E-16
4335.  3.683595E-16
4336.  3.768876E-16
4337.  3.850471E-16
4338.  3.928120E-16
4339.  4.001578E-16
4340.  4.070615E-16
4341.  4.135021E-16
4342.  4.194604E-16
4343.  4.249192E-16
4344.  4.298637E-16
4345.  4.342814E-16
4346.  4.381614E-16
4347.  4.414963E-16
4348.  4.442807E-16
4349.  4.465116E-16
4350.  4.481888E-16
4351.  4.493146E-16
4352.  4.498934E-16
4353.  4.499332E-16
4354.  4.494430E-16
4355.  4.484354E-16
4356.  4.469244E-16
4357.  4.449270E-16
4358.  4.424617E-16
4359.  4.395488E-16
4360.  4.362112E-16
4361.  4.324729E-16
4362.  4.283590E-16
4363.  4.238966E-16
4364.  4.191135E-16
4365.  4.140387E-16
4366.  4.087016E-16
4367.  4.031323E-16
4368.  3.973615E-16
4369.  3.914194E-16
4370.  3.853368E-16
4371.  3.791441E-16
4372.  3.728710E-16
4373.  3.665468E-16
4374.  3.602001E-16
4375.  3.538585E-16
4376.  3.475486E-16
4377.  3.412959E-16
4378.  3.351244E-16
4379.  3.290566E-16
4380.  3.231143E-16
4381.  3.173166E-16
4382.  3.116818E-16
4383.  3.062261E-16
4384.  3.009644E-16
4385.  2.959095E-16
4386.  2.910728E-16
4387.  2.864639E-16
4388.  2.820907E-16
4389.  2.779596E-16
4390.  2.740754E-16
4391.  2.704415E-16
4392.  2.670595E-16
4393.  2.639304E-16
4394.  2.610534E-16
4395.  2.584264E-16
4396.  2.560468E-16
4397.  2.539106E-16
4398.  2.520133E-16
4399.  2.503494E-16
4400.  2.489128E-16
4401.  2.476969E-16
4402.  2.466947E-16
4403.  2.458989E-16
4404.  2.453015E-16
4405.  2.448950E-16
4406.  2.446714E-16
4407.  2.446225E-16
4408.  2.447406E-16
4409.  2.450179E-16
4410.  2.454465E-16
4411.  2.460189E-16
4412.  2.467279E-16
4413.  2.475663E-16
4414.  2.485272E-16
4415.  2.496041E-16
4416.  2.507906E-16
4417.  2.520806E-16
4418.  2.534682E-16
4419.  2.549477E-16
4420.  2.565137E-16
4421.  2.581608E-16
4422.  2.598837E-16
4423.  2.616775E-16
4424.  2.635367E-16
4425.  2.654565E-16
4426.  2.674317E-16
4427.  2.694569E-16
4428.  2.715267E-16
4429.  2.736356E-16
4430.  2.757773E-16
4431.  2.779461E-16
4432.  2.801354E-16
4433.  2.823383E-16
4434.  2.845476E-16
4435.  2.867558E-16
4436.  2.889544E-16
4437.  2.911355E-16
4438.  2.932896E-16
4439.  2.954073E-16
4440.  2.974790E-16
4441.  2.994940E-16
4442.  3.014417E-16
4443.  3.033111E-16
4444.  3.050904E-16
4445.  3.067679E-16
4446.  3.083316E-16
4447.  3.097692E-16
4448.  3.110682E-16
4449.  3.122161E-16
4450.  3.132008E-16
4451.  3.140095E-16
4452.  3.146304E-16
4453.  3.150515E-16
4454.  3.152612E-16
4455.  3.152488E-16
4456.  3.150034E-16
4457.  3.145155E-16
4458.  3.137760E-16
4459.  3.127767E-16
4460.  3.115106E-16
4461.  3.099707E-16
4462.  3.081525E-16
4463.  3.060517E-16
4464.  3.036657E-16
4465.  3.009926E-16
4466.  2.980325E-16
4467.  2.947862E-16
4468.  2.912566E-16
4469.  2.874469E-16
4470.  2.833632E-16
4471.  2.790113E-16
4472.  2.743993E-16
4473.  2.695367E-16
4474.  2.644338E-16
4475.  2.591020E-16
4476.  2.535543E-16
4477.  2.478043E-16
4478.  2.418671E-16
4479.  2.357580E-16
4480.  2.294936E-16
4481.  2.230908E-16
4482.  2.165672E-16
4483.  2.099408E-16
4484.  2.032300E-16
4485.  1.964531E-16
4486.  1.896287E-16
4487.  1.827754E-16
4488.  1.759113E-16
4489.  1.690547E-16
4490.  1.622229E-16
4491.  1.554333E-16
4492.  1.487022E-16
4493.  1.420457E-16
4494.  1.354788E-16
4495.  1.290156E-16
4496.  1.226695E-16
4497.  1.164531E-16
4498.  1.103776E-16
4499.  1.044533E-16
4500.  9.868967E-17
