1.  4.770602E-21
2.  5.113674E-21
3.  5.457511E-21
4.  5.868038E-21
5.  6.235748E-21
6.  6.675429E-21
7.  7.138893E-21
8.  7.602586E-21
9.  8.128575E-21
10.  8.619767E-21
11.  9.091767E-21
12.  9.797849E-21
13.  1.044393E-20
14.  1.116334E-20
15.  1.182155E-20
16.  1.260562E-20
17.  1.337010E-20
18.  1.423581E-20
19.  1.516949E-20
20.  1.610340E-20
21.  1.717704E-20
22.  1.820507E-20
23.  1.935306E-20
24.  2.052829E-20
25.  2.182667E-20
26.  2.324065E-20
27.  2.468500E-20
28.  2.621659E-20
29.  2.783232E-20
30.  2.951469E-20
31.  3.135739E-20
32.  3.321762E-20
33.  3.525698E-20
34.  3.735139E-20
35.  3.966694E-20
36.  4.203014E-20
37.  4.464595E-20
38.  4.720374E-20
39.  5.009722E-20
40.  5.310250E-20
41.  5.626295E-20
42.  5.962775E-20
43.  6.304018E-20
44.  6.689696E-20
45.  7.069312E-20
46.  7.493414E-20
47.  7.925734E-20
48.  8.377334E-20
49.  8.871661E-20
50.  9.375215E-20
51.  9.920008E-20
52.  1.049057E-19
53.  1.109719E-19
54.  1.172154E-19
55.  1.239016E-19
56.  1.309568E-19
57.  1.382134E-19
58.  1.460882E-19
59.  1.542132E-19
60.  1.629256E-19
61.  1.719978E-19
62.  1.816105E-19
63.  1.915698E-19
64.  2.022286E-19
65.  2.132051E-19
66.  2.248325E-19
67.  2.372565E-19
68.  2.501255E-19
69.  2.636805E-19
70.  2.779016E-19
71.  2.928891E-19
72.  3.086587E-19
73.  3.251467E-19
74.  3.426096E-19
75.  3.606531E-19
76.  3.797696E-19
77.  3.997945E-19
78.  4.208515E-19
79.  4.428901E-19
80.  4.660984E-19
81.  4.902844E-19
82.  5.156791E-19
83.  5.423597E-19
84.  5.703141E-19
85.  5.995309E-19
86.  6.300928E-19
87.  6.622603E-19
88.  6.959022E-19
89.  7.310558E-19
90.  7.678054E-19
91.  8.064260E-19
92.  8.468369E-19
93.  8.890351E-19
94.  9.331784E-19
95.  9.793974E-19
96.  1.027654E-18
97.  1.078089E-18
98.  1.130784E-18
99.  1.185993E-18
100.  1.243552E-18
101.  1.303830E-18
102.  1.366580E-18
103.  1.432289E-18
104.  1.500912E-18
105.  1.572438E-18
106.  1.647103E-18
107.  1.725068E-18
108.  1.806432E-18
109.  1.891261E-18
110.  1.979781E-18
111.  2.072044E-18
112.  2.168201E-18
113.  2.268466E-18
114.  2.372954E-18
115.  2.481848E-18
116.  2.595258E-18
117.  2.713509E-18
118.  2.836533E-18
119.  2.964620E-18
120.  3.098087E-18
121.  3.236890E-18
122.  3.381414E-18
123.  3.531772E-18
124.  3.688240E-18
125.  3.850871E-18
126.  4.020102E-18
127.  4.195978E-18
128.  4.378821E-18
129.  4.568831E-18
130.  4.766279E-18
131.  4.971355E-18
132.  5.184558E-18
133.  5.405906E-18
134.  5.635785E-18
135.  5.874492E-18
136.  6.122173E-18
137.  6.379219E-18
138.  6.645995E-18
139.  6.922658E-18
140.  7.209695E-18
141.  7.507404E-18
142.  7.816045E-18
143.  8.136001E-18
144.  8.467706E-18
145.  8.811369E-18
146.  9.167357E-18
147.  9.536264E-18
148.  9.918291E-18
149.  1.031393E-17
150.  1.072357E-17
151.  1.114759E-17
152.  1.158637E-17
153.  1.204044E-17
154.  1.251026E-17
155.  1.299626E-17
156.  1.349886E-17
157.  1.401852E-17
158.  1.455581E-17
159.  1.511117E-17
160.  1.568501E-17
161.  1.627801E-17
162.  1.689063E-17
163.  1.752346E-17
164.  1.817689E-17
165.  1.885154E-17
166.  1.954792E-17
167.  2.026680E-17
168.  2.100863E-17
169.  2.177402E-17
170.  2.256350E-17
171.  2.337771E-17
172.  2.421746E-17
173.  2.508300E-17
174.  2.597541E-17
175.  2.689501E-17
176.  2.784254E-17
177.  2.881885E-17
178.  2.982428E-17
179.  3.085991E-17
180.  3.192625E-17
181.  3.302397E-17
182.  3.415379E-17
183.  3.531649E-17
184.  3.651282E-17
185.  3.774344E-17
186.  3.900929E-17
187.  4.031088E-17
188.  4.164917E-17
189.  4.302477E-17
190.  4.443869E-17
191.  4.589158E-17
192.  4.738418E-17
193.  4.891748E-17
194.  5.049192E-17
195.  5.210888E-17
196.  5.376879E-17
197.  5.547251E-17
198.  5.722106E-17
199.  5.901511E-17
200.  6.085552E-17
201.  6.274326E-17
202.  6.467914E-17
203.  6.666399E-17
204.  6.869867E-17
205.  7.078399E-17
206.  7.292089E-17
207.  7.511022E-17
208.  7.735302E-17
209.  7.964984E-17
210.  8.200162E-17
211.  8.440952E-17
212.  8.687416E-17
213.  8.939657E-17
214.  9.197732E-17
215.  9.461748E-17
216.  9.731805E-17
217.  1.000796E-16
218.  1.029033E-16
219.  1.057897E-16
220.  1.087400E-16
221.  1.117546E-16
222.  1.148349E-16
223.  1.179812E-16
224.  1.211943E-16
225.  1.244755E-16
226.  1.278253E-16
227.  1.312445E-16
228.  1.347339E-16
229.  1.382945E-16
230.  1.419267E-16
231.  1.456315E-16
232.  1.494095E-16
233.  1.532615E-16
234.  1.571882E-16
235.  1.611902E-16
236.  1.652684E-16
237.  1.694232E-16
238.  1.736555E-16
239.  1.779657E-16
240.  1.823545E-16
241.  1.868225E-16
242.  1.913703E-16
243.  1.959985E-16
244.  2.007074E-16
245.  2.054978E-16
246.  2.103698E-16
247.  2.153242E-16
248.  2.203613E-16
249.  2.254814E-16
250.  2.306852E-16
251.  2.359728E-16
252.  2.413445E-16
253.  2.468005E-16
254.  2.523416E-16
255.  2.579673E-16
256.  2.636784E-16
257.  2.694747E-16
258.  2.753566E-16
259.  2.813241E-16
260.  2.873773E-16
261.  2.935162E-16
262.  2.997409E-16
263.  3.060512E-16
264.  3.124472E-16
265.  3.189288E-16
266.  3.254958E-16
267.  3.321479E-16
268.  3.388852E-16
269.  3.457073E-16
270.  3.526139E-16
271.  3.596047E-16
272.  3.666793E-16
273.  3.738373E-16
274.  3.810783E-16
275.  3.884018E-16
276.  3.958074E-16
277.  4.032944E-16
278.  4.108621E-16
279.  4.185100E-16
280.  4.262372E-16
281.  4.340434E-16
282.  4.419275E-16
283.  4.498888E-16
284.  4.579263E-16
285.  4.660392E-16
286.  4.742267E-16
287.  4.824876E-16
288.  4.908208E-16
289.  4.992256E-16
290.  5.077005E-16
291.  5.162446E-16
292.  5.248564E-16
293.  5.335351E-16
294.  5.422793E-16
295.  5.510873E-16
296.  5.599582E-16
297.  5.688901E-16
298.  5.778823E-16
299.  5.869327E-16
300.  5.960400E-16
301.  6.052026E-16
302.  6.144191E-16
303.  6.236874E-16
304.  6.330061E-16
305.  6.423737E-16
306.  6.517880E-16
307.  6.612478E-16
308.  6.707509E-16
309.  6.802954E-16
310.  6.898795E-16
311.  6.995014E-16
312.  7.091592E-16
313.  7.188507E-16
314.  7.285740E-16
315.  7.383270E-16
316.  7.481079E-16
317.  7.579141E-16
318.  7.677443E-16
319.  7.775955E-16
320.  7.874662E-16
321.  7.973538E-16
322.  8.072561E-16
323.  8.171712E-16
324.  8.270968E-16
325.  8.370305E-16
326.  8.469699E-16
327.  8.569130E-16
328.  8.668575E-16
329.  8.768009E-16
330.  8.867409E-16
331.  8.966753E-16
332.  9.066016E-16
333.  9.165177E-16
334.  9.264211E-16
335.  9.363094E-16
336.  9.461805E-16
337.  9.560315E-16
338.  9.658604E-16
339.  9.756651E-16
340.  9.854426E-16
341.  9.951915E-16
342.  1.004909E-15
343.  1.014592E-15
344.  1.024239E-15
345.  1.033848E-15
346.  1.043416E-15
347.  1.052941E-15
348.  1.062421E-15
349.  1.071853E-15
350.  1.081236E-15
351.  1.090566E-15
352.  1.099843E-15
353.  1.109063E-15
354.  1.118225E-15
355.  1.127326E-15
356.  1.136365E-15
357.  1.145339E-15
358.  1.154246E-15
359.  1.163084E-15
360.  1.171853E-15
361.  1.180548E-15
362.  1.189169E-15
363.  1.197714E-15
364.  1.206181E-15
365.  1.214567E-15
366.  1.222872E-15
367.  1.231094E-15
368.  1.239231E-15
369.  1.247282E-15
370.  1.255244E-15
371.  1.263116E-15
372.  1.270898E-15
373.  1.278587E-15
374.  1.286182E-15
375.  1.293682E-15
376.  1.301086E-15
377.  1.308392E-15
378.  1.315599E-15
379.  1.322706E-15
380.  1.329713E-15
381.  1.336617E-15
382.  1.343418E-15
383.  1.350115E-15
384.  1.356708E-15
385.  1.363196E-15
386.  1.369577E-15
387.  1.375851E-15
388.  1.382018E-15
389.  1.388077E-15
390.  1.394028E-15
391.  1.399869E-15
392.  1.405601E-15
393.  1.411224E-15
394.  1.416737E-15
395.  1.422140E-15
396.  1.427432E-15
397.  1.432615E-15
398.  1.437687E-15
399.  1.442649E-15
400.  1.447500E-15
401.  1.452242E-15
402.  1.456873E-15
403.  1.461396E-15
404.  1.465808E-15
405.  1.470113E-15
406.  1.474308E-15
407.  1.478396E-15
408.  1.482376E-15
409.  1.486249E-15
410.  1.490016E-15
411.  1.493677E-15
412.  1.497233E-15
413.  1.500686E-15
414.  1.504035E-15
415.  1.507282E-15
416.  1.510428E-15
417.  1.513473E-15
418.  1.516418E-15
419.  1.519265E-15
420.  1.522015E-15
421.  1.524669E-15
422.  1.527228E-15
423.  1.529692E-15
424.  1.532065E-15
425.  1.534346E-15
426.  1.536537E-15
427.  1.538639E-15
428.  1.540654E-15
429.  1.542583E-15
430.  1.544428E-15
431.  1.546190E-15
432.  1.547870E-15
433.  1.549471E-15
434.  1.550992E-15
435.  1.552437E-15
436.  1.553807E-15
437.  1.555102E-15
438.  1.556326E-15
439.  1.557479E-15
440.  1.558562E-15
441.  1.559578E-15
442.  1.560529E-15
443.  1.561415E-15
444.  1.562239E-15
445.  1.563002E-15
446.  1.563705E-15
447.  1.564351E-15
448.  1.564941E-15
449.  1.565477E-15
450.  1.565960E-15
451.  1.566391E-15
452.  1.566773E-15
453.  1.567108E-15
454.  1.567396E-15
455.  1.567639E-15
456.  1.567839E-15
457.  1.567997E-15
458.  1.568115E-15
459.  1.568194E-15
460.  1.568237E-15
461.  1.568243E-15
462.  1.568215E-15
463.  1.568155E-15
464.  1.568063E-15
465.  1.567940E-15
466.  1.567789E-15
467.  1.567611E-15
468.  1.567405E-15
469.  1.567176E-15
470.  1.566922E-15
471.  1.566645E-15
472.  1.566347E-15
473.  1.566028E-15
474.  1.565690E-15
475.  1.565333E-15
476.  1.564959E-15
477.  1.564569E-15
478.  1.564163E-15
479.  1.563742E-15
480.  1.563307E-15
481.  1.562859E-15
482.  1.562398E-15
483.  1.561926E-15
484.  1.561442E-15
485.  1.560948E-15
486.  1.560444E-15
487.  1.559930E-15
488.  1.559408E-15
489.  1.558876E-15
490.  1.558337E-15
491.  1.557789E-15
492.  1.557234E-15
493.  1.556672E-15
494.  1.556102E-15
495.  1.555525E-15
496.  1.554942E-15
497.  1.554351E-15
498.  1.553754E-15
499.  1.553150E-15
500.  1.552539E-15
501.  1.551920E-15
502.  1.551295E-15
503.  1.550662E-15
504.  1.550022E-15
505.  1.549373E-15
506.  1.548717E-15
507.  1.548052E-15
508.  1.547378E-15
509.  1.546695E-15
510.  1.546002E-15
511.  1.545299E-15
512.  1.544586E-15
513.  1.543860E-15
514.  1.543123E-15
515.  1.542374E-15
516.  1.541612E-15
517.  1.540836E-15
518.  1.540045E-15
519.  1.539239E-15
520.  1.538418E-15
521.  1.537580E-15
522.  1.536724E-15
523.  1.535851E-15
524.  1.534958E-15
525.  1.534046E-15
526.  1.533113E-15
527.  1.532158E-15
528.  1.531181E-15
529.  1.530181E-15
530.  1.529157E-15
531.  1.528108E-15
532.  1.527032E-15
533.  1.525931E-15
534.  1.524801E-15
535.  1.523643E-15
536.  1.522455E-15
537.  1.521236E-15
538.  1.519987E-15
539.  1.518705E-15
540.  1.517390E-15
541.  1.516041E-15
542.  1.514657E-15
543.  1.513237E-15
544.  1.511781E-15
545.  1.510287E-15
546.  1.508755E-15
547.  1.507183E-15
548.  1.505572E-15
549.  1.503920E-15
550.  1.502226E-15
551.  1.500490E-15
552.  1.498712E-15
553.  1.496889E-15
554.  1.495022E-15
555.  1.493110E-15
556.  1.491152E-15
557.  1.489149E-15
558.  1.487098E-15
559.  1.484999E-15
560.  1.482853E-15
561.  1.480659E-15
562.  1.478415E-15
563.  1.476123E-15
564.  1.473780E-15
565.  1.471388E-15
566.  1.468945E-15
567.  1.466451E-15
568.  1.463907E-15
569.  1.461311E-15
570.  1.458663E-15
571.  1.455965E-15
572.  1.453214E-15
573.  1.450412E-15
574.  1.447558E-15
575.  1.444652E-15
576.  1.441694E-15
577.  1.438684E-15
578.  1.435623E-15
579.  1.432510E-15
580.  1.429346E-15
581.  1.426131E-15
582.  1.422864E-15
583.  1.419547E-15
584.  1.416180E-15
585.  1.412762E-15
586.  1.409295E-15
587.  1.405779E-15
588.  1.402214E-15
589.  1.398601E-15
590.  1.394940E-15
591.  1.391232E-15
592.  1.387477E-15
593.  1.383676E-15
594.  1.379830E-15
595.  1.375939E-15
596.  1.372004E-15
597.  1.368026E-15
598.  1.364005E-15
599.  1.359942E-15
600.  1.355839E-15
601.  1.351696E-15
602.  1.347513E-15
603.  1.343292E-15
604.  1.339034E-15
605.  1.334739E-15
606.  1.330409E-15
607.  1.326044E-15
608.  1.321645E-15
609.  1.317214E-15
610.  1.312752E-15
611.  1.308258E-15
612.  1.303736E-15
613.  1.299185E-15
614.  1.294606E-15
615.  1.290002E-15
616.  1.285372E-15
617.  1.280718E-15
618.  1.276041E-15
619.  1.271343E-15
620.  1.266623E-15
621.  1.261884E-15
622.  1.257127E-15
623.  1.252353E-15
624.  1.247562E-15
625.  1.242756E-15
626.  1.237936E-15
627.  1.233103E-15
628.  1.228258E-15
629.  1.223403E-15
630.  1.218539E-15
631.  1.213665E-15
632.  1.208785E-15
633.  1.203899E-15
634.  1.199007E-15
635.  1.194111E-15
636.  1.189213E-15
637.  1.184312E-15
638.  1.179411E-15
639.  1.174509E-15
640.  1.169609E-15
641.  1.164711E-15
642.  1.159815E-15
643.  1.154924E-15
644.  1.150038E-15
645.  1.145157E-15
646.  1.140283E-15
647.  1.135417E-15
648.  1.130560E-15
649.  1.125711E-15
650.  1.120873E-15
651.  1.116046E-15
652.  1.111231E-15
653.  1.106428E-15
654.  1.101639E-15
655.  1.096863E-15
656.  1.092102E-15
657.  1.087357E-15
658.  1.082627E-15
659.  1.077914E-15
660.  1.073218E-15
661.  1.068540E-15
662.  1.063881E-15
663.  1.059240E-15
664.  1.054619E-15
665.  1.050018E-15
666.  1.045437E-15
667.  1.040877E-15
668.  1.036338E-15
669.  1.031821E-15
670.  1.027326E-15
671.  1.022854E-15
672.  1.018404E-15
673.  1.013977E-15
674.  1.009574E-15
675.  1.005195E-15
676.  1.000839E-15
677.  9.965080E-16
678.  9.922011E-16
679.  9.879189E-16
680.  9.836619E-16
681.  9.794296E-16
682.  9.752227E-16
683.  9.710411E-16
684.  9.668850E-16
685.  9.627546E-16
686.  9.586498E-16
687.  9.545712E-16
688.  9.505181E-16
689.  9.464911E-16
690.  9.424904E-16
691.  9.385156E-16
692.  9.345670E-16
693.  9.306447E-16
694.  9.267485E-16
695.  9.228786E-16
696.  9.190350E-16
697.  9.152175E-16
698.  9.114265E-16
699.  9.076617E-16
700.  9.039231E-16
701.  9.002108E-16
702.  8.965247E-16
703.  8.928651E-16
704.  8.892313E-16
705.  8.856240E-16
706.  8.820426E-16
707.  8.784877E-16
708.  8.749589E-16
709.  8.714562E-16
710.  8.679798E-16
711.  8.645295E-16
712.  8.611053E-16
713.  8.577073E-16
714.  8.543355E-16
715.  8.509900E-16
716.  8.476708E-16
717.  8.443776E-16
718.  8.411109E-16
719.  8.378705E-16
720.  8.346565E-16
721.  8.314689E-16
722.  8.283078E-16
723.  8.251736E-16
724.  8.220658E-16
725.  8.189850E-16
726.  8.159309E-16
727.  8.129039E-16
728.  8.099042E-16
729.  8.069317E-16
730.  8.039865E-16
731.  8.010691E-16
732.  7.981794E-16
733.  7.953177E-16
734.  7.924842E-16
735.  7.896791E-16
736.  7.869023E-16
737.  7.841544E-16
738.  7.814355E-16
739.  7.787461E-16
740.  7.760859E-16
741.  7.734557E-16
742.  7.708556E-16
743.  7.682858E-16
744.  7.657468E-16
745.  7.632387E-16
746.  7.607619E-16
747.  7.583168E-16
748.  7.559035E-16
749.  7.535227E-16
750.  7.511744E-16
751.  7.488592E-16
752.  7.465775E-16
753.  7.443295E-16
754.  7.421157E-16
755.  7.399364E-16
756.  7.377922E-16
757.  7.356833E-16
758.  7.336100E-16
759.  7.315730E-16
760.  7.295727E-16
761.  7.276092E-16
762.  7.256833E-16
763.  7.237952E-16
764.  7.219453E-16
765.  7.201342E-16
766.  7.183623E-16
767.  7.166300E-16
768.  7.149376E-16
769.  7.132856E-16
770.  7.116744E-16
771.  7.101047E-16
772.  7.085764E-16
773.  7.070904E-16
774.  7.056469E-16
775.  7.042463E-16
776.  7.028889E-16
777.  7.015753E-16
778.  7.003057E-16
779.  6.990807E-16
780.  6.979004E-16
781.  6.967655E-16
782.  6.956760E-16
783.  6.946326E-16
784.  6.936352E-16
785.  6.926844E-16
786.  6.917804E-16
787.  6.909237E-16
788.  6.901143E-16
789.  6.893526E-16
790.  6.886390E-16
791.  6.879733E-16
792.  6.873563E-16
793.  6.867878E-16
794.  6.862681E-16
795.  6.857975E-16
796.  6.853760E-16
797.  6.850036E-16
798.  6.846808E-16
799.  6.844073E-16
800.  6.841836E-16
801.  6.840094E-16
802.  6.838849E-16
803.  6.838103E-16
804.  6.837852E-16
805.  6.838099E-16
806.  6.838841E-16
807.  6.840080E-16
808.  6.841814E-16
809.  6.844041E-16
810.  6.846762E-16
811.  6.849973E-16
812.  6.853674E-16
813.  6.857862E-16
814.  6.862535E-16
815.  6.867692E-16
816.  6.873327E-16
817.  6.879440E-16
818.  6.886026E-16
819.  6.893084E-16
820.  6.900609E-16
821.  6.908598E-16
822.  6.917043E-16
823.  6.925944E-16
824.  6.935296E-16
825.  6.945092E-16
826.  6.955329E-16
827.  6.966000E-16
828.  6.977101E-16
829.  6.988626E-16
830.  7.000571E-16
831.  7.012925E-16
832.  7.025685E-16
833.  7.038845E-16
834.  7.052394E-16
835.  7.066330E-16
836.  7.080644E-16
837.  7.095329E-16
838.  7.110376E-16
839.  7.125777E-16
840.  7.141526E-16
841.  7.157612E-16
842.  7.174030E-16
843.  7.190770E-16
844.  7.207823E-16
845.  7.225179E-16
846.  7.242832E-16
847.  7.260770E-16
848.  7.278984E-16
849.  7.297466E-16
850.  7.316205E-16
851.  7.335193E-16
852.  7.354417E-16
853.  7.373871E-16
854.  7.393540E-16
855.  7.413419E-16
856.  7.433494E-16
857.  7.453757E-16
858.  7.474194E-16
859.  7.494798E-16
860.  7.515558E-16
861.  7.536461E-16
862.  7.557498E-16
863.  7.578659E-16
864.  7.599931E-16
865.  7.621303E-16
866.  7.642766E-16
867.  7.664308E-16
868.  7.685919E-16
869.  7.707587E-16
870.  7.729300E-16
871.  7.751049E-16
872.  7.772823E-16
873.  7.794610E-16
874.  7.816400E-16
875.  7.838181E-16
876.  7.859944E-16
877.  7.881675E-16
878.  7.903369E-16
879.  7.925010E-16
880.  7.946588E-16
881.  7.968097E-16
882.  7.989522E-16
883.  8.010856E-16
884.  8.032086E-16
885.  8.053203E-16
886.  8.074199E-16
887.  8.095061E-16
888.  8.115782E-16
889.  8.136352E-16
890.  8.156761E-16
891.  8.176999E-16
892.  8.197058E-16
893.  8.216928E-16
894.  8.236604E-16
895.  8.256074E-16
896.  8.275329E-16
897.  8.294364E-16
898.  8.313169E-16
899.  8.331736E-16
900.  8.350058E-16
901.  8.368130E-16
902.  8.385942E-16
903.  8.403485E-16
904.  8.420757E-16
905.  8.437749E-16
906.  8.454456E-16
907.  8.470871E-16
908.  8.486988E-16
909.  8.502804E-16
910.  8.518310E-16
911.  8.533503E-16
912.  8.548378E-16
913.  8.562931E-16
914.  8.577157E-16
915.  8.591052E-16
916.  8.604612E-16
917.  8.617834E-16
918.  8.630716E-16
919.  8.643251E-16
920.  8.655442E-16
921.  8.667282E-16
922.  8.678771E-16
923.  8.689906E-16
924.  8.700686E-16
925.  8.711109E-16
926.  8.721176E-16
927.  8.730883E-16
928.  8.740232E-16
929.  8.749220E-16
930.  8.757851E-16
931.  8.766121E-16
932.  8.774033E-16
933.  8.781587E-16
934.  8.788783E-16
935.  8.795623E-16
936.  8.802111E-16
937.  8.808245E-16
938.  8.814028E-16
939.  8.819464E-16
940.  8.824553E-16
941.  8.829298E-16
942.  8.833704E-16
943.  8.837773E-16
944.  8.841509E-16
945.  8.844915E-16
946.  8.847994E-16
947.  8.850753E-16
948.  8.853193E-16
949.  8.855319E-16
950.  8.857138E-16
951.  8.858652E-16
952.  8.859868E-16
953.  8.860792E-16
954.  8.861428E-16
955.  8.861780E-16
956.  8.861858E-16
957.  8.861665E-16
958.  8.861207E-16
959.  8.860493E-16
960.  8.859528E-16
961.  8.858318E-16
962.  8.856870E-16
963.  8.855192E-16
964.  8.853289E-16
965.  8.851173E-16
966.  8.848844E-16
967.  8.846315E-16
968.  8.843594E-16
969.  8.840684E-16
970.  8.837597E-16
971.  8.834339E-16
972.  8.830916E-16
973.  8.827342E-16
974.  8.823620E-16
975.  8.819759E-16
976.  8.815771E-16
977.  8.811658E-16
978.  8.807433E-16
979.  8.803104E-16
980.  8.798679E-16
981.  8.794166E-16
982.  8.789573E-16
983.  8.784911E-16
984.  8.780189E-16
985.  8.775413E-16
986.  8.770592E-16
987.  8.765736E-16
988.  8.760855E-16
989.  8.755954E-16
990.  8.751045E-16
991.  8.746137E-16
992.  8.741235E-16
993.  8.736351E-16
994.  8.731493E-16
995.  8.726670E-16
996.  8.721888E-16
997.  8.717162E-16
998.  8.712493E-16
999.  8.707895E-16
1000.  8.703375E-16
1001.  8.698941E-16
1002.  8.694601E-16
1003.  8.690364E-16
1004.  8.686240E-16
1005.  8.682232E-16
1006.  8.678355E-16
1007.  8.674613E-16
1008.  8.671015E-16
1009.  8.667569E-16
1010.  8.664284E-16
1011.  8.661164E-16
1012.  8.658223E-16
1013.  8.655464E-16
1014.  8.652896E-16
1015.  8.650526E-16
1016.  8.648363E-16
1017.  8.646413E-16
1018.  8.644682E-16
1019.  8.643180E-16
1020.  8.641914E-16
1021.  8.640885E-16
1022.  8.640109E-16
1023.  8.639586E-16
1024.  8.639325E-16
1025.  8.639332E-16
1026.  8.639614E-16
1027.  8.640177E-16
1028.  8.641027E-16
1029.  8.642169E-16
1030.  8.643612E-16
1031.  8.645358E-16
1032.  8.647415E-16
1033.  8.649787E-16
1034.  8.652479E-16
1035.  8.655501E-16
1036.  8.658853E-16
1037.  8.662541E-16
1038.  8.666572E-16
1039.  8.670949E-16
1040.  8.675676E-16
1041.  8.680759E-16
1042.  8.686200E-16
1043.  8.692007E-16
1044.  8.698181E-16
1045.  8.704726E-16
1046.  8.711648E-16
1047.  8.718948E-16
1048.  8.726629E-16
1049.  8.734699E-16
1050.  8.743157E-16
1051.  8.752005E-16
1052.  8.761249E-16
1053.  8.770890E-16
1054.  8.780930E-16
1055.  8.791373E-16
1056.  8.802221E-16
1057.  8.813475E-16
1058.  8.825137E-16
1059.  8.837211E-16
1060.  8.849694E-16
1061.  8.862592E-16
1062.  8.875904E-16
1063.  8.889630E-16
1064.  8.903773E-16
1065.  8.918333E-16
1066.  8.933309E-16
1067.  8.948706E-16
1068.  8.964518E-16
1069.  8.980750E-16
1070.  8.997400E-16
1071.  9.014467E-16
1072.  9.031950E-16
1073.  9.049850E-16
1074.  9.068165E-16
1075.  9.086897E-16
1076.  9.106040E-16
1077.  9.125599E-16
1078.  9.145565E-16
1079.  9.165940E-16
1080.  9.186725E-16
1081.  9.207911E-16
1082.  9.229502E-16
1083.  9.251493E-16
1084.  9.273880E-16
1085.  9.296663E-16
1086.  9.319838E-16
1087.  9.343401E-16
1088.  9.367350E-16
1089.  9.391680E-16
1090.  9.416387E-16
1091.  9.441470E-16
1092.  9.466923E-16
1093.  9.492741E-16
1094.  9.518922E-16
1095.  9.545458E-16
1096.  9.572348E-16
1097.  9.599583E-16
1098.  9.627163E-16
1099.  9.655079E-16
1100.  9.683325E-16
1101.  9.711898E-16
1102.  9.740790E-16
1103.  9.769996E-16
1104.  9.799512E-16
1105.  9.829328E-16
1106.  9.859440E-16
1107.  9.889840E-16
1108.  9.920521E-16
1109.  9.951481E-16
1110.  9.982705E-16
1111.  1.001419E-15
1112.  1.004593E-15
1113.  1.007791E-15
1114.  1.011014E-15
1115.  1.014259E-15
1116.  1.017527E-15
1117.  1.020816E-15
1118.  1.024126E-15
1119.  1.027455E-15
1120.  1.030804E-15
1121.  1.034170E-15
1122.  1.037554E-15
1123.  1.040954E-15
1124.  1.044369E-15
1125.  1.047799E-15
1126.  1.051243E-15
1127.  1.054700E-15
1128.  1.058168E-15
1129.  1.061647E-15
1130.  1.065136E-15
1131.  1.068634E-15
1132.  1.072140E-15
1133.  1.075653E-15
1134.  1.079172E-15
1135.  1.082697E-15
1136.  1.086225E-15
1137.  1.089757E-15
1138.  1.093290E-15
1139.  1.096825E-15
1140.  1.100360E-15
1141.  1.103893E-15
1142.  1.107425E-15
1143.  1.110955E-15
1144.  1.114480E-15
1145.  1.118000E-15
1146.  1.121515E-15
1147.  1.125022E-15
1148.  1.128522E-15
1149.  1.132012E-15
1150.  1.135493E-15
1151.  1.138962E-15
1152.  1.142420E-15
1153.  1.145865E-15
1154.  1.149296E-15
1155.  1.152712E-15
1156.  1.156112E-15
1157.  1.159496E-15
1158.  1.162861E-15
1159.  1.166208E-15
1160.  1.169535E-15
1161.  1.172842E-15
1162.  1.176127E-15
1163.  1.179390E-15
1164.  1.182629E-15
1165.  1.185844E-15
1166.  1.189034E-15
1167.  1.192197E-15
1168.  1.195334E-15
1169.  1.198444E-15
1170.  1.201524E-15
1171.  1.204576E-15
1172.  1.207597E-15
1173.  1.210588E-15
1174.  1.213547E-15
1175.  1.216473E-15
1176.  1.219366E-15
1177.  1.222226E-15
1178.  1.225050E-15
1179.  1.227840E-15
1180.  1.230594E-15
1181.  1.233311E-15
1182.  1.235992E-15
1183.  1.238634E-15
1184.  1.241238E-15
1185.  1.243804E-15
1186.  1.246330E-15
1187.  1.248816E-15
1188.  1.251262E-15
1189.  1.253667E-15
1190.  1.256030E-15
1191.  1.258352E-15
1192.  1.260633E-15
1193.  1.262870E-15
1194.  1.265065E-15
1195.  1.267217E-15
1196.  1.269325E-15
1197.  1.271390E-15
1198.  1.273411E-15
1199.  1.275388E-15
1200.  1.277320E-15
1201.  1.279208E-15
1202.  1.281051E-15
1203.  1.282850E-15
1204.  1.284603E-15
1205.  1.286312E-15
1206.  1.287976E-15
1207.  1.289595E-15
1208.  1.291169E-15
1209.  1.292698E-15
1210.  1.294182E-15
1211.  1.295621E-15
1212.  1.297016E-15
1213.  1.298366E-15
1214.  1.299672E-15
1215.  1.300933E-15
1216.  1.302151E-15
1217.  1.303325E-15
1218.  1.304455E-15
1219.  1.305542E-15
1220.  1.306586E-15
1221.  1.307587E-15
1222.  1.308546E-15
1223.  1.309464E-15
1224.  1.310339E-15
1225.  1.311174E-15
1226.  1.311968E-15
1227.  1.312722E-15
1228.  1.313436E-15
1229.  1.314111E-15
1230.  1.314747E-15
1231.  1.315345E-15
1232.  1.315905E-15
1233.  1.316428E-15
1234.  1.316915E-15
1235.  1.317366E-15
1236.  1.317781E-15
1237.  1.318163E-15
1238.  1.318510E-15
1239.  1.318824E-15
1240.  1.319105E-15
1241.  1.319355E-15
1242.  1.319573E-15
1243.  1.319761E-15
1244.  1.319919E-15
1245.  1.320048E-15
1246.  1.320149E-15
1247.  1.320222E-15
1248.  1.320269E-15
1249.  1.320290E-15
1250.  1.320286E-15
1251.  1.320258E-15
1252.  1.320206E-15
1253.  1.320132E-15
1254.  1.320036E-15
1255.  1.319919E-15
1256.  1.319782E-15
1257.  1.319626E-15
1258.  1.319451E-15
1259.  1.319259E-15
1260.  1.319050E-15
1261.  1.318825E-15
1262.  1.318585E-15
1263.  1.318331E-15
1264.  1.318064E-15
1265.  1.317784E-15
1266.  1.317493E-15
1267.  1.317191E-15
1268.  1.316880E-15
1269.  1.316559E-15
1270.  1.316230E-15
1271.  1.315894E-15
1272.  1.315552E-15
1273.  1.315204E-15
1274.  1.314851E-15
1275.  1.314494E-15
1276.  1.314135E-15
1277.  1.313772E-15
1278.  1.313409E-15
1279.  1.313045E-15
1280.  1.312681E-15
1281.  1.312318E-15
1282.  1.311957E-15
1283.  1.311598E-15
1284.  1.311243E-15
1285.  1.310892E-15
1286.  1.310545E-15
1287.  1.310205E-15
1288.  1.309870E-15
1289.  1.309543E-15
1290.  1.309223E-15
1291.  1.308912E-15
1292.  1.308610E-15
1293.  1.308318E-15
1294.  1.308037E-15
1295.  1.307767E-15
1296.  1.307509E-15
1297.  1.307263E-15
1298.  1.307031E-15
1299.  1.306812E-15
1300.  1.306608E-15
1301.  1.306419E-15
1302.  1.306246E-15
1303.  1.306089E-15
1304.  1.305948E-15
1305.  1.305826E-15
1306.  1.305721E-15
1307.  1.305635E-15
1308.  1.305568E-15
1309.  1.305520E-15
1310.  1.305493E-15
1311.  1.305487E-15
1312.  1.305501E-15
1313.  1.305537E-15
1314.  1.305596E-15
1315.  1.305677E-15
1316.  1.305781E-15
1317.  1.305909E-15
1318.  1.306061E-15
1319.  1.306237E-15
1320.  1.306438E-15
1321.  1.306664E-15
1322.  1.306916E-15
1323.  1.307194E-15
1324.  1.307499E-15
1325.  1.307830E-15
1326.  1.308189E-15
1327.  1.308576E-15
1328.  1.308991E-15
1329.  1.309434E-15
1330.  1.309905E-15
1331.  1.310407E-15
1332.  1.310937E-15
1333.  1.311498E-15
1334.  1.312088E-15
1335.  1.312709E-15
1336.  1.313361E-15
1337.  1.314044E-15
1338.  1.314759E-15
1339.  1.315505E-15
1340.  1.316283E-15
1341.  1.317094E-15
1342.  1.317938E-15
1343.  1.318814E-15
1344.  1.319724E-15
1345.  1.320668E-15
1346.  1.321644E-15
1347.  1.322655E-15
1348.  1.323701E-15
1349.  1.324781E-15
1350.  1.325897E-15
1351.  1.327047E-15
1352.  1.328233E-15
1353.  1.329454E-15
1354.  1.330712E-15
1355.  1.332005E-15
1356.  1.333336E-15
1357.  1.334702E-15
1358.  1.336106E-15
1359.  1.337547E-15
1360.  1.339025E-15
1361.  1.340540E-15
1362.  1.342094E-15
1363.  1.343685E-15
1364.  1.345315E-15
1365.  1.346983E-15
1366.  1.348690E-15
1367.  1.350435E-15
1368.  1.352220E-15
1369.  1.354044E-15
1370.  1.355907E-15
1371.  1.357809E-15
1372.  1.359752E-15
1373.  1.361734E-15
1374.  1.363756E-15
1375.  1.365819E-15
1376.  1.367921E-15
1377.  1.370064E-15
1378.  1.372248E-15
1379.  1.374472E-15
1380.  1.376737E-15
1381.  1.379043E-15
1382.  1.381390E-15
1383.  1.383778E-15
1384.  1.386208E-15
1385.  1.388678E-15
1386.  1.391190E-15
1387.  1.393742E-15
1388.  1.396336E-15
1389.  1.398972E-15
1390.  1.401649E-15
1391.  1.404367E-15
1392.  1.407126E-15
1393.  1.409927E-15
1394.  1.412769E-15
1395.  1.415652E-15
1396.  1.418577E-15
1397.  1.421542E-15
1398.  1.424548E-15
1399.  1.427595E-15
1400.  1.430683E-15
1401.  1.433811E-15
1402.  1.436980E-15
1403.  1.440189E-15
1404.  1.443438E-15
1405.  1.446727E-15
1406.  1.450056E-15
1407.  1.453424E-15
1408.  1.456830E-15
1409.  1.460276E-15
1410.  1.463761E-15
1411.  1.467283E-15
1412.  1.470844E-15
1413.  1.474442E-15
1414.  1.478077E-15
1415.  1.481749E-15
1416.  1.485458E-15
1417.  1.489202E-15
1418.  1.492982E-15
1419.  1.496797E-15
1420.  1.500647E-15
1421.  1.504530E-15
1422.  1.508448E-15
1423.  1.512398E-15
1424.  1.516381E-15
1425.  1.520396E-15
1426.  1.524441E-15
1427.  1.528518E-15
1428.  1.532624E-15
1429.  1.536760E-15
1430.  1.540925E-15
1431.  1.545117E-15
1432.  1.549337E-15
1433.  1.553583E-15
1434.  1.557855E-15
1435.  1.562152E-15
1436.  1.566472E-15
1437.  1.570817E-15
1438.  1.575184E-15
1439.  1.579572E-15
1440.  1.583981E-15
1441.  1.588410E-15
1442.  1.592858E-15
1443.  1.597324E-15
1444.  1.601806E-15
1445.  1.606305E-15
1446.  1.610819E-15
1447.  1.615348E-15
1448.  1.619889E-15
1449.  1.624442E-15
1450.  1.629006E-15
1451.  1.633580E-15
1452.  1.638163E-15
1453.  1.642754E-15
1454.  1.647351E-15
1455.  1.651954E-15
1456.  1.656561E-15
1457.  1.661172E-15
1458.  1.665785E-15
1459.  1.670398E-15
1460.  1.675012E-15
1461.  1.679624E-15
1462.  1.684233E-15
1463.  1.688839E-15
1464.  1.693439E-15
1465.  1.698033E-15
1466.  1.702620E-15
1467.  1.707198E-15
1468.  1.711765E-15
1469.  1.716322E-15
1470.  1.720866E-15
1471.  1.725397E-15
1472.  1.729912E-15
1473.  1.734411E-15
1474.  1.738892E-15
1475.  1.743355E-15
1476.  1.747797E-15
1477.  1.752219E-15
1478.  1.756617E-15
1479.  1.760991E-15
1480.  1.765341E-15
1481.  1.769663E-15
1482.  1.773958E-15
1483.  1.778225E-15
1484.  1.782460E-15
1485.  1.786664E-15
1486.  1.790836E-15
1487.  1.794973E-15
1488.  1.799075E-15
1489.  1.803140E-15
1490.  1.807168E-15
1491.  1.811157E-15
1492.  1.815105E-15
1493.  1.819012E-15
1494.  1.822876E-15
1495.  1.826697E-15
1496.  1.830473E-15
1497.  1.834202E-15
1498.  1.837884E-15
1499.  1.841518E-15
1500.  1.845102E-15
1501.  1.848635E-15
1502.  1.852116E-15
1503.  1.855545E-15
1504.  1.858920E-15
1505.  1.862239E-15
1506.  1.865502E-15
1507.  1.868709E-15
1508.  1.871856E-15
1509.  1.874946E-15
1510.  1.877974E-15
1511.  1.880942E-15
1512.  1.883847E-15
1513.  1.886689E-15
1514.  1.889468E-15
1515.  1.892181E-15
1516.  1.894829E-15
1517.  1.897411E-15
1518.  1.899924E-15
1519.  1.902370E-15
1520.  1.904746E-15
1521.  1.907052E-15
1522.  1.909288E-15
1523.  1.911452E-15
1524.  1.913545E-15
1525.  1.915564E-15
1526.  1.917510E-15
1527.  1.919381E-15
1528.  1.921178E-15
1529.  1.922899E-15
1530.  1.924544E-15
1531.  1.926112E-15
1532.  1.927603E-15
1533.  1.929016E-15
1534.  1.930351E-15
1535.  1.931607E-15
1536.  1.932783E-15
1537.  1.933879E-15
1538.  1.934895E-15
1539.  1.935831E-15
1540.  1.936685E-15
1541.  1.937457E-15
1542.  1.938148E-15
1543.  1.938756E-15
1544.  1.939282E-15
1545.  1.939724E-15
1546.  1.940083E-15
1547.  1.940359E-15
1548.  1.940551E-15
1549.  1.940659E-15
1550.  1.940683E-15
1551.  1.940622E-15
1552.  1.940476E-15
1553.  1.940246E-15
1554.  1.939930E-15
1555.  1.939530E-15
1556.  1.939044E-15
1557.  1.938473E-15
1558.  1.937816E-15
1559.  1.937074E-15
1560.  1.936246E-15
1561.  1.935333E-15
1562.  1.934334E-15
1563.  1.933249E-15
1564.  1.932079E-15
1565.  1.930823E-15
1566.  1.929482E-15
1567.  1.928055E-15
1568.  1.926543E-15
1569.  1.924945E-15
1570.  1.923262E-15
1571.  1.921493E-15
1572.  1.919641E-15
1573.  1.917702E-15
1574.  1.915679E-15
1575.  1.913572E-15
1576.  1.911380E-15
1577.  1.909104E-15
1578.  1.906744E-15
1579.  1.904300E-15
1580.  1.901772E-15
1581.  1.899161E-15
1582.  1.896467E-15
1583.  1.893690E-15
1584.  1.890831E-15
1585.  1.887889E-15
1586.  1.884865E-15
1587.  1.881759E-15
1588.  1.878572E-15
1589.  1.875303E-15
1590.  1.871954E-15
1591.  1.868524E-15
1592.  1.865014E-15
1593.  1.861424E-15
1594.  1.857755E-15
1595.  1.854006E-15
1596.  1.850180E-15
1597.  1.846274E-15
1598.  1.842291E-15
1599.  1.838230E-15
1600.  1.834092E-15
1601.  1.829877E-15
1602.  1.825586E-15
1603.  1.821220E-15
1604.  1.816777E-15
1605.  1.812260E-15
1606.  1.807668E-15
1607.  1.803003E-15
1608.  1.798263E-15
1609.  1.793451E-15
1610.  1.788566E-15
1611.  1.783610E-15
1612.  1.778581E-15
1613.  1.773481E-15
1614.  1.768311E-15
1615.  1.763071E-15
1616.  1.757761E-15
1617.  1.752383E-15
1618.  1.746936E-15
1619.  1.741421E-15
1620.  1.735839E-15
1621.  1.730191E-15
1622.  1.724477E-15
1623.  1.718697E-15
1624.  1.712852E-15
1625.  1.706942E-15
1626.  1.700970E-15
1627.  1.694934E-15
1628.  1.688836E-15
1629.  1.682676E-15
1630.  1.676455E-15
1631.  1.670174E-15
1632.  1.663833E-15
1633.  1.657433E-15
1634.  1.650975E-15
1635.  1.644459E-15
1636.  1.637887E-15
1637.  1.631258E-15
1638.  1.624573E-15
1639.  1.617834E-15
1640.  1.611041E-15
1641.  1.604195E-15
1642.  1.597297E-15
1643.  1.590346E-15
1644.  1.583345E-15
1645.  1.576294E-15
1646.  1.569194E-15
1647.  1.562045E-15
1648.  1.554848E-15
1649.  1.547605E-15
1650.  1.540316E-15
1651.  1.532982E-15
1652.  1.525604E-15
1653.  1.518183E-15
1654.  1.510719E-15
1655.  1.503213E-15
1656.  1.495667E-15
1657.  1.488082E-15
1658.  1.480458E-15
1659.  1.472796E-15
1660.  1.465097E-15
1661.  1.457362E-15
1662.  1.449592E-15
1663.  1.441789E-15
1664.  1.433953E-15
1665.  1.426084E-15
1666.  1.418185E-15
1667.  1.410256E-15
1668.  1.402298E-15
1669.  1.394312E-15
1670.  1.386300E-15
1671.  1.378261E-15
1672.  1.370198E-15
1673.  1.362112E-15
1674.  1.354003E-15
1675.  1.345872E-15
1676.  1.337722E-15
1677.  1.329552E-15
1678.  1.321363E-15
1679.  1.313158E-15
1680.  1.304937E-15
1681.  1.296702E-15
1682.  1.288452E-15
1683.  1.280190E-15
1684.  1.271917E-15
1685.  1.263634E-15
1686.  1.255341E-15
1687.  1.247041E-15
1688.  1.238734E-15
1689.  1.230422E-15
1690.  1.222105E-15
1691.  1.213785E-15
1692.  1.205462E-15
1693.  1.197139E-15
1694.  1.188817E-15
1695.  1.180496E-15
1696.  1.172177E-15
1697.  1.163863E-15
1698.  1.155553E-15
1699.  1.147250E-15
1700.  1.138954E-15
1701.  1.130667E-15
1702.  1.122389E-15
1703.  1.114123E-15
1704.  1.105869E-15
1705.  1.097628E-15
1706.  1.089401E-15
1707.  1.081190E-15
1708.  1.072996E-15
1709.  1.064820E-15
1710.  1.056663E-15
1711.  1.048527E-15
1712.  1.040411E-15
1713.  1.032318E-15
1714.  1.024249E-15
1715.  1.016205E-15
1716.  1.008187E-15
1717.  1.000196E-15
1718.  9.922326E-16
1719.  9.842987E-16
1720.  9.763952E-16
1721.  9.685231E-16
1722.  9.606832E-16
1723.  9.528771E-16
1724.  9.451054E-16
1725.  9.373694E-16
1726.  9.296698E-16
1727.  9.220081E-16
1728.  9.143850E-16
1729.  9.068013E-16
1730.  8.992585E-16
1731.  8.917569E-16
1732.  8.842981E-16
1733.  8.768825E-16
1734.  8.695114E-16
1735.  8.621856E-16
1736.  8.549060E-16
1737.  8.476733E-16
1738.  8.404886E-16
1739.  8.333526E-16
1740.  8.262663E-16
1741.  8.192305E-16
1742.  8.122458E-16
1743.  8.053132E-16
1744.  7.984333E-16
1745.  7.916070E-16
1746.  7.848350E-16
1747.  7.781182E-16
1748.  7.714570E-16
1749.  7.648522E-16
1750.  7.583045E-16
1751.  7.518147E-16
1752.  7.453833E-16
1753.  7.390108E-16
1754.  7.326982E-16
1755.  7.264457E-16
1756.  7.202540E-16
1757.  7.141238E-16
1758.  7.080555E-16
1759.  7.020497E-16
1760.  6.961068E-16
1761.  6.902276E-16
1762.  6.844121E-16
1763.  6.786611E-16
1764.  6.729749E-16
1765.  6.673541E-16
1766.  6.617988E-16
1767.  6.563098E-16
1768.  6.508872E-16
1769.  6.455315E-16
1770.  6.402430E-16
1771.  6.350219E-16
1772.  6.298687E-16
1773.  6.247837E-16
1774.  6.197669E-16
1775.  6.148190E-16
1776.  6.099400E-16
1777.  6.051301E-16
1778.  6.003898E-16
1779.  5.957190E-16
1780.  5.911180E-16
1781.  5.865872E-16
1782.  5.821264E-16
1783.  5.777360E-16
1784.  5.734161E-16
1785.  5.691669E-16
1786.  5.649882E-16
1787.  5.608805E-16
1788.  5.568438E-16
1789.  5.528780E-16
1790.  5.489834E-16
1791.  5.451600E-16
1792.  5.414077E-16
1793.  5.377267E-16
1794.  5.341171E-16
1795.  5.305786E-16
1796.  5.271115E-16
1797.  5.237156E-16
1798.  5.203911E-16
1799.  5.171379E-16
1800.  5.139560E-16
1801.  5.108451E-16
1802.  5.078055E-16
1803.  5.048370E-16
1804.  5.019397E-16
1805.  4.991132E-16
1806.  4.963577E-16
1807.  4.936730E-16
1808.  4.910590E-16
1809.  4.885158E-16
1810.  4.860432E-16
1811.  4.836409E-16
1812.  4.813089E-16
1813.  4.790472E-16
1814.  4.768557E-16
1815.  4.747339E-16
1816.  4.726823E-16
1817.  4.707002E-16
1818.  4.687877E-16
1819.  4.669448E-16
1820.  4.651710E-16
1821.  4.634664E-16
1822.  4.618308E-16
1823.  4.602641E-16
1824.  4.587660E-16
1825.  4.573364E-16
1826.  4.559753E-16
1827.  4.546823E-16
1828.  4.534573E-16
1829.  4.523002E-16
1830.  4.512107E-16
1831.  4.501888E-16
1832.  4.492342E-16
1833.  4.483467E-16
1834.  4.475264E-16
1835.  4.467727E-16
1836.  4.460857E-16
1837.  4.454651E-16
1838.  4.449108E-16
1839.  4.444227E-16
1840.  4.440003E-16
1841.  4.436436E-16
1842.  4.433526E-16
1843.  4.431268E-16
1844.  4.429662E-16
1845.  4.428706E-16
1846.  4.428397E-16
1847.  4.428734E-16
1848.  4.429714E-16
1849.  4.431337E-16
1850.  4.433600E-16
1851.  4.436500E-16
1852.  4.440037E-16
1853.  4.444207E-16
1854.  4.449010E-16
1855.  4.454443E-16
1856.  4.460503E-16
1857.  4.467189E-16
1858.  4.474500E-16
1859.  4.482432E-16
1860.  4.490983E-16
1861.  4.500153E-16
1862.  4.509937E-16
1863.  4.520334E-16
1864.  4.531343E-16
1865.  4.542960E-16
1866.  4.555184E-16
1867.  4.568011E-16
1868.  4.581440E-16
1869.  4.595469E-16
1870.  4.610094E-16
1871.  4.625314E-16
1872.  4.641125E-16
1873.  4.657526E-16
1874.  4.674513E-16
1875.  4.692084E-16
1876.  4.710236E-16
1877.  4.728967E-16
1878.  4.748274E-16
1879.  4.768153E-16
1880.  4.788602E-16
1881.  4.809616E-16
1882.  4.831194E-16
1883.  4.853334E-16
1884.  4.876029E-16
1885.  4.899279E-16
1886.  4.923078E-16
1887.  4.947425E-16
1888.  4.972314E-16
1889.  4.997743E-16
1890.  5.023708E-16
1891.  5.050203E-16
1892.  5.077228E-16
1893.  5.104775E-16
1894.  5.132843E-16
1895.  5.161425E-16
1896.  5.190519E-16
1897.  5.220120E-16
1898.  5.250220E-16
1899.  5.280820E-16
1900.  5.311911E-16
1901.  5.343489E-16
1902.  5.375551E-16
1903.  5.408089E-16
1904.  5.441099E-16
1905.  5.474576E-16
1906.  5.508514E-16
1907.  5.542907E-16
1908.  5.577750E-16
1909.  5.613036E-16
1910.  5.648761E-16
1911.  5.684916E-16
1912.  5.721496E-16
1913.  5.758495E-16
1914.  5.795908E-16
1915.  5.833724E-16
1916.  5.871940E-16
1917.  5.910547E-16
1918.  5.949540E-16
1919.  5.988910E-16
1920.  6.028651E-16
1921.  6.068754E-16
1922.  6.109212E-16
1923.  6.150017E-16
1924.  6.191162E-16
1925.  6.232640E-16
1926.  6.274440E-16
1927.  6.316555E-16
1928.  6.358978E-16
1929.  6.401699E-16
1930.  6.444711E-16
1931.  6.488003E-16
1932.  6.531567E-16
1933.  6.575396E-16
1934.  6.619479E-16
1935.  6.663808E-16
1936.  6.708372E-16
1937.  6.753164E-16
1938.  6.798173E-16
1939.  6.843389E-16
1940.  6.888805E-16
1941.  6.934407E-16
1942.  6.980190E-16
1943.  7.026142E-16
1944.  7.072252E-16
1945.  7.118510E-16
1946.  7.164909E-16
1947.  7.211435E-16
1948.  7.258081E-16
1949.  7.304834E-16
1950.  7.351685E-16
1951.  7.398623E-16
1952.  7.445640E-16
1953.  7.492722E-16
1954.  7.539861E-16
1955.  7.587047E-16
1956.  7.634265E-16
1957.  7.681509E-16
1958.  7.728767E-16
1959.  7.776029E-16
1960.  7.823285E-16
1961.  7.870521E-16
1962.  7.917730E-16
1963.  7.964901E-16
1964.  8.012023E-16
1965.  8.059084E-16
1966.  8.106076E-16
1967.  8.152985E-16
1968.  8.199806E-16
1969.  8.246523E-16
1970.  8.293130E-16
1971.  8.339616E-16
1972.  8.385967E-16
1973.  8.432178E-16
1974.  8.478236E-16
1975.  8.524131E-16
1976.  8.569856E-16
1977.  8.615397E-16
1978.  8.660747E-16
1979.  8.705895E-16
1980.  8.750832E-16
1981.  8.795549E-16
1982.  8.840036E-16
1983.  8.884283E-16
1984.  8.928285E-16
1985.  8.972028E-16
1986.  9.015505E-16
1987.  9.058706E-16
1988.  9.101625E-16
1989.  9.144252E-16
1990.  9.186578E-16
1991.  9.228598E-16
1992.  9.270300E-16
1993.  9.311676E-16
1994.  9.352721E-16
1995.  9.393426E-16
1996.  9.433785E-16
1997.  9.473786E-16
1998.  9.513426E-16
1999.  9.552698E-16
2000.  9.591594E-16
2001.  9.630106E-16
2002.  9.668229E-16
2003.  9.705957E-16
2004.  9.743282E-16
2005.  9.780198E-16
2006.  9.816702E-16
2007.  9.852785E-16
2008.  9.888443E-16
2009.  9.923669E-16
2010.  9.958457E-16
2011.  9.992807E-16
2012.  1.002671E-15
2013.  1.006016E-15
2014.  1.009315E-15
2015.  1.012569E-15
2016.  1.015776E-15
2017.  1.018936E-15
2018.  1.022049E-15
2019.  1.025114E-15
2020.  1.028130E-15
2021.  1.031099E-15
2022.  1.034018E-15
2023.  1.036889E-15
2024.  1.039710E-15
2025.  1.042482E-15
2026.  1.045203E-15
2027.  1.047874E-15
2028.  1.050494E-15
2029.  1.053064E-15
2030.  1.055583E-15
2031.  1.058050E-15
2032.  1.060466E-15
2033.  1.062830E-15
2034.  1.065142E-15
2035.  1.067402E-15
2036.  1.069610E-15
2037.  1.071766E-15
2038.  1.073869E-15
2039.  1.075919E-15
2040.  1.077917E-15
2041.  1.079862E-15
2042.  1.081754E-15
2043.  1.083592E-15
2044.  1.085378E-15
2045.  1.087110E-15
2046.  1.088789E-15
2047.  1.090415E-15
2048.  1.091987E-15
2049.  1.093506E-15
2050.  1.094972E-15
2051.  1.096384E-15
2052.  1.097742E-15
2053.  1.099047E-15
2054.  1.100298E-15
2055.  1.101496E-15
2056.  1.102641E-15
2057.  1.103732E-15
2058.  1.104770E-15
2059.  1.105754E-15
2060.  1.106685E-15
2061.  1.107562E-15
2062.  1.108387E-15
2063.  1.109158E-15
2064.  1.109877E-15
2065.  1.110542E-15
2066.  1.111154E-15
2067.  1.111714E-15
2068.  1.112221E-15
2069.  1.112675E-15
2070.  1.113077E-15
2071.  1.113427E-15
2072.  1.113724E-15
2073.  1.113969E-15
2074.  1.114163E-15
2075.  1.114305E-15
2076.  1.114395E-15
2077.  1.114434E-15
2078.  1.114421E-15
2079.  1.114358E-15
2080.  1.114244E-15
2081.  1.114079E-15
2082.  1.113864E-15
2083.  1.113599E-15
2084.  1.113284E-15
2085.  1.112919E-15
2086.  1.112505E-15
2087.  1.112042E-15
2088.  1.111530E-15
2089.  1.110970E-15
2090.  1.110361E-15
2091.  1.109705E-15
2092.  1.109001E-15
2093.  1.108250E-15
2094.  1.107452E-15
2095.  1.106608E-15
2096.  1.105718E-15
2097.  1.104782E-15
2098.  1.103801E-15
2099.  1.102776E-15
2100.  1.101706E-15
2101.  1.100593E-15
2102.  1.099436E-15
2103.  1.098236E-15
2104.  1.096994E-15
2105.  1.095710E-15
2106.  1.094386E-15
2107.  1.093020E-15
2108.  1.091614E-15
2109.  1.090170E-15
2110.  1.088686E-15
2111.  1.087164E-15
2112.  1.085605E-15
2113.  1.084009E-15
2114.  1.082377E-15
2115.  1.080710E-15
2116.  1.079008E-15
2117.  1.077272E-15
2118.  1.075503E-15
2119.  1.073702E-15
2120.  1.071869E-15
2121.  1.070006E-15
2122.  1.068113E-15
2123.  1.066192E-15
2124.  1.064242E-15
2125.  1.062265E-15
2126.  1.060262E-15
2127.  1.058234E-15
2128.  1.056182E-15
2129.  1.054107E-15
2130.  1.052009E-15
2131.  1.049891E-15
2132.  1.047752E-15
2133.  1.045595E-15
2134.  1.043419E-15
2135.  1.041227E-15
2136.  1.039019E-15
2137.  1.036796E-15
2138.  1.034561E-15
2139.  1.032312E-15
2140.  1.030053E-15
2141.  1.027784E-15
2142.  1.025507E-15
2143.  1.023222E-15
2144.  1.020931E-15
2145.  1.018635E-15
2146.  1.016336E-15
2147.  1.014034E-15
2148.  1.011731E-15
2149.  1.009429E-15
2150.  1.007128E-15
2151.  1.004830E-15
2152.  1.002536E-15
2153.  1.000248E-15
2154.  9.979670E-16
2155.  9.956941E-16
2156.  9.934308E-16
2157.  9.911785E-16
2158.  9.889384E-16
2159.  9.867121E-16
2160.  9.845006E-16
2161.  9.823058E-16
2162.  9.801287E-16
2163.  9.779708E-16
2164.  9.758334E-16
2165.  9.737176E-16
2166.  9.716254E-16
2167.  9.695575E-16
2168.  9.675155E-16
2169.  9.655007E-16
2170.  9.635146E-16
2171.  9.615584E-16
2172.  9.596331E-16
2173.  9.577404E-16
2174.  9.558816E-16
2175.  9.540574E-16
2176.  9.522698E-16
2177.  9.505196E-16
2178.  9.488082E-16
2179.  9.471366E-16
2180.  9.455062E-16
2181.  9.439181E-16
2182.  9.423735E-16
2183.  9.408734E-16
2184.  9.394190E-16
2185.  9.380115E-16
2186.  9.366518E-16
2187.  9.353410E-16
2188.  9.340802E-16
2189.  9.328700E-16
2190.  9.317119E-16
2191.  9.306065E-16
2192.  9.295549E-16
2193.  9.285580E-16
2194.  9.276163E-16
2195.  9.267311E-16
2196.  9.259027E-16
2197.  9.251323E-16
2198.  9.244206E-16
2199.  9.237680E-16
2200.  9.231753E-16
2201.  9.226431E-16
2202.  9.221724E-16
2203.  9.217631E-16
2204.  9.214161E-16
2205.  9.211318E-16
2206.  9.209109E-16
2207.  9.207535E-16
2208.  9.206601E-16
2209.  9.206312E-16
2210.  9.206668E-16
2211.  9.207676E-16
2212.  9.209334E-16
2213.  9.211648E-16
2214.  9.214617E-16
2215.  9.218244E-16
2216.  9.222529E-16
2217.  9.227471E-16
2218.  9.233074E-16
2219.  9.239334E-16
2220.  9.246254E-16
2221.  9.253832E-16
2222.  9.262066E-16
2223.  9.270953E-16
2224.  9.280493E-16
2225.  9.290683E-16
2226.  9.301521E-16
2227.  9.313004E-16
2228.  9.325129E-16
2229.  9.337890E-16
2230.  9.351285E-16
2231.  9.365311E-16
2232.  9.379958E-16
2233.  9.395226E-16
2234.  9.411108E-16
2235.  9.427596E-16
2236.  9.444688E-16
2237.  9.462377E-16
2238.  9.480652E-16
2239.  9.499513E-16
2240.  9.518949E-16
2241.  9.538952E-16
2242.  9.559514E-16
2243.  9.580629E-16
2244.  9.602287E-16
2245.  9.624484E-16
2246.  9.647206E-16
2247.  9.670444E-16
2248.  9.694193E-16
2249.  9.718440E-16
2250.  9.743178E-16
2251.  9.768395E-16
2252.  9.794084E-16
2253.  9.820231E-16
2254.  9.846828E-16
2255.  9.873865E-16
2256.  9.901330E-16
2257.  9.929211E-16
2258.  9.957501E-16
2259.  9.986188E-16
2260.  1.001526E-15
2261.  1.004470E-15
2262.  1.007451E-15
2263.  1.010466E-15
2264.  1.013516E-15
2265.  1.016598E-15
2266.  1.019712E-15
2267.  1.022856E-15
2268.  1.026029E-15
2269.  1.029231E-15
2270.  1.032459E-15
2271.  1.035713E-15
2272.  1.038992E-15
2273.  1.042294E-15
2274.  1.045617E-15
2275.  1.048962E-15
2276.  1.052326E-15
2277.  1.055709E-15
2278.  1.059110E-15
2279.  1.062527E-15
2280.  1.065958E-15
2281.  1.069404E-15
2282.  1.072862E-15
2283.  1.076331E-15
2284.  1.079811E-15
2285.  1.083301E-15
2286.  1.086798E-15
2287.  1.090302E-15
2288.  1.093813E-15
2289.  1.097328E-15
2290.  1.100847E-15
2291.  1.104368E-15
2292.  1.107891E-15
2293.  1.111414E-15
2294.  1.114937E-15
2295.  1.118459E-15
2296.  1.121978E-15
2297.  1.125493E-15
2298.  1.129003E-15
2299.  1.132508E-15
2300.  1.136007E-15
2301.  1.139498E-15
2302.  1.142981E-15
2303.  1.146454E-15
2304.  1.149918E-15
2305.  1.153370E-15
2306.  1.156810E-15
2307.  1.160238E-15
2308.  1.163652E-15
2309.  1.167051E-15
2310.  1.170436E-15
2311.  1.173804E-15
2312.  1.177156E-15
2313.  1.180490E-15
2314.  1.183805E-15
2315.  1.187102E-15
2316.  1.190379E-15
2317.  1.193636E-15
2318.  1.196872E-15
2319.  1.200086E-15
2320.  1.203278E-15
2321.  1.206447E-15
2322.  1.209592E-15
2323.  1.212713E-15
2324.  1.215809E-15
2325.  1.218881E-15
2326.  1.221926E-15
2327.  1.224945E-15
2328.  1.227936E-15
2329.  1.230901E-15
2330.  1.233837E-15
2331.  1.236746E-15
2332.  1.239625E-15
2333.  1.242475E-15
2334.  1.245295E-15
2335.  1.248085E-15
2336.  1.250844E-15
2337.  1.253573E-15
2338.  1.256269E-15
2339.  1.258934E-15
2340.  1.261567E-15
2341.  1.264167E-15
2342.  1.266734E-15
2343.  1.269268E-15
2344.  1.271768E-15
2345.  1.274234E-15
2346.  1.276665E-15
2347.  1.279063E-15
2348.  1.281424E-15
2349.  1.283751E-15
2350.  1.286042E-15
2351.  1.288297E-15
2352.  1.290515E-15
2353.  1.292697E-15
2354.  1.294843E-15
2355.  1.296951E-15
2356.  1.299021E-15
2357.  1.301054E-15
2358.  1.303049E-15
2359.  1.305006E-15
2360.  1.306924E-15
2361.  1.308804E-15
2362.  1.310644E-15
2363.  1.312445E-15
2364.  1.314206E-15
2365.  1.315927E-15
2366.  1.317608E-15
2367.  1.319249E-15
2368.  1.320849E-15
2369.  1.322408E-15
2370.  1.323926E-15
2371.  1.325403E-15
2372.  1.326837E-15
2373.  1.328230E-15
2374.  1.329580E-15
2375.  1.330887E-15
2376.  1.332152E-15
2377.  1.333374E-15
2378.  1.334552E-15
2379.  1.335687E-15
2380.  1.336778E-15
2381.  1.337824E-15
2382.  1.338826E-15
2383.  1.339783E-15
2384.  1.340695E-15
2385.  1.341562E-15
2386.  1.342383E-15
2387.  1.343158E-15
2388.  1.343887E-15
2389.  1.344569E-15
2390.  1.345205E-15
2391.  1.345793E-15
2392.  1.346335E-15
2393.  1.346828E-15
2394.  1.347273E-15
2395.  1.347671E-15
2396.  1.348019E-15
2397.  1.348320E-15
2398.  1.348570E-15
2399.  1.348772E-15
2400.  1.348924E-15
2401.  1.349026E-15
2402.  1.349077E-15
2403.  1.349078E-15
2404.  1.349029E-15
2405.  1.348928E-15
2406.  1.348776E-15
2407.  1.348572E-15
2408.  1.348316E-15
2409.  1.348009E-15
2410.  1.347648E-15
2411.  1.347236E-15
2412.  1.346770E-15
2413.  1.346251E-15
2414.  1.345679E-15
2415.  1.345053E-15
2416.  1.344374E-15
2417.  1.343640E-15
2418.  1.342852E-15
2419.  1.342010E-15
2420.  1.341113E-15
2421.  1.340161E-15
2422.  1.339154E-15
2423.  1.338092E-15
2424.  1.336975E-15
2425.  1.335802E-15
2426.  1.334574E-15
2427.  1.333290E-15
2428.  1.331949E-15
2429.  1.330554E-15
2430.  1.329102E-15
2431.  1.327593E-15
2432.  1.326029E-15
2433.  1.324408E-15
2434.  1.322732E-15
2435.  1.320998E-15
2436.  1.319208E-15
2437.  1.317363E-15
2438.  1.315460E-15
2439.  1.313502E-15
2440.  1.311487E-15
2441.  1.309416E-15
2442.  1.307288E-15
2443.  1.305105E-15
2444.  1.302865E-15
2445.  1.300570E-15
2446.  1.298219E-15
2447.  1.295812E-15
2448.  1.293351E-15
2449.  1.290833E-15
2450.  1.288261E-15
2451.  1.285634E-15
2452.  1.282952E-15
2453.  1.280216E-15
2454.  1.277426E-15
2455.  1.274582E-15
2456.  1.271684E-15
2457.  1.268734E-15
2458.  1.265730E-15
2459.  1.262674E-15
2460.  1.259566E-15
2461.  1.256406E-15
2462.  1.253194E-15
2463.  1.249932E-15
2464.  1.246619E-15
2465.  1.243256E-15
2466.  1.239843E-15
2467.  1.236381E-15
2468.  1.232870E-15
2469.  1.229312E-15
2470.  1.225706E-15
2471.  1.222052E-15
2472.  1.218352E-15
2473.  1.214607E-15
2474.  1.210815E-15
2475.  1.206980E-15
2476.  1.203100E-15
2477.  1.199176E-15
2478.  1.195210E-15
2479.  1.191202E-15
2480.  1.187152E-15
2481.  1.183061E-15
2482.  1.178930E-15
2483.  1.174760E-15
2484.  1.170551E-15
2485.  1.166304E-15
2486.  1.162020E-15
2487.  1.157700E-15
2488.  1.153343E-15
2489.  1.148953E-15
2490.  1.144527E-15
2491.  1.140069E-15
2492.  1.135578E-15
2493.  1.131056E-15
2494.  1.126503E-15
2495.  1.121920E-15
2496.  1.117307E-15
2497.  1.112667E-15
2498.  1.107999E-15
2499.  1.103304E-15
2500.  1.098584E-15
2501.  1.093839E-15
2502.  1.089070E-15
2503.  1.084278E-15
2504.  1.079464E-15
2505.  1.074628E-15
2506.  1.069772E-15
2507.  1.064897E-15
2508.  1.060003E-15
2509.  1.055091E-15
2510.  1.050163E-15
2511.  1.045219E-15
2512.  1.040259E-15
2513.  1.035286E-15
2514.  1.030300E-15
2515.  1.025301E-15
2516.  1.020291E-15
2517.  1.015270E-15
2518.  1.010241E-15
2519.  1.005202E-15
2520.  1.000155E-15
2521.  9.951017E-16
2522.  9.900422E-16
2523.  9.849776E-16
2524.  9.799087E-16
2525.  9.748366E-16
2526.  9.697619E-16
2527.  9.646854E-16
2528.  9.596082E-16
2529.  9.545313E-16
2530.  9.494549E-16
2531.  9.443801E-16
2532.  9.393083E-16
2533.  9.342394E-16
2534.  9.291748E-16
2535.  9.241153E-16
2536.  9.190612E-16
2537.  9.140140E-16
2538.  9.089738E-16
2539.  9.039417E-16
2540.  8.989184E-16
2541.  8.939046E-16
2542.  8.889012E-16
2543.  8.839086E-16
2544.  8.789279E-16
2545.  8.739593E-16
2546.  8.690040E-16
2547.  8.640621E-16
2548.  8.591348E-16
2549.  8.542225E-16
2550.  8.493259E-16
2551.  8.444456E-16
2552.  8.395820E-16
2553.  8.347360E-16
2554.  8.299081E-16
2555.  8.250988E-16
2556.  8.203087E-16
2557.  8.155382E-16
2558.  8.107879E-16
2559.  8.060586E-16
2560.  8.013503E-16
2561.  7.966639E-16
2562.  7.919997E-16
2563.  7.873580E-16
2564.  7.827395E-16
2565.  7.781443E-16
2566.  7.735733E-16
2567.  7.690263E-16
2568.  7.645042E-16
2569.  7.600071E-16
2570.  7.555353E-16
2571.  7.510892E-16
2572.  7.466693E-16
2573.  7.422756E-16
2574.  7.379086E-16
2575.  7.335684E-16
2576.  7.292553E-16
2577.  7.249698E-16
2578.  7.207118E-16
2579.  7.164816E-16
2580.  7.122793E-16
2581.  7.081053E-16
2582.  7.039596E-16
2583.  6.998423E-16
2584.  6.957539E-16
2585.  6.916939E-16
2586.  6.876630E-16
2587.  6.836608E-16
2588.  6.796877E-16
2589.  6.757436E-16
2590.  6.718286E-16
2591.  6.679428E-16
2592.  6.640858E-16
2593.  6.602583E-16
2594.  6.564596E-16
2595.  6.526901E-16
2596.  6.489496E-16
2597.  6.452380E-16
2598.  6.415554E-16
2599.  6.379014E-16
2600.  6.342761E-16
2601.  6.306794E-16
2602.  6.271111E-16
2603.  6.235709E-16
2604.  6.200588E-16
2605.  6.165749E-16
2606.  6.131188E-16
2607.  6.096900E-16
2608.  6.062886E-16
2609.  6.029143E-16
2610.  5.995669E-16
2611.  5.962461E-16
2612.  5.929517E-16
2613.  5.896833E-16
2614.  5.864409E-16
2615.  5.832238E-16
2616.  5.800322E-16
2617.  5.768652E-16
2618.  5.737229E-16
2619.  5.706048E-16
2620.  5.675106E-16
2621.  5.644400E-16
2622.  5.613924E-16
2623.  5.583677E-16
2624.  5.553654E-16
2625.  5.523852E-16
2626.  5.494266E-16
2627.  5.464891E-16
2628.  5.435725E-16
2629.  5.406762E-16
2630.  5.378000E-16
2631.  5.349432E-16
2632.  5.321055E-16
2633.  5.292864E-16
2634.  5.264855E-16
2635.  5.237025E-16
2636.  5.209367E-16
2637.  5.181878E-16
2638.  5.154550E-16
2639.  5.127382E-16
2640.  5.100365E-16
2641.  5.073502E-16
2642.  5.046782E-16
2643.  5.020200E-16
2644.  4.993753E-16
2645.  4.967436E-16
2646.  4.941246E-16
2647.  4.915175E-16
2648.  4.889220E-16
2649.  4.863375E-16
2650.  4.837637E-16
2651.  4.811999E-16
2652.  4.786458E-16
2653.  4.761008E-16
2654.  4.735645E-16
2655.  4.710365E-16
2656.  4.685162E-16
2657.  4.660030E-16
2658.  4.634970E-16
2659.  4.609972E-16
2660.  4.585033E-16
2661.  4.560150E-16
2662.  4.535316E-16
2663.  4.510530E-16
2664.  4.485786E-16
2665.  4.461079E-16
2666.  4.436408E-16
2667.  4.411765E-16
2668.  4.387149E-16
2669.  4.362556E-16
2670.  4.337981E-16
2671.  4.313422E-16
2672.  4.288873E-16
2673.  4.264333E-16
2674.  4.239799E-16
2675.  4.215264E-16
2676.  4.190731E-16
2677.  4.166192E-16
2678.  4.141646E-16
2679.  4.117091E-16
2680.  4.092522E-16
2681.  4.067938E-16
2682.  4.043339E-16
2683.  4.018720E-16
2684.  3.994078E-16
2685.  3.969413E-16
2686.  3.944723E-16
2687.  3.920007E-16
2688.  3.895260E-16
2689.  3.870487E-16
2690.  3.845681E-16
2691.  3.820843E-16
2692.  3.795972E-16
2693.  3.771067E-16
2694.  3.746126E-16
2695.  3.721152E-16
2696.  3.696142E-16
2697.  3.671096E-16
2698.  3.646014E-16
2699.  3.620898E-16
2700.  3.595745E-16
2701.  3.570558E-16
2702.  3.545336E-16
2703.  3.520079E-16
2704.  3.494790E-16
2705.  3.469469E-16
2706.  3.444117E-16
2707.  3.418736E-16
2708.  3.393325E-16
2709.  3.367887E-16
2710.  3.342424E-16
2711.  3.316938E-16
2712.  3.291430E-16
2713.  3.265902E-16
2714.  3.240357E-16
2715.  3.214796E-16
2716.  3.189223E-16
2717.  3.163639E-16
2718.  3.138048E-16
2719.  3.112451E-16
2720.  3.086853E-16
2721.  3.061255E-16
2722.  3.035660E-16
2723.  3.010073E-16
2724.  2.984497E-16
2725.  2.958933E-16
2726.  2.933386E-16
2727.  2.907860E-16
2728.  2.882358E-16
2729.  2.856883E-16
2730.  2.831438E-16
2731.  2.806030E-16
2732.  2.780660E-16
2733.  2.755331E-16
2734.  2.730051E-16
2735.  2.704821E-16
2736.  2.679644E-16
2737.  2.654526E-16
2738.  2.629472E-16
2739.  2.604483E-16
2740.  2.579565E-16
2741.  2.554722E-16
2742.  2.529958E-16
2743.  2.505278E-16
2744.  2.480684E-16
2745.  2.456182E-16
2746.  2.431774E-16
2747.  2.407468E-16
2748.  2.383265E-16
2749.  2.359169E-16
2750.  2.335185E-16
2751.  2.311316E-16
2752.  2.287568E-16
2753.  2.263943E-16
2754.  2.240446E-16
2755.  2.217081E-16
2756.  2.193851E-16
2757.  2.170759E-16
2758.  2.147810E-16
2759.  2.125007E-16
2760.  2.102354E-16
2761.  2.079854E-16
2762.  2.057510E-16
2763.  2.035326E-16
2764.  2.013307E-16
2765.  1.991452E-16
2766.  1.969765E-16
2767.  1.948252E-16
2768.  1.926912E-16
2769.  1.905752E-16
2770.  1.884771E-16
2771.  1.863972E-16
2772.  1.843359E-16
2773.  1.822932E-16
2774.  1.802697E-16
2775.  1.782653E-16
2776.  1.762802E-16
2777.  1.743146E-16
2778.  1.723688E-16
2779.  1.704428E-16
2780.  1.685369E-16
2781.  1.666512E-16
2782.  1.647857E-16
2783.  1.629404E-16
2784.  1.611159E-16
2785.  1.593120E-16
2786.  1.575286E-16
2787.  1.557659E-16
2788.  1.540240E-16
2789.  1.523029E-16
2790.  1.506026E-16
2791.  1.489232E-16
2792.  1.472645E-16
2793.  1.456267E-16
2794.  1.440097E-16
2795.  1.424133E-16
2796.  1.408377E-16
2797.  1.392828E-16
2798.  1.377483E-16
2799.  1.362345E-16
2800.  1.347410E-16
2801.  1.332677E-16
2802.  1.318147E-16
2803.  1.303815E-16
2804.  1.289683E-16
2805.  1.275749E-16
2806.  1.262011E-16
2807.  1.248466E-16
2808.  1.235114E-16
2809.  1.221953E-16
2810.  1.208979E-16
2811.  1.196192E-16
2812.  1.183590E-16
2813.  1.171171E-16
2814.  1.158930E-16
2815.  1.146867E-16
2816.  1.134978E-16
2817.  1.123264E-16
2818.  1.111719E-16
2819.  1.100342E-16
2820.  1.089129E-16
2821.  1.078078E-16
2822.  1.067185E-16
2823.  1.056451E-16
2824.  1.045870E-16
2825.  1.035439E-16
2826.  1.025156E-16
2827.  1.015018E-16
2828.  1.005022E-16
2829.  9.951646E-17
2830.  9.854432E-17
2831.  9.758547E-17
2832.  9.663956E-17
2833.  9.570641E-17
2834.  9.478567E-17
2835.  9.387683E-17
2836.  9.297983E-17
2837.  9.209415E-17
2838.  9.121980E-17
2839.  9.035614E-17
2840.  8.950309E-17
2841.  8.866026E-17
2842.  8.782738E-17
2843.  8.700403E-17
2844.  8.619015E-17
2845.  8.538526E-17
2846.  8.458913E-17
2847.  8.380145E-17
2848.  8.302201E-17
2849.  8.225054E-17
2850.  8.148663E-17
2851.  8.073018E-17
2852.  7.998083E-17
2853.  7.923833E-17
2854.  7.850240E-17
2855.  7.777291E-17
2856.  7.704949E-17
2857.  7.633194E-17
2858.  7.562007E-17
2859.  7.491362E-17
2860.  7.421234E-17
2861.  7.351613E-17
2862.  7.282470E-17
2863.  7.213792E-17
2864.  7.145542E-17
2865.  7.077720E-17
2866.  7.010300E-17
2867.  6.943269E-17
2868.  6.876607E-17
2869.  6.810300E-17
2870.  6.744339E-17
2871.  6.678696E-17
2872.  6.613367E-17
2873.  6.548344E-17
2874.  6.483591E-17
2875.  6.419135E-17
2876.  6.354930E-17
2877.  6.290994E-17
2878.  6.227287E-17
2879.  6.163826E-17
2880.  6.100592E-17
2881.  6.037587E-17
2882.  5.974804E-17
2883.  5.912226E-17
2884.  5.849852E-17
2885.  5.787683E-17
2886.  5.725712E-17
2887.  5.663938E-17
2888.  5.602354E-17
2889.  5.540965E-17
2890.  5.479766E-17
2891.  5.418759E-17
2892.  5.357942E-17
2893.  5.297319E-17
2894.  5.236887E-17
2895.  5.176644E-17
2896.  5.116597E-17
2897.  5.056768E-17
2898.  4.997132E-17
2899.  4.937704E-17
2900.  4.878486E-17
2901.  4.819479E-17
2902.  4.760711E-17
2903.  4.702168E-17
2904.  4.643862E-17
2905.  4.585791E-17
2906.  4.527974E-17
2907.  4.470409E-17
2908.  4.413107E-17
2909.  4.356092E-17
2910.  4.299340E-17
2911.  4.242875E-17
2912.  4.186730E-17
2913.  4.130872E-17
2914.  4.075357E-17
2915.  4.020144E-17
2916.  3.965283E-17
2917.  3.910754E-17
2918.  3.856590E-17
2919.  3.802799E-17
2920.  3.749375E-17
2921.  3.696345E-17
2922.  3.643709E-17
2923.  3.591492E-17
2924.  3.539690E-17
2925.  3.488321E-17
2926.  3.437391E-17
2927.  3.386916E-17
2928.  3.336907E-17
2929.  3.287375E-17
2930.  3.238322E-17
2931.  3.189769E-17
2932.  3.141729E-17
2933.  3.094204E-17
2934.  3.047207E-17
2935.  3.000747E-17
2936.  2.954833E-17
2937.  2.909485E-17
2938.  2.864712E-17
2939.  2.820505E-17
2940.  2.776890E-17
2941.  2.733880E-17
2942.  2.691480E-17
2943.  2.649692E-17
2944.  2.608529E-17
2945.  2.568006E-17
2946.  2.528134E-17
2947.  2.488905E-17
2948.  2.450334E-17
2949.  2.412431E-17
2950.  2.375205E-17
2951.  2.338672E-17
2952.  2.302826E-17
2953.  2.267680E-17
2954.  2.233234E-17
2955.  2.199499E-17
2956.  2.166479E-17
2957.  2.134178E-17
2958.  2.102615E-17
2959.  2.071786E-17
2960.  2.041684E-17
2961.  2.012343E-17
2962.  1.983740E-17
2963.  1.955891E-17
2964.  1.928803E-17
2965.  1.902458E-17
2966.  1.876894E-17
2967.  1.852100E-17
2968.  1.828061E-17
2969.  1.804801E-17
2970.  1.782315E-17
2971.  1.760598E-17
2972.  1.739672E-17
2973.  1.719522E-17
2974.  1.700148E-17
2975.  1.681557E-17
2976.  1.663740E-17
2977.  1.646731E-17
2978.  1.630481E-17
2979.  1.615025E-17
2980.  1.600350E-17
2981.  1.586459E-17
2982.  1.573348E-17
2983.  1.561021E-17
2984.  1.549464E-17
2985.  1.538693E-17
2986.  1.528694E-17
2987.  1.519478E-17
2988.  1.511025E-17
2989.  1.503346E-17
2990.  1.496444E-17
2991.  1.490301E-17
2992.  1.484917E-17
2993.  1.480299E-17
2994.  1.476439E-17
2995.  1.473330E-17
2996.  1.470970E-17
2997.  1.469347E-17
2998.  1.468480E-17
2999.  1.468355E-17
3000.  1.468963E-17
3001.  1.470292E-17
3002.  1.472360E-17
3003.  1.475138E-17
3004.  1.478649E-17
3005.  1.482860E-17
3006.  1.487790E-17
3007.  1.493408E-17
3008.  1.499740E-17
3009.  1.506764E-17
3010.  1.514477E-17
3011.  1.522871E-17
3012.  1.531949E-17
3013.  1.541693E-17
3014.  1.552110E-17
3015.  1.563191E-17
3016.  1.574918E-17
3017.  1.587312E-17
3018.  1.600346E-17
3019.  1.614019E-17
3020.  1.628335E-17
3021.  1.643266E-17
3022.  1.658829E-17
3023.  1.675010E-17
3024.  1.691797E-17
3025.  1.709185E-17
3026.  1.727187E-17
3027.  1.745776E-17
3028.  1.764952E-17
3029.  1.784705E-17
3030.  1.805045E-17
3031.  1.825953E-17
3032.  1.847416E-17
3033.  1.869438E-17
3034.  1.892010E-17
3035.  1.915129E-17
3036.  1.938791E-17
3037.  1.962988E-17
3038.  1.987695E-17
3039.  2.012930E-17
3040.  2.038687E-17
3041.  2.064950E-17
3042.  2.091714E-17
3043.  2.118965E-17
3044.  2.146715E-17
3045.  2.174931E-17
3046.  2.203630E-17
3047.  2.232807E-17
3048.  2.262434E-17
3049.  2.292529E-17
3050.  2.323066E-17
3051.  2.354050E-17
3052.  2.385461E-17
3053.  2.417313E-17
3054.  2.449580E-17
3055.  2.482275E-17
3056.  2.515375E-17
3057.  2.548874E-17
3058.  2.582777E-17
3059.  2.617063E-17
3060.  2.651734E-17
3061.  2.686785E-17
3062.  2.722203E-17
3063.  2.757987E-17
3064.  2.794120E-17
3065.  2.830613E-17
3066.  2.867439E-17
3067.  2.904603E-17
3068.  2.942094E-17
3069.  2.979913E-17
3070.  3.018035E-17
3071.  3.056466E-17
3072.  3.095193E-17
3073.  3.134229E-17
3074.  3.173539E-17
3075.  3.213128E-17
3076.  3.252985E-17
3077.  3.293094E-17
3078.  3.333478E-17
3079.  3.374106E-17
3080.  3.414971E-17
3081.  3.456071E-17
3082.  3.497405E-17
3083.  3.538944E-17
3084.  3.580703E-17
3085.  3.622662E-17
3086.  3.664825E-17
3087.  3.707173E-17
3088.  3.749696E-17
3089.  3.792407E-17
3090.  3.835276E-17
3091.  3.878301E-17
3092.  3.921485E-17
3093.  3.964802E-17
3094.  4.008276E-17
3095.  4.051857E-17
3096.  4.095575E-17
3097.  4.139400E-17
3098.  4.183339E-17
3099.  4.227369E-17
3100.  4.271497E-17
3101.  4.315714E-17
3102.  4.360007E-17
3103.  4.404370E-17
3104.  4.448799E-17
3105.  4.493288E-17
3106.  4.537820E-17
3107.  4.582415E-17
3108.  4.627026E-17
3109.  4.671681E-17
3110.  4.716357E-17
3111.  4.761050E-17
3112.  4.805754E-17
3113.  4.850473E-17
3114.  4.895189E-17
3115.  4.939899E-17
3116.  4.984588E-17
3117.  5.029272E-17
3118.  5.073941E-17
3119.  5.118575E-17
3120.  5.163187E-17
3121.  5.207753E-17
3122.  5.252281E-17
3123.  5.296770E-17
3124.  5.341202E-17
3125.  5.385591E-17
3126.  5.429923E-17
3127.  5.474194E-17
3128.  5.518399E-17
3129.  5.562547E-17
3130.  5.606630E-17
3131.  5.650637E-17
3132.  5.694568E-17
3133.  5.738452E-17
3134.  5.782239E-17
3135.  5.825953E-17
3136.  5.869590E-17
3137.  5.913160E-17
3138.  5.956659E-17
3139.  6.000064E-17
3140.  6.043399E-17
3141.  6.086663E-17
3142.  6.129862E-17
3143.  6.172972E-17
3144.  6.216017E-17
3145.  6.259014E-17
3146.  6.301930E-17
3147.  6.344794E-17
3148.  6.387595E-17
3149.  6.430342E-17
3150.  6.473029E-17
3151.  6.515688E-17
3152.  6.558300E-17
3153.  6.600883E-17
3154.  6.643428E-17
3155.  6.685957E-17
3156.  6.728474E-17
3157.  6.770967E-17
3158.  6.813483E-17
3159.  6.855991E-17
3160.  6.898508E-17
3161.  6.941053E-17
3162.  6.983632E-17
3163.  7.026252E-17
3164.  7.068928E-17
3165.  7.111662E-17
3166.  7.154475E-17
3167.  7.197362E-17
3168.  7.240350E-17
3169.  7.283439E-17
3170.  7.326652E-17
3171.  7.369999E-17
3172.  7.413482E-17
3173.  7.457123E-17
3174.  7.500937E-17
3175.  7.544938E-17
3176.  7.589132E-17
3177.  7.633546E-17
3178.  7.678182E-17
3179.  7.723064E-17
3180.  7.768207E-17
3181.  7.813614E-17
3182.  7.859316E-17
3183.  7.905333E-17
3184.  7.951662E-17
3185.  7.998333E-17
3186.  8.045365E-17
3187.  8.092767E-17
3188.  8.140565E-17
3189.  8.188773E-17
3190.  8.237405E-17
3191.  8.286482E-17
3192.  8.336018E-17
3193.  8.386040E-17
3194.  8.436565E-17
3195.  8.487597E-17
3196.  8.539182E-17
3197.  8.591317E-17
3198.  8.644032E-17
3199.  8.697331E-17
3200.  8.751242E-17
3201.  8.805797E-17
3202.  8.860994E-17
3203.  8.916863E-17
3204.  8.973421E-17
3205.  9.030684E-17
3206.  9.088679E-17
3207.  9.147418E-17
3208.  9.206926E-17
3209.  9.267215E-17
3210.  9.328302E-17
3211.  9.390218E-17
3212.  9.452964E-17
3213.  9.516564E-17
3214.  9.581056E-17
3215.  9.646428E-17
3216.  9.712713E-17
3217.  9.779929E-17
3218.  9.848093E-17
3219.  9.917211E-17
3220.  9.987317E-17
3221.  1.005842E-16
3222.  1.013052E-16
3223.  1.020366E-16
3224.  1.027784E-16
3225.  1.035308E-16
3226.  1.042939E-16
3227.  1.050679E-16
3228.  1.058529E-16
3229.  1.066491E-16
3230.  1.074566E-16
3231.  1.082755E-16
3232.  1.091060E-16
3233.  1.099481E-16
3234.  1.108019E-16
3235.  1.116677E-16
3236.  1.125456E-16
3237.  1.134355E-16
3238.  1.143377E-16
3239.  1.152522E-16
3240.  1.161790E-16
3241.  1.171184E-16
3242.  1.180702E-16
3243.  1.190348E-16
3244.  1.200120E-16
3245.  1.210020E-16
3246.  1.220049E-16
3247.  1.230206E-16
3248.  1.240494E-16
3249.  1.250910E-16
3250.  1.261456E-16
3251.  1.272134E-16
3252.  1.282941E-16
3253.  1.293880E-16
3254.  1.304949E-16
3255.  1.316151E-16
3256.  1.327483E-16
3257.  1.338946E-16
3258.  1.350541E-16
3259.  1.362267E-16
3260.  1.374123E-16
3261.  1.386111E-16
3262.  1.398229E-16
3263.  1.410475E-16
3264.  1.422853E-16
3265.  1.435359E-16
3266.  1.447995E-16
3267.  1.460758E-16
3268.  1.473648E-16
3269.  1.486666E-16
3270.  1.499810E-16
3271.  1.513079E-16
3272.  1.526473E-16
3273.  1.539990E-16
3274.  1.553630E-16
3275.  1.567392E-16
3276.  1.581275E-16
3277.  1.595277E-16
3278.  1.609397E-16
3279.  1.623636E-16
3280.  1.637989E-16
3281.  1.652459E-16
3282.  1.667041E-16
3283.  1.681735E-16
3284.  1.696540E-16
3285.  1.711454E-16
3286.  1.726477E-16
3287.  1.741605E-16
3288.  1.756838E-16
3289.  1.772173E-16
3290.  1.787610E-16
3291.  1.803146E-16
3292.  1.818781E-16
3293.  1.834511E-16
3294.  1.850336E-16
3295.  1.866252E-16
3296.  1.882259E-16
3297.  1.898354E-16
3298.  1.914536E-16
3299.  1.930801E-16
3300.  1.947149E-16
3301.  1.963577E-16
3302.  1.980082E-16
3303.  1.996664E-16
3304.  2.013318E-16
3305.  2.030044E-16
3306.  2.046839E-16
3307.  2.063701E-16
3308.  2.080626E-16
3309.  2.097613E-16
3310.  2.114659E-16
3311.  2.131763E-16
3312.  2.148922E-16
3313.  2.166130E-16
3314.  2.183390E-16
3315.  2.200694E-16
3316.  2.218044E-16
3317.  2.235434E-16
3318.  2.252864E-16
3319.  2.270328E-16
3320.  2.287827E-16
3321.  2.305355E-16
3322.  2.322910E-16
3323.  2.340490E-16
3324.  2.358093E-16
3325.  2.375714E-16
3326.  2.393350E-16
3327.  2.411000E-16
3328.  2.428659E-16
3329.  2.446326E-16
3330.  2.463996E-16
3331.  2.481667E-16
3332.  2.499335E-16
3333.  2.516997E-16
3334.  2.534650E-16
3335.  2.552292E-16
3336.  2.569919E-16
3337.  2.587527E-16
3338.  2.605113E-16
3339.  2.622673E-16
3340.  2.640206E-16
3341.  2.657706E-16
3342.  2.675171E-16
3343.  2.692597E-16
3344.  2.709982E-16
3345.  2.727320E-16
3346.  2.744609E-16
3347.  2.761846E-16
3348.  2.779026E-16
3349.  2.796147E-16
3350.  2.813204E-16
3351.  2.830193E-16
3352.  2.847112E-16
3353.  2.863956E-16
3354.  2.880723E-16
3355.  2.897407E-16
3356.  2.914005E-16
3357.  2.930515E-16
3358.  2.946932E-16
3359.  2.963251E-16
3360.  2.979470E-16
3361.  2.995585E-16
3362.  3.011590E-16
3363.  3.027484E-16
3364.  3.043262E-16
3365.  3.058920E-16
3366.  3.074453E-16
3367.  3.089860E-16
3368.  3.105134E-16
3369.  3.120274E-16
3370.  3.135273E-16
3371.  3.150130E-16
3372.  3.164839E-16
3373.  3.179396E-16
3374.  3.193801E-16
3375.  3.208044E-16
3376.  3.222126E-16
3377.  3.236040E-16
3378.  3.249784E-16
3379.  3.263354E-16
3380.  3.276745E-16
3381.  3.289955E-16
3382.  3.302978E-16
3383.  3.315812E-16
3384.  3.328452E-16
3385.  3.340895E-16
3386.  3.353135E-16
3387.  3.365172E-16
3388.  3.377001E-16
3389.  3.388618E-16
3390.  3.400017E-16
3391.  3.411199E-16
3392.  3.422157E-16
3393.  3.432888E-16
3394.  3.443391E-16
3395.  3.453660E-16
3396.  3.463691E-16
3397.  3.473484E-16
3398.  3.483032E-16
3399.  3.492334E-16
3400.  3.501387E-16
3401.  3.510187E-16
3402.  3.518730E-16
3403.  3.527017E-16
3404.  3.535039E-16
3405.  3.542797E-16
3406.  3.550288E-16
3407.  3.557510E-16
3408.  3.564457E-16
3409.  3.571131E-16
3410.  3.577525E-16
3411.  3.583640E-16
3412.  3.589472E-16
3413.  3.595018E-16
3414.  3.600279E-16
3415.  3.605249E-16
3416.  3.609929E-16
3417.  3.614314E-16
3418.  3.618405E-16
3419.  3.622200E-16
3420.  3.625696E-16
3421.  3.628893E-16
3422.  3.631789E-16
3423.  3.634382E-16
3424.  3.636671E-16
3425.  3.638656E-16
3426.  3.640333E-16
3427.  3.641705E-16
3428.  3.642768E-16
3429.  3.643524E-16
3430.  3.643971E-16
3431.  3.644108E-16
3432.  3.643936E-16
3433.  3.643454E-16
3434.  3.642661E-16
3435.  3.641558E-16
3436.  3.640145E-16
3437.  3.638421E-16
3438.  3.636389E-16
3439.  3.634048E-16
3440.  3.631397E-16
3441.  3.628439E-16
3442.  3.625172E-16
3443.  3.621600E-16
3444.  3.617722E-16
3445.  3.613539E-16
3446.  3.609055E-16
3447.  3.604269E-16
3448.  3.599181E-16
3449.  3.593794E-16
3450.  3.588111E-16
3451.  3.582132E-16
3452.  3.575858E-16
3453.  3.569295E-16
3454.  3.562441E-16
3455.  3.555301E-16
3456.  3.547875E-16
3457.  3.540167E-16
3458.  3.532178E-16
3459.  3.523911E-16
3460.  3.515370E-16
3461.  3.506557E-16
3462.  3.497474E-16
3463.  3.488126E-16
3464.  3.478514E-16
3465.  3.468642E-16
3466.  3.458513E-16
3467.  3.448131E-16
3468.  3.437499E-16
3469.  3.426618E-16
3470.  3.415496E-16
3471.  3.404135E-16
3472.  3.392538E-16
3473.  3.380708E-16
3474.  3.368651E-16
3475.  3.356369E-16
3476.  3.343866E-16
3477.  3.331147E-16
3478.  3.318214E-16
3479.  3.305077E-16
3480.  3.291733E-16
3481.  3.278188E-16
3482.  3.264449E-16
3483.  3.250519E-16
3484.  3.236401E-16
3485.  3.222102E-16
3486.  3.207624E-16
3487.  3.192972E-16
3488.  3.178152E-16
3489.  3.163165E-16
3490.  3.148019E-16
3491.  3.132717E-16
3492.  3.117263E-16
3493.  3.101664E-16
3494.  3.085922E-16
3495.  3.070043E-16
3496.  3.054030E-16
3497.  3.037889E-16
3498.  3.021623E-16
3499.  3.005240E-16
3500.  2.988738E-16
3501.  2.972129E-16
3502.  2.955414E-16
3503.  2.938598E-16
3504.  2.921684E-16
3505.  2.904678E-16
3506.  2.887585E-16
3507.  2.870407E-16
3508.  2.853151E-16
3509.  2.835819E-16
3510.  2.818419E-16
3511.  2.800951E-16
3512.  2.783422E-16
3513.  2.765835E-16
3514.  2.748193E-16
3515.  2.730502E-16
3516.  2.712767E-16
3517.  2.694990E-16
3518.  2.677176E-16
3519.  2.659327E-16
3520.  2.641449E-16
3521.  2.623545E-16
3522.  2.605619E-16
3523.  2.587674E-16
3524.  2.569713E-16
3525.  2.551743E-16
3526.  2.533765E-16
3527.  2.515781E-16
3528.  2.497796E-16
3529.  2.479813E-16
3530.  2.461837E-16
3531.  2.443868E-16
3532.  2.425911E-16
3533.  2.407969E-16
3534.  2.390044E-16
3535.  2.372140E-16
3536.  2.354258E-16
3537.  2.336401E-16
3538.  2.318575E-16
3539.  2.300779E-16
3540.  2.283017E-16
3541.  2.265289E-16
3542.  2.247604E-16
3543.  2.229955E-16
3544.  2.212351E-16
3545.  2.194791E-16
3546.  2.177278E-16
3547.  2.159815E-16
3548.  2.142401E-16
3549.  2.125042E-16
3550.  2.107736E-16
3551.  2.090487E-16
3552.  2.073295E-16
3553.  2.056164E-16
3554.  2.039092E-16
3555.  2.022083E-16
3556.  2.005139E-16
3557.  1.988258E-16
3558.  1.971444E-16
3559.  1.954696E-16
3560.  1.938019E-16
3561.  1.921410E-16
3562.  1.904871E-16
3563.  1.888404E-16
3564.  1.872010E-16
3565.  1.855689E-16
3566.  1.839441E-16
3567.  1.823268E-16
3568.  1.807170E-16
3569.  1.791148E-16
3570.  1.775203E-16
3571.  1.759335E-16
3572.  1.743543E-16
3573.  1.727830E-16
3574.  1.712195E-16
3575.  1.696639E-16
3576.  1.681162E-16
3577.  1.665763E-16
3578.  1.650445E-16
3579.  1.635205E-16
3580.  1.620046E-16
3581.  1.604968E-16
3582.  1.589968E-16
3583.  1.575050E-16
3584.  1.560210E-16
3585.  1.545454E-16
3586.  1.530776E-16
3587.  1.516178E-16
3588.  1.501662E-16
3589.  1.487225E-16
3590.  1.472869E-16
3591.  1.458594E-16
3592.  1.444399E-16
3593.  1.430283E-16
3594.  1.416249E-16
3595.  1.402294E-16
3596.  1.388419E-16
3597.  1.374625E-16
3598.  1.360910E-16
3599.  1.347274E-16
3600.  1.333717E-16
3601.  1.320242E-16
3602.  1.306845E-16
3603.  1.293528E-16
3604.  1.280290E-16
3605.  1.267131E-16
3606.  1.254052E-16
3607.  1.241051E-16
3608.  1.228130E-16
3609.  1.215287E-16
3610.  1.202522E-16
3611.  1.189838E-16
3612.  1.177231E-16
3613.  1.164704E-16
3614.  1.152255E-16
3615.  1.139885E-16
3616.  1.127595E-16
3617.  1.115383E-16
3618.  1.103250E-16
3619.  1.091197E-16
3620.  1.079222E-16
3621.  1.067326E-16
3622.  1.055510E-16
3623.  1.043773E-16
3624.  1.032116E-16
3625.  1.020539E-16
3626.  1.009041E-16
3627.  9.976253E-17
3628.  9.862868E-17
3629.  9.750306E-17
3630.  9.638555E-17
3631.  9.527600E-17
3632.  9.417469E-17
3633.  9.308147E-17
3634.  9.199643E-17
3635.  9.091946E-17
3636.  8.985085E-17
3637.  8.879043E-17
3638.  8.773841E-17
3639.  8.669459E-17
3640.  8.565924E-17
3641.  8.463208E-17
3642.  8.361338E-17
3643.  8.260320E-17
3644.  8.160149E-17
3645.  8.060835E-17
3646.  7.962370E-17
3647.  7.864758E-17
3648.  7.768027E-17
3649.  7.672139E-17
3650.  7.577143E-17
3651.  7.483006E-17
3652.  7.389750E-17
3653.  7.297362E-17
3654.  7.205873E-17
3655.  7.115257E-17
3656.  7.025536E-17
3657.  6.936711E-17
3658.  6.848785E-17
3659.  6.761755E-17
3660.  6.675631E-17
3661.  6.590414E-17
3662.  6.506100E-17
3663.  6.422682E-17
3664.  6.340179E-17
3665.  6.258612E-17
3666.  6.177938E-17
3667.  6.098193E-17
3668.  6.019370E-17
3669.  5.941462E-17
3670.  5.864486E-17
3671.  5.788448E-17
3672.  5.713310E-17
3673.  5.639111E-17
3674.  5.565838E-17
3675.  5.493493E-17
3676.  5.422071E-17
3677.  5.351577E-17
3678.  5.282020E-17
3679.  5.213372E-17
3680.  5.145656E-17
3681.  5.078863E-17
3682.  5.012999E-17
3683.  4.948060E-17
3684.  4.884035E-17
3685.  4.820914E-17
3686.  4.758715E-17
3687.  4.697431E-17
3688.  4.637057E-17
3689.  4.577583E-17
3690.  4.519012E-17
3691.  4.461339E-17
3692.  4.404554E-17
3693.  4.348664E-17
3694.  4.293650E-17
3695.  4.239520E-17
3696.  4.186261E-17
3697.  4.133866E-17
3698.  4.082343E-17
3699.  4.031667E-17
3700.  3.981837E-17
3701.  3.932853E-17
3702.  3.884709E-17
3703.  3.837395E-17
3704.  3.790885E-17
3705.  3.745189E-17
3706.  3.700310E-17
3707.  3.656221E-17
3708.  3.612909E-17
3709.  3.570387E-17
3710.  3.528624E-17
3711.  3.487630E-17
3712.  3.447374E-17
3713.  3.407872E-17
3714.  3.369093E-17
3715.  3.331040E-17
3716.  3.293698E-17
3717.  3.257042E-17
3718.  3.221070E-17
3719.  3.185796E-17
3720.  3.151178E-17
3721.  3.117218E-17
3722.  3.083901E-17
3723.  3.051222E-17
3724.  3.019154E-17
3725.  2.987700E-17
3726.  2.956850E-17
3727.  2.926577E-17
3728.  2.896875E-17
3729.  2.867749E-17
3730.  2.839167E-17
3731.  2.811124E-17
3732.  2.783601E-17
3733.  2.756588E-17
3734.  2.730085E-17
3735.  2.704071E-17
3736.  2.678526E-17
3737.  2.653448E-17
3738.  2.628826E-17
3739.  2.604641E-17
3740.  2.580882E-17
3741.  2.557539E-17
3742.  2.534597E-17
3743.  2.512041E-17
3744.  2.489878E-17
3745.  2.468076E-17
3746.  2.446626E-17
3747.  2.425523E-17
3748.  2.404757E-17
3749.  2.384299E-17
3750.  2.364155E-17
3751.  2.344314E-17
3752.  2.324753E-17
3753.  2.305462E-17
3754.  2.286444E-17
3755.  2.267679E-17
3756.  2.249150E-17
3757.  2.230864E-17
3758.  2.212797E-17
3759.  2.194936E-17
3760.  2.177283E-17
3761.  2.159820E-17
3762.  2.142546E-17
3763.  2.125435E-17
3764.  2.108500E-17
3765.  2.091710E-17
3766.  2.075078E-17
3767.  2.058582E-17
3768.  2.042206E-17
3769.  2.025958E-17
3770.  2.009816E-17
3771.  1.993797E-17
3772.  1.977874E-17
3773.  1.962038E-17
3774.  1.946288E-17
3775.  1.930610E-17
3776.  1.915007E-17
3777.  1.899471E-17
3778.  1.883997E-17
3779.  1.868581E-17
3780.  1.853205E-17
3781.  1.837872E-17
3782.  1.822575E-17
3783.  1.807312E-17
3784.  1.792081E-17
3785.  1.776864E-17
3786.  1.761670E-17
3787.  1.746496E-17
3788.  1.731335E-17
3789.  1.716178E-17
3790.  1.701022E-17
3791.  1.685872E-17
3792.  1.670701E-17
3793.  1.655551E-17
3794.  1.640383E-17
3795.  1.625205E-17
3796.  1.610020E-17
3797.  1.594806E-17
3798.  1.579596E-17
3799.  1.564364E-17
3800.  1.549107E-17
3801.  1.533823E-17
3802.  1.518527E-17
3803.  1.503215E-17
3804.  1.487869E-17
3805.  1.472507E-17
3806.  1.457113E-17
3807.  1.441693E-17
3808.  1.426252E-17
3809.  1.410787E-17
3810.  1.395290E-17
3811.  1.379770E-17
3812.  1.364232E-17
3813.  1.348661E-17
3814.  1.333070E-17
3815.  1.317459E-17
3816.  1.301815E-17
3817.  1.286147E-17
3818.  1.270467E-17
3819.  1.254755E-17
3820.  1.239026E-17
3821.  1.223285E-17
3822.  1.207514E-17
3823.  1.191734E-17
3824.  1.175932E-17
3825.  1.160118E-17
3826.  1.144285E-17
3827.  1.128444E-17
3828.  1.112593E-17
3829.  1.096721E-17
3830.  1.080852E-17
3831.  1.064966E-17
3832.  1.049078E-17
3833.  1.033177E-17
3834.  1.017276E-17
3835.  1.001372E-17
3836.  9.854648E-18
3837.  9.695614E-18
3838.  9.536463E-18
3839.  9.377411E-18
3840.  9.218314E-18
3841.  9.059337E-18
3842.  8.900342E-18
3843.  8.741421E-18
3844.  8.582628E-18
3845.  8.423763E-18
3846.  8.265045E-18
3847.  8.106511E-18
3848.  7.947995E-18
3849.  7.789592E-18
3850.  7.631252E-18
3851.  7.473112E-18
3852.  7.315076E-18
3853.  7.157111E-18
3854.  6.999354E-18
3855.  6.841714E-18
3856.  6.684127E-18
3857.  6.526875E-18
3858.  6.369687E-18
3859.  6.212657E-18
3860.  6.055713E-18
3861.  5.898959E-18
3862.  5.742414E-18
3863.  5.585977E-18
3864.  5.429679E-18
3865.  5.273557E-18
3866.  5.117587E-18
3867.  4.961741E-18
3868.  4.806077E-18
3869.  4.650574E-18
3870.  4.495126E-18
3871.  4.339820E-18
3872.  4.184727E-18
3873.  4.029731E-18
3874.  3.874808E-18
3875.  3.720054E-18
3876.  3.565401E-18
3877.  3.410853E-18
3878.  3.256440E-18
3879.  3.102026E-18
3880.  2.947754E-18
3881.  2.793545E-18
3882.  2.639431E-18
3883.  2.485414E-18
3884.  2.331377E-18
3885.  2.177469E-18
3886.  2.023623E-18
3887.  1.869804E-18
3888.  1.715907E-18
3889.  1.562195E-18
3890.  1.408426E-18
3891.  1.254730E-18
3892.  1.101029E-18
3893.  9.473131E-19
3894.  7.936939E-19
3895.  6.399809E-19
3896.  4.862966E-19
3897.  3.326343E-19
3898.  1.789085E-19
3899.  2.531533E-20
3900.  -1.283333E-19
3901.  -2.818863E-19
3902.  -4.356130E-19
3903.  -5.892681E-19
3904.  -7.428906E-19
3905.  -8.964963E-19
3906.  -1.050037E-18
3907.  -1.203606E-18
3908.  -1.357074E-18
3909.  -1.510567E-18
3910.  -1.663966E-18
3911.  -1.817272E-18
3912.  -1.970546E-18
3913.  -2.123646E-18
3914.  -2.276621E-18
3915.  -2.429487E-18
3916.  -2.582197E-18
3917.  -2.734707E-18
3918.  -2.887039E-18
3919.  -3.039106E-18
3920.  -3.191037E-18
3921.  -3.342579E-18
3922.  -3.493867E-18
3923.  -3.644787E-18
3924.  -3.795265E-18
3925.  -3.945534E-18
3926.  -4.095210E-18
3927.  -4.244331E-18
3928.  -4.393045E-18
3929.  -4.541263E-18
3930.  -4.688742E-18
3931.  -4.835569E-18
3932.  -4.981721E-18
3933.  -5.127059E-18
3934.  -5.271685E-18
3935.  -5.415495E-18
3936.  -5.558226E-18
3937.  -5.700102E-18
3938.  -5.840811E-18
3939.  -5.980507E-18
3940.  -6.119024E-18
3941.  -6.256354E-18
3942.  -6.392357E-18
3943.  -6.526935E-18
3944.  -6.660128E-18
3945.  -6.791835E-18
3946.  -6.921886E-18
3947.  -7.050237E-18
3948.  -7.176835E-18
3949.  -7.301646E-18
3950.  -7.424619E-18
3951.  -7.545500E-18
3952.  -7.664295E-18
3953.  -7.780922E-18
3954.  -7.895278E-18
3955.  -8.007222E-18
3956.  -8.116773E-18
3957.  -8.223752E-18
3958.  -8.328066E-18
3959.  -8.429692E-18
3960.  -8.528464E-18
3961.  -8.624289E-18
3962.  -8.717023E-18
3963.  -8.806623E-18
3964.  -8.892950E-18
3965.  -8.975924E-18
3966.  -9.055484E-18
3967.  -9.131391E-18
3968.  -9.203655E-18
3969.  -9.272117E-18
3970.  -9.336657E-18
3971.  -9.397175E-18
3972.  -9.453585E-18
3973.  -9.505836E-18
3974.  -9.553690E-18
3975.  -9.597013E-18
3976.  -9.635787E-18
3977.  -9.669925E-18
3978.  -9.699270E-18
3979.  -9.723700E-18
3980.  -9.743038E-18
3981.  -9.757332E-18
3982.  -9.766340E-18
3983.  -9.770010E-18
3984.  -9.768265E-18
3985.  -9.760861E-18
3986.  -9.747844E-18
3987.  -9.728929E-18
3988.  -9.704180E-18
3989.  -9.673482E-18
3990.  -9.636643E-18
3991.  -9.593555E-18
3992.  -9.544222E-18
3993.  -9.488485E-18
3994.  -9.426209E-18
3995.  -9.357390E-18
3996.  -9.281747E-18
3997.  -9.199384E-18
3998.  -9.110233E-18
3999.  -9.013998E-18
4000.  -8.910795E-18
4001.  -8.800312E-18
4002.  -8.682776E-18
4003.  -8.557830E-18
4004.  -8.425519E-18
4005.  -8.285907E-18
4006.  -8.138612E-18
4007.  -7.983762E-18
4008.  -7.821337E-18
4009.  -7.651224E-18
4010.  -7.473317E-18
4011.  -7.287503E-18
4012.  -7.093899E-18
4013.  -6.892382E-18
4014.  -6.682812E-18
4015.  -6.465388E-18
4016.  -6.239916E-18
4017.  -6.006262E-18
4018.  -5.764617E-18
4019.  -5.514782E-18
4020.  -5.256724E-18
4021.  -4.990776E-18
4022.  -4.716508E-18
4023.  -4.433990E-18
4024.  -4.143290E-18
4025.  -3.844536E-18
4026.  -3.537540E-18
4027.  -3.222336E-18
4028.  -2.898958E-18
4029.  -2.567478E-18
4030.  -2.227869E-18
4031.  -1.880244E-18
4032.  -1.524469E-18
4033.  -1.160706E-18
4034.  -7.887941E-19
4035.  -4.091518E-19
4036.  -2.147379E-20
4037.  3.739436E-19
4038.  7.772138E-19
4039.  1.188143E-18
4040.  1.606682E-18
4041.  2.033051E-18
4042.  2.466774E-18
4043.  2.907928E-18
4044.  3.356530E-18
4045.  3.812202E-18
4046.  4.275176E-18
4047.  4.745251E-18
4048.  5.222200E-18
4049.  5.705996E-18
4050.  6.196651E-18
4051.  6.693930E-18
4052.  7.197778E-18
4053.  7.707913E-18
4054.  8.224491E-18
4055.  8.747146E-18
4056.  9.275831E-18
4057.  9.810314E-18
4058.  1.035063E-17
4059.  1.089666E-17
4060.  1.144803E-17
4061.  1.200484E-17
4062.  1.256666E-17
4063.  1.313359E-17
4064.  1.370536E-17
4065.  1.428178E-17
4066.  1.486281E-17
4067.  1.544817E-17
4068.  1.603779E-17
4069.  1.663134E-17
4070.  1.722885E-17
4071.  1.783007E-17
4072.  1.843471E-17
4073.  1.904272E-17
4074.  1.965394E-17
4075.  2.026814E-17
4076.  2.088505E-17
4077.  2.150468E-17
4078.  2.212665E-17
4079.  2.275099E-17
4080.  2.337738E-17
4081.  2.400555E-17
4082.  2.463545E-17
4083.  2.526695E-17
4084.  2.589967E-17
4085.  2.653348E-17
4086.  2.716841E-17
4087.  2.780412E-17
4088.  2.844027E-17
4089.  2.907681E-17
4090.  2.971366E-17
4091.  3.035051E-17
4092.  3.098718E-17
4093.  3.162360E-17
4094.  3.225947E-17
4095.  3.289466E-17
4096.  3.352880E-17
4097.  3.416224E-17
4098.  3.479425E-17
4099.  3.542493E-17
4100.  3.605404E-17
4101.  3.668148E-17
4102.  3.730703E-17
4103.  3.793055E-17
4104.  3.855180E-17
4105.  3.917084E-17
4106.  3.978736E-17
4107.  4.040110E-17
4108.  4.101218E-17
4109.  4.162027E-17
4110.  4.222530E-17
4111.  4.282709E-17
4112.  4.342559E-17
4113.  4.402059E-17
4114.  4.461203E-17
4115.  4.519978E-17
4116.  4.578366E-17
4117.  4.636364E-17
4118.  4.693966E-17
4119.  4.751136E-17
4120.  4.807897E-17
4121.  4.864219E-17
4122.  4.920098E-17
4123.  4.975541E-17
4124.  5.030510E-17
4125.  5.085029E-17
4126.  5.139065E-17
4127.  5.192625E-17
4128.  5.245707E-17
4129.  5.298303E-17
4130.  5.350394E-17
4131.  5.402006E-17
4132.  5.453092E-17
4133.  5.503698E-17
4134.  5.553794E-17
4135.  5.603370E-17
4136.  5.652440E-17
4137.  5.701007E-17
4138.  5.749053E-17
4139.  5.796606E-17
4140.  5.843634E-17
4141.  5.890163E-17
4142.  5.936189E-17
4143.  5.981704E-17
4144.  6.026727E-17
4145.  6.071247E-17
4146.  6.115276E-17
4147.  6.158827E-17
4148.  6.201887E-17
4149.  6.244479E-17
4150.  6.286602E-17
4151.  6.328269E-17
4152.  6.369484E-17
4153.  6.410243E-17
4154.  6.450573E-17
4155.  6.490479E-17
4156.  6.529967E-17
4157.  6.569052E-17
4158.  6.607746E-17
4159.  6.646057E-17
4160.  6.683996E-17
4161.  6.721571E-17
4162.  6.758823E-17
4163.  6.795729E-17
4164.  6.832320E-17
4165.  6.868617E-17
4166.  6.904629E-17
4167.  6.940360E-17
4168.  6.975848E-17
4169.  7.011105E-17
4170.  7.046143E-17
4171.  7.080978E-17
4172.  7.115633E-17
4173.  7.150121E-17
4174.  7.184463E-17
4175.  7.218685E-17
4176.  7.252802E-17
4177.  7.286828E-17
4178.  7.320797E-17
4179.  7.354718E-17
4180.  7.388629E-17
4181.  7.422523E-17
4182.  7.456464E-17
4183.  7.490441E-17
4184.  7.524483E-17
4185.  7.558614E-17
4186.  7.592866E-17
4187.  7.627256E-17
4188.  7.661814E-17
4189.  7.696556E-17
4190.  7.731514E-17
4191.  7.766702E-17
4192.  7.802154E-17
4193.  7.837890E-17
4194.  7.873945E-17
4195.  7.910340E-17
4196.  7.947093E-17
4197.  7.984238E-17
4198.  8.021794E-17
4199.  8.059792E-17
4200.  8.098259E-17
4201.  8.137219E-17
4202.  8.176696E-17
4203.  8.216715E-17
4204.  8.257321E-17
4205.  8.298504E-17
4206.  8.340319E-17
4207.  8.382781E-17
4208.  8.425917E-17
4209.  8.469766E-17
4210.  8.514328E-17
4211.  8.559644E-17
4212.  8.605740E-17
4213.  8.652636E-17
4214.  8.700365E-17
4215.  8.748936E-17
4216.  8.798393E-17
4217.  8.848746E-17
4218.  8.900017E-17
4219.  8.952241E-17
4220.  9.005442E-17
4221.  9.059634E-17
4222.  9.114838E-17
4223.  9.171090E-17
4224.  9.228390E-17
4225.  9.286781E-17
4226.  9.346266E-17
4227.  9.406891E-17
4228.  9.468648E-17
4229.  9.531555E-17
4230.  9.595657E-17
4231.  9.660953E-17
4232.  9.727475E-17
4233.  9.795217E-17
4234.  9.864212E-17
4235.  9.934474E-17
4236.  1.000601E-16
4237.  1.007885E-16
4238.  1.015299E-16
4239.  1.022845E-16
4240.  1.030525E-16
4241.  1.038340E-16
4242.  1.046289E-16
4243.  1.054376E-16
4244.  1.062600E-16
4245.  1.070962E-16
4246.  1.079463E-16
4247.  1.088103E-16
4248.  1.096882E-16
4249.  1.105803E-16
4250.  1.114865E-16
4251.  1.124068E-16
4252.  1.133412E-16
4253.  1.142899E-16
4254.  1.152526E-16
4255.  1.162294E-16
4256.  1.172204E-16
4257.  1.182254E-16
4258.  1.192445E-16
4259.  1.202776E-16
4260.  1.213245E-16
4261.  1.223853E-16
4262.  1.234600E-16
4263.  1.245483E-16
4264.  1.256501E-16
4265.  1.267655E-16
4266.  1.278942E-16
4267.  1.290361E-16
4268.  1.301910E-16
4269.  1.313588E-16
4270.  1.325395E-16
4271.  1.337326E-16
4272.  1.349382E-16
4273.  1.361558E-16
4274.  1.373855E-16
4275.  1.386270E-16
4276.  1.398799E-16
4277.  1.411442E-16
4278.  1.424194E-16
4279.  1.437055E-16
4280.  1.450021E-16
4281.  1.463089E-16
4282.  1.476256E-16
4283.  1.489521E-16
4284.  1.502878E-16
4285.  1.516326E-16
4286.  1.529861E-16
4287.  1.543479E-16
4288.  1.557178E-16
4289.  1.570952E-16
4290.  1.584802E-16
4291.  1.598719E-16
4292.  1.612702E-16
4293.  1.626747E-16
4294.  1.640851E-16
4295.  1.655008E-16
4296.  1.669214E-16
4297.  1.683467E-16
4298.  1.697761E-16
4299.  1.712093E-16
4300.  1.726458E-16
4301.  1.740851E-16
4302.  1.755268E-16
4303.  1.769705E-16
4304.  1.784156E-16
4305.  1.798618E-16
4306.  1.813088E-16
4307.  1.827557E-16
4308.  1.842023E-16
4309.  1.856481E-16
4310.  1.870927E-16
4311.  1.885354E-16
4312.  1.899759E-16
4313.  1.914136E-16
4314.  1.928481E-16
4315.  1.942790E-16
4316.  1.957056E-16
4317.  1.971275E-16
4318.  1.985442E-16
4319.  1.999552E-16
4320.  2.013600E-16
4321.  2.027583E-16
4322.  2.041493E-16
4323.  2.055327E-16
4324.  2.069080E-16
4325.  2.082747E-16
4326.  2.096323E-16
4327.  2.109803E-16
4328.  2.123182E-16
4329.  2.136455E-16
4330.  2.149620E-16
4331.  2.162668E-16
4332.  2.175597E-16
4333.  2.188403E-16
4334.  2.201079E-16
4335.  2.213622E-16
4336.  2.226028E-16
4337.  2.238291E-16
4338.  2.250407E-16
4339.  2.262373E-16
4340.  2.274183E-16
4341.  2.285833E-16
4342.  2.297321E-16
4343.  2.308640E-16
4344.  2.319788E-16
4345.  2.330759E-16
4346.  2.341552E-16
4347.  2.352160E-16
4348.  2.362581E-16
4349.  2.372811E-16
4350.  2.382847E-16
4351.  2.392686E-16
4352.  2.402322E-16
4353.  2.411754E-16
4354.  2.420977E-16
4355.  2.429989E-16
4356.  2.438787E-16
4357.  2.447367E-16
4358.  2.455729E-16
4359.  2.463865E-16
4360.  2.471775E-16
4361.  2.479458E-16
4362.  2.486909E-16
4363.  2.494127E-16
4364.  2.501109E-16
4365.  2.507852E-16
4366.  2.514355E-16
4367.  2.520615E-16
4368.  2.526630E-16
4369.  2.532400E-16
4370.  2.537920E-16
4371.  2.543190E-16
4372.  2.548209E-16
4373.  2.552975E-16
4374.  2.557485E-16
4375.  2.561740E-16
4376.  2.565736E-16
4377.  2.569473E-16
4378.  2.572952E-16
4379.  2.576170E-16
4380.  2.579125E-16
4381.  2.581819E-16
4382.  2.584249E-16
4383.  2.586415E-16
4384.  2.588317E-16
4385.  2.589954E-16
4386.  2.591325E-16
4387.  2.592432E-16
4388.  2.593271E-16
4389.  2.593845E-16
4390.  2.594154E-16
4391.  2.594196E-16
4392.  2.593972E-16
4393.  2.593482E-16
4394.  2.592727E-16
4395.  2.591707E-16
4396.  2.590422E-16
4397.  2.588873E-16
4398.  2.587060E-16
4399.  2.584984E-16
4400.  2.582646E-16
4401.  2.580046E-16
4402.  2.577186E-16
4403.  2.574066E-16
4404.  2.570687E-16
4405.  2.567051E-16
4406.  2.563157E-16
4407.  2.559009E-16
4408.  2.554606E-16
4409.  2.549950E-16
4410.  2.545042E-16
4411.  2.539884E-16
4412.  2.534479E-16
4413.  2.528826E-16
4414.  2.522926E-16
4415.  2.516784E-16
4416.  2.510400E-16
4417.  2.503774E-16
4418.  2.496911E-16
4419.  2.489810E-16
4420.  2.482475E-16
4421.  2.474907E-16
4422.  2.467108E-16
4423.  2.459080E-16
4424.  2.450826E-16
4425.  2.442347E-16
4426.  2.433646E-16
4427.  2.424726E-16
4428.  2.415586E-16
4429.  2.406232E-16
4430.  2.396665E-16
4431.  2.386887E-16
4432.  2.376900E-16
4433.  2.366709E-16
4434.  2.356314E-16
4435.  2.345719E-16
4436.  2.334927E-16
4437.  2.323937E-16
4438.  2.312757E-16
4439.  2.301386E-16
4440.  2.289829E-16
4441.  2.278086E-16
4442.  2.266164E-16
4443.  2.254062E-16
4444.  2.241785E-16
4445.  2.229335E-16
4446.  2.216715E-16
4447.  2.203929E-16
4448.  2.190979E-16
4449.  2.177869E-16
4450.  2.164600E-16
4451.  2.151179E-16
4452.  2.137604E-16
4453.  2.123884E-16
4454.  2.110018E-16
4455.  2.096010E-16
4456.  2.081864E-16
4457.  2.067583E-16
4458.  2.053171E-16
4459.  2.038630E-16
4460.  2.023965E-16
4461.  2.009177E-16
4462.  1.994272E-16
4463.  1.979253E-16
4464.  1.964121E-16
4465.  1.948883E-16
4466.  1.933540E-16
4467.  1.918096E-16
4468.  1.902555E-16
4469.  1.886920E-16
4470.  1.871195E-16
4471.  1.855384E-16
4472.  1.839490E-16
4473.  1.823517E-16
4474.  1.807468E-16
4475.  1.791347E-16
4476.  1.775157E-16
4477.  1.758903E-16
4478.  1.742586E-16
4479.  1.726213E-16
4480.  1.709785E-16
4481.  1.693309E-16
4482.  1.676784E-16
4483.  1.660219E-16
4484.  1.643613E-16
4485.  1.626971E-16
4486.  1.610298E-16
4487.  1.593596E-16
4488.  1.576871E-16
4489.  1.560123E-16
4490.  1.543359E-16
4491.  1.526580E-16
4492.  1.509795E-16
4493.  1.492999E-16
4494.  1.476201E-16
4495.  1.459406E-16
4496.  1.442614E-16
4497.  1.425830E-16
4498.  1.409057E-16
4499.  1.392299E-16
4500.  1.375560E-16
