1.  7.486648E-19
2.  7.762772E-19
3.  8.048197E-19
4.  8.342687E-19
5.  8.648812E-19
6.  8.964291E-19
7.  9.290380E-19
8.  9.627711E-19
9.  9.975318E-19
10.  1.033582E-18
11.  1.070738E-18
12.  1.109196E-18
13.  1.148923E-18
14.  1.190031E-18
15.  1.232375E-18
16.  1.276139E-18
17.  1.321348E-18
18.  1.367974E-18
19.  1.416181E-18
20.  1.465907E-18
21.  1.517305E-18
22.  1.570221E-18
23.  1.624955E-18
24.  1.681412E-18
25.  1.739680E-18
26.  1.799655E-18
27.  1.861713E-18
28.  1.925679E-18
29.  1.991597E-18
30.  2.059677E-18
31.  2.129850E-18
32.  2.202146E-18
33.  2.276677E-18
34.  2.353674E-18
35.  2.432864E-18
36.  2.514524E-18
37.  2.598748E-18
38.  2.685453E-18
39.  2.774831E-18
40.  2.867118E-18
41.  2.961857E-18
42.  3.059598E-18
43.  3.160272E-18
44.  3.264023E-18
45.  3.370762E-18
46.  3.480672E-18
47.  3.593868E-18
48.  3.710393E-18
49.  3.830314E-18
50.  3.953810E-18
51.  4.080851E-18
52.  4.211596E-18
53.  4.346174E-18
54.  4.484554E-18
55.  4.626968E-18
56.  4.773410E-18
57.  4.924092E-18
58.  5.079102E-18
59.  5.238332E-18
60.  5.402228E-18
61.  5.570626E-18
62.  5.743869E-18
63.  5.921783E-18
64.  6.104858E-18
65.  6.292749E-18
66.  6.485955E-18
67.  6.684495E-18
68.  6.888521E-18
69.  7.097991E-18
70.  7.313241E-18
71.  7.534350E-18
72.  7.761366E-18
73.  7.994467E-18
74.  8.233883E-18
75.  8.479640E-18
76.  8.731851E-18
77.  8.990841E-18
78.  9.256731E-18
79.  9.529512E-18
80.  9.809370E-18
81.  1.009658E-17
82.  1.039127E-17
83.  1.069356E-17
84.  1.100360E-17
85.  1.132171E-17
86.  1.164778E-17
87.  1.198226E-17
88.  1.232512E-17
89.  1.267675E-17
90.  1.303714E-17
91.  1.340652E-17
92.  1.378521E-17
93.  1.417317E-17
94.  1.457083E-17
95.  1.497821E-17
96.  1.539550E-17
97.  1.582313E-17
98.  1.626100E-17
99.  1.670959E-17
100.  1.716892E-17
101.  1.763924E-17
102.  1.812085E-17
103.  1.861381E-17
104.  1.911866E-17
105.  1.963523E-17
106.  2.016386E-17
107.  2.070507E-17
108.  2.125877E-17
109.  2.182523E-17
110.  2.240473E-17
111.  2.299760E-17
112.  2.360403E-17
113.  2.422409E-17
114.  2.485835E-17
115.  2.550690E-17
116.  2.616989E-17
117.  2.684781E-17
118.  2.754060E-17
119.  2.824888E-17
120.  2.897280E-17
121.  2.971241E-17
122.  3.046825E-17
123.  3.124047E-17
124.  3.202935E-17
125.  3.283521E-17
126.  3.365824E-17
127.  3.449893E-17
128.  3.535735E-17
129.  3.623375E-17
130.  3.712856E-17
131.  3.804210E-17
132.  3.897462E-17
133.  3.992646E-17
134.  4.089777E-17
135.  4.188898E-17
136.  4.290040E-17
137.  4.393213E-17
138.  4.498477E-17
139.  4.605846E-17
140.  4.715354E-17
141.  4.827036E-17
142.  4.940919E-17
143.  5.057031E-17
144.  5.175433E-17
145.  5.296105E-17
146.  5.419102E-17
147.  5.544471E-17
148.  5.672236E-17
149.  5.802430E-17
150.  5.935069E-17
151.  6.070216E-17
152.  6.207871E-17
153.  6.348086E-17
154.  6.490898E-17
155.  6.636323E-17
156.  6.784412E-17
157.  6.935182E-17
158.  7.088671E-17
159.  7.244920E-17
160.  7.403947E-17
161.  7.565802E-17
162.  7.730500E-17
163.  7.898100E-17
164.  8.068598E-17
165.  8.242064E-17
166.  8.418503E-17
167.  8.597969E-17
168.  8.780480E-17
169.  8.966076E-17
170.  9.154781E-17
171.  9.346637E-17
172.  9.541670E-17
173.  9.739929E-17
174.  9.941419E-17
175.  1.014618E-16
176.  1.035426E-16
177.  1.056567E-16
178.  1.078044E-16
179.  1.099864E-16
180.  1.122026E-16
181.  1.144534E-16
182.  1.167391E-16
183.  1.190601E-16
184.  1.214166E-16
185.  1.238088E-16
186.  1.262373E-16
187.  1.287022E-16
188.  1.312037E-16
189.  1.337420E-16
190.  1.363179E-16
191.  1.389311E-16
192.  1.415822E-16
193.  1.442712E-16
194.  1.469986E-16
195.  1.497645E-16
196.  1.525693E-16
197.  1.554133E-16
198.  1.582963E-16
199.  1.612190E-16
200.  1.641816E-16
201.  1.671840E-16
202.  1.702267E-16
203.  1.733099E-16
204.  1.764336E-16
205.  1.795983E-16
206.  1.828040E-16
207.  1.860508E-16
208.  1.893392E-16
209.  1.926691E-16
210.  1.960407E-16
211.  1.994544E-16
212.  2.029100E-16
213.  2.064080E-16
214.  2.099483E-16
215.  2.135310E-16
216.  2.171565E-16
217.  2.208247E-16
218.  2.245357E-16
219.  2.282896E-16
220.  2.320868E-16
221.  2.359268E-16
222.  2.398103E-16
223.  2.437370E-16
224.  2.477070E-16
225.  2.517203E-16
226.  2.557771E-16
227.  2.598774E-16
228.  2.640212E-16
229.  2.682084E-16
230.  2.724392E-16
231.  2.767134E-16
232.  2.810312E-16
233.  2.853924E-16
234.  2.897969E-16
235.  2.942449E-16
236.  2.987363E-16
237.  3.032708E-16
238.  3.078485E-16
239.  3.124692E-16
240.  3.171330E-16
241.  3.218396E-16
242.  3.265889E-16
243.  3.313811E-16
244.  3.362154E-16
245.  3.410924E-16
246.  3.460112E-16
247.  3.509722E-16
248.  3.559750E-16
249.  3.610193E-16
250.  3.661051E-16
251.  3.712321E-16
252.  3.764000E-16
253.  3.816086E-16
254.  3.868576E-16
255.  3.921469E-16
256.  3.974761E-16
257.  4.028448E-16
258.  4.082529E-16
259.  4.137002E-16
260.  4.191858E-16
261.  4.247101E-16
262.  4.302724E-16
263.  4.358722E-16
264.  4.415093E-16
265.  4.471833E-16
266.  4.528939E-16
267.  4.586406E-16
268.  4.644229E-16
269.  4.702406E-16
270.  4.760932E-16
271.  4.819801E-16
272.  4.879010E-16
273.  4.938553E-16
274.  4.998426E-16
275.  5.058623E-16
276.  5.119142E-16
277.  5.179976E-16
278.  5.241118E-16
279.  5.302565E-16
280.  5.364310E-16
281.  5.426350E-16
282.  5.488678E-16
283.  5.551287E-16
284.  5.614174E-16
285.  5.677327E-16
286.  5.740748E-16
287.  5.804427E-16
288.  5.868356E-16
289.  5.932531E-16
290.  5.996946E-16
291.  6.061593E-16
292.  6.126466E-16
293.  6.191560E-16
294.  6.256866E-16
295.  6.322377E-16
296.  6.388089E-16
297.  6.453990E-16
298.  6.520077E-16
299.  6.586345E-16
300.  6.652780E-16
301.  6.719381E-16
302.  6.786136E-16
303.  6.853039E-16
304.  6.920084E-16
305.  6.987264E-16
306.  7.054569E-16
307.  7.121993E-16
308.  7.189527E-16
309.  7.257165E-16
310.  7.324896E-16
311.  7.392716E-16
312.  7.460616E-16
313.  7.528586E-16
314.  7.596621E-16
315.  7.664711E-16
316.  7.732849E-16
317.  7.801025E-16
318.  7.869233E-16
319.  7.937465E-16
320.  8.005712E-16
321.  8.073966E-16
322.  8.142215E-16
323.  8.210459E-16
324.  8.278683E-16
325.  8.346882E-16
326.  8.415047E-16
327.  8.483168E-16
328.  8.551239E-16
329.  8.619251E-16
330.  8.687196E-16
331.  8.755065E-16
332.  8.822851E-16
333.  8.890545E-16
334.  8.958140E-16
335.  9.025625E-16
336.  9.092994E-16
337.  9.160238E-16
338.  9.227348E-16
339.  9.294320E-16
340.  9.361141E-16
341.  9.427807E-16
342.  9.494305E-16
343.  9.560633E-16
344.  9.626777E-16
345.  9.692736E-16
346.  9.758497E-16
347.  9.824053E-16
348.  9.889398E-16
349.  9.954523E-16
350.  1.001942E-15
351.  1.008408E-15
352.  1.014850E-15
353.  1.021267E-15
354.  1.027658E-15
355.  1.034024E-15
356.  1.040361E-15
357.  1.046671E-15
358.  1.052952E-15
359.  1.059204E-15
360.  1.065426E-15
361.  1.071617E-15
362.  1.077777E-15
363.  1.083905E-15
364.  1.090000E-15
365.  1.096062E-15
366.  1.102090E-15
367.  1.108083E-15
368.  1.114041E-15
369.  1.119963E-15
370.  1.125849E-15
371.  1.131698E-15
372.  1.137509E-15
373.  1.143281E-15
374.  1.149016E-15
375.  1.154710E-15
376.  1.160365E-15
377.  1.165980E-15
378.  1.171553E-15
379.  1.177085E-15
380.  1.182576E-15
381.  1.188023E-15
382.  1.193428E-15
383.  1.198790E-15
384.  1.204108E-15
385.  1.209381E-15
386.  1.214610E-15
387.  1.219794E-15
388.  1.224932E-15
389.  1.230024E-15
390.  1.235070E-15
391.  1.240070E-15
392.  1.245022E-15
393.  1.249927E-15
394.  1.254784E-15
395.  1.259593E-15
396.  1.264353E-15
397.  1.269065E-15
398.  1.273729E-15
399.  1.278342E-15
400.  1.282907E-15
401.  1.287421E-15
402.  1.291886E-15
403.  1.296300E-15
404.  1.300664E-15
405.  1.304977E-15
406.  1.309239E-15
407.  1.313450E-15
408.  1.317610E-15
409.  1.321718E-15
410.  1.325776E-15
411.  1.329781E-15
412.  1.333734E-15
413.  1.337635E-15
414.  1.341485E-15
415.  1.345282E-15
416.  1.349027E-15
417.  1.352719E-15
418.  1.356359E-15
419.  1.359947E-15
420.  1.363482E-15
421.  1.366965E-15
422.  1.370395E-15
423.  1.373772E-15
424.  1.377097E-15
425.  1.380369E-15
426.  1.383589E-15
427.  1.386755E-15
428.  1.389870E-15
429.  1.392931E-15
430.  1.395941E-15
431.  1.398898E-15
432.  1.401802E-15
433.  1.404654E-15
434.  1.407454E-15
435.  1.410202E-15
436.  1.412898E-15
437.  1.415542E-15
438.  1.418134E-15
439.  1.420674E-15
440.  1.423163E-15
441.  1.425600E-15
442.  1.427986E-15
443.  1.430320E-15
444.  1.432603E-15
445.  1.434836E-15
446.  1.437017E-15
447.  1.439149E-15
448.  1.441229E-15
449.  1.443259E-15
450.  1.445240E-15
451.  1.447170E-15
452.  1.449050E-15
453.  1.450882E-15
454.  1.452663E-15
455.  1.454396E-15
456.  1.456079E-15
457.  1.457714E-15
458.  1.459301E-15
459.  1.460839E-15
460.  1.462328E-15
461.  1.463770E-15
462.  1.465165E-15
463.  1.466512E-15
464.  1.467811E-15
465.  1.469064E-15
466.  1.470270E-15
467.  1.471429E-15
468.  1.472542E-15
469.  1.473609E-15
470.  1.474630E-15
471.  1.475605E-15
472.  1.476536E-15
473.  1.477420E-15
474.  1.478260E-15
475.  1.479056E-15
476.  1.479807E-15
477.  1.480514E-15
478.  1.481177E-15
479.  1.481796E-15
480.  1.482372E-15
481.  1.482905E-15
482.  1.483394E-15
483.  1.483841E-15
484.  1.484245E-15
485.  1.484608E-15
486.  1.484928E-15
487.  1.485206E-15
488.  1.485443E-15
489.  1.485639E-15
490.  1.485793E-15
491.  1.485907E-15
492.  1.485980E-15
493.  1.486013E-15
494.  1.486006E-15
495.  1.485958E-15
496.  1.485871E-15
497.  1.485745E-15
498.  1.485579E-15
499.  1.485375E-15
500.  1.485131E-15
501.  1.484849E-15
502.  1.484529E-15
503.  1.484171E-15
504.  1.483774E-15
505.  1.483340E-15
506.  1.482869E-15
507.  1.482360E-15
508.  1.481814E-15
509.  1.481232E-15
510.  1.480612E-15
511.  1.479957E-15
512.  1.479265E-15
513.  1.478536E-15
514.  1.477773E-15
515.  1.476973E-15
516.  1.476138E-15
517.  1.475268E-15
518.  1.474362E-15
519.  1.473422E-15
520.  1.472448E-15
521.  1.471438E-15
522.  1.470395E-15
523.  1.469317E-15
524.  1.468205E-15
525.  1.467060E-15
526.  1.465881E-15
527.  1.464668E-15
528.  1.463423E-15
529.  1.462144E-15
530.  1.460832E-15
531.  1.459488E-15
532.  1.458112E-15
533.  1.456703E-15
534.  1.455262E-15
535.  1.453788E-15
536.  1.452284E-15
537.  1.450747E-15
538.  1.449179E-15
539.  1.447580E-15
540.  1.445950E-15
541.  1.444289E-15
542.  1.442597E-15
543.  1.440874E-15
544.  1.439121E-15
545.  1.437338E-15
546.  1.435525E-15
547.  1.433682E-15
548.  1.431809E-15
549.  1.429907E-15
550.  1.427975E-15
551.  1.426015E-15
552.  1.424025E-15
553.  1.422007E-15
554.  1.419959E-15
555.  1.417884E-15
556.  1.415780E-15
557.  1.413648E-15
558.  1.411489E-15
559.  1.409301E-15
560.  1.407086E-15
561.  1.404844E-15
562.  1.402575E-15
563.  1.400279E-15
564.  1.397956E-15
565.  1.395606E-15
566.  1.393230E-15
567.  1.390829E-15
568.  1.388401E-15
569.  1.385947E-15
570.  1.383468E-15
571.  1.380964E-15
572.  1.378435E-15
573.  1.375880E-15
574.  1.373302E-15
575.  1.370698E-15
576.  1.368071E-15
577.  1.365419E-15
578.  1.362744E-15
579.  1.360046E-15
580.  1.357324E-15
581.  1.354579E-15
582.  1.351811E-15
583.  1.349021E-15
584.  1.346208E-15
585.  1.343374E-15
586.  1.340517E-15
587.  1.337640E-15
588.  1.334740E-15
589.  1.331820E-15
590.  1.328879E-15
591.  1.325918E-15
592.  1.322936E-15
593.  1.319935E-15
594.  1.316913E-15
595.  1.313873E-15
596.  1.310813E-15
597.  1.307735E-15
598.  1.304638E-15
599.  1.301522E-15
600.  1.298389E-15
601.  1.295238E-15
602.  1.292070E-15
603.  1.288885E-15
604.  1.285683E-15
605.  1.282464E-15
606.  1.279230E-15
607.  1.275980E-15
608.  1.272714E-15
609.  1.269433E-15
610.  1.266137E-15
611.  1.262827E-15
612.  1.259503E-15
613.  1.256164E-15
614.  1.252813E-15
615.  1.249448E-15
616.  1.246070E-15
617.  1.242680E-15
618.  1.239278E-15
619.  1.235864E-15
620.  1.232438E-15
621.  1.229001E-15
622.  1.225554E-15
623.  1.222096E-15
624.  1.218628E-15
625.  1.215151E-15
626.  1.211664E-15
627.  1.208168E-15
628.  1.204664E-15
629.  1.201151E-15
630.  1.197631E-15
631.  1.194103E-15
632.  1.190568E-15
633.  1.187027E-15
634.  1.183479E-15
635.  1.179925E-15
636.  1.176365E-15
637.  1.172800E-15
638.  1.169231E-15
639.  1.165657E-15
640.  1.162078E-15
641.  1.158497E-15
642.  1.154911E-15
643.  1.151323E-15
644.  1.147733E-15
645.  1.144140E-15
646.  1.140545E-15
647.  1.136949E-15
648.  1.133353E-15
649.  1.129755E-15
650.  1.126157E-15
651.  1.122559E-15
652.  1.118962E-15
653.  1.115366E-15
654.  1.111771E-15
655.  1.108178E-15
656.  1.104587E-15
657.  1.100999E-15
658.  1.097413E-15
659.  1.093830E-15
660.  1.090251E-15
661.  1.086677E-15
662.  1.083106E-15
663.  1.079540E-15
664.  1.075980E-15
665.  1.072425E-15
666.  1.068876E-15
667.  1.065333E-15
668.  1.061797E-15
669.  1.058268E-15
670.  1.054746E-15
671.  1.051232E-15
672.  1.047726E-15
673.  1.044229E-15
674.  1.040741E-15
675.  1.037262E-15
676.  1.033792E-15
677.  1.030333E-15
678.  1.026884E-15
679.  1.023445E-15
680.  1.020018E-15
681.  1.016602E-15
682.  1.013198E-15
683.  1.009806E-15
684.  1.006426E-15
685.  1.003059E-15
686.  9.997054E-16
687.  9.963653E-16
688.  9.930390E-16
689.  9.897269E-16
690.  9.864292E-16
691.  9.831464E-16
692.  9.798786E-16
693.  9.766264E-16
694.  9.733901E-16
695.  9.701699E-16
696.  9.669661E-16
697.  9.637790E-16
698.  9.606092E-16
699.  9.574566E-16
700.  9.543216E-16
701.  9.512047E-16
702.  9.481060E-16
703.  9.450260E-16
704.  9.419650E-16
705.  9.389231E-16
706.  9.359004E-16
707.  9.328976E-16
708.  9.299149E-16
709.  9.269525E-16
710.  9.240107E-16
711.  9.210897E-16
712.  9.181896E-16
713.  9.153111E-16
714.  9.124541E-16
715.  9.096192E-16
716.  9.068063E-16
717.  9.040156E-16
718.  9.012479E-16
719.  8.985028E-16
720.  8.957810E-16
721.  8.930823E-16
722.  8.904074E-16
723.  8.877561E-16
724.  8.851290E-16
725.  8.825261E-16
726.  8.799475E-16
727.  8.773936E-16
728.  8.748646E-16
729.  8.723608E-16
730.  8.698821E-16
731.  8.674291E-16
732.  8.650016E-16
733.  8.625998E-16
734.  8.602241E-16
735.  8.578748E-16
736.  8.555516E-16
737.  8.532550E-16
738.  8.509852E-16
739.  8.487421E-16
740.  8.465260E-16
741.  8.443372E-16
742.  8.421756E-16
743.  8.400415E-16
744.  8.379351E-16
745.  8.358563E-16
746.  8.338054E-16
747.  8.317823E-16
748.  8.297875E-16
749.  8.278208E-16
750.  8.258823E-16
751.  8.239724E-16
752.  8.220909E-16
753.  8.202380E-16
754.  8.184139E-16
755.  8.166186E-16
756.  8.148519E-16
757.  8.131145E-16
758.  8.114058E-16
759.  8.097264E-16
760.  8.080760E-16
761.  8.064548E-16
762.  8.048628E-16
763.  8.033003E-16
764.  8.017669E-16
765.  8.002629E-16
766.  7.987883E-16
767.  7.973432E-16
768.  7.959275E-16
769.  7.945412E-16
770.  7.931844E-16
771.  7.918570E-16
772.  7.905591E-16
773.  7.892908E-16
774.  7.880517E-16
775.  7.868422E-16
776.  7.856620E-16
777.  7.845112E-16
778.  7.833898E-16
779.  7.822977E-16
780.  7.812347E-16
781.  7.802011E-16
782.  7.791968E-16
783.  7.782213E-16
784.  7.772750E-16
785.  7.763576E-16
786.  7.754691E-16
787.  7.746094E-16
788.  7.737785E-16
789.  7.729761E-16
790.  7.722024E-16
791.  7.714570E-16
792.  7.707401E-16
793.  7.700513E-16
794.  7.693905E-16
795.  7.687578E-16
796.  7.681530E-16
797.  7.675758E-16
798.  7.670262E-16
799.  7.665040E-16
800.  7.660093E-16
801.  7.655415E-16
802.  7.651008E-16
803.  7.646868E-16
804.  7.642995E-16
805.  7.639388E-16
806.  7.636041E-16
807.  7.632957E-16
808.  7.630133E-16
809.  7.627563E-16
810.  7.625251E-16
811.  7.623191E-16
812.  7.621382E-16
813.  7.619824E-16
814.  7.618510E-16
815.  7.617441E-16
816.  7.616616E-16
817.  7.616029E-16
818.  7.615682E-16
819.  7.615568E-16
820.  7.615689E-16
821.  7.616039E-16
822.  7.616617E-16
823.  7.617419E-16
824.  7.618447E-16
825.  7.619693E-16
826.  7.621158E-16
827.  7.622835E-16
828.  7.624726E-16
829.  7.626825E-16
830.  7.629132E-16
831.  7.631641E-16
832.  7.634352E-16
833.  7.637260E-16
834.  7.640363E-16
835.  7.643657E-16
836.  7.647140E-16
837.  7.650810E-16
838.  7.654662E-16
839.  7.658694E-16
840.  7.662902E-16
841.  7.667282E-16
842.  7.671835E-16
843.  7.676555E-16
844.  7.681438E-16
845.  7.686482E-16
846.  7.691683E-16
847.  7.697040E-16
848.  7.702546E-16
849.  7.708200E-16
850.  7.713999E-16
851.  7.719940E-16
852.  7.726018E-16
853.  7.732231E-16
854.  7.738575E-16
855.  7.745047E-16
856.  7.751643E-16
857.  7.758361E-16
858.  7.765196E-16
859.  7.772147E-16
860.  7.779208E-16
861.  7.786378E-16
862.  7.793651E-16
863.  7.801027E-16
864.  7.808499E-16
865.  7.816067E-16
866.  7.823726E-16
867.  7.831474E-16
868.  7.839304E-16
869.  7.847218E-16
870.  7.855210E-16
871.  7.863276E-16
872.  7.871414E-16
873.  7.879620E-16
874.  7.887892E-16
875.  7.896225E-16
876.  7.904619E-16
877.  7.913066E-16
878.  7.921569E-16
879.  7.930118E-16
880.  7.938718E-16
881.  7.947358E-16
882.  7.956039E-16
883.  7.964759E-16
884.  7.973513E-16
885.  7.982298E-16
886.  7.991112E-16
887.  7.999954E-16
888.  8.008817E-16
889.  8.017702E-16
890.  8.026604E-16
891.  8.035522E-16
892.  8.044452E-16
893.  8.053391E-16
894.  8.062337E-16
895.  8.071290E-16
896.  8.080244E-16
897.  8.089200E-16
898.  8.098150E-16
899.  8.107098E-16
900.  8.116039E-16
901.  8.124971E-16
902.  8.133892E-16
903.  8.142797E-16
904.  8.151688E-16
905.  8.160561E-16
906.  8.169415E-16
907.  8.178249E-16
908.  8.187058E-16
909.  8.195844E-16
910.  8.204603E-16
911.  8.213332E-16
912.  8.222033E-16
913.  8.230702E-16
914.  8.239338E-16
915.  8.247939E-16
916.  8.256504E-16
917.  8.265034E-16
918.  8.273526E-16
919.  8.281977E-16
920.  8.290388E-16
921.  8.298757E-16
922.  8.307085E-16
923.  8.315368E-16
924.  8.323607E-16
925.  8.331803E-16
926.  8.339953E-16
927.  8.348055E-16
928.  8.356111E-16
929.  8.364120E-16
930.  8.372080E-16
931.  8.379993E-16
932.  8.387856E-16
933.  8.395672E-16
934.  8.403437E-16
935.  8.411155E-16
936.  8.418824E-16
937.  8.426441E-16
938.  8.434012E-16
939.  8.441531E-16
940.  8.449003E-16
941.  8.456426E-16
942.  8.463803E-16
943.  8.471129E-16
944.  8.478410E-16
945.  8.485643E-16
946.  8.492831E-16
947.  8.499973E-16
948.  8.507071E-16
949.  8.514123E-16
950.  8.521133E-16
951.  8.528101E-16
952.  8.535027E-16
953.  8.541912E-16
954.  8.548760E-16
955.  8.555567E-16
956.  8.562341E-16
957.  8.569075E-16
958.  8.575776E-16
959.  8.582445E-16
960.  8.589080E-16
961.  8.595686E-16
962.  8.602263E-16
963.  8.608814E-16
964.  8.615337E-16
965.  8.621838E-16
966.  8.628316E-16
967.  8.634771E-16
968.  8.641212E-16
969.  8.647631E-16
970.  8.654039E-16
971.  8.660432E-16
972.  8.666813E-16
973.  8.673185E-16
974.  8.679549E-16
975.  8.685908E-16
976.  8.692265E-16
977.  8.698620E-16
978.  8.704977E-16
979.  8.711336E-16
980.  8.717701E-16
981.  8.724075E-16
982.  8.730458E-16
983.  8.736851E-16
984.  8.743260E-16
985.  8.749688E-16
986.  8.756133E-16
987.  8.762601E-16
988.  8.769093E-16
989.  8.775610E-16
990.  8.782157E-16
991.  8.788736E-16
992.  8.795347E-16
993.  8.801995E-16
994.  8.808682E-16
995.  8.815410E-16
996.  8.822182E-16
997.  8.829000E-16
998.  8.835868E-16
999.  8.842785E-16
1000.  8.849756E-16
1001.  8.856785E-16
1002.  8.863871E-16
1003.  8.871018E-16
1004.  8.878231E-16
1005.  8.885509E-16
1006.  8.892855E-16
1007.  8.900273E-16
1008.  8.907763E-16
1009.  8.915331E-16
1010.  8.922978E-16
1011.  8.930704E-16
1012.  8.938513E-16
1013.  8.946410E-16
1014.  8.954393E-16
1015.  8.962467E-16
1016.  8.970635E-16
1017.  8.978894E-16
1018.  8.987255E-16
1019.  8.995714E-16
1020.  9.004274E-16
1021.  9.012938E-16
1022.  9.021708E-16
1023.  9.030586E-16
1024.  9.039575E-16
1025.  9.048676E-16
1026.  9.057891E-16
1027.  9.067223E-16
1028.  9.076673E-16
1029.  9.086243E-16
1030.  9.095935E-16
1031.  9.105751E-16
1032.  9.115692E-16
1033.  9.125761E-16
1034.  9.135958E-16
1035.  9.146288E-16
1036.  9.156749E-16
1037.  9.167344E-16
1038.  9.178075E-16
1039.  9.188942E-16
1040.  9.199948E-16
1041.  9.211093E-16
1042.  9.222378E-16
1043.  9.233807E-16
1044.  9.245376E-16
1045.  9.257094E-16
1046.  9.268954E-16
1047.  9.280963E-16
1048.  9.293118E-16
1049.  9.305421E-16
1050.  9.317875E-16
1051.  9.330479E-16
1052.  9.343233E-16
1053.  9.356139E-16
1054.  9.369197E-16
1055.  9.382406E-16
1056.  9.395771E-16
1057.  9.409288E-16
1058.  9.422960E-16
1059.  9.436785E-16
1060.  9.450764E-16
1061.  9.464901E-16
1062.  9.479189E-16
1063.  9.493634E-16
1064.  9.508234E-16
1065.  9.522988E-16
1066.  9.537896E-16
1067.  9.552960E-16
1068.  9.568176E-16
1069.  9.583547E-16
1070.  9.599071E-16
1071.  9.614749E-16
1072.  9.630578E-16
1073.  9.646560E-16
1074.  9.662694E-16
1075.  9.678978E-16
1076.  9.695410E-16
1077.  9.711991E-16
1078.  9.728721E-16
1079.  9.745597E-16
1080.  9.762620E-16
1081.  9.779786E-16
1082.  9.797099E-16
1083.  9.814551E-16
1084.  9.832145E-16
1085.  9.849877E-16
1086.  9.867750E-16
1087.  9.885760E-16
1088.  9.903903E-16
1089.  9.922182E-16
1090.  9.940592E-16
1091.  9.959131E-16
1092.  9.977800E-16
1093.  9.996596E-16
1094.  1.001552E-15
1095.  1.003456E-15
1096.  1.005373E-15
1097.  1.007301E-15
1098.  1.009241E-15
1099.  1.011192E-15
1100.  1.013155E-15
1101.  1.015129E-15
1102.  1.017113E-15
1103.  1.019109E-15
1104.  1.021114E-15
1105.  1.023130E-15
1106.  1.025155E-15
1107.  1.027190E-15
1108.  1.029234E-15
1109.  1.031288E-15
1110.  1.033350E-15
1111.  1.035421E-15
1112.  1.037500E-15
1113.  1.039587E-15
1114.  1.041681E-15
1115.  1.043783E-15
1116.  1.045893E-15
1117.  1.048009E-15
1118.  1.050132E-15
1119.  1.052261E-15
1120.  1.054396E-15
1121.  1.056536E-15
1122.  1.058682E-15
1123.  1.060833E-15
1124.  1.062989E-15
1125.  1.065150E-15
1126.  1.067314E-15
1127.  1.069482E-15
1128.  1.071654E-15
1129.  1.073829E-15
1130.  1.076007E-15
1131.  1.078188E-15
1132.  1.080371E-15
1133.  1.082555E-15
1134.  1.084742E-15
1135.  1.086929E-15
1136.  1.089118E-15
1137.  1.091307E-15
1138.  1.093497E-15
1139.  1.095686E-15
1140.  1.097875E-15
1141.  1.100064E-15
1142.  1.102252E-15
1143.  1.104438E-15
1144.  1.106623E-15
1145.  1.108806E-15
1146.  1.110986E-15
1147.  1.113164E-15
1148.  1.115340E-15
1149.  1.117512E-15
1150.  1.119680E-15
1151.  1.121845E-15
1152.  1.124005E-15
1153.  1.126161E-15
1154.  1.128313E-15
1155.  1.130459E-15
1156.  1.132600E-15
1157.  1.134736E-15
1158.  1.136865E-15
1159.  1.138989E-15
1160.  1.141105E-15
1161.  1.143215E-15
1162.  1.145319E-15
1163.  1.147414E-15
1164.  1.149502E-15
1165.  1.151582E-15
1166.  1.153654E-15
1167.  1.155718E-15
1168.  1.157773E-15
1169.  1.159819E-15
1170.  1.161856E-15
1171.  1.163883E-15
1172.  1.165901E-15
1173.  1.167908E-15
1174.  1.169906E-15
1175.  1.171893E-15
1176.  1.173870E-15
1177.  1.175836E-15
1178.  1.177791E-15
1179.  1.179734E-15
1180.  1.181666E-15
1181.  1.183587E-15
1182.  1.185496E-15
1183.  1.187393E-15
1184.  1.189277E-15
1185.  1.191149E-15
1186.  1.193009E-15
1187.  1.194856E-15
1188.  1.196690E-15
1189.  1.198512E-15
1190.  1.200320E-15
1191.  1.202114E-15
1192.  1.203896E-15
1193.  1.205664E-15
1194.  1.207418E-15
1195.  1.209158E-15
1196.  1.210885E-15
1197.  1.212598E-15
1198.  1.214297E-15
1199.  1.215981E-15
1200.  1.217651E-15
1201.  1.219307E-15
1202.  1.220949E-15
1203.  1.222576E-15
1204.  1.224189E-15
1205.  1.225788E-15
1206.  1.227371E-15
1207.  1.228941E-15
1208.  1.230495E-15
1209.  1.232035E-15
1210.  1.233561E-15
1211.  1.235072E-15
1212.  1.236568E-15
1213.  1.238050E-15
1214.  1.239517E-15
1215.  1.240969E-15
1216.  1.242407E-15
1217.  1.243831E-15
1218.  1.245240E-15
1219.  1.246634E-15
1220.  1.248015E-15
1221.  1.249381E-15
1222.  1.250733E-15
1223.  1.252070E-15
1224.  1.253394E-15
1225.  1.254704E-15
1226.  1.256000E-15
1227.  1.257282E-15
1228.  1.258551E-15
1229.  1.259806E-15
1230.  1.261048E-15
1231.  1.262276E-15
1232.  1.263492E-15
1233.  1.264694E-15
1234.  1.265884E-15
1235.  1.267061E-15
1236.  1.268225E-15
1237.  1.269378E-15
1238.  1.270518E-15
1239.  1.271646E-15
1240.  1.272763E-15
1241.  1.273867E-15
1242.  1.274961E-15
1243.  1.276043E-15
1244.  1.277115E-15
1245.  1.278175E-15
1246.  1.279225E-15
1247.  1.280265E-15
1248.  1.281295E-15
1249.  1.282314E-15
1250.  1.283325E-15
1251.  1.284325E-15
1252.  1.285317E-15
1253.  1.286300E-15
1254.  1.287275E-15
1255.  1.288241E-15
1256.  1.289199E-15
1257.  1.290148E-15
1258.  1.291091E-15
1259.  1.292026E-15
1260.  1.292955E-15
1261.  1.293877E-15
1262.  1.294792E-15
1263.  1.295701E-15
1264.  1.296605E-15
1265.  1.297503E-15
1266.  1.298396E-15
1267.  1.299284E-15
1268.  1.300167E-15
1269.  1.301046E-15
1270.  1.301921E-15
1271.  1.302793E-15
1272.  1.303661E-15
1273.  1.304526E-15
1274.  1.305389E-15
1275.  1.306249E-15
1276.  1.307107E-15
1277.  1.307964E-15
1278.  1.308819E-15
1279.  1.309673E-15
1280.  1.310527E-15
1281.  1.311380E-15
1282.  1.312233E-15
1283.  1.313087E-15
1284.  1.313941E-15
1285.  1.314796E-15
1286.  1.315653E-15
1287.  1.316511E-15
1288.  1.317371E-15
1289.  1.318234E-15
1290.  1.319099E-15
1291.  1.319967E-15
1292.  1.320839E-15
1293.  1.321715E-15
1294.  1.322594E-15
1295.  1.323478E-15
1296.  1.324367E-15
1297.  1.325261E-15
1298.  1.326160E-15
1299.  1.327065E-15
1300.  1.327976E-15
1301.  1.328893E-15
1302.  1.329817E-15
1303.  1.330748E-15
1304.  1.331687E-15
1305.  1.332633E-15
1306.  1.333588E-15
1307.  1.334551E-15
1308.  1.335522E-15
1309.  1.336503E-15
1310.  1.337493E-15
1311.  1.338492E-15
1312.  1.339501E-15
1313.  1.340521E-15
1314.  1.341551E-15
1315.  1.342592E-15
1316.  1.343645E-15
1317.  1.344708E-15
1318.  1.345784E-15
1319.  1.346871E-15
1320.  1.347971E-15
1321.  1.349083E-15
1322.  1.350208E-15
1323.  1.351346E-15
1324.  1.352498E-15
1325.  1.353663E-15
1326.  1.354843E-15
1327.  1.356036E-15
1328.  1.357244E-15
1329.  1.358466E-15
1330.  1.359704E-15
1331.  1.360956E-15
1332.  1.362224E-15
1333.  1.363508E-15
1334.  1.364807E-15
1335.  1.366122E-15
1336.  1.367454E-15
1337.  1.368802E-15
1338.  1.370167E-15
1339.  1.371548E-15
1340.  1.372947E-15
1341.  1.374363E-15
1342.  1.375796E-15
1343.  1.377247E-15
1344.  1.378715E-15
1345.  1.380202E-15
1346.  1.381706E-15
1347.  1.383229E-15
1348.  1.384769E-15
1349.  1.386329E-15
1350.  1.387907E-15
1351.  1.389503E-15
1352.  1.391119E-15
1353.  1.392753E-15
1354.  1.394407E-15
1355.  1.396079E-15
1356.  1.397771E-15
1357.  1.399482E-15
1358.  1.401213E-15
1359.  1.402963E-15
1360.  1.404732E-15
1361.  1.406521E-15
1362.  1.408329E-15
1363.  1.410157E-15
1364.  1.412005E-15
1365.  1.413872E-15
1366.  1.415760E-15
1367.  1.417666E-15
1368.  1.419593E-15
1369.  1.421539E-15
1370.  1.423505E-15
1371.  1.425491E-15
1372.  1.427496E-15
1373.  1.429521E-15
1374.  1.431565E-15
1375.  1.433629E-15
1376.  1.435712E-15
1377.  1.437815E-15
1378.  1.439937E-15
1379.  1.442078E-15
1380.  1.444238E-15
1381.  1.446418E-15
1382.  1.448616E-15
1383.  1.450833E-15
1384.  1.453069E-15
1385.  1.455323E-15
1386.  1.457595E-15
1387.  1.459886E-15
1388.  1.462195E-15
1389.  1.464522E-15
1390.  1.466867E-15
1391.  1.469229E-15
1392.  1.471609E-15
1393.  1.474006E-15
1394.  1.476419E-15
1395.  1.478850E-15
1396.  1.481298E-15
1397.  1.483761E-15
1398.  1.486241E-15
1399.  1.488737E-15
1400.  1.491248E-15
1401.  1.493775E-15
1402.  1.496317E-15
1403.  1.498873E-15
1404.  1.501445E-15
1405.  1.504030E-15
1406.  1.506630E-15
1407.  1.509243E-15
1408.  1.511870E-15
1409.  1.514509E-15
1410.  1.517161E-15
1411.  1.519826E-15
1412.  1.522503E-15
1413.  1.525192E-15
1414.  1.527892E-15
1415.  1.530603E-15
1416.  1.533324E-15
1417.  1.536056E-15
1418.  1.538798E-15
1419.  1.541549E-15
1420.  1.544310E-15
1421.  1.547079E-15
1422.  1.549856E-15
1423.  1.552641E-15
1424.  1.555434E-15
1425.  1.558234E-15
1426.  1.561040E-15
1427.  1.563853E-15
1428.  1.566671E-15
1429.  1.569494E-15
1430.  1.572322E-15
1431.  1.575155E-15
1432.  1.577991E-15
1433.  1.580831E-15
1434.  1.583674E-15
1435.  1.586519E-15
1436.  1.589366E-15
1437.  1.592214E-15
1438.  1.595064E-15
1439.  1.597913E-15
1440.  1.600763E-15
1441.  1.603612E-15
1442.  1.606460E-15
1443.  1.609306E-15
1444.  1.612150E-15
1445.  1.614992E-15
1446.  1.617830E-15
1447.  1.620664E-15
1448.  1.623494E-15
1449.  1.626319E-15
1450.  1.629138E-15
1451.  1.631952E-15
1452.  1.634759E-15
1453.  1.637558E-15
1454.  1.640350E-15
1455.  1.643134E-15
1456.  1.645909E-15
1457.  1.648674E-15
1458.  1.651429E-15
1459.  1.654174E-15
1460.  1.656907E-15
1461.  1.659629E-15
1462.  1.662338E-15
1463.  1.665034E-15
1464.  1.667717E-15
1465.  1.670386E-15
1466.  1.673039E-15
1467.  1.675678E-15
1468.  1.678300E-15
1469.  1.680906E-15
1470.  1.683494E-15
1471.  1.686065E-15
1472.  1.688618E-15
1473.  1.691151E-15
1474.  1.693665E-15
1475.  1.696159E-15
1476.  1.698632E-15
1477.  1.701084E-15
1478.  1.703513E-15
1479.  1.705920E-15
1480.  1.708304E-15
1481.  1.710664E-15
1482.  1.712999E-15
1483.  1.715310E-15
1484.  1.717595E-15
1485.  1.719854E-15
1486.  1.722086E-15
1487.  1.724290E-15
1488.  1.726467E-15
1489.  1.728615E-15
1490.  1.730734E-15
1491.  1.732823E-15
1492.  1.734882E-15
1493.  1.736910E-15
1494.  1.738906E-15
1495.  1.740870E-15
1496.  1.742802E-15
1497.  1.744701E-15
1498.  1.746566E-15
1499.  1.748396E-15
1500.  1.750192E-15
1501.  1.751952E-15
1502.  1.753676E-15
1503.  1.755364E-15
1504.  1.757014E-15
1505.  1.758627E-15
1506.  1.760202E-15
1507.  1.761738E-15
1508.  1.763235E-15
1509.  1.764693E-15
1510.  1.766110E-15
1511.  1.767486E-15
1512.  1.768821E-15
1513.  1.770115E-15
1514.  1.771366E-15
1515.  1.772574E-15
1516.  1.773740E-15
1517.  1.774861E-15
1518.  1.775939E-15
1519.  1.776972E-15
1520.  1.777960E-15
1521.  1.778902E-15
1522.  1.779799E-15
1523.  1.780649E-15
1524.  1.781453E-15
1525.  1.782209E-15
1526.  1.782917E-15
1527.  1.783578E-15
1528.  1.784190E-15
1529.  1.784753E-15
1530.  1.785268E-15
1531.  1.785732E-15
1532.  1.786147E-15
1533.  1.786511E-15
1534.  1.786824E-15
1535.  1.787087E-15
1536.  1.787298E-15
1537.  1.787458E-15
1538.  1.787566E-15
1539.  1.787621E-15
1540.  1.787623E-15
1541.  1.787573E-15
1542.  1.787470E-15
1543.  1.787313E-15
1544.  1.787102E-15
1545.  1.786837E-15
1546.  1.786518E-15
1547.  1.786145E-15
1548.  1.785716E-15
1549.  1.785233E-15
1550.  1.784695E-15
1551.  1.784101E-15
1552.  1.783451E-15
1553.  1.782746E-15
1554.  1.781985E-15
1555.  1.781167E-15
1556.  1.780293E-15
1557.  1.779363E-15
1558.  1.778376E-15
1559.  1.777333E-15
1560.  1.776232E-15
1561.  1.775075E-15
1562.  1.773860E-15
1563.  1.772589E-15
1564.  1.771260E-15
1565.  1.769873E-15
1566.  1.768430E-15
1567.  1.766928E-15
1568.  1.765370E-15
1569.  1.763753E-15
1570.  1.762079E-15
1571.  1.760347E-15
1572.  1.758559E-15
1573.  1.756711E-15
1574.  1.754807E-15
1575.  1.752845E-15
1576.  1.750826E-15
1577.  1.748749E-15
1578.  1.746613E-15
1579.  1.744422E-15
1580.  1.742172E-15
1581.  1.739865E-15
1582.  1.737502E-15
1583.  1.735081E-15
1584.  1.732603E-15
1585.  1.730068E-15
1586.  1.727476E-15
1587.  1.724828E-15
1588.  1.722123E-15
1589.  1.719362E-15
1590.  1.716545E-15
1591.  1.713672E-15
1592.  1.710743E-15
1593.  1.707758E-15
1594.  1.704719E-15
1595.  1.701623E-15
1596.  1.698473E-15
1597.  1.695269E-15
1598.  1.692009E-15
1599.  1.688696E-15
1600.  1.685328E-15
1601.  1.681907E-15
1602.  1.678432E-15
1603.  1.674904E-15
1604.  1.671323E-15
1605.  1.667690E-15
1606.  1.664004E-15
1607.  1.660266E-15
1608.  1.656477E-15
1609.  1.652637E-15
1610.  1.648745E-15
1611.  1.644803E-15
1612.  1.640811E-15
1613.  1.636769E-15
1614.  1.632677E-15
1615.  1.628536E-15
1616.  1.624347E-15
1617.  1.620109E-15
1618.  1.615824E-15
1619.  1.611491E-15
1620.  1.607110E-15
1621.  1.602684E-15
1622.  1.598211E-15
1623.  1.593692E-15
1624.  1.589128E-15
1625.  1.584520E-15
1626.  1.579867E-15
1627.  1.575170E-15
1628.  1.570430E-15
1629.  1.565647E-15
1630.  1.560822E-15
1631.  1.555954E-15
1632.  1.551046E-15
1633.  1.546097E-15
1634.  1.541107E-15
1635.  1.536078E-15
1636.  1.531009E-15
1637.  1.525902E-15
1638.  1.520756E-15
1639.  1.515574E-15
1640.  1.510354E-15
1641.  1.505097E-15
1642.  1.499805E-15
1643.  1.494478E-15
1644.  1.489116E-15
1645.  1.483719E-15
1646.  1.478290E-15
1647.  1.472827E-15
1648.  1.467333E-15
1649.  1.461806E-15
1650.  1.456249E-15
1651.  1.450661E-15
1652.  1.445043E-15
1653.  1.439397E-15
1654.  1.433721E-15
1655.  1.428018E-15
1656.  1.422288E-15
1657.  1.416531E-15
1658.  1.410748E-15
1659.  1.404940E-15
1660.  1.399107E-15
1661.  1.393251E-15
1662.  1.387371E-15
1663.  1.381469E-15
1664.  1.375545E-15
1665.  1.369599E-15
1666.  1.363633E-15
1667.  1.357647E-15
1668.  1.351642E-15
1669.  1.345619E-15
1670.  1.339578E-15
1671.  1.333519E-15
1672.  1.327445E-15
1673.  1.321354E-15
1674.  1.315249E-15
1675.  1.309129E-15
1676.  1.302996E-15
1677.  1.296850E-15
1678.  1.290692E-15
1679.  1.284522E-15
1680.  1.278342E-15
1681.  1.272152E-15
1682.  1.265952E-15
1683.  1.259744E-15
1684.  1.253528E-15
1685.  1.247305E-15
1686.  1.241075E-15
1687.  1.234840E-15
1688.  1.228600E-15
1689.  1.222355E-15
1690.  1.216107E-15
1691.  1.209856E-15
1692.  1.203603E-15
1693.  1.197349E-15
1694.  1.191094E-15
1695.  1.184839E-15
1696.  1.178585E-15
1697.  1.172332E-15
1698.  1.166081E-15
1699.  1.159834E-15
1700.  1.153590E-15
1701.  1.147350E-15
1702.  1.141116E-15
1703.  1.134887E-15
1704.  1.128664E-15
1705.  1.122449E-15
1706.  1.116242E-15
1707.  1.110043E-15
1708.  1.103854E-15
1709.  1.097674E-15
1710.  1.091505E-15
1711.  1.085348E-15
1712.  1.079202E-15
1713.  1.073070E-15
1714.  1.066950E-15
1715.  1.060845E-15
1716.  1.054755E-15
1717.  1.048680E-15
1718.  1.042621E-15
1719.  1.036579E-15
1720.  1.030554E-15
1721.  1.024548E-15
1722.  1.018560E-15
1723.  1.012592E-15
1724.  1.006644E-15
1725.  1.000716E-15
1726.  9.948101E-16
1727.  9.889262E-16
1728.  9.830647E-16
1729.  9.772265E-16
1730.  9.714122E-16
1731.  9.656224E-16
1732.  9.598578E-16
1733.  9.541190E-16
1734.  9.484063E-16
1735.  9.427208E-16
1736.  9.370628E-16
1737.  9.314326E-16
1738.  9.258314E-16
1739.  9.202594E-16
1740.  9.147173E-16
1741.  9.092058E-16
1742.  9.037251E-16
1743.  8.982760E-16
1744.  8.928589E-16
1745.  8.874746E-16
1746.  8.821236E-16
1747.  8.768063E-16
1748.  8.715231E-16
1749.  8.662747E-16
1750.  8.610617E-16
1751.  8.558845E-16
1752.  8.507437E-16
1753.  8.456397E-16
1754.  8.405727E-16
1755.  8.355439E-16
1756.  8.305533E-16
1757.  8.256013E-16
1758.  8.206886E-16
1759.  8.158155E-16
1760.  8.109827E-16
1761.  8.061904E-16
1762.  8.014392E-16
1763.  7.967292E-16
1764.  7.920614E-16
1765.  7.874358E-16
1766.  7.828527E-16
1767.  7.783130E-16
1768.  7.738166E-16
1769.  7.693642E-16
1770.  7.649560E-16
1771.  7.605926E-16
1772.  7.562742E-16
1773.  7.520013E-16
1774.  7.477740E-16
1775.  7.435929E-16
1776.  7.394581E-16
1777.  7.353702E-16
1778.  7.313294E-16
1779.  7.273362E-16
1780.  7.233905E-16
1781.  7.194929E-16
1782.  7.156436E-16
1783.  7.118432E-16
1784.  7.080914E-16
1785.  7.043889E-16
1786.  7.007360E-16
1787.  6.971327E-16
1788.  6.935793E-16
1789.  6.900764E-16
1790.  6.866236E-16
1791.  6.832219E-16
1792.  6.798708E-16
1793.  6.765710E-16
1794.  6.733225E-16
1795.  6.701254E-16
1796.  6.669803E-16
1797.  6.638870E-16
1798.  6.608458E-16
1799.  6.578569E-16
1800.  6.549205E-16
1801.  6.520364E-16
1802.  6.492053E-16
1803.  6.464272E-16
1804.  6.437020E-16
1805.  6.410299E-16
1806.  6.384112E-16
1807.  6.358457E-16
1808.  6.333338E-16
1809.  6.308753E-16
1810.  6.284708E-16
1811.  6.261198E-16
1812.  6.238226E-16
1813.  6.215795E-16
1814.  6.193902E-16
1815.  6.172548E-16
1816.  6.151738E-16
1817.  6.131466E-16
1818.  6.111737E-16
1819.  6.092548E-16
1820.  6.073902E-16
1821.  6.055797E-16
1822.  6.038233E-16
1823.  6.021212E-16
1824.  6.004732E-16
1825.  5.988793E-16
1826.  5.973395E-16
1827.  5.958538E-16
1828.  5.944221E-16
1829.  5.930445E-16
1830.  5.917207E-16
1831.  5.904508E-16
1832.  5.892349E-16
1833.  5.880724E-16
1834.  5.869638E-16
1835.  5.859085E-16
1836.  5.849067E-16
1837.  5.839584E-16
1838.  5.830633E-16
1839.  5.822213E-16
1840.  5.814322E-16
1841.  5.806960E-16
1842.  5.800126E-16
1843.  5.793819E-16
1844.  5.788033E-16
1845.  5.782771E-16
1846.  5.778031E-16
1847.  5.773810E-16
1848.  5.770106E-16
1849.  5.766919E-16
1850.  5.764244E-16
1851.  5.762081E-16
1852.  5.760430E-16
1853.  5.759285E-16
1854.  5.758645E-16
1855.  5.758509E-16
1856.  5.758875E-16
1857.  5.759739E-16
1858.  5.761099E-16
1859.  5.762952E-16
1860.  5.765297E-16
1861.  5.768130E-16
1862.  5.771451E-16
1863.  5.775252E-16
1864.  5.779536E-16
1865.  5.784295E-16
1866.  5.789532E-16
1867.  5.795238E-16
1868.  5.801414E-16
1869.  5.808056E-16
1870.  5.815159E-16
1871.  5.822722E-16
1872.  5.830741E-16
1873.  5.839212E-16
1874.  5.848134E-16
1875.  5.857501E-16
1876.  5.867310E-16
1877.  5.877558E-16
1878.  5.888242E-16
1879.  5.899357E-16
1880.  5.910901E-16
1881.  5.922868E-16
1882.  5.935255E-16
1883.  5.948059E-16
1884.  5.961277E-16
1885.  5.974902E-16
1886.  5.988933E-16
1887.  6.003363E-16
1888.  6.018191E-16
1889.  6.033411E-16
1890.  6.049020E-16
1891.  6.065011E-16
1892.  6.081383E-16
1893.  6.098130E-16
1894.  6.115248E-16
1895.  6.132731E-16
1896.  6.150578E-16
1897.  6.168782E-16
1898.  6.187338E-16
1899.  6.206243E-16
1900.  6.225492E-16
1901.  6.245079E-16
1902.  6.265001E-16
1903.  6.285251E-16
1904.  6.305828E-16
1905.  6.326723E-16
1906.  6.347933E-16
1907.  6.369453E-16
1908.  6.391279E-16
1909.  6.413402E-16
1910.  6.435823E-16
1911.  6.458533E-16
1912.  6.481527E-16
1913.  6.504800E-16
1914.  6.528350E-16
1915.  6.552169E-16
1916.  6.576251E-16
1917.  6.600591E-16
1918.  6.625184E-16
1919.  6.650028E-16
1920.  6.675112E-16
1921.  6.700435E-16
1922.  6.725988E-16
1923.  6.751771E-16
1924.  6.777773E-16
1925.  6.803991E-16
1926.  6.830420E-16
1927.  6.857052E-16
1928.  6.883885E-16
1929.  6.910910E-16
1930.  6.938124E-16
1931.  6.965521E-16
1932.  6.993094E-16
1933.  7.020839E-16
1934.  7.048750E-16
1935.  7.076819E-16
1936.  7.105045E-16
1937.  7.133419E-16
1938.  7.161935E-16
1939.  7.190588E-16
1940.  7.219374E-16
1941.  7.248286E-16
1942.  7.277317E-16
1943.  7.306463E-16
1944.  7.335719E-16
1945.  7.365077E-16
1946.  7.394533E-16
1947.  7.424081E-16
1948.  7.453714E-16
1949.  7.483428E-16
1950.  7.513216E-16
1951.  7.543074E-16
1952.  7.572994E-16
1953.  7.602972E-16
1954.  7.633001E-16
1955.  7.663078E-16
1956.  7.693193E-16
1957.  7.723345E-16
1958.  7.753524E-16
1959.  7.783729E-16
1960.  7.813950E-16
1961.  7.844184E-16
1962.  7.874424E-16
1963.  7.904666E-16
1964.  7.934903E-16
1965.  7.965129E-16
1966.  7.995341E-16
1967.  8.025531E-16
1968.  8.055697E-16
1969.  8.085828E-16
1970.  8.115923E-16
1971.  8.145977E-16
1972.  8.175981E-16
1973.  8.205931E-16
1974.  8.235823E-16
1975.  8.265651E-16
1976.  8.295412E-16
1977.  8.325096E-16
1978.  8.354700E-16
1979.  8.384221E-16
1980.  8.413651E-16
1981.  8.442987E-16
1982.  8.472222E-16
1983.  8.501353E-16
1984.  8.530374E-16
1985.  8.559281E-16
1986.  8.588067E-16
1987.  8.616729E-16
1988.  8.645261E-16
1989.  8.673661E-16
1990.  8.701920E-16
1991.  8.730038E-16
1992.  8.758008E-16
1993.  8.785824E-16
1994.  8.813485E-16
1995.  8.840984E-16
1996.  8.868318E-16
1997.  8.895482E-16
1998.  8.922471E-16
1999.  8.949284E-16
2000.  8.975913E-16
2001.  9.002355E-16
2002.  9.028606E-16
2003.  9.054664E-16
2004.  9.080522E-16
2005.  9.106178E-16
2006.  9.131629E-16
2007.  9.156871E-16
2008.  9.181899E-16
2009.  9.206708E-16
2010.  9.231299E-16
2011.  9.255663E-16
2012.  9.279804E-16
2013.  9.303709E-16
2014.  9.327385E-16
2015.  9.350821E-16
2016.  9.374018E-16
2017.  9.396973E-16
2018.  9.419681E-16
2019.  9.442139E-16
2020.  9.464347E-16
2021.  9.486299E-16
2022.  9.507994E-16
2023.  9.529429E-16
2024.  9.550601E-16
2025.  9.571511E-16
2026.  9.592153E-16
2027.  9.612526E-16
2028.  9.632626E-16
2029.  9.652454E-16
2030.  9.672006E-16
2031.  9.691279E-16
2032.  9.710275E-16
2033.  9.728989E-16
2034.  9.747420E-16
2035.  9.765567E-16
2036.  9.783426E-16
2037.  9.800999E-16
2038.  9.818284E-16
2039.  9.835278E-16
2040.  9.851982E-16
2041.  9.868391E-16
2042.  9.884508E-16
2043.  9.900331E-16
2044.  9.915858E-16
2045.  9.931090E-16
2046.  9.946023E-16
2047.  9.960662E-16
2048.  9.975002E-16
2049.  9.989042E-16
2050.  1.000279E-15
2051.  1.001623E-15
2052.  1.002937E-15
2053.  1.004222E-15
2054.  1.005477E-15
2055.  1.006702E-15
2056.  1.007897E-15
2057.  1.009062E-15
2058.  1.010197E-15
2059.  1.011303E-15
2060.  1.012378E-15
2061.  1.013425E-15
2062.  1.014441E-15
2063.  1.015428E-15
2064.  1.016386E-15
2065.  1.017315E-15
2066.  1.018214E-15
2067.  1.019084E-15
2068.  1.019925E-15
2069.  1.020737E-15
2070.  1.021521E-15
2071.  1.022276E-15
2072.  1.023003E-15
2073.  1.023701E-15
2074.  1.024371E-15
2075.  1.025014E-15
2076.  1.025628E-15
2077.  1.026216E-15
2078.  1.026776E-15
2079.  1.027309E-15
2080.  1.027815E-15
2081.  1.028295E-15
2082.  1.028748E-15
2083.  1.029174E-15
2084.  1.029576E-15
2085.  1.029951E-15
2086.  1.030301E-15
2087.  1.030626E-15
2088.  1.030926E-15
2089.  1.031202E-15
2090.  1.031453E-15
2091.  1.031681E-15
2092.  1.031885E-15
2093.  1.032066E-15
2094.  1.032223E-15
2095.  1.032359E-15
2096.  1.032472E-15
2097.  1.032562E-15
2098.  1.032632E-15
2099.  1.032680E-15
2100.  1.032707E-15
2101.  1.032714E-15
2102.  1.032701E-15
2103.  1.032668E-15
2104.  1.032615E-15
2105.  1.032544E-15
2106.  1.032454E-15
2107.  1.032346E-15
2108.  1.032220E-15
2109.  1.032077E-15
2110.  1.031917E-15
2111.  1.031741E-15
2112.  1.031548E-15
2113.  1.031340E-15
2114.  1.031117E-15
2115.  1.030879E-15
2116.  1.030626E-15
2117.  1.030361E-15
2118.  1.030081E-15
2119.  1.029789E-15
2120.  1.029484E-15
2121.  1.029167E-15
2122.  1.028839E-15
2123.  1.028500E-15
2124.  1.028150E-15
2125.  1.027790E-15
2126.  1.027420E-15
2127.  1.027042E-15
2128.  1.026655E-15
2129.  1.026259E-15
2130.  1.025856E-15
2131.  1.025446E-15
2132.  1.025030E-15
2133.  1.024607E-15
2134.  1.024178E-15
2135.  1.023744E-15
2136.  1.023306E-15
2137.  1.022863E-15
2138.  1.022417E-15
2139.  1.021968E-15
2140.  1.021516E-15
2141.  1.021061E-15
2142.  1.020606E-15
2143.  1.020149E-15
2144.  1.019691E-15
2145.  1.019233E-15
2146.  1.018776E-15
2147.  1.018320E-15
2148.  1.017864E-15
2149.  1.017411E-15
2150.  1.016960E-15
2151.  1.016512E-15
2152.  1.016067E-15
2153.  1.015626E-15
2154.  1.015189E-15
2155.  1.014757E-15
2156.  1.014331E-15
2157.  1.013910E-15
2158.  1.013495E-15
2159.  1.013087E-15
2160.  1.012686E-15
2161.  1.012293E-15
2162.  1.011908E-15
2163.  1.011531E-15
2164.  1.011164E-15
2165.  1.010806E-15
2166.  1.010458E-15
2167.  1.010120E-15
2168.  1.009793E-15
2169.  1.009477E-15
2170.  1.009173E-15
2171.  1.008881E-15
2172.  1.008602E-15
2173.  1.008335E-15
2174.  1.008082E-15
2175.  1.007842E-15
2176.  1.007617E-15
2177.  1.007406E-15
2178.  1.007209E-15
2179.  1.007028E-15
2180.  1.006863E-15
2181.  1.006714E-15
2182.  1.006581E-15
2183.  1.006465E-15
2184.  1.006366E-15
2185.  1.006284E-15
2186.  1.006220E-15
2187.  1.006173E-15
2188.  1.006146E-15
2189.  1.006137E-15
2190.  1.006146E-15
2191.  1.006175E-15
2192.  1.006224E-15
2193.  1.006292E-15
2194.  1.006380E-15
2195.  1.006489E-15
2196.  1.006618E-15
2197.  1.006768E-15
2198.  1.006939E-15
2199.  1.007131E-15
2200.  1.007345E-15
2201.  1.007580E-15
2202.  1.007837E-15
2203.  1.008117E-15
2204.  1.008418E-15
2205.  1.008742E-15
2206.  1.009088E-15
2207.  1.009458E-15
2208.  1.009850E-15
2209.  1.010265E-15
2210.  1.010703E-15
2211.  1.011164E-15
2212.  1.011648E-15
2213.  1.012157E-15
2214.  1.012688E-15
2215.  1.013243E-15
2216.  1.013822E-15
2217.  1.014424E-15
2218.  1.015050E-15
2219.  1.015700E-15
2220.  1.016374E-15
2221.  1.017071E-15
2222.  1.017793E-15
2223.  1.018538E-15
2224.  1.019307E-15
2225.  1.020100E-15
2226.  1.020916E-15
2227.  1.021757E-15
2228.  1.022621E-15
2229.  1.023509E-15
2230.  1.024420E-15
2231.  1.025355E-15
2232.  1.026313E-15
2233.  1.027294E-15
2234.  1.028299E-15
2235.  1.029326E-15
2236.  1.030377E-15
2237.  1.031451E-15
2238.  1.032547E-15
2239.  1.033665E-15
2240.  1.034807E-15
2241.  1.035970E-15
2242.  1.037155E-15
2243.  1.038362E-15
2244.  1.039591E-15
2245.  1.040841E-15
2246.  1.042113E-15
2247.  1.043405E-15
2248.  1.044719E-15
2249.  1.046053E-15
2250.  1.047407E-15
2251.  1.048781E-15
2252.  1.050175E-15
2253.  1.051589E-15
2254.  1.053022E-15
2255.  1.054473E-15
2256.  1.055944E-15
2257.  1.057433E-15
2258.  1.058940E-15
2259.  1.060465E-15
2260.  1.062007E-15
2261.  1.063566E-15
2262.  1.065142E-15
2263.  1.066734E-15
2264.  1.068343E-15
2265.  1.069967E-15
2266.  1.071607E-15
2267.  1.073262E-15
2268.  1.074931E-15
2269.  1.076615E-15
2270.  1.078312E-15
2271.  1.080023E-15
2272.  1.081747E-15
2273.  1.083485E-15
2274.  1.085234E-15
2275.  1.086995E-15
2276.  1.088767E-15
2277.  1.090551E-15
2278.  1.092345E-15
2279.  1.094150E-15
2280.  1.095964E-15
2281.  1.097788E-15
2282.  1.099620E-15
2283.  1.101461E-15
2284.  1.103310E-15
2285.  1.105167E-15
2286.  1.107030E-15
2287.  1.108901E-15
2288.  1.110777E-15
2289.  1.112659E-15
2290.  1.114547E-15
2291.  1.116439E-15
2292.  1.118336E-15
2293.  1.120236E-15
2294.  1.122140E-15
2295.  1.124047E-15
2296.  1.125956E-15
2297.  1.127867E-15
2298.  1.129780E-15
2299.  1.131693E-15
2300.  1.133607E-15
2301.  1.135521E-15
2302.  1.137434E-15
2303.  1.139347E-15
2304.  1.141258E-15
2305.  1.143167E-15
2306.  1.145073E-15
2307.  1.146977E-15
2308.  1.148877E-15
2309.  1.150773E-15
2310.  1.152665E-15
2311.  1.154551E-15
2312.  1.156433E-15
2313.  1.158308E-15
2314.  1.160177E-15
2315.  1.162039E-15
2316.  1.163894E-15
2317.  1.165741E-15
2318.  1.167579E-15
2319.  1.169408E-15
2320.  1.171229E-15
2321.  1.173039E-15
2322.  1.174839E-15
2323.  1.176628E-15
2324.  1.178406E-15
2325.  1.180173E-15
2326.  1.181927E-15
2327.  1.183668E-15
2328.  1.185396E-15
2329.  1.187111E-15
2330.  1.188811E-15
2331.  1.190497E-15
2332.  1.192168E-15
2333.  1.193823E-15
2334.  1.195462E-15
2335.  1.197085E-15
2336.  1.198691E-15
2337.  1.200280E-15
2338.  1.201850E-15
2339.  1.203403E-15
2340.  1.204937E-15
2341.  1.206452E-15
2342.  1.207948E-15
2343.  1.209424E-15
2344.  1.210879E-15
2345.  1.212313E-15
2346.  1.213726E-15
2347.  1.215118E-15
2348.  1.216488E-15
2349.  1.217835E-15
2350.  1.219160E-15
2351.  1.220461E-15
2352.  1.221738E-15
2353.  1.222992E-15
2354.  1.224221E-15
2355.  1.225426E-15
2356.  1.226605E-15
2357.  1.227759E-15
2358.  1.228887E-15
2359.  1.229989E-15
2360.  1.231064E-15
2361.  1.232112E-15
2362.  1.233133E-15
2363.  1.234127E-15
2364.  1.235092E-15
2365.  1.236029E-15
2366.  1.236938E-15
2367.  1.237818E-15
2368.  1.238668E-15
2369.  1.239489E-15
2370.  1.240280E-15
2371.  1.241041E-15
2372.  1.241771E-15
2373.  1.242471E-15
2374.  1.243140E-15
2375.  1.243777E-15
2376.  1.244383E-15
2377.  1.244957E-15
2378.  1.245499E-15
2379.  1.246009E-15
2380.  1.246486E-15
2381.  1.246930E-15
2382.  1.247341E-15
2383.  1.247720E-15
2384.  1.248064E-15
2385.  1.248375E-15
2386.  1.248651E-15
2387.  1.248894E-15
2388.  1.249102E-15
2389.  1.249276E-15
2390.  1.249415E-15
2391.  1.249519E-15
2392.  1.249589E-15
2393.  1.249622E-15
2394.  1.249621E-15
2395.  1.249584E-15
2396.  1.249511E-15
2397.  1.249402E-15
2398.  1.249257E-15
2399.  1.249077E-15
2400.  1.248860E-15
2401.  1.248606E-15
2402.  1.248316E-15
2403.  1.247990E-15
2404.  1.247626E-15
2405.  1.247227E-15
2406.  1.246790E-15
2407.  1.246316E-15
2408.  1.245805E-15
2409.  1.245257E-15
2410.  1.244672E-15
2411.  1.244050E-15
2412.  1.243391E-15
2413.  1.242694E-15
2414.  1.241960E-15
2415.  1.241188E-15
2416.  1.240379E-15
2417.  1.239533E-15
2418.  1.238650E-15
2419.  1.237729E-15
2420.  1.236770E-15
2421.  1.235774E-15
2422.  1.234742E-15
2423.  1.233671E-15
2424.  1.232563E-15
2425.  1.231418E-15
2426.  1.230236E-15
2427.  1.229016E-15
2428.  1.227760E-15
2429.  1.226466E-15
2430.  1.225135E-15
2431.  1.223768E-15
2432.  1.222363E-15
2433.  1.220922E-15
2434.  1.219444E-15
2435.  1.217930E-15
2436.  1.216379E-15
2437.  1.214792E-15
2438.  1.213168E-15
2439.  1.211508E-15
2440.  1.209813E-15
2441.  1.208082E-15
2442.  1.206314E-15
2443.  1.204512E-15
2444.  1.202674E-15
2445.  1.200800E-15
2446.  1.198892E-15
2447.  1.196949E-15
2448.  1.194971E-15
2449.  1.192958E-15
2450.  1.190912E-15
2451.  1.188830E-15
2452.  1.186716E-15
2453.  1.184567E-15
2454.  1.182385E-15
2455.  1.180169E-15
2456.  1.177920E-15
2457.  1.175639E-15
2458.  1.173324E-15
2459.  1.170978E-15
2460.  1.168599E-15
2461.  1.166189E-15
2462.  1.163746E-15
2463.  1.161273E-15
2464.  1.158768E-15
2465.  1.156232E-15
2466.  1.153666E-15
2467.  1.151069E-15
2468.  1.148442E-15
2469.  1.145786E-15
2470.  1.143100E-15
2471.  1.140385E-15
2472.  1.137641E-15
2473.  1.134869E-15
2474.  1.132068E-15
2475.  1.129239E-15
2476.  1.126383E-15
2477.  1.123499E-15
2478.  1.120588E-15
2479.  1.117651E-15
2480.  1.114687E-15
2481.  1.111697E-15
2482.  1.108682E-15
2483.  1.105642E-15
2484.  1.102576E-15
2485.  1.099486E-15
2486.  1.096371E-15
2487.  1.093232E-15
2488.  1.090070E-15
2489.  1.086885E-15
2490.  1.083676E-15
2491.  1.080446E-15
2492.  1.077193E-15
2493.  1.073918E-15
2494.  1.070622E-15
2495.  1.067305E-15
2496.  1.063967E-15
2497.  1.060609E-15
2498.  1.057231E-15
2499.  1.053834E-15
2500.  1.050417E-15
2501.  1.046982E-15
2502.  1.043528E-15
2503.  1.040056E-15
2504.  1.036567E-15
2505.  1.033060E-15
2506.  1.029537E-15
2507.  1.025997E-15
2508.  1.022441E-15
2509.  1.018869E-15
2510.  1.015282E-15
2511.  1.011680E-15
2512.  1.008064E-15
2513.  1.004434E-15
2514.  1.000789E-15
2515.  9.971321E-16
2516.  9.934617E-16
2517.  9.897785E-16
2518.  9.860836E-16
2519.  9.823767E-16
2520.  9.786584E-16
2521.  9.749292E-16
2522.  9.711892E-16
2523.  9.674393E-16
2524.  9.636793E-16
2525.  9.599099E-16
2526.  9.561314E-16
2527.  9.523443E-16
2528.  9.485490E-16
2529.  9.447458E-16
2530.  9.409348E-16
2531.  9.371167E-16
2532.  9.332918E-16
2533.  9.294606E-16
2534.  9.256232E-16
2535.  9.217801E-16
2536.  9.179316E-16
2537.  9.140784E-16
2538.  9.102203E-16
2539.  9.063580E-16
2540.  9.024919E-16
2541.  8.986221E-16
2542.  8.947493E-16
2543.  8.908736E-16
2544.  8.869952E-16
2545.  8.831149E-16
2546.  8.792326E-16
2547.  8.753486E-16
2548.  8.714638E-16
2549.  8.675779E-16
2550.  8.636916E-16
2551.  8.598051E-16
2552.  8.559186E-16
2553.  8.520327E-16
2554.  8.481475E-16
2555.  8.442633E-16
2556.  8.403804E-16
2557.  8.364991E-16
2558.  8.326198E-16
2559.  8.287428E-16
2560.  8.248683E-16
2561.  8.209964E-16
2562.  8.171278E-16
2563.  8.132624E-16
2564.  8.094006E-16
2565.  8.055428E-16
2566.  8.016890E-16
2567.  7.978396E-16
2568.  7.939948E-16
2569.  7.901550E-16
2570.  7.863202E-16
2571.  7.824908E-16
2572.  7.786671E-16
2573.  7.748493E-16
2574.  7.710374E-16
2575.  7.672317E-16
2576.  7.634326E-16
2577.  7.596402E-16
2578.  7.558547E-16
2579.  7.520762E-16
2580.  7.483051E-16
2581.  7.445415E-16
2582.  7.407856E-16
2583.  7.370375E-16
2584.  7.332974E-16
2585.  7.295656E-16
2586.  7.258420E-16
2587.  7.221272E-16
2588.  7.184209E-16
2589.  7.147237E-16
2590.  7.110351E-16
2591.  7.073560E-16
2592.  7.036860E-16
2593.  7.000256E-16
2594.  6.963745E-16
2595.  6.927332E-16
2596.  6.891019E-16
2597.  6.854803E-16
2598.  6.818688E-16
2599.  6.782675E-16
2600.  6.746762E-16
2601.  6.710955E-16
2602.  6.675251E-16
2603.  6.639654E-16
2604.  6.604161E-16
2605.  6.568778E-16
2606.  6.533500E-16
2607.  6.498332E-16
2608.  6.463274E-16
2609.  6.428325E-16
2610.  6.393486E-16
2611.  6.358759E-16
2612.  6.324144E-16
2613.  6.289640E-16
2614.  6.255250E-16
2615.  6.220973E-16
2616.  6.186809E-16
2617.  6.152759E-16
2618.  6.118824E-16
2619.  6.085003E-16
2620.  6.051297E-16
2621.  6.017706E-16
2622.  5.984231E-16
2623.  5.950870E-16
2624.  5.917625E-16
2625.  5.884496E-16
2626.  5.851484E-16
2627.  5.818586E-16
2628.  5.785805E-16
2629.  5.753139E-16
2630.  5.720589E-16
2631.  5.688154E-16
2632.  5.655838E-16
2633.  5.623634E-16
2634.  5.591546E-16
2635.  5.559575E-16
2636.  5.527718E-16
2637.  5.495976E-16
2638.  5.464349E-16
2639.  5.432837E-16
2640.  5.401437E-16
2641.  5.370153E-16
2642.  5.338983E-16
2643.  5.307925E-16
2644.  5.276982E-16
2645.  5.246150E-16
2646.  5.215432E-16
2647.  5.184824E-16
2648.  5.154330E-16
2649.  5.123946E-16
2650.  5.093672E-16
2651.  5.063510E-16
2652.  5.033457E-16
2653.  5.003514E-16
2654.  4.973681E-16
2655.  4.943958E-16
2656.  4.914341E-16
2657.  4.884834E-16
2658.  4.855432E-16
2659.  4.826139E-16
2660.  4.796951E-16
2661.  4.767871E-16
2662.  4.738894E-16
2663.  4.710025E-16
2664.  4.681258E-16
2665.  4.652596E-16
2666.  4.624041E-16
2667.  4.595586E-16
2668.  4.567233E-16
2669.  4.538985E-16
2670.  4.510838E-16
2671.  4.482792E-16
2672.  4.454847E-16
2673.  4.427003E-16
2674.  4.399260E-16
2675.  4.371615E-16
2676.  4.344070E-16
2677.  4.316624E-16
2678.  4.289276E-16
2679.  4.262026E-16
2680.  4.234874E-16
2681.  4.207818E-16
2682.  4.180860E-16
2683.  4.153998E-16
2684.  4.127233E-16
2685.  4.100563E-16
2686.  4.073987E-16
2687.  4.047508E-16
2688.  4.021122E-16
2689.  3.994831E-16
2690.  3.968634E-16
2691.  3.942532E-16
2692.  3.916523E-16
2693.  3.890607E-16
2694.  3.864783E-16
2695.  3.839051E-16
2696.  3.813414E-16
2697.  3.787868E-16
2698.  3.762414E-16
2699.  3.737053E-16
2700.  3.711782E-16
2701.  3.686603E-16
2702.  3.661515E-16
2703.  3.636520E-16
2704.  3.611614E-16
2705.  3.586800E-16
2706.  3.562077E-16
2707.  3.537444E-16
2708.  3.512903E-16
2709.  3.488451E-16
2710.  3.464091E-16
2711.  3.439821E-16
2712.  3.415641E-16
2713.  3.391552E-16
2714.  3.367554E-16
2715.  3.343646E-16
2716.  3.319830E-16
2717.  3.296103E-16
2718.  3.272466E-16
2719.  3.248921E-16
2720.  3.225468E-16
2721.  3.202104E-16
2722.  3.178832E-16
2723.  3.155650E-16
2724.  3.132560E-16
2725.  3.109561E-16
2726.  3.086654E-16
2727.  3.063839E-16
2728.  3.041115E-16
2729.  3.018483E-16
2730.  2.995943E-16
2731.  2.973496E-16
2732.  2.951142E-16
2733.  2.928881E-16
2734.  2.906712E-16
2735.  2.884637E-16
2736.  2.862655E-16
2737.  2.840767E-16
2738.  2.818974E-16
2739.  2.797273E-16
2740.  2.775669E-16
2741.  2.754157E-16
2742.  2.732742E-16
2743.  2.711421E-16
2744.  2.690196E-16
2745.  2.669068E-16
2746.  2.648035E-16
2747.  2.627098E-16
2748.  2.606259E-16
2749.  2.585517E-16
2750.  2.564871E-16
2751.  2.544324E-16
2752.  2.523874E-16
2753.  2.503522E-16
2754.  2.483270E-16
2755.  2.463115E-16
2756.  2.443061E-16
2757.  2.423105E-16
2758.  2.403249E-16
2759.  2.383492E-16
2760.  2.363837E-16
2761.  2.344282E-16
2762.  2.324828E-16
2763.  2.305475E-16
2764.  2.286224E-16
2765.  2.267074E-16
2766.  2.248026E-16
2767.  2.229081E-16
2768.  2.210238E-16
2769.  2.191498E-16
2770.  2.172861E-16
2771.  2.154328E-16
2772.  2.135898E-16
2773.  2.117570E-16
2774.  2.099349E-16
2775.  2.081231E-16
2776.  2.063217E-16
2777.  2.045308E-16
2778.  2.027504E-16
2779.  2.009805E-16
2780.  1.992210E-16
2781.  1.974722E-16
2782.  1.957339E-16
2783.  1.940061E-16
2784.  1.922891E-16
2785.  1.905825E-16
2786.  1.888866E-16
2787.  1.872014E-16
2788.  1.855268E-16
2789.  1.838628E-16
2790.  1.822093E-16
2791.  1.805667E-16
2792.  1.789347E-16
2793.  1.773133E-16
2794.  1.757027E-16
2795.  1.741026E-16
2796.  1.725133E-16
2797.  1.709347E-16
2798.  1.693668E-16
2799.  1.678095E-16
2800.  1.662629E-16
2801.  1.647271E-16
2802.  1.632018E-16
2803.  1.616872E-16
2804.  1.601834E-16
2805.  1.586901E-16
2806.  1.572075E-16
2807.  1.557354E-16
2808.  1.542741E-16
2809.  1.528233E-16
2810.  1.513831E-16
2811.  1.499535E-16
2812.  1.485343E-16
2813.  1.471259E-16
2814.  1.457279E-16
2815.  1.443405E-16
2816.  1.429634E-16
2817.  1.415969E-16
2818.  1.402408E-16
2819.  1.388950E-16
2820.  1.375598E-16
2821.  1.362348E-16
2822.  1.349201E-16
2823.  1.336158E-16
2824.  1.323218E-16
2825.  1.310379E-16
2826.  1.297643E-16
2827.  1.285010E-16
2828.  1.272477E-16
2829.  1.260045E-16
2830.  1.247715E-16
2831.  1.235485E-16
2832.  1.223355E-16
2833.  1.211324E-16
2834.  1.199394E-16
2835.  1.187561E-16
2836.  1.175828E-16
2837.  1.164193E-16
2838.  1.152655E-16
2839.  1.141215E-16
2840.  1.129872E-16
2841.  1.118625E-16
2842.  1.107474E-16
2843.  1.096419E-16
2844.  1.085459E-16
2845.  1.074595E-16
2846.  1.063823E-16
2847.  1.053146E-16
2848.  1.042563E-16
2849.  1.032072E-16
2850.  1.021673E-16
2851.  1.011367E-16
2852.  1.001152E-16
2853.  9.910288E-17
2854.  9.809952E-17
2855.  9.710518E-17
2856.  9.611983E-17
2857.  9.514340E-17
2858.  9.417576E-17
2859.  9.321700E-17
2860.  9.226697E-17
2861.  9.132569E-17
2862.  9.039307E-17
2863.  8.946903E-17
2864.  8.855359E-17
2865.  8.764664E-17
2866.  8.674820E-17
2867.  8.585818E-17
2868.  8.497648E-17
2869.  8.410302E-17
2870.  8.323804E-17
2871.  8.238118E-17
2872.  8.153248E-17
2873.  8.069200E-17
2874.  7.985950E-17
2875.  7.903515E-17
2876.  7.821862E-17
2877.  7.741028E-17
2878.  7.660956E-17
2879.  7.581687E-17
2880.  7.503190E-17
2881.  7.425477E-17
2882.  7.348536E-17
2883.  7.272356E-17
2884.  7.196939E-17
2885.  7.122281E-17
2886.  7.048378E-17
2887.  6.975222E-17
2888.  6.902816E-17
2889.  6.831149E-17
2890.  6.760219E-17
2891.  6.690021E-17
2892.  6.620552E-17
2893.  6.551814E-17
2894.  6.483789E-17
2895.  6.416484E-17
2896.  6.349892E-17
2897.  6.284020E-17
2898.  6.218842E-17
2899.  6.154371E-17
2900.  6.090603E-17
2901.  6.027518E-17
2902.  5.965137E-17
2903.  5.903440E-17
2904.  5.842438E-17
2905.  5.782103E-17
2906.  5.722454E-17
2907.  5.663483E-17
2908.  5.605180E-17
2909.  5.547546E-17
2910.  5.490577E-17
2911.  5.434280E-17
2912.  5.378638E-17
2913.  5.323649E-17
2914.  5.269329E-17
2915.  5.215658E-17
2916.  5.162633E-17
2917.  5.110256E-17
2918.  5.058520E-17
2919.  5.007425E-17
2920.  4.956977E-17
2921.  4.907172E-17
2922.  4.857999E-17
2923.  4.809451E-17
2924.  4.761540E-17
2925.  4.714261E-17
2926.  4.667604E-17
2927.  4.621574E-17
2928.  4.576167E-17
2929.  4.531384E-17
2930.  4.487221E-17
2931.  4.443665E-17
2932.  4.400739E-17
2933.  4.358409E-17
2934.  4.316713E-17
2935.  4.275611E-17
2936.  4.235124E-17
2937.  4.195242E-17
2938.  4.155971E-17
2939.  4.117304E-17
2940.  4.079238E-17
2941.  4.041773E-17
2942.  4.004901E-17
2943.  3.968640E-17
2944.  3.932969E-17
2945.  3.897891E-17
2946.  3.863421E-17
2947.  3.829535E-17
2948.  3.796245E-17
2949.  3.763539E-17
2950.  3.731428E-17
2951.  3.699903E-17
2952.  3.668971E-17
2953.  3.638627E-17
2954.  3.608867E-17
2955.  3.579688E-17
2956.  3.551095E-17
2957.  3.523078E-17
2958.  3.495650E-17
2959.  3.468794E-17
2960.  3.442518E-17
2961.  3.416830E-17
2962.  3.391717E-17
2963.  3.367174E-17
2964.  3.343205E-17
2965.  3.319819E-17
2966.  3.296989E-17
2967.  3.274739E-17
2968.  3.253069E-17
2969.  3.231954E-17
2970.  3.211407E-17
2971.  3.191439E-17
2972.  3.172037E-17
2973.  3.153196E-17
2974.  3.134911E-17
2975.  3.117205E-17
2976.  3.100055E-17
2977.  3.083463E-17
2978.  3.067429E-17
2979.  3.051958E-17
2980.  3.037043E-17
2981.  3.022685E-17
2982.  3.008877E-17
2983.  2.995628E-17
2984.  2.982923E-17
2985.  2.970778E-17
2986.  2.959176E-17
2987.  2.948130E-17
2988.  2.937623E-17
2989.  2.927664E-17
2990.  2.918248E-17
2991.  2.909387E-17
2992.  2.901056E-17
2993.  2.893268E-17
2994.  2.886020E-17
2995.  2.879308E-17
2996.  2.873127E-17
2997.  2.867477E-17
2998.  2.862360E-17
2999.  2.857771E-17
3000.  2.853727E-17
3001.  2.850201E-17
3002.  2.847191E-17
3003.  2.844714E-17
3004.  2.842756E-17
3005.  2.841319E-17
3006.  2.840393E-17
3007.  2.839988E-17
3008.  2.840099E-17
3009.  2.840716E-17
3010.  2.841849E-17
3011.  2.843488E-17
3012.  2.845631E-17
3013.  2.848277E-17
3014.  2.851419E-17
3015.  2.855072E-17
3016.  2.859221E-17
3017.  2.863858E-17
3018.  2.868994E-17
3019.  2.874615E-17
3020.  2.880724E-17
3021.  2.887327E-17
3022.  2.894407E-17
3023.  2.901967E-17
3024.  2.910005E-17
3025.  2.918522E-17
3026.  2.927513E-17
3027.  2.936978E-17
3028.  2.946912E-17
3029.  2.957304E-17
3030.  2.968165E-17
3031.  2.979485E-17
3032.  2.991271E-17
3033.  3.003499E-17
3034.  3.016191E-17
3035.  3.029332E-17
3036.  3.042916E-17
3037.  3.056946E-17
3038.  3.071422E-17
3039.  3.086335E-17
3040.  3.101694E-17
3041.  3.117480E-17
3042.  3.133697E-17
3043.  3.150352E-17
3044.  3.167432E-17
3045.  3.184931E-17
3046.  3.202840E-17
3047.  3.221181E-17
3048.  3.239932E-17
3049.  3.259105E-17
3050.  3.278674E-17
3051.  3.298661E-17
3052.  3.319042E-17
3053.  3.339833E-17
3054.  3.361016E-17
3055.  3.382610E-17
3056.  3.404586E-17
3057.  3.426950E-17
3058.  3.449709E-17
3059.  3.472847E-17
3060.  3.496371E-17
3061.  3.520270E-17
3062.  3.544558E-17
3063.  3.569206E-17
3064.  3.594240E-17
3065.  3.619633E-17
3066.  3.645401E-17
3067.  3.671528E-17
3068.  3.698017E-17
3069.  3.724879E-17
3070.  3.752077E-17
3071.  3.779645E-17
3072.  3.807559E-17
3073.  3.835815E-17
3074.  3.864431E-17
3075.  3.893392E-17
3076.  3.922689E-17
3077.  3.952334E-17
3078.  3.982304E-17
3079.  4.012622E-17
3080.  4.043271E-17
3081.  4.074256E-17
3082.  4.105569E-17
3083.  4.137213E-17
3084.  4.169176E-17
3085.  4.201468E-17
3086.  4.234082E-17
3087.  4.267025E-17
3088.  4.300277E-17
3089.  4.333852E-17
3090.  4.367744E-17
3091.  4.401945E-17
3092.  4.436465E-17
3093.  4.471293E-17
3094.  4.506440E-17
3095.  4.541891E-17
3096.  4.577646E-17
3097.  4.613707E-17
3098.  4.650081E-17
3099.  4.686759E-17
3100.  4.723741E-17
3101.  4.761029E-17
3102.  4.798605E-17
3103.  4.836503E-17
3104.  4.874688E-17
3105.  4.913184E-17
3106.  4.951956E-17
3107.  4.991050E-17
3108.  5.030441E-17
3109.  5.070122E-17
3110.  5.110103E-17
3111.  5.150394E-17
3112.  5.190966E-17
3113.  5.231853E-17
3114.  5.273020E-17
3115.  5.314504E-17
3116.  5.356274E-17
3117.  5.398353E-17
3118.  5.440727E-17
3119.  5.483399E-17
3120.  5.526380E-17
3121.  5.569651E-17
3122.  5.613232E-17
3123.  5.657119E-17
3124.  5.701298E-17
3125.  5.745782E-17
3126.  5.790583E-17
3127.  5.835692E-17
3128.  5.881101E-17
3129.  5.926825E-17
3130.  5.972852E-17
3131.  6.019197E-17
3132.  6.065856E-17
3133.  6.112835E-17
3134.  6.160128E-17
3135.  6.207741E-17
3136.  6.255664E-17
3137.  6.303933E-17
3138.  6.352509E-17
3139.  6.401416E-17
3140.  6.450654E-17
3141.  6.500226E-17
3142.  6.550131E-17
3143.  6.600361E-17
3144.  6.650946E-17
3145.  6.701871E-17
3146.  6.753138E-17
3147.  6.804748E-17
3148.  6.856707E-17
3149.  6.909017E-17
3150.  6.961686E-17
3151.  7.014712E-17
3152.  7.068103E-17
3153.  7.121855E-17
3154.  7.175977E-17
3155.  7.230466E-17
3156.  7.285334E-17
3157.  7.340575E-17
3158.  7.396199E-17
3159.  7.452204E-17
3160.  7.508604E-17
3161.  7.565385E-17
3162.  7.622571E-17
3163.  7.680149E-17
3164.  7.738124E-17
3165.  7.796505E-17
3166.  7.855306E-17
3167.  7.914516E-17
3168.  7.974142E-17
3169.  8.034188E-17
3170.  8.094660E-17
3171.  8.155561E-17
3172.  8.216885E-17
3173.  8.278658E-17
3174.  8.340866E-17
3175.  8.403516E-17
3176.  8.466612E-17
3177.  8.530168E-17
3178.  8.594180E-17
3179.  8.658649E-17
3180.  8.723576E-17
3181.  8.788984E-17
3182.  8.854855E-17
3183.  8.921205E-17
3184.  8.988029E-17
3185.  9.055351E-17
3186.  9.123152E-17
3187.  9.191440E-17
3188.  9.260239E-17
3189.  9.329523E-17
3190.  9.399317E-17
3191.  9.469621E-17
3192.  9.540430E-17
3193.  9.611755E-17
3194.  9.683606E-17
3195.  9.755973E-17
3196.  9.828874E-17
3197.  9.902297E-17
3198.  9.976255E-17
3199.  1.005075E-16
3200.  1.012579E-16
3201.  1.020137E-16
3202.  1.027749E-16
3203.  1.035417E-16
3204.  1.043140E-16
3205.  1.050919E-16
3206.  1.058754E-16
3207.  1.066645E-16
3208.  1.074592E-16
3209.  1.082597E-16
3210.  1.090658E-16
3211.  1.098778E-16
3212.  1.106954E-16
3213.  1.115187E-16
3214.  1.123479E-16
3215.  1.131831E-16
3216.  1.140240E-16
3217.  1.148707E-16
3218.  1.157234E-16
3219.  1.165820E-16
3220.  1.174465E-16
3221.  1.183169E-16
3222.  1.191933E-16
3223.  1.200756E-16
3224.  1.209640E-16
3225.  1.218582E-16
3226.  1.227584E-16
3227.  1.236648E-16
3228.  1.245772E-16
3229.  1.254954E-16
3230.  1.264197E-16
3231.  1.273500E-16
3232.  1.282864E-16
3233.  1.292286E-16
3234.  1.301769E-16
3235.  1.311312E-16
3236.  1.320915E-16
3237.  1.330578E-16
3238.  1.340301E-16
3239.  1.350083E-16
3240.  1.359923E-16
3241.  1.369824E-16
3242.  1.379783E-16
3243.  1.389802E-16
3244.  1.399879E-16
3245.  1.410013E-16
3246.  1.420208E-16
3247.  1.430458E-16
3248.  1.440768E-16
3249.  1.451133E-16
3250.  1.461556E-16
3251.  1.472036E-16
3252.  1.482572E-16
3253.  1.493163E-16
3254.  1.503809E-16
3255.  1.514511E-16
3256.  1.525266E-16
3257.  1.536077E-16
3258.  1.546939E-16
3259.  1.557856E-16
3260.  1.568825E-16
3261.  1.579845E-16
3262.  1.590917E-16
3263.  1.602039E-16
3264.  1.613211E-16
3265.  1.624433E-16
3266.  1.635702E-16
3267.  1.647019E-16
3268.  1.658385E-16
3269.  1.669797E-16
3270.  1.681254E-16
3271.  1.692757E-16
3272.  1.704303E-16
3273.  1.715892E-16
3274.  1.727525E-16
3275.  1.739198E-16
3276.  1.750913E-16
3277.  1.762667E-16
3278.  1.774460E-16
3279.  1.786291E-16
3280.  1.798158E-16
3281.  1.810061E-16
3282.  1.821999E-16
3283.  1.833971E-16
3284.  1.845976E-16
3285.  1.858012E-16
3286.  1.870079E-16
3287.  1.882175E-16
3288.  1.894299E-16
3289.  1.906449E-16
3290.  1.918626E-16
3291.  1.930828E-16
3292.  1.943052E-16
3293.  1.955299E-16
3294.  1.967566E-16
3295.  1.979854E-16
3296.  1.992159E-16
3297.  2.004481E-16
3298.  2.016818E-16
3299.  2.029170E-16
3300.  2.041533E-16
3301.  2.053910E-16
3302.  2.066295E-16
3303.  2.078687E-16
3304.  2.091088E-16
3305.  2.103494E-16
3306.  2.115904E-16
3307.  2.128316E-16
3308.  2.140728E-16
3309.  2.153140E-16
3310.  2.165550E-16
3311.  2.177956E-16
3312.  2.190357E-16
3313.  2.202750E-16
3314.  2.215134E-16
3315.  2.227508E-16
3316.  2.239870E-16
3317.  2.252217E-16
3318.  2.264551E-16
3319.  2.276866E-16
3320.  2.289163E-16
3321.  2.301438E-16
3322.  2.313692E-16
3323.  2.325921E-16
3324.  2.338124E-16
3325.  2.350300E-16
3326.  2.362448E-16
3327.  2.374563E-16
3328.  2.386645E-16
3329.  2.398692E-16
3330.  2.410702E-16
3331.  2.422676E-16
3332.  2.434606E-16
3333.  2.446496E-16
3334.  2.458342E-16
3335.  2.470142E-16
3336.  2.481894E-16
3337.  2.493596E-16
3338.  2.505248E-16
3339.  2.516846E-16
3340.  2.528389E-16
3341.  2.539874E-16
3342.  2.551300E-16
3343.  2.562666E-16
3344.  2.573969E-16
3345.  2.585206E-16
3346.  2.596379E-16
3347.  2.607483E-16
3348.  2.618516E-16
3349.  2.629478E-16
3350.  2.640365E-16
3351.  2.651176E-16
3352.  2.661911E-16
3353.  2.672564E-16
3354.  2.683137E-16
3355.  2.693626E-16
3356.  2.704030E-16
3357.  2.714348E-16
3358.  2.724577E-16
3359.  2.734714E-16
3360.  2.744759E-16
3361.  2.754710E-16
3362.  2.764564E-16
3363.  2.774322E-16
3364.  2.783979E-16
3365.  2.793535E-16
3366.  2.802988E-16
3367.  2.812335E-16
3368.  2.821576E-16
3369.  2.830708E-16
3370.  2.839730E-16
3371.  2.848641E-16
3372.  2.857437E-16
3373.  2.866119E-16
3374.  2.874684E-16
3375.  2.883129E-16
3376.  2.891456E-16
3377.  2.899661E-16
3378.  2.907741E-16
3379.  2.915698E-16
3380.  2.923527E-16
3381.  2.931228E-16
3382.  2.938801E-16
3383.  2.946242E-16
3384.  2.953550E-16
3385.  2.960725E-16
3386.  2.967765E-16
3387.  2.974668E-16
3388.  2.981433E-16
3389.  2.988058E-16
3390.  2.994542E-16
3391.  3.000885E-16
3392.  3.007084E-16
3393.  3.013139E-16
3394.  3.019048E-16
3395.  3.024809E-16
3396.  3.030421E-16
3397.  3.035885E-16
3398.  3.041199E-16
3399.  3.046360E-16
3400.  3.051369E-16
3401.  3.056225E-16
3402.  3.060924E-16
3403.  3.065470E-16
3404.  3.069858E-16
3405.  3.074088E-16
3406.  3.078160E-16
3407.  3.082071E-16
3408.  3.085823E-16
3409.  3.089414E-16
3410.  3.092843E-16
3411.  3.096110E-16
3412.  3.099213E-16
3413.  3.102153E-16
3414.  3.104928E-16
3415.  3.107537E-16
3416.  3.109981E-16
3417.  3.112258E-16
3418.  3.114369E-16
3419.  3.116312E-16
3420.  3.118088E-16
3421.  3.119694E-16
3422.  3.121132E-16
3423.  3.122402E-16
3424.  3.123502E-16
3425.  3.124433E-16
3426.  3.125194E-16
3427.  3.125785E-16
3428.  3.126205E-16
3429.  3.126456E-16
3430.  3.126535E-16
3431.  3.126444E-16
3432.  3.126184E-16
3433.  3.125752E-16
3434.  3.125150E-16
3435.  3.124377E-16
3436.  3.123434E-16
3437.  3.122320E-16
3438.  3.121036E-16
3439.  3.119583E-16
3440.  3.117959E-16
3441.  3.116167E-16
3442.  3.114205E-16
3443.  3.112074E-16
3444.  3.109776E-16
3445.  3.107309E-16
3446.  3.104675E-16
3447.  3.101873E-16
3448.  3.098905E-16
3449.  3.095770E-16
3450.  3.092471E-16
3451.  3.089006E-16
3452.  3.085376E-16
3453.  3.081584E-16
3454.  3.077628E-16
3455.  3.073510E-16
3456.  3.069231E-16
3457.  3.064790E-16
3458.  3.060190E-16
3459.  3.055431E-16
3460.  3.050513E-16
3461.  3.045438E-16
3462.  3.040208E-16
3463.  3.034822E-16
3464.  3.029280E-16
3465.  3.023586E-16
3466.  3.017739E-16
3467.  3.011742E-16
3468.  3.005593E-16
3469.  2.999295E-16
3470.  2.992851E-16
3471.  2.986259E-16
3472.  2.979521E-16
3473.  2.972640E-16
3474.  2.965615E-16
3475.  2.958449E-16
3476.  2.951141E-16
3477.  2.943695E-16
3478.  2.936110E-16
3479.  2.928389E-16
3480.  2.920533E-16
3481.  2.912542E-16
3482.  2.904420E-16
3483.  2.896167E-16
3484.  2.887785E-16
3485.  2.879275E-16
3486.  2.870638E-16
3487.  2.861875E-16
3488.  2.852990E-16
3489.  2.843984E-16
3490.  2.834855E-16
3491.  2.825609E-16
3492.  2.816245E-16
3493.  2.806767E-16
3494.  2.797174E-16
3495.  2.787469E-16
3496.  2.777654E-16
3497.  2.767729E-16
3498.  2.757696E-16
3499.  2.747559E-16
3500.  2.737317E-16
3501.  2.726972E-16
3502.  2.716529E-16
3503.  2.705987E-16
3504.  2.695346E-16
3505.  2.684611E-16
3506.  2.673782E-16
3507.  2.662862E-16
3508.  2.651851E-16
3509.  2.640752E-16
3510.  2.629567E-16
3511.  2.618296E-16
3512.  2.606942E-16
3513.  2.595509E-16
3514.  2.583994E-16
3515.  2.572403E-16
3516.  2.560737E-16
3517.  2.548995E-16
3518.  2.537182E-16
3519.  2.525298E-16
3520.  2.513346E-16
3521.  2.501327E-16
3522.  2.489243E-16
3523.  2.477095E-16
3524.  2.464887E-16
3525.  2.452618E-16
3526.  2.440292E-16
3527.  2.427910E-16
3528.  2.415474E-16
3529.  2.402984E-16
3530.  2.390445E-16
3531.  2.377856E-16
3532.  2.365219E-16
3533.  2.352538E-16
3534.  2.339813E-16
3535.  2.327046E-16
3536.  2.314239E-16
3537.  2.301393E-16
3538.  2.288511E-16
3539.  2.275593E-16
3540.  2.262643E-16
3541.  2.249659E-16
3542.  2.236648E-16
3543.  2.223606E-16
3544.  2.210539E-16
3545.  2.197446E-16
3546.  2.184330E-16
3547.  2.171194E-16
3548.  2.158036E-16
3549.  2.144861E-16
3550.  2.131668E-16
3551.  2.118459E-16
3552.  2.105239E-16
3553.  2.092006E-16
3554.  2.078761E-16
3555.  2.065508E-16
3556.  2.052248E-16
3557.  2.038982E-16
3558.  2.025711E-16
3559.  2.012437E-16
3560.  1.999162E-16
3561.  1.985888E-16
3562.  1.972613E-16
3563.  1.959343E-16
3564.  1.946075E-16
3565.  1.932815E-16
3566.  1.919561E-16
3567.  1.906316E-16
3568.  1.893082E-16
3569.  1.879856E-16
3570.  1.866645E-16
3571.  1.853446E-16
3572.  1.840264E-16
3573.  1.827097E-16
3574.  1.813948E-16
3575.  1.800818E-16
3576.  1.787708E-16
3577.  1.774620E-16
3578.  1.761554E-16
3579.  1.748512E-16
3580.  1.735493E-16
3581.  1.722502E-16
3582.  1.709537E-16
3583.  1.696602E-16
3584.  1.683695E-16
3585.  1.670818E-16
3586.  1.657974E-16
3587.  1.645162E-16
3588.  1.632382E-16
3589.  1.619639E-16
3590.  1.606930E-16
3591.  1.594258E-16
3592.  1.581624E-16
3593.  1.569026E-16
3594.  1.556471E-16
3595.  1.543955E-16
3596.  1.531480E-16
3597.  1.519047E-16
3598.  1.506657E-16
3599.  1.494312E-16
3600.  1.482010E-16
3601.  1.469754E-16
3602.  1.457545E-16
3603.  1.445382E-16
3604.  1.433267E-16
3605.  1.421200E-16
3606.  1.409185E-16
3607.  1.397217E-16
3608.  1.385301E-16
3609.  1.373436E-16
3610.  1.361624E-16
3611.  1.349864E-16
3612.  1.338157E-16
3613.  1.326505E-16
3614.  1.314907E-16
3615.  1.303364E-16
3616.  1.291877E-16
3617.  1.280447E-16
3618.  1.269072E-16
3619.  1.257756E-16
3620.  1.246498E-16
3621.  1.235299E-16
3622.  1.224157E-16
3623.  1.213076E-16
3624.  1.202054E-16
3625.  1.191092E-16
3626.  1.180191E-16
3627.  1.169351E-16
3628.  1.158572E-16
3629.  1.147856E-16
3630.  1.137202E-16
3631.  1.126611E-16
3632.  1.116083E-16
3633.  1.105618E-16
3634.  1.095217E-16
3635.  1.084879E-16
3636.  1.074605E-16
3637.  1.064396E-16
3638.  1.054252E-16
3639.  1.044172E-16
3640.  1.034159E-16
3641.  1.024211E-16
3642.  1.014327E-16
3643.  1.004511E-16
3644.  9.947590E-17
3645.  9.850739E-17
3646.  9.754564E-17
3647.  9.659048E-17
3648.  9.564198E-17
3649.  9.470015E-17
3650.  9.376504E-17
3651.  9.283657E-17
3652.  9.191483E-17
3653.  9.099983E-17
3654.  9.009159E-17
3655.  8.918990E-17
3656.  8.829522E-17
3657.  8.740716E-17
3658.  8.652579E-17
3659.  8.565123E-17
3660.  8.478329E-17
3661.  8.392222E-17
3662.  8.306785E-17
3663.  8.222020E-17
3664.  8.137927E-17
3665.  8.054512E-17
3666.  7.971771E-17
3667.  7.889692E-17
3668.  7.808300E-17
3669.  7.727553E-17
3670.  7.647499E-17
3671.  7.568099E-17
3672.  7.489371E-17
3673.  7.411307E-17
3674.  7.333902E-17
3675.  7.257171E-17
3676.  7.181081E-17
3677.  7.105665E-17
3678.  7.030909E-17
3679.  6.956806E-17
3680.  6.883360E-17
3681.  6.810554E-17
3682.  6.738405E-17
3683.  6.666910E-17
3684.  6.596055E-17
3685.  6.525838E-17
3686.  6.456272E-17
3687.  6.387334E-17
3688.  6.319038E-17
3689.  6.251372E-17
3690.  6.184339E-17
3691.  6.117942E-17
3692.  6.052150E-17
3693.  5.987004E-17
3694.  5.922460E-17
3695.  5.858544E-17
3696.  5.795233E-17
3697.  5.732538E-17
3698.  5.670458E-17
3699.  5.608962E-17
3700.  5.548079E-17
3701.  5.487795E-17
3702.  5.428101E-17
3703.  5.368990E-17
3704.  5.310478E-17
3705.  5.252541E-17
3706.  5.195191E-17
3707.  5.138411E-17
3708.  5.082203E-17
3709.  5.026571E-17
3710.  4.971491E-17
3711.  4.916977E-17
3712.  4.863020E-17
3713.  4.809614E-17
3714.  4.756754E-17
3715.  4.704453E-17
3716.  4.652681E-17
3717.  4.601448E-17
3718.  4.550745E-17
3719.  4.500562E-17
3720.  4.450918E-17
3721.  4.401788E-17
3722.  4.353173E-17
3723.  4.305073E-17
3724.  4.257471E-17
3725.  4.210370E-17
3726.  4.163773E-17
3727.  4.117667E-17
3728.  4.072051E-17
3729.  4.026921E-17
3730.  3.982271E-17
3731.  3.938097E-17
3732.  3.894388E-17
3733.  3.851145E-17
3734.  3.808364E-17
3735.  3.766043E-17
3736.  3.724170E-17
3737.  3.682747E-17
3738.  3.641764E-17
3739.  3.601227E-17
3740.  3.561118E-17
3741.  3.521442E-17
3742.  3.482179E-17
3743.  3.443348E-17
3744.  3.404937E-17
3745.  3.366920E-17
3746.  3.329315E-17
3747.  3.292114E-17
3748.  3.255310E-17
3749.  3.218900E-17
3750.  3.182869E-17
3751.  3.147224E-17
3752.  3.111953E-17
3753.  3.077053E-17
3754.  3.042526E-17
3755.  3.008364E-17
3756.  2.974560E-17
3757.  2.941110E-17
3758.  2.908013E-17
3759.  2.875255E-17
3760.  2.842842E-17
3761.  2.810767E-17
3762.  2.779024E-17
3763.  2.747595E-17
3764.  2.716504E-17
3765.  2.685728E-17
3766.  2.655264E-17
3767.  2.625105E-17
3768.  2.595252E-17
3769.  2.565708E-17
3770.  2.536448E-17
3771.  2.507491E-17
3772.  2.478814E-17
3773.  2.450426E-17
3774.  2.422316E-17
3775.  2.394478E-17
3776.  2.366915E-17
3777.  2.339619E-17
3778.  2.312578E-17
3779.  2.285798E-17
3780.  2.259276E-17
3781.  2.233007E-17
3782.  2.206974E-17
3783.  2.181192E-17
3784.  2.155646E-17
3785.  2.130339E-17
3786.  2.105262E-17
3787.  2.080415E-17
3788.  2.055784E-17
3789.  2.031376E-17
3790.  2.007183E-17
3791.  1.983209E-17
3792.  1.959440E-17
3793.  1.935878E-17
3794.  1.912518E-17
3795.  1.889353E-17
3796.  1.866392E-17
3797.  1.843613E-17
3798.  1.821029E-17
3799.  1.798631E-17
3800.  1.776412E-17
3801.  1.754370E-17
3802.  1.732514E-17
3803.  1.710829E-17
3804.  1.689311E-17
3805.  1.667965E-17
3806.  1.646776E-17
3807.  1.625759E-17
3808.  1.604899E-17
3809.  1.584188E-17
3810.  1.563632E-17
3811.  1.543236E-17
3812.  1.522980E-17
3813.  1.502878E-17
3814.  1.482916E-17
3815.  1.463090E-17
3816.  1.443405E-17
3817.  1.423865E-17
3818.  1.404452E-17
3819.  1.385173E-17
3820.  1.366018E-17
3821.  1.347003E-17
3822.  1.328114E-17
3823.  1.309341E-17
3824.  1.290694E-17
3825.  1.272169E-17
3826.  1.253765E-17
3827.  1.235466E-17
3828.  1.217299E-17
3829.  1.199232E-17
3830.  1.181288E-17
3831.  1.163446E-17
3832.  1.145725E-17
3833.  1.128101E-17
3834.  1.110593E-17
3835.  1.093185E-17
3836.  1.075873E-17
3837.  1.058682E-17
3838.  1.041580E-17
3839.  1.024589E-17
3840.  1.007686E-17
3841.  9.908885E-18
3842.  9.741862E-18
3843.  9.575817E-18
3844.  9.410835E-18
3845.  9.246722E-18
3846.  9.083569E-18
3847.  8.921387E-18
3848.  8.760134E-18
3849.  8.599819E-18
3850.  8.440445E-18
3851.  8.282049E-18
3852.  8.124479E-18
3853.  7.967900E-18
3854.  7.812292E-18
3855.  7.657558E-18
3856.  7.503699E-18
3857.  7.350826E-18
3858.  7.198898E-18
3859.  7.047853E-18
3860.  6.897676E-18
3861.  6.748505E-18
3862.  6.600242E-18
3863.  6.452948E-18
3864.  6.306582E-18
3865.  6.161104E-18
3866.  6.016621E-18
3867.  5.873084E-18
3868.  5.730449E-18
3869.  5.588844E-18
3870.  5.448193E-18
3871.  5.308550E-18
3872.  5.169834E-18
3873.  5.032130E-18
3874.  4.895422E-18
3875.  4.759819E-18
3876.  4.625150E-18
3877.  4.491553E-18
3878.  4.359016E-18
3879.  4.227434E-18
3880.  4.096989E-18
3881.  3.967712E-18
3882.  3.839433E-18
3883.  3.712275E-18
3884.  3.586187E-18
3885.  3.461364E-18
3886.  3.337590E-18
3887.  3.215019E-18
3888.  3.093677E-18
3889.  2.973482E-18
3890.  2.854519E-18
3891.  2.736735E-18
3892.  2.620312E-18
3893.  2.505010E-18
3894.  2.391152E-18
3895.  2.278509E-18
3896.  2.167160E-18
3897.  2.057204E-18
3898.  1.948622E-18
3899.  1.841498E-18
3900.  1.735642E-18
3901.  1.631351E-18
3902.  1.528427E-18
3903.  1.427033E-18
3904.  1.327078E-18
3905.  1.228728E-18
3906.  1.131792E-18
3907.  1.036525E-18
3908.  9.427737E-19
3909.  8.507258E-19
3910.  7.602865E-19
3911.  6.714475E-19
3912.  5.843847E-19
3913.  4.990445E-19
3914.  4.153618E-19
3915.  3.334991E-19
3916.  2.533669E-19
3917.  1.751604E-19
3918.  9.871752E-20
3919.  2.418849E-20
3920.  -4.844416E-20
3921.  -1.190931E-19
3922.  -1.878524E-19
3923.  -2.546281E-19
3924.  -3.193937E-19
3925.  -3.820543E-19
3926.  -4.426618E-19
3927.  -5.012442E-19
3928.  -5.575926E-19
3929.  -6.118475E-19
3930.  -6.638826E-19
3931.  -7.136547E-19
3932.  -7.612729E-19
3933.  -8.065773E-19
3934.  -8.495680E-19
3935.  -8.902010E-19
3936.  -9.285026E-19
3937.  -9.644802E-19
3938.  -9.978529E-19
3939.  -1.028838E-18
3940.  -1.057402E-18
3941.  -1.083423E-18
3942.  -1.106875E-18
3943.  -1.127792E-18
3944.  -1.146090E-18
3945.  -1.161692E-18
3946.  -1.174681E-18
3947.  -1.184974E-18
3948.  -1.192556E-18
3949.  -1.197330E-18
3950.  -1.199376E-18
3951.  -1.198590E-18
3952.  -1.194929E-18
3953.  -1.188452E-18
3954.  -1.179022E-18
3955.  -1.166692E-18
3956.  -1.151434E-18
3957.  -1.133119E-18
3958.  -1.111871E-18
3959.  -1.087566E-18
3960.  -1.060192E-18
3961.  -1.029645E-18
3962.  -9.960985E-19
3963.  -9.593068E-19
3964.  -9.194257E-19
3965.  -8.762455E-19
3966.  -8.299438E-19
3967.  -7.803587E-19
3968.  -7.274805E-19
3969.  -6.713317E-19
3970.  -6.117626E-19
3971.  -5.489391E-19
3972.  -4.827763E-19
3973.  -4.132002E-19
3974.  -3.401493E-19
3975.  -2.637379E-19
3976.  -1.838222E-19
3977.  -1.003914E-19
3978.  -1.352239E-20
3979.  7.682035E-20
3980.  1.707573E-19
3981.  2.681822E-19
3982.  3.692819E-19
3983.  4.738807E-19
3984.  5.821547E-19
3985.  6.940256E-19
3986.  8.095997E-19
3987.  9.286723E-19
3988.  1.051539E-18
3989.  1.178096E-18
3990.  1.308248E-18
3991.  1.442121E-18
3992.  1.579795E-18
3993.  1.721091E-18
3994.  1.866148E-18
3995.  2.014969E-18
3996.  2.167576E-18
3997.  2.323970E-18
3998.  2.484021E-18
3999.  2.647985E-18
4000.  2.815694E-18
4001.  2.987149E-18
4002.  3.162392E-18
4003.  3.341473E-18
4004.  3.524382E-18
4005.  3.711085E-18
4006.  3.901546E-18
4007.  4.095801E-18
4008.  4.293890E-18
4009.  4.495832E-18
4010.  4.701501E-18
4011.  4.910999E-18
4012.  5.124285E-18
4013.  5.341360E-18
4014.  5.562240E-18
4015.  5.786985E-18
4016.  6.015364E-18
4017.  6.247617E-18
4018.  6.483528E-18
4019.  6.723275E-18
4020.  6.966749E-18
4021.  7.213887E-18
4022.  7.464820E-18
4023.  7.719357E-18
4024.  7.977736E-18
4025.  8.239740E-18
4026.  8.505423E-18
4027.  8.774720E-18
4028.  9.047643E-18
4029.  9.324293E-18
4030.  9.604456E-18
4031.  9.888256E-18
4032.  1.017561E-17
4033.  1.046649E-17
4034.  1.076094E-17
4035.  1.105887E-17
4036.  1.136024E-17
4037.  1.166517E-17
4038.  1.197348E-17
4039.  1.228525E-17
4040.  1.260041E-17
4041.  1.291896E-17
4042.  1.324080E-17
4043.  1.356602E-17
4044.  1.389447E-17
4045.  1.422629E-17
4046.  1.456125E-17
4047.  1.489949E-17
4048.  1.524088E-17
4049.  1.558546E-17
4050.  1.593319E-17
4051.  1.628394E-17
4052.  1.663784E-17
4053.  1.699474E-17
4054.  1.735462E-17
4055.  1.771753E-17
4056.  1.808336E-17
4057.  1.845207E-17
4058.  1.882374E-17
4059.  1.919822E-17
4060.  1.957551E-17
4061.  1.995566E-17
4062.  2.033847E-17
4063.  2.072403E-17
4064.  2.111238E-17
4065.  2.150323E-17
4066.  2.189671E-17
4067.  2.229287E-17
4068.  2.269147E-17
4069.  2.309270E-17
4070.  2.349630E-17
4071.  2.390237E-17
4072.  2.431100E-17
4073.  2.472194E-17
4074.  2.513514E-17
4075.  2.555074E-17
4076.  2.596854E-17
4077.  2.638859E-17
4078.  2.681095E-17
4079.  2.723547E-17
4080.  2.766216E-17
4081.  2.809082E-17
4082.  2.852170E-17
4083.  2.895462E-17
4084.  2.938958E-17
4085.  2.982646E-17
4086.  3.026528E-17
4087.  3.070609E-17
4088.  3.114881E-17
4089.  3.159340E-17
4090.  3.203975E-17
4091.  3.248799E-17
4092.  3.293790E-17
4093.  3.338975E-17
4094.  3.384313E-17
4095.  3.429834E-17
4096.  3.475520E-17
4097.  3.521363E-17
4098.  3.567381E-17
4099.  3.613551E-17
4100.  3.659881E-17
4101.  3.706364E-17
4102.  3.753000E-17
4103.  3.799792E-17
4104.  3.846724E-17
4105.  3.893808E-17
4106.  3.941049E-17
4107.  3.988421E-17
4108.  4.035933E-17
4109.  4.083577E-17
4110.  4.131374E-17
4111.  4.179315E-17
4112.  4.227373E-17
4113.  4.275571E-17
4114.  4.323909E-17
4115.  4.372369E-17
4116.  4.420970E-17
4117.  4.469693E-17
4118.  4.518551E-17
4119.  4.567525E-17
4120.  4.616647E-17
4121.  4.665884E-17
4122.  4.715252E-17
4123.  4.764740E-17
4124.  4.814357E-17
4125.  4.864112E-17
4126.  4.913974E-17
4127.  4.963975E-17
4128.  5.014099E-17
4129.  5.064357E-17
4130.  5.114723E-17
4131.  5.165241E-17
4132.  5.215877E-17
4133.  5.266641E-17
4134.  5.317532E-17
4135.  5.368557E-17
4136.  5.419714E-17
4137.  5.471003E-17
4138.  5.522434E-17
4139.  5.573998E-17
4140.  5.625690E-17
4141.  5.677524E-17
4142.  5.729499E-17
4143.  5.781623E-17
4144.  5.833886E-17
4145.  5.886294E-17
4146.  5.938847E-17
4147.  5.991550E-17
4148.  6.044410E-17
4149.  6.097416E-17
4150.  6.150584E-17
4151.  6.203910E-17
4152.  6.257398E-17
4153.  6.311052E-17
4154.  6.364870E-17
4155.  6.418857E-17
4156.  6.473024E-17
4157.  6.527355E-17
4158.  6.581872E-17
4159.  6.636571E-17
4160.  6.691450E-17
4161.  6.746518E-17
4162.  6.801779E-17
4163.  6.857231E-17
4164.  6.912883E-17
4165.  6.968744E-17
4166.  7.024799E-17
4167.  7.081060E-17
4168.  7.137543E-17
4169.  7.194241E-17
4170.  7.251157E-17
4171.  7.308288E-17
4172.  7.365649E-17
4173.  7.423242E-17
4174.  7.481061E-17
4175.  7.539131E-17
4176.  7.597437E-17
4177.  7.655988E-17
4178.  7.714784E-17
4179.  7.773835E-17
4180.  7.833146E-17
4181.  7.892713E-17
4182.  7.952547E-17
4183.  8.012648E-17
4184.  8.073023E-17
4185.  8.133671E-17
4186.  8.194600E-17
4187.  8.255818E-17
4188.  8.317308E-17
4189.  8.379104E-17
4190.  8.441183E-17
4191.  8.503570E-17
4192.  8.566261E-17
4193.  8.629238E-17
4194.  8.692532E-17
4195.  8.756140E-17
4196.  8.820058E-17
4197.  8.884298E-17
4198.  8.948857E-17
4199.  9.013736E-17
4200.  9.078949E-17
4201.  9.144487E-17
4202.  9.210361E-17
4203.  9.276579E-17
4204.  9.343114E-17
4205.  9.410011E-17
4206.  9.477231E-17
4207.  9.544811E-17
4208.  9.612731E-17
4209.  9.681004E-17
4210.  9.749628E-17
4211.  9.818599E-17
4212.  9.887930E-17
4213.  9.957619E-17
4214.  1.002766E-16
4215.  1.009807E-16
4216.  1.016883E-16
4217.  1.023995E-16
4218.  1.031143E-16
4219.  1.038328E-16
4220.  1.045549E-16
4221.  1.052807E-16
4222.  1.060100E-16
4223.  1.067430E-16
4224.  1.074795E-16
4225.  1.082197E-16
4226.  1.089635E-16
4227.  1.097110E-16
4228.  1.104620E-16
4229.  1.112167E-16
4230.  1.119749E-16
4231.  1.127365E-16
4232.  1.135019E-16
4233.  1.142707E-16
4234.  1.150430E-16
4235.  1.158187E-16
4236.  1.165979E-16
4237.  1.173804E-16
4238.  1.181665E-16
4239.  1.189558E-16
4240.  1.197484E-16
4241.  1.205444E-16
4242.  1.213436E-16
4243.  1.221459E-16
4244.  1.229515E-16
4245.  1.237601E-16
4246.  1.245718E-16
4247.  1.253864E-16
4248.  1.262041E-16
4249.  1.270245E-16
4250.  1.278479E-16
4251.  1.286740E-16
4252.  1.295029E-16
4253.  1.303344E-16
4254.  1.311685E-16
4255.  1.320051E-16
4256.  1.328442E-16
4257.  1.336855E-16
4258.  1.345291E-16
4259.  1.353750E-16
4260.  1.362230E-16
4261.  1.370731E-16
4262.  1.379252E-16
4263.  1.387790E-16
4264.  1.396346E-16
4265.  1.404919E-16
4266.  1.413508E-16
4267.  1.422112E-16
4268.  1.430729E-16
4269.  1.439360E-16
4270.  1.448002E-16
4271.  1.456655E-16
4272.  1.465318E-16
4273.  1.473989E-16
4274.  1.482668E-16
4275.  1.491352E-16
4276.  1.500042E-16
4277.  1.508735E-16
4278.  1.517432E-16
4279.  1.526129E-16
4280.  1.534826E-16
4281.  1.543523E-16
4282.  1.552217E-16
4283.  1.560907E-16
4284.  1.569592E-16
4285.  1.578270E-16
4286.  1.586941E-16
4287.  1.595603E-16
4288.  1.604253E-16
4289.  1.612893E-16
4290.  1.621518E-16
4291.  1.630128E-16
4292.  1.638722E-16
4293.  1.647298E-16
4294.  1.655854E-16
4295.  1.664390E-16
4296.  1.672904E-16
4297.  1.681393E-16
4298.  1.689857E-16
4299.  1.698293E-16
4300.  1.706702E-16
4301.  1.715079E-16
4302.  1.723425E-16
4303.  1.731738E-16
4304.  1.740016E-16
4305.  1.748257E-16
4306.  1.756459E-16
4307.  1.764621E-16
4308.  1.772743E-16
4309.  1.780821E-16
4310.  1.788854E-16
4311.  1.796840E-16
4312.  1.804778E-16
4313.  1.812666E-16
4314.  1.820504E-16
4315.  1.828288E-16
4316.  1.836016E-16
4317.  1.843688E-16
4318.  1.851303E-16
4319.  1.858857E-16
4320.  1.866350E-16
4321.  1.873779E-16
4322.  1.881143E-16
4323.  1.888441E-16
4324.  1.895670E-16
4325.  1.902830E-16
4326.  1.909918E-16
4327.  1.916932E-16
4328.  1.923873E-16
4329.  1.930736E-16
4330.  1.937521E-16
4331.  1.944227E-16
4332.  1.950850E-16
4333.  1.957391E-16
4334.  1.963847E-16
4335.  1.970217E-16
4336.  1.976500E-16
4337.  1.982692E-16
4338.  1.988793E-16
4339.  1.994803E-16
4340.  2.000719E-16
4341.  2.006538E-16
4342.  2.012261E-16
4343.  2.017884E-16
4344.  2.023409E-16
4345.  2.028831E-16
4346.  2.034150E-16
4347.  2.039366E-16
4348.  2.044476E-16
4349.  2.049478E-16
4350.  2.054373E-16
4351.  2.059156E-16
4352.  2.063828E-16
4353.  2.068388E-16
4354.  2.072834E-16
4355.  2.077166E-16
4356.  2.081380E-16
4357.  2.085477E-16
4358.  2.089455E-16
4359.  2.093315E-16
4360.  2.097052E-16
4361.  2.100667E-16
4362.  2.104159E-16
4363.  2.107527E-16
4364.  2.110769E-16
4365.  2.113884E-16
4366.  2.116871E-16
4367.  2.119732E-16
4368.  2.122460E-16
4369.  2.125060E-16
4370.  2.127529E-16
4371.  2.129865E-16
4372.  2.132068E-16
4373.  2.134138E-16
4374.  2.136074E-16
4375.  2.137873E-16
4376.  2.139537E-16
4377.  2.141063E-16
4378.  2.142453E-16
4379.  2.143705E-16
4380.  2.144816E-16
4381.  2.145791E-16
4382.  2.146626E-16
4383.  2.147320E-16
4384.  2.147872E-16
4385.  2.148285E-16
4386.  2.148554E-16
4387.  2.148684E-16
4388.  2.148671E-16
4389.  2.148514E-16
4390.  2.148217E-16
4391.  2.147774E-16
4392.  2.147188E-16
4393.  2.146460E-16
4394.  2.145588E-16
4395.  2.144572E-16
4396.  2.143413E-16
4397.  2.142108E-16
4398.  2.140661E-16
4399.  2.139069E-16
4400.  2.137335E-16
4401.  2.135456E-16
4402.  2.133434E-16
4403.  2.131269E-16
4404.  2.128959E-16
4405.  2.126507E-16
4406.  2.123912E-16
4407.  2.121175E-16
4408.  2.118296E-16
4409.  2.115274E-16
4410.  2.112112E-16
4411.  2.108808E-16
4412.  2.105364E-16
4413.  2.101780E-16
4414.  2.098055E-16
4415.  2.094193E-16
4416.  2.090191E-16
4417.  2.086052E-16
4418.  2.081775E-16
4419.  2.077362E-16
4420.  2.072813E-16
4421.  2.068128E-16
4422.  2.063310E-16
4423.  2.058357E-16
4424.  2.053272E-16
4425.  2.048055E-16
4426.  2.042707E-16
4427.  2.037230E-16
4428.  2.031622E-16
4429.  2.025887E-16
4430.  2.020023E-16
4431.  2.014033E-16
4432.  2.007919E-16
4433.  2.001680E-16
4434.  1.995318E-16
4435.  1.988835E-16
4436.  1.982230E-16
4437.  1.975506E-16
4438.  1.968663E-16
4439.  1.961702E-16
4440.  1.954627E-16
4441.  1.947435E-16
4442.  1.940132E-16
4443.  1.932715E-16
4444.  1.925187E-16
4445.  1.917550E-16
4446.  1.909805E-16
4447.  1.901954E-16
4448.  1.893996E-16
4449.  1.885936E-16
4450.  1.877773E-16
4451.  1.869508E-16
4452.  1.861145E-16
4453.  1.852682E-16
4454.  1.844124E-16
4455.  1.835471E-16
4456.  1.826726E-16
4457.  1.817887E-16
4458.  1.808958E-16
4459.  1.799941E-16
4460.  1.790838E-16
4461.  1.781648E-16
4462.  1.772375E-16
4463.  1.763020E-16
4464.  1.753584E-16
4465.  1.744070E-16
4466.  1.734479E-16
4467.  1.724812E-16
4468.  1.715072E-16
4469.  1.705260E-16
4470.  1.695378E-16
4471.  1.685427E-16
4472.  1.675409E-16
4473.  1.665328E-16
4474.  1.655182E-16
4475.  1.644975E-16
4476.  1.634708E-16
4477.  1.624384E-16
4478.  1.614003E-16
4479.  1.603567E-16
4480.  1.593080E-16
4481.  1.582542E-16
4482.  1.571955E-16
4483.  1.561319E-16
4484.  1.550639E-16
4485.  1.539916E-16
4486.  1.529149E-16
4487.  1.518344E-16
4488.  1.507501E-16
4489.  1.496619E-16
4490.  1.485704E-16
4491.  1.474757E-16
4492.  1.463778E-16
4493.  1.452768E-16
4494.  1.441733E-16
4495.  1.430672E-16
4496.  1.419585E-16
4497.  1.408477E-16
4498.  1.397348E-16
4499.  1.386201E-16
4500.  1.375036E-16
