1.  -4.777653E-23
2.  -7.173592E-23
3.  -1.285365E-22
4.  -6.724773E-23
5.  -6.295626E-23
6.  1.744269E-23
7.  -7.800326E-23
8.  -6.454739E-23
9.  -7.979461E-23
10.  -1.241435E-22
11.  -7.294357E-23
12.  -9.830811E-23
13.  -1.191782E-22
14.  -3.230549E-23
15.  -9.357857E-23
16.  2.072805E-23
17.  -2.638145E-23
18.  -6.740406E-24
19.  -2.734786E-23
20.  -3.923827E-23
21.  4.860747E-23
22.  -7.777040E-23
23.  -4.925081E-23
24.  -4.492115E-23
25.  -7.790030E-23
26.  -1.007334E-22
27.  -7.067507E-23
28.  -8.901457E-23
29.  -1.283125E-23
30.  -3.292119E-23
31.  -7.370327E-23
32.  -6.467686E-23
33.  -4.405003E-23
34.  2.162292E-23
35.  -6.026230E-23
36.  -1.194446E-22
37.  -8.781168E-23
38.  -5.895592E-23
39.  -4.018715E-23
40.  -4.889954E-23
41.  -8.205973E-23
42.  -7.293285E-23
43.  -8.682788E-23
44.  -5.111724E-24
45.  -7.215337E-23
46.  -9.236849E-23
47.  -5.913118E-23
48.  -6.545458E-23
49.  -3.903184E-23
50.  -8.870428E-23
51.  -1.644350E-23
52.  -1.373801E-22
53.  -5.310003E-23
54.  1.955093E-23
55.  -4.384293E-23
56.  -1.601737E-22
57.  -8.601833E-23
58.  -1.150764E-22
59.  -1.148187E-22
60.  -1.062091E-22
61.  -1.741567E-22
62.  1.588019E-23
63.  -1.109296E-22
64.  -5.263794E-23
65.  -1.031304E-22
66.  -1.838208E-22
67.  -1.248083E-22
68.  -9.431329E-23
69.  -7.764675E-23
70.  -7.575747E-23
71.  -8.822590E-23
72.  1.320296E-23
73.  -1.007626E-22
74.  -8.153160E-23
75.  -4.439994E-23
76.  -6.426474E-23
77.  -7.462090E-23
78.  -1.034739E-22
79.  -4.808712E-23
80.  2.061174E-23
81.  -1.088890E-22
82.  -4.032695E-23
83.  -1.314221E-22
84.  -9.845561E-23
85.  3.269389E-23
86.  -1.598899E-22
87.  -5.645181E-23
88.  -1.224442E-22
89.  -8.103509E-23
90.  -7.018805E-23
91.  -8.082121E-23
92.  -9.492930E-23
93.  -1.009992E-22
94.  -2.901406E-23
95.  -3.503022E-24
96.  -1.150854E-22
97.  -2.938940E-23
98.  -1.642972E-22
99.  -4.231537E-23
100.  -4.159404E-23
101.  -1.162289E-22
102.  -7.850419E-23
103.  -6.212695E-23
104.  4.263219E-23
105.  -5.031403E-23
106.  -1.210440E-22
107.  -7.848510E-23
108.  -4.228471E-23
109.  -1.082597E-22
110.  -4.131339E-23
111.  7.437702E-24
112.  4.843440E-23
113.  -4.759100E-23
114.  -1.184231E-22
115.  5.745249E-23
116.  -2.541550E-23
117.  -6.674893E-23
118.  7.737844E-23
119.  3.594442E-23
120.  1.037883E-22
121.  6.053599E-23
122.  -1.342854E-23
123.  8.818342E-23
124.  1.096839E-22
125.  1.186855E-22
126.  1.855995E-22
127.  2.240945E-22
128.  3.133073E-22
129.  3.314777E-22
130.  3.121311E-22
131.  3.977080E-22
132.  5.085794E-22
133.  4.694585E-22
134.  6.983995E-22
135.  7.184011E-22
136.  9.234478E-22
137.  1.066124E-21
138.  1.253414E-21
139.  1.335419E-21
140.  1.486578E-21
141.  1.713852E-21
142.  1.963994E-21
143.  2.240069E-21
144.  2.641927E-21
145.  2.891631E-21
146.  3.242875E-21
147.  3.669588E-21
148.  4.203771E-21
149.  4.823413E-21
150.  5.312273E-21
151.  5.930788E-21
152.  6.645821E-21
153.  7.465685E-21
154.  8.464932E-21
155.  9.479217E-21
156.  1.060666E-20
157.  1.196406E-20
158.  1.330498E-20
159.  1.495417E-20
160.  1.660805E-20
161.  1.866523E-20
162.  2.080967E-20
163.  2.335463E-20
164.  2.587639E-20
165.  2.890952E-20
166.  3.218800E-20
167.  3.587316E-20
168.  3.988755E-20
169.  4.429068E-20
170.  4.921739E-20
171.  5.465394E-20
172.  6.063474E-20
173.  6.726126E-20
174.  7.452199E-20
175.  8.258853E-20
176.  9.134488E-20
177.  1.010598E-19
178.  1.116035E-19
179.  1.235123E-19
180.  1.362878E-19
181.  1.503342E-19
182.  1.658286E-19
183.  1.828147E-19
184.  2.013413E-19
185.  2.215448E-19
186.  2.438152E-19
187.  2.680108E-19
188.  2.945749E-19
189.  3.235069E-19
190.  3.551433E-19
191.  3.896386E-19
192.  4.271297E-19
193.  4.679954E-19
194.  5.124387E-19
195.  5.608650E-19
196.  6.134745E-19
197.  6.706286E-19
198.  7.328153E-19
199.  8.000424E-19
200.  8.730339E-19
201.  9.522075E-19
202.  1.037879E-18
203.  1.130697E-18
204.  1.230966E-18
205.  1.339479E-18
206.  1.456750E-18
207.  1.583353E-18
208.  1.720129E-18
209.  1.867375E-18
210.  2.026306E-18
211.  2.197316E-18
212.  2.381541E-18
213.  2.579919E-18
214.  2.792964E-18
215.  3.022022E-18
216.  3.268009E-18
217.  3.532068E-18
218.  3.815388E-18
219.  4.119046E-18
220.  4.444504E-18
221.  4.792866E-18
222.  5.165779E-18
223.  5.564736E-18
224.  5.990933E-18
225.  6.446313E-18
226.  6.932521E-18
227.  7.451422E-18
228.  8.004562E-18
229.  8.594186E-18
230.  9.222207E-18
231.  9.890597E-18
232.  1.060187E-17
233.  1.135802E-17
234.  1.216150E-17
235.  1.301472E-17
236.  1.392035E-17
237.  1.488107E-17
238.  1.589953E-17
239.  1.697840E-17
240.  1.812097E-17
241.  1.932998E-17
242.  2.060849E-17
243.  2.196026E-17
244.  2.338811E-17
245.  2.489549E-17
246.  2.648613E-17
247.  2.816350E-17
248.  2.993140E-17
249.  3.179333E-17
250.  3.375366E-17
251.  3.581601E-17
252.  3.798469E-17
253.  4.026352E-17
254.  4.265701E-17
255.  4.516933E-17
256.  4.780503E-17
257.  5.056834E-17
258.  5.346379E-17
259.  5.649608E-17
260.  5.966994E-17
261.  6.298979E-17
262.  6.646068E-17
263.  7.008696E-17
264.  7.387379E-17
265.  7.782584E-17
266.  8.194809E-17
267.  8.624519E-17
268.  9.072215E-17
269.  9.538389E-17
270.  1.002352E-16
271.  1.052808E-16
272.  1.105258E-16
273.  1.159745E-16
274.  1.216319E-16
275.  1.275026E-16
276.  1.335912E-16
277.  1.399024E-16
278.  1.464401E-16
279.  1.532090E-16
280.  1.602132E-16
281.  1.674568E-16
282.  1.749439E-16
283.  1.826780E-16
284.  1.906630E-16
285.  1.989022E-16
286.  2.073991E-16
287.  2.161567E-16
288.  2.251779E-16
289.  2.344654E-16
290.  2.440219E-16
291.  2.538494E-16
292.  2.639500E-16
293.  2.743256E-16
294.  2.849775E-16
295.  2.959070E-16
296.  3.071152E-16
297.  3.186027E-16
298.  3.303698E-16
299.  3.424167E-16
300.  3.547431E-16
301.  3.673483E-16
302.  3.802318E-16
303.  3.933920E-16
304.  4.068275E-16
305.  4.205365E-16
306.  4.345167E-16
307.  4.487657E-16
308.  4.632803E-16
309.  4.780573E-16
310.  4.930933E-16
311.  5.083842E-16
312.  5.239255E-16
313.  5.397128E-16
314.  5.557409E-16
315.  5.720045E-16
316.  5.884980E-16
317.  6.052148E-16
318.  6.221494E-16
319.  6.392945E-16
320.  6.566431E-16
321.  6.741881E-16
322.  6.919213E-16
323.  7.098353E-16
324.  7.279216E-16
325.  7.461718E-16
326.  7.645770E-16
327.  7.831280E-16
328.  8.018156E-16
329.  8.206301E-16
330.  8.395621E-16
331.  8.586014E-16
332.  8.777375E-16
333.  8.969602E-16
334.  9.162593E-16
335.  9.356237E-16
336.  9.550426E-16
337.  9.745048E-16
338.  9.939998E-16
339.  1.013516E-15
340.  1.033042E-15
341.  1.052567E-15
342.  1.072078E-15
343.  1.091566E-15
344.  1.111018E-15
345.  1.130423E-15
346.  1.149769E-15
347.  1.169045E-15
348.  1.188239E-15
349.  1.207341E-15
350.  1.226339E-15
351.  1.245221E-15
352.  1.263977E-15
353.  1.282595E-15
354.  1.301065E-15
355.  1.319376E-15
356.  1.337517E-15
357.  1.355478E-15
358.  1.373249E-15
359.  1.390819E-15
360.  1.408178E-15
361.  1.425318E-15
362.  1.442227E-15
363.  1.458898E-15
364.  1.475320E-15
365.  1.491485E-15
366.  1.507384E-15
367.  1.523010E-15
368.  1.538353E-15
369.  1.553406E-15
370.  1.568162E-15
371.  1.582612E-15
372.  1.596750E-15
373.  1.610569E-15
374.  1.624063E-15
375.  1.637224E-15
376.  1.650048E-15
377.  1.662528E-15
378.  1.674658E-15
379.  1.686435E-15
380.  1.697853E-15
381.  1.708906E-15
382.  1.719592E-15
383.  1.729905E-15
384.  1.739843E-15
385.  1.749401E-15
386.  1.758577E-15
387.  1.767368E-15
388.  1.775771E-15
389.  1.783783E-15
390.  1.791403E-15
391.  1.798629E-15
392.  1.805460E-15
393.  1.811894E-15
394.  1.817930E-15
395.  1.823568E-15
396.  1.828808E-15
397.  1.833649E-15
398.  1.838092E-15
399.  1.842137E-15
400.  1.845786E-15
401.  1.849038E-15
402.  1.851896E-15
403.  1.854361E-15
404.  1.856436E-15
405.  1.858121E-15
406.  1.859421E-15
407.  1.860337E-15
408.  1.860873E-15
409.  1.861033E-15
410.  1.860819E-15
411.  1.860236E-15
412.  1.859288E-15
413.  1.857979E-15
414.  1.856315E-15
415.  1.854300E-15
416.  1.851941E-15
417.  1.849241E-15
418.  1.846208E-15
419.  1.842848E-15
420.  1.839167E-15
421.  1.835172E-15
422.  1.830871E-15
423.  1.826269E-15
424.  1.821376E-15
425.  1.816199E-15
426.  1.810746E-15
427.  1.805026E-15
428.  1.799047E-15
429.  1.792819E-15
430.  1.786349E-15
431.  1.779650E-15
432.  1.772728E-15
433.  1.765596E-15
434.  1.758262E-15
435.  1.750737E-15
436.  1.743032E-15
437.  1.735158E-15
438.  1.727125E-15
439.  1.718944E-15
440.  1.710628E-15
441.  1.702187E-15
442.  1.693633E-15
443.  1.684977E-15
444.  1.676233E-15
445.  1.667410E-15
446.  1.658523E-15
447.  1.649582E-15
448.  1.640601E-15
449.  1.631590E-15
450.  1.622564E-15
451.  1.613533E-15
452.  1.604511E-15
453.  1.595509E-15
454.  1.586540E-15
455.  1.577616E-15
456.  1.568749E-15
457.  1.559952E-15
458.  1.551237E-15
459.  1.542614E-15
460.  1.534097E-15
461.  1.525696E-15
462.  1.517423E-15
463.  1.509290E-15
464.  1.501307E-15
465.  1.493486E-15
466.  1.485837E-15
467.  1.478370E-15
468.  1.471095E-15
469.  1.464024E-15
470.  1.457164E-15
471.  1.450525E-15
472.  1.444116E-15
473.  1.437947E-15
474.  1.432024E-15
475.  1.426356E-15
476.  1.420951E-15
477.  1.415816E-15
478.  1.410957E-15
479.  1.406382E-15
480.  1.402094E-15
481.  1.398102E-15
482.  1.394408E-15
483.  1.391020E-15
484.  1.387939E-15
485.  1.385171E-15
486.  1.382718E-15
487.  1.380583E-15
488.  1.378770E-15
489.  1.377279E-15
490.  1.376113E-15
491.  1.375272E-15
492.  1.374756E-15
493.  1.374567E-15
494.  1.374703E-15
495.  1.375163E-15
496.  1.375946E-15
497.  1.377051E-15
498.  1.378474E-15
499.  1.380214E-15
500.  1.382267E-15
501.  1.384628E-15
502.  1.387294E-15
503.  1.390261E-15
504.  1.393523E-15
505.  1.397074E-15
506.  1.400910E-15
507.  1.405022E-15
508.  1.409405E-15
509.  1.414050E-15
510.  1.418952E-15
511.  1.424100E-15
512.  1.429488E-15
513.  1.435106E-15
514.  1.440945E-15
515.  1.446995E-15
516.  1.453246E-15
517.  1.459689E-15
518.  1.466312E-15
519.  1.473105E-15
520.  1.480056E-15
521.  1.487155E-15
522.  1.494388E-15
523.  1.501745E-15
524.  1.509212E-15
525.  1.516778E-15
526.  1.524430E-15
527.  1.532154E-15
528.  1.539937E-15
529.  1.547767E-15
530.  1.555629E-15
531.  1.563511E-15
532.  1.571398E-15
533.  1.579276E-15
534.  1.587132E-15
535.  1.594951E-15
536.  1.602720E-15
537.  1.610424E-15
538.  1.618050E-15
539.  1.625583E-15
540.  1.633009E-15
541.  1.640315E-15
542.  1.647486E-15
543.  1.654508E-15
544.  1.661369E-15
545.  1.668054E-15
546.  1.674550E-15
547.  1.680843E-15
548.  1.686921E-15
549.  1.692772E-15
550.  1.698382E-15
551.  1.703739E-15
552.  1.708832E-15
553.  1.713647E-15
554.  1.718176E-15
555.  1.722406E-15
556.  1.726327E-15
557.  1.729929E-15
558.  1.733202E-15
559.  1.736137E-15
560.  1.738725E-15
561.  1.740957E-15
562.  1.742827E-15
563.  1.744327E-15
564.  1.745448E-15
565.  1.746187E-15
566.  1.746537E-15
567.  1.746493E-15
568.  1.746050E-15
569.  1.745205E-15
570.  1.743954E-15
571.  1.742294E-15
572.  1.740225E-15
573.  1.737743E-15
574.  1.734850E-15
575.  1.731544E-15
576.  1.727825E-15
577.  1.723697E-15
578.  1.719159E-15
579.  1.714214E-15
580.  1.708867E-15
581.  1.703120E-15
582.  1.696979E-15
583.  1.690447E-15
584.  1.683531E-15
585.  1.676238E-15
586.  1.668573E-15
587.  1.660545E-15
588.  1.652162E-15
589.  1.643432E-15
590.  1.634364E-15
591.  1.624969E-15
592.  1.615256E-15
593.  1.605235E-15
594.  1.594919E-15
595.  1.584319E-15
596.  1.573446E-15
597.  1.562314E-15
598.  1.550935E-15
599.  1.539322E-15
600.  1.527488E-15
601.  1.515447E-15
602.  1.503214E-15
603.  1.490802E-15
604.  1.478226E-15
605.  1.465501E-15
606.  1.452641E-15
607.  1.439661E-15
608.  1.426576E-15
609.  1.413402E-15
610.  1.400153E-15
611.  1.386844E-15
612.  1.373491E-15
613.  1.360109E-15
614.  1.346711E-15
615.  1.333315E-15
616.  1.319933E-15
617.  1.306581E-15
618.  1.293272E-15
619.  1.280021E-15
620.  1.266843E-15
621.  1.253749E-15
622.  1.240755E-15
623.  1.227873E-15
624.  1.215115E-15
625.  1.202494E-15
626.  1.190022E-15
627.  1.177711E-15
628.  1.165571E-15
629.  1.153614E-15
630.  1.141850E-15
631.  1.130288E-15
632.  1.118939E-15
633.  1.107811E-15
634.  1.096912E-15
635.  1.086251E-15
636.  1.075835E-15
637.  1.065671E-15
638.  1.055765E-15
639.  1.046124E-15
640.  1.036752E-15
641.  1.027654E-15
642.  1.018835E-15
643.  1.010298E-15
644.  1.002047E-15
645.  9.940844E-16
646.  9.864123E-16
647.  9.790320E-16
648.  9.719448E-16
649.  9.651515E-16
650.  9.586516E-16
651.  9.524447E-16
652.  9.465303E-16
653.  9.409064E-16
654.  9.355716E-16
655.  9.305229E-16
656.  9.257576E-16
657.  9.212723E-16
658.  9.170632E-16
659.  9.131261E-16
660.  9.094563E-16
661.  9.060489E-16
662.  9.028982E-16
663.  8.999982E-16
664.  8.973433E-16
665.  8.949264E-16
666.  8.927410E-16
667.  8.907797E-16
668.  8.890350E-16
669.  8.874991E-16
670.  8.861642E-16
671.  8.850220E-16
672.  8.840636E-16
673.  8.832809E-16
674.  8.826644E-16
675.  8.822056E-16
676.  8.818944E-16
677.  8.817222E-16
678.  8.816791E-16
679.  8.817559E-16
680.  8.819424E-16
681.  8.822289E-16
682.  8.826057E-16
683.  8.830628E-16
684.  8.835906E-16
685.  8.841789E-16
686.  8.848179E-16
687.  8.854981E-16
688.  8.862094E-16
689.  8.869422E-16
690.  8.876866E-16
691.  8.884337E-16
692.  8.891735E-16
693.  8.898970E-16
694.  8.905952E-16
695.  8.912590E-16
696.  8.918795E-16
697.  8.924483E-16
698.  8.929570E-16
699.  8.933974E-16
700.  8.937617E-16
701.  8.940422E-16
702.  8.942314E-16
703.  8.943224E-16
704.  8.943083E-16
705.  8.941824E-16
706.  8.939385E-16
707.  8.935706E-16
708.  8.930736E-16
709.  8.924415E-16
710.  8.916701E-16
711.  8.907542E-16
712.  8.896902E-16
713.  8.884738E-16
714.  8.871018E-16
715.  8.855713E-16
716.  8.838790E-16
717.  8.820230E-16
718.  8.800016E-16
719.  8.778127E-16
720.  8.754557E-16
721.  8.729294E-16
722.  8.702339E-16
723.  8.673690E-16
724.  8.643351E-16
725.  8.611333E-16
726.  8.577644E-16
727.  8.542303E-16
728.  8.505329E-16
729.  8.466747E-16
730.  8.426582E-16
731.  8.384866E-16
732.  8.341632E-16
733.  8.296921E-16
734.  8.250771E-16
735.  8.203227E-16
736.  8.154336E-16
737.  8.104151E-16
738.  8.052723E-16
739.  8.000110E-16
740.  7.946368E-16
741.  7.891560E-16
742.  7.835748E-16
743.  7.778999E-16
744.  7.721381E-16
745.  7.662963E-16
746.  7.603814E-16
747.  7.544008E-16
748.  7.483621E-16
749.  7.422725E-16
750.  7.361398E-16
751.  7.299714E-16
752.  7.237753E-16
753.  7.175592E-16
754.  7.113308E-16
755.  7.050980E-16
756.  6.988684E-16
757.  6.926499E-16
758.  6.864500E-16
759.  6.802767E-16
760.  6.741373E-16
761.  6.680392E-16
762.  6.619896E-16
763.  6.559960E-16
764.  6.500653E-16
765.  6.442041E-16
766.  6.384195E-16
767.  6.327179E-16
768.  6.271055E-16
769.  6.215885E-16
770.  6.161725E-16
771.  6.108633E-16
772.  6.056667E-16
773.  6.005871E-16
774.  5.956301E-16
775.  5.907997E-16
776.  5.861006E-16
777.  5.815370E-16
778.  5.771123E-16
779.  5.728306E-16
780.  5.686948E-16
781.  5.647079E-16
782.  5.608728E-16
783.  5.571917E-16
784.  5.536672E-16
785.  5.503007E-16
786.  5.470942E-16
787.  5.440491E-16
788.  5.411663E-16
789.  5.384469E-16
790.  5.358915E-16
791.  5.335006E-16
792.  5.312746E-16
793.  5.292132E-16
794.  5.273163E-16
795.  5.255837E-16
796.  5.240149E-16
797.  5.226090E-16
798.  5.213651E-16
799.  5.202824E-16
800.  5.193596E-16
801.  5.185957E-16
802.  5.179891E-16
803.  5.175384E-16
804.  5.172419E-16
805.  5.170984E-16
806.  5.171059E-16
807.  5.172626E-16
808.  5.175669E-16
809.  5.180170E-16
810.  5.186110E-16
811.  5.193469E-16
812.  5.202231E-16
813.  5.212377E-16
814.  5.223888E-16
815.  5.236745E-16
816.  5.250933E-16
817.  5.266431E-16
818.  5.283223E-16
819.  5.301292E-16
820.  5.320622E-16
821.  5.341198E-16
822.  5.363002E-16
823.  5.386019E-16
824.  5.410237E-16
825.  5.435641E-16
826.  5.462217E-16
827.  5.489952E-16
828.  5.518834E-16
829.  5.548849E-16
830.  5.579990E-16
831.  5.612242E-16
832.  5.645596E-16
833.  5.680042E-16
834.  5.715567E-16
835.  5.752164E-16
836.  5.789822E-16
837.  5.828532E-16
838.  5.868283E-16
839.  5.909068E-16
840.  5.950877E-16
841.  5.993697E-16
842.  6.037522E-16
843.  6.082341E-16
844.  6.128141E-16
845.  6.174914E-16
846.  6.222646E-16
847.  6.271327E-16
848.  6.320944E-16
849.  6.371482E-16
850.  6.422929E-16
851.  6.475269E-16
852.  6.528486E-16
853.  6.582566E-16
854.  6.637487E-16
855.  6.693233E-16
856.  6.749783E-16
857.  6.807115E-16
858.  6.865211E-16
859.  6.924044E-16
860.  6.983588E-16
861.  7.043819E-16
862.  7.104713E-16
863.  7.166236E-16
864.  7.228360E-16
865.  7.291055E-16
866.  7.354285E-16
867.  7.418021E-16
868.  7.482223E-16
869.  7.546856E-16
870.  7.611883E-16
871.  7.677262E-16
872.  7.742955E-16
873.  7.808917E-16
874.  7.875108E-16
875.  7.941480E-16
876.  8.007991E-16
877.  8.074593E-16
878.  8.141236E-16
879.  8.207874E-16
880.  8.274454E-16
881.  8.340928E-16
882.  8.407241E-16
883.  8.473346E-16
884.  8.539183E-16
885.  8.604703E-16
886.  8.669849E-16
887.  8.734568E-16
888.  8.798802E-16
889.  8.862495E-16
890.  8.925593E-16
891.  8.988038E-16
892.  9.049774E-16
893.  9.110742E-16
894.  9.170889E-16
895.  9.230158E-16
896.  9.288491E-16
897.  9.345833E-16
898.  9.402127E-16
899.  9.457320E-16
900.  9.511358E-16
901.  9.564184E-16
902.  9.615747E-16
903.  9.665995E-16
904.  9.714876E-16
905.  9.762340E-16
906.  9.808340E-16
907.  9.852826E-16
908.  9.895750E-16
909.  9.937072E-16
910.  9.976746E-16
911.  1.001473E-15
912.  1.005098E-15
913.  1.008546E-15
914.  1.011814E-15
915.  1.014898E-15
916.  1.017795E-15
917.  1.020501E-15
918.  1.023015E-15
919.  1.025333E-15
920.  1.027453E-15
921.  1.029373E-15
922.  1.031091E-15
923.  1.032606E-15
924.  1.033915E-15
925.  1.035019E-15
926.  1.035917E-15
927.  1.036607E-15
928.  1.037090E-15
929.  1.037365E-15
930.  1.037434E-15
931.  1.037297E-15
932.  1.036954E-15
933.  1.036407E-15
934.  1.035658E-15
935.  1.034709E-15
936.  1.033561E-15
937.  1.032217E-15
938.  1.030680E-15
939.  1.028954E-15
940.  1.027040E-15
941.  1.024944E-15
942.  1.022669E-15
943.  1.020220E-15
944.  1.017601E-15
945.  1.014816E-15
946.  1.011871E-15
947.  1.008772E-15
948.  1.005524E-15
949.  1.002133E-15
950.  9.986048E-16
951.  9.949461E-16
952.  9.911635E-16
953.  9.872638E-16
954.  9.832541E-16
955.  9.791415E-16
956.  9.749332E-16
957.  9.706370E-16
958.  9.662602E-16
959.  9.618112E-16
960.  9.572974E-16
961.  9.527268E-16
962.  9.481077E-16
963.  9.434482E-16
964.  9.387562E-16
965.  9.340404E-16
966.  9.293084E-16
967.  9.245689E-16
968.  9.198297E-16
969.  9.150991E-16
970.  9.103853E-16
971.  9.056959E-16
972.  9.010385E-16
973.  8.964214E-16
974.  8.918518E-16
975.  8.873372E-16
976.  8.828846E-16
977.  8.785009E-16
978.  8.741932E-16
979.  8.699675E-16
980.  8.658302E-16
981.  8.617876E-16
982.  8.578447E-16
983.  8.540071E-16
984.  8.502799E-16
985.  8.466678E-16
986.  8.431746E-16
987.  8.398046E-16
988.  8.365613E-16
989.  8.334476E-16
990.  8.304666E-16
991.  8.276203E-16
992.  8.249107E-16
993.  8.223394E-16
994.  8.199072E-16
995.  8.176150E-16
996.  8.154630E-16
997.  8.134507E-16
998.  8.115778E-16
999.  8.098429E-16
1000.  8.082449E-16
1001.  8.067817E-16
1002.  8.054509E-16
1003.  8.042502E-16
1004.  8.031762E-16
1005.  8.022255E-16
1006.  8.013946E-16
1007.  8.006792E-16
1008.  8.000748E-16
1009.  7.995769E-16
1010.  7.991802E-16
1011.  7.988798E-16
1012.  7.986700E-16
1013.  7.985451E-16
1014.  7.984993E-16
1015.  7.985265E-16
1016.  7.986204E-16
1017.  7.987748E-16
1018.  7.989834E-16
1019.  7.992396E-16
1020.  7.995372E-16
1021.  7.998692E-16
1022.  8.002299E-16
1023.  8.006124E-16
1024.  8.010107E-16
1025.  8.014184E-16
1026.  8.018297E-16
1027.  8.022386E-16
1028.  8.026396E-16
1029.  8.030273E-16
1030.  8.033965E-16
1031.  8.037421E-16
1032.  8.040599E-16
1033.  8.043452E-16
1034.  8.045943E-16
1035.  8.048039E-16
1036.  8.049703E-16
1037.  8.050911E-16
1038.  8.051638E-16
1039.  8.051864E-16
1040.  8.051575E-16
1041.  8.050760E-16
1042.  8.049411E-16
1043.  8.047528E-16
1044.  8.045113E-16
1045.  8.042175E-16
1046.  8.038725E-16
1047.  8.034780E-16
1048.  8.030360E-16
1049.  8.025491E-16
1050.  8.020205E-16
1051.  8.014534E-16
1052.  8.008518E-16
1053.  8.002197E-16
1054.  7.995618E-16
1055.  7.988830E-16
1056.  7.981887E-16
1057.  7.974845E-16
1058.  7.967764E-16
1059.  7.960703E-16
1060.  7.953727E-16
1061.  7.946905E-16
1062.  7.940306E-16
1063.  7.933995E-16
1064.  7.928046E-16
1065.  7.922530E-16
1066.  7.917524E-16
1067.  7.913097E-16
1068.  7.909325E-16
1069.  7.906279E-16
1070.  7.904033E-16
1071.  7.902660E-16
1072.  7.902227E-16
1073.  7.902809E-16
1074.  7.904468E-16
1075.  7.907275E-16
1076.  7.911287E-16
1077.  7.916570E-16
1078.  7.923179E-16
1079.  7.931172E-16
1080.  7.940596E-16
1081.  7.951504E-16
1082.  7.963938E-16
1083.  7.977941E-16
1084.  7.993546E-16
1085.  8.010790E-16
1086.  8.029700E-16
1087.  8.050301E-16
1088.  8.072612E-16
1089.  8.096650E-16
1090.  8.122425E-16
1091.  8.149945E-16
1092.  8.179210E-16
1093.  8.210218E-16
1094.  8.242965E-16
1095.  8.277437E-16
1096.  8.313622E-16
1097.  8.351498E-16
1098.  8.391043E-16
1099.  8.432231E-16
1100.  8.475027E-16
1101.  8.519402E-16
1102.  8.565314E-16
1103.  8.612723E-16
1104.  8.661588E-16
1105.  8.711859E-16
1106.  8.763487E-16
1107.  8.816421E-16
1108.  8.870607E-16
1109.  8.925993E-16
1110.  8.982515E-16
1111.  9.040122E-16
1112.  9.098753E-16
1113.  9.158346E-16
1114.  9.218844E-16
1115.  9.280182E-16
1116.  9.342301E-16
1117.  9.405143E-16
1118.  9.468645E-16
1119.  9.532752E-16
1120.  9.597400E-16
1121.  9.662535E-16
1122.  9.728101E-16
1123.  9.794044E-16
1124.  9.860313E-16
1125.  9.926855E-16
1126.  9.993622E-16
1127.  1.006057E-15
1128.  1.012765E-15
1129.  1.019482E-15
1130.  1.026205E-15
1131.  1.032930E-15
1132.  1.039653E-15
1133.  1.046371E-15
1134.  1.053082E-15
1135.  1.059782E-15
1136.  1.066470E-15
1137.  1.073144E-15
1138.  1.079801E-15
1139.  1.086440E-15
1140.  1.093060E-15
1141.  1.099659E-15
1142.  1.106237E-15
1143.  1.112794E-15
1144.  1.119328E-15
1145.  1.125840E-15
1146.  1.132329E-15
1147.  1.138796E-15
1148.  1.145240E-15
1149.  1.151663E-15
1150.  1.158065E-15
1151.  1.164445E-15
1152.  1.170806E-15
1153.  1.177146E-15
1154.  1.183468E-15
1155.  1.189772E-15
1156.  1.196058E-15
1157.  1.202327E-15
1158.  1.208580E-15
1159.  1.214817E-15
1160.  1.221039E-15
1161.  1.227246E-15
1162.  1.233438E-15
1163.  1.239615E-15
1164.  1.245778E-15
1165.  1.251925E-15
1166.  1.258058E-15
1167.  1.264174E-15
1168.  1.270273E-15
1169.  1.276355E-15
1170.  1.282417E-15
1171.  1.288459E-15
1172.  1.294478E-15
1173.  1.300473E-15
1174.  1.306442E-15
1175.  1.312381E-15
1176.  1.318289E-15
1177.  1.324162E-15
1178.  1.329997E-15
1179.  1.335791E-15
1180.  1.341540E-15
1181.  1.347241E-15
1182.  1.352888E-15
1183.  1.358478E-15
1184.  1.364006E-15
1185.  1.369467E-15
1186.  1.374857E-15
1187.  1.380171E-15
1188.  1.385403E-15
1189.  1.390547E-15
1190.  1.395599E-15
1191.  1.400552E-15
1192.  1.405402E-15
1193.  1.410142E-15
1194.  1.414767E-15
1195.  1.419270E-15
1196.  1.423646E-15
1197.  1.427889E-15
1198.  1.431993E-15
1199.  1.435953E-15
1200.  1.439763E-15
1201.  1.443416E-15
1202.  1.446909E-15
1203.  1.450235E-15
1204.  1.453389E-15
1205.  1.456366E-15
1206.  1.459162E-15
1207.  1.461771E-15
1208.  1.464189E-15
1209.  1.466412E-15
1210.  1.468437E-15
1211.  1.470259E-15
1212.  1.471875E-15
1213.  1.473281E-15
1214.  1.474476E-15
1215.  1.475457E-15
1216.  1.476222E-15
1217.  1.476769E-15
1218.  1.477096E-15
1219.  1.477203E-15
1220.  1.477090E-15
1221.  1.476755E-15
1222.  1.476199E-15
1223.  1.475422E-15
1224.  1.474426E-15
1225.  1.473212E-15
1226.  1.471781E-15
1227.  1.470136E-15
1228.  1.468280E-15
1229.  1.466214E-15
1230.  1.463943E-15
1231.  1.461470E-15
1232.  1.458799E-15
1233.  1.455935E-15
1234.  1.452882E-15
1235.  1.449646E-15
1236.  1.446233E-15
1237.  1.442648E-15
1238.  1.438897E-15
1239.  1.434987E-15
1240.  1.430924E-15
1241.  1.426716E-15
1242.  1.422371E-15
1243.  1.417895E-15
1244.  1.413297E-15
1245.  1.408585E-15
1246.  1.403767E-15
1247.  1.398852E-15
1248.  1.393847E-15
1249.  1.388763E-15
1250.  1.383608E-15
1251.  1.378391E-15
1252.  1.373121E-15
1253.  1.367807E-15
1254.  1.362460E-15
1255.  1.357087E-15
1256.  1.351699E-15
1257.  1.346304E-15
1258.  1.340913E-15
1259.  1.335533E-15
1260.  1.330176E-15
1261.  1.324848E-15
1262.  1.319561E-15
1263.  1.314321E-15
1264.  1.309139E-15
1265.  1.304022E-15
1266.  1.298979E-15
1267.  1.294018E-15
1268.  1.289148E-15
1269.  1.284374E-15
1270.  1.279707E-15
1271.  1.275151E-15
1272.  1.270715E-15
1273.  1.266404E-15
1274.  1.262225E-15
1275.  1.258185E-15
1276.  1.254288E-15
1277.  1.250540E-15
1278.  1.246946E-15
1279.  1.243510E-15
1280.  1.240237E-15
1281.  1.237130E-15
1282.  1.234193E-15
1283.  1.231428E-15
1284.  1.228839E-15
1285.  1.226427E-15
1286.  1.224195E-15
1287.  1.222143E-15
1288.  1.220273E-15
1289.  1.218586E-15
1290.  1.217081E-15
1291.  1.215758E-15
1292.  1.214617E-15
1293.  1.213657E-15
1294.  1.212876E-15
1295.  1.212273E-15
1296.  1.211845E-15
1297.  1.211590E-15
1298.  1.211506E-15
1299.  1.211588E-15
1300.  1.211833E-15
1301.  1.212238E-15
1302.  1.212799E-15
1303.  1.213510E-15
1304.  1.214367E-15
1305.  1.215366E-15
1306.  1.216500E-15
1307.  1.217765E-15
1308.  1.219155E-15
1309.  1.220663E-15
1310.  1.222284E-15
1311.  1.224012E-15
1312.  1.225839E-15
1313.  1.227760E-15
1314.  1.229767E-15
1315.  1.231855E-15
1316.  1.234015E-15
1317.  1.236241E-15
1318.  1.238526E-15
1319.  1.240864E-15
1320.  1.243247E-15
1321.  1.245667E-15
1322.  1.248119E-15
1323.  1.250595E-15
1324.  1.253089E-15
1325.  1.255593E-15
1326.  1.258100E-15
1327.  1.260605E-15
1328.  1.263101E-15
1329.  1.265582E-15
1330.  1.268041E-15
1331.  1.270472E-15
1332.  1.272870E-15
1333.  1.275229E-15
1334.  1.277544E-15
1335.  1.279810E-15
1336.  1.282021E-15
1337.  1.284174E-15
1338.  1.286263E-15
1339.  1.288285E-15
1340.  1.290237E-15
1341.  1.292113E-15
1342.  1.293912E-15
1343.  1.295630E-15
1344.  1.297265E-15
1345.  1.298815E-15
1346.  1.300277E-15
1347.  1.301649E-15
1348.  1.302931E-15
1349.  1.304122E-15
1350.  1.305221E-15
1351.  1.306227E-15
1352.  1.307141E-15
1353.  1.307963E-15
1354.  1.308693E-15
1355.  1.309333E-15
1356.  1.309883E-15
1357.  1.310346E-15
1358.  1.310724E-15
1359.  1.311017E-15
1360.  1.311230E-15
1361.  1.311364E-15
1362.  1.311424E-15
1363.  1.311412E-15
1364.  1.311331E-15
1365.  1.311186E-15
1366.  1.310981E-15
1367.  1.310719E-15
1368.  1.310406E-15
1369.  1.310047E-15
1370.  1.309646E-15
1371.  1.309207E-15
1372.  1.308738E-15
1373.  1.308242E-15
1374.  1.307726E-15
1375.  1.307195E-15
1376.  1.306655E-15
1377.  1.306112E-15
1378.  1.305572E-15
1379.  1.305040E-15
1380.  1.304523E-15
1381.  1.304028E-15
1382.  1.303559E-15
1383.  1.303123E-15
1384.  1.302727E-15
1385.  1.302377E-15
1386.  1.302078E-15
1387.  1.301836E-15
1388.  1.301658E-15
1389.  1.301549E-15
1390.  1.301516E-15
1391.  1.301563E-15
1392.  1.301697E-15
1393.  1.301923E-15
1394.  1.302246E-15
1395.  1.302672E-15
1396.  1.303206E-15
1397.  1.303852E-15
1398.  1.304615E-15
1399.  1.305500E-15
1400.  1.306511E-15
1401.  1.307652E-15
1402.  1.308928E-15
1403.  1.310342E-15
1404.  1.311898E-15
1405.  1.313599E-15
1406.  1.315449E-15
1407.  1.317449E-15
1408.  1.319604E-15
1409.  1.321916E-15
1410.  1.324387E-15
1411.  1.327018E-15
1412.  1.329813E-15
1413.  1.332773E-15
1414.  1.335899E-15
1415.  1.339193E-15
1416.  1.342655E-15
1417.  1.346286E-15
1418.  1.350088E-15
1419.  1.354060E-15
1420.  1.358203E-15
1421.  1.362516E-15
1422.  1.367000E-15
1423.  1.371655E-15
1424.  1.376479E-15
1425.  1.381472E-15
1426.  1.386633E-15
1427.  1.391961E-15
1428.  1.397454E-15
1429.  1.403112E-15
1430.  1.408933E-15
1431.  1.414915E-15
1432.  1.421055E-15
1433.  1.427352E-15
1434.  1.433804E-15
1435.  1.440409E-15
1436.  1.447162E-15
1437.  1.454063E-15
1438.  1.461108E-15
1439.  1.468295E-15
1440.  1.475619E-15
1441.  1.483078E-15
1442.  1.490668E-15
1443.  1.498387E-15
1444.  1.506230E-15
1445.  1.514193E-15
1446.  1.522273E-15
1447.  1.530466E-15
1448.  1.538768E-15
1449.  1.547174E-15
1450.  1.555680E-15
1451.  1.564281E-15
1452.  1.572974E-15
1453.  1.581753E-15
1454.  1.590614E-15
1455.  1.599551E-15
1456.  1.608560E-15
1457.  1.617637E-15
1458.  1.626774E-15
1459.  1.635969E-15
1460.  1.645214E-15
1461.  1.654505E-15
1462.  1.663837E-15
1463.  1.673203E-15
1464.  1.682599E-15
1465.  1.692018E-15
1466.  1.701456E-15
1467.  1.710906E-15
1468.  1.720362E-15
1469.  1.729820E-15
1470.  1.739272E-15
1471.  1.748714E-15
1472.  1.758140E-15
1473.  1.767543E-15
1474.  1.776918E-15
1475.  1.786260E-15
1476.  1.795561E-15
1477.  1.804818E-15
1478.  1.814024E-15
1479.  1.823173E-15
1480.  1.832261E-15
1481.  1.841281E-15
1482.  1.850229E-15
1483.  1.859098E-15
1484.  1.867885E-15
1485.  1.876583E-15
1486.  1.885188E-15
1487.  1.893695E-15
1488.  1.902101E-15
1489.  1.910398E-15
1490.  1.918584E-15
1491.  1.926654E-15
1492.  1.934604E-15
1493.  1.942431E-15
1494.  1.950130E-15
1495.  1.957698E-15
1496.  1.965132E-15
1497.  1.972428E-15
1498.  1.979584E-15
1499.  1.986596E-15
1500.  1.993462E-15
1501.  2.000179E-15
1502.  2.006746E-15
1503.  2.013161E-15
1504.  2.019420E-15
1505.  2.025523E-15
1506.  2.031469E-15
1507.  2.037256E-15
1508.  2.042883E-15
1509.  2.048349E-15
1510.  2.053653E-15
1511.  2.058794E-15
1512.  2.063774E-15
1513.  2.068590E-15
1514.  2.073243E-15
1515.  2.077733E-15
1516.  2.082061E-15
1517.  2.086226E-15
1518.  2.090229E-15
1519.  2.094071E-15
1520.  2.097752E-15
1521.  2.101272E-15
1522.  2.104634E-15
1523.  2.107837E-15
1524.  2.110883E-15
1525.  2.113772E-15
1526.  2.116506E-15
1527.  2.119087E-15
1528.  2.121514E-15
1529.  2.123789E-15
1530.  2.125914E-15
1531.  2.127890E-15
1532.  2.129718E-15
1533.  2.131399E-15
1534.  2.132934E-15
1535.  2.134325E-15
1536.  2.135573E-15
1537.  2.136679E-15
1538.  2.137643E-15
1539.  2.138469E-15
1540.  2.139155E-15
1541.  2.139703E-15
1542.  2.140115E-15
1543.  2.140391E-15
1544.  2.140532E-15
1545.  2.140540E-15
1546.  2.140414E-15
1547.  2.140156E-15
1548.  2.139766E-15
1549.  2.139246E-15
1550.  2.138595E-15
1551.  2.137815E-15
1552.  2.136907E-15
1553.  2.135870E-15
1554.  2.134706E-15
1555.  2.133416E-15
1556.  2.131998E-15
1557.  2.130456E-15
1558.  2.128789E-15
1559.  2.126998E-15
1560.  2.125084E-15
1561.  2.123047E-15
1562.  2.120888E-15
1563.  2.118608E-15
1564.  2.116208E-15
1565.  2.113689E-15
1566.  2.111053E-15
1567.  2.108298E-15
1568.  2.105429E-15
1569.  2.102445E-15
1570.  2.099347E-15
1571.  2.096138E-15
1572.  2.092819E-15
1573.  2.089391E-15
1574.  2.085857E-15
1575.  2.082217E-15
1576.  2.078475E-15
1577.  2.074631E-15
1578.  2.070689E-15
1579.  2.066650E-15
1580.  2.062518E-15
1581.  2.058293E-15
1582.  2.053979E-15
1583.  2.049579E-15
1584.  2.045095E-15
1585.  2.040529E-15
1586.  2.035886E-15
1587.  2.031168E-15
1588.  2.026379E-15
1589.  2.021519E-15
1590.  2.016594E-15
1591.  2.011607E-15
1592.  2.006559E-15
1593.  2.001456E-15
1594.  1.996299E-15
1595.  1.991092E-15
1596.  1.985838E-15
1597.  1.980541E-15
1598.  1.975203E-15
1599.  1.969827E-15
1600.  1.964417E-15
1601.  1.958975E-15
1602.  1.953503E-15
1603.  1.948005E-15
1604.  1.942482E-15
1605.  1.936939E-15
1606.  1.931375E-15
1607.  1.925794E-15
1608.  1.920198E-15
1609.  1.914588E-15
1610.  1.908965E-15
1611.  1.903332E-15
1612.  1.897688E-15
1613.  1.892036E-15
1614.  1.886375E-15
1615.  1.880706E-15
1616.  1.875029E-15
1617.  1.869345E-15
1618.  1.863652E-15
1619.  1.857951E-15
1620.  1.852240E-15
1621.  1.846519E-15
1622.  1.840786E-15
1623.  1.835040E-15
1624.  1.829279E-15
1625.  1.823500E-15
1626.  1.817703E-15
1627.  1.811884E-15
1628.  1.806040E-15
1629.  1.800169E-15
1630.  1.794269E-15
1631.  1.788334E-15
1632.  1.782362E-15
1633.  1.776351E-15
1634.  1.770294E-15
1635.  1.764190E-15
1636.  1.758033E-15
1637.  1.751820E-15
1638.  1.745546E-15
1639.  1.739207E-15
1640.  1.732799E-15
1641.  1.726317E-15
1642.  1.719757E-15
1643.  1.713114E-15
1644.  1.706385E-15
1645.  1.699563E-15
1646.  1.692646E-15
1647.  1.685628E-15
1648.  1.678506E-15
1649.  1.671274E-15
1650.  1.663930E-15
1651.  1.656469E-15
1652.  1.648887E-15
1653.  1.641180E-15
1654.  1.633346E-15
1655.  1.625380E-15
1656.  1.617279E-15
1657.  1.609041E-15
1658.  1.600663E-15
1659.  1.592142E-15
1660.  1.583475E-15
1661.  1.574662E-15
1662.  1.565701E-15
1663.  1.556589E-15
1664.  1.547325E-15
1665.  1.537909E-15
1666.  1.528341E-15
1667.  1.518619E-15
1668.  1.508744E-15
1669.  1.498716E-15
1670.  1.488535E-15
1671.  1.478203E-15
1672.  1.467721E-15
1673.  1.457090E-15
1674.  1.446312E-15
1675.  1.435390E-15
1676.  1.424325E-15
1677.  1.413121E-15
1678.  1.401780E-15
1679.  1.390307E-15
1680.  1.378704E-15
1681.  1.366976E-15
1682.  1.355126E-15
1683.  1.343160E-15
1684.  1.331081E-15
1685.  1.318896E-15
1686.  1.306609E-15
1687.  1.294225E-15
1688.  1.281752E-15
1689.  1.269193E-15
1690.  1.256555E-15
1691.  1.243845E-15
1692.  1.231069E-15
1693.  1.218234E-15
1694.  1.205346E-15
1695.  1.192412E-15
1696.  1.179440E-15
1697.  1.166435E-15
1698.  1.153406E-15
1699.  1.140360E-15
1700.  1.127303E-15
1701.  1.114244E-15
1702.  1.101190E-15
1703.  1.088147E-15
1704.  1.075124E-15
1705.  1.062127E-15
1706.  1.049164E-15
1707.  1.036242E-15
1708.  1.023368E-15
1709.  1.010550E-15
1710.  9.977939E-16
1711.  9.851069E-16
1712.  9.724957E-16
1713.  9.599669E-16
1714.  9.475267E-16
1715.  9.351818E-16
1716.  9.229377E-16
1717.  9.108006E-16
1718.  8.987762E-16
1719.  8.868696E-16
1720.  8.750861E-16
1721.  8.634311E-16
1722.  8.519088E-16
1723.  8.405238E-16
1724.  8.292802E-16
1725.  8.181822E-16
1726.  8.072331E-16
1727.  7.964366E-16
1728.  7.857954E-16
1729.  7.753128E-16
1730.  7.649908E-16
1731.  7.548316E-16
1732.  7.448375E-16
1733.  7.350099E-16
1734.  7.253499E-16
1735.  7.158587E-16
1736.  7.065372E-16
1737.  6.973856E-16
1738.  6.884042E-16
1739.  6.795930E-16
1740.  6.709513E-16
1741.  6.624789E-16
1742.  6.541746E-16
1743.  6.460374E-16
1744.  6.380659E-16
1745.  6.302586E-16
1746.  6.226137E-16
1747.  6.151290E-16
1748.  6.078026E-16
1749.  6.006321E-16
1750.  5.936147E-16
1751.  5.867481E-16
1752.  5.800293E-16
1753.  5.734553E-16
1754.  5.670231E-16
1755.  5.607298E-16
1756.  5.545717E-16
1757.  5.485461E-16
1758.  5.426491E-16
1759.  5.368776E-16
1760.  5.312283E-16
1761.  5.256977E-16
1762.  5.202823E-16
1763.  5.149787E-16
1764.  5.097837E-16
1765.  5.046939E-16
1766.  4.997060E-16
1767.  4.948168E-16
1768.  4.900234E-16
1769.  4.853224E-16
1770.  4.807110E-16
1771.  4.761865E-16
1772.  4.717462E-16
1773.  4.673872E-16
1774.  4.631074E-16
1775.  4.589042E-16
1776.  4.547756E-16
1777.  4.507196E-16
1778.  4.467340E-16
1779.  4.428172E-16
1780.  4.389677E-16
1781.  4.351840E-16
1782.  4.314649E-16
1783.  4.278090E-16
1784.  4.242156E-16
1785.  4.206838E-16
1786.  4.172129E-16
1787.  4.138025E-16
1788.  4.104519E-16
1789.  4.071612E-16
1790.  4.039302E-16
1791.  4.007588E-16
1792.  3.976471E-16
1793.  3.945956E-16
1794.  3.916044E-16
1795.  3.886740E-16
1796.  3.858051E-16
1797.  3.829981E-16
1798.  3.802539E-16
1799.  3.775733E-16
1800.  3.749569E-16
1801.  3.724057E-16
1802.  3.699206E-16
1803.  3.675026E-16
1804.  3.651527E-16
1805.  3.628716E-16
1806.  3.606607E-16
1807.  3.585206E-16
1808.  3.564524E-16
1809.  3.544571E-16
1810.  3.525357E-16
1811.  3.506889E-16
1812.  3.489174E-16
1813.  3.472223E-16
1814.  3.456040E-16
1815.  3.440634E-16
1816.  3.426010E-16
1817.  3.412172E-16
1818.  3.399125E-16
1819.  3.386872E-16
1820.  3.375417E-16
1821.  3.364760E-16
1822.  3.354902E-16
1823.  3.345840E-16
1824.  3.337578E-16
1825.  3.330109E-16
1826.  3.323431E-16
1827.  3.317540E-16
1828.  3.312429E-16
1829.  3.308092E-16
1830.  3.304524E-16
1831.  3.301713E-16
1832.  3.299652E-16
1833.  3.298328E-16
1834.  3.297732E-16
1835.  3.297851E-16
1836.  3.298671E-16
1837.  3.300179E-16
1838.  3.302363E-16
1839.  3.305202E-16
1840.  3.308685E-16
1841.  3.312795E-16
1842.  3.317512E-16
1843.  3.322820E-16
1844.  3.328702E-16
1845.  3.335139E-16
1846.  3.342114E-16
1847.  3.349604E-16
1848.  3.357594E-16
1849.  3.366064E-16
1850.  3.374994E-16
1851.  3.384365E-16
1852.  3.394159E-16
1853.  3.404357E-16
1854.  3.414940E-16
1855.  3.425891E-16
1856.  3.437192E-16
1857.  3.448824E-16
1858.  3.460772E-16
1859.  3.473019E-16
1860.  3.485550E-16
1861.  3.498348E-16
1862.  3.511401E-16
1863.  3.524695E-16
1864.  3.538219E-16
1865.  3.551957E-16
1866.  3.565903E-16
1867.  3.580046E-16
1868.  3.594375E-16
1869.  3.608885E-16
1870.  3.623569E-16
1871.  3.638422E-16
1872.  3.653439E-16
1873.  3.668617E-16
1874.  3.683956E-16
1875.  3.699453E-16
1876.  3.715112E-16
1877.  3.730933E-16
1878.  3.746919E-16
1879.  3.763077E-16
1880.  3.779411E-16
1881.  3.795929E-16
1882.  3.812641E-16
1883.  3.829556E-16
1884.  3.846683E-16
1885.  3.864040E-16
1886.  3.881636E-16
1887.  3.899488E-16
1888.  3.917613E-16
1889.  3.936029E-16
1890.  3.954752E-16
1891.  3.973805E-16
1892.  3.993210E-16
1893.  4.012985E-16
1894.  4.033157E-16
1895.  4.053748E-16
1896.  4.074786E-16
1897.  4.096296E-16
1898.  4.118303E-16
1899.  4.140839E-16
1900.  4.163931E-16
1901.  4.187609E-16
1902.  4.211903E-16
1903.  4.236843E-16
1904.  4.262461E-16
1905.  4.288791E-16
1906.  4.315863E-16
1907.  4.343711E-16
1908.  4.372367E-16
1909.  4.401866E-16
1910.  4.432240E-16
1911.  4.463524E-16
1912.  4.495752E-16
1913.  4.528954E-16
1914.  4.563169E-16
1915.  4.598426E-16
1916.  4.634759E-16
1917.  4.672202E-16
1918.  4.710786E-16
1919.  4.750542E-16
1920.  4.791502E-16
1921.  4.833697E-16
1922.  4.877154E-16
1923.  4.921906E-16
1924.  4.967976E-16
1925.  5.015392E-16
1926.  5.064182E-16
1927.  5.114366E-16
1928.  5.165970E-16
1929.  5.219015E-16
1930.  5.273520E-16
1931.  5.329505E-16
1932.  5.386984E-16
1933.  5.445974E-16
1934.  5.506489E-16
1935.  5.568536E-16
1936.  5.632130E-16
1937.  5.697273E-16
1938.  5.763971E-16
1939.  5.832230E-16
1940.  5.902045E-16
1941.  5.973416E-16
1942.  6.046339E-16
1943.  6.120803E-16
1944.  6.196803E-16
1945.  6.274321E-16
1946.  6.353345E-16
1947.  6.433855E-16
1948.  6.515830E-16
1949.  6.599245E-16
1950.  6.684073E-16
1951.  6.770283E-16
1952.  6.857842E-16
1953.  6.946714E-16
1954.  7.036856E-16
1955.  7.128228E-16
1956.  7.220782E-16
1957.  7.314470E-16
1958.  7.409240E-16
1959.  7.505033E-16
1960.  7.601794E-16
1961.  7.699459E-16
1962.  7.797962E-16
1963.  7.897235E-16
1964.  7.997211E-16
1965.  8.097812E-16
1966.  8.198962E-16
1967.  8.300583E-16
1968.  8.402592E-16
1969.  8.504904E-16
1970.  8.607432E-16
1971.  8.710090E-16
1972.  8.812782E-16
1973.  8.915417E-16
1974.  9.017900E-16
1975.  9.120133E-16
1976.  9.222019E-16
1977.  9.323457E-16
1978.  9.424347E-16
1979.  9.524591E-16
1980.  9.624080E-16
1981.  9.722719E-16
1982.  9.820398E-16
1983.  9.917022E-16
1984.  1.001248E-15
1985.  1.010668E-15
1986.  1.019951E-15
1987.  1.029088E-15
1988.  1.038069E-15
1989.  1.046884E-15
1990.  1.055523E-15
1991.  1.063977E-15
1992.  1.072238E-15
1993.  1.080295E-15
1994.  1.088142E-15
1995.  1.095770E-15
1996.  1.103170E-15
1997.  1.110336E-15
1998.  1.117260E-15
1999.  1.123935E-15
2000.  1.130357E-15
2001.  1.136517E-15
2002.  1.142413E-15
2003.  1.148038E-15
2004.  1.153388E-15
2005.  1.158461E-15
2006.  1.163252E-15
2007.  1.167760E-15
2008.  1.171981E-15
2009.  1.175916E-15
2010.  1.179563E-15
2011.  1.182922E-15
2012.  1.185994E-15
2013.  1.188780E-15
2014.  1.191281E-15
2015.  1.193500E-15
2016.  1.195441E-15
2017.  1.197106E-15
2018.  1.198500E-15
2019.  1.199628E-15
2020.  1.200496E-15
2021.  1.201110E-15
2022.  1.201476E-15
2023.  1.201601E-15
2024.  1.201495E-15
2025.  1.201164E-15
2026.  1.200618E-15
2027.  1.199866E-15
2028.  1.198918E-15
2029.  1.197785E-15
2030.  1.196477E-15
2031.  1.195005E-15
2032.  1.193380E-15
2033.  1.191615E-15
2034.  1.189721E-15
2035.  1.187711E-15
2036.  1.185597E-15
2037.  1.183392E-15
2038.  1.181108E-15
2039.  1.178759E-15
2040.  1.176358E-15
2041.  1.173917E-15
2042.  1.171450E-15
2043.  1.168970E-15
2044.  1.166489E-15
2045.  1.164020E-15
2046.  1.161576E-15
2047.  1.159169E-15
2048.  1.156812E-15
2049.  1.154515E-15
2050.  1.152292E-15
2051.  1.150152E-15
2052.  1.148107E-15
2053.  1.146167E-15
2054.  1.144341E-15
2055.  1.142641E-15
2056.  1.141073E-15
2057.  1.139648E-15
2058.  1.138371E-15
2059.  1.137252E-15
2060.  1.136295E-15
2061.  1.135508E-15
2062.  1.134895E-15
2063.  1.134462E-15
2064.  1.134211E-15
2065.  1.134147E-15
2066.  1.134271E-15
2067.  1.134586E-15
2068.  1.135093E-15
2069.  1.135791E-15
2070.  1.136681E-15
2071.  1.137761E-15
2072.  1.139029E-15
2073.  1.140483E-15
2074.  1.142120E-15
2075.  1.143934E-15
2076.  1.145922E-15
2077.  1.148078E-15
2078.  1.150396E-15
2079.  1.152868E-15
2080.  1.155489E-15
2081.  1.158248E-15
2082.  1.161139E-15
2083.  1.164150E-15
2084.  1.167274E-15
2085.  1.170498E-15
2086.  1.173814E-15
2087.  1.177209E-15
2088.  1.180671E-15
2089.  1.184189E-15
2090.  1.187750E-15
2091.  1.191341E-15
2092.  1.194950E-15
2093.  1.198563E-15
2094.  1.202167E-15
2095.  1.205748E-15
2096.  1.209292E-15
2097.  1.212786E-15
2098.  1.216216E-15
2099.  1.219568E-15
2100.  1.222827E-15
2101.  1.225981E-15
2102.  1.229016E-15
2103.  1.231917E-15
2104.  1.234673E-15
2105.  1.237270E-15
2106.  1.239695E-15
2107.  1.241936E-15
2108.  1.243981E-15
2109.  1.245817E-15
2110.  1.247435E-15
2111.  1.248822E-15
2112.  1.249969E-15
2113.  1.250866E-15
2114.  1.251504E-15
2115.  1.251873E-15
2116.  1.251966E-15
2117.  1.251776E-15
2118.  1.251294E-15
2119.  1.250515E-15
2120.  1.249434E-15
2121.  1.248046E-15
2122.  1.246345E-15
2123.  1.244330E-15
2124.  1.241997E-15
2125.  1.239344E-15
2126.  1.236369E-15
2127.  1.233073E-15
2128.  1.229454E-15
2129.  1.225515E-15
2130.  1.221257E-15
2131.  1.216681E-15
2132.  1.211791E-15
2133.  1.206590E-15
2134.  1.201084E-15
2135.  1.195276E-15
2136.  1.189173E-15
2137.  1.182781E-15
2138.  1.176106E-15
2139.  1.169157E-15
2140.  1.161941E-15
2141.  1.154467E-15
2142.  1.146744E-15
2143.  1.138782E-15
2144.  1.130591E-15
2145.  1.122181E-15
2146.  1.113564E-15
2147.  1.104751E-15
2148.  1.095753E-15
2149.  1.086583E-15
2150.  1.077253E-15
2151.  1.067775E-15
2152.  1.058163E-15
2153.  1.048429E-15
2154.  1.038587E-15
2155.  1.028650E-15
2156.  1.018631E-15
2157.  1.008544E-15
2158.  9.984020E-16
2159.  9.882192E-16
2160.  9.780090E-16
2161.  9.677848E-16
2162.  9.575599E-16
2163.  9.473479E-16
2164.  9.371618E-16
2165.  9.270147E-16
2166.  9.169195E-16
2167.  9.068885E-16
2168.  8.969347E-16
2169.  8.870700E-16
2170.  8.773062E-16
2171.  8.676552E-16
2172.  8.581283E-16
2173.  8.487365E-16
2174.  8.394903E-16
2175.  8.304003E-16
2176.  8.214763E-16
2177.  8.127281E-16
2178.  8.041649E-16
2179.  7.957954E-16
2180.  7.876283E-16
2181.  7.796714E-16
2182.  7.719326E-16
2183.  7.644190E-16
2184.  7.571374E-16
2185.  7.500943E-16
2186.  7.432958E-16
2187.  7.367472E-16
2188.  7.304541E-16
2189.  7.244209E-16
2190.  7.186521E-16
2191.  7.131517E-16
2192.  7.079233E-16
2193.  7.029699E-16
2194.  6.982946E-16
2195.  6.938994E-16
2196.  6.897868E-16
2197.  6.859583E-16
2198.  6.824152E-16
2199.  6.791585E-16
2200.  6.761890E-16
2201.  6.735069E-16
2202.  6.711124E-16
2203.  6.690050E-16
2204.  6.671845E-16
2205.  6.656497E-16
2206.  6.643997E-16
2207.  6.634331E-16
2208.  6.627484E-16
2209.  6.623438E-16
2210.  6.622169E-16
2211.  6.623657E-16
2212.  6.627877E-16
2213.  6.634803E-16
2214.  6.644406E-16
2215.  6.656653E-16
2216.  6.671517E-16
2217.  6.688963E-16
2218.  6.708955E-16
2219.  6.731456E-16
2220.  6.756432E-16
2221.  6.783842E-16
2222.  6.813647E-16
2223.  6.845808E-16
2224.  6.880281E-16
2225.  6.917025E-16
2226.  6.955993E-16
2227.  6.997148E-16
2228.  7.040438E-16
2229.  7.085820E-16
2230.  7.133251E-16
2231.  7.182678E-16
2232.  7.234059E-16
2233.  7.287344E-16
2234.  7.342484E-16
2235.  7.399430E-16
2236.  7.458136E-16
2237.  7.518548E-16
2238.  7.580617E-16
2239.  7.644292E-16
2240.  7.709524E-16
2241.  7.776260E-16
2242.  7.844447E-16
2243.  7.914035E-16
2244.  7.984970E-16
2245.  8.057198E-16
2246.  8.130668E-16
2247.  8.205321E-16
2248.  8.281110E-16
2249.  8.357975E-16
2250.  8.435862E-16
2251.  8.514716E-16
2252.  8.594480E-16
2253.  8.675097E-16
2254.  8.756511E-16
2255.  8.838665E-16
2256.  8.921501E-16
2257.  9.004960E-16
2258.  9.088985E-16
2259.  9.173513E-16
2260.  9.258489E-16
2261.  9.343852E-16
2262.  9.429539E-16
2263.  9.515493E-16
2264.  9.601654E-16
2265.  9.687955E-16
2266.  9.774343E-16
2267.  9.860749E-16
2268.  9.947114E-16
2269.  1.003338E-15
2270.  1.011948E-15
2271.  1.020535E-15
2272.  1.029094E-15
2273.  1.037618E-15
2274.  1.046101E-15
2275.  1.054536E-15
2276.  1.062919E-15
2277.  1.071242E-15
2278.  1.079500E-15
2279.  1.087687E-15
2280.  1.095797E-15
2281.  1.103825E-15
2282.  1.111764E-15
2283.  1.119610E-15
2284.  1.127356E-15
2285.  1.134998E-15
2286.  1.142530E-15
2287.  1.149948E-15
2288.  1.157246E-15
2289.  1.164420E-15
2290.  1.171464E-15
2291.  1.178376E-15
2292.  1.185150E-15
2293.  1.191783E-15
2294.  1.198272E-15
2295.  1.204612E-15
2296.  1.210800E-15
2297.  1.216833E-15
2298.  1.222709E-15
2299.  1.228425E-15
2300.  1.233979E-15
2301.  1.239369E-15
2302.  1.244593E-15
2303.  1.249650E-15
2304.  1.254538E-15
2305.  1.259258E-15
2306.  1.263808E-15
2307.  1.268188E-15
2308.  1.272398E-15
2309.  1.276439E-15
2310.  1.280312E-15
2311.  1.284017E-15
2312.  1.287556E-15
2313.  1.290930E-15
2314.  1.294141E-15
2315.  1.297193E-15
2316.  1.300085E-15
2317.  1.302823E-15
2318.  1.305408E-15
2319.  1.307844E-15
2320.  1.310135E-15
2321.  1.312284E-15
2322.  1.314296E-15
2323.  1.316174E-15
2324.  1.317924E-15
2325.  1.319549E-15
2326.  1.321055E-15
2327.  1.322447E-15
2328.  1.323730E-15
2329.  1.324909E-15
2330.  1.325991E-15
2331.  1.326980E-15
2332.  1.327882E-15
2333.  1.328703E-15
2334.  1.329450E-15
2335.  1.330128E-15
2336.  1.330742E-15
2337.  1.331300E-15
2338.  1.331808E-15
2339.  1.332270E-15
2340.  1.332694E-15
2341.  1.333086E-15
2342.  1.333451E-15
2343.  1.333795E-15
2344.  1.334125E-15
2345.  1.334445E-15
2346.  1.334763E-15
2347.  1.335082E-15
2348.  1.335409E-15
2349.  1.335749E-15
2350.  1.336107E-15
2351.  1.336487E-15
2352.  1.336895E-15
2353.  1.337336E-15
2354.  1.337813E-15
2355.  1.338330E-15
2356.  1.338892E-15
2357.  1.339503E-15
2358.  1.340165E-15
2359.  1.340882E-15
2360.  1.341657E-15
2361.  1.342493E-15
2362.  1.343392E-15
2363.  1.344356E-15
2364.  1.345388E-15
2365.  1.346489E-15
2366.  1.347661E-15
2367.  1.348904E-15
2368.  1.350219E-15
2369.  1.351608E-15
2370.  1.353070E-15
2371.  1.354606E-15
2372.  1.356216E-15
2373.  1.357899E-15
2374.  1.359653E-15
2375.  1.361480E-15
2376.  1.363377E-15
2377.  1.365343E-15
2378.  1.367375E-15
2379.  1.369474E-15
2380.  1.371636E-15
2381.  1.373859E-15
2382.  1.376141E-15
2383.  1.378478E-15
2384.  1.380869E-15
2385.  1.383309E-15
2386.  1.385796E-15
2387.  1.388327E-15
2388.  1.390897E-15
2389.  1.393503E-15
2390.  1.396142E-15
2391.  1.398808E-15
2392.  1.401500E-15
2393.  1.404211E-15
2394.  1.406938E-15
2395.  1.409676E-15
2396.  1.412421E-15
2397.  1.415169E-15
2398.  1.417915E-15
2399.  1.420655E-15
2400.  1.423383E-15
2401.  1.426095E-15
2402.  1.428787E-15
2403.  1.431453E-15
2404.  1.434090E-15
2405.  1.436692E-15
2406.  1.439255E-15
2407.  1.441774E-15
2408.  1.444245E-15
2409.  1.446663E-15
2410.  1.449023E-15
2411.  1.451322E-15
2412.  1.453554E-15
2413.  1.455716E-15
2414.  1.457803E-15
2415.  1.459811E-15
2416.  1.461736E-15
2417.  1.463573E-15
2418.  1.465320E-15
2419.  1.466972E-15
2420.  1.468526E-15
2421.  1.469977E-15
2422.  1.471323E-15
2423.  1.472560E-15
2424.  1.473685E-15
2425.  1.474693E-15
2426.  1.475584E-15
2427.  1.476353E-15
2428.  1.476997E-15
2429.  1.477515E-15
2430.  1.477902E-15
2431.  1.478157E-15
2432.  1.478278E-15
2433.  1.478261E-15
2434.  1.478106E-15
2435.  1.477809E-15
2436.  1.477369E-15
2437.  1.476785E-15
2438.  1.476053E-15
2439.  1.475173E-15
2440.  1.474144E-15
2441.  1.472963E-15
2442.  1.471630E-15
2443.  1.470144E-15
2444.  1.468502E-15
2445.  1.466706E-15
2446.  1.464753E-15
2447.  1.462642E-15
2448.  1.460374E-15
2449.  1.457948E-15
2450.  1.455363E-15
2451.  1.452619E-15
2452.  1.449716E-15
2453.  1.446654E-15
2454.  1.443433E-15
2455.  1.440052E-15
2456.  1.436514E-15
2457.  1.432816E-15
2458.  1.428961E-15
2459.  1.424949E-15
2460.  1.420780E-15
2461.  1.416455E-15
2462.  1.411976E-15
2463.  1.407343E-15
2464.  1.402558E-15
2465.  1.397622E-15
2466.  1.392536E-15
2467.  1.387302E-15
2468.  1.381922E-15
2469.  1.376397E-15
2470.  1.370729E-15
2471.  1.364921E-15
2472.  1.358975E-15
2473.  1.352893E-15
2474.  1.346678E-15
2475.  1.340331E-15
2476.  1.333857E-15
2477.  1.327257E-15
2478.  1.320535E-15
2479.  1.313693E-15
2480.  1.306736E-15
2481.  1.299666E-15
2482.  1.292487E-15
2483.  1.285202E-15
2484.  1.277815E-15
2485.  1.270330E-15
2486.  1.262751E-15
2487.  1.255082E-15
2488.  1.247327E-15
2489.  1.239490E-15
2490.  1.231575E-15
2491.  1.223587E-15
2492.  1.215531E-15
2493.  1.207410E-15
2494.  1.199230E-15
2495.  1.190995E-15
2496.  1.182710E-15
2497.  1.174380E-15
2498.  1.166009E-15
2499.  1.157602E-15
2500.  1.149165E-15
2501.  1.140702E-15
2502.  1.132218E-15
2503.  1.123718E-15
2504.  1.115207E-15
2505.  1.106689E-15
2506.  1.098171E-15
2507.  1.089657E-15
2508.  1.081151E-15
2509.  1.072658E-15
2510.  1.064184E-15
2511.  1.055732E-15
2512.  1.047308E-15
2513.  1.038916E-15
2514.  1.030560E-15
2515.  1.022245E-15
2516.  1.013975E-15
2517.  1.005754E-15
2518.  9.975871E-16
2519.  9.894770E-16
2520.  9.814281E-16
2521.  9.734437E-16
2522.  9.655275E-16
2523.  9.576828E-16
2524.  9.499127E-16
2525.  9.422204E-16
2526.  9.346085E-16
2527.  9.270799E-16
2528.  9.196370E-16
2529.  9.122822E-16
2530.  9.050173E-16
2531.  8.978442E-16
2532.  8.907649E-16
2533.  8.837806E-16
2534.  8.768927E-16
2535.  8.701022E-16
2536.  8.634100E-16
2537.  8.568166E-16
2538.  8.503225E-16
2539.  8.439277E-16
2540.  8.376324E-16
2541.  8.314363E-16
2542.  8.253391E-16
2543.  8.193399E-16
2544.  8.134377E-16
2545.  8.076318E-16
2546.  8.019208E-16
2547.  7.963029E-16
2548.  7.907767E-16
2549.  7.853405E-16
2550.  7.799921E-16
2551.  7.747292E-16
2552.  7.695494E-16
2553.  7.644508E-16
2554.  7.594299E-16
2555.  7.544844E-16
2556.  7.496113E-16
2557.  7.448077E-16
2558.  7.400702E-16
2559.  7.353958E-16
2560.  7.307813E-16
2561.  7.262232E-16
2562.  7.217181E-16
2563.  7.172626E-16
2564.  7.128534E-16
2565.  7.084869E-16
2566.  7.041598E-16
2567.  6.998687E-16
2568.  6.956100E-16
2569.  6.913805E-16
2570.  6.871770E-16
2571.  6.829961E-16
2572.  6.788351E-16
2573.  6.746908E-16
2574.  6.705601E-16
2575.  6.664406E-16
2576.  6.623297E-16
2577.  6.582250E-16
2578.  6.541239E-16
2579.  6.500247E-16
2580.  6.459255E-16
2581.  6.418244E-16
2582.  6.377200E-16
2583.  6.336112E-16
2584.  6.294969E-16
2585.  6.253762E-16
2586.  6.212486E-16
2587.  6.171138E-16
2588.  6.129718E-16
2589.  6.088226E-16
2590.  6.046668E-16
2591.  6.005046E-16
2592.  5.963377E-16
2593.  5.921666E-16
2594.  5.879930E-16
2595.  5.838184E-16
2596.  5.796448E-16
2597.  5.754741E-16
2598.  5.713089E-16
2599.  5.671513E-16
2600.  5.630045E-16
2601.  5.588710E-16
2602.  5.547542E-16
2603.  5.506573E-16
2604.  5.465836E-16
2605.  5.425369E-16
2606.  5.385207E-16
2607.  5.345390E-16
2608.  5.305955E-16
2609.  5.266945E-16
2610.  5.228398E-16
2611.  5.190356E-16
2612.  5.152861E-16
2613.  5.115956E-16
2614.  5.079683E-16
2615.  5.044080E-16
2616.  5.009191E-16
2617.  4.975060E-16
2618.  4.941720E-16
2619.  4.909216E-16
2620.  4.877584E-16
2621.  4.846862E-16
2622.  4.817084E-16
2623.  4.788286E-16
2624.  4.760501E-16
2625.  4.733760E-16
2626.  4.708089E-16
2627.  4.683515E-16
2628.  4.660065E-16
2629.  4.637760E-16
2630.  4.616616E-16
2631.  4.596656E-16
2632.  4.577891E-16
2633.  4.560330E-16
2634.  4.543986E-16
2635.  4.528863E-16
2636.  4.514961E-16
2637.  4.502286E-16
2638.  4.490827E-16
2639.  4.480580E-16
2640.  4.471538E-16
2641.  4.463686E-16
2642.  4.457007E-16
2643.  4.451481E-16
2644.  4.447089E-16
2645.  4.443801E-16
2646.  4.441593E-16
2647.  4.440428E-16
2648.  4.440275E-16
2649.  4.441095E-16
2650.  4.442849E-16
2651.  4.445491E-16
2652.  4.448976E-16
2653.  4.453259E-16
2654.  4.458283E-16
2655.  4.464000E-16
2656.  4.470352E-16
2657.  4.477282E-16
2658.  4.484731E-16
2659.  4.492636E-16
2660.  4.500936E-16
2661.  4.509567E-16
2662.  4.518461E-16
2663.  4.527553E-16
2664.  4.536774E-16
2665.  4.546057E-16
2666.  4.555332E-16
2667.  4.564527E-16
2668.  4.573575E-16
2669.  4.582404E-16
2670.  4.590945E-16
2671.  4.599126E-16
2672.  4.606880E-16
2673.  4.614138E-16
2674.  4.620830E-16
2675.  4.626890E-16
2676.  4.632252E-16
2677.  4.636851E-16
2678.  4.640625E-16
2679.  4.643510E-16
2680.  4.645447E-16
2681.  4.646380E-16
2682.  4.646251E-16
2683.  4.645007E-16
2684.  4.642596E-16
2685.  4.638971E-16
2686.  4.634082E-16
2687.  4.627890E-16
2688.  4.620351E-16
2689.  4.611431E-16
2690.  4.601091E-16
2691.  4.589301E-16
2692.  4.576033E-16
2693.  4.561261E-16
2694.  4.544962E-16
2695.  4.527118E-16
2696.  4.507715E-16
2697.  4.486738E-16
2698.  4.464181E-16
2699.  4.440037E-16
2700.  4.414305E-16
2701.  4.386986E-16
2702.  4.358085E-16
2703.  4.327610E-16
2704.  4.295571E-16
2705.  4.261987E-16
2706.  4.226871E-16
2707.  4.190247E-16
2708.  4.152137E-16
2709.  4.112569E-16
2710.  4.071573E-16
2711.  4.029181E-16
2712.  3.985430E-16
2713.  3.940355E-16
2714.  3.893999E-16
2715.  3.846402E-16
2716.  3.797613E-16
2717.  3.747675E-16
2718.  3.696640E-16
2719.  3.644557E-16
2720.  3.591479E-16
2721.  3.537462E-16
2722.  3.482559E-16
2723.  3.426828E-16
2724.  3.370328E-16
2725.  3.313117E-16
2726.  3.255255E-16
2727.  3.196804E-16
2728.  3.137824E-16
2729.  3.078378E-16
2730.  3.018528E-16
2731.  2.958335E-16
2732.  2.897865E-16
2733.  2.837176E-16
2734.  2.776334E-16
2735.  2.715399E-16
2736.  2.654433E-16
2737.  2.593498E-16
2738.  2.532655E-16
2739.  2.471961E-16
2740.  2.411478E-16
2741.  2.351262E-16
2742.  2.291373E-16
2743.  2.231865E-16
2744.  2.172793E-16
2745.  2.114212E-16
2746.  2.056172E-16
2747.  1.998727E-16
2748.  1.941926E-16
2749.  1.885816E-16
2750.  1.830445E-16
2751.  1.775858E-16
2752.  1.722098E-16
2753.  1.669209E-16
2754.  1.617231E-16
2755.  1.566200E-16
2756.  1.516156E-16
2757.  1.467134E-16
2758.  1.419166E-16
2759.  1.372286E-16
2760.  1.326523E-16
2761.  1.281905E-16
2762.  1.238459E-16
2763.  1.196211E-16
2764.  1.155182E-16
2765.  1.115395E-16
2766.  1.076868E-16
2767.  1.039619E-16
2768.  1.003664E-16
2769.  9.690187E-17
2770.  9.356932E-17
2771.  9.036993E-17
2772.  8.730459E-17
2773.  8.437389E-17
2774.  8.157855E-17
2775.  7.891881E-17
2776.  7.639495E-17
2777.  7.400696E-17
2778.  7.175470E-17
2779.  6.963782E-17
2780.  6.765588E-17
2781.  6.580830E-17
2782.  6.409415E-17
2783.  6.251242E-17
2784.  6.106223E-17
2785.  5.974213E-17
2786.  5.855073E-17
2787.  5.748619E-17
2788.  5.654721E-17
2789.  5.573150E-17
2790.  5.503714E-17
2791.  5.446196E-17
2792.  5.400361E-17
2793.  5.365954E-17
2794.  5.342725E-17
2795.  5.330383E-17
2796.  5.328659E-17
2797.  5.337234E-17
2798.  5.355808E-17
2799.  5.384054E-17
2800.  5.421632E-17
2801.  5.468206E-17
2802.  5.523410E-17
2803.  5.586857E-17
2804.  5.658202E-17
2805.  5.737044E-17
2806.  5.823001E-17
2807.  5.915662E-17
2808.  6.014610E-17
2809.  6.119457E-17
2810.  6.229753E-17
2811.  6.345105E-17
2812.  6.465046E-17
2813.  6.589193E-17
2814.  6.717072E-17
2815.  6.848273E-17
2816.  6.982331E-17
2817.  7.118834E-17
2818.  7.257350E-17
2819.  7.397422E-17
2820.  7.538628E-17
2821.  7.680539E-17
2822.  7.822724E-17
2823.  7.964791E-17
2824.  8.106299E-17
2825.  8.246841E-17
2826.  8.386017E-17
2827.  8.523445E-17
2828.  8.658742E-17
2829.  8.791524E-17
2830.  8.921434E-17
2831.  9.048117E-17
2832.  9.171228E-17
2833.  9.290456E-17
2834.  9.405483E-17
2835.  9.515984E-17
2836.  9.621696E-17
2837.  9.722335E-17
2838.  9.817644E-17
2839.  9.907388E-17
2840.  9.991351E-17
2841.  1.006931E-16
2842.  1.014106E-16
2843.  1.020644E-16
2844.  1.026531E-16
2845.  1.031750E-16
2846.  1.036291E-16
2847.  1.040140E-16
2848.  1.043292E-16
2849.  1.045737E-16
2850.  1.047471E-16
2851.  1.048490E-16
2852.  1.048793E-16
2853.  1.048378E-16
2854.  1.047248E-16
2855.  1.045405E-16
2856.  1.042852E-16
2857.  1.039598E-16
2858.  1.035649E-16
2859.  1.031016E-16
2860.  1.025706E-16
2861.  1.019733E-16
2862.  1.013110E-16
2863.  1.005850E-16
2864.  9.979710E-17
2865.  9.894873E-17
2866.  9.804175E-17
2867.  9.707792E-17
2868.  9.605925E-17
2869.  9.498762E-17
2870.  9.386549E-17
2871.  9.269468E-17
2872.  9.147753E-17
2873.  9.021635E-17
2874.  8.891331E-17
2875.  8.757093E-17
2876.  8.619147E-17
2877.  8.477752E-17
2878.  8.333110E-17
2879.  8.185513E-17
2880.  8.035173E-17
2881.  7.882346E-17
2882.  7.727278E-17
2883.  7.570186E-17
2884.  7.411334E-17
2885.  7.250928E-17
2886.  7.089216E-17
2887.  6.926425E-17
2888.  6.762785E-17
2889.  6.598489E-17
2890.  6.433759E-17
2891.  6.268817E-17
2892.  6.103850E-17
2893.  5.939054E-17
2894.  5.774613E-17
2895.  5.610711E-17
2896.  5.447516E-17
2897.  5.285214E-17
2898.  5.123947E-17
2899.  4.963863E-17
2900.  4.805121E-17
2901.  4.647836E-17
2902.  4.492154E-17
2903.  4.338188E-17
2904.  4.186063E-17
2905.  4.035876E-17
2906.  3.887730E-17
2907.  3.741708E-17
2908.  3.597890E-17
2909.  3.456387E-17
2910.  3.317227E-17
2911.  3.180491E-17
2912.  3.046243E-17
2913.  2.914528E-17
2914.  2.785395E-17
2915.  2.658874E-17
2916.  2.535019E-17
2917.  2.413840E-17
2918.  2.295369E-17
2919.  2.179618E-17
2920.  2.066612E-17
2921.  1.956363E-17
2922.  1.848876E-17
2923.  1.744153E-17
2924.  1.642206E-17
2925.  1.543008E-17
2926.  1.446578E-17
2927.  1.352890E-17
2928.  1.261945E-17
2929.  1.173742E-17
2930.  1.088256E-17
2931.  1.005457E-17
2932.  9.253524E-18
2933.  8.479112E-18
2934.  7.731170E-18
2935.  7.009482E-18
2936.  6.313942E-18
2937.  5.644124E-18
2938.  5.000032E-18
2939.  4.381220E-18
2940.  3.787586E-18
2941.  3.219033E-18
2942.  2.674967E-18
2943.  2.155380E-18
2944.  1.659964E-18
2945.  1.188567E-18
2946.  7.410191E-19
2947.  3.167369E-19
2948.  -8.420696E-20
2949.  -4.624546E-19
2950.  -8.178567E-19
2951.  -1.150861E-18
2952.  -1.461660E-18
2953.  -1.750542E-18
2954.  -2.017728E-18
2955.  -2.263673E-18
2956.  -2.488520E-18
2957.  -2.692621E-18
2958.  -2.876173E-18
2959.  -3.039660E-18
2960.  -3.183231E-18
2961.  -3.307162E-18
2962.  -3.411771E-18
2963.  -3.497524E-18
2964.  -3.564816E-18
2965.  -3.613825E-18
2966.  -3.645017E-18
2967.  -3.658789E-18
2968.  -3.655362E-18
2969.  -3.635247E-18
2970.  -3.598971E-18
2971.  -3.546731E-18
2972.  -3.478975E-18
2973.  -3.396234E-18
2974.  -3.299041E-18
2975.  -3.187642E-18
2976.  -3.062555E-18
2977.  -2.924267E-18
2978.  -2.773380E-18
2979.  -2.610336E-18
2980.  -2.435506E-18
2981.  -2.249473E-18
2982.  -2.052754E-18
2983.  -1.845971E-18
2984.  -1.629497E-18
2985.  -1.403880E-18
2986.  -1.169680E-18
2987.  -9.274536E-19
2988.  -6.775833E-19
2989.  -4.208021E-19
2990.  -1.574852E-19
2991.  1.117321E-19
2992.  3.864417E-19
2993.  6.662093E-19
2994.  9.503513E-19
2995.  1.238413E-18
2996.  1.529959E-18
2997.  1.824450E-18
2998.  2.121607E-18
2999.  2.420756E-18
3000.  2.721650E-18
3001.  3.023576E-18
3002.  3.326275E-18
3003.  3.629549E-18
3004.  3.932846E-18
3005.  4.235752E-18
3006.  4.538024E-18
3007.  4.839244E-18
3008.  5.139314E-18
3009.  5.437754E-18
3010.  5.734465E-18
3011.  6.029077E-18
3012.  6.321401E-18
3013.  6.611207E-18
3014.  6.898385E-18
3015.  7.182897E-18
3016.  7.464504E-18
3017.  7.743056E-18
3018.  8.018467E-18
3019.  8.290755E-18
3020.  8.559957E-18
3021.  8.825881E-18
3022.  9.088582E-18
3023.  9.348107E-18
3024.  9.604474E-18
3025.  9.857820E-18
3026.  1.010818E-17
3027.  1.035570E-17
3028.  1.060043E-17
3029.  1.084237E-17
3030.  1.108191E-17
3031.  1.131926E-17
3032.  1.155434E-17
3033.  1.178750E-17
3034.  1.201905E-17
3035.  1.224895E-17
3036.  1.247764E-17
3037.  1.270532E-17
3038.  1.293217E-17
3039.  1.315846E-17
3040.  1.338455E-17
3041.  1.361061E-17
3042.  1.383699E-17
3043.  1.406379E-17
3044.  1.429165E-17
3045.  1.452049E-17
3046.  1.475080E-17
3047.  1.498277E-17
3048.  1.521685E-17
3049.  1.545310E-17
3050.  1.569202E-17
3051.  1.593378E-17
3052.  1.617863E-17
3053.  1.642685E-17
3054.  1.667900E-17
3055.  1.693504E-17
3056.  1.719528E-17
3057.  1.746003E-17
3058.  1.772970E-17
3059.  1.800433E-17
3060.  1.828415E-17
3061.  1.856960E-17
3062.  1.886084E-17
3063.  1.915811E-17
3064.  1.946161E-17
3065.  1.977150E-17
3066.  2.008811E-17
3067.  2.041162E-17
3068.  2.074219E-17
3069.  2.108017E-17
3070.  2.142539E-17
3071.  2.177853E-17
3072.  2.213948E-17
3073.  2.250844E-17
3074.  2.288569E-17
3075.  2.327124E-17
3076.  2.366549E-17
3077.  2.406847E-17
3078.  2.448019E-17
3079.  2.490119E-17
3080.  2.533144E-17
3081.  2.577096E-17
3082.  2.622010E-17
3083.  2.667895E-17
3084.  2.714770E-17
3085.  2.762644E-17
3086.  2.811525E-17
3087.  2.861461E-17
3088.  2.912431E-17
3089.  2.964460E-17
3090.  3.017569E-17
3091.  3.071764E-17
3092.  3.127073E-17
3093.  3.183497E-17
3094.  3.241038E-17
3095.  3.299731E-17
3096.  3.359584E-17
3097.  3.420602E-17
3098.  3.482798E-17
3099.  3.546175E-17
3100.  3.610772E-17
3101.  3.676555E-17
3102.  3.743565E-17
3103.  3.811781E-17
3104.  3.881239E-17
3105.  3.951912E-17
3106.  4.023821E-17
3107.  4.096959E-17
3108.  4.171321E-17
3109.  4.246904E-17
3110.  4.323710E-17
3111.  4.401712E-17
3112.  4.480917E-17
3113.  4.561302E-17
3114.  4.642860E-17
3115.  4.725546E-17
3116.  4.809365E-17
3117.  4.894276E-17
3118.  4.980239E-17
3119.  5.067242E-17
3120.  5.155237E-17
3121.  5.244186E-17
3122.  5.334037E-17
3123.  5.424750E-17
3124.  5.516264E-17
3125.  5.608512E-17
3126.  5.701464E-17
3127.  5.795012E-17
3128.  5.889124E-17
3129.  5.983700E-17
3130.  6.078664E-17
3131.  6.173952E-17
3132.  6.269459E-17
3133.  6.365098E-17
3134.  6.460768E-17
3135.  6.556380E-17
3136.  6.651828E-17
3137.  6.747014E-17
3138.  6.841816E-17
3139.  6.936126E-17
3140.  7.029839E-17
3141.  7.122818E-17
3142.  7.214945E-17
3143.  7.306117E-17
3144.  7.396212E-17
3145.  7.485079E-17
3146.  7.572601E-17
3147.  7.658663E-17
3148.  7.743138E-17
3149.  7.825891E-17
3150.  7.906791E-17
3151.  7.985728E-17
3152.  8.062566E-17
3153.  8.137190E-17
3154.  8.209482E-17
3155.  8.279310E-17
3156.  8.346594E-17
3157.  8.411170E-17
3158.  8.472973E-17
3159.  8.531896E-17
3160.  8.587835E-17
3161.  8.640696E-17
3162.  8.690399E-17
3163.  8.736849E-17
3164.  8.779982E-17
3165.  8.819740E-17
3166.  8.856029E-17
3167.  8.888816E-17
3168.  8.918072E-17
3169.  8.943728E-17
3170.  8.965770E-17
3171.  8.984156E-17
3172.  8.998897E-17
3173.  9.009970E-17
3174.  9.017376E-17
3175.  9.021134E-17
3176.  9.021260E-17
3177.  9.017789E-17
3178.  9.010752E-17
3179.  9.000190E-17
3180.  8.986170E-17
3181.  8.968741E-17
3182.  8.947987E-17
3183.  8.923976E-17
3184.  8.896800E-17
3185.  8.866570E-17
3186.  8.833370E-17
3187.  8.797317E-17
3188.  8.758530E-17
3189.  8.717134E-17
3190.  8.673272E-17
3191.  8.627059E-17
3192.  8.578666E-17
3193.  8.528212E-17
3194.  8.475872E-17
3195.  8.421800E-17
3196.  8.366181E-17
3197.  8.309146E-17
3198.  8.250883E-17
3199.  8.191580E-17
3200.  8.131401E-17
3201.  8.070532E-17
3202.  8.009166E-17
3203.  7.947463E-17
3204.  7.885617E-17
3205.  7.823820E-17
3206.  7.762257E-17
3207.  7.701127E-17
3208.  7.640592E-17
3209.  7.580859E-17
3210.  7.522107E-17
3211.  7.464509E-17
3212.  7.408269E-17
3213.  7.353540E-17
3214.  7.300530E-17
3215.  7.249402E-17
3216.  7.200321E-17
3217.  7.153486E-17
3218.  7.109047E-17
3219.  7.067150E-17
3220.  7.027987E-17
3221.  6.991706E-17
3222.  6.958452E-17
3223.  6.928406E-17
3224.  6.901672E-17
3225.  6.878430E-17
3226.  6.858800E-17
3227.  6.842911E-17
3228.  6.830926E-17
3229.  6.822942E-17
3230.  6.819087E-17
3231.  6.819485E-17
3232.  6.824252E-17
3233.  6.833495E-17
3234.  6.847319E-17
3235.  6.865817E-17
3236.  6.889106E-17
3237.  6.917258E-17
3238.  6.950380E-17
3239.  6.988545E-17
3240.  7.031824E-17
3241.  7.080310E-17
3242.  7.134064E-17
3243.  7.193135E-17
3244.  7.257626E-17
3245.  7.327553E-17
3246.  7.403000E-17
3247.  7.483991E-17
3248.  7.570567E-17
3249.  7.662790E-17
3250.  7.760663E-17
3251.  7.864232E-17
3252.  7.973508E-17
3253.  8.088507E-17
3254.  8.209251E-17
3255.  8.335728E-17
3256.  8.467943E-17
3257.  8.605904E-17
3258.  8.749561E-17
3259.  8.898932E-17
3260.  9.053962E-17
3261.  9.214629E-17
3262.  9.380885E-17
3263.  9.552681E-17
3264.  9.729976E-17
3265.  9.912692E-17
3266.  1.010076E-16
3267.  1.029410E-16
3268.  1.049262E-16
3269.  1.069624E-16
3270.  1.090482E-16
3271.  1.111830E-16
3272.  1.133652E-16
3273.  1.155936E-16
3274.  1.178668E-16
3275.  1.201833E-16
3276.  1.225417E-16
3277.  1.249402E-16
3278.  1.273771E-16
3279.  1.298507E-16
3280.  1.323588E-16
3281.  1.348998E-16
3282.  1.374714E-16
3283.  1.400717E-16
3284.  1.426983E-16
3285.  1.453489E-16
3286.  1.480214E-16
3287.  1.507131E-16
3288.  1.534219E-16
3289.  1.561451E-16
3290.  1.588804E-16
3291.  1.616246E-16
3292.  1.643757E-16
3293.  1.671308E-16
3294.  1.698873E-16
3295.  1.726424E-16
3296.  1.753937E-16
3297.  1.781382E-16
3298.  1.808735E-16
3299.  1.835966E-16
3300.  1.863053E-16
3301.  1.889969E-16
3302.  1.916687E-16
3303.  1.943183E-16
3304.  1.969434E-16
3305.  1.995414E-16
3306.  2.021104E-16
3307.  2.046478E-16
3308.  2.071520E-16
3309.  2.096207E-16
3310.  2.120522E-16
3311.  2.144448E-16
3312.  2.167968E-16
3313.  2.191069E-16
3314.  2.213737E-16
3315.  2.235962E-16
3316.  2.257733E-16
3317.  2.279042E-16
3318.  2.299886E-16
3319.  2.320256E-16
3320.  2.340152E-16
3321.  2.359573E-16
3322.  2.378519E-16
3323.  2.396995E-16
3324.  2.415006E-16
3325.  2.432558E-16
3326.  2.449661E-16
3327.  2.466326E-16
3328.  2.482565E-16
3329.  2.498394E-16
3330.  2.513831E-16
3331.  2.528892E-16
3332.  2.543599E-16
3333.  2.557974E-16
3334.  2.572041E-16
3335.  2.585826E-16
3336.  2.599356E-16
3337.  2.612659E-16
3338.  2.625765E-16
3339.  2.638706E-16
3340.  2.651513E-16
3341.  2.664220E-16
3342.  2.676861E-16
3343.  2.689472E-16
3344.  2.702088E-16
3345.  2.714745E-16
3346.  2.727479E-16
3347.  2.740328E-16
3348.  2.753327E-16
3349.  2.766514E-16
3350.  2.779926E-16
3351.  2.793598E-16
3352.  2.807566E-16
3353.  2.821864E-16
3354.  2.836528E-16
3355.  2.851586E-16
3356.  2.867076E-16
3357.  2.883026E-16
3358.  2.899465E-16
3359.  2.916418E-16
3360.  2.933914E-16
3361.  2.951975E-16
3362.  2.970623E-16
3363.  2.989879E-16
3364.  3.009759E-16
3365.  3.030279E-16
3366.  3.051451E-16
3367.  3.073286E-16
3368.  3.095790E-16
3369.  3.118971E-16
3370.  3.142828E-16
3371.  3.167363E-16
3372.  3.192573E-16
3373.  3.218449E-16
3374.  3.244984E-16
3375.  3.272168E-16
3376.  3.299984E-16
3377.  3.328416E-16
3378.  3.357442E-16
3379.  3.387042E-16
3380.  3.417189E-16
3381.  3.447855E-16
3382.  3.479009E-16
3383.  3.510620E-16
3384.  3.542649E-16
3385.  3.575062E-16
3386.  3.607816E-16
3387.  3.640872E-16
3388.  3.674184E-16
3389.  3.707709E-16
3390.  3.741396E-16
3391.  3.775201E-16
3392.  3.809072E-16
3393.  3.842959E-16
3394.  3.876809E-16
3395.  3.910569E-16
3396.  3.944189E-16
3397.  3.977611E-16
3398.  4.010784E-16
3399.  4.043653E-16
3400.  4.076165E-16
3401.  4.108265E-16
3402.  4.139901E-16
3403.  4.171021E-16
3404.  4.201572E-16
3405.  4.231504E-16
3406.  4.260766E-16
3407.  4.289313E-16
3408.  4.317094E-16
3409.  4.344069E-16
3410.  4.370191E-16
3411.  4.395418E-16
3412.  4.419712E-16
3413.  4.443034E-16
3414.  4.465349E-16
3415.  4.486624E-16
3416.  4.506828E-16
3417.  4.525935E-16
3418.  4.543917E-16
3419.  4.560749E-16
3420.  4.576414E-16
3421.  4.590893E-16
3422.  4.604167E-16
3423.  4.616226E-16
3424.  4.627061E-16
3425.  4.636664E-16
3426.  4.645027E-16
3427.  4.652150E-16
3428.  4.658033E-16
3429.  4.662679E-16
3430.  4.666091E-16
3431.  4.668277E-16
3432.  4.669247E-16
3433.  4.669013E-16
3434.  4.667588E-16
3435.  4.664988E-16
3436.  4.661231E-16
3437.  4.656333E-16
3438.  4.650318E-16
3439.  4.643209E-16
3440.  4.635026E-16
3441.  4.625798E-16
3442.  4.615548E-16
3443.  4.604305E-16
3444.  4.592096E-16
3445.  4.578948E-16
3446.  4.564894E-16
3447.  4.549960E-16
3448.  4.534177E-16
3449.  4.517576E-16
3450.  4.500185E-16
3451.  4.482037E-16
3452.  4.463161E-16
3453.  4.443586E-16
3454.  4.423341E-16
3455.  4.402457E-16
3456.  4.380961E-16
3457.  4.358882E-16
3458.  4.336247E-16
3459.  4.313080E-16
3460.  4.289410E-16
3461.  4.265258E-16
3462.  4.240652E-16
3463.  4.215612E-16
3464.  4.190159E-16
3465.  4.164315E-16
3466.  4.138100E-16
3467.  4.111533E-16
3468.  4.084631E-16
3469.  4.057410E-16
3470.  4.029885E-16
3471.  4.002073E-16
3472.  3.973984E-16
3473.  3.945635E-16
3474.  3.917034E-16
3475.  3.888193E-16
3476.  3.859121E-16
3477.  3.829829E-16
3478.  3.800323E-16
3479.  3.770613E-16
3480.  3.740705E-16
3481.  3.710606E-16
3482.  3.680322E-16
3483.  3.649858E-16
3484.  3.619220E-16
3485.  3.588414E-16
3486.  3.557443E-16
3487.  3.526313E-16
3488.  3.495031E-16
3489.  3.463597E-16
3490.  3.432019E-16
3491.  3.400300E-16
3492.  3.368449E-16
3493.  3.336469E-16
3494.  3.304364E-16
3495.  3.272143E-16
3496.  3.239812E-16
3497.  3.207378E-16
3498.  3.174849E-16
3499.  3.142234E-16
3500.  3.109539E-16
3501.  3.076776E-16
3502.  3.043954E-16
3503.  3.011085E-16
3504.  2.978177E-16
3505.  2.945248E-16
3506.  2.912306E-16
3507.  2.879365E-16
3508.  2.846441E-16
3509.  2.813548E-16
3510.  2.780703E-16
3511.  2.747920E-16
3512.  2.715215E-16
3513.  2.682609E-16
3514.  2.650115E-16
3515.  2.617755E-16
3516.  2.585546E-16
3517.  2.553509E-16
3518.  2.521661E-16
3519.  2.490024E-16
3520.  2.458618E-16
3521.  2.427462E-16
3522.  2.396578E-16
3523.  2.365984E-16
3524.  2.335702E-16
3525.  2.305753E-16
3526.  2.276156E-16
3527.  2.246932E-16
3528.  2.218103E-16
3529.  2.189682E-16
3530.  2.161694E-16
3531.  2.134155E-16
3532.  2.107084E-16
3533.  2.080498E-16
3534.  2.054414E-16
3535.  2.028847E-16
3536.  2.003813E-16
3537.  1.979327E-16
3538.  1.955402E-16
3539.  1.932050E-16
3540.  1.909281E-16
3541.  1.887107E-16
3542.  1.865538E-16
3543.  1.844582E-16
3544.  1.824243E-16
3545.  1.804530E-16
3546.  1.785447E-16
3547.  1.766993E-16
3548.  1.749175E-16
3549.  1.731992E-16
3550.  1.715443E-16
3551.  1.699523E-16
3552.  1.684231E-16
3553.  1.669564E-16
3554.  1.655512E-16
3555.  1.642067E-16
3556.  1.629224E-16
3557.  1.616970E-16
3558.  1.605291E-16
3559.  1.594179E-16
3560.  1.583617E-16
3561.  1.573589E-16
3562.  1.564080E-16
3563.  1.555071E-16
3564.  1.546545E-16
3565.  1.538481E-16
3566.  1.530858E-16
3567.  1.523655E-16
3568.  1.516848E-16
3569.  1.510415E-16
3570.  1.504332E-16
3571.  1.498572E-16
3572.  1.493111E-16
3573.  1.487924E-16
3574.  1.482982E-16
3575.  1.478261E-16
3576.  1.473730E-16
3577.  1.469366E-16
3578.  1.465138E-16
3579.  1.461019E-16
3580.  1.456983E-16
3581.  1.453001E-16
3582.  1.449044E-16
3583.  1.445088E-16
3584.  1.441104E-16
3585.  1.437065E-16
3586.  1.432947E-16
3587.  1.428722E-16
3588.  1.424367E-16
3589.  1.419857E-16
3590.  1.415167E-16
3591.  1.410276E-16
3592.  1.405163E-16
3593.  1.399804E-16
3594.  1.394182E-16
3595.  1.388274E-16
3596.  1.382067E-16
3597.  1.375541E-16
3598.  1.368680E-16
3599.  1.361472E-16
3600.  1.353901E-16
3601.  1.345960E-16
3602.  1.337632E-16
3603.  1.328910E-16
3604.  1.319787E-16
3605.  1.310257E-16
3606.  1.300310E-16
3607.  1.289948E-16
3608.  1.279166E-16
3609.  1.267960E-16
3610.  1.256332E-16
3611.  1.244284E-16
3612.  1.231818E-16
3613.  1.218937E-16
3614.  1.205646E-16
3615.  1.191952E-16
3616.  1.177862E-16
3617.  1.163385E-16
3618.  1.148531E-16
3619.  1.133309E-16
3620.  1.117731E-16
3621.  1.101810E-16
3622.  1.085562E-16
3623.  1.068998E-16
3624.  1.052135E-16
3625.  1.034989E-16
3626.  1.017575E-16
3627.  9.999129E-17
3628.  9.820181E-17
3629.  9.639118E-17
3630.  9.456098E-17
3631.  9.271333E-17
3632.  9.085016E-17
3633.  8.897351E-17
3634.  8.708530E-17
3635.  8.518747E-17
3636.  8.328230E-17
3637.  8.137160E-17
3638.  7.945743E-17
3639.  7.754204E-17
3640.  7.562727E-17
3641.  7.371524E-17
3642.  7.180769E-17
3643.  6.990685E-17
3644.  6.801450E-17
3645.  6.613257E-17
3646.  6.426278E-17
3647.  6.240726E-17
3648.  6.056755E-17
3649.  5.874544E-17
3650.  5.694260E-17
3651.  5.516059E-17
3652.  5.340098E-17
3653.  5.166540E-17
3654.  4.995499E-17
3655.  4.827143E-17
3656.  4.661600E-17
3657.  4.498978E-17
3658.  4.339413E-17
3659.  4.183012E-17
3660.  4.029872E-17
3661.  3.880122E-17
3662.  3.733814E-17
3663.  3.591063E-17
3664.  3.451925E-17
3665.  3.316505E-17
3666.  3.184861E-17
3667.  3.057014E-17
3668.  2.933092E-17
3669.  2.813065E-17
3670.  2.697033E-17
3671.  2.585017E-17
3672.  2.477037E-17
3673.  2.373134E-17
3674.  2.273313E-17
3675.  2.177597E-17
3676.  2.085997E-17
3677.  1.998528E-17
3678.  1.915156E-17
3679.  1.835889E-17
3680.  1.760752E-17
3681.  1.689701E-17
3682.  1.622717E-17
3683.  1.559788E-17
3684.  1.500882E-17
3685.  1.445978E-17
3686.  1.395013E-17
3687.  1.347987E-17
3688.  1.304841E-17
3689.  1.265542E-17
3690.  1.230025E-17
3691.  1.198242E-17
3692.  1.170146E-17
3693.  1.145698E-17
3694.  1.124792E-17
3695.  1.107407E-17
3696.  1.093452E-17
3697.  1.082875E-17
3698.  1.075591E-17
3699.  1.071532E-17
3700.  1.070618E-17
3701.  1.072777E-17
3702.  1.077920E-17
3703.  1.085963E-17
3704.  1.096814E-17
3705.  1.110398E-17
3706.  1.126604E-17
3707.  1.145361E-17
3708.  1.166552E-17
3709.  1.190091E-17
3710.  1.215865E-17
3711.  1.243785E-17
3712.  1.273742E-17
3713.  1.305636E-17
3714.  1.339357E-17
3715.  1.374782E-17
3716.  1.411810E-17
3717.  1.450326E-17
3718.  1.490224E-17
3719.  1.531379E-17
3720.  1.573690E-17
3721.  1.617024E-17
3722.  1.661278E-17
3723.  1.706340E-17
3724.  1.752067E-17
3725.  1.798355E-17
3726.  1.845080E-17
3727.  1.892143E-17
3728.  1.939399E-17
3729.  1.986765E-17
3730.  2.034116E-17
3731.  2.081312E-17
3732.  2.128259E-17
3733.  2.174844E-17
3734.  2.220958E-17
3735.  2.266495E-17
3736.  2.311352E-17
3737.  2.355415E-17
3738.  2.398598E-17
3739.  2.440769E-17
3740.  2.481892E-17
3741.  2.521819E-17
3742.  2.560491E-17
3743.  2.597808E-17
3744.  2.633708E-17
3745.  2.668105E-17
3746.  2.700932E-17
3747.  2.732108E-17
3748.  2.761579E-17
3749.  2.789278E-17
3750.  2.815148E-17
3751.  2.839153E-17
3752.  2.861238E-17
3753.  2.881359E-17
3754.  2.899493E-17
3755.  2.915589E-17
3756.  2.929645E-17
3757.  2.941621E-17
3758.  2.951506E-17
3759.  2.959296E-17
3760.  2.964982E-17
3761.  2.968559E-17
3762.  2.970044E-17
3763.  2.969416E-17
3764.  2.966724E-17
3765.  2.961954E-17
3766.  2.955148E-17
3767.  2.946324E-17
3768.  2.935516E-17
3769.  2.922758E-17
3770.  2.908080E-17
3771.  2.891541E-17
3772.  2.873167E-17
3773.  2.853013E-17
3774.  2.831128E-17
3775.  2.807571E-17
3776.  2.782406E-17
3777.  2.755669E-17
3778.  2.727447E-17
3779.  2.697788E-17
3780.  2.666758E-17
3781.  2.634418E-17
3782.  2.600843E-17
3783.  2.566114E-17
3784.  2.530284E-17
3785.  2.493428E-17
3786.  2.455616E-17
3787.  2.416916E-17
3788.  2.377410E-17
3789.  2.337153E-17
3790.  2.296227E-17
3791.  2.254691E-17
3792.  2.212622E-17
3793.  2.170099E-17
3794.  2.127171E-17
3795.  2.083918E-17
3796.  2.040389E-17
3797.  1.996657E-17
3798.  1.952789E-17
3799.  1.908837E-17
3800.  1.864860E-17
3801.  1.820926E-17
3802.  1.777074E-17
3803.  1.733363E-17
3804.  1.689847E-17
3805.  1.646568E-17
3806.  1.603568E-17
3807.  1.560904E-17
3808.  1.518614E-17
3809.  1.476741E-17
3810.  1.435318E-17
3811.  1.394351E-17
3812.  1.353935E-17
3813.  1.314058E-17
3814.  1.274746E-17
3815.  1.236042E-17
3816.  1.197959E-17
3817.  1.160532E-17
3818.  1.123773E-17
3819.  1.087698E-17
3820.  1.052321E-17
3821.  1.017654E-17
3822.  9.837259E-18
3823.  9.505395E-18
3824.  9.180868E-18
3825.  8.863996E-18
3826.  8.554766E-18
3827.  8.252978E-18
3828.  7.958992E-18
3829.  7.672623E-18
3830.  7.393943E-18
3831.  7.122927E-18
3832.  6.859464E-18
3833.  6.603661E-18
3834.  6.355338E-18
3835.  6.114523E-18
3836.  5.881101E-18
3837.  5.655089E-18
3838.  5.436123E-18
3839.  5.224621E-18
3840.  5.020010E-18
3841.  4.822288E-18
3842.  4.631593E-18
3843.  4.447620E-18
3844.  4.270256E-18
3845.  4.099415E-18
3846.  3.934916E-18
3847.  3.776766E-18
3848.  3.624715E-18
3849.  3.478651E-18
3850.  3.338470E-18
3851.  3.204067E-18
3852.  3.075332E-18
3853.  2.951944E-18
3854.  2.833899E-18
3855.  2.721164E-18
3856.  2.613368E-18
3857.  2.510739E-18
3858.  2.412753E-18
3859.  2.319381E-18
3860.  2.230668E-18
3861.  2.146288E-18
3862.  2.066160E-18
3863.  1.990275E-18
3864.  1.918388E-18
3865.  1.850417E-18
3866.  1.786149E-18
3867.  1.725438E-18
3868.  1.668434E-18
3869.  1.614758E-18
3870.  1.564300E-18
3871.  1.517008E-18
3872.  1.472770E-18
3873.  1.431496E-18
3874.  1.392982E-18
3875.  1.357203E-18
3876.  1.324041E-18
3877.  1.293274E-18
3878.  1.264911E-18
3879.  1.238750E-18
3880.  1.214713E-18
3881.  1.192782E-18
3882.  1.172781E-18
3883.  1.154514E-18
3884.  1.137957E-18
3885.  1.123027E-18
3886.  1.109474E-18
3887.  1.097404E-18
3888.  1.086602E-18
3889.  1.076924E-18
3890.  1.068340E-18
3891.  1.060591E-18
3892.  1.053808E-18
3893.  1.047542E-18
3894.  1.041925E-18
3895.  1.036869E-18
3896.  1.032074E-18
3897.  1.027598E-18
3898.  1.023080E-18
3899.  1.018713E-18
3900.  1.014075E-18
3901.  1.009213E-18
3902.  1.003783E-18
3903.  9.979769E-19
3904.  9.913958E-19
3905.  9.839603E-19
3906.  9.757109E-19
3907.  9.661472E-19
3908.  9.554044E-19
3909.  9.431680E-19
3910.  9.293356E-19
3911.  9.136712E-19
3912.  8.962436E-19
3913.  8.766047E-19
3914.  8.546487E-19
3915.  8.302770E-19
3916.  8.032562E-19
3917.  7.734260E-19
3918.  7.404473E-19
3919.  7.044011E-19
3920.  6.647586E-19
3921.  6.216607E-19
3922.  5.746531E-19
3923.  5.236572E-19
3924.  4.683800E-19
3925.  4.085095E-19
3926.  3.440464E-19
3927.  2.746488E-19
3928.  2.001478E-19
3929.  1.203206E-19
3930.  3.480556E-20
3931.  -5.649884E-20
3932.  -1.538779E-19
3933.  -2.574741E-19
3934.  -3.677133E-19
3935.  -4.846817E-19
3936.  -6.085632E-19
3937.  -7.396832E-19
3938.  -8.782851E-19
3939.  -1.024613E-18
3940.  -1.178650E-18
3941.  -1.340980E-18
3942.  -1.511655E-18
3943.  -1.690809E-18
3944.  -1.878765E-18
3945.  -2.075710E-18
3946.  -2.281812E-18
3947.  -2.497207E-18
3948.  -2.722186E-18
3949.  -2.956896E-18
3950.  -3.201533E-18
3951.  -3.456124E-18
3952.  -3.720889E-18
3953.  -3.996007E-18
3954.  -4.281465E-18
3955.  -4.577538E-18
3956.  -4.884204E-18
3957.  -5.201656E-18
3958.  -5.529785E-18
3959.  -5.868718E-18
3960.  -6.218588E-18
3961.  -6.579313E-18
3962.  -6.950858E-18
3963.  -7.333209E-18
3964.  -7.726340E-18
3965.  -8.130143E-18
3966.  -8.544752E-18
3967.  -8.969649E-18
3968.  -9.405018E-18
3969.  -9.850657E-18
3970.  -1.030624E-17
3971.  -1.077158E-17
3972.  -1.124658E-17
3973.  -1.173102E-17
3974.  -1.222440E-17
3975.  -1.272651E-17
3976.  -1.323694E-17
3977.  -1.375545E-17
3978.  -1.428141E-17
3979.  -1.481471E-17
3980.  -1.535472E-17
3981.  -1.590095E-17
3982.  -1.645295E-17
3983.  -1.701009E-17
3984.  -1.757198E-17
3985.  -1.813768E-17
3986.  -1.870678E-17
3987.  -1.927861E-17
3988.  -1.985254E-17
3989.  -2.042779E-17
3990.  -2.100365E-17
3991.  -2.157928E-17
3992.  -2.215409E-17
3993.  -2.272687E-17
3994.  -2.329722E-17
3995.  -2.386407E-17
3996.  -2.442638E-17
3997.  -2.498357E-17
3998.  -2.553456E-17
3999.  -2.607839E-17
4000.  -2.661409E-17
4001.  -2.714065E-17
4002.  -2.765724E-17
4003.  -2.816279E-17
4004.  -2.865610E-17
4005.  -2.913636E-17
4006.  -2.960256E-17
4007.  -3.005352E-17
4008.  -3.048828E-17
4009.  -3.090580E-17
4010.  -3.130511E-17
4011.  -3.168502E-17
4012.  -3.204455E-17
4013.  -3.238274E-17
4014.  -3.269865E-17
4015.  -3.299109E-17
4016.  -3.325925E-17
4017.  -3.350187E-17
4018.  -3.371830E-17
4019.  -3.390747E-17
4020.  -3.406848E-17
4021.  -3.420046E-17
4022.  -3.430258E-17
4023.  -3.437393E-17
4024.  -3.441369E-17
4025.  -3.442129E-17
4026.  -3.439586E-17
4027.  -3.433656E-17
4028.  -3.424304E-17
4029.  -3.411444E-17
4030.  -3.395040E-17
4031.  -3.375017E-17
4032.  -3.351330E-17
4033.  -3.323957E-17
4034.  -3.292823E-17
4035.  -3.257929E-17
4036.  -3.219225E-17
4037.  -3.176703E-17
4038.  -3.130329E-17
4039.  -3.080087E-17
4040.  -3.025979E-17
4041.  -2.968005E-17
4042.  -2.906164E-17
4043.  -2.840450E-17
4044.  -2.770891E-17
4045.  -2.697503E-17
4046.  -2.620305E-17
4047.  -2.539337E-17
4048.  -2.454632E-17
4049.  -2.366202E-17
4050.  -2.274129E-17
4051.  -2.178436E-17
4052.  -2.079189E-17
4053.  -1.976460E-17
4054.  -1.870284E-17
4055.  -1.760750E-17
4056.  -1.647927E-17
4057.  -1.531896E-17
4058.  -1.412724E-17
4059.  -1.290515E-17
4060.  -1.165329E-17
4061.  -1.037301E-17
4062.  -9.065018E-18
4063.  -7.730383E-18
4064.  -6.369922E-18
4065.  -4.985018E-18
4066.  -3.576628E-18
4067.  -2.145844E-18
4068.  -6.936281E-19
4069.  7.786347E-19
4070.  2.269730E-18
4071.  3.778539E-18
4072.  5.303969E-18
4073.  6.844668E-18
4074.  8.399361E-18
4075.  9.966827E-18
4076.  1.154594E-17
4077.  1.313521E-17
4078.  1.473349E-17
4079.  1.633953E-17
4080.  1.795191E-17
4081.  1.956933E-17
4082.  2.119060E-17
4083.  2.281450E-17
4084.  2.443963E-17
4085.  2.606458E-17
4086.  2.768825E-17
4087.  2.930946E-17
4088.  3.092664E-17
4089.  3.253859E-17
4090.  3.414420E-17
4091.  3.574210E-17
4092.  3.733119E-17
4093.  3.891003E-17
4094.  4.047730E-17
4095.  4.203228E-17
4096.  4.357331E-17
4097.  4.509930E-17
4098.  4.660937E-17
4099.  4.810200E-17
4100.  4.957624E-17
4101.  5.103090E-17
4102.  5.246488E-17
4103.  5.387719E-17
4104.  5.526675E-17
4105.  5.663245E-17
4106.  5.797350E-17
4107.  5.928857E-17
4108.  6.057700E-17
4109.  6.183768E-17
4110.  6.306976E-17
4111.  6.427252E-17
4112.  6.544497E-17
4113.  6.658628E-17
4114.  6.769581E-17
4115.  6.877288E-17
4116.  6.981664E-17
4117.  7.082653E-17
4118.  7.180188E-17
4119.  7.274228E-17
4120.  7.364714E-17
4121.  7.451625E-17
4122.  7.534870E-17
4123.  7.614458E-17
4124.  7.690352E-17
4125.  7.762502E-17
4126.  7.830918E-17
4127.  7.895569E-17
4128.  7.956460E-17
4129.  8.013592E-17
4130.  8.066976E-17
4131.  8.116616E-17
4132.  8.162536E-17
4133.  8.204754E-17
4134.  8.243306E-17
4135.  8.278241E-17
4136.  8.309588E-17
4137.  8.337415E-17
4138.  8.361782E-17
4139.  8.382741E-17
4140.  8.400386E-17
4141.  8.414772E-17
4142.  8.425989E-17
4143.  8.434150E-17
4144.  8.439333E-17
4145.  8.441649E-17
4146.  8.441203E-17
4147.  8.438101E-17
4148.  8.432478E-17
4149.  8.424451E-17
4150.  8.414141E-17
4151.  8.401683E-17
4152.  8.387217E-17
4153.  8.370886E-17
4154.  8.352816E-17
4155.  8.333162E-17
4156.  8.312064E-17
4157.  8.289677E-17
4158.  8.266124E-17
4159.  8.241587E-17
4160.  8.216193E-17
4161.  8.190091E-17
4162.  8.163431E-17
4163.  8.136351E-17
4164.  8.108995E-17
4165.  8.081507E-17
4166.  8.054014E-17
4167.  8.026645E-17
4168.  7.999543E-17
4169.  7.972815E-17
4170.  7.946587E-17
4171.  7.920961E-17
4172.  7.896052E-17
4173.  7.871940E-17
4174.  7.848737E-17
4175.  7.826521E-17
4176.  7.805352E-17
4177.  7.785321E-17
4178.  7.766480E-17
4179.  7.748864E-17
4180.  7.732536E-17
4181.  7.717497E-17
4182.  7.703818E-17
4183.  7.691483E-17
4184.  7.680498E-17
4185.  7.670876E-17
4186.  7.662592E-17
4187.  7.655613E-17
4188.  7.649932E-17
4189.  7.645503E-17
4190.  7.642257E-17
4191.  7.640157E-17
4192.  7.639137E-17
4193.  7.639131E-17
4194.  7.640051E-17
4195.  7.641800E-17
4196.  7.644314E-17
4197.  7.647463E-17
4198.  7.651169E-17
4199.  7.655309E-17
4200.  7.659771E-17
4201.  7.664445E-17
4202.  7.669214E-17
4203.  7.673946E-17
4204.  7.678516E-17
4205.  7.682813E-17
4206.  7.686685E-17
4207.  7.690052E-17
4208.  7.692749E-17
4209.  7.694680E-17
4210.  7.695705E-17
4211.  7.695713E-17
4212.  7.694605E-17
4213.  7.692269E-17
4214.  7.688590E-17
4215.  7.683482E-17
4216.  7.676850E-17
4217.  7.668617E-17
4218.  7.658693E-17
4219.  7.647033E-17
4220.  7.633579E-17
4221.  7.618255E-17
4222.  7.601037E-17
4223.  7.581923E-17
4224.  7.560873E-17
4225.  7.537872E-17
4226.  7.512953E-17
4227.  7.486120E-17
4228.  7.457400E-17
4229.  7.426844E-17
4230.  7.394511E-17
4231.  7.360471E-17
4232.  7.324801E-17
4233.  7.287601E-17
4234.  7.248970E-17
4235.  7.209057E-17
4236.  7.167977E-17
4237.  7.125867E-17
4238.  7.082903E-17
4239.  7.039274E-17
4240.  6.995140E-17
4241.  6.950722E-17
4242.  6.906218E-17
4243.  6.861853E-17
4244.  6.817862E-17
4245.  6.774482E-17
4246.  6.731972E-17
4247.  6.690609E-17
4248.  6.650639E-17
4249.  6.612373E-17
4250.  6.576071E-17
4251.  6.542044E-17
4252.  6.510612E-17
4253.  6.482053E-17
4254.  6.456691E-17
4255.  6.434856E-17
4256.  6.416867E-17
4257.  6.403036E-17
4258.  6.393700E-17
4259.  6.389176E-17
4260.  6.389815E-17
4261.  6.395914E-17
4262.  6.407817E-17
4263.  6.425843E-17
4264.  6.450308E-17
4265.  6.481531E-17
4266.  6.519820E-17
4267.  6.565469E-17
4268.  6.618788E-17
4269.  6.680064E-17
4270.  6.749553E-17
4271.  6.827559E-17
4272.  6.914314E-17
4273.  7.010065E-17
4274.  7.115069E-17
4275.  7.229507E-17
4276.  7.353626E-17
4277.  7.487589E-17
4278.  7.631568E-17
4279.  7.785731E-17
4280.  7.950223E-17
4281.  8.125156E-17
4282.  8.310629E-17
4283.  8.506746E-17
4284.  8.713540E-17
4285.  8.931064E-17
4286.  9.159335E-17
4287.  9.398369E-17
4288.  9.648137E-17
4289.  9.908569E-17
4290.  1.017963E-16
4291.  1.046120E-16
4292.  1.075318E-16
4293.  1.105542E-16
4294.  1.136776E-16
4295.  1.169003E-16
4296.  1.202200E-16
4297.  1.236345E-16
4298.  1.271411E-16
4299.  1.307371E-16
4300.  1.344194E-16
4301.  1.381848E-16
4302.  1.420300E-16
4303.  1.459509E-16
4304.  1.499440E-16
4305.  1.540051E-16
4306.  1.581299E-16
4307.  1.623140E-16
4308.  1.665526E-16
4309.  1.708410E-16
4310.  1.751743E-16
4311.  1.795472E-16
4312.  1.839546E-16
4313.  1.883911E-16
4314.  1.928512E-16
4315.  1.973292E-16
4316.  2.018197E-16
4317.  2.063167E-16
4318.  2.108144E-16
4319.  2.153071E-16
4320.  2.197888E-16
4321.  2.242537E-16
4322.  2.286958E-16
4323.  2.331093E-16
4324.  2.374883E-16
4325.  2.418271E-16
4326.  2.461198E-16
4327.  2.503609E-16
4328.  2.545445E-16
4329.  2.586655E-16
4330.  2.627184E-16
4331.  2.666979E-16
4332.  2.705990E-16
4333.  2.744169E-16
4334.  2.781467E-16
4335.  2.817840E-16
4336.  2.853243E-16
4337.  2.887636E-16
4338.  2.920981E-16
4339.  2.953239E-16
4340.  2.984377E-16
4341.  3.014362E-16
4342.  3.043167E-16
4343.  3.070764E-16
4344.  3.097129E-16
4345.  3.122243E-16
4346.  3.146086E-16
4347.  3.168644E-16
4348.  3.189904E-16
4349.  3.209857E-16
4350.  3.228496E-16
4351.  3.245820E-16
4352.  3.261825E-16
4353.  3.276513E-16
4354.  3.289894E-16
4355.  3.301972E-16
4356.  3.312759E-16
4357.  3.322269E-16
4358.  3.330516E-16
4359.  3.337521E-16
4360.  3.343305E-16
4361.  3.347891E-16
4362.  3.351306E-16
4363.  3.353578E-16
4364.  3.354738E-16
4365.  3.354817E-16
4366.  3.353849E-16
4367.  3.351871E-16
4368.  3.348921E-16
4369.  3.345038E-16
4370.  3.340262E-16
4371.  3.334635E-16
4372.  3.328198E-16
4373.  3.320997E-16
4374.  3.313076E-16
4375.  3.304479E-16
4376.  3.295251E-16
4377.  3.285440E-16
4378.  3.275089E-16
4379.  3.264247E-16
4380.  3.252956E-16
4381.  3.241266E-16
4382.  3.229219E-16
4383.  3.216861E-16
4384.  3.204235E-16
4385.  3.191385E-16
4386.  3.178353E-16
4387.  3.165180E-16
4388.  3.151905E-16
4389.  3.138569E-16
4390.  3.125207E-16
4391.  3.111858E-16
4392.  3.098552E-16
4393.  3.085325E-16
4394.  3.072206E-16
4395.  3.059225E-16
4396.  3.046410E-16
4397.  3.033786E-16
4398.  3.021374E-16
4399.  3.009198E-16
4400.  2.997277E-16
4401.  2.985627E-16
4402.  2.974265E-16
4403.  2.963201E-16
4404.  2.952449E-16
4405.  2.942016E-16
4406.  2.931909E-16
4407.  2.922133E-16
4408.  2.912688E-16
4409.  2.903578E-16
4410.  2.894798E-16
4411.  2.886346E-16
4412.  2.878215E-16
4413.  2.870399E-16
4414.  2.862885E-16
4415.  2.855667E-16
4416.  2.848727E-16
4417.  2.842053E-16
4418.  2.835629E-16
4419.  2.829434E-16
4420.  2.823451E-16
4421.  2.817659E-16
4422.  2.812035E-16
4423.  2.806555E-16
4424.  2.801197E-16
4425.  2.795935E-16
4426.  2.790741E-16
4427.  2.785590E-16
4428.  2.780451E-16
4429.  2.775298E-16
4430.  2.770100E-16
4431.  2.764831E-16
4432.  2.759457E-16
4433.  2.753951E-16
4434.  2.748280E-16
4435.  2.742417E-16
4436.  2.736330E-16
4437.  2.729988E-16
4438.  2.723364E-16
4439.  2.716425E-16
4440.  2.709148E-16
4441.  2.701499E-16
4442.  2.693453E-16
4443.  2.684981E-16
4444.  2.676061E-16
4445.  2.666666E-16
4446.  2.656769E-16
4447.  2.646351E-16
4448.  2.635387E-16
4449.  2.623860E-16
4450.  2.611747E-16
4451.  2.599030E-16
4452.  2.585696E-16
4453.  2.571725E-16
4454.  2.557108E-16
4455.  2.541829E-16
4456.  2.525879E-16
4457.  2.509249E-16
4458.  2.491929E-16
4459.  2.473918E-16
4460.  2.455209E-16
4461.  2.435799E-16
4462.  2.415688E-16
4463.  2.394880E-16
4464.  2.373373E-16
4465.  2.351176E-16
4466.  2.328290E-16
4467.  2.304725E-16
4468.  2.280494E-16
4469.  2.255602E-16
4470.  2.230064E-16
4471.  2.203898E-16
4472.  2.177112E-16
4473.  2.149728E-16
4474.  2.121764E-16
4475.  2.093239E-16
4476.  2.064174E-16
4477.  2.034592E-16
4478.  2.004515E-16
4479.  1.973969E-16
4480.  1.942979E-16
4481.  1.911572E-16
4482.  1.879774E-16
4483.  1.847614E-16
4484.  1.815121E-16
4485.  1.782324E-16
4486.  1.749252E-16
4487.  1.715938E-16
4488.  1.682412E-16
4489.  1.648703E-16
4490.  1.614843E-16
4491.  1.580868E-16
4492.  1.546804E-16
4493.  1.512685E-16
4494.  1.478541E-16
4495.  1.444406E-16
4496.  1.410307E-16
4497.  1.376278E-16
4498.  1.342348E-16
4499.  1.308546E-16
4500.  1.274902E-16
