1.  -2.825811E-23
2.  -8.232975E-23
3.  -1.299569E-23
4.  5.183927E-24
5.  3.123807E-23
6.  -3.766417E-23
7.  -5.289601E-23
8.  -1.176130E-22
9.  -5.172515E-23
10.  -8.516335E-23
11.  6.552856E-24
12.  3.373769E-23
13.  3.691315E-23
14.  -6.125263E-23
15.  -1.867369E-23
16.  3.044362E-23
17.  6.373290E-23
18.  -1.081416E-22
19.  3.092835E-23
20.  -8.014709E-23
21.  2.327314E-23
22.  -7.338341E-23
23.  4.303862E-23
24.  -4.941846E-23
25.  -2.154208E-23
26.  -2.605999E-23
27.  -2.610334E-23
28.  -4.162469E-23
29.  -1.450128E-24
30.  -4.999253E-23
31.  -7.872359E-23
32.  1.961800E-23
33.  -1.126546E-22
34.  -4.048063E-23
35.  -6.068166E-23
36.  -2.414954E-23
37.  -2.136555E-23
38.  -1.248945E-22
39.  -6.039382E-23
40.  2.148369E-23
41.  -9.847823E-23
42.  -3.667525E-23
43.  -7.449335E-23
44.  5.774279E-23
45.  1.046529E-23
46.  -4.902044E-23
47.  -1.178340E-22
48.  -4.959424E-23
49.  -2.266648E-23
50.  -7.812851E-23
51.  -1.002730E-22
52.  1.347156E-23
53.  -1.281602E-22
54.  -1.086118E-22
55.  -2.317393E-22
56.  -1.528502E-22
57.  -1.658176E-22
58.  -6.575036E-23
59.  -1.041209E-22
60.  3.354737E-23
61.  -1.136849E-22
62.  -2.775328E-23
63.  -6.686008E-23
64.  2.965683E-23
65.  -8.524069E-23
66.  -1.697518E-22
67.  -9.006107E-23
68.  -4.918868E-23
69.  -8.297264E-23
70.  -5.510239E-23
71.  8.835242E-26
72.  -4.187301E-23
73.  -5.414512E-23
74.  -1.249939E-22
75.  -5.369215E-23
76.  -1.501601E-22
77.  -5.459334E-23
78.  -4.352216E-23
79.  -1.193957E-22
80.  -3.337625E-23
81.  -8.663144E-23
82.  -1.256125E-22
83.  -1.171985E-22
84.  -7.529485E-23
85.  6.994661E-23
86.  4.054519E-23
87.  -1.258850E-22
88.  -1.534135E-22
89.  -3.765901E-23
90.  -4.936767E-23
91.  -8.449480E-23
92.  5.496564E-23
93.  -1.488540E-23
94.  -8.108533E-23
95.  -5.462977E-23
96.  3.973330E-24
97.  -1.148627E-22
98.  -1.448043E-22
99.  -3.726860E-23
100.  -6.042907E-23
101.  -1.378558E-22
102.  -1.378134E-22
103.  -7.401199E-23
104.  -1.191131E-23
105.  -7.776742E-23
106.  -6.008494E-23
107.  7.601334E-24
108.  -7.022078E-23
109.  4.403134E-24
110.  -3.508388E-23
111.  -1.033866E-22
112.  -3.853873E-24
113.  -1.215783E-22
114.  -1.025892E-22
115.  -9.872424E-23
116.  -6.212058E-23
117.  -8.275034E-23
118.  -1.291693E-22
119.  -2.107320E-22
120.  -3.225670E-23
121.  -7.902743E-23
122.  -1.206267E-22
123.  -1.009038E-22
124.  -7.580021E-23
125.  -1.449523E-22
126.  -7.407701E-23
127.  -1.075822E-22
128.  -6.808560E-23
129.  -9.635836E-23
130.  -1.749909E-22
131.  -5.386667E-23
132.  -1.539674E-22
133.  -8.863079E-23
134.  -7.544211E-23
135.  -4.913584E-23
136.  -9.499714E-23
137.  -1.006917E-22
138.  -1.149197E-22
139.  -5.609365E-23
140.  -1.572625E-22
141.  -8.537464E-23
142.  -1.163244E-22
143.  -4.523109E-23
144.  -6.076226E-23
145.  -1.221842E-23
146.  -1.731032E-22
147.  -1.313919E-22
148.  -4.797615E-23
149.  -2.774658E-23
150.  -5.330288E-23
151.  -1.860850E-22
152.  -1.390903E-22
153.  -7.983460E-23
154.  -4.631081E-23
155.  -1.486111E-22
156.  -1.517103E-22
157.  -1.041607E-22
158.  -1.049272E-22
159.  -4.109625E-23
160.  -1.551391E-22
161.  -1.434898E-22
162.  -1.770917E-22
163.  -1.116933E-22
164.  -1.151573E-22
165.  -7.394159E-23
166.  -5.766208E-23
167.  -9.607397E-23
168.  -1.371061E-22
169.  -1.659530E-22
170.  -5.192839E-23
171.  -4.537717E-23
172.  -4.276671E-23
173.  -1.081900E-22
174.  -1.167037E-22
175.  -1.370604E-22
176.  -9.834452E-23
177.  -4.663719E-23
178.  -1.826566E-22
179.  -1.258126E-22
180.  -3.574487E-23
181.  -6.612107E-23
182.  -1.532394E-22
183.  -1.857283E-22
184.  -1.070725E-22
185.  -1.930663E-22
186.  -1.015712E-22
187.  -1.179860E-22
188.  -1.120588E-22
189.  -1.398674E-22
190.  -9.712674E-23
191.  -5.074602E-23
192.  -6.907967E-23
193.  -1.139648E-22
194.  -1.497910E-22
195.  -5.975518E-23
196.  -1.395713E-22
197.  -5.570176E-23
198.  -1.308003E-22
199.  -7.139611E-23
200.  -7.245456E-23
201.  -1.281962E-22
202.  -1.219326E-22
203.  3.776646E-23
204.  -2.052883E-23
205.  2.446651E-23
206.  2.849236E-23
207.  1.813768E-22
208.  2.304060E-22
209.  3.096245E-22
210.  4.042742E-22
211.  4.768032E-22
212.  6.468629E-22
213.  1.066001E-21
214.  1.291387E-21
215.  1.426037E-21
216.  1.782709E-21
217.  2.327034E-21
218.  2.936763E-21
219.  3.537277E-21
220.  4.557441E-21
221.  5.485992E-21
222.  6.744140E-21
223.  8.334809E-21
224.  1.011421E-20
225.  1.228195E-20
226.  1.486649E-20
227.  1.806859E-20
228.  2.183065E-20
229.  2.638228E-20
230.  3.168833E-20
231.  3.821443E-20
232.  4.577092E-20
233.  5.474443E-20
234.  6.552927E-20
235.  7.799964E-20
236.  9.276944E-20
237.  1.101595E-19
238.  1.304757E-19
239.  1.540278E-19
240.  1.818869E-19
241.  2.141022E-19
242.  2.514207E-19
243.  2.949490E-19
244.  3.451569E-19
245.  4.032898E-19
246.  4.701270E-19
247.  5.469851E-19
248.  6.353797E-19
249.  7.366022E-19
250.  8.524021E-19
251.  9.845331E-19
252.  1.135106E-18
253.  1.306094E-18
254.  1.500198E-18
255.  1.720251E-18
256.  1.968890E-18
257.  2.249612E-18
258.  2.565510E-18
259.  2.920939E-18
260.  3.319720E-18
261.  3.766529E-18
262.  4.266141E-18
263.  4.823784E-18
264.  5.445153E-18
265.  6.136425E-18
266.  6.904007E-18
267.  7.754927E-18
268.  8.696413E-18
269.  9.736712E-18
270.  1.088407E-17
271.  1.214726E-17
272.  1.353605E-17
273.  1.505995E-17
274.  1.672967E-17
275.  1.855622E-17
276.  2.055116E-17
277.  2.272652E-17
278.  2.509466E-17
279.  2.766886E-17
280.  3.046251E-17
281.  3.348988E-17
282.  3.676540E-17
283.  4.030387E-17
284.  4.412075E-17
285.  4.823154E-17
286.  5.265238E-17
287.  5.739962E-17
288.  6.248947E-17
289.  6.793913E-17
290.  7.376506E-17
291.  7.998424E-17
292.  8.661350E-17
293.  9.366978E-17
294.  1.011697E-16
295.  1.091297E-16
296.  1.175659E-16
297.  1.264942E-16
298.  1.359298E-16
299.  1.458875E-16
300.  1.563813E-16
301.  1.674247E-16
302.  1.790303E-16
303.  1.912097E-16
304.  2.039740E-16
305.  2.173325E-16
306.  2.312934E-16
307.  2.458649E-16
308.  2.610524E-16
309.  2.768608E-16
310.  2.932933E-16
311.  3.103515E-16
312.  3.280363E-16
313.  3.463458E-16
314.  3.652777E-16
315.  3.848272E-16
316.  4.049882E-16
317.  4.257528E-16
318.  4.471122E-16
319.  4.690544E-16
320.  4.915675E-16
321.  5.146368E-16
322.  5.382461E-16
323.  5.623783E-16
324.  5.870143E-16
325.  6.121332E-16
326.  6.377135E-16
327.  6.637315E-16
328.  6.901627E-16
329.  7.169811E-16
330.  7.441598E-16
331.  7.716706E-16
332.  7.994843E-16
333.  8.275709E-16
334.  8.558995E-16
335.  8.844386E-16
336.  9.131557E-16
337.  9.420181E-16
338.  9.709927E-16
339.  1.000046E-15
340.  1.029144E-15
341.  1.058253E-15
342.  1.087339E-15
343.  1.116368E-15
344.  1.145307E-15
345.  1.174122E-15
346.  1.202780E-15
347.  1.231250E-15
348.  1.259499E-15
349.  1.287496E-15
350.  1.315211E-15
351.  1.342615E-15
352.  1.369679E-15
353.  1.396378E-15
354.  1.422683E-15
355.  1.448572E-15
356.  1.474020E-15
357.  1.499007E-15
358.  1.523511E-15
359.  1.547514E-15
360.  1.570998E-15
361.  1.593949E-15
362.  1.616353E-15
363.  1.638197E-15
364.  1.659470E-15
365.  1.680165E-15
366.  1.700274E-15
367.  1.719793E-15
368.  1.738717E-15
369.  1.757044E-15
370.  1.774774E-15
371.  1.791909E-15
372.  1.808450E-15
373.  1.824403E-15
374.  1.839771E-15
375.  1.854562E-15
376.  1.868783E-15
377.  1.882442E-15
378.  1.895550E-15
379.  1.908115E-15
380.  1.920149E-15
381.  1.931662E-15
382.  1.942667E-15
383.  1.953175E-15
384.  1.963198E-15
385.  1.972749E-15
386.  1.981837E-15
387.  1.990476E-15
388.  1.998675E-15
389.  2.006446E-15
390.  2.013798E-15
391.  2.020739E-15
392.  2.027279E-15
393.  2.033426E-15
394.  2.039183E-15
395.  2.044558E-15
396.  2.049554E-15
397.  2.054174E-15
398.  2.058419E-15
399.  2.062291E-15
400.  2.065787E-15
401.  2.068906E-15
402.  2.071644E-15
403.  2.073998E-15
404.  2.075960E-15
405.  2.077524E-15
406.  2.078682E-15
407.  2.079425E-15
408.  2.079743E-15
409.  2.079626E-15
410.  2.079062E-15
411.  2.078039E-15
412.  2.076546E-15
413.  2.074569E-15
414.  2.072098E-15
415.  2.069119E-15
416.  2.065620E-15
417.  2.061590E-15
418.  2.057018E-15
419.  2.051895E-15
420.  2.046210E-15
421.  2.039956E-15
422.  2.033126E-15
423.  2.025716E-15
424.  2.017721E-15
425.  2.009140E-15
426.  1.999973E-15
427.  1.990220E-15
428.  1.979887E-15
429.  1.968978E-15
430.  1.957501E-15
431.  1.945467E-15
432.  1.932886E-15
433.  1.919772E-15
434.  1.906141E-15
435.  1.892010E-15
436.  1.877399E-15
437.  1.862328E-15
438.  1.846819E-15
439.  1.830896E-15
440.  1.814584E-15
441.  1.797909E-15
442.  1.780899E-15
443.  1.763580E-15
444.  1.745982E-15
445.  1.728134E-15
446.  1.710065E-15
447.  1.691805E-15
448.  1.673384E-15
449.  1.654832E-15
450.  1.636180E-15
451.  1.617457E-15
452.  1.598693E-15
453.  1.579919E-15
454.  1.561163E-15
455.  1.542456E-15
456.  1.523825E-15
457.  1.505301E-15
458.  1.486912E-15
459.  1.468686E-15
460.  1.450652E-15
461.  1.432838E-15
462.  1.415271E-15
463.  1.397981E-15
464.  1.380995E-15
465.  1.364340E-15
466.  1.348044E-15
467.  1.332135E-15
468.  1.316640E-15
469.  1.301586E-15
470.  1.287000E-15
471.  1.272910E-15
472.  1.259340E-15
473.  1.246316E-15
474.  1.233864E-15
475.  1.222008E-15
476.  1.210772E-15
477.  1.200177E-15
478.  1.190245E-15
479.  1.180997E-15
480.  1.172450E-15
481.  1.164622E-15
482.  1.157527E-15
483.  1.151179E-15
484.  1.145590E-15
485.  1.140767E-15
486.  1.136719E-15
487.  1.133450E-15
488.  1.130961E-15
489.  1.129252E-15
490.  1.128321E-15
491.  1.128161E-15
492.  1.128767E-15
493.  1.130126E-15
494.  1.132227E-15
495.  1.135055E-15
496.  1.138593E-15
497.  1.142822E-15
498.  1.147721E-15
499.  1.153268E-15
500.  1.159439E-15
501.  1.166208E-15
502.  1.173550E-15
503.  1.181437E-15
504.  1.189842E-15
505.  1.198737E-15
506.  1.208094E-15
507.  1.217885E-15
508.  1.228083E-15
509.  1.238660E-15
510.  1.249591E-15
511.  1.260850E-15
512.  1.272415E-15
513.  1.284262E-15
514.  1.296372E-15
515.  1.308724E-15
516.  1.321302E-15
517.  1.334091E-15
518.  1.347076E-15
519.  1.360247E-15
520.  1.373593E-15
521.  1.387107E-15
522.  1.400784E-15
523.  1.414619E-15
524.  1.428610E-15
525.  1.442755E-15
526.  1.457055E-15
527.  1.471512E-15
528.  1.486127E-15
529.  1.500903E-15
530.  1.515843E-15
531.  1.530952E-15
532.  1.546230E-15
533.  1.561683E-15
534.  1.577309E-15
535.  1.593112E-15
536.  1.609089E-15
537.  1.625238E-15
538.  1.641555E-15
539.  1.658032E-15
540.  1.674662E-15
541.  1.691432E-15
542.  1.708326E-15
543.  1.725328E-15
544.  1.742416E-15
545.  1.759565E-15
546.  1.776750E-15
547.  1.793937E-15
548.  1.811093E-15
549.  1.828180E-15
550.  1.845158E-15
551.  1.861982E-15
552.  1.878606E-15
553.  1.894980E-15
554.  1.911052E-15
555.  1.926769E-15
556.  1.942075E-15
557.  1.956913E-15
558.  1.971226E-15
559.  1.984955E-15
560.  1.998041E-15
561.  2.010426E-15
562.  2.022053E-15
563.  2.032866E-15
564.  2.042810E-15
565.  2.051831E-15
566.  2.059882E-15
567.  2.066914E-15
568.  2.072884E-15
569.  2.077751E-15
570.  2.081481E-15
571.  2.084040E-15
572.  2.085402E-15
573.  2.085545E-15
574.  2.084451E-15
575.  2.082108E-15
576.  2.078507E-15
577.  2.073648E-15
578.  2.067532E-15
579.  2.060168E-15
580.  2.051568E-15
581.  2.041750E-15
582.  2.030734E-15
583.  2.018548E-15
584.  2.005222E-15
585.  1.990789E-15
586.  1.975287E-15
587.  1.958756E-15
588.  1.941240E-15
589.  1.922784E-15
590.  1.903434E-15
591.  1.883242E-15
592.  1.862257E-15
593.  1.840531E-15
594.  1.818116E-15
595.  1.795066E-15
596.  1.771432E-15
597.  1.747268E-15
598.  1.722627E-15
599.  1.697560E-15
600.  1.672118E-15
601.  1.646353E-15
602.  1.620314E-15
603.  1.594049E-15
604.  1.567607E-15
605.  1.541032E-15
606.  1.514371E-15
607.  1.487668E-15
608.  1.460965E-15
609.  1.434305E-15
610.  1.407728E-15
611.  1.381272E-15
612.  1.354978E-15
613.  1.328882E-15
614.  1.303021E-15
615.  1.277429E-15
616.  1.252140E-15
617.  1.227189E-15
618.  1.202606E-15
619.  1.178423E-15
620.  1.154669E-15
621.  1.131373E-15
622.  1.108563E-15
623.  1.086263E-15
624.  1.064499E-15
625.  1.043294E-15
626.  1.022670E-15
627.  1.002646E-15
628.  9.832418E-16
629.  9.644735E-16
630.  9.463565E-16
631.  9.289040E-16
632.  9.121283E-16
633.  8.960385E-16
634.  8.806432E-16
635.  8.659487E-16
636.  8.519598E-16
637.  8.386796E-16
638.  8.261095E-16
639.  8.142498E-16
640.  8.030988E-16
641.  7.926539E-16
642.  7.829112E-16
643.  7.738657E-16
644.  7.655113E-16
645.  7.578412E-16
646.  7.508476E-16
647.  7.445224E-16
648.  7.388565E-16
649.  7.338407E-16
650.  7.294651E-16
651.  7.257197E-16
652.  7.225940E-16
653.  7.200775E-16
654.  7.181593E-16
655.  7.168282E-16
656.  7.160728E-16
657.  7.158813E-16
658.  7.162421E-16
659.  7.171424E-16
660.  7.185699E-16
661.  7.205107E-16
662.  7.229512E-16
663.  7.258768E-16
664.  7.292724E-16
665.  7.331213E-16
666.  7.374071E-16
667.  7.421112E-16
668.  7.472149E-16
669.  7.526980E-16
670.  7.585398E-16
671.  7.647177E-16
672.  7.712086E-16
673.  7.779884E-16
674.  7.850319E-16
675.  7.923133E-16
676.  7.998056E-16
677.  8.074816E-16
678.  8.153133E-16
679.  8.232726E-16
680.  8.313313E-16
681.  8.394609E-16
682.  8.476334E-16
683.  8.558210E-16
684.  8.639968E-16
685.  8.721340E-16
686.  8.802076E-16
687.  8.881935E-16
688.  8.960685E-16
689.  9.038114E-16
690.  9.114019E-16
691.  9.188220E-16
692.  9.260553E-16
693.  9.330868E-16
694.  9.399038E-16
695.  9.464949E-16
696.  9.528509E-16
697.  9.589636E-16
698.  9.648271E-16
699.  9.704365E-16
700.  9.757885E-16
701.  9.808800E-16
702.  9.857098E-16
703.  9.902770E-16
704.  9.945809E-16
705.  9.986214E-16
706.  1.002398E-15
707.  1.005910E-15
708.  1.009158E-15
709.  1.012138E-15
710.  1.014848E-15
711.  1.017285E-15
712.  1.019443E-15
713.  1.021317E-15
714.  1.022898E-15
715.  1.024178E-15
716.  1.025145E-15
717.  1.025787E-15
718.  1.026089E-15
719.  1.026038E-15
720.  1.025615E-15
721.  1.024804E-15
722.  1.023586E-15
723.  1.021940E-15
724.  1.019848E-15
725.  1.017289E-15
726.  1.014243E-15
727.  1.010690E-15
728.  1.006613E-15
729.  1.001991E-15
730.  9.968108E-16
731.  9.910557E-16
732.  9.847139E-16
733.  9.777746E-16
734.  9.702306E-16
735.  9.620772E-16
736.  9.533124E-16
737.  9.439384E-16
738.  9.339600E-16
739.  9.233866E-16
740.  9.122307E-16
741.  9.005085E-16
742.  8.882400E-16
743.  8.754499E-16
744.  8.621654E-16
745.  8.484173E-16
746.  8.342405E-16
747.  8.196727E-16
748.  8.047546E-16
749.  7.895292E-16
750.  7.740421E-16
751.  7.583413E-16
752.  7.424763E-16
753.  7.264976E-16
754.  7.104567E-16
755.  6.944063E-16
756.  6.783986E-16
757.  6.624860E-16
758.  6.467202E-16
759.  6.311519E-16
760.  6.158306E-16
761.  6.008042E-16
762.  5.861185E-16
763.  5.718173E-16
764.  5.579418E-16
765.  5.445303E-16
766.  5.316184E-16
767.  5.192384E-16
768.  5.074195E-16
769.  4.961872E-16
770.  4.855641E-16
771.  4.755686E-16
772.  4.662160E-16
773.  4.575182E-16
774.  4.494830E-16
775.  4.421155E-16
776.  4.354170E-16
777.  4.293859E-16
778.  4.240169E-16
779.  4.193027E-16
780.  4.152323E-16
781.  4.117927E-16
782.  4.089680E-16
783.  4.067405E-16
784.  4.050902E-16
785.  4.039952E-16
786.  4.034323E-16
787.  4.033764E-16
788.  4.038018E-16
789.  4.046807E-16
790.  4.059856E-16
791.  4.076877E-16
792.  4.097577E-16
793.  4.121660E-16
794.  4.148830E-16
795.  4.178789E-16
796.  4.211242E-16
797.  4.245895E-16
798.  4.282458E-16
799.  4.320645E-16
800.  4.360179E-16
801.  4.400788E-16
802.  4.442210E-16
803.  4.484188E-16
804.  4.526478E-16
805.  4.568850E-16
806.  4.611075E-16
807.  4.652947E-16
808.  4.694269E-16
809.  4.734856E-16
810.  4.774538E-16
811.  4.813160E-16
812.  4.850583E-16
813.  4.886682E-16
814.  4.921348E-16
815.  4.954492E-16
816.  4.986039E-16
817.  5.015932E-16
818.  5.044130E-16
819.  5.070613E-16
820.  5.095379E-16
821.  5.118437E-16
822.  5.139825E-16
823.  5.159590E-16
824.  5.177803E-16
825.  5.194550E-16
826.  5.209929E-16
827.  5.224065E-16
828.  5.237089E-16
829.  5.249152E-16
830.  5.260420E-16
831.  5.271071E-16
832.  5.281294E-16
833.  5.291289E-16
834.  5.301270E-16
835.  5.311454E-16
836.  5.322066E-16
837.  5.333339E-16
838.  5.345506E-16
839.  5.358804E-16
840.  5.373469E-16
841.  5.389733E-16
842.  5.407829E-16
843.  5.427981E-16
844.  5.450407E-16
845.  5.475313E-16
846.  5.502899E-16
847.  5.533346E-16
848.  5.566827E-16
849.  5.603491E-16
850.  5.643481E-16
851.  5.686910E-16
852.  5.733879E-16
853.  5.784464E-16
854.  5.838721E-16
855.  5.896682E-16
856.  5.958361E-16
857.  6.023744E-16
858.  6.092797E-16
859.  6.165462E-16
860.  6.241659E-16
861.  6.321288E-16
862.  6.404226E-16
863.  6.490333E-16
864.  6.579446E-16
865.  6.671392E-16
866.  6.765977E-16
867.  6.862998E-16
868.  6.962232E-16
869.  7.063462E-16
870.  7.166447E-16
871.  7.270955E-16
872.  7.376742E-16
873.  7.483567E-16
874.  7.591194E-16
875.  7.699388E-16
876.  7.807921E-16
877.  7.916575E-16
878.  8.025144E-16
879.  8.133430E-16
880.  8.241253E-16
881.  8.348450E-16
882.  8.454870E-16
883.  8.560383E-16
884.  8.664880E-16
885.  8.768264E-16
886.  8.870461E-16
887.  8.971416E-16
888.  9.071092E-16
889.  9.169465E-16
890.  9.266532E-16
891.  9.362302E-16
892.  9.456795E-16
893.  9.550044E-16
894.  9.642097E-16
895.  9.732995E-16
896.  9.822794E-16
897.  9.911548E-16
898.  9.999307E-16
899.  1.008612E-15
900.  1.017204E-15
901.  1.025709E-15
902.  1.034131E-15
903.  1.042469E-15
904.  1.050725E-15
905.  1.058895E-15
906.  1.066977E-15
907.  1.074966E-15
908.  1.082852E-15
909.  1.090628E-15
910.  1.098282E-15
911.  1.105800E-15
912.  1.113167E-15
913.  1.120366E-15
914.  1.127379E-15
915.  1.134186E-15
916.  1.140765E-15
917.  1.147094E-15
918.  1.153150E-15
919.  1.158909E-15
920.  1.164347E-15
921.  1.169440E-15
922.  1.174166E-15
923.  1.178500E-15
924.  1.182421E-15
925.  1.185907E-15
926.  1.188940E-15
927.  1.191501E-15
928.  1.193575E-15
929.  1.195147E-15
930.  1.196206E-15
931.  1.196742E-15
932.  1.196748E-15
933.  1.196219E-15
934.  1.195154E-15
935.  1.193552E-15
936.  1.191417E-15
937.  1.188753E-15
938.  1.185567E-15
939.  1.181869E-15
940.  1.177670E-15
941.  1.172982E-15
942.  1.167820E-15
943.  1.162200E-15
944.  1.156138E-15
945.  1.149652E-15
946.  1.142759E-15
947.  1.135479E-15
948.  1.127828E-15
949.  1.119827E-15
950.  1.111494E-15
951.  1.102845E-15
952.  1.093900E-15
953.  1.084673E-15
954.  1.075182E-15
955.  1.065441E-15
956.  1.055464E-15
957.  1.045266E-15
958.  1.034858E-15
959.  1.024254E-15
960.  1.013463E-15
961.  1.002496E-15
962.  9.913648E-16
963.  9.800782E-16
964.  9.686463E-16
965.  9.570792E-16
966.  9.453869E-16
967.  9.335798E-16
968.  9.216695E-16
969.  9.096674E-16
970.  8.975873E-16
971.  8.854426E-16
972.  8.732489E-16
973.  8.610233E-16
974.  8.487841E-16
975.  8.365512E-16
976.  8.243468E-16
977.  8.121942E-16
978.  8.001191E-16
979.  7.881488E-16
980.  7.763123E-16
981.  7.646405E-16
982.  7.531656E-16
983.  7.419216E-16
984.  7.309443E-16
985.  7.202700E-16
986.  7.099365E-16
987.  6.999819E-16
988.  6.904459E-16
989.  6.813672E-16
990.  6.727859E-16
991.  6.647412E-16
992.  6.572715E-16
993.  6.504151E-16
994.  6.442089E-16
995.  6.386880E-16
996.  6.338866E-16
997.  6.298358E-16
998.  6.265649E-16
999.  6.241003E-16
1000.  6.224657E-16
1001.  6.216810E-16
1002.  6.217626E-16
1003.  6.227234E-16
1004.  6.245718E-16
1005.  6.273119E-16
1006.  6.309432E-16
1007.  6.354606E-16
1008.  6.408541E-16
1009.  6.471086E-16
1010.  6.542036E-16
1011.  6.621137E-16
1012.  6.708085E-16
1013.  6.802518E-16
1014.  6.904032E-16
1015.  7.012160E-16
1016.  7.126399E-16
1017.  7.246190E-16
1018.  7.370935E-16
1019.  7.499989E-16
1020.  7.632673E-16
1021.  7.768270E-16
1022.  7.906033E-16
1023.  8.045188E-16
1024.  8.184940E-16
1025.  8.324473E-16
1026.  8.462967E-16
1027.  8.599587E-16
1028.  8.733504E-16
1029.  8.863893E-16
1030.  8.989940E-16
1031.  9.110846E-16
1032.  9.225843E-16
1033.  9.334187E-16
1034.  9.435167E-16
1035.  9.528121E-16
1036.  9.612424E-16
1037.  9.687509E-16
1038.  9.752860E-16
1039.  9.808025E-16
1040.  9.852608E-16
1041.  9.886285E-16
1042.  9.908801E-16
1043.  9.919969E-16
1044.  9.919677E-16
1045.  9.907882E-16
1046.  9.884616E-16
1047.  9.849985E-16
1048.  9.804165E-16
1049.  9.747400E-16
1050.  9.680006E-16
1051.  9.602355E-16
1052.  9.514893E-16
1053.  9.418115E-16
1054.  9.312569E-16
1055.  9.198858E-16
1056.  9.077629E-16
1057.  8.949562E-16
1058.  8.815381E-16
1059.  8.675833E-16
1060.  8.531695E-16
1061.  8.383757E-16
1062.  8.232829E-16
1063.  8.079730E-16
1064.  7.925279E-16
1065.  7.770296E-16
1066.  7.615600E-16
1067.  7.461998E-16
1068.  7.310286E-16
1069.  7.161240E-16
1070.  7.015619E-16
1071.  6.874160E-16
1072.  6.737574E-16
1073.  6.606540E-16
1074.  6.481709E-16
1075.  6.363704E-16
1076.  6.253103E-16
1077.  6.150458E-16
1078.  6.056279E-16
1079.  5.971040E-16
1080.  5.895176E-16
1081.  5.829075E-16
1082.  5.773095E-16
1083.  5.727543E-16
1084.  5.692685E-16
1085.  5.668745E-16
1086.  5.655906E-16
1087.  5.654301E-16
1088.  5.664019E-16
1089.  5.685109E-16
1090.  5.717569E-16
1091.  5.761351E-16
1092.  5.816361E-16
1093.  5.882461E-16
1094.  5.959463E-16
1095.  6.047131E-16
1096.  6.145189E-16
1097.  6.253305E-16
1098.  6.371112E-16
1099.  6.498191E-16
1100.  6.634081E-16
1101.  6.778281E-16
1102.  6.930244E-16
1103.  7.089389E-16
1104.  7.255101E-16
1105.  7.426722E-16
1106.  7.603572E-16
1107.  7.784939E-16
1108.  7.970089E-16
1109.  8.158268E-16
1110.  8.348701E-16
1111.  8.540606E-16
1112.  8.733196E-16
1113.  8.925677E-16
1114.  9.117264E-16
1115.  9.307170E-16
1116.  9.494635E-16
1117.  9.678904E-16
1118.  9.859253E-16
1119.  1.003499E-15
1120.  1.020544E-15
1121.  1.036999E-15
1122.  1.052806E-15
1123.  1.067910E-15
1124.  1.082264E-15
1125.  1.095825E-15
1126.  1.108555E-15
1127.  1.120424E-15
1128.  1.131407E-15
1129.  1.141485E-15
1130.  1.150646E-15
1131.  1.158885E-15
1132.  1.166203E-15
1133.  1.172609E-15
1134.  1.178116E-15
1135.  1.182745E-15
1136.  1.186522E-15
1137.  1.189481E-15
1138.  1.191658E-15
1139.  1.193098E-15
1140.  1.193847E-15
1141.  1.193959E-15
1142.  1.193488E-15
1143.  1.192496E-15
1144.  1.191044E-15
1145.  1.189196E-15
1146.  1.187020E-15
1147.  1.184584E-15
1148.  1.181955E-15
1149.  1.179204E-15
1150.  1.176399E-15
1151.  1.173607E-15
1152.  1.170895E-15
1153.  1.168328E-15
1154.  1.165968E-15
1155.  1.163875E-15
1156.  1.162106E-15
1157.  1.160714E-15
1158.  1.159749E-15
1159.  1.159256E-15
1160.  1.159278E-15
1161.  1.159850E-15
1162.  1.161006E-15
1163.  1.162772E-15
1164.  1.165173E-15
1165.  1.168225E-15
1166.  1.171943E-15
1167.  1.176334E-15
1168.  1.181404E-15
1169.  1.187149E-15
1170.  1.193567E-15
1171.  1.200646E-15
1172.  1.208373E-15
1173.  1.216732E-15
1174.  1.225700E-15
1175.  1.235252E-15
1176.  1.245362E-15
1177.  1.255998E-15
1178.  1.267127E-15
1179.  1.278713E-15
1180.  1.290719E-15
1181.  1.303105E-15
1182.  1.315831E-15
1183.  1.328853E-15
1184.  1.342128E-15
1185.  1.355613E-15
1186.  1.369264E-15
1187.  1.383036E-15
1188.  1.396884E-15
1189.  1.410763E-15
1190.  1.424631E-15
1191.  1.438444E-15
1192.  1.452160E-15
1193.  1.465736E-15
1194.  1.479133E-15
1195.  1.492312E-15
1196.  1.505235E-15
1197.  1.517865E-15
1198.  1.530168E-15
1199.  1.542112E-15
1200.  1.553665E-15
1201.  1.564797E-15
1202.  1.575481E-15
1203.  1.585692E-15
1204.  1.595406E-15
1205.  1.604600E-15
1206.  1.613256E-15
1207.  1.621355E-15
1208.  1.628881E-15
1209.  1.635821E-15
1210.  1.642162E-15
1211.  1.647895E-15
1212.  1.653010E-15
1213.  1.657502E-15
1214.  1.661364E-15
1215.  1.664596E-15
1216.  1.667193E-15
1217.  1.669157E-15
1218.  1.670488E-15
1219.  1.671190E-15
1220.  1.671266E-15
1221.  1.670721E-15
1222.  1.669563E-15
1223.  1.667797E-15
1224.  1.665432E-15
1225.  1.662478E-15
1226.  1.658944E-15
1227.  1.654841E-15
1228.  1.650180E-15
1229.  1.644973E-15
1230.  1.639232E-15
1231.  1.632971E-15
1232.  1.626203E-15
1233.  1.618941E-15
1234.  1.611200E-15
1235.  1.602993E-15
1236.  1.594337E-15
1237.  1.585246E-15
1238.  1.575735E-15
1239.  1.565820E-15
1240.  1.555519E-15
1241.  1.544846E-15
1242.  1.533820E-15
1243.  1.522457E-15
1244.  1.510776E-15
1245.  1.498794E-15
1246.  1.486531E-15
1247.  1.474007E-15
1248.  1.461240E-15
1249.  1.448252E-15
1250.  1.435063E-15
1251.  1.421696E-15
1252.  1.408173E-15
1253.  1.394518E-15
1254.  1.380753E-15
1255.  1.366905E-15
1256.  1.352997E-15
1257.  1.339055E-15
1258.  1.325107E-15
1259.  1.311179E-15
1260.  1.297299E-15
1261.  1.283495E-15
1262.  1.269794E-15
1263.  1.256227E-15
1264.  1.242822E-15
1265.  1.229609E-15
1266.  1.216617E-15
1267.  1.203876E-15
1268.  1.191414E-15
1269.  1.179262E-15
1270.  1.167448E-15
1271.  1.156000E-15
1272.  1.144947E-15
1273.  1.134315E-15
1274.  1.124131E-15
1275.  1.114420E-15
1276.  1.105208E-15
1277.  1.096517E-15
1278.  1.088369E-15
1279.  1.080785E-15
1280.  1.073783E-15
1281.  1.067382E-15
1282.  1.061596E-15
1283.  1.056440E-15
1284.  1.051925E-15
1285.  1.048062E-15
1286.  1.044857E-15
1287.  1.042318E-15
1288.  1.040446E-15
1289.  1.039243E-15
1290.  1.038708E-15
1291.  1.038837E-15
1292.  1.039624E-15
1293.  1.041062E-15
1294.  1.043140E-15
1295.  1.045844E-15
1296.  1.049160E-15
1297.  1.053070E-15
1298.  1.057555E-15
1299.  1.062593E-15
1300.  1.068162E-15
1301.  1.074235E-15
1302.  1.080785E-15
1303.  1.087783E-15
1304.  1.095200E-15
1305.  1.103003E-15
1306.  1.111160E-15
1307.  1.119637E-15
1308.  1.128400E-15
1309.  1.137413E-15
1310.  1.146641E-15
1311.  1.156048E-15
1312.  1.165597E-15
1313.  1.175255E-15
1314.  1.184984E-15
1315.  1.194752E-15
1316.  1.204523E-15
1317.  1.214266E-15
1318.  1.223949E-15
1319.  1.233543E-15
1320.  1.243017E-15
1321.  1.252347E-15
1322.  1.261507E-15
1323.  1.270474E-15
1324.  1.279229E-15
1325.  1.287751E-15
1326.  1.296025E-15
1327.  1.304037E-15
1328.  1.311775E-15
1329.  1.319229E-15
1330.  1.326392E-15
1331.  1.333258E-15
1332.  1.339824E-15
1333.  1.346087E-15
1334.  1.352048E-15
1335.  1.357707E-15
1336.  1.363068E-15
1337.  1.368133E-15
1338.  1.372906E-15
1339.  1.377394E-15
1340.  1.381599E-15
1341.  1.385528E-15
1342.  1.389186E-15
1343.  1.392576E-15
1344.  1.395702E-15
1345.  1.398567E-15
1346.  1.401174E-15
1347.  1.403522E-15
1348.  1.405611E-15
1349.  1.407440E-15
1350.  1.409005E-15
1351.  1.410300E-15
1352.  1.411321E-15
1353.  1.412058E-15
1354.  1.412504E-15
1355.  1.412649E-15
1356.  1.412483E-15
1357.  1.411992E-15
1358.  1.411167E-15
1359.  1.409995E-15
1360.  1.408465E-15
1361.  1.406564E-15
1362.  1.404283E-15
1363.  1.401613E-15
1364.  1.398546E-15
1365.  1.395077E-15
1366.  1.391200E-15
1367.  1.386916E-15
1368.  1.382225E-15
1369.  1.377133E-15
1370.  1.371647E-15
1371.  1.365777E-15
1372.  1.359540E-15
1373.  1.352952E-15
1374.  1.346036E-15
1375.  1.338816E-15
1376.  1.331322E-15
1377.  1.323586E-15
1378.  1.315643E-15
1379.  1.307532E-15
1380.  1.299292E-15
1381.  1.290968E-15
1382.  1.282605E-15
1383.  1.274249E-15
1384.  1.265948E-15
1385.  1.257751E-15
1386.  1.249707E-15
1387.  1.241863E-15
1388.  1.234269E-15
1389.  1.226970E-15
1390.  1.220011E-15
1391.  1.213436E-15
1392.  1.207284E-15
1393.  1.201593E-15
1394.  1.196397E-15
1395.  1.191726E-15
1396.  1.187609E-15
1397.  1.184066E-15
1398.  1.181118E-15
1399.  1.178778E-15
1400.  1.177055E-15
1401.  1.175957E-15
1402.  1.175483E-15
1403.  1.175632E-15
1404.  1.176395E-15
1405.  1.177761E-15
1406.  1.179716E-15
1407.  1.182242E-15
1408.  1.185317E-15
1409.  1.188918E-15
1410.  1.193016E-15
1411.  1.197585E-15
1412.  1.202592E-15
1413.  1.208007E-15
1414.  1.213797E-15
1415.  1.219928E-15
1416.  1.226366E-15
1417.  1.233078E-15
1418.  1.240032E-15
1419.  1.247194E-15
1420.  1.254534E-15
1421.  1.262023E-15
1422.  1.269632E-15
1423.  1.277336E-15
1424.  1.285110E-15
1425.  1.292933E-15
1426.  1.300785E-15
1427.  1.308650E-15
1428.  1.316515E-15
1429.  1.324365E-15
1430.  1.332194E-15
1431.  1.339993E-15
1432.  1.347760E-15
1433.  1.355493E-15
1434.  1.363193E-15
1435.  1.370862E-15
1436.  1.378507E-15
1437.  1.386134E-15
1438.  1.393752E-15
1439.  1.401372E-15
1440.  1.409005E-15
1441.  1.416667E-15
1442.  1.424371E-15
1443.  1.432131E-15
1444.  1.439965E-15
1445.  1.447890E-15
1446.  1.455921E-15
1447.  1.464076E-15
1448.  1.472373E-15
1449.  1.480828E-15
1450.  1.489458E-15
1451.  1.498278E-15
1452.  1.507306E-15
1453.  1.516554E-15
1454.  1.526037E-15
1455.  1.535769E-15
1456.  1.545760E-15
1457.  1.556022E-15
1458.  1.566563E-15
1459.  1.577392E-15
1460.  1.588516E-15
1461.  1.599940E-15
1462.  1.611666E-15
1463.  1.623698E-15
1464.  1.636035E-15
1465.  1.648676E-15
1466.  1.661618E-15
1467.  1.674855E-15
1468.  1.688382E-15
1469.  1.702187E-15
1470.  1.716262E-15
1471.  1.730594E-15
1472.  1.745167E-15
1473.  1.759964E-15
1474.  1.774967E-15
1475.  1.790154E-15
1476.  1.805503E-15
1477.  1.820988E-15
1478.  1.836583E-15
1479.  1.852257E-15
1480.  1.867982E-15
1481.  1.883722E-15
1482.  1.899445E-15
1483.  1.915114E-15
1484.  1.930692E-15
1485.  1.946142E-15
1486.  1.961423E-15
1487.  1.976495E-15
1488.  1.991319E-15
1489.  2.005855E-15
1490.  2.020061E-15
1491.  2.033898E-15
1492.  2.047328E-15
1493.  2.060314E-15
1494.  2.072818E-15
1495.  2.084807E-15
1496.  2.096250E-15
1497.  2.107118E-15
1498.  2.117385E-15
1499.  2.127027E-15
1500.  2.136027E-15
1501.  2.144370E-15
1502.  2.152043E-15
1503.  2.159041E-15
1504.  2.165361E-15
1505.  2.171005E-15
1506.  2.175980E-15
1507.  2.180298E-15
1508.  2.183973E-15
1509.  2.187026E-15
1510.  2.189481E-15
1511.  2.191365E-15
1512.  2.192712E-15
1513.  2.193554E-15
1514.  2.193931E-15
1515.  2.193881E-15
1516.  2.193448E-15
1517.  2.192675E-15
1518.  2.191606E-15
1519.  2.190287E-15
1520.  2.188765E-15
1521.  2.187083E-15
1522.  2.185285E-15
1523.  2.183414E-15
1524.  2.181510E-15
1525.  2.179613E-15
1526.  2.177757E-15
1527.  2.175976E-15
1528.  2.174299E-15
1529.  2.172752E-15
1530.  2.171356E-15
1531.  2.170132E-15
1532.  2.169093E-15
1533.  2.168250E-15
1534.  2.167611E-15
1535.  2.167178E-15
1536.  2.166952E-15
1537.  2.166929E-15
1538.  2.167103E-15
1539.  2.167465E-15
1540.  2.168003E-15
1541.  2.168703E-15
1542.  2.169550E-15
1543.  2.170527E-15
1544.  2.171615E-15
1545.  2.172798E-15
1546.  2.174055E-15
1547.  2.175367E-15
1548.  2.176716E-15
1549.  2.178083E-15
1550.  2.179451E-15
1551.  2.180804E-15
1552.  2.182124E-15
1553.  2.183399E-15
1554.  2.184614E-15
1555.  2.185758E-15
1556.  2.186819E-15
1557.  2.187787E-15
1558.  2.188654E-15
1559.  2.189410E-15
1560.  2.190048E-15
1561.  2.190561E-15
1562.  2.190941E-15
1563.  2.191180E-15
1564.  2.191272E-15
1565.  2.191208E-15
1566.  2.190979E-15
1567.  2.190575E-15
1568.  2.189985E-15
1569.  2.189197E-15
1570.  2.188198E-15
1571.  2.186972E-15
1572.  2.185503E-15
1573.  2.183774E-15
1574.  2.181764E-15
1575.  2.179455E-15
1576.  2.176824E-15
1577.  2.173849E-15
1578.  2.170509E-15
1579.  2.166781E-15
1580.  2.162641E-15
1581.  2.158068E-15
1582.  2.153042E-15
1583.  2.147543E-15
1584.  2.141553E-15
1585.  2.135056E-15
1586.  2.128041E-15
1587.  2.120498E-15
1588.  2.112421E-15
1589.  2.103808E-15
1590.  2.094663E-15
1591.  2.084991E-15
1592.  2.074805E-15
1593.  2.064121E-15
1594.  2.052962E-15
1595.  2.041354E-15
1596.  2.029330E-15
1597.  2.016927E-15
1598.  2.004187E-15
1599.  1.991157E-15
1600.  1.977888E-15
1601.  1.964435E-15
1602.  1.950857E-15
1603.  1.937216E-15
1604.  1.923574E-15
1605.  1.909998E-15
1606.  1.896555E-15
1607.  1.883313E-15
1608.  1.870337E-15
1609.  1.857696E-15
1610.  1.845454E-15
1611.  1.833672E-15
1612.  1.822411E-15
1613.  1.811725E-15
1614.  1.801666E-15
1615.  1.792279E-15
1616.  1.783606E-15
1617.  1.775680E-15
1618.  1.768529E-15
1619.  1.762175E-15
1620.  1.756630E-15
1621.  1.751902E-15
1622.  1.747988E-15
1623.  1.744881E-15
1624.  1.742564E-15
1625.  1.741013E-15
1626.  1.740197E-15
1627.  1.740078E-15
1628.  1.740611E-15
1629.  1.741747E-15
1630.  1.743429E-15
1631.  1.745595E-15
1632.  1.748180E-15
1633.  1.751115E-15
1634.  1.754328E-15
1635.  1.757743E-15
1636.  1.761286E-15
1637.  1.764879E-15
1638.  1.768446E-15
1639.  1.771911E-15
1640.  1.775201E-15
1641.  1.778243E-15
1642.  1.780970E-15
1643.  1.783316E-15
1644.  1.785221E-15
1645.  1.786630E-15
1646.  1.787492E-15
1647.  1.787762E-15
1648.  1.787403E-15
1649.  1.786380E-15
1650.  1.784670E-15
1651.  1.782252E-15
1652.  1.779114E-15
1653.  1.775248E-15
1654.  1.770655E-15
1655.  1.765339E-15
1656.  1.759313E-15
1657.  1.752592E-15
1658.  1.745197E-15
1659.  1.737153E-15
1660.  1.728491E-15
1661.  1.719240E-15
1662.  1.709437E-15
1663.  1.699118E-15
1664.  1.688320E-15
1665.  1.677081E-15
1666.  1.665441E-15
1667.  1.653435E-15
1668.  1.641103E-15
1669.  1.628477E-15
1670.  1.615591E-15
1671.  1.602475E-15
1672.  1.589156E-15
1673.  1.575659E-15
1674.  1.562004E-15
1675.  1.548207E-15
1676.  1.534283E-15
1677.  1.520241E-15
1678.  1.506086E-15
1679.  1.491821E-15
1680.  1.477444E-15
1681.  1.462951E-15
1682.  1.448336E-15
1683.  1.433587E-15
1684.  1.418694E-15
1685.  1.403642E-15
1686.  1.388416E-15
1687.  1.373000E-15
1688.  1.357378E-15
1689.  1.341534E-15
1690.  1.325453E-15
1691.  1.309118E-15
1692.  1.292518E-15
1693.  1.275641E-15
1694.  1.258477E-15
1695.  1.241020E-15
1696.  1.223267E-15
1697.  1.205217E-15
1698.  1.186872E-15
1699.  1.168239E-15
1700.  1.149328E-15
1701.  1.130152E-15
1702.  1.110728E-15
1703.  1.091076E-15
1704.  1.071221E-15
1705.  1.051189E-15
1706.  1.031012E-15
1707.  1.010721E-15
1708.  9.903530E-16
1709.  9.699448E-16
1710.  9.495364E-16
1711.  9.291689E-16
1712.  9.088841E-16
1713.  8.887256E-16
1714.  8.687364E-16
1715.  8.489596E-16
1716.  8.294387E-16
1717.  8.102155E-16
1718.  7.913313E-16
1719.  7.728261E-16
1720.  7.547375E-16
1721.  7.371017E-16
1722.  7.199525E-16
1723.  7.033214E-16
1724.  6.872371E-16
1725.  6.717256E-16
1726.  6.568099E-16
1727.  6.425101E-16
1728.  6.288434E-16
1729.  6.158237E-16
1730.  6.034620E-16
1731.  5.917656E-16
1732.  5.807400E-16
1733.  5.703868E-16
1734.  5.607048E-16
1735.  5.516905E-16
1736.  5.433372E-16
1737.  5.356359E-16
1738.  5.285752E-16
1739.  5.221411E-16
1740.  5.163179E-16
1741.  5.110873E-16
1742.  5.064295E-16
1743.  5.023226E-16
1744.  4.987430E-16
1745.  4.956660E-16
1746.  4.930650E-16
1747.  4.909121E-16
1748.  4.891783E-16
1749.  4.878334E-16
1750.  4.868463E-16
1751.  4.861851E-16
1752.  4.858168E-16
1753.  4.857079E-16
1754.  4.858243E-16
1755.  4.861315E-16
1756.  4.865945E-16
1757.  4.871786E-16
1758.  4.878483E-16
1759.  4.885687E-16
1760.  4.893053E-16
1761.  4.900235E-16
1762.  4.906898E-16
1763.  4.912709E-16
1764.  4.917352E-16
1765.  4.920517E-16
1766.  4.921908E-16
1767.  4.921247E-16
1768.  4.918274E-16
1769.  4.912741E-16
1770.  4.904432E-16
1771.  4.893146E-16
1772.  4.878712E-16
1773.  4.860980E-16
1774.  4.839831E-16
1775.  4.815175E-16
1776.  4.786951E-16
1777.  4.755126E-16
1778.  4.719703E-16
1779.  4.680708E-16
1780.  4.638207E-16
1781.  4.592290E-16
1782.  4.543078E-16
1783.  4.490720E-16
1784.  4.435394E-16
1785.  4.377303E-16
1786.  4.316670E-16
1787.  4.253745E-16
1788.  4.188792E-16
1789.  4.122095E-16
1790.  4.053949E-16
1791.  3.984662E-16
1792.  3.914550E-16
1793.  3.843931E-16
1794.  3.773129E-16
1795.  3.702463E-16
1796.  3.632251E-16
1797.  3.562803E-16
1798.  3.494418E-16
1799.  3.427387E-16
1800.  3.361983E-16
1801.  3.298465E-16
1802.  3.237071E-16
1803.  3.178023E-16
1804.  3.121517E-16
1805.  3.067732E-16
1806.  3.016820E-16
1807.  2.968911E-16
1808.  2.924114E-16
1809.  2.882512E-16
1810.  2.844165E-16
1811.  2.809112E-16
1812.  2.777369E-16
1813.  2.748932E-16
1814.  2.723780E-16
1815.  2.701873E-16
1816.  2.683153E-16
1817.  2.667548E-16
1818.  2.654977E-16
1819.  2.645342E-16
1820.  2.638539E-16
1821.  2.634457E-16
1822.  2.632977E-16
1823.  2.633975E-16
1824.  2.637328E-16
1825.  2.642908E-16
1826.  2.650588E-16
1827.  2.660244E-16
1828.  2.671752E-16
1829.  2.684992E-16
1830.  2.699848E-16
1831.  2.716209E-16
1832.  2.733968E-16
1833.  2.753026E-16
1834.  2.773288E-16
1835.  2.794662E-16
1836.  2.817068E-16
1837.  2.840425E-16
1838.  2.864662E-16
1839.  2.889710E-16
1840.  2.915505E-16
1841.  2.941987E-16
1842.  2.969101E-16
1843.  2.996793E-16
1844.  3.025011E-16
1845.  3.053704E-16
1846.  3.082827E-16
1847.  3.112329E-16
1848.  3.142163E-16
1849.  3.172283E-16
1850.  3.202637E-16
1851.  3.233178E-16
1852.  3.263853E-16
1853.  3.294609E-16
1854.  3.325393E-16
1855.  3.356149E-16
1856.  3.386819E-16
1857.  3.417343E-16
1858.  3.447663E-16
1859.  3.477713E-16
1860.  3.507436E-16
1861.  3.536765E-16
1862.  3.565637E-16
1863.  3.593991E-16
1864.  3.621764E-16
1865.  3.648894E-16
1866.  3.675320E-16
1867.  3.700987E-16
1868.  3.725840E-16
1869.  3.749825E-16
1870.  3.772895E-16
1871.  3.795004E-16
1872.  3.816111E-16
1873.  3.836182E-16
1874.  3.855183E-16
1875.  3.873089E-16
1876.  3.889879E-16
1877.  3.905537E-16
1878.  3.920053E-16
1879.  3.933422E-16
1880.  3.945647E-16
1881.  3.956734E-16
1882.  3.966698E-16
1883.  3.975553E-16
1884.  3.983326E-16
1885.  3.990046E-16
1886.  3.995746E-16
1887.  4.000466E-16
1888.  4.004250E-16
1889.  4.007148E-16
1890.  4.009213E-16
1891.  4.010501E-16
1892.  4.011074E-16
1893.  4.010998E-16
1894.  4.010340E-16
1895.  4.009174E-16
1896.  4.007574E-16
1897.  4.005616E-16
1898.  4.003381E-16
1899.  4.000955E-16
1900.  3.998418E-16
1901.  3.995862E-16
1902.  3.993372E-16
1903.  3.991040E-16
1904.  3.988956E-16
1905.  3.987216E-16
1906.  3.985910E-16
1907.  3.985135E-16
1908.  3.984989E-16
1909.  3.985562E-16
1910.  3.986954E-16
1911.  3.989259E-16
1912.  3.992573E-16
1913.  3.996989E-16
1914.  4.002603E-16
1915.  4.009505E-16
1916.  4.017788E-16
1917.  4.027541E-16
1918.  4.038852E-16
1919.  4.051805E-16
1920.  4.066484E-16
1921.  4.082966E-16
1922.  4.101331E-16
1923.  4.121649E-16
1924.  4.143992E-16
1925.  4.168424E-16
1926.  4.195008E-16
1927.  4.223800E-16
1928.  4.254853E-16
1929.  4.288217E-16
1930.  4.323935E-16
1931.  4.362047E-16
1932.  4.402585E-16
1933.  4.445580E-16
1934.  4.491063E-16
1935.  4.539047E-16
1936.  4.589553E-16
1937.  4.642596E-16
1938.  4.698183E-16
1939.  4.756321E-16
1940.  4.817015E-16
1941.  4.880265E-16
1942.  4.946072E-16
1943.  5.014431E-16
1944.  5.085343E-16
1945.  5.158803E-16
1946.  5.234809E-16
1947.  5.313362E-16
1948.  5.394462E-16
1949.  5.478109E-16
1950.  5.564312E-16
1951.  5.653080E-16
1952.  5.744427E-16
1953.  5.838372E-16
1954.  5.934941E-16
1955.  6.034160E-16
1956.  6.136068E-16
1957.  6.240704E-16
1958.  6.348117E-16
1959.  6.458364E-16
1960.  6.571503E-16
1961.  6.687601E-16
1962.  6.806730E-16
1963.  6.928965E-16
1964.  7.054386E-16
1965.  7.183076E-16
1966.  7.315122E-16
1967.  7.450607E-16
1968.  7.589614E-16
1969.  7.732225E-16
1970.  7.878513E-16
1971.  8.028553E-16
1972.  8.182398E-16
1973.  8.340100E-16
1974.  8.501691E-16
1975.  8.667191E-16
1976.  8.836598E-16
1977.  9.009887E-16
1978.  9.187015E-16
1979.  9.367904E-16
1980.  9.552452E-16
1981.  9.740525E-16
1982.  9.931955E-16
1983.  1.012654E-15
1984.  1.032403E-15
1985.  1.052415E-15
1986.  1.072658E-15
1987.  1.093096E-15
1988.  1.113689E-15
1989.  1.134392E-15
1990.  1.155158E-15
1991.  1.175934E-15
1992.  1.196663E-15
1993.  1.217288E-15
1994.  1.237745E-15
1995.  1.257969E-15
1996.  1.277890E-15
1997.  1.297441E-15
1998.  1.316546E-15
1999.  1.335135E-15
2000.  1.353132E-15
2001.  1.370464E-15
2002.  1.387056E-15
2003.  1.402837E-15
2004.  1.417735E-15
2005.  1.431681E-15
2006.  1.444610E-15
2007.  1.456459E-15
2008.  1.467171E-15
2009.  1.476692E-15
2010.  1.484973E-15
2011.  1.491972E-15
2012.  1.497654E-15
2013.  1.501987E-15
2014.  1.504949E-15
2015.  1.506525E-15
2016.  1.506705E-15
2017.  1.505489E-15
2018.  1.502883E-15
2019.  1.498902E-15
2020.  1.493567E-15
2021.  1.486908E-15
2022.  1.478960E-15
2023.  1.469765E-15
2024.  1.459375E-15
2025.  1.447843E-15
2026.  1.435231E-15
2027.  1.421606E-15
2028.  1.407038E-15
2029.  1.391602E-15
2030.  1.375375E-15
2031.  1.358440E-15
2032.  1.340880E-15
2033.  1.322779E-15
2034.  1.304223E-15
2035.  1.285298E-15
2036.  1.266091E-15
2037.  1.246688E-15
2038.  1.227171E-15
2039.  1.207624E-15
2040.  1.188126E-15
2041.  1.168756E-15
2042.  1.149588E-15
2043.  1.130693E-15
2044.  1.112140E-15
2045.  1.093993E-15
2046.  1.076312E-15
2047.  1.059153E-15
2048.  1.042569E-15
2049.  1.026609E-15
2050.  1.011316E-15
2051.  9.967312E-16
2052.  9.828905E-16
2053.  9.698265E-16
2054.  9.575680E-16
2055.  9.461404E-16
2056.  9.355659E-16
2057.  9.258633E-16
2058.  9.170483E-16
2059.  9.091344E-16
2060.  9.021320E-16
2061.  8.960497E-16
2062.  8.908932E-16
2063.  8.866668E-16
2064.  8.833731E-16
2065.  8.810126E-16
2066.  8.795843E-16
2067.  8.790864E-16
2068.  8.795156E-16
2069.  8.808667E-16
2070.  8.831346E-16
2071.  8.863121E-16
2072.  8.903914E-16
2073.  8.953637E-16
2074.  9.012191E-16
2075.  9.079465E-16
2076.  9.155338E-16
2077.  9.239676E-16
2078.  9.332329E-16
2079.  9.433141E-16
2080.  9.541936E-16
2081.  9.658522E-16
2082.  9.782686E-16
2083.  9.914207E-16
2084.  1.005284E-15
2085.  1.019830E-15
2086.  1.035032E-15
2087.  1.050856E-15
2088.  1.067271E-15
2089.  1.084238E-15
2090.  1.101720E-15
2091.  1.119674E-15
2092.  1.138055E-15
2093.  1.156817E-15
2094.  1.175909E-15
2095.  1.195279E-15
2096.  1.214870E-15
2097.  1.234625E-15
2098.  1.254482E-15
2099.  1.274379E-15
2100.  1.294249E-15
2101.  1.314026E-15
2102.  1.333641E-15
2103.  1.353021E-15
2104.  1.372096E-15
2105.  1.390792E-15
2106.  1.409037E-15
2107.  1.426755E-15
2108.  1.443874E-15
2109.  1.460321E-15
2110.  1.476025E-15
2111.  1.490914E-15
2112.  1.504920E-15
2113.  1.517979E-15
2114.  1.530025E-15
2115.  1.541000E-15
2116.  1.550848E-15
2117.  1.559516E-15
2118.  1.566957E-15
2119.  1.573128E-15
2120.  1.577993E-15
2121.  1.581518E-15
2122.  1.583677E-15
2123.  1.584451E-15
2124.  1.583825E-15
2125.  1.581791E-15
2126.  1.578347E-15
2127.  1.573499E-15
2128.  1.567257E-15
2129.  1.559638E-15
2130.  1.550666E-15
2131.  1.540369E-15
2132.  1.528784E-15
2133.  1.515950E-15
2134.  1.501913E-15
2135.  1.486722E-15
2136.  1.470434E-15
2137.  1.453105E-15
2138.  1.434800E-15
2139.  1.415583E-15
2140.  1.395522E-15
2141.  1.374688E-15
2142.  1.353152E-15
2143.  1.330988E-15
2144.  1.308270E-15
2145.  1.285072E-15
2146.  1.261469E-15
2147.  1.237533E-15
2148.  1.213337E-15
2149.  1.188953E-15
2150.  1.164450E-15
2151.  1.139895E-15
2152.  1.115354E-15
2153.  1.090888E-15
2154.  1.066557E-15
2155.  1.042418E-15
2156.  1.018523E-15
2157.  9.949235E-16
2158.  9.716645E-16
2159.  9.487890E-16
2160.  9.263364E-16
2161.  9.043426E-16
2162.  8.828393E-16
2163.  8.618552E-16
2164.  8.414160E-16
2165.  8.215430E-16
2166.  8.022552E-16
2167.  7.835681E-16
2168.  7.654943E-16
2169.  7.480436E-16
2170.  7.312235E-16
2171.  7.150383E-16
2172.  6.994910E-16
2173.  6.845817E-16
2174.  6.703091E-16
2175.  6.566699E-16
2176.  6.436594E-16
2177.  6.312715E-16
2178.  6.194990E-16
2179.  6.083335E-16
2180.  5.977660E-16
2181.  5.877863E-16
2182.  5.783843E-16
2183.  5.695492E-16
2184.  5.612695E-16
2185.  5.535341E-16
2186.  5.463316E-16
2187.  5.396505E-16
2188.  5.334795E-16
2189.  5.278073E-16
2190.  5.226231E-16
2191.  5.179160E-16
2192.  5.136757E-16
2193.  5.098921E-16
2194.  5.065553E-16
2195.  5.036561E-16
2196.  5.011854E-16
2197.  4.991343E-16
2198.  4.974946E-16
2199.  4.962582E-16
2200.  4.954173E-16
2201.  4.949644E-16
2202.  4.948923E-16
2203.  4.951939E-16
2204.  4.958623E-16
2205.  4.968906E-16
2206.  4.982723E-16
2207.  5.000006E-16
2208.  5.020687E-16
2209.  5.044704E-16
2210.  5.071988E-16
2211.  5.102469E-16
2212.  5.136082E-16
2213.  5.172753E-16
2214.  5.212415E-16
2215.  5.254989E-16
2216.  5.300404E-16
2217.  5.348583E-16
2218.  5.399443E-16
2219.  5.452906E-16
2220.  5.508887E-16
2221.  5.567302E-16
2222.  5.628063E-16
2223.  5.691081E-16
2224.  5.756265E-16
2225.  5.823524E-16
2226.  5.892763E-16
2227.  5.963886E-16
2228.  6.036802E-16
2229.  6.111412E-16
2230.  6.187621E-16
2231.  6.265334E-16
2232.  6.344455E-16
2233.  6.424891E-16
2234.  6.506551E-16
2235.  6.589345E-16
2236.  6.673187E-16
2237.  6.757993E-16
2238.  6.843683E-16
2239.  6.930184E-16
2240.  7.017427E-16
2241.  7.105347E-16
2242.  7.193889E-16
2243.  7.283003E-16
2244.  7.372649E-16
2245.  7.462792E-16
2246.  7.553413E-16
2247.  7.644494E-16
2248.  7.736032E-16
2249.  7.828036E-16
2250.  7.920519E-16
2251.  8.013512E-16
2252.  8.107052E-16
2253.  8.201189E-16
2254.  8.295980E-16
2255.  8.391496E-16
2256.  8.487814E-16
2257.  8.585020E-16
2258.  8.683206E-16
2259.  8.782471E-16
2260.  8.882919E-16
2261.  8.984657E-16
2262.  9.087794E-16
2263.  9.192434E-16
2264.  9.298683E-16
2265.  9.406643E-16
2266.  9.516407E-16
2267.  9.628058E-16
2268.  9.741673E-16
2269.  9.857314E-16
2270.  9.975024E-16
2271.  1.009483E-15
2272.  1.021675E-15
2273.  1.034076E-15
2274.  1.046684E-15
2275.  1.059493E-15
2276.  1.072494E-15
2277.  1.085677E-15
2278.  1.099028E-15
2279.  1.112532E-15
2280.  1.126169E-15
2281.  1.139920E-15
2282.  1.153759E-15
2283.  1.167661E-15
2284.  1.181598E-15
2285.  1.195540E-15
2286.  1.209453E-15
2287.  1.223305E-15
2288.  1.237060E-15
2289.  1.250682E-15
2290.  1.264134E-15
2291.  1.277377E-15
2292.  1.290374E-15
2293.  1.303088E-15
2294.  1.315480E-15
2295.  1.327513E-15
2296.  1.339153E-15
2297.  1.350364E-15
2298.  1.361113E-15
2299.  1.371370E-15
2300.  1.381105E-15
2301.  1.390291E-15
2302.  1.398903E-15
2303.  1.406919E-15
2304.  1.414321E-15
2305.  1.421092E-15
2306.  1.427217E-15
2307.  1.432686E-15
2308.  1.437491E-15
2309.  1.441628E-15
2310.  1.445093E-15
2311.  1.447889E-15
2312.  1.450017E-15
2313.  1.451486E-15
2314.  1.452304E-15
2315.  1.452482E-15
2316.  1.452034E-15
2317.  1.450977E-15
2318.  1.449329E-15
2319.  1.447112E-15
2320.  1.444348E-15
2321.  1.441062E-15
2322.  1.437281E-15
2323.  1.433032E-15
2324.  1.428346E-15
2325.  1.423255E-15
2326.  1.417791E-15
2327.  1.411988E-15
2328.  1.405881E-15
2329.  1.399508E-15
2330.  1.392904E-15
2331.  1.386109E-15
2332.  1.379160E-15
2333.  1.372096E-15
2334.  1.364957E-15
2335.  1.357781E-15
2336.  1.350608E-15
2337.  1.343477E-15
2338.  1.336426E-15
2339.  1.329491E-15
2340.  1.322710E-15
2341.  1.316117E-15
2342.  1.309746E-15
2343.  1.303627E-15
2344.  1.297792E-15
2345.  1.292267E-15
2346.  1.287077E-15
2347.  1.282244E-15
2348.  1.277788E-15
2349.  1.273724E-15
2350.  1.270067E-15
2351.  1.266825E-15
2352.  1.264007E-15
2353.  1.261614E-15
2354.  1.259649E-15
2355.  1.258106E-15
2356.  1.256981E-15
2357.  1.256265E-15
2358.  1.255945E-15
2359.  1.256008E-15
2360.  1.256437E-15
2361.  1.257214E-15
2362.  1.258320E-15
2363.  1.259732E-15
2364.  1.261430E-15
2365.  1.263390E-15
2366.  1.265591E-15
2367.  1.268010E-15
2368.  1.270625E-15
2369.  1.273417E-15
2370.  1.276366E-15
2371.  1.279454E-15
2372.  1.282667E-15
2373.  1.285991E-15
2374.  1.289416E-15
2375.  1.292933E-15
2376.  1.296537E-15
2377.  1.300225E-15
2378.  1.303997E-15
2379.  1.307855E-15
2380.  1.311804E-15
2381.  1.315851E-15
2382.  1.320005E-15
2383.  1.324276E-15
2384.  1.328677E-15
2385.  1.333221E-15
2386.  1.337921E-15
2387.  1.342791E-15
2388.  1.347845E-15
2389.  1.353096E-15
2390.  1.358555E-15
2391.  1.364232E-15
2392.  1.370135E-15
2393.  1.376270E-15
2394.  1.382639E-15
2395.  1.389242E-15
2396.  1.396075E-15
2397.  1.403132E-15
2398.  1.410401E-15
2399.  1.417867E-15
2400.  1.425511E-15
2401.  1.433312E-15
2402.  1.441243E-15
2403.  1.449274E-15
2404.  1.457372E-15
2405.  1.465503E-15
2406.  1.473627E-15
2407.  1.481704E-15
2408.  1.489693E-15
2409.  1.497549E-15
2410.  1.505230E-15
2411.  1.512692E-15
2412.  1.519891E-15
2413.  1.526787E-15
2414.  1.533338E-15
2415.  1.539507E-15
2416.  1.545259E-15
2417.  1.550564E-15
2418.  1.555393E-15
2419.  1.559723E-15
2420.  1.563536E-15
2421.  1.566818E-15
2422.  1.569560E-15
2423.  1.571760E-15
2424.  1.573420E-15
2425.  1.574546E-15
2426.  1.575153E-15
2427.  1.575258E-15
2428.  1.574883E-15
2429.  1.574057E-15
2430.  1.572810E-15
2431.  1.571177E-15
2432.  1.569196E-15
2433.  1.566909E-15
2434.  1.564358E-15
2435.  1.561586E-15
2436.  1.558638E-15
2437.  1.555560E-15
2438.  1.552395E-15
2439.  1.549185E-15
2440.  1.545971E-15
2441.  1.542792E-15
2442.  1.539682E-15
2443.  1.536672E-15
2444.  1.533790E-15
2445.  1.531058E-15
2446.  1.528493E-15
2447.  1.526109E-15
2448.  1.523912E-15
2449.  1.521904E-15
2450.  1.520082E-15
2451.  1.518437E-15
2452.  1.516954E-15
2453.  1.515615E-15
2454.  1.514395E-15
2455.  1.513266E-15
2456.  1.512196E-15
2457.  1.511149E-15
2458.  1.510087E-15
2459.  1.508968E-15
2460.  1.507751E-15
2461.  1.506389E-15
2462.  1.504841E-15
2463.  1.503060E-15
2464.  1.501004E-15
2465.  1.498630E-15
2466.  1.495897E-15
2467.  1.492768E-15
2468.  1.489208E-15
2469.  1.485185E-15
2470.  1.480671E-15
2471.  1.475644E-15
2472.  1.470084E-15
2473.  1.463976E-15
2474.  1.457313E-15
2475.  1.450088E-15
2476.  1.442303E-15
2477.  1.433963E-15
2478.  1.425080E-15
2479.  1.415667E-15
2480.  1.405745E-15
2481.  1.395336E-15
2482.  1.384470E-15
2483.  1.373176E-15
2484.  1.361488E-15
2485.  1.349444E-15
2486.  1.337081E-15
2487.  1.324439E-15
2488.  1.311560E-15
2489.  1.298486E-15
2490.  1.285257E-15
2491.  1.271917E-15
2492.  1.258504E-15
2493.  1.245059E-15
2494.  1.231617E-15
2495.  1.218216E-15
2496.  1.204886E-15
2497.  1.191658E-15
2498.  1.178559E-15
2499.  1.165611E-15
2500.  1.152835E-15
2501.  1.140247E-15
2502.  1.127860E-15
2503.  1.115682E-15
2504.  1.103720E-15
2505.  1.091975E-15
2506.  1.080447E-15
2507.  1.069131E-15
2508.  1.058021E-15
2509.  1.047105E-15
2510.  1.036374E-15
2511.  1.025812E-15
2512.  1.015405E-15
2513.  1.005136E-15
2514.  9.949882E-16
2515.  9.849430E-16
2516.  9.749834E-16
2517.  9.650920E-16
2518.  9.552524E-16
2519.  9.454489E-16
2520.  9.356681E-16
2521.  9.258973E-16
2522.  9.161267E-16
2523.  9.063485E-16
2524.  8.965576E-16
2525.  8.867514E-16
2526.  8.769299E-16
2527.  8.670964E-16
2528.  8.572571E-16
2529.  8.474208E-16
2530.  8.375994E-16
2531.  8.278075E-16
2532.  8.180628E-16
2533.  8.083846E-16
2534.  7.987952E-16
2535.  7.893187E-16
2536.  7.799811E-16
2537.  7.708095E-16
2538.  7.618327E-16
2539.  7.530799E-16
2540.  7.445809E-16
2541.  7.363656E-16
2542.  7.284639E-16
2543.  7.209044E-16
2544.  7.137154E-16
2545.  7.069235E-16
2546.  7.005538E-16
2547.  6.946290E-16
2548.  6.891699E-16
2549.  6.841946E-16
2550.  6.797181E-16
2551.  6.757524E-16
2552.  6.723062E-16
2553.  6.693848E-16
2554.  6.669895E-16
2555.  6.651180E-16
2556.  6.637645E-16
2557.  6.629187E-16
2558.  6.625667E-16
2559.  6.626913E-16
2560.  6.632706E-16
2561.  6.642794E-16
2562.  6.656893E-16
2563.  6.674680E-16
2564.  6.695804E-16
2565.  6.719883E-16
2566.  6.746509E-16
2567.  6.775252E-16
2568.  6.805658E-16
2569.  6.837256E-16
2570.  6.869561E-16
2571.  6.902082E-16
2572.  6.934315E-16
2573.  6.965756E-16
2574.  6.995902E-16
2575.  7.024258E-16
2576.  7.050332E-16
2577.  7.073650E-16
2578.  7.093750E-16
2579.  7.110192E-16
2580.  7.122561E-16
2581.  7.130468E-16
2582.  7.133554E-16
2583.  7.131492E-16
2584.  7.123995E-16
2585.  7.110804E-16
2586.  7.091713E-16
2587.  7.066547E-16
2588.  7.035181E-16
2589.  6.997529E-16
2590.  6.953553E-16
2591.  6.903259E-16
2592.  6.846695E-16
2593.  6.783959E-16
2594.  6.715188E-16
2595.  6.640560E-16
2596.  6.560298E-16
2597.  6.474661E-16
2598.  6.383944E-16
2599.  6.288475E-16
2600.  6.188621E-16
2601.  6.084763E-16
2602.  5.977320E-16
2603.  5.866725E-16
2604.  5.753435E-16
2605.  5.637914E-16
2606.  5.520645E-16
2607.  5.402110E-16
2608.  5.282805E-16
2609.  5.163214E-16
2610.  5.043828E-16
2611.  4.925121E-16
2612.  4.807567E-16
2613.  4.691622E-16
2614.  4.577725E-16
2615.  4.466297E-16
2616.  4.357738E-16
2617.  4.252425E-16
2618.  4.150710E-16
2619.  4.052917E-16
2620.  3.959344E-16
2621.  3.870259E-16
2622.  3.785896E-16
2623.  3.706467E-16
2624.  3.632147E-16
2625.  3.563083E-16
2626.  3.499394E-16
2627.  3.441164E-16
2628.  3.388455E-16
2629.  3.341297E-16
2630.  3.299697E-16
2631.  3.263640E-16
2632.  3.233078E-16
2633.  3.207951E-16
2634.  3.188175E-16
2635.  3.173651E-16
2636.  3.164262E-16
2637.  3.159878E-16
2638.  3.160355E-16
2639.  3.165539E-16
2640.  3.175275E-16
2641.  3.189391E-16
2642.  3.207716E-16
2643.  3.230078E-16
2644.  3.256296E-16
2645.  3.286198E-16
2646.  3.319608E-16
2647.  3.356350E-16
2648.  3.396257E-16
2649.  3.439162E-16
2650.  3.484906E-16
2651.  3.533331E-16
2652.  3.584290E-16
2653.  3.637637E-16
2654.  3.693234E-16
2655.  3.750948E-16
2656.  3.810655E-16
2657.  3.872229E-16
2658.  3.935553E-16
2659.  4.000512E-16
2660.  4.066997E-16
2661.  4.134897E-16
2662.  4.204101E-16
2663.  4.274504E-16
2664.  4.345991E-16
2665.  4.418452E-16
2666.  4.491769E-16
2667.  4.565820E-16
2668.  4.640476E-16
2669.  4.715602E-16
2670.  4.791054E-16
2671.  4.866677E-16
2672.  4.942305E-16
2673.  5.017764E-16
2674.  5.092864E-16
2675.  5.167402E-16
2676.  5.241168E-16
2677.  5.313930E-16
2678.  5.385451E-16
2679.  5.455476E-16
2680.  5.523736E-16
2681.  5.589957E-16
2682.  5.653850E-16
2683.  5.715114E-16
2684.  5.773448E-16
2685.  5.828536E-16
2686.  5.880064E-16
2687.  5.927712E-16
2688.  5.971166E-16
2689.  6.010107E-16
2690.  6.044229E-16
2691.  6.073228E-16
2692.  6.096819E-16
2693.  6.114721E-16
2694.  6.126682E-16
2695.  6.132464E-16
2696.  6.131850E-16
2697.  6.124654E-16
2698.  6.110716E-16
2699.  6.089906E-16
2700.  6.062129E-16
2701.  6.027324E-16
2702.  5.985469E-16
2703.  5.936573E-16
2704.  5.880692E-16
2705.  5.817918E-16
2706.  5.748379E-16
2707.  5.672247E-16
2708.  5.589728E-16
2709.  5.501068E-16
2710.  5.406549E-16
2711.  5.306484E-16
2712.  5.201219E-16
2713.  5.091125E-16
2714.  4.976604E-16
2715.  4.858081E-16
2716.  4.735992E-16
2717.  4.610795E-16
2718.  4.482958E-16
2719.  4.352950E-16
2720.  4.221254E-16
2721.  4.088345E-16
2722.  3.954694E-16
2723.  3.820763E-16
2724.  3.687004E-16
2725.  3.553848E-16
2726.  3.421711E-16
2727.  3.290986E-16
2728.  3.162038E-16
2729.  3.035204E-16
2730.  2.910794E-16
2731.  2.789085E-16
2732.  2.670318E-16
2733.  2.554705E-16
2734.  2.442420E-16
2735.  2.333601E-16
2736.  2.228355E-16
2737.  2.126754E-16
2738.  2.028835E-16
2739.  1.934605E-16
2740.  1.844042E-16
2741.  1.757095E-16
2742.  1.673685E-16
2743.  1.593713E-16
2744.  1.517055E-16
2745.  1.443574E-16
2746.  1.373111E-16
2747.  1.305502E-16
2748.  1.240566E-16
2749.  1.178121E-16
2750.  1.117977E-16
2751.  1.059945E-16
2752.  1.003837E-16
2753.  9.494707E-17
2754.  8.966699E-17
2755.  8.452611E-17
2756.  7.950910E-17
2757.  7.460137E-17
2758.  6.978961E-17
2759.  6.506256E-17
2760.  6.040990E-17
2761.  5.582371E-17
2762.  5.129723E-17
2763.  4.682586E-17
2764.  4.240684E-17
2765.  3.803883E-17
2766.  3.372259E-17
2767.  2.946030E-17
2768.  2.525576E-17
2769.  2.111477E-17
2770.  1.704368E-17
2771.  1.305075E-17
2772.  9.144998E-18
2773.  5.336564E-18
2774.  1.636764E-18
2775.  -1.943043E-18
2776.  -5.390373E-18
2777.  -8.693045E-18
2778.  -1.183770E-17
2779.  -1.481187E-17
2780.  -1.760252E-17
2781.  -2.019697E-17
2782.  -2.258299E-17
2783.  -2.474886E-17
2784.  -2.668311E-17
2785.  -2.837519E-17
2786.  -2.981531E-17
2787.  -3.099460E-17
2788.  -3.190470E-17
2789.  -3.253862E-17
2790.  -3.289042E-17
2791.  -3.295506E-17
2792.  -3.272824E-17
2793.  -3.220753E-17
2794.  -3.139101E-17
2795.  -3.027818E-17
2796.  -2.886953E-17
2797.  -2.716667E-17
2798.  -2.517221E-17
2799.  -2.288997E-17
2800.  -2.032502E-17
2801.  -1.748283E-17
2802.  -1.437039E-17
2803.  -1.099555E-17
2804.  -7.366819E-18
2805.  -3.493854E-18
2806.  6.129732E-19
2807.  4.942428E-18
2808.  9.482622E-18
2809.  1.422079E-17
2810.  1.914354E-17
2811.  2.423689E-17
2812.  2.948624E-17
2813.  3.487643E-17
2814.  4.039166E-17
2815.  4.601588E-17
2816.  5.173240E-17
2817.  5.752423E-17
2818.  6.337410E-17
2819.  6.926431E-17
2820.  7.517707E-17
2821.  8.109429E-17
2822.  8.699783E-17
2823.  9.286953E-17
2824.  9.869126E-17
2825.  1.044445E-16
2826.  1.101115E-16
2827.  1.156744E-16
2828.  1.211154E-16
2829.  1.264174E-16
2830.  1.315634E-16
2831.  1.365371E-16
2832.  1.413226E-16
2833.  1.459047E-16
2834.  1.502685E-16
2835.  1.544006E-16
2836.  1.582878E-16
2837.  1.619178E-16
2838.  1.652797E-16
2839.  1.683632E-16
2840.  1.711589E-16
2841.  1.736589E-16
2842.  1.758564E-16
2843.  1.777453E-16
2844.  1.793212E-16
2845.  1.805809E-16
2846.  1.815220E-16
2847.  1.821438E-16
2848.  1.824467E-16
2849.  1.824324E-16
2850.  1.821036E-16
2851.  1.814647E-16
2852.  1.805208E-16
2853.  1.792784E-16
2854.  1.777452E-16
2855.  1.759297E-16
2856.  1.738419E-16
2857.  1.714923E-16
2858.  1.688925E-16
2859.  1.660552E-16
2860.  1.629934E-16
2861.  1.597211E-16
2862.  1.562530E-16
2863.  1.526040E-16
2864.  1.487898E-16
2865.  1.448264E-16
2866.  1.407300E-16
2867.  1.365170E-16
2868.  1.322039E-16
2869.  1.278073E-16
2870.  1.233440E-16
2871.  1.188301E-16
2872.  1.142818E-16
2873.  1.097152E-16
2874.  1.051455E-16
2875.  1.005880E-16
2876.  9.605710E-17
2877.  9.156695E-17
2878.  8.713077E-17
2879.  8.276129E-17
2880.  7.847030E-17
2881.  7.426911E-17
2882.  7.016809E-17
2883.  6.617650E-17
2884.  6.230307E-17
2885.  5.855557E-17
2886.  5.494068E-17
2887.  5.146448E-17
2888.  4.813192E-17
2889.  4.494695E-17
2890.  4.191277E-17
2891.  3.903161E-17
2892.  3.630499E-17
2893.  3.373331E-17
2894.  3.131638E-17
2895.  2.905285E-17
2896.  2.694105E-17
2897.  2.497862E-17
2898.  2.316177E-17
2899.  2.148695E-17
2900.  1.994939E-17
2901.  1.854417E-17
2902.  1.726577E-17
2903.  1.610792E-17
2904.  1.506435E-17
2905.  1.412810E-17
2906.  1.329225E-17
2907.  1.254934E-17
2908.  1.189177E-17
2909.  1.131199E-17
2910.  1.080204E-17
2911.  1.035407E-17
2912.  9.960274E-18
2913.  9.612907E-18
2914.  9.304285E-18
2915.  9.026524E-18
2916.  8.772510E-18
2917.  8.535084E-18
2918.  8.307099E-18
2919.  8.082056E-18
2920.  7.853689E-18
2921.  7.616127E-18
2922.  7.363706E-18
2923.  7.091487E-18
2924.  6.794808E-18
2925.  6.469481E-18
2926.  6.111904E-18
2927.  5.718852E-18
2928.  5.287687E-18
2929.  4.816519E-18
2930.  4.303753E-18
2931.  3.748313E-18
2932.  3.150110E-18
2933.  2.509101E-18
2934.  1.826034E-18
2935.  1.102162E-18
2936.  3.392913E-19
2937.  -4.603214E-19
2938.  -1.293814E-18
2939.  -2.158137E-18
2940.  -3.049391E-18
2941.  -3.963655E-18
2942.  -4.896458E-18
2943.  -5.843014E-18
2944.  -6.798296E-18
2945.  -7.757114E-18
2946.  -8.713870E-18
2947.  -9.663240E-18
2948.  -1.059925E-17
2949.  -1.151650E-17
2950.  -1.240914E-17
2951.  -1.327148E-17
2952.  -1.409793E-17
2953.  -1.488345E-17
2954.  -1.562267E-17
2955.  -1.631089E-17
2956.  -1.694348E-17
2957.  -1.751619E-17
2958.  -1.802520E-17
2959.  -1.846739E-17
2960.  -1.883939E-17
2961.  -1.913874E-17
2962.  -1.936366E-17
2963.  -1.951260E-17
2964.  -1.958436E-17
2965.  -1.957846E-17
2966.  -1.949511E-17
2967.  -1.933482E-17
2968.  -1.909848E-17
2969.  -1.878760E-17
2970.  -1.840433E-17
2971.  -1.795088E-17
2972.  -1.742999E-17
2973.  -1.684506E-17
2974.  -1.619953E-17
2975.  -1.549721E-17
2976.  -1.474236E-17
2977.  -1.393911E-17
2978.  -1.309208E-17
2979.  -1.220610E-17
2980.  -1.128571E-17
2981.  -1.033616E-17
2982.  -9.361999E-18
2983.  -8.368335E-18
2984.  -7.359849E-18
2985.  -6.341409E-18
2986.  -5.317787E-18
2987.  -4.293352E-18
2988.  -3.272615E-18
2989.  -2.259535E-18
2990.  -1.258154E-18
2991.  -2.722175E-19
2992.  6.947726E-19
2993.  1.639916E-18
2994.  2.559942E-18
2995.  3.452477E-18
2996.  4.315002E-18
2997.  5.145680E-18
2998.  5.942588E-18
2999.  6.704339E-18
3000.  7.429665E-18
3001.  8.117663E-18
3002.  8.767785E-18
3003.  9.379571E-18
3004.  9.952611E-18
3005.  1.048722E-17
3006.  1.098374E-17
3007.  1.144250E-17
3008.  1.186405E-17
3009.  1.224937E-17
3010.  1.259950E-17
3011.  1.291508E-17
3012.  1.319769E-17
3013.  1.344848E-17
3014.  1.366897E-17
3015.  1.386045E-17
3016.  1.402432E-17
3017.  1.416231E-17
3018.  1.427580E-17
3019.  1.436631E-17
3020.  1.443547E-17
3021.  1.448490E-17
3022.  1.451581E-17
3023.  1.452989E-17
3024.  1.452854E-17
3025.  1.451341E-17
3026.  1.448539E-17
3027.  1.444615E-17
3028.  1.439668E-17
3029.  1.433828E-17
3030.  1.427226E-17
3031.  1.419955E-17
3032.  1.412109E-17
3033.  1.403794E-17
3034.  1.395098E-17
3035.  1.386123E-17
3036.  1.376935E-17
3037.  1.367628E-17
3038.  1.358269E-17
3039.  1.348918E-17
3040.  1.339666E-17
3041.  1.330571E-17
3042.  1.321710E-17
3043.  1.313131E-17
3044.  1.304912E-17
3045.  1.297116E-17
3046.  1.289814E-17
3047.  1.283052E-17
3048.  1.276931E-17
3049.  1.271524E-17
3050.  1.266867E-17
3051.  1.263082E-17
3052.  1.260218E-17
3053.  1.258394E-17
3054.  1.257682E-17
3055.  1.258170E-17
3056.  1.259960E-17
3057.  1.263157E-17
3058.  1.267867E-17
3059.  1.274188E-17
3060.  1.282238E-17
3061.  1.292127E-17
3062.  1.303972E-17
3063.  1.317890E-17
3064.  1.333978E-17
3065.  1.352375E-17
3066.  1.373179E-17
3067.  1.396483E-17
3068.  1.422404E-17
3069.  1.451029E-17
3070.  1.482459E-17
3071.  1.516760E-17
3072.  1.553990E-17
3073.  1.594218E-17
3074.  1.637468E-17
3075.  1.683755E-17
3076.  1.733099E-17
3077.  1.785468E-17
3078.  1.840838E-17
3079.  1.899141E-17
3080.  1.960308E-17
3081.  2.024216E-17
3082.  2.090729E-17
3083.  2.159705E-17
3084.  2.230942E-17
3085.  2.304268E-17
3086.  2.379419E-17
3087.  2.456149E-17
3088.  2.534178E-17
3089.  2.613219E-17
3090.  2.692931E-17
3091.  2.772999E-17
3092.  2.853073E-17
3093.  2.932778E-17
3094.  3.011777E-17
3095.  3.089674E-17
3096.  3.166111E-17
3097.  3.240716E-17
3098.  3.313153E-17
3099.  3.383069E-17
3100.  3.450154E-17
3101.  3.514101E-17
3102.  3.574640E-17
3103.  3.631548E-17
3104.  3.684633E-17
3105.  3.733728E-17
3106.  3.778748E-17
3107.  3.819626E-17
3108.  3.856373E-17
3109.  3.889044E-17
3110.  3.917767E-17
3111.  3.942717E-17
3112.  3.964150E-17
3113.  3.982389E-17
3114.  3.997790E-17
3115.  4.010807E-17
3116.  4.021947E-17
3117.  4.031778E-17
3118.  4.040941E-17
3119.  4.050084E-17
3120.  4.059968E-17
3121.  4.071350E-17
3122.  4.085048E-17
3123.  4.101912E-17
3124.  4.122821E-17
3125.  4.148661E-17
3126.  4.180322E-17
3127.  4.218716E-17
3128.  4.264729E-17
3129.  4.319244E-17
3130.  4.383110E-17
3131.  4.457108E-17
3132.  4.542025E-17
3133.  4.638565E-17
3134.  4.747356E-17
3135.  4.868965E-17
3136.  5.003850E-17
3137.  5.152433E-17
3138.  5.314966E-17
3139.  5.491609E-17
3140.  5.682442E-17
3141.  5.887386E-17
3142.  6.106256E-17
3143.  6.338736E-17
3144.  6.584364E-17
3145.  6.842562E-17
3146.  7.112604E-17
3147.  7.393645E-17
3148.  7.684706E-17
3149.  7.984690E-17
3150.  8.292363E-17
3151.  8.606388E-17
3152.  8.925354E-17
3153.  9.247719E-17
3154.  9.571848E-17
3155.  9.896089E-17
3156.  1.021867E-16
3157.  1.053781E-16
3158.  1.085171E-16
3159.  1.115852E-16
3160.  1.145642E-16
3161.  1.174361E-16
3162.  1.201830E-16
3163.  1.227878E-16
3164.  1.252341E-16
3165.  1.275059E-16
3166.  1.295888E-16
3167.  1.314691E-16
3168.  1.331344E-16
3169.  1.345741E-16
3170.  1.357787E-16
3171.  1.367400E-16
3172.  1.374523E-16
3173.  1.379111E-16
3174.  1.381136E-16
3175.  1.380590E-16
3176.  1.377481E-16
3177.  1.371838E-16
3178.  1.363704E-16
3179.  1.353138E-16
3180.  1.340221E-16
3181.  1.325045E-16
3182.  1.307716E-16
3183.  1.288354E-16
3184.  1.267088E-16
3185.  1.244066E-16
3186.  1.219433E-16
3187.  1.193351E-16
3188.  1.165985E-16
3189.  1.137502E-16
3190.  1.108074E-16
3191.  1.077873E-16
3192.  1.047072E-16
3193.  1.015841E-16
3194.  9.843454E-17
3195.  9.527480E-17
3196.  9.212071E-17
3197.  8.898686E-17
3198.  8.588772E-17
3199.  8.283643E-17
3200.  7.984535E-17
3201.  7.692587E-17
3202.  7.408821E-17
3203.  7.134164E-17
3204.  6.869433E-17
3205.  6.615327E-17
3206.  6.372464E-17
3207.  6.141326E-17
3208.  5.922305E-17
3209.  5.715702E-17
3210.  5.521714E-17
3211.  5.340464E-17
3212.  5.171977E-17
3213.  5.016203E-17
3214.  4.873055E-17
3215.  4.742331E-17
3216.  4.623827E-17
3217.  4.517270E-17
3218.  4.422335E-17
3219.  4.338674E-17
3220.  4.265917E-17
3221.  4.203663E-17
3222.  4.151496E-17
3223.  4.108984E-17
3224.  4.075704E-17
3225.  4.051203E-17
3226.  4.035047E-17
3227.  4.026817E-17
3228.  4.026063E-17
3229.  4.032382E-17
3230.  4.045351E-17
3231.  4.064562E-17
3232.  4.089637E-17
3233.  4.120179E-17
3234.  4.155844E-17
3235.  4.196242E-17
3236.  4.241056E-17
3237.  4.289947E-17
3238.  4.342610E-17
3239.  4.398685E-17
3240.  4.457931E-17
3241.  4.520031E-17
3242.  4.584722E-17
3243.  4.651757E-17
3244.  4.720878E-17
3245.  4.791854E-17
3246.  4.864493E-17
3247.  4.938566E-17
3248.  5.013936E-17
3249.  5.090438E-17
3250.  5.167941E-17
3251.  5.246343E-17
3252.  5.325610E-17
3253.  5.405673E-17
3254.  5.486550E-17
3255.  5.568294E-17
3256.  5.650976E-17
3257.  5.734735E-17
3258.  5.819754E-17
3259.  5.906264E-17
3260.  5.994539E-17
3261.  6.084930E-17
3262.  6.177836E-17
3263.  6.273681E-17
3264.  6.372989E-17
3265.  6.476345E-17
3266.  6.584350E-17
3267.  6.697665E-17
3268.  6.817024E-17
3269.  6.943222E-17
3270.  7.077054E-17
3271.  7.219393E-17
3272.  7.371121E-17
3273.  7.533164E-17
3274.  7.706468E-17
3275.  7.891978E-17
3276.  8.090673E-17
3277.  8.303518E-17
3278.  8.531442E-17
3279.  8.775392E-17
3280.  9.036268E-17
3281.  9.314929E-17
3282.  9.612166E-17
3283.  9.928742E-17
3284.  1.026533E-16
3285.  1.062252E-16
3286.  1.100081E-16
3287.  1.140059E-16
3288.  1.182216E-16
3289.  1.226567E-16
3290.  1.273116E-16
3291.  1.321852E-16
3292.  1.372751E-16
3293.  1.425774E-16
3294.  1.480864E-16
3295.  1.537949E-16
3296.  1.596942E-16
3297.  1.657739E-16
3298.  1.720218E-16
3299.  1.784242E-16
3300.  1.849658E-16
3301.  1.916296E-16
3302.  1.983972E-16
3303.  2.052485E-16
3304.  2.121624E-16
3305.  2.191162E-16
3306.  2.260861E-16
3307.  2.330473E-16
3308.  2.399741E-16
3309.  2.468403E-16
3310.  2.536188E-16
3311.  2.602821E-16
3312.  2.668028E-16
3313.  2.731532E-16
3314.  2.793059E-16
3315.  2.852342E-16
3316.  2.909116E-16
3317.  2.963125E-16
3318.  3.014125E-16
3319.  3.061881E-16
3320.  3.106179E-16
3321.  3.146815E-16
3322.  3.183604E-16
3323.  3.216382E-16
3324.  3.245004E-16
3325.  3.269351E-16
3326.  3.289325E-16
3327.  3.304851E-16
3328.  3.315882E-16
3329.  3.322395E-16
3330.  3.324394E-16
3331.  3.321907E-16
3332.  3.314991E-16
3333.  3.303726E-16
3334.  3.288219E-16
3335.  3.268600E-16
3336.  3.245021E-16
3337.  3.217660E-16
3338.  3.186714E-16
3339.  3.152398E-16
3340.  3.114948E-16
3341.  3.074616E-16
3342.  3.031666E-16
3343.  2.986379E-16
3344.  2.939047E-16
3345.  2.889971E-16
3346.  2.839457E-16
3347.  2.787825E-16
3348.  2.735392E-16
3349.  2.682483E-16
3350.  2.629424E-16
3351.  2.576538E-16
3352.  2.524151E-16
3353.  2.472585E-16
3354.  2.422159E-16
3355.  2.373185E-16
3356.  2.325972E-16
3357.  2.280824E-16
3358.  2.238033E-16
3359.  2.197886E-16
3360.  2.160661E-16
3361.  2.126624E-16
3362.  2.096036E-16
3363.  2.069143E-16
3364.  2.046179E-16
3365.  2.027369E-16
3366.  2.012926E-16
3367.  2.003044E-16
3368.  1.997910E-16
3369.  1.997692E-16
3370.  2.002545E-16
3371.  2.012607E-16
3372.  2.027999E-16
3373.  2.048825E-16
3374.  2.075170E-16
3375.  2.107099E-16
3376.  2.144658E-16
3377.  2.187871E-16
3378.  2.236739E-16
3379.  2.291242E-16
3380.  2.351334E-16
3381.  2.416949E-16
3382.  2.487987E-16
3383.  2.564331E-16
3384.  2.645831E-16
3385.  2.732316E-16
3386.  2.823582E-16
3387.  2.919402E-16
3388.  3.019521E-16
3389.  3.123658E-16
3390.  3.231503E-16
3391.  3.342724E-16
3392.  3.456961E-16
3393.  3.573834E-16
3394.  3.692940E-16
3395.  3.813855E-16
3396.  3.936137E-16
3397.  4.059328E-16
3398.  4.182958E-16
3399.  4.306543E-16
3400.  4.429591E-16
3401.  4.551606E-16
3402.  4.672086E-16
3403.  4.790536E-16
3404.  4.906458E-16
3405.  5.019365E-16
3406.  5.128779E-16
3407.  5.234237E-16
3408.  5.335292E-16
3409.  5.431521E-16
3410.  5.522518E-16
3411.  5.607911E-16
3412.  5.687350E-16
3413.  5.760523E-16
3414.  5.827152E-16
3415.  5.886986E-16
3416.  5.939829E-16
3417.  5.985509E-16
3418.  6.023905E-16
3419.  6.054930E-16
3420.  6.078547E-16
3421.  6.094755E-16
3422.  6.103600E-16
3423.  6.105164E-16
3424.  6.099576E-16
3425.  6.086997E-16
3426.  6.067633E-16
3427.  6.041720E-16
3428.  6.009530E-16
3429.  5.971369E-16
3430.  5.927567E-16
3431.  5.878482E-16
3432.  5.824495E-16
3433.  5.766009E-16
3434.  5.703438E-16
3435.  5.637215E-16
3436.  5.567782E-16
3437.  5.495584E-16
3438.  5.421075E-16
3439.  5.344708E-16
3440.  5.266930E-16
3441.  5.188189E-16
3442.  5.108917E-16
3443.  5.029542E-16
3444.  4.950474E-16
3445.  4.872105E-16
3446.  4.794817E-16
3447.  4.718963E-16
3448.  4.644876E-16
3449.  4.572872E-16
3450.  4.503232E-16
3451.  4.436214E-16
3452.  4.372055E-16
3453.  4.310955E-16
3454.  4.253090E-16
3455.  4.198606E-16
3456.  4.147619E-16
3457.  4.100216E-16
3458.  4.056455E-16
3459.  4.016362E-16
3460.  3.979939E-16
3461.  3.947156E-16
3462.  3.917959E-16
3463.  3.892266E-16
3464.  3.869969E-16
3465.  3.850936E-16
3466.  3.835016E-16
3467.  3.822032E-16
3468.  3.811791E-16
3469.  3.804079E-16
3470.  3.798670E-16
3471.  3.795319E-16
3472.  3.793772E-16
3473.  3.793768E-16
3474.  3.795029E-16
3475.  3.797281E-16
3476.  3.800240E-16
3477.  3.803625E-16
3478.  3.807154E-16
3479.  3.810547E-16
3480.  3.813528E-16
3481.  3.815834E-16
3482.  3.817205E-16
3483.  3.817397E-16
3484.  3.816176E-16
3485.  3.813324E-16
3486.  3.808637E-16
3487.  3.801932E-16
3488.  3.793041E-16
3489.  3.781819E-16
3490.  3.768140E-16
3491.  3.751896E-16
3492.  3.733006E-16
3493.  3.711407E-16
3494.  3.687060E-16
3495.  3.659944E-16
3496.  3.630062E-16
3497.  3.597436E-16
3498.  3.562108E-16
3499.  3.524140E-16
3500.  3.483608E-16
3501.  3.440610E-16
3502.  3.395254E-16
3503.  3.347663E-16
3504.  3.297973E-16
3505.  3.246334E-16
3506.  3.192897E-16
3507.  3.137824E-16
3508.  3.081286E-16
3509.  3.023457E-16
3510.  2.964507E-16
3511.  2.904616E-16
3512.  2.843957E-16
3513.  2.782705E-16
3514.  2.721030E-16
3515.  2.659098E-16
3516.  2.597070E-16
3517.  2.535101E-16
3518.  2.473339E-16
3519.  2.411923E-16
3520.  2.350985E-16
3521.  2.290650E-16
3522.  2.231033E-16
3523.  2.172234E-16
3524.  2.114356E-16
3525.  2.057487E-16
3526.  2.001704E-16
3527.  1.947082E-16
3528.  1.893682E-16
3529.  1.841563E-16
3530.  1.790776E-16
3531.  1.741364E-16
3532.  1.693370E-16
3533.  1.646827E-16
3534.  1.601765E-16
3535.  1.558214E-16
3536.  1.516201E-16
3537.  1.475749E-16
3538.  1.436881E-16
3539.  1.399620E-16
3540.  1.363987E-16
3541.  1.330007E-16
3542.  1.297703E-16
3543.  1.267096E-16
3544.  1.238217E-16
3545.  1.211087E-16
3546.  1.185735E-16
3547.  1.162190E-16
3548.  1.140480E-16
3549.  1.120635E-16
3550.  1.102685E-16
3551.  1.086658E-16
3552.  1.072580E-16
3553.  1.060481E-16
3554.  1.050384E-16
3555.  1.042310E-16
3556.  1.036280E-16
3557.  1.032304E-16
3558.  1.030395E-16
3559.  1.030556E-16
3560.  1.032788E-16
3561.  1.037078E-16
3562.  1.043413E-16
3563.  1.051772E-16
3564.  1.062121E-16
3565.  1.074423E-16
3566.  1.088630E-16
3567.  1.104685E-16
3568.  1.122521E-16
3569.  1.142066E-16
3570.  1.163234E-16
3571.  1.185935E-16
3572.  1.210067E-16
3573.  1.235523E-16
3574.  1.262182E-16
3575.  1.289924E-16
3576.  1.318612E-16
3577.  1.348114E-16
3578.  1.378282E-16
3579.  1.408968E-16
3580.  1.440017E-16
3581.  1.471275E-16
3582.  1.502578E-16
3583.  1.533766E-16
3584.  1.564675E-16
3585.  1.595138E-16
3586.  1.624990E-16
3587.  1.654070E-16
3588.  1.682214E-16
3589.  1.709264E-16
3590.  1.735064E-16
3591.  1.759462E-16
3592.  1.782312E-16
3593.  1.803472E-16
3594.  1.822806E-16
3595.  1.840191E-16
3596.  1.855507E-16
3597.  1.868641E-16
3598.  1.879491E-16
3599.  1.887968E-16
3600.  1.893989E-16
3601.  1.897488E-16
3602.  1.898400E-16
3603.  1.896682E-16
3604.  1.892297E-16
3605.  1.885226E-16
3606.  1.875457E-16
3607.  1.862996E-16
3608.  1.847859E-16
3609.  1.830074E-16
3610.  1.809686E-16
3611.  1.786751E-16
3612.  1.761337E-16
3613.  1.733525E-16
3614.  1.703407E-16
3615.  1.671090E-16
3616.  1.636685E-16
3617.  1.600319E-16
3618.  1.562127E-16
3619.  1.522249E-16
3620.  1.480834E-16
3621.  1.438041E-16
3622.  1.394030E-16
3623.  1.348966E-16
3624.  1.303019E-16
3625.  1.256359E-16
3626.  1.209154E-16
3627.  1.161576E-16
3628.  1.113795E-16
3629.  1.065974E-16
3630.  1.018276E-16
3631.  9.708547E-17
3632.  9.238632E-17
3633.  8.774419E-17
3634.  8.317271E-17
3635.  7.868434E-17
3636.  7.429091E-17
3637.  7.000317E-17
3638.  6.583062E-17
3639.  6.178197E-17
3640.  5.786465E-17
3641.  5.408516E-17
3642.  5.044863E-17
3643.  4.695961E-17
3644.  4.362103E-17
3645.  4.043517E-17
3646.  3.740286E-17
3647.  3.452468E-17
3648.  3.179957E-17
3649.  2.922617E-17
3650.  2.680221E-17
3651.  2.452426E-17
3652.  2.238893E-17
3653.  2.039187E-17
3654.  1.852838E-17
3655.  1.679326E-17
3656.  1.518089E-17
3657.  1.368555E-17
3658.  1.230104E-17
3659.  1.102130E-17
3660.  9.839964E-18
3661.  8.750587E-18
3662.  7.747083E-18
3663.  6.822678E-18
3664.  5.971765E-18
3665.  5.188161E-18
3666.  4.465754E-18
3667.  3.799131E-18
3668.  3.182601E-18
3669.  2.611293E-18
3670.  2.080037E-18
3671.  1.584236E-18
3672.  1.119613E-18
3673.  6.819898E-19
3674.  2.676369E-19
3675.  -1.269486E-19
3676.  -5.049823E-19
3677.  -8.690363E-19
3678.  -1.221866E-18
3679.  -1.565764E-18
3680.  -1.902635E-18
3681.  -2.233899E-18
3682.  -2.561064E-18
3683.  -2.885260E-18
3684.  -3.206917E-18
3685.  -3.526790E-18
3686.  -3.844827E-18
3687.  -4.160915E-18
3688.  -4.474516E-18
3689.  -4.785062E-18
3690.  -5.091257E-18
3691.  -5.391993E-18
3692.  -5.685462E-18
3693.  -5.969740E-18
3694.  -6.242653E-18
3695.  -6.501821E-18
3696.  -6.744530E-18
3697.  -6.967513E-18
3698.  -7.167785E-18
3699.  -7.341819E-18
3700.  -7.485620E-18
3701.  -7.595507E-18
3702.  -7.667557E-18
3703.  -7.697582E-18
3704.  -7.681145E-18
3705.  -7.613974E-18
3706.  -7.491771E-18
3707.  -7.310172E-18
3708.  -7.064826E-18
3709.  -6.751649E-18
3710.  -6.366571E-18
3711.  -5.905673E-18
3712.  -5.365861E-18
3713.  -4.743567E-18
3714.  -4.036354E-18
3715.  -3.241518E-18
3716.  -2.357338E-18
3717.  -1.382589E-18
3718.  -3.164484E-19
3719.  8.412654E-19
3720.  2.089890E-18
3721.  3.428110E-18
3722.  4.854059E-18
3723.  6.364917E-18
3724.  7.957192E-18
3725.  9.626470E-18
3726.  1.136796E-17
3727.  1.317564E-17
3728.  1.504319E-17
3729.  1.696353E-17
3730.  1.892854E-17
3731.  2.093004E-17
3732.  2.295885E-17
3733.  2.500583E-17
3734.  2.706095E-17
3735.  2.911412E-17
3736.  3.115499E-17
3737.  3.317297E-17
3738.  3.515767E-17
3739.  3.709847E-17
3740.  3.898516E-17
3741.  4.080736E-17
3742.  4.255572E-17
3743.  4.422051E-17
3744.  4.579312E-17
3745.  4.726532E-17
3746.  4.862966E-17
3747.  4.987926E-17
3748.  5.100813E-17
3749.  5.201121E-17
3750.  5.288441E-17
3751.  5.362424E-17
3752.  5.422866E-17
3753.  5.469613E-17
3754.  5.502635E-17
3755.  5.521979E-17
3756.  5.527809E-17
3757.  5.520369E-17
3758.  5.499987E-17
3759.  5.467049E-17
3760.  5.422067E-17
3761.  5.365594E-17
3762.  5.298241E-17
3763.  5.220666E-17
3764.  5.133619E-17
3765.  5.037847E-17
3766.  4.934127E-17
3767.  4.823293E-17
3768.  4.706165E-17
3769.  4.583585E-17
3770.  4.456379E-17
3771.  4.325382E-17
3772.  4.191390E-17
3773.  4.055209E-17
3774.  3.917592E-17
3775.  3.779276E-17
3776.  3.640931E-17
3777.  3.503218E-17
3778.  3.366757E-17
3779.  3.232055E-17
3780.  3.099645E-17
3781.  2.969975E-17
3782.  2.843442E-17
3783.  2.720387E-17
3784.  2.601088E-17
3785.  2.485806E-17
3786.  2.374718E-17
3787.  2.267955E-17
3788.  2.165621E-17
3789.  2.067752E-17
3790.  1.974364E-17
3791.  1.885414E-17
3792.  1.800840E-17
3793.  1.720562E-17
3794.  1.644421E-17
3795.  1.572298E-17
3796.  1.503995E-17
3797.  1.439347E-17
3798.  1.378152E-17
3799.  1.320192E-17
3800.  1.265257E-17
3801.  1.213114E-17
3802.  1.163568E-17
3803.  1.116386E-17
3804.  1.071366E-17
3805.  1.028304E-17
3806.  9.870123E-18
3807.  9.473029E-18
3808.  9.090113E-18
3809.  8.719872E-18
3810.  8.360953E-18
3811.  8.012142E-18
3812.  7.672405E-18
3813.  7.340950E-18
3814.  7.016984E-18
3815.  6.699936E-18
3816.  6.389789E-18
3817.  6.085976E-18
3818.  5.788499E-18
3819.  5.497449E-18
3820.  5.213015E-18
3821.  4.935551E-18
3822.  4.665314E-18
3823.  4.402746E-18
3824.  4.148113E-18
3825.  3.902274E-18
3826.  3.665443E-18
3827.  3.438208E-18
3828.  3.221090E-18
3829.  3.014408E-18
3830.  2.818543E-18
3831.  2.633772E-18
3832.  2.460311E-18
3833.  2.298303E-18
3834.  2.147827E-18
3835.  2.008577E-18
3836.  1.880486E-18
3837.  1.763406E-18
3838.  1.656746E-18
3839.  1.560167E-18
3840.  1.472883E-18
3841.  1.394332E-18
3842.  1.323742E-18
3843.  1.260461E-18
3844.  1.203399E-18
3845.  1.151839E-18
3846.  1.104944E-18
3847.  1.061761E-18
3848.  1.021573E-18
3849.  9.832994E-19
3850.  9.463542E-19
3851.  9.100566E-19
3852.  8.737159E-19
3853.  8.368491E-19
3854.  7.989479E-19
3855.  7.597161E-19
3856.  7.190247E-19
3857.  6.766390E-19
3858.  6.325979E-19
3859.  5.870801E-19
3860.  5.402072E-19
3861.  4.923797E-19
3862.  4.439867E-19
3863.  3.954960E-19
3864.  3.474427E-19
3865.  3.003592E-19
3866.  2.550808E-19
3867.  2.121076E-19
3868.  1.720896E-19
3869.  1.358684E-19
3870.  1.039581E-19
3871.  7.687430E-20
3872.  5.525921E-20
3873.  3.948280E-20
3874.  3.004120E-20
3875.  2.724379E-20
3876.  3.115279E-20
3877.  4.190176E-20
3878.  5.966664E-20
3879.  8.406028E-20
3880.  1.150713E-19
3881.  1.522940E-19
3882.  1.951900E-19
3883.  2.434207E-19
3884.  2.962902E-19
3885.  3.531551E-19
3886.  4.133769E-19
3887.  4.759523E-19
3888.  5.402689E-19
3889.  6.054406E-19
3890.  6.705842E-19
3891.  7.349404E-19
3892.  7.976082E-19
3893.  8.580146E-19
3894.  9.153334E-19
3895.  9.690098E-19
3896.  1.018417E-18
3897.  1.063066E-18
3898.  1.102688E-18
3899.  1.137010E-18
3900.  1.165758E-18
3901.  1.189189E-18
3902.  1.206932E-18
3903.  1.219605E-18
3904.  1.227118E-18
3905.  1.230024E-18
3906.  1.228958E-18
3907.  1.224259E-18
3908.  1.216545E-18
3909.  1.206726E-18
3910.  1.195350E-18
3911.  1.183361E-18
3912.  1.171543E-18
3913.  1.160695E-18
3914.  1.151722E-18
3915.  1.145302E-18
3916.  1.142399E-18
3917.  1.143626E-18
3918.  1.149787E-18
3919.  1.161264E-18
3920.  1.178773E-18
3921.  1.202892E-18
3922.  1.233743E-18
3923.  1.271743E-18
3924.  1.316785E-18
3925.  1.369207E-18
3926.  1.428867E-18
3927.  1.495397E-18
3928.  1.568677E-18
3929.  1.648134E-18
3930.  1.733360E-18
3931.  1.823677E-18
3932.  1.918159E-18
3933.  2.016381E-18
3934.  2.117057E-18
3935.  2.219367E-18
3936.  2.322050E-18
3937.  2.424126E-18
3938.  2.524463E-18
3939.  2.621678E-18
3940.  2.714388E-18
3941.  2.801594E-18
3942.  2.881714E-18
3943.  2.953556E-18
3944.  3.015859E-18
3945.  3.067128E-18
3946.  3.106265E-18
3947.  3.131911E-18
3948.  3.142930E-18
3949.  3.138144E-18
3950.  3.116451E-18
3951.  3.076872E-18
3952.  3.018385E-18
3953.  2.940098E-18
3954.  2.841200E-18
3955.  2.721130E-18
3956.  2.579119E-18
3957.  2.414775E-18
3958.  2.227444E-18
3959.  2.017016E-18
3960.  1.783126E-18
3961.  1.525701E-18
3962.  1.244597E-18
3963.  9.397897E-19
3964.  6.115036E-19
3965.  2.598907E-19
3966.  -1.149128E-19
3967.  -5.124097E-19
3968.  -9.325227E-19
3969.  -1.374840E-18
3970.  -1.838825E-18
3971.  -2.324251E-18
3972.  -2.830781E-18
3973.  -3.357869E-18
3974.  -3.905312E-18
3975.  -4.472805E-18
3976.  -5.060033E-18
3977.  -5.666985E-18
3978.  -6.293352E-18
3979.  -6.939212E-18
3980.  -7.604725E-18
3981.  -8.289928E-18
3982.  -8.995037E-18
3983.  -9.720634E-18
3984.  -1.046695E-17
3985.  -1.123449E-17
3986.  -1.202393E-17
3987.  -1.283595E-17
3988.  -1.367134E-17
3989.  -1.453069E-17
3990.  -1.541497E-17
3991.  -1.632491E-17
3992.  -1.726123E-17
3993.  -1.822482E-17
3994.  -1.921634E-17
3995.  -2.023616E-17
3996.  -2.128492E-17
3997.  -2.236292E-17
3998.  -2.347051E-17
3999.  -2.460726E-17
4000.  -2.577323E-17
4001.  -2.696787E-17
4002.  -2.819032E-17
4003.  -2.943951E-17
4004.  -3.071428E-17
4005.  -3.201298E-17
4006.  -3.333359E-17
4007.  -3.467368E-17
4008.  -3.603072E-17
4009.  -3.740194E-17
4010.  -3.878399E-17
4011.  -4.017321E-17
4012.  -4.156582E-17
4013.  -4.295775E-17
4014.  -4.434448E-17
4015.  -4.572153E-17
4016.  -4.708409E-17
4017.  -4.842696E-17
4018.  -4.974529E-17
4019.  -5.103364E-17
4020.  -5.228684E-17
4021.  -5.349936E-17
4022.  -5.466614E-17
4023.  -5.578169E-17
4024.  -5.684077E-17
4025.  -5.783839E-17
4026.  -5.876946E-17
4027.  -5.962911E-17
4028.  -6.041307E-17
4029.  -6.111650E-17
4030.  -6.173547E-17
4031.  -6.226612E-17
4032.  -6.270474E-17
4033.  -6.304818E-17
4034.  -6.329324E-17
4035.  -6.343739E-17
4036.  -6.347821E-17
4037.  -6.341357E-17
4038.  -6.324168E-17
4039.  -6.296121E-17
4040.  -6.257104E-17
4041.  -6.207027E-17
4042.  -6.145847E-17
4043.  -6.073519E-17
4044.  -5.990079E-17
4045.  -5.895545E-17
4046.  -5.789990E-17
4047.  -5.673478E-17
4048.  -5.546155E-17
4049.  -5.408139E-17
4050.  -5.259609E-17
4051.  -5.100755E-17
4052.  -4.931806E-17
4053.  -4.752994E-17
4054.  -4.564597E-17
4055.  -4.366921E-17
4056.  -4.160297E-17
4057.  -3.945075E-17
4058.  -3.721639E-17
4059.  -3.490392E-17
4060.  -3.251796E-17
4061.  -3.006300E-17
4062.  -2.754428E-17
4063.  -2.496694E-17
4064.  -2.233636E-17
4065.  -1.965861E-17
4066.  -1.693962E-17
4067.  -1.418564E-17
4068.  -1.140339E-17
4069.  -8.599232E-18
4070.  -5.780077E-18
4071.  -2.953093E-18
4072.  -1.250127E-19
4073.  2.696931E-18
4074.  5.505661E-18
4075.  8.294506E-18
4076.  1.105638E-17
4077.  1.378477E-17
4078.  1.647330E-17
4079.  1.911576E-17
4080.  2.170654E-17
4081.  2.424027E-17
4082.  2.671222E-17
4083.  2.911814E-17
4084.  3.145447E-17
4085.  3.371820E-17
4086.  3.590692E-17
4087.  3.801933E-17
4088.  4.005454E-17
4089.  4.201265E-17
4090.  4.389458E-17
4091.  4.570180E-17
4092.  4.743698E-17
4093.  4.910359E-17
4094.  5.070536E-17
4095.  5.224746E-17
4096.  5.373510E-17
4097.  5.517472E-17
4098.  5.657287E-17
4099.  5.793680E-17
4100.  5.927417E-17
4101.  6.059282E-17
4102.  6.190085E-17
4103.  6.320647E-17
4104.  6.451786E-17
4105.  6.584288E-17
4106.  6.718930E-17
4107.  6.856452E-17
4108.  6.997536E-17
4109.  7.142786E-17
4110.  7.292740E-17
4111.  7.447873E-17
4112.  7.608531E-17
4113.  7.774982E-17
4114.  7.947366E-17
4115.  8.125717E-17
4116.  8.309929E-17
4117.  8.499795E-17
4118.  8.694973E-17
4119.  8.894970E-17
4120.  9.099206E-17
4121.  9.306927E-17
4122.  9.517320E-17
4123.  9.729427E-17
4124.  9.942171E-17
4125.  1.015443E-16
4126.  1.036495E-16
4127.  1.057243E-16
4128.  1.077552E-16
4129.  1.097279E-16
4130.  1.116282E-16
4131.  1.134419E-16
4132.  1.151541E-16
4133.  1.167508E-16
4134.  1.182181E-16
4135.  1.195426E-16
4136.  1.207115E-16
4137.  1.217127E-16
4138.  1.225355E-16
4139.  1.231697E-16
4140.  1.236066E-16
4141.  1.238388E-16
4142.  1.238601E-16
4143.  1.236657E-16
4144.  1.232527E-16
4145.  1.226192E-16
4146.  1.217653E-16
4147.  1.206925E-16
4148.  1.194039E-16
4149.  1.179042E-16
4150.  1.161997E-16
4151.  1.142979E-16
4152.  1.122081E-16
4153.  1.099405E-16
4154.  1.075072E-16
4155.  1.049207E-16
4156.  1.021952E-16
4157.  9.934552E-17
4158.  9.638737E-17
4159.  9.333718E-17
4160.  9.021215E-17
4161.  8.702963E-17
4162.  8.380774E-17
4163.  8.056432E-17
4164.  7.731791E-17
4165.  7.408641E-17
4166.  7.088812E-17
4167.  6.774082E-17
4168.  6.466214E-17
4169.  6.166896E-17
4170.  5.877787E-17
4171.  5.600497E-17
4172.  5.336508E-17
4173.  5.087279E-17
4174.  4.854184E-17
4175.  4.638459E-17
4176.  4.441297E-17
4177.  4.263728E-17
4178.  4.106741E-17
4179.  3.971176E-17
4180.  3.857743E-17
4181.  3.767057E-17
4182.  3.699638E-17
4183.  3.655823E-17
4184.  3.635862E-17
4185.  3.639874E-17
4186.  3.667831E-17
4187.  3.719616E-17
4188.  3.794932E-17
4189.  3.893406E-17
4190.  4.014505E-17
4191.  4.157569E-17
4192.  4.321818E-17
4193.  4.506358E-17
4194.  4.710192E-17
4195.  4.932154E-17
4196.  5.171005E-17
4197.  5.425412E-17
4198.  5.693920E-17
4199.  5.974977E-17
4200.  6.266941E-17
4201.  6.568136E-17
4202.  6.876761E-17
4203.  7.191002E-17
4204.  7.508972E-17
4205.  7.828764E-17
4206.  8.148425E-17
4207.  8.466022E-17
4208.  8.779614E-17
4209.  9.087265E-17
4210.  9.387074E-17
4211.  9.677214E-17
4212.  9.955884E-17
4213.  1.022135E-16
4214.  1.047200E-16
4215.  1.070629E-16
4216.  1.092280E-16
4217.  1.112021E-16
4218.  1.129737E-16
4219.  1.145324E-16
4220.  1.158693E-16
4221.  1.169772E-16
4222.  1.178503E-16
4223.  1.184846E-16
4224.  1.188773E-16
4225.  1.190275E-16
4226.  1.189360E-16
4227.  1.186049E-16
4228.  1.180377E-16
4229.  1.172397E-16
4230.  1.162171E-16
4231.  1.149775E-16
4232.  1.135298E-16
4233.  1.118834E-16
4234.  1.100492E-16
4235.  1.080383E-16
4236.  1.058629E-16
4237.  1.035351E-16
4238.  1.010679E-16
4239.  9.847438E-17
4240.  9.576746E-17
4241.  9.296034E-17
4242.  9.006607E-17
4243.  8.709722E-17
4244.  8.406633E-17
4245.  8.098540E-17
4246.  7.786622E-17
4247.  7.471953E-17
4248.  7.155599E-17
4249.  6.838545E-17
4250.  6.521737E-17
4251.  6.206025E-17
4252.  5.892240E-17
4253.  5.581119E-17
4254.  5.273361E-17
4255.  4.969612E-17
4256.  4.670456E-17
4257.  4.376429E-17
4258.  4.088064E-17
4259.  3.805812E-17
4260.  3.530114E-17
4261.  3.261403E-17
4262.  3.000076E-17
4263.  2.746521E-17
4264.  2.501115E-17
4265.  2.264245E-17
4266.  2.036298E-17
4267.  1.817678E-17
4268.  1.608784E-17
4269.  1.410057E-17
4270.  1.221942E-17
4271.  1.044902E-17
4272.  8.794583E-18
4273.  7.261380E-18
4274.  5.855049E-18
4275.  4.581551E-18
4276.  3.447331E-18
4277.  2.458982E-18
4278.  1.623716E-18
4279.  9.488146E-19
4280.  4.422727E-19
4281.  1.120874E-19
4282.  -3.317147E-20
4283.  1.538016E-20
4284.  2.666553E-19
4285.  7.302872E-19
4286.  1.415865E-18
4287.  2.333070E-18
4288.  3.492278E-18
4289.  4.903459E-18
4290.  6.577024E-18
4291.  8.523140E-18
4292.  1.075219E-17
4293.  1.327437E-17
4294.  1.609969E-17
4295.  1.923783E-17
4296.  2.269840E-17
4297.  2.649019E-17
4298.  3.062199E-17
4299.  3.510152E-17
4300.  3.993604E-17
4301.  4.513179E-17
4302.  5.069424E-17
4303.  5.662785E-17
4304.  6.293571E-17
4305.  6.961969E-17
4306.  7.668037E-17
4307.  8.411688E-17
4308.  9.192653E-17
4309.  1.001050E-16
4310.  1.086463E-16
4311.  1.175425E-16
4312.  1.267836E-16
4313.  1.363576E-16
4314.  1.462506E-16
4315.  1.564466E-16
4316.  1.669273E-16
4317.  1.776725E-16
4318.  1.886597E-16
4319.  1.998645E-16
4320.  2.112604E-16
4321.  2.228191E-16
4322.  2.345103E-16
4323.  2.463023E-16
4324.  2.581613E-16
4325.  2.700525E-16
4326.  2.819397E-16
4327.  2.937856E-16
4328.  3.055522E-16
4329.  3.172004E-16
4330.  3.286911E-16
4331.  3.399848E-16
4332.  3.510423E-16
4333.  3.618243E-16
4334.  3.722922E-16
4335.  3.824085E-16
4336.  3.921363E-16
4337.  4.014402E-16
4338.  4.102865E-16
4339.  4.186433E-16
4340.  4.264806E-16
4341.  4.337706E-16
4342.  4.404882E-16
4343.  4.466108E-16
4344.  4.521186E-16
4345.  4.569947E-16
4346.  4.612256E-16
4347.  4.648007E-16
4348.  4.677126E-16
4349.  4.699580E-16
4350.  4.715359E-16
4351.  4.724494E-16
4352.  4.727046E-16
4353.  4.723112E-16
4354.  4.712822E-16
4355.  4.696337E-16
4356.  4.673845E-16
4357.  4.645568E-16
4358.  4.611752E-16
4359.  4.572670E-16
4360.  4.528618E-16
4361.  4.479914E-16
4362.  4.426894E-16
4363.  4.369912E-16
4364.  4.309335E-16
4365.  4.245539E-16
4366.  4.178909E-16
4367.  4.109839E-16
4368.  4.038724E-16
4369.  3.965956E-16
4370.  3.891927E-16
4371.  3.817025E-16
4372.  3.741627E-16
4373.  3.666099E-16
4374.  3.590800E-16
4375.  3.516066E-16
4376.  3.442224E-16
4377.  3.369579E-16
4378.  3.298414E-16
4379.  3.228994E-16
4380.  3.161562E-16
4381.  3.096336E-16
4382.  3.033511E-16
4383.  2.973257E-16
4384.  2.915722E-16
4385.  2.861030E-16
4386.  2.809280E-16
4387.  2.760547E-16
4388.  2.714887E-16
4389.  2.672332E-16
4390.  2.632895E-16
4391.  2.596571E-16
4392.  2.563335E-16
4393.  2.533147E-16
4394.  2.505953E-16
4395.  2.481686E-16
4396.  2.460268E-16
4397.  2.441607E-16
4398.  2.425609E-16
4399.  2.412170E-16
4400.  2.401182E-16
4401.  2.392533E-16
4402.  2.386110E-16
4403.  2.381797E-16
4404.  2.379480E-16
4405.  2.379047E-16
4406.  2.380387E-16
4407.  2.383395E-16
4408.  2.387968E-16
4409.  2.394007E-16
4410.  2.401423E-16
4411.  2.410126E-16
4412.  2.420037E-16
4413.  2.431084E-16
4414.  2.443194E-16
4415.  2.456307E-16
4416.  2.470366E-16
4417.  2.485321E-16
4418.  2.501124E-16
4419.  2.517735E-16
4420.  2.535116E-16
4421.  2.553232E-16
4422.  2.572054E-16
4423.  2.591550E-16
4424.  2.611696E-16
4425.  2.632461E-16
4426.  2.653819E-16
4427.  2.675744E-16
4428.  2.698202E-16
4429.  2.721162E-16
4430.  2.744586E-16
4431.  2.768435E-16
4432.  2.792662E-16
4433.  2.817219E-16
4434.  2.842045E-16
4435.  2.867080E-16
4436.  2.892251E-16
4437.  2.917480E-16
4438.  2.942680E-16
4439.  2.967756E-16
4440.  2.992610E-16
4441.  3.017126E-16
4442.  3.041187E-16
4443.  3.064669E-16
4444.  3.087436E-16
4445.  3.109352E-16
4446.  3.130263E-16
4447.  3.150022E-16
4448.  3.168471E-16
4449.  3.185450E-16
4450.  3.200796E-16
4451.  3.214344E-16
4452.  3.225931E-16
4453.  3.235393E-16
4454.  3.242569E-16
4455.  3.247304E-16
4456.  3.249446E-16
4457.  3.248852E-16
4458.  3.245385E-16
4459.  3.238923E-16
4460.  3.229350E-16
4461.  3.216565E-16
4462.  3.200483E-16
4463.  3.181031E-16
4464.  3.158155E-16
4465.  3.131816E-16
4466.  3.101994E-16
4467.  3.068689E-16
4468.  3.031918E-16
4469.  2.991719E-16
4470.  2.948148E-16
4471.  2.901283E-16
4472.  2.851217E-16
4473.  2.798068E-16
4474.  2.741962E-16
4475.  2.683050E-16
4476.  2.621501E-16
4477.  2.557489E-16
4478.  2.491211E-16
4479.  2.422872E-16
4480.  2.352684E-16
4481.  2.280875E-16
4482.  2.207677E-16
4483.  2.133324E-16
4484.  2.058059E-16
4485.  1.982125E-16
4486.  1.905761E-16
4487.  1.829206E-16
4488.  1.752699E-16
4489.  1.676468E-16
4490.  1.600741E-16
4491.  1.525729E-16
4492.  1.451641E-16
4493.  1.378669E-16
4494.  1.306995E-16
4495.  1.236791E-16
4496.  1.168212E-16
4497.  1.101401E-16
4498.  1.036485E-16
4499.  9.735720E-17
4500.  9.127597E-17
