1.  -6.842590E-23
2.  -1.041253E-22
3.  -1.504052E-22
4.  -2.798170E-23
5.  -1.076799E-22
6.  -1.175559E-23
7.  -7.055899E-23
8.  -2.385028E-23
9.  -1.052383E-22
10.  -9.685308E-23
11.  -1.584570E-22
12.  -1.513124E-22
13.  -6.639626E-23
14.  2.316842E-23
15.  -1.172354E-22
16.  2.103249E-23
17.  -9.771298E-23
18.  -8.699607E-23
19.  -6.719974E-23
20.  -1.115664E-22
21.  -7.080201E-23
22.  -6.067567E-23
23.  -1.340311E-22
24.  -1.108585E-22
25.  -7.304824E-23
26.  -6.275064E-23
27.  -9.263316E-23
28.  -6.463910E-24
29.  -1.115791E-22
30.  -1.011134E-22
31.  -1.084852E-22
32.  -1.168369E-22
33.  -8.679776E-23
34.  -4.721232E-23
35.  -1.380961E-22
36.  -1.024092E-22
37.  -5.195096E-23
38.  -6.761703E-23
39.  -4.049501E-23
40.  1.496904E-23
41.  -5.262641E-23
42.  -8.481023E-23
43.  -1.155361E-22
44.  -5.195362E-23
45.  -1.093809E-22
46.  -1.082558E-22
47.  -1.033134E-22
48.  -1.277190E-22
49.  -8.355974E-23
50.  -5.833508E-23
51.  -9.790225E-23
52.  -1.278462E-22
53.  -4.244352E-23
54.  -9.342543E-23
55.  -1.351616E-22
56.  -1.383283E-22
57.  -1.559527E-22
58.  -1.334886E-22
59.  -1.232536E-22
60.  -2.258076E-23
61.  -1.827717E-22
62.  -8.121308E-23
63.  -9.554138E-23
64.  2.010694E-23
65.  -9.384956E-23
66.  -1.730542E-22
67.  -1.058115E-22
68.  -5.682222E-23
69.  -1.628132E-22
70.  -1.270624E-22
71.  -1.181812E-22
72.  -6.011926E-23
73.  -9.014019E-23
74.  -6.337958E-23
75.  -4.574291E-23
76.  -1.710120E-22
77.  -1.387215E-22
78.  -8.167642E-23
79.  -1.582293E-22
80.  -6.246365E-23
81.  -1.227532E-23
82.  -1.892040E-22
83.  -1.086629E-22
84.  -1.272534E-22
85.  -6.932486E-23
86.  -8.611625E-23
87.  -8.236193E-23
88.  -1.012770E-22
89.  -1.156551E-22
90.  -1.340126E-22
91.  -1.557625E-22
92.  -9.786752E-23
93.  -1.201657E-22
94.  -9.467088E-23
95.  -1.530070E-22
96.  -2.510539E-23
97.  -8.667781E-23
98.  -1.247792E-22
99.  -7.096319E-23
100.  -1.425882E-22
101.  -1.481490E-22
102.  -1.556046E-22
103.  -1.550236E-23
104.  -1.179431E-22
105.  -1.350685E-22
106.  -1.600058E-22
107.  -1.559681E-22
108.  -7.572100E-23
109.  -1.126654E-22
110.  -8.340758E-23
111.  -6.995839E-23
112.  -6.008406E-23
113.  -1.354681E-22
114.  -1.152652E-22
115.  -3.904921E-23
116.  -1.628299E-22
117.  -7.054885E-23
118.  -1.396820E-22
119.  -9.327366E-23
120.  -8.435550E-23
121.  -1.121752E-22
122.  -5.643999E-23
123.  -6.737172E-23
124.  -1.337669E-22
125.  -7.765325E-23
126.  -1.510891E-23
127.  -8.622638E-23
128.  3.007201E-23
129.  -6.544873E-23
130.  -1.142696E-22
131.  -6.405983E-23
132.  -2.323382E-23
133.  2.512595E-24
134.  1.097742E-22
135.  3.472965E-23
136.  1.326548E-22
137.  1.507453E-22
138.  3.984690E-23
139.  1.548530E-22
140.  1.700242E-22
141.  2.854431E-22
142.  2.504594E-22
143.  3.785416E-22
144.  4.983854E-22
145.  5.178209E-22
146.  6.066625E-22
147.  6.748974E-22
148.  8.678240E-22
149.  8.840943E-22
150.  1.142991E-21
151.  1.270291E-21
152.  1.365015E-21
153.  1.608819E-21
154.  1.879356E-21
155.  2.143067E-21
156.  2.534938E-21
157.  2.858849E-21
158.  3.247006E-21
159.  3.780818E-21
160.  4.297963E-21
161.  4.833336E-21
162.  5.488240E-21
163.  6.253885E-21
164.  7.093458E-21
165.  8.004210E-21
166.  9.156514E-21
167.  1.034490E-20
168.  1.166296E-20
169.  1.318619E-20
170.  1.485270E-20
171.  1.670311E-20
172.  1.883535E-20
173.  2.124106E-20
174.  2.389312E-20
175.  2.683178E-20
176.  2.999642E-20
177.  3.376739E-20
178.  3.789594E-20
179.  4.235768E-20
180.  4.745808E-20
181.  5.313057E-20
182.  5.932636E-20
183.  6.633810E-20
184.  7.405089E-20
185.  8.253705E-20
186.  9.205789E-20
187.  1.025185E-19
188.  1.141170E-19
189.  1.269423E-19
190.  1.411724E-19
191.  1.566558E-19
192.  1.739707E-19
193.  1.929623E-19
194.  2.138764E-19
195.  2.369282E-19
196.  2.622691E-19
197.  2.901257E-19
198.  3.207225E-19
199.  3.543476E-19
200.  3.910547E-19
201.  4.314873E-19
202.  4.757539E-19
203.  5.241478E-19
204.  5.770019E-19
205.  6.348539E-19
206.  6.981241E-19
207.  7.670498E-19
208.  8.423135E-19
209.  9.243306E-19
210.  1.013549E-18
211.  1.110730E-18
212.  1.216405E-18
213.  1.331403E-18
214.  1.456229E-18
215.  1.591591E-18
216.  1.738407E-18
217.  1.897648E-18
218.  2.070121E-18
219.  2.256766E-18
220.  2.458814E-18
221.  2.676962E-18
222.  2.912711E-18
223.  3.167173E-18
224.  3.441634E-18
225.  3.737442E-18
226.  4.056077E-18
227.  4.399217E-18
228.  4.768213E-18
229.  5.164777E-18
230.  5.590977E-18
231.  6.048462E-18
232.  6.539156E-18
233.  7.065357E-18
234.  7.628930E-18
235.  8.232452E-18
236.  8.878201E-18
237.  9.568428E-18
238.  1.030604E-17
239.  1.109342E-17
240.  1.193364E-17
241.  1.282959E-17
242.  1.378424E-17
243.  1.480092E-17
244.  1.588261E-17
245.  1.703310E-17
246.  1.825562E-17
247.  1.955395E-17
248.  2.093190E-17
249.  2.239331E-17
250.  2.394233E-17
251.  2.558295E-17
252.  2.731948E-17
253.  2.915642E-17
254.  3.109821E-17
255.  3.314928E-17
256.  3.531485E-17
257.  3.759929E-17
258.  4.000774E-17
259.  4.254531E-17
260.  4.521710E-17
261.  4.802839E-17
262.  5.098466E-17
263.  5.409082E-17
264.  5.735294E-17
265.  6.077635E-17
266.  6.436671E-17
267.  6.812967E-17
268.  7.207084E-17
269.  7.619645E-17
270.  8.051184E-17
271.  8.502288E-17
272.  8.973561E-17
273.  9.465553E-17
274.  9.978859E-17
275.  1.051405E-16
276.  1.107173E-16
277.  1.165243E-16
278.  1.225672E-16
279.  1.288516E-16
280.  1.353828E-16
281.  1.421664E-16
282.  1.492074E-16
283.  1.565110E-16
284.  1.640822E-16
285.  1.719255E-16
286.  1.800457E-16
287.  1.884472E-16
288.  1.971342E-16
289.  2.061105E-16
290.  2.153801E-16
291.  2.249464E-16
292.  2.348126E-16
293.  2.449816E-16
294.  2.554561E-16
295.  2.662383E-16
296.  2.773305E-16
297.  2.887342E-16
298.  3.004507E-16
299.  3.124811E-16
300.  3.248261E-16
301.  3.374858E-16
302.  3.504600E-16
303.  3.637483E-16
304.  3.773497E-16
305.  3.912629E-16
306.  4.054859E-16
307.  4.200169E-16
308.  4.348528E-16
309.  4.499909E-16
310.  4.654275E-16
311.  4.811587E-16
312.  4.971800E-16
313.  5.134868E-16
314.  5.300737E-16
315.  5.469352E-16
316.  5.640649E-16
317.  5.814562E-16
318.  5.991024E-16
319.  6.169958E-16
320.  6.351289E-16
321.  6.534932E-16
322.  6.720801E-16
323.  6.908807E-16
324.  7.098859E-16
325.  7.290856E-16
326.  7.484702E-16
327.  7.680285E-16
328.  7.877506E-16
329.  8.076253E-16
330.  8.276409E-16
331.  8.477864E-16
332.  8.680496E-16
333.  8.884188E-16
334.  9.088818E-16
335.  9.294257E-16
336.  9.500385E-16
337.  9.707069E-16
338.  9.914182E-16
339.  1.012160E-15
340.  1.032918E-15
341.  1.053680E-15
342.  1.074433E-15
343.  1.095163E-15
344.  1.115857E-15
345.  1.136502E-15
346.  1.157085E-15
347.  1.177592E-15
348.  1.198011E-15
349.  1.218328E-15
350.  1.238532E-15
351.  1.258608E-15
352.  1.278544E-15
353.  1.298329E-15
354.  1.317949E-15
355.  1.337393E-15
356.  1.356648E-15
357.  1.375703E-15
358.  1.394548E-15
359.  1.413170E-15
360.  1.431558E-15
361.  1.449703E-15
362.  1.467593E-15
363.  1.485218E-15
364.  1.502570E-15
365.  1.519637E-15
366.  1.536411E-15
367.  1.552884E-15
368.  1.569045E-15
369.  1.584888E-15
370.  1.600404E-15
371.  1.615586E-15
372.  1.630426E-15
373.  1.644917E-15
374.  1.659052E-15
375.  1.672826E-15
376.  1.686232E-15
377.  1.699264E-15
378.  1.711917E-15
379.  1.724186E-15
380.  1.736065E-15
381.  1.747551E-15
382.  1.758640E-15
383.  1.769327E-15
384.  1.779609E-15
385.  1.789482E-15
386.  1.798943E-15
387.  1.807991E-15
388.  1.816622E-15
389.  1.824834E-15
390.  1.832625E-15
391.  1.839994E-15
392.  1.846939E-15
393.  1.853460E-15
394.  1.859555E-15
395.  1.865224E-15
396.  1.870466E-15
397.  1.875283E-15
398.  1.879673E-15
399.  1.883637E-15
400.  1.887177E-15
401.  1.890293E-15
402.  1.892986E-15
403.  1.895259E-15
404.  1.897112E-15
405.  1.898549E-15
406.  1.899571E-15
407.  1.900181E-15
408.  1.900382E-15
409.  1.900177E-15
410.  1.899571E-15
411.  1.898565E-15
412.  1.897166E-15
413.  1.895376E-15
414.  1.893201E-15
415.  1.890645E-15
416.  1.887715E-15
417.  1.884415E-15
418.  1.880750E-15
419.  1.876729E-15
420.  1.872357E-15
421.  1.867640E-15
422.  1.862586E-15
423.  1.857203E-15
424.  1.851498E-15
425.  1.845480E-15
426.  1.839156E-15
427.  1.832536E-15
428.  1.825629E-15
429.  1.818443E-15
430.  1.810990E-15
431.  1.803278E-15
432.  1.795319E-15
433.  1.787122E-15
434.  1.778698E-15
435.  1.770060E-15
436.  1.761218E-15
437.  1.752184E-15
438.  1.742970E-15
439.  1.733589E-15
440.  1.724052E-15
441.  1.714373E-15
442.  1.704564E-15
443.  1.694639E-15
444.  1.684612E-15
445.  1.674494E-15
446.  1.664301E-15
447.  1.654045E-15
448.  1.643742E-15
449.  1.633404E-15
450.  1.623046E-15
451.  1.612682E-15
452.  1.602326E-15
453.  1.591992E-15
454.  1.581695E-15
455.  1.571448E-15
456.  1.561266E-15
457.  1.551163E-15
458.  1.541152E-15
459.  1.531248E-15
460.  1.521464E-15
461.  1.511814E-15
462.  1.502311E-15
463.  1.492968E-15
464.  1.483799E-15
465.  1.474816E-15
466.  1.466031E-15
467.  1.457457E-15
468.  1.449105E-15
469.  1.440988E-15
470.  1.433115E-15
471.  1.425499E-15
472.  1.418149E-15
473.  1.411076E-15
474.  1.404289E-15
475.  1.397797E-15
476.  1.391610E-15
477.  1.385736E-15
478.  1.380182E-15
479.  1.374956E-15
480.  1.370065E-15
481.  1.365516E-15
482.  1.361313E-15
483.  1.357464E-15
484.  1.353972E-15
485.  1.350841E-15
486.  1.348077E-15
487.  1.345682E-15
488.  1.343658E-15
489.  1.342008E-15
490.  1.340734E-15
491.  1.339837E-15
492.  1.339317E-15
493.  1.339174E-15
494.  1.339408E-15
495.  1.340017E-15
496.  1.341001E-15
497.  1.342357E-15
498.  1.344082E-15
499.  1.346173E-15
500.  1.348626E-15
501.  1.351437E-15
502.  1.354602E-15
503.  1.358115E-15
504.  1.361970E-15
505.  1.366161E-15
506.  1.370682E-15
507.  1.375525E-15
508.  1.380682E-15
509.  1.386146E-15
510.  1.391907E-15
511.  1.397958E-15
512.  1.404288E-15
513.  1.410888E-15
514.  1.417747E-15
515.  1.424854E-15
516.  1.432200E-15
517.  1.439772E-15
518.  1.447559E-15
519.  1.455547E-15
520.  1.463726E-15
521.  1.472082E-15
522.  1.480602E-15
523.  1.489273E-15
524.  1.498080E-15
525.  1.507011E-15
526.  1.516050E-15
527.  1.525184E-15
528.  1.534397E-15
529.  1.543674E-15
530.  1.553000E-15
531.  1.562361E-15
532.  1.571739E-15
533.  1.581121E-15
534.  1.590489E-15
535.  1.599828E-15
536.  1.609121E-15
537.  1.618354E-15
538.  1.627508E-15
539.  1.636569E-15
540.  1.645520E-15
541.  1.654344E-15
542.  1.663026E-15
543.  1.671548E-15
544.  1.679897E-15
545.  1.688054E-15
546.  1.696004E-15
547.  1.703732E-15
548.  1.711222E-15
549.  1.718459E-15
550.  1.725428E-15
551.  1.732114E-15
552.  1.738502E-15
553.  1.744578E-15
554.  1.750329E-15
555.  1.755741E-15
556.  1.760801E-15
557.  1.765497E-15
558.  1.769816E-15
559.  1.773746E-15
560.  1.777278E-15
561.  1.780400E-15
562.  1.783102E-15
563.  1.785375E-15
564.  1.787211E-15
565.  1.788601E-15
566.  1.789538E-15
567.  1.790014E-15
568.  1.790025E-15
569.  1.789565E-15
570.  1.788630E-15
571.  1.787216E-15
572.  1.785320E-15
573.  1.782939E-15
574.  1.780073E-15
575.  1.776721E-15
576.  1.772883E-15
577.  1.768561E-15
578.  1.763756E-15
579.  1.758470E-15
580.  1.752709E-15
581.  1.746476E-15
582.  1.739776E-15
583.  1.732615E-15
584.  1.725000E-15
585.  1.716939E-15
586.  1.708440E-15
587.  1.699512E-15
588.  1.690166E-15
589.  1.680410E-15
590.  1.670258E-15
591.  1.659720E-15
592.  1.648809E-15
593.  1.637539E-15
594.  1.625922E-15
595.  1.613974E-15
596.  1.601709E-15
597.  1.589143E-15
598.  1.576291E-15
599.  1.563170E-15
600.  1.549795E-15
601.  1.536185E-15
602.  1.522356E-15
603.  1.508325E-15
604.  1.494111E-15
605.  1.479732E-15
606.  1.465205E-15
607.  1.450550E-15
608.  1.435784E-15
609.  1.420925E-15
610.  1.405993E-15
611.  1.391004E-15
612.  1.375980E-15
613.  1.360936E-15
614.  1.345891E-15
615.  1.330863E-15
616.  1.315870E-15
617.  1.300930E-15
618.  1.286059E-15
619.  1.271275E-15
620.  1.256593E-15
621.  1.242031E-15
622.  1.227604E-15
623.  1.213327E-15
624.  1.199216E-15
625.  1.185285E-15
626.  1.171548E-15
627.  1.158018E-15
628.  1.144708E-15
629.  1.131632E-15
630.  1.118800E-15
631.  1.106224E-15
632.  1.093915E-15
633.  1.081882E-15
634.  1.070136E-15
635.  1.058684E-15
636.  1.047536E-15
637.  1.036699E-15
638.  1.026179E-15
639.  1.015983E-15
640.  1.006116E-15
641.  9.965840E-16
642.  9.873908E-16
643.  9.785395E-16
644.  9.700336E-16
645.  9.618754E-16
646.  9.540666E-16
647.  9.466078E-16
648.  9.395001E-16
649.  9.327428E-16
650.  9.263353E-16
651.  9.202761E-16
652.  9.145633E-16
653.  9.091944E-16
654.  9.041657E-16
655.  8.994742E-16
656.  8.951155E-16
657.  8.910848E-16
658.  8.873765E-16
659.  8.839854E-16
660.  8.809049E-16
661.  8.781286E-16
662.  8.756492E-16
663.  8.734592E-16
664.  8.715508E-16
665.  8.699155E-16
666.  8.685448E-16
667.  8.674297E-16
668.  8.665607E-16
669.  8.659283E-16
670.  8.655226E-16
671.  8.653333E-16
672.  8.653500E-16
673.  8.655623E-16
674.  8.659591E-16
675.  8.665296E-16
676.  8.672622E-16
677.  8.681461E-16
678.  8.691696E-16
679.  8.703211E-16
680.  8.715891E-16
681.  8.729618E-16
682.  8.744276E-16
683.  8.759748E-16
684.  8.775917E-16
685.  8.792663E-16
686.  8.809871E-16
687.  8.827427E-16
688.  8.845211E-16
689.  8.863112E-16
690.  8.881016E-16
691.  8.898807E-16
692.  8.916379E-16
693.  8.933622E-16
694.  8.950428E-16
695.  8.966691E-16
696.  8.982308E-16
697.  8.997178E-16
698.  9.011204E-16
699.  9.024289E-16
700.  9.036339E-16
701.  9.047265E-16
702.  9.056980E-16
703.  9.065400E-16
704.  9.072443E-16
705.  9.078033E-16
706.  9.082095E-16
707.  9.084562E-16
708.  9.085364E-16
709.  9.084441E-16
710.  9.081735E-16
711.  9.077190E-16
712.  9.070759E-16
713.  9.062395E-16
714.  9.052055E-16
715.  9.039705E-16
716.  9.025313E-16
717.  9.008852E-16
718.  8.990295E-16
719.  8.969630E-16
720.  8.946838E-16
721.  8.921916E-16
722.  8.894858E-16
723.  8.865664E-16
724.  8.834341E-16
725.  8.800900E-16
726.  8.765360E-16
727.  8.727735E-16
728.  8.688054E-16
729.  8.646348E-16
730.  8.602650E-16
731.  8.556999E-16
732.  8.509441E-16
733.  8.460020E-16
734.  8.408793E-16
735.  8.355812E-16
736.  8.301142E-16
737.  8.244845E-16
738.  8.186990E-16
739.  8.127647E-16
740.  8.066892E-16
741.  8.004805E-16
742.  7.941468E-16
743.  7.876963E-16
744.  7.811378E-16
745.  7.744802E-16
746.  7.677327E-16
747.  7.609046E-16
748.  7.540055E-16
749.  7.470449E-16
750.  7.400328E-16
751.  7.329789E-16
752.  7.258930E-16
753.  7.187856E-16
754.  7.116662E-16
755.  7.045451E-16
756.  6.974319E-16
757.  6.903368E-16
758.  6.832695E-16
759.  6.762398E-16
760.  6.692569E-16
761.  6.623306E-16
762.  6.554699E-16
763.  6.486839E-16
764.  6.419813E-16
765.  6.353706E-16
766.  6.288601E-16
767.  6.224577E-16
768.  6.161710E-16
769.  6.100077E-16
770.  6.039743E-16
771.  5.980777E-16
772.  5.923243E-16
773.  5.867197E-16
774.  5.812699E-16
775.  5.759794E-16
776.  5.708535E-16
777.  5.658964E-16
778.  5.611120E-16
779.  5.565038E-16
780.  5.520752E-16
781.  5.478287E-16
782.  5.437669E-16
783.  5.398915E-16
784.  5.362044E-16
785.  5.327065E-16
786.  5.293989E-16
787.  5.262821E-16
788.  5.233561E-16
789.  5.206210E-16
790.  5.180761E-16
791.  5.157206E-16
792.  5.135536E-16
793.  5.115738E-16
794.  5.097794E-16
795.  5.081687E-16
796.  5.067400E-16
797.  5.054905E-16
798.  5.044184E-16
799.  5.035207E-16
800.  5.027952E-16
801.  5.022387E-16
802.  5.018485E-16
803.  5.016219E-16
804.  5.015554E-16
805.  5.016463E-16
806.  5.018913E-16
807.  5.022875E-16
808.  5.028320E-16
809.  5.035213E-16
810.  5.043529E-16
811.  5.053234E-16
812.  5.064304E-16
813.  5.076708E-16
814.  5.090421E-16
815.  5.105415E-16
816.  5.121668E-16
817.  5.139154E-16
818.  5.157855E-16
819.  5.177745E-16
820.  5.198807E-16
821.  5.221022E-16
822.  5.244374E-16
823.  5.268846E-16
824.  5.294427E-16
825.  5.321102E-16
826.  5.348860E-16
827.  5.377693E-16
828.  5.407589E-16
829.  5.438542E-16
830.  5.470549E-16
831.  5.503600E-16
832.  5.537693E-16
833.  5.572824E-16
834.  5.608990E-16
835.  5.646190E-16
836.  5.684423E-16
837.  5.723686E-16
838.  5.763981E-16
839.  5.805307E-16
840.  5.847662E-16
841.  5.891049E-16
842.  5.935465E-16
843.  5.980910E-16
844.  6.027384E-16
845.  6.074884E-16
846.  6.123409E-16
847.  6.172954E-16
848.  6.223519E-16
849.  6.275096E-16
850.  6.327680E-16
851.  6.381264E-16
852.  6.435840E-16
853.  6.491398E-16
854.  6.547928E-16
855.  6.605414E-16
856.  6.663844E-16
857.  6.723203E-16
858.  6.783472E-16
859.  6.844633E-16
860.  6.906662E-16
861.  6.969537E-16
862.  7.033234E-16
863.  7.097726E-16
864.  7.162983E-16
865.  7.228974E-16
866.  7.295666E-16
867.  7.363028E-16
868.  7.431017E-16
869.  7.499600E-16
870.  7.568735E-16
871.  7.638378E-16
872.  7.708487E-16
873.  7.779016E-16
874.  7.849917E-16
875.  7.921141E-16
876.  7.992637E-16
877.  8.064354E-16
878.  8.136236E-16
879.  8.208229E-16
880.  8.280277E-16
881.  8.352321E-16
882.  8.424304E-16
883.  8.496165E-16
884.  8.567843E-16
885.  8.639273E-16
886.  8.710398E-16
887.  8.781152E-16
888.  8.851467E-16
889.  8.921283E-16
890.  8.990534E-16
891.  9.059153E-16
892.  9.127074E-16
893.  9.194232E-16
894.  9.260563E-16
895.  9.325995E-16
896.  9.390466E-16
897.  9.453908E-16
898.  9.516258E-16
899.  9.577452E-16
900.  9.637422E-16
901.  9.696107E-16
902.  9.753440E-16
903.  9.809362E-16
904.  9.863811E-16
905.  9.916725E-16
906.  9.968047E-16
907.  1.001772E-15
908.  1.006568E-15
909.  1.011188E-15
910.  1.015627E-15
911.  1.019879E-15
912.  1.023939E-15
913.  1.027802E-15
914.  1.031464E-15
915.  1.034921E-15
916.  1.038168E-15
917.  1.041202E-15
918.  1.044018E-15
919.  1.046613E-15
920.  1.048984E-15
921.  1.051128E-15
922.  1.053042E-15
923.  1.054725E-15
924.  1.056174E-15
925.  1.057386E-15
926.  1.058362E-15
927.  1.059100E-15
928.  1.059598E-15
929.  1.059857E-15
930.  1.059877E-15
931.  1.059657E-15
932.  1.059199E-15
933.  1.058503E-15
934.  1.057570E-15
935.  1.056403E-15
936.  1.055003E-15
937.  1.053374E-15
938.  1.051517E-15
939.  1.049436E-15
940.  1.047134E-15
941.  1.044616E-15
942.  1.041886E-15
943.  1.038948E-15
944.  1.035808E-15
945.  1.032471E-15
946.  1.028943E-15
947.  1.025230E-15
948.  1.021339E-15
949.  1.017275E-15
950.  1.013048E-15
951.  1.008663E-15
952.  1.004129E-15
953.  9.994538E-16
954.  9.946458E-16
955.  9.897140E-16
956.  9.846667E-16
957.  9.795133E-16
958.  9.742633E-16
959.  9.689262E-16
960.  9.635112E-16
961.  9.580292E-16
962.  9.524894E-16
963.  9.469025E-16
964.  9.412785E-16
965.  9.356277E-16
966.  9.299606E-16
967.  9.242876E-16
968.  9.186195E-16
969.  9.129661E-16
970.  9.073381E-16
971.  9.017460E-16
972.  8.961994E-16
973.  8.907091E-16
974.  8.852842E-16
975.  8.799349E-16
976.  8.746708E-16
977.  8.695007E-16
978.  8.644341E-16
979.  8.594795E-16
980.  8.546450E-16
981.  8.499393E-16
982.  8.453694E-16
983.  8.409428E-16
984.  8.366664E-16
985.  8.325466E-16
986.  8.285892E-16
987.  8.247997E-16
988.  8.211832E-16
989.  8.177437E-16
990.  8.144855E-16
991.  8.114115E-16
992.  8.085247E-16
993.  8.058271E-16
994.  8.033202E-16
995.  8.010051E-16
996.  7.988816E-16
997.  7.969501E-16
998.  7.952094E-16
999.  7.936579E-16
1000.  7.922935E-16
1001.  7.911138E-16
1002.  7.901148E-16
1003.  7.892931E-16
1004.  7.886441E-16
1005.  7.881627E-16
1006.  7.878432E-16
1007.  7.876795E-16
1008.  7.876653E-16
1009.  7.877933E-16
1010.  7.880557E-16
1011.  7.884449E-16
1012.  7.889525E-16
1013.  7.895698E-16
1014.  7.902877E-16
1015.  7.910971E-16
1016.  7.919883E-16
1017.  7.929517E-16
1018.  7.939772E-16
1019.  7.950553E-16
1020.  7.961754E-16
1021.  7.973276E-16
1022.  7.985020E-16
1023.  7.996881E-16
1024.  8.008764E-16
1025.  8.020570E-16
1026.  8.032203E-16
1027.  8.043569E-16
1028.  8.054581E-16
1029.  8.065148E-16
1030.  8.075189E-16
1031.  8.084620E-16
1032.  8.093372E-16
1033.  8.101371E-16
1034.  8.108554E-16
1035.  8.114860E-16
1036.  8.120237E-16
1037.  8.124637E-16
1038.  8.128019E-16
1039.  8.130348E-16
1040.  8.131597E-16
1041.  8.131743E-16
1042.  8.130776E-16
1043.  8.128687E-16
1044.  8.125478E-16
1045.  8.121157E-16
1046.  8.115738E-16
1047.  8.109245E-16
1048.  8.101705E-16
1049.  8.093161E-16
1050.  8.083650E-16
1051.  8.073228E-16
1052.  8.061948E-16
1053.  8.049878E-16
1054.  8.037084E-16
1055.  8.023641E-16
1056.  8.009635E-16
1057.  7.995147E-16
1058.  7.980270E-16
1059.  7.965100E-16
1060.  7.949734E-16
1061.  7.934276E-16
1062.  7.918832E-16
1063.  7.903508E-16
1064.  7.888418E-16
1065.  7.873671E-16
1066.  7.859380E-16
1067.  7.845662E-16
1068.  7.832630E-16
1069.  7.820395E-16
1070.  7.809070E-16
1071.  7.798768E-16
1072.  7.789596E-16
1073.  7.781664E-16
1074.  7.775073E-16
1075.  7.769924E-16
1076.  7.766315E-16
1077.  7.764339E-16
1078.  7.764083E-16
1079.  7.765630E-16
1080.  7.769059E-16
1081.  7.774441E-16
1082.  7.781844E-16
1083.  7.791328E-16
1084.  7.802946E-16
1085.  7.816745E-16
1086.  7.832764E-16
1087.  7.851039E-16
1088.  7.871596E-16
1089.  7.894452E-16
1090.  7.919621E-16
1091.  7.947108E-16
1092.  7.976909E-16
1093.  8.009016E-16
1094.  8.043414E-16
1095.  8.080077E-16
1096.  8.118978E-16
1097.  8.160076E-16
1098.  8.203334E-16
1099.  8.248702E-16
1100.  8.296124E-16
1101.  8.345542E-16
1102.  8.396892E-16
1103.  8.450102E-16
1104.  8.505102E-16
1105.  8.561812E-16
1106.  8.620149E-16
1107.  8.680032E-16
1108.  8.741372E-16
1109.  8.804082E-16
1110.  8.868066E-16
1111.  8.933234E-16
1112.  8.999494E-16
1113.  9.066749E-16
1114.  9.134906E-16
1115.  9.203871E-16
1116.  9.273550E-16
1117.  9.343852E-16
1118.  9.414687E-16
1119.  9.485966E-16
1120.  9.557602E-16
1121.  9.629513E-16
1122.  9.701616E-16
1123.  9.773837E-16
1124.  9.846099E-16
1125.  9.918338E-16
1126.  9.990485E-16
1127.  1.006248E-15
1128.  1.013426E-15
1129.  1.020578E-15
1130.  1.027699E-15
1131.  1.034786E-15
1132.  1.041833E-15
1133.  1.048838E-15
1134.  1.055798E-15
1135.  1.062711E-15
1136.  1.069574E-15
1137.  1.076388E-15
1138.  1.083150E-15
1139.  1.089861E-15
1140.  1.096521E-15
1141.  1.103129E-15
1142.  1.109687E-15
1143.  1.116196E-15
1144.  1.122658E-15
1145.  1.129074E-15
1146.  1.135448E-15
1147.  1.141780E-15
1148.  1.148074E-15
1149.  1.154332E-15
1150.  1.160559E-15
1151.  1.166757E-15
1152.  1.172928E-15
1153.  1.179077E-15
1154.  1.185208E-15
1155.  1.191322E-15
1156.  1.197424E-15
1157.  1.203517E-15
1158.  1.209604E-15
1159.  1.215688E-15
1160.  1.221771E-15
1161.  1.227856E-15
1162.  1.233947E-15
1163.  1.240044E-15
1164.  1.246150E-15
1165.  1.252265E-15
1166.  1.258392E-15
1167.  1.264531E-15
1168.  1.270683E-15
1169.  1.276848E-15
1170.  1.283024E-15
1171.  1.289212E-15
1172.  1.295411E-15
1173.  1.301619E-15
1174.  1.307833E-15
1175.  1.314052E-15
1176.  1.320272E-15
1177.  1.326491E-15
1178.  1.332704E-15
1179.  1.338908E-15
1180.  1.345098E-15
1181.  1.351268E-15
1182.  1.357415E-15
1183.  1.363531E-15
1184.  1.369611E-15
1185.  1.375649E-15
1186.  1.381638E-15
1187.  1.387571E-15
1188.  1.393441E-15
1189.  1.399241E-15
1190.  1.404962E-15
1191.  1.410597E-15
1192.  1.416138E-15
1193.  1.421576E-15
1194.  1.426905E-15
1195.  1.432114E-15
1196.  1.437197E-15
1197.  1.442144E-15
1198.  1.446948E-15
1199.  1.451599E-15
1200.  1.456091E-15
1201.  1.460414E-15
1202.  1.464561E-15
1203.  1.468525E-15
1204.  1.472297E-15
1205.  1.475870E-15
1206.  1.479238E-15
1207.  1.482392E-15
1208.  1.485328E-15
1209.  1.488038E-15
1210.  1.490518E-15
1211.  1.492760E-15
1212.  1.494761E-15
1213.  1.496516E-15
1214.  1.498020E-15
1215.  1.499270E-15
1216.  1.500263E-15
1217.  1.500995E-15
1218.  1.501465E-15
1219.  1.501670E-15
1220.  1.501609E-15
1221.  1.501281E-15
1222.  1.500687E-15
1223.  1.499826E-15
1224.  1.498698E-15
1225.  1.497306E-15
1226.  1.495651E-15
1227.  1.493736E-15
1228.  1.491562E-15
1229.  1.489134E-15
1230.  1.486456E-15
1231.  1.483532E-15
1232.  1.480366E-15
1233.  1.476965E-15
1234.  1.473334E-15
1235.  1.469479E-15
1236.  1.465407E-15
1237.  1.461127E-15
1238.  1.456643E-15
1239.  1.451966E-15
1240.  1.447104E-15
1241.  1.442065E-15
1242.  1.436858E-15
1243.  1.431494E-15
1244.  1.425982E-15
1245.  1.420331E-15
1246.  1.414553E-15
1247.  1.408658E-15
1248.  1.402657E-15
1249.  1.396560E-15
1250.  1.390379E-15
1251.  1.384126E-15
1252.  1.377812E-15
1253.  1.371448E-15
1254.  1.365046E-15
1255.  1.358617E-15
1256.  1.352174E-15
1257.  1.345728E-15
1258.  1.339290E-15
1259.  1.332873E-15
1260.  1.326488E-15
1261.  1.320145E-15
1262.  1.313857E-15
1263.  1.307634E-15
1264.  1.301487E-15
1265.  1.295427E-15
1266.  1.289465E-15
1267.  1.283609E-15
1268.  1.277871E-15
1269.  1.272260E-15
1270.  1.266786E-15
1271.  1.261455E-15
1272.  1.256279E-15
1273.  1.251264E-15
1274.  1.246419E-15
1275.  1.241751E-15
1276.  1.237266E-15
1277.  1.232971E-15
1278.  1.228872E-15
1279.  1.224974E-15
1280.  1.221283E-15
1281.  1.217803E-15
1282.  1.214539E-15
1283.  1.211492E-15
1284.  1.208667E-15
1285.  1.206066E-15
1286.  1.203692E-15
1287.  1.201544E-15
1288.  1.199624E-15
1289.  1.197933E-15
1290.  1.196471E-15
1291.  1.195237E-15
1292.  1.194229E-15
1293.  1.193446E-15
1294.  1.192886E-15
1295.  1.192546E-15
1296.  1.192423E-15
1297.  1.192513E-15
1298.  1.192813E-15
1299.  1.193317E-15
1300.  1.194022E-15
1301.  1.194921E-15
1302.  1.196009E-15
1303.  1.197280E-15
1304.  1.198727E-15
1305.  1.200344E-15
1306.  1.202123E-15
1307.  1.204058E-15
1308.  1.206140E-15
1309.  1.208362E-15
1310.  1.210716E-15
1311.  1.213192E-15
1312.  1.215784E-15
1313.  1.218481E-15
1314.  1.221276E-15
1315.  1.224159E-15
1316.  1.227122E-15
1317.  1.230155E-15
1318.  1.233249E-15
1319.  1.236395E-15
1320.  1.239585E-15
1321.  1.242808E-15
1322.  1.246057E-15
1323.  1.249321E-15
1324.  1.252593E-15
1325.  1.255864E-15
1326.  1.259124E-15
1327.  1.262366E-15
1328.  1.265581E-15
1329.  1.268762E-15
1330.  1.271900E-15
1331.  1.274988E-15
1332.  1.278019E-15
1333.  1.280986E-15
1334.  1.283881E-15
1335.  1.286699E-15
1336.  1.289434E-15
1337.  1.292079E-15
1338.  1.294629E-15
1339.  1.297080E-15
1340.  1.299426E-15
1341.  1.301663E-15
1342.  1.303787E-15
1343.  1.305794E-15
1344.  1.307683E-15
1345.  1.309449E-15
1346.  1.311089E-15
1347.  1.312604E-15
1348.  1.313991E-15
1349.  1.315248E-15
1350.  1.316376E-15
1351.  1.317373E-15
1352.  1.318241E-15
1353.  1.318979E-15
1354.  1.319590E-15
1355.  1.320073E-15
1356.  1.320432E-15
1357.  1.320667E-15
1358.  1.320783E-15
1359.  1.320781E-15
1360.  1.320666E-15
1361.  1.320441E-15
1362.  1.320110E-15
1363.  1.319677E-15
1364.  1.319148E-15
1365.  1.318528E-15
1366.  1.317821E-15
1367.  1.317034E-15
1368.  1.316172E-15
1369.  1.315242E-15
1370.  1.314251E-15
1371.  1.313204E-15
1372.  1.312109E-15
1373.  1.310973E-15
1374.  1.309803E-15
1375.  1.308606E-15
1376.  1.307390E-15
1377.  1.306163E-15
1378.  1.304932E-15
1379.  1.303705E-15
1380.  1.302490E-15
1381.  1.301294E-15
1382.  1.300126E-15
1383.  1.298993E-15
1384.  1.297904E-15
1385.  1.296864E-15
1386.  1.295884E-15
1387.  1.294969E-15
1388.  1.294127E-15
1389.  1.293367E-15
1390.  1.292694E-15
1391.  1.292116E-15
1392.  1.291640E-15
1393.  1.291273E-15
1394.  1.291020E-15
1395.  1.290888E-15
1396.  1.290884E-15
1397.  1.291012E-15
1398.  1.291279E-15
1399.  1.291690E-15
1400.  1.292249E-15
1401.  1.292962E-15
1402.  1.293833E-15
1403.  1.294866E-15
1404.  1.296065E-15
1405.  1.297433E-15
1406.  1.298975E-15
1407.  1.300693E-15
1408.  1.302590E-15
1409.  1.304668E-15
1410.  1.306929E-15
1411.  1.309376E-15
1412.  1.312011E-15
1413.  1.314834E-15
1414.  1.317847E-15
1415.  1.321050E-15
1416.  1.324445E-15
1417.  1.328032E-15
1418.  1.331810E-15
1419.  1.335781E-15
1420.  1.339943E-15
1421.  1.344295E-15
1422.  1.348839E-15
1423.  1.353572E-15
1424.  1.358493E-15
1425.  1.363602E-15
1426.  1.368896E-15
1427.  1.374374E-15
1428.  1.380035E-15
1429.  1.385876E-15
1430.  1.391895E-15
1431.  1.398091E-15
1432.  1.404461E-15
1433.  1.411002E-15
1434.  1.417711E-15
1435.  1.424587E-15
1436.  1.431627E-15
1437.  1.438826E-15
1438.  1.446183E-15
1439.  1.453693E-15
1440.  1.461355E-15
1441.  1.469164E-15
1442.  1.477117E-15
1443.  1.485210E-15
1444.  1.493439E-15
1445.  1.501801E-15
1446.  1.510292E-15
1447.  1.518907E-15
1448.  1.527643E-15
1449.  1.536495E-15
1450.  1.545458E-15
1451.  1.554529E-15
1452.  1.563702E-15
1453.  1.572973E-15
1454.  1.582336E-15
1455.  1.591787E-15
1456.  1.601321E-15
1457.  1.610932E-15
1458.  1.620614E-15
1459.  1.630363E-15
1460.  1.640173E-15
1461.  1.650037E-15
1462.  1.659950E-15
1463.  1.669906E-15
1464.  1.679899E-15
1465.  1.689923E-15
1466.  1.699971E-15
1467.  1.710036E-15
1468.  1.720113E-15
1469.  1.730195E-15
1470.  1.740275E-15
1471.  1.750347E-15
1472.  1.760404E-15
1473.  1.770438E-15
1474.  1.780443E-15
1475.  1.790414E-15
1476.  1.800341E-15
1477.  1.810220E-15
1478.  1.820043E-15
1479.  1.829802E-15
1480.  1.839493E-15
1481.  1.849107E-15
1482.  1.858639E-15
1483.  1.868082E-15
1484.  1.877430E-15
1485.  1.886677E-15
1486.  1.895816E-15
1487.  1.904843E-15
1488.  1.913750E-15
1489.  1.922532E-15
1490.  1.931186E-15
1491.  1.939704E-15
1492.  1.948082E-15
1493.  1.956316E-15
1494.  1.964401E-15
1495.  1.972334E-15
1496.  1.980109E-15
1497.  1.987724E-15
1498.  1.995175E-15
1499.  2.002459E-15
1500.  2.009573E-15
1501.  2.016516E-15
1502.  2.023283E-15
1503.  2.029875E-15
1504.  2.036289E-15
1505.  2.042523E-15
1506.  2.048576E-15
1507.  2.054448E-15
1508.  2.060138E-15
1509.  2.065647E-15
1510.  2.070973E-15
1511.  2.076117E-15
1512.  2.081079E-15
1513.  2.085861E-15
1514.  2.090462E-15
1515.  2.094884E-15
1516.  2.099129E-15
1517.  2.103198E-15
1518.  2.107092E-15
1519.  2.110813E-15
1520.  2.114363E-15
1521.  2.117744E-15
1522.  2.120958E-15
1523.  2.124007E-15
1524.  2.126893E-15
1525.  2.129618E-15
1526.  2.132186E-15
1527.  2.134598E-15
1528.  2.136856E-15
1529.  2.138962E-15
1530.  2.140919E-15
1531.  2.142730E-15
1532.  2.144395E-15
1533.  2.145918E-15
1534.  2.147300E-15
1535.  2.148543E-15
1536.  2.149649E-15
1537.  2.150620E-15
1538.  2.151456E-15
1539.  2.152161E-15
1540.  2.152735E-15
1541.  2.153178E-15
1542.  2.153494E-15
1543.  2.153680E-15
1544.  2.153741E-15
1545.  2.153674E-15
1546.  2.153483E-15
1547.  2.153166E-15
1548.  2.152724E-15
1549.  2.152157E-15
1550.  2.151467E-15
1551.  2.150651E-15
1552.  2.149711E-15
1553.  2.148646E-15
1554.  2.147456E-15
1555.  2.146141E-15
1556.  2.144701E-15
1557.  2.143135E-15
1558.  2.141442E-15
1559.  2.139624E-15
1560.  2.137679E-15
1561.  2.135606E-15
1562.  2.133407E-15
1563.  2.131080E-15
1564.  2.128626E-15
1565.  2.126044E-15
1566.  2.123335E-15
1567.  2.120498E-15
1568.  2.117535E-15
1569.  2.114446E-15
1570.  2.111230E-15
1571.  2.107890E-15
1572.  2.104425E-15
1573.  2.100838E-15
1574.  2.097130E-15
1575.  2.093301E-15
1576.  2.089354E-15
1577.  2.085291E-15
1578.  2.081113E-15
1579.  2.076824E-15
1580.  2.072426E-15
1581.  2.067921E-15
1582.  2.063313E-15
1583.  2.058605E-15
1584.  2.053799E-15
1585.  2.048901E-15
1586.  2.043913E-15
1587.  2.038839E-15
1588.  2.033684E-15
1589.  2.028452E-15
1590.  2.023147E-15
1591.  2.017773E-15
1592.  2.012336E-15
1593.  2.006839E-15
1594.  2.001288E-15
1595.  1.995688E-15
1596.  1.990042E-15
1597.  1.984357E-15
1598.  1.978637E-15
1599.  1.972886E-15
1600.  1.967109E-15
1601.  1.961311E-15
1602.  1.955496E-15
1603.  1.949668E-15
1604.  1.943833E-15
1605.  1.937993E-15
1606.  1.932152E-15
1607.  1.926315E-15
1608.  1.920485E-15
1609.  1.914664E-15
1610.  1.908855E-15
1611.  1.903061E-15
1612.  1.897285E-15
1613.  1.891527E-15
1614.  1.885790E-15
1615.  1.880074E-15
1616.  1.874381E-15
1617.  1.868711E-15
1618.  1.863064E-15
1619.  1.857439E-15
1620.  1.851836E-15
1621.  1.846254E-15
1622.  1.840692E-15
1623.  1.835147E-15
1624.  1.829617E-15
1625.  1.824099E-15
1626.  1.818592E-15
1627.  1.813090E-15
1628.  1.807591E-15
1629.  1.802090E-15
1630.  1.796584E-15
1631.  1.791067E-15
1632.  1.785534E-15
1633.  1.779981E-15
1634.  1.774401E-15
1635.  1.768789E-15
1636.  1.763140E-15
1637.  1.757447E-15
1638.  1.751704E-15
1639.  1.745904E-15
1640.  1.740042E-15
1641.  1.734110E-15
1642.  1.728102E-15
1643.  1.722012E-15
1644.  1.715832E-15
1645.  1.709556E-15
1646.  1.703179E-15
1647.  1.696692E-15
1648.  1.690090E-15
1649.  1.683367E-15
1650.  1.676516E-15
1651.  1.669532E-15
1652.  1.662409E-15
1653.  1.655141E-15
1654.  1.647723E-15
1655.  1.640151E-15
1656.  1.632419E-15
1657.  1.624523E-15
1658.  1.616459E-15
1659.  1.608224E-15
1660.  1.599813E-15
1661.  1.591224E-15
1662.  1.582453E-15
1663.  1.573500E-15
1664.  1.564361E-15
1665.  1.555035E-15
1666.  1.545522E-15
1667.  1.535819E-15
1668.  1.525927E-15
1669.  1.515846E-15
1670.  1.505577E-15
1671.  1.495119E-15
1672.  1.484476E-15
1673.  1.473647E-15
1674.  1.462636E-15
1675.  1.451445E-15
1676.  1.440076E-15
1677.  1.428534E-15
1678.  1.416821E-15
1679.  1.404942E-15
1680.  1.392900E-15
1681.  1.380702E-15
1682.  1.368353E-15
1683.  1.355857E-15
1684.  1.343220E-15
1685.  1.330449E-15
1686.  1.317549E-15
1687.  1.304528E-15
1688.  1.291394E-15
1689.  1.278151E-15
1690.  1.264810E-15
1691.  1.251376E-15
1692.  1.237859E-15
1693.  1.224266E-15
1694.  1.210605E-15
1695.  1.196886E-15
1696.  1.183116E-15
1697.  1.169305E-15
1698.  1.155461E-15
1699.  1.141593E-15
1700.  1.127711E-15
1701.  1.113823E-15
1702.  1.099939E-15
1703.  1.086068E-15
1704.  1.072219E-15
1705.  1.058400E-15
1706.  1.044622E-15
1707.  1.030893E-15
1708.  1.017222E-15
1709.  1.003618E-15
1710.  9.900898E-16
1711.  9.766455E-16
1712.  9.632935E-16
1713.  9.500423E-16
1714.  9.368998E-16
1715.  9.238737E-16
1716.  9.109713E-16
1717.  8.982003E-16
1718.  8.855677E-16
1719.  8.730797E-16
1720.  8.607430E-16
1721.  8.485637E-16
1722.  8.365478E-16
1723.  8.247002E-16
1724.  8.130260E-16
1725.  8.015301E-16
1726.  7.902168E-16
1727.  7.790900E-16
1728.  7.681528E-16
1729.  7.574089E-16
1730.  7.468608E-16
1731.  7.365104E-16
1732.  7.263603E-16
1733.  7.164115E-16
1734.  7.066652E-16
1735.  6.971219E-16
1736.  6.877824E-16
1737.  6.786459E-16
1738.  6.697122E-16
1739.  6.609805E-16
1740.  6.524495E-16
1741.  6.441175E-16
1742.  6.359824E-16
1743.  6.280422E-16
1744.  6.202939E-16
1745.  6.127348E-16
1746.  6.053618E-16
1747.  5.981711E-16
1748.  5.911592E-16
1749.  5.843218E-16
1750.  5.776550E-16
1751.  5.711542E-16
1752.  5.648151E-16
1753.  5.586326E-16
1754.  5.526022E-16
1755.  5.467189E-16
1756.  5.409774E-16
1757.  5.353730E-16
1758.  5.299002E-16
1759.  5.245540E-16
1760.  5.193293E-16
1761.  5.142210E-16
1762.  5.092239E-16
1763.  5.043331E-16
1764.  4.995435E-16
1765.  4.948505E-16
1766.  4.902492E-16
1767.  4.857354E-16
1768.  4.813042E-16
1769.  4.769518E-16
1770.  4.726739E-16
1771.  4.684670E-16
1772.  4.643272E-16
1773.  4.602511E-16
1774.  4.562356E-16
1775.  4.522778E-16
1776.  4.483750E-16
1777.  4.445249E-16
1778.  4.407251E-16
1779.  4.369737E-16
1780.  4.332692E-16
1781.  4.296101E-16
1782.  4.259953E-16
1783.  4.224239E-16
1784.  4.188952E-16
1785.  4.154089E-16
1786.  4.119646E-16
1787.  4.085628E-16
1788.  4.052036E-16
1789.  4.018873E-16
1790.  3.986149E-16
1791.  3.953871E-16
1792.  3.922049E-16
1793.  3.890700E-16
1794.  3.859835E-16
1795.  3.829467E-16
1796.  3.799617E-16
1797.  3.770300E-16
1798.  3.741536E-16
1799.  3.713344E-16
1800.  3.685745E-16
1801.  3.658759E-16
1802.  3.632407E-16
1803.  3.606709E-16
1804.  3.581690E-16
1805.  3.557366E-16
1806.  3.533763E-16
1807.  3.510898E-16
1808.  3.488793E-16
1809.  3.467469E-16
1810.  3.446940E-16
1811.  3.427229E-16
1812.  3.408348E-16
1813.  3.390317E-16
1814.  3.373148E-16
1815.  3.356856E-16
1816.  3.341453E-16
1817.  3.326948E-16
1818.  3.313352E-16
1819.  3.300671E-16
1820.  3.288913E-16
1821.  3.278081E-16
1822.  3.268179E-16
1823.  3.259206E-16
1824.  3.251165E-16
1825.  3.244051E-16
1826.  3.237862E-16
1827.  3.232591E-16
1828.  3.228232E-16
1829.  3.224775E-16
1830.  3.222211E-16
1831.  3.220528E-16
1832.  3.219712E-16
1833.  3.219750E-16
1834.  3.220624E-16
1835.  3.222317E-16
1836.  3.224812E-16
1837.  3.228087E-16
1838.  3.232122E-16
1839.  3.236895E-16
1840.  3.242382E-16
1841.  3.248561E-16
1842.  3.255408E-16
1843.  3.262895E-16
1844.  3.271000E-16
1845.  3.279693E-16
1846.  3.288950E-16
1847.  3.298743E-16
1848.  3.309045E-16
1849.  3.319829E-16
1850.  3.331067E-16
1851.  3.342735E-16
1852.  3.354801E-16
1853.  3.367241E-16
1854.  3.380029E-16
1855.  3.393141E-16
1856.  3.406546E-16
1857.  3.420224E-16
1858.  3.434151E-16
1859.  3.448301E-16
1860.  3.462654E-16
1861.  3.477187E-16
1862.  3.491881E-16
1863.  3.506716E-16
1864.  3.521674E-16
1865.  3.536738E-16
1866.  3.551891E-16
1867.  3.567120E-16
1868.  3.582413E-16
1869.  3.597757E-16
1870.  3.613141E-16
1871.  3.628558E-16
1872.  3.644000E-16
1873.  3.659462E-16
1874.  3.674939E-16
1875.  3.690429E-16
1876.  3.705933E-16
1877.  3.721449E-16
1878.  3.736983E-16
1879.  3.752536E-16
1880.  3.768114E-16
1881.  3.783727E-16
1882.  3.799384E-16
1883.  3.815095E-16
1884.  3.830872E-16
1885.  3.846731E-16
1886.  3.862685E-16
1887.  3.878754E-16
1888.  3.894957E-16
1889.  3.911313E-16
1890.  3.927845E-16
1891.  3.944576E-16
1892.  3.961532E-16
1893.  3.978738E-16
1894.  3.996223E-16
1895.  4.014013E-16
1896.  4.032143E-16
1897.  4.050641E-16
1898.  4.069540E-16
1899.  4.088876E-16
1900.  4.108679E-16
1901.  4.128990E-16
1902.  4.149842E-16
1903.  4.171273E-16
1904.  4.193322E-16
1905.  4.216027E-16
1906.  4.239428E-16
1907.  4.263565E-16
1908.  4.288478E-16
1909.  4.314207E-16
1910.  4.340797E-16
1911.  4.368285E-16
1912.  4.396714E-16
1913.  4.426126E-16
1914.  4.456563E-16
1915.  4.488067E-16
1916.  4.520677E-16
1917.  4.554438E-16
1918.  4.589389E-16
1919.  4.625569E-16
1920.  4.663018E-16
1921.  4.701777E-16
1922.  4.741884E-16
1923.  4.783378E-16
1924.  4.826294E-16
1925.  4.870669E-16
1926.  4.916537E-16
1927.  4.963932E-16
1928.  5.012888E-16
1929.  5.063434E-16
1930.  5.115601E-16
1931.  5.169418E-16
1932.  5.224908E-16
1933.  5.282099E-16
1934.  5.341013E-16
1935.  5.401670E-16
1936.  5.464089E-16
1937.  5.528288E-16
1938.  5.594280E-16
1939.  5.662077E-16
1940.  5.731690E-16
1941.  5.803122E-16
1942.  5.876382E-16
1943.  5.951468E-16
1944.  6.028380E-16
1945.  6.107113E-16
1946.  6.187658E-16
1947.  6.270007E-16
1948.  6.354143E-16
1949.  6.440050E-16
1950.  6.527706E-16
1951.  6.617085E-16
1952.  6.708162E-16
1953.  6.800903E-16
1954.  6.895271E-16
1955.  6.991228E-16
1956.  7.088728E-16
1957.  7.187726E-16
1958.  7.288168E-16
1959.  7.389999E-16
1960.  7.493159E-16
1961.  7.597583E-16
1962.  7.703205E-16
1963.  7.809951E-16
1964.  7.917745E-16
1965.  8.026506E-16
1966.  8.136153E-16
1967.  8.246592E-16
1968.  8.357733E-16
1969.  8.469481E-16
1970.  8.581737E-16
1971.  8.694395E-16
1972.  8.807350E-16
1973.  8.920489E-16
1974.  9.033704E-16
1975.  9.146876E-16
1976.  9.259887E-16
1977.  9.372612E-16
1978.  9.484931E-16
1979.  9.596722E-16
1980.  9.707847E-16
1981.  9.818187E-16
1982.  9.927605E-16
1983.  1.003598E-15
1984.  1.014316E-15
1985.  1.024904E-15
1986.  1.035346E-15
1987.  1.045631E-15
1988.  1.055746E-15
1989.  1.065677E-15
1990.  1.075411E-15
1991.  1.084936E-15
1992.  1.094240E-15
1993.  1.103310E-15
1994.  1.112135E-15
1995.  1.120703E-15
1996.  1.129003E-15
1997.  1.137026E-15
1998.  1.144760E-15
1999.  1.152195E-15
2000.  1.159324E-15
2001.  1.166137E-15
2002.  1.172627E-15
2003.  1.178786E-15
2004.  1.184607E-15
2005.  1.190086E-15
2006.  1.195216E-15
2007.  1.199993E-15
2008.  1.204415E-15
2009.  1.208477E-15
2010.  1.212179E-15
2011.  1.215518E-15
2012.  1.218496E-15
2013.  1.221111E-15
2014.  1.223367E-15
2015.  1.225265E-15
2016.  1.226809E-15
2017.  1.228002E-15
2018.  1.228850E-15
2019.  1.229358E-15
2020.  1.229534E-15
2021.  1.229385E-15
2022.  1.228919E-15
2023.  1.228146E-15
2024.  1.227076E-15
2025.  1.225719E-15
2026.  1.224088E-15
2027.  1.222194E-15
2028.  1.220050E-15
2029.  1.217670E-15
2030.  1.215068E-15
2031.  1.212259E-15
2032.  1.209258E-15
2033.  1.206081E-15
2034.  1.202744E-15
2035.  1.199264E-15
2036.  1.195657E-15
2037.  1.191940E-15
2038.  1.188131E-15
2039.  1.184248E-15
2040.  1.180308E-15
2041.  1.176329E-15
2042.  1.172328E-15
2043.  1.168323E-15
2044.  1.164332E-15
2045.  1.160373E-15
2046.  1.156461E-15
2047.  1.152616E-15
2048.  1.148852E-15
2049.  1.145186E-15
2050.  1.141635E-15
2051.  1.138212E-15
2052.  1.134935E-15
2053.  1.131815E-15
2054.  1.128868E-15
2055.  1.126106E-15
2056.  1.123541E-15
2057.  1.121185E-15
2058.  1.119049E-15
2059.  1.117143E-15
2060.  1.115475E-15
2061.  1.114055E-15
2062.  1.112889E-15
2063.  1.111984E-15
2064.  1.111345E-15
2065.  1.110978E-15
2066.  1.110884E-15
2067.  1.111068E-15
2068.  1.111531E-15
2069.  1.112273E-15
2070.  1.113293E-15
2071.  1.114591E-15
2072.  1.116164E-15
2073.  1.118009E-15
2074.  1.120120E-15
2075.  1.122494E-15
2076.  1.125122E-15
2077.  1.127999E-15
2078.  1.131116E-15
2079.  1.134463E-15
2080.  1.138031E-15
2081.  1.141810E-15
2082.  1.145786E-15
2083.  1.149948E-15
2084.  1.154283E-15
2085.  1.158776E-15
2086.  1.163415E-15
2087.  1.168182E-15
2088.  1.173063E-15
2089.  1.178040E-15
2090.  1.183099E-15
2091.  1.188221E-15
2092.  1.193388E-15
2093.  1.198584E-15
2094.  1.203789E-15
2095.  1.208986E-15
2096.  1.214155E-15
2097.  1.219280E-15
2098.  1.224339E-15
2099.  1.229316E-15
2100.  1.234191E-15
2101.  1.238945E-15
2102.  1.243561E-15
2103.  1.248021E-15
2104.  1.252306E-15
2105.  1.256399E-15
2106.  1.260282E-15
2107.  1.263940E-15
2108.  1.267356E-15
2109.  1.270514E-15
2110.  1.273399E-15
2111.  1.275997E-15
2112.  1.278294E-15
2113.  1.280276E-15
2114.  1.281932E-15
2115.  1.283250E-15
2116.  1.284218E-15
2117.  1.284828E-15
2118.  1.285069E-15
2119.  1.284935E-15
2120.  1.284417E-15
2121.  1.283509E-15
2122.  1.282206E-15
2123.  1.280504E-15
2124.  1.278398E-15
2125.  1.275888E-15
2126.  1.272970E-15
2127.  1.269645E-15
2128.  1.265913E-15
2129.  1.261776E-15
2130.  1.257236E-15
2131.  1.252297E-15
2132.  1.246962E-15
2133.  1.241238E-15
2134.  1.235130E-15
2135.  1.228645E-15
2136.  1.221791E-15
2137.  1.214578E-15
2138.  1.207014E-15
2139.  1.199110E-15
2140.  1.190877E-15
2141.  1.182326E-15
2142.  1.173471E-15
2143.  1.164324E-15
2144.  1.154898E-15
2145.  1.145208E-15
2146.  1.135268E-15
2147.  1.125094E-15
2148.  1.114700E-15
2149.  1.104103E-15
2150.  1.093319E-15
2151.  1.082365E-15
2152.  1.071256E-15
2153.  1.060010E-15
2154.  1.048644E-15
2155.  1.037174E-15
2156.  1.025618E-15
2157.  1.013994E-15
2158.  1.002317E-15
2159.  9.906057E-16
2160.  9.788760E-16
2161.  9.671452E-16
2162.  9.554296E-16
2163.  9.437455E-16
2164.  9.321091E-16
2165.  9.205361E-16
2166.  9.090421E-16
2167.  8.976421E-16
2168.  8.863506E-16
2169.  8.751826E-16
2170.  8.641514E-16
2171.  8.532708E-16
2172.  8.425535E-16
2173.  8.320125E-16
2174.  8.216597E-16
2175.  8.115065E-16
2176.  8.015639E-16
2177.  7.918427E-16
2178.  7.823528E-16
2179.  7.731034E-16
2180.  7.641036E-16
2181.  7.553617E-16
2182.  7.468857E-16
2183.  7.386826E-16
2184.  7.307593E-16
2185.  7.231219E-16
2186.  7.157761E-16
2187.  7.087273E-16
2188.  7.019797E-16
2189.  6.955377E-16
2190.  6.894049E-16
2191.  6.835842E-16
2192.  6.780785E-16
2193.  6.728901E-16
2194.  6.680204E-16
2195.  6.634711E-16
2196.  6.592427E-16
2197.  6.553360E-16
2198.  6.517511E-16
2199.  6.484874E-16
2200.  6.455446E-16
2201.  6.429216E-16
2202.  6.406172E-16
2203.  6.386295E-16
2204.  6.369569E-16
2205.  6.355972E-16
2206.  6.345479E-16
2207.  6.338060E-16
2208.  6.333690E-16
2209.  6.332336E-16
2210.  6.333965E-16
2211.  6.338540E-16
2212.  6.346027E-16
2213.  6.356384E-16
2214.  6.369574E-16
2215.  6.385555E-16
2216.  6.404282E-16
2217.  6.425714E-16
2218.  6.449806E-16
2219.  6.476514E-16
2220.  6.505789E-16
2221.  6.537586E-16
2222.  6.571857E-16
2223.  6.608554E-16
2224.  6.647628E-16
2225.  6.689033E-16
2226.  6.732718E-16
2227.  6.778633E-16
2228.  6.826731E-16
2229.  6.876960E-16
2230.  6.929274E-16
2231.  6.983618E-16
2232.  7.039947E-16
2233.  7.098208E-16
2234.  7.158353E-16
2235.  7.220333E-16
2236.  7.284095E-16
2237.  7.349592E-16
2238.  7.416771E-16
2239.  7.485585E-16
2240.  7.555982E-16
2241.  7.627913E-16
2242.  7.701326E-16
2243.  7.776170E-16
2244.  7.852397E-16
2245.  7.929953E-16
2246.  8.008789E-16
2247.  8.088850E-16
2248.  8.170089E-16
2249.  8.252448E-16
2250.  8.335879E-16
2251.  8.420326E-16
2252.  8.505734E-16
2253.  8.592051E-16
2254.  8.679219E-16
2255.  8.767184E-16
2256.  8.855889E-16
2257.  8.945276E-16
2258.  9.035288E-16
2259.  9.125863E-16
2260.  9.216945E-16
2261.  9.308471E-16
2262.  9.400381E-16
2263.  9.492611E-16
2264.  9.585099E-16
2265.  9.677781E-16
2266.  9.770593E-16
2267.  9.863466E-16
2268.  9.956337E-16
2269.  1.004914E-15
2270.  1.014180E-15
2271.  1.023426E-15
2272.  1.032644E-15
2273.  1.041828E-15
2274.  1.050970E-15
2275.  1.060064E-15
2276.  1.069103E-15
2277.  1.078079E-15
2278.  1.086986E-15
2279.  1.095816E-15
2280.  1.104562E-15
2281.  1.113219E-15
2282.  1.121778E-15
2283.  1.130232E-15
2284.  1.138576E-15
2285.  1.146803E-15
2286.  1.154905E-15
2287.  1.162878E-15
2288.  1.170713E-15
2289.  1.178406E-15
2290.  1.185951E-15
2291.  1.193341E-15
2292.  1.200572E-15
2293.  1.207638E-15
2294.  1.214534E-15
2295.  1.221256E-15
2296.  1.227799E-15
2297.  1.234159E-15
2298.  1.240332E-15
2299.  1.246315E-15
2300.  1.252104E-15
2301.  1.257697E-15
2302.  1.263091E-15
2303.  1.268285E-15
2304.  1.273276E-15
2305.  1.278063E-15
2306.  1.282646E-15
2307.  1.287024E-15
2308.  1.291196E-15
2309.  1.295164E-15
2310.  1.298928E-15
2311.  1.302488E-15
2312.  1.305848E-15
2313.  1.309007E-15
2314.  1.311969E-15
2315.  1.314738E-15
2316.  1.317314E-15
2317.  1.319704E-15
2318.  1.321909E-15
2319.  1.323935E-15
2320.  1.325786E-15
2321.  1.327467E-15
2322.  1.328984E-15
2323.  1.330342E-15
2324.  1.331546E-15
2325.  1.332604E-15
2326.  1.333522E-15
2327.  1.334306E-15
2328.  1.334962E-15
2329.  1.335500E-15
2330.  1.335925E-15
2331.  1.336245E-15
2332.  1.336468E-15
2333.  1.336601E-15
2334.  1.336653E-15
2335.  1.336630E-15
2336.  1.336542E-15
2337.  1.336396E-15
2338.  1.336200E-15
2339.  1.335962E-15
2340.  1.335690E-15
2341.  1.335391E-15
2342.  1.335074E-15
2343.  1.334747E-15
2344.  1.334416E-15
2345.  1.334089E-15
2346.  1.333774E-15
2347.  1.333477E-15
2348.  1.333205E-15
2349.  1.332965E-15
2350.  1.332764E-15
2351.  1.332608E-15
2352.  1.332502E-15
2353.  1.332452E-15
2354.  1.332464E-15
2355.  1.332542E-15
2356.  1.332692E-15
2357.  1.332918E-15
2358.  1.333224E-15
2359.  1.333613E-15
2360.  1.334091E-15
2361.  1.334658E-15
2362.  1.335319E-15
2363.  1.336077E-15
2364.  1.336931E-15
2365.  1.337886E-15
2366.  1.338942E-15
2367.  1.340101E-15
2368.  1.341362E-15
2369.  1.342727E-15
2370.  1.344195E-15
2371.  1.345766E-15
2372.  1.347441E-15
2373.  1.349217E-15
2374.  1.351094E-15
2375.  1.353069E-15
2376.  1.355142E-15
2377.  1.357309E-15
2378.  1.359570E-15
2379.  1.361920E-15
2380.  1.364357E-15
2381.  1.366878E-15
2382.  1.369479E-15
2383.  1.372157E-15
2384.  1.374908E-15
2385.  1.377727E-15
2386.  1.380610E-15
2387.  1.383553E-15
2388.  1.386551E-15
2389.  1.389599E-15
2390.  1.392692E-15
2391.  1.395826E-15
2392.  1.398994E-15
2393.  1.402192E-15
2394.  1.405414E-15
2395.  1.408655E-15
2396.  1.411908E-15
2397.  1.415169E-15
2398.  1.418432E-15
2399.  1.421690E-15
2400.  1.424939E-15
2401.  1.428173E-15
2402.  1.431385E-15
2403.  1.434571E-15
2404.  1.437724E-15
2405.  1.440838E-15
2406.  1.443910E-15
2407.  1.446932E-15
2408.  1.449900E-15
2409.  1.452807E-15
2410.  1.455650E-15
2411.  1.458423E-15
2412.  1.461120E-15
2413.  1.463737E-15
2414.  1.466269E-15
2415.  1.468712E-15
2416.  1.471060E-15
2417.  1.473310E-15
2418.  1.475458E-15
2419.  1.477498E-15
2420.  1.479428E-15
2421.  1.481243E-15
2422.  1.482940E-15
2423.  1.484515E-15
2424.  1.485965E-15
2425.  1.487287E-15
2426.  1.488477E-15
2427.  1.489533E-15
2428.  1.490452E-15
2429.  1.491231E-15
2430.  1.491868E-15
2431.  1.492360E-15
2432.  1.492705E-15
2433.  1.492901E-15
2434.  1.492946E-15
2435.  1.492839E-15
2436.  1.492576E-15
2437.  1.492158E-15
2438.  1.491582E-15
2439.  1.490846E-15
2440.  1.489950E-15
2441.  1.488892E-15
2442.  1.487672E-15
2443.  1.486287E-15
2444.  1.484738E-15
2445.  1.483023E-15
2446.  1.481142E-15
2447.  1.479093E-15
2448.  1.476877E-15
2449.  1.474492E-15
2450.  1.471939E-15
2451.  1.469217E-15
2452.  1.466325E-15
2453.  1.463264E-15
2454.  1.460034E-15
2455.  1.456634E-15
2456.  1.453064E-15
2457.  1.449326E-15
2458.  1.445418E-15
2459.  1.441342E-15
2460.  1.437097E-15
2461.  1.432685E-15
2462.  1.428107E-15
2463.  1.423362E-15
2464.  1.418453E-15
2465.  1.413379E-15
2466.  1.408143E-15
2467.  1.402746E-15
2468.  1.397188E-15
2469.  1.391473E-15
2470.  1.385601E-15
2471.  1.379575E-15
2472.  1.373396E-15
2473.  1.367067E-15
2474.  1.360590E-15
2475.  1.353967E-15
2476.  1.347203E-15
2477.  1.340298E-15
2478.  1.333257E-15
2479.  1.326082E-15
2480.  1.318778E-15
2481.  1.311346E-15
2482.  1.303792E-15
2483.  1.296119E-15
2484.  1.288331E-15
2485.  1.280432E-15
2486.  1.272426E-15
2487.  1.264318E-15
2488.  1.256113E-15
2489.  1.247814E-15
2490.  1.239428E-15
2491.  1.230959E-15
2492.  1.222412E-15
2493.  1.213792E-15
2494.  1.205105E-15
2495.  1.196355E-15
2496.  1.187550E-15
2497.  1.178693E-15
2498.  1.169791E-15
2499.  1.160849E-15
2500.  1.151873E-15
2501.  1.142869E-15
2502.  1.133843E-15
2503.  1.124801E-15
2504.  1.115747E-15
2505.  1.106689E-15
2506.  1.097632E-15
2507.  1.088582E-15
2508.  1.079545E-15
2509.  1.070526E-15
2510.  1.061531E-15
2511.  1.052565E-15
2512.  1.043636E-15
2513.  1.034747E-15
2514.  1.025904E-15
2515.  1.017113E-15
2516.  1.008378E-15
2517.  9.997051E-16
2518.  9.910993E-16
2519.  9.825648E-16
2520.  9.741066E-16
2521.  9.657291E-16
2522.  9.574365E-16
2523.  9.492332E-16
2524.  9.411228E-16
2525.  9.331097E-16
2526.  9.251969E-16
2527.  9.173879E-16
2528.  9.096859E-16
2529.  9.020937E-16
2530.  8.946141E-16
2531.  8.872492E-16
2532.  8.800015E-16
2533.  8.728729E-16
2534.  8.658647E-16
2535.  8.589787E-16
2536.  8.522157E-16
2537.  8.455768E-16
2538.  8.390623E-16
2539.  8.326726E-16
2540.  8.264075E-16
2541.  8.202668E-16
2542.  8.142499E-16
2543.  8.083561E-16
2544.  8.025839E-16
2545.  7.969319E-16
2546.  7.913987E-16
2547.  7.859815E-16
2548.  7.806787E-16
2549.  7.754874E-16
2550.  7.704051E-16
2551.  7.654283E-16
2552.  7.605538E-16
2553.  7.557783E-16
2554.  7.510976E-16
2555.  7.465078E-16
2556.  7.420051E-16
2557.  7.375846E-16
2558.  7.332419E-16
2559.  7.289726E-16
2560.  7.247716E-16
2561.  7.206340E-16
2562.  7.165547E-16
2563.  7.125286E-16
2564.  7.085506E-16
2565.  7.046155E-16
2566.  7.007179E-16
2567.  6.968527E-16
2568.  6.930150E-16
2569.  6.891992E-16
2570.  6.854003E-16
2571.  6.816135E-16
2572.  6.778340E-16
2573.  6.740569E-16
2574.  6.702776E-16
2575.  6.664920E-16
2576.  6.626956E-16
2577.  6.588848E-16
2578.  6.550558E-16
2579.  6.512050E-16
2580.  6.473294E-16
2581.  6.434261E-16
2582.  6.394925E-16
2583.  6.355265E-16
2584.  6.315262E-16
2585.  6.274898E-16
2586.  6.234165E-16
2587.  6.193053E-16
2588.  6.151558E-16
2589.  6.109679E-16
2590.  6.067421E-16
2591.  6.024788E-16
2592.  5.981792E-16
2593.  5.938452E-16
2594.  5.894780E-16
2595.  5.850803E-16
2596.  5.806544E-16
2597.  5.762035E-16
2598.  5.717308E-16
2599.  5.672399E-16
2600.  5.627347E-16
2601.  5.582197E-16
2602.  5.536991E-16
2603.  5.491782E-16
2604.  5.446616E-16
2605.  5.401550E-16
2606.  5.356640E-16
2607.  5.311938E-16
2608.  5.267505E-16
2609.  5.223405E-16
2610.  5.179696E-16
2611.  5.136441E-16
2612.  5.093703E-16
2613.  5.051546E-16
2614.  5.010034E-16
2615.  4.969228E-16
2616.  4.929196E-16
2617.  4.889995E-16
2618.  4.851689E-16
2619.  4.814340E-16
2620.  4.778004E-16
2621.  4.742741E-16
2622.  4.708605E-16
2623.  4.675650E-16
2624.  4.643927E-16
2625.  4.613482E-16
2626.  4.584366E-16
2627.  4.556614E-16
2628.  4.530272E-16
2629.  4.505372E-16
2630.  4.481948E-16
2631.  4.460029E-16
2632.  4.439642E-16
2633.  4.420805E-16
2634.  4.403535E-16
2635.  4.387847E-16
2636.  4.373751E-16
2637.  4.361246E-16
2638.  4.350337E-16
2639.  4.341018E-16
2640.  4.333283E-16
2641.  4.327115E-16
2642.  4.322500E-16
2643.  4.319412E-16
2644.  4.317830E-16
2645.  4.317719E-16
2646.  4.319051E-16
2647.  4.321780E-16
2648.  4.325867E-16
2649.  4.331262E-16
2650.  4.337919E-16
2651.  4.345779E-16
2652.  4.354785E-16
2653.  4.364878E-16
2654.  4.375991E-16
2655.  4.388057E-16
2656.  4.401003E-16
2657.  4.414755E-16
2658.  4.429239E-16
2659.  4.444376E-16
2660.  4.460081E-16
2661.  4.476273E-16
2662.  4.492868E-16
2663.  4.509778E-16
2664.  4.526917E-16
2665.  4.544192E-16
2666.  4.561518E-16
2667.  4.578800E-16
2668.  4.595948E-16
2669.  4.612874E-16
2670.  4.629483E-16
2671.  4.645685E-16
2672.  4.661390E-16
2673.  4.676508E-16
2674.  4.690952E-16
2675.  4.704631E-16
2676.  4.717463E-16
2677.  4.729361E-16
2678.  4.740246E-16
2679.  4.750034E-16
2680.  4.758648E-16
2681.  4.766015E-16
2682.  4.772062E-16
2683.  4.776718E-16
2684.  4.779917E-16
2685.  4.781597E-16
2686.  4.781699E-16
2687.  4.780165E-16
2688.  4.776942E-16
2689.  4.771987E-16
2690.  4.765252E-16
2691.  4.756696E-16
2692.  4.746285E-16
2693.  4.733986E-16
2694.  4.719773E-16
2695.  4.703624E-16
2696.  4.685521E-16
2697.  4.665447E-16
2698.  4.643397E-16
2699.  4.619364E-16
2700.  4.593348E-16
2701.  4.565354E-16
2702.  4.535393E-16
2703.  4.503474E-16
2704.  4.469617E-16
2705.  4.433845E-16
2706.  4.396183E-16
2707.  4.356662E-16
2708.  4.315312E-16
2709.  4.272177E-16
2710.  4.227295E-16
2711.  4.180714E-16
2712.  4.132479E-16
2713.  4.082645E-16
2714.  4.031265E-16
2715.  3.978398E-16
2716.  3.924103E-16
2717.  3.868446E-16
2718.  3.811490E-16
2719.  3.753302E-16
2720.  3.693954E-16
2721.  3.633515E-16
2722.  3.572058E-16
2723.  3.509657E-16
2724.  3.446386E-16
2725.  3.382324E-16
2726.  3.317545E-16
2727.  3.252126E-16
2728.  3.186146E-16
2729.  3.119680E-16
2730.  3.052809E-16
2731.  2.985609E-16
2732.  2.918157E-16
2733.  2.850527E-16
2734.  2.782798E-16
2735.  2.715044E-16
2736.  2.647336E-16
2737.  2.579750E-16
2738.  2.512357E-16
2739.  2.445225E-16
2740.  2.378425E-16
2741.  2.312020E-16
2742.  2.246080E-16
2743.  2.180666E-16
2744.  2.115842E-16
2745.  2.051664E-16
2746.  1.988195E-16
2747.  1.925486E-16
2748.  1.863595E-16
2749.  1.802572E-16
2750.  1.742469E-16
2751.  1.683332E-16
2752.  1.625206E-16
2753.  1.568138E-16
2754.  1.512169E-16
2755.  1.457336E-16
2756.  1.403680E-16
2757.  1.351234E-16
2758.  1.300034E-16
2759.  1.250109E-16
2760.  1.201492E-16
2761.  1.154207E-16
2762.  1.108283E-16
2763.  1.063741E-16
2764.  1.020606E-16
2765.  9.788956E-17
2766.  9.386278E-17
2767.  8.998214E-17
2768.  8.624893E-17
2769.  8.266457E-17
2770.  7.923005E-17
2771.  7.594636E-17
2772.  7.281433E-17
2773.  6.983439E-17
2774.  6.700724E-17
2775.  6.433295E-17
2776.  6.181181E-17
2777.  5.944339E-17
2778.  5.722780E-17
2779.  5.516448E-17
2780.  5.325294E-17
2781.  5.149254E-17
2782.  4.988218E-17
2783.  4.842079E-17
2784.  4.710744E-17
2785.  4.594053E-17
2786.  4.491855E-17
2787.  4.403974E-17
2788.  4.330221E-17
2789.  4.270393E-17
2790.  4.224263E-17
2791.  4.191611E-17
2792.  4.172159E-17
2793.  4.165636E-17
2794.  4.171785E-17
2795.  4.190264E-17
2796.  4.220770E-17
2797.  4.262963E-17
2798.  4.316505E-17
2799.  4.381030E-17
2800.  4.456134E-17
2801.  4.541444E-17
2802.  4.636545E-17
2803.  4.740990E-17
2804.  4.854392E-17
2805.  4.976259E-17
2806.  5.106159E-17
2807.  5.243596E-17
2808.  5.388115E-17
2809.  5.539211E-17
2810.  5.696387E-17
2811.  5.859132E-17
2812.  6.026941E-17
2813.  6.199281E-17
2814.  6.375641E-17
2815.  6.555486E-17
2816.  6.738272E-17
2817.  6.923491E-17
2818.  7.110601E-17
2819.  7.299042E-17
2820.  7.488318E-17
2821.  7.677883E-17
2822.  7.867204E-17
2823.  8.055786E-17
2824.  8.243098E-17
2825.  8.428642E-17
2826.  8.611912E-17
2827.  8.792419E-17
2828.  8.969712E-17
2829.  9.143289E-17
2830.  9.312734E-17
2831.  9.477583E-17
2832.  9.637435E-17
2833.  9.791877E-17
2834.  9.940530E-17
2835.  1.008301E-16
2836.  1.021897E-16
2837.  1.034809E-16
2838.  1.047004E-16
2839.  1.058456E-16
2840.  1.069136E-16
2841.  1.079019E-16
2842.  1.088084E-16
2843.  1.096310E-16
2844.  1.103680E-16
2845.  1.110180E-16
2846.  1.115795E-16
2847.  1.120513E-16
2848.  1.124329E-16
2849.  1.127235E-16
2850.  1.129229E-16
2851.  1.130308E-16
2852.  1.130474E-16
2853.  1.129730E-16
2854.  1.128082E-16
2855.  1.125537E-16
2856.  1.122104E-16
2857.  1.117797E-16
2858.  1.112628E-16
2859.  1.106613E-16
2860.  1.099769E-16
2861.  1.092116E-16
2862.  1.083676E-16
2863.  1.074468E-16
2864.  1.064517E-16
2865.  1.053849E-16
2866.  1.042490E-16
2867.  1.030466E-16
2868.  1.017808E-16
2869.  1.004543E-16
2870.  9.907027E-17
2871.  9.763172E-17
2872.  9.614188E-17
2873.  9.460375E-17
2874.  9.302071E-17
2875.  9.139604E-17
2876.  8.973273E-17
2877.  8.803445E-17
2878.  8.630414E-17
2879.  8.454526E-17
2880.  8.276077E-17
2881.  8.095407E-17
2882.  7.912831E-17
2883.  7.728640E-17
2884.  7.543149E-17
2885.  7.356654E-17
2886.  7.169431E-17
2887.  6.981787E-17
2888.  6.793969E-17
2889.  6.606248E-17
2890.  6.418869E-17
2891.  6.232089E-17
2892.  6.046136E-17
2893.  5.861222E-17
2894.  5.677563E-17
2895.  5.495357E-17
2896.  5.314798E-17
2897.  5.136065E-17
2898.  4.959298E-17
2899.  4.784677E-17
2900.  4.612326E-17
2901.  4.442383E-17
2902.  4.274981E-17
2903.  4.110208E-17
2904.  3.948163E-17
2905.  3.788944E-17
2906.  3.632617E-17
2907.  3.479252E-17
2908.  3.328903E-17
2909.  3.181630E-17
2910.  3.037459E-17
2911.  2.896426E-17
2912.  2.758564E-17
2913.  2.623876E-17
2914.  2.492380E-17
2915.  2.364071E-17
2916.  2.238952E-17
2917.  2.117013E-17
2918.  1.998252E-17
2919.  1.882632E-17
2920.  1.770142E-17
2921.  1.660758E-17
2922.  1.554456E-17
2923.  1.451195E-17
2924.  1.350950E-17
2925.  1.253685E-17
2926.  1.159370E-17
2927.  1.067961E-17
2928.  9.794244E-18
2929.  8.937251E-18
2930.  8.108383E-18
2931.  7.306940E-18
2932.  6.532884E-18
2933.  5.785568E-18
2934.  5.064878E-18
2935.  4.370487E-18
2936.  3.701921E-18
2937.  3.058876E-18
2938.  2.441213E-18
2939.  1.848522E-18
2940.  1.280422E-18
2941.  7.368517E-19
2942.  2.176412E-19
2943.  -2.777202E-19
2944.  -7.494140E-19
2945.  -1.197345E-18
2946.  -1.621953E-18
2947.  -2.023439E-18
2948.  -2.401917E-18
2949.  -2.757541E-18
2950.  -3.090567E-18
2951.  -3.401058E-18
2952.  -3.689153E-18
2953.  -3.955053E-18
2954.  -4.198947E-18
2955.  -4.421046E-18
2956.  -4.621363E-18
2957.  -4.800330E-18
2958.  -4.957763E-18
2959.  -5.094277E-18
2960.  -5.209912E-18
2961.  -5.304602E-18
2962.  -5.378968E-18
2963.  -5.433116E-18
2964.  -5.467389E-18
2965.  -5.482018E-18
2966.  -5.477370E-18
2967.  -5.453567E-18
2968.  -5.411273E-18
2969.  -5.350538E-18
2970.  -5.272237E-18
2971.  -5.176232E-18
2972.  -5.063298E-18
2973.  -4.933708E-18
2974.  -4.788258E-18
2975.  -4.627087E-18
2976.  -4.450773E-18
2977.  -4.260096E-18
2978.  -4.055436E-18
2979.  -3.837448E-18
2980.  -3.606782E-18
2981.  -3.363912E-18
2982.  -3.109459E-18
2983.  -2.844153E-18
2984.  -2.568696E-18
2985.  -2.283737E-18
2986.  -1.989640E-18
2987.  -1.687410E-18
2988.  -1.377730E-18
2989.  -1.061009E-18
2990.  -7.381390E-19
2991.  -4.097971E-19
2992.  -7.651677E-20
2993.  2.608847E-19
2994.  6.019009E-19
2995.  9.457443E-19
2996.  1.292027E-18
2997.  1.639808E-18
2998.  1.988650E-18
2999.  2.337909E-18
3000.  2.687248E-18
3001.  3.035789E-18
3002.  3.383233E-18
3003.  3.728942E-18
3004.  4.072548E-18
3005.  4.413579E-18
3006.  4.751588E-18
3007.  5.086198E-18
3008.  5.417042E-18
3009.  5.743707E-18
3010.  6.066122E-18
3011.  6.383747E-18
3012.  6.696426E-18
3013.  7.004048E-18
3014.  7.306307E-18
3015.  7.603196E-18
3016.  7.894479E-18
3017.  8.180050E-18
3018.  8.459968E-18
3019.  8.734170E-18
3020.  9.002630E-18
3021.  9.265360E-18
3022.  9.522472E-18
3023.  9.774060E-18
3024.  1.002026E-17
3025.  1.026126E-17
3026.  1.049704E-17
3027.  1.072801E-17
3028.  1.095424E-17
3029.  1.117598E-17
3030.  1.139368E-17
3031.  1.160745E-17
3032.  1.181750E-17
3033.  1.202432E-17
3034.  1.222808E-17
3035.  1.242923E-17
3036.  1.262799E-17
3037.  1.282498E-17
3038.  1.302038E-17
3039.  1.321447E-17
3040.  1.340790E-17
3041.  1.360079E-17
3042.  1.379369E-17
3043.  1.398696E-17
3044.  1.418084E-17
3045.  1.437604E-17
3046.  1.457260E-17
3047.  1.477121E-17
3048.  1.497196E-17
3049.  1.517530E-17
3050.  1.538184E-17
3051.  1.559167E-17
3052.  1.580522E-17
3053.  1.602283E-17
3054.  1.624490E-17
3055.  1.647170E-17
3056.  1.670344E-17
3057.  1.694063E-17
3058.  1.718350E-17
3059.  1.743205E-17
3060.  1.768686E-17
3061.  1.794811E-17
3062.  1.821602E-17
3063.  1.849073E-17
3064.  1.877251E-17
3065.  1.906170E-17
3066.  1.935826E-17
3067.  1.966253E-17
3068.  1.997460E-17
3069.  2.029460E-17
3070.  2.062293E-17
3071.  2.095930E-17
3072.  2.130415E-17
3073.  2.165753E-17
3074.  2.201960E-17
3075.  2.239032E-17
3076.  2.277000E-17
3077.  2.315858E-17
3078.  2.355619E-17
3079.  2.396307E-17
3080.  2.437939E-17
3081.  2.480497E-17
3082.  2.524001E-17
3083.  2.568471E-17
3084.  2.613910E-17
3085.  2.660341E-17
3086.  2.707756E-17
3087.  2.756194E-17
3088.  2.805635E-17
3089.  2.856127E-17
3090.  2.907679E-17
3091.  2.960286E-17
3092.  3.013982E-17
3093.  3.068782E-17
3094.  3.124706E-17
3095.  3.181763E-17
3096.  3.239992E-17
3097.  3.299382E-17
3098.  3.359989E-17
3099.  3.421813E-17
3100.  3.484885E-17
3101.  3.549223E-17
3102.  3.614849E-17
3103.  3.681784E-17
3104.  3.750055E-17
3105.  3.819683E-17
3106.  3.890676E-17
3107.  3.963086E-17
3108.  4.036890E-17
3109.  4.112136E-17
3110.  4.188823E-17
3111.  4.266968E-17
3112.  4.346587E-17
3113.  4.427676E-17
3114.  4.510258E-17
3115.  4.594332E-17
3116.  4.679889E-17
3117.  4.766923E-17
3118.  4.855440E-17
3119.  4.945408E-17
3120.  5.036822E-17
3121.  5.129649E-17
3122.  5.223862E-17
3123.  5.319435E-17
3124.  5.416314E-17
3125.  5.514471E-17
3126.  5.613833E-17
3127.  5.714356E-17
3128.  5.815977E-17
3129.  5.918603E-17
3130.  6.022175E-17
3131.  6.126607E-17
3132.  6.231782E-17
3133.  6.337641E-17
3134.  6.444043E-17
3135.  6.550887E-17
3136.  6.658059E-17
3137.  6.765422E-17
3138.  6.872858E-17
3139.  6.980197E-17
3140.  7.087326E-17
3141.  7.194090E-17
3142.  7.300325E-17
3143.  7.405870E-17
3144.  7.510582E-17
3145.  7.614271E-17
3146.  7.716780E-17
3147.  7.817920E-17
3148.  7.917541E-17
3149.  8.015437E-17
3150.  8.111446E-17
3151.  8.205382E-17
3152.  8.297079E-17
3153.  8.386353E-17
3154.  8.473029E-17
3155.  8.556933E-17
3156.  8.637910E-17
3157.  8.715766E-17
3158.  8.790368E-17
3159.  8.861551E-17
3160.  8.929159E-17
3161.  8.993043E-17
3162.  9.053088E-17
3163.  9.109158E-17
3164.  9.161123E-17
3165.  9.208884E-17
3166.  9.252336E-17
3167.  9.291390E-17
3168.  9.325964E-17
3169.  9.355988E-17
3170.  9.381413E-17
3171.  9.402182E-17
3172.  9.418259E-17
3173.  9.429630E-17
3174.  9.436285E-17
3175.  9.438234E-17
3176.  9.435471E-17
3177.  9.428047E-17
3178.  9.416006E-17
3179.  9.399382E-17
3180.  9.378252E-17
3181.  9.352693E-17
3182.  9.322813E-17
3183.  9.288689E-17
3184.  9.250452E-17
3185.  9.208226E-17
3186.  9.162152E-17
3187.  9.112364E-17
3188.  9.059033E-17
3189.  9.002322E-17
3190.  8.942402E-17
3191.  8.879460E-17
3192.  8.813680E-17
3193.  8.745282E-17
3194.  8.674461E-17
3195.  8.601415E-17
3196.  8.526365E-17
3197.  8.449546E-17
3198.  8.371175E-17
3199.  8.291471E-17
3200.  8.210672E-17
3201.  8.129010E-17
3202.  8.046716E-17
3203.  7.964021E-17
3204.  7.881159E-17
3205.  7.798379E-17
3206.  7.715879E-17
3207.  7.633918E-17
3208.  7.552728E-17
3209.  7.472515E-17
3210.  7.393507E-17
3211.  7.315924E-17
3212.  7.239984E-17
3213.  7.165885E-17
3214.  7.093848E-17
3215.  7.024045E-17
3216.  6.956692E-17
3217.  6.892012E-17
3218.  6.830135E-17
3219.  6.771263E-17
3220.  6.715566E-17
3221.  6.663207E-17
3222.  6.614362E-17
3223.  6.569183E-17
3224.  6.527810E-17
3225.  6.490390E-17
3226.  6.457059E-17
3227.  6.427962E-17
3228.  6.403214E-17
3229.  6.382949E-17
3230.  6.367276E-17
3231.  6.356310E-17
3232.  6.350157E-17
3233.  6.348926E-17
3234.  6.352709E-17
3235.  6.361590E-17
3236.  6.375690E-17
3237.  6.395059E-17
3238.  6.419815E-17
3239.  6.450005E-17
3240.  6.485722E-17
3241.  6.527036E-17
3242.  6.574013E-17
3243.  6.626733E-17
3244.  6.685246E-17
3245.  6.749603E-17
3246.  6.819883E-17
3247.  6.896136E-17
3248.  6.978395E-17
3249.  7.066734E-17
3250.  7.161173E-17
3251.  7.261768E-17
3252.  7.368570E-17
3253.  7.481583E-17
3254.  7.600855E-17
3255.  7.726416E-17
3256.  7.858285E-17
3257.  7.996471E-17
3258.  8.140995E-17
3259.  8.291874E-17
3260.  8.449085E-17
3261.  8.612643E-17
3262.  8.782523E-17
3263.  8.958718E-17
3264.  9.141190E-17
3265.  9.329916E-17
3266.  9.524852E-17
3267.  9.725925E-17
3268.  9.933104E-17
3269.  1.014631E-16
3270.  1.036545E-16
3271.  1.059044E-16
3272.  1.082120E-16
3273.  1.105758E-16
3274.  1.129948E-16
3275.  1.154675E-16
3276.  1.179926E-16
3277.  1.205682E-16
3278.  1.231926E-16
3279.  1.258643E-16
3280.  1.285808E-16
3281.  1.313404E-16
3282.  1.341407E-16
3283.  1.369792E-16
3284.  1.398535E-16
3285.  1.427609E-16
3286.  1.456987E-16
3287.  1.486642E-16
3288.  1.516542E-16
3289.  1.546658E-16
3290.  1.576956E-16
3291.  1.607404E-16
3292.  1.637970E-16
3293.  1.668618E-16
3294.  1.699313E-16
3295.  1.730020E-16
3296.  1.760703E-16
3297.  1.791326E-16
3298.  1.821848E-16
3299.  1.852238E-16
3300.  1.882455E-16
3301.  1.912462E-16
3302.  1.942225E-16
3303.  1.971705E-16
3304.  2.000868E-16
3305.  2.029677E-16
3306.  2.058101E-16
3307.  2.086102E-16
3308.  2.113651E-16
3309.  2.140715E-16
3310.  2.167266E-16
3311.  2.193275E-16
3312.  2.218716E-16
3313.  2.243564E-16
3314.  2.267796E-16
3315.  2.291391E-16
3316.  2.314332E-16
3317.  2.336601E-16
3318.  2.358187E-16
3319.  2.379076E-16
3320.  2.399260E-16
3321.  2.418737E-16
3322.  2.437499E-16
3323.  2.455547E-16
3324.  2.472885E-16
3325.  2.489518E-16
3326.  2.505456E-16
3327.  2.520709E-16
3328.  2.535292E-16
3329.  2.549223E-16
3330.  2.562523E-16
3331.  2.575215E-16
3332.  2.587325E-16
3333.  2.598884E-16
3334.  2.609922E-16
3335.  2.620477E-16
3336.  2.630584E-16
3337.  2.640283E-16
3338.  2.649614E-16
3339.  2.658626E-16
3340.  2.667363E-16
3341.  2.675871E-16
3342.  2.684203E-16
3343.  2.692408E-16
3344.  2.700541E-16
3345.  2.708655E-16
3346.  2.716804E-16
3347.  2.725044E-16
3348.  2.733431E-16
3349.  2.742020E-16
3350.  2.750868E-16
3351.  2.760030E-16
3352.  2.769562E-16
3353.  2.779518E-16
3354.  2.789952E-16
3355.  2.800915E-16
3356.  2.812460E-16
3357.  2.824636E-16
3358.  2.837488E-16
3359.  2.851061E-16
3360.  2.865400E-16
3361.  2.880545E-16
3362.  2.896530E-16
3363.  2.913394E-16
3364.  2.931164E-16
3365.  2.949869E-16
3366.  2.969534E-16
3367.  2.990180E-16
3368.  3.011821E-16
3369.  3.034473E-16
3370.  3.058142E-16
3371.  3.082836E-16
3372.  3.108552E-16
3373.  3.135289E-16
3374.  3.163039E-16
3375.  3.191787E-16
3376.  3.221520E-16
3377.  3.252215E-16
3378.  3.283847E-16
3379.  3.316388E-16
3380.  3.349804E-16
3381.  3.384059E-16
3382.  3.419110E-16
3383.  3.454913E-16
3384.  3.491421E-16
3385.  3.528578E-16
3386.  3.566332E-16
3387.  3.604624E-16
3388.  3.643392E-16
3389.  3.682574E-16
3390.  3.722101E-16
3391.  3.761907E-16
3392.  3.801917E-16
3393.  3.842064E-16
3394.  3.882271E-16
3395.  3.922461E-16
3396.  3.962564E-16
3397.  4.002499E-16
3398.  4.042191E-16
3399.  4.081561E-16
3400.  4.120536E-16
3401.  4.159037E-16
3402.  4.196989E-16
3403.  4.234319E-16
3404.  4.270952E-16
3405.  4.306819E-16
3406.  4.341848E-16
3407.  4.375973E-16
3408.  4.409129E-16
3409.  4.441254E-16
3410.  4.472287E-16
3411.  4.502173E-16
3412.  4.530857E-16
3413.  4.558289E-16
3414.  4.584423E-16
3415.  4.609214E-16
3416.  4.632626E-16
3417.  4.654620E-16
3418.  4.675167E-16
3419.  4.694235E-16
3420.  4.711807E-16
3421.  4.727858E-16
3422.  4.742375E-16
3423.  4.755347E-16
3424.  4.766765E-16
3425.  4.776627E-16
3426.  4.784933E-16
3427.  4.791688E-16
3428.  4.796898E-16
3429.  4.800577E-16
3430.  4.802741E-16
3431.  4.803407E-16
3432.  4.802597E-16
3433.  4.800337E-16
3434.  4.796653E-16
3435.  4.791579E-16
3436.  4.785144E-16
3437.  4.777387E-16
3438.  4.768342E-16
3439.  4.758052E-16
3440.  4.746553E-16
3441.  4.733892E-16
3442.  4.720112E-16
3443.  4.705254E-16
3444.  4.689367E-16
3445.  4.672495E-16
3446.  4.654683E-16
3447.  4.635981E-16
3448.  4.616430E-16
3449.  4.596079E-16
3450.  4.574973E-16
3451.  4.553156E-16
3452.  4.530670E-16
3453.  4.507560E-16
3454.  4.483867E-16
3455.  4.459631E-16
3456.  4.434888E-16
3457.  4.409680E-16
3458.  4.384037E-16
3459.  4.357994E-16
3460.  4.331584E-16
3461.  4.304836E-16
3462.  4.277777E-16
3463.  4.250435E-16
3464.  4.222830E-16
3465.  4.194987E-16
3466.  4.166924E-16
3467.  4.138656E-16
3468.  4.110204E-16
3469.  4.081575E-16
3470.  4.052788E-16
3471.  4.023845E-16
3472.  3.994758E-16
3473.  3.965535E-16
3474.  3.936177E-16
3475.  3.906690E-16
3476.  3.877073E-16
3477.  3.847330E-16
3478.  3.817458E-16
3479.  3.787458E-16
3480.  3.757324E-16
3481.  3.727054E-16
3482.  3.696644E-16
3483.  3.666094E-16
3484.  3.635392E-16
3485.  3.604538E-16
3486.  3.573526E-16
3487.  3.542349E-16
3488.  3.511006E-16
3489.  3.479490E-16
3490.  3.447799E-16
3491.  3.415925E-16
3492.  3.383869E-16
3493.  3.351629E-16
3494.  3.319201E-16
3495.  3.286588E-16
3496.  3.253788E-16
3497.  3.220803E-16
3498.  3.187637E-16
3499.  3.154295E-16
3500.  3.120780E-16
3501.  3.087100E-16
3502.  3.053263E-16
3503.  3.019279E-16
3504.  2.985155E-16
3505.  2.950909E-16
3506.  2.916549E-16
3507.  2.882094E-16
3508.  2.847557E-16
3509.  2.812957E-16
3510.  2.778313E-16
3511.  2.743643E-16
3512.  2.708971E-16
3513.  2.674317E-16
3514.  2.639705E-16
3515.  2.605158E-16
3516.  2.570703E-16
3517.  2.536365E-16
3518.  2.502170E-16
3519.  2.468147E-16
3520.  2.434321E-16
3521.  2.400724E-16
3522.  2.367381E-16
3523.  2.334323E-16
3524.  2.301579E-16
3525.  2.269177E-16
3526.  2.237146E-16
3527.  2.205516E-16
3528.  2.174315E-16
3529.  2.143569E-16
3530.  2.113309E-16
3531.  2.083559E-16
3532.  2.054348E-16
3533.  2.025700E-16
3534.  1.997639E-16
3535.  1.970191E-16
3536.  1.943376E-16
3537.  1.917216E-16
3538.  1.891733E-16
3539.  1.866943E-16
3540.  1.842866E-16
3541.  1.819515E-16
3542.  1.796907E-16
3543.  1.775054E-16
3544.  1.753967E-16
3545.  1.733655E-16
3546.  1.714126E-16
3547.  1.695386E-16
3548.  1.677439E-16
3549.  1.660288E-16
3550.  1.643932E-16
3551.  1.628369E-16
3552.  1.613598E-16
3553.  1.599612E-16
3554.  1.586404E-16
3555.  1.573965E-16
3556.  1.562285E-16
3557.  1.551350E-16
3558.  1.541144E-16
3559.  1.531654E-16
3560.  1.522859E-16
3561.  1.514739E-16
3562.  1.507277E-16
3563.  1.500446E-16
3564.  1.494219E-16
3565.  1.488575E-16
3566.  1.483484E-16
3567.  1.478919E-16
3568.  1.474848E-16
3569.  1.471240E-16
3570.  1.468065E-16
3571.  1.465287E-16
3572.  1.462873E-16
3573.  1.460790E-16
3574.  1.458999E-16
3575.  1.457467E-16
3576.  1.456156E-16
3577.  1.455031E-16
3578.  1.454052E-16
3579.  1.453183E-16
3580.  1.452388E-16
3581.  1.451628E-16
3582.  1.450867E-16
3583.  1.450069E-16
3584.  1.449197E-16
3585.  1.448217E-16
3586.  1.447091E-16
3587.  1.445786E-16
3588.  1.444271E-16
3589.  1.442511E-16
3590.  1.440474E-16
3591.  1.438133E-16
3592.  1.435457E-16
3593.  1.432418E-16
3594.  1.428990E-16
3595.  1.425149E-16
3596.  1.420871E-16
3597.  1.416134E-16
3598.  1.410918E-16
3599.  1.405205E-16
3600.  1.398979E-16
3601.  1.392224E-16
3602.  1.384930E-16
3603.  1.377081E-16
3604.  1.368672E-16
3605.  1.359692E-16
3606.  1.350139E-16
3607.  1.340008E-16
3608.  1.329297E-16
3609.  1.318006E-16
3610.  1.306139E-16
3611.  1.293696E-16
3612.  1.280686E-16
3613.  1.267115E-16
3614.  1.252992E-16
3615.  1.238327E-16
3616.  1.223133E-16
3617.  1.207425E-16
3618.  1.191216E-16
3619.  1.174523E-16
3620.  1.157365E-16
3621.  1.139760E-16
3622.  1.121729E-16
3623.  1.103295E-16
3624.  1.084477E-16
3625.  1.065301E-16
3626.  1.045788E-16
3627.  1.025966E-16
3628.  1.005859E-16
3629.  9.854933E-17
3630.  9.648957E-17
3631.  9.440917E-17
3632.  9.231087E-17
3633.  9.019737E-17
3634.  8.807149E-17
3635.  8.593580E-17
3636.  8.379323E-17
3637.  8.164635E-17
3638.  7.949773E-17
3639.  7.735019E-17
3640.  7.520631E-17
3641.  7.306860E-17
3642.  7.093954E-17
3643.  6.882170E-17
3644.  6.671723E-17
3645.  6.462870E-17
3646.  6.255828E-17
3647.  6.050816E-17
3648.  5.848021E-17
3649.  5.647664E-17
3650.  5.449949E-17
3651.  5.255042E-17
3652.  5.063107E-17
3653.  4.874324E-17
3654.  4.688848E-17
3655.  4.506819E-17
3656.  4.328391E-17
3657.  4.153676E-17
3658.  3.982779E-17
3659.  3.815833E-17
3660.  3.652936E-17
3661.  3.494160E-17
3662.  3.339600E-17
3663.  3.189322E-17
3664.  3.043423E-17
3665.  2.901926E-17
3666.  2.764899E-17
3667.  2.632370E-17
3668.  2.504394E-17
3669.  2.380956E-17
3670.  2.262137E-17
3671.  2.147927E-17
3672.  2.038335E-17
3673.  1.933339E-17
3674.  1.832979E-17
3675.  1.737231E-17
3676.  1.646074E-17
3677.  1.559514E-17
3678.  1.477512E-17
3679.  1.400056E-17
3680.  1.327107E-17
3681.  1.258644E-17
3682.  1.194625E-17
3683.  1.135033E-17
3684.  1.079802E-17
3685.  1.028894E-17
3686.  9.822584E-18
3687.  9.398697E-18
3688.  9.016611E-18
3689.  8.675766E-18
3690.  8.375825E-18
3691.  8.115938E-18
3692.  7.895604E-18
3693.  7.714315E-18
3694.  7.571280E-18
3695.  7.466003E-18
3696.  7.397615E-18
3697.  7.365461E-18
3698.  7.369155E-18
3699.  7.407340E-18
3700.  7.479607E-18
3701.  7.585234E-18
3702.  7.723183E-18
3703.  7.892734E-18
3704.  8.092931E-18
3705.  8.322982E-18
3706.  8.581872E-18
3707.  8.868627E-18
3708.  9.182269E-18
3709.  9.521827E-18
3710.  9.886234E-18
3711.  1.027444E-17
3712.  1.068517E-17
3713.  1.111763E-17
3714.  1.157026E-17
3715.  1.204221E-17
3716.  1.253223E-17
3717.  1.303878E-17
3718.  1.356077E-17
3719.  1.409703E-17
3720.  1.464617E-17
3721.  1.520678E-17
3722.  1.577750E-17
3723.  1.635705E-17
3724.  1.694399E-17
3725.  1.753677E-17
3726.  1.813429E-17
3727.  1.873482E-17
3728.  1.933715E-17
3729.  1.993993E-17
3730.  2.054139E-17
3731.  2.114055E-17
3732.  2.173557E-17
3733.  2.232528E-17
3734.  2.290840E-17
3735.  2.348342E-17
3736.  2.404903E-17
3737.  2.460399E-17
3738.  2.514686E-17
3739.  2.567651E-17
3740.  2.619179E-17
3741.  2.669136E-17
3742.  2.717418E-17
3743.  2.763911E-17
3744.  2.808538E-17
3745.  2.851167E-17
3746.  2.891728E-17
3747.  2.930122E-17
3748.  2.966278E-17
3749.  3.000116E-17
3750.  3.031567E-17
3751.  3.060578E-17
3752.  3.087082E-17
3753.  3.111040E-17
3754.  3.132418E-17
3755.  3.151172E-17
3756.  3.167273E-17
3757.  3.180703E-17
3758.  3.191456E-17
3759.  3.199526E-17
3760.  3.204904E-17
3761.  3.207608E-17
3762.  3.207644E-17
3763.  3.205048E-17
3764.  3.199836E-17
3765.  3.192043E-17
3766.  3.181704E-17
3767.  3.168875E-17
3768.  3.153606E-17
3769.  3.135948E-17
3770.  3.115963E-17
3771.  3.093712E-17
3772.  3.069279E-17
3773.  3.042721E-17
3774.  3.014122E-17
3775.  2.983581E-17
3776.  2.951151E-17
3777.  2.916939E-17
3778.  2.881032E-17
3779.  2.843514E-17
3780.  2.804491E-17
3781.  2.764035E-17
3782.  2.722258E-17
3783.  2.679255E-17
3784.  2.635119E-17
3785.  2.589945E-17
3786.  2.543829E-17
3787.  2.496856E-17
3788.  2.449146E-17
3789.  2.400764E-17
3790.  2.351803E-17
3791.  2.302376E-17
3792.  2.252556E-17
3793.  2.202432E-17
3794.  2.152082E-17
3795.  2.101590E-17
3796.  2.051037E-17
3797.  2.000493E-17
3798.  1.950042E-17
3799.  1.899751E-17
3800.  1.849683E-17
3801.  1.799888E-17
3802.  1.750455E-17
3803.  1.701421E-17
3804.  1.652845E-17
3805.  1.604791E-17
3806.  1.557287E-17
3807.  1.510383E-17
3808.  1.464126E-17
3809.  1.418557E-17
3810.  1.373701E-17
3811.  1.329598E-17
3812.  1.286268E-17
3813.  1.243745E-17
3814.  1.202040E-17
3815.  1.161191E-17
3816.  1.121201E-17
3817.  1.082091E-17
3818.  1.043886E-17
3819.  1.006560E-17
3820.  9.701532E-18
3821.  9.346590E-18
3822.  9.000878E-18
3823.  8.664347E-18
3824.  8.337048E-18
3825.  8.018863E-18
3826.  7.709883E-18
3827.  7.409952E-18
3828.  7.119095E-18
3829.  6.837109E-18
3830.  6.563992E-18
3831.  6.299702E-18
3832.  6.043984E-18
3833.  5.796924E-18
3834.  5.558130E-18
3835.  5.327579E-18
3836.  5.105308E-18
3837.  4.890891E-18
3838.  4.684321E-18
3839.  4.485473E-18
3840.  4.294063E-18
3841.  4.110052E-18
3842.  3.933295E-18
3843.  3.763512E-18
3844.  3.600572E-18
3845.  3.444368E-18
3846.  3.294612E-18
3847.  3.151323E-18
3848.  3.014175E-18
3849.  2.883180E-18
3850.  2.757928E-18
3851.  2.638410E-18
3852.  2.524499E-18
3853.  2.415901E-18
3854.  2.312597E-18
3855.  2.214317E-18
3856.  2.120943E-18
3857.  2.032418E-18
3858.  1.948553E-18
3859.  1.869105E-18
3860.  1.794099E-18
3861.  1.723211E-18
3862.  1.656411E-18
3863.  1.593624E-18
3864.  1.534590E-18
3865.  1.479328E-18
3866.  1.427568E-18
3867.  1.379194E-18
3868.  1.334186E-18
3869.  1.292448E-18
3870.  1.253705E-18
3871.  1.217963E-18
3872.  1.185114E-18
3873.  1.155026E-18
3874.  1.127539E-18
3875.  1.102665E-18
3876.  1.080167E-18
3877.  1.060068E-18
3878.  1.042187E-18
3879.  1.026522E-18
3880.  1.012844E-18
3881.  1.001167E-18
3882.  9.913677E-19
3883.  9.832955E-19
3884.  9.769266E-19
3885.  9.720934E-19
3886.  9.688612E-19
3887.  9.670515E-19
3888.  9.664401E-19
3889.  9.670501E-19
3890.  9.688304E-19
3891.  9.715677E-19
3892.  9.753401E-19
3893.  9.799515E-19
3894.  9.853024E-19
3895.  9.913225E-19
3896.  9.978770E-19
3897.  1.004881E-18
3898.  1.012217E-18
3899.  1.019836E-18
3900.  1.027481E-18
3901.  1.035248E-18
3902.  1.042863E-18
3903.  1.050353E-18
3904.  1.057387E-18
3905.  1.063957E-18
3906.  1.070038E-18
3907.  1.075357E-18
3908.  1.079826E-18
3909.  1.083207E-18
3910.  1.085483E-18
3911.  1.086486E-18
3912.  1.086008E-18
3913.  1.083946E-18
3914.  1.080032E-18
3915.  1.074157E-18
3916.  1.066138E-18
3917.  1.055756E-18
3918.  1.042838E-18
3919.  1.027169E-18
3920.  1.008614E-18
3921.  9.869359E-19
3922.  9.618280E-19
3923.  9.332056E-19
3924.  9.007026E-19
3925.  8.640668E-19
3926.  8.233628E-19
3927.  7.779843E-19
3928.  7.278657E-19
3929.  6.727475E-19
3930.  6.123238E-19
3931.  5.462217E-19
3932.  4.743835E-19
3933.  3.964108E-19
3934.  3.120213E-19
3935.  2.209589E-19
3936.  1.230285E-19
3937.  1.787688E-20
3938.  -9.479596E-20
3939.  -2.153173E-19
3940.  -3.439444E-19
3941.  -4.808903E-19
3942.  -6.264438E-19
3943.  -7.810334E-19
3944.  -9.447697E-19
3945.  -1.118012E-18
3946.  -1.300989E-18
3947.  -1.494137E-18
3948.  -1.697434E-18
3949.  -1.911397E-18
3950.  -2.136158E-18
3951.  -2.371940E-18
3952.  -2.618969E-18
3953.  -2.877536E-18
3954.  -3.147770E-18
3955.  -3.429909E-18
3956.  -3.724163E-18
3957.  -4.030654E-18
3958.  -4.349659E-18
3959.  -4.681096E-18
3960.  -5.025324E-18
3961.  -5.382313E-18
3962.  -5.752098E-18
3963.  -6.134874E-18
3964.  -6.530677E-18
3965.  -6.939437E-18
3966.  -7.361150E-18
3967.  -7.795876E-18
3968.  -8.243619E-18
3969.  -8.704047E-18
3970.  -9.177303E-18
3971.  -9.663102E-18
3972.  -1.016135E-17
3973.  -1.067185E-17
3974.  -1.119438E-17
3975.  -1.172869E-17
3976.  -1.227450E-17
3977.  -1.283136E-17
3978.  -1.339900E-17
3979.  -1.397711E-17
3980.  -1.456512E-17
3981.  -1.516281E-17
3982.  -1.576939E-17
3983.  -1.638456E-17
3984.  -1.700765E-17
3985.  -1.763789E-17
3986.  -1.827486E-17
3987.  -1.891785E-17
3988.  -1.956608E-17
3989.  -2.021882E-17
3990.  -2.087530E-17
3991.  -2.153452E-17
3992.  -2.219596E-17
3993.  -2.285838E-17
3994.  -2.352111E-17
3995.  -2.418296E-17
3996.  -2.484311E-17
3997.  -2.550031E-17
3998.  -2.615386E-17
3999.  -2.680234E-17
4000.  -2.744478E-17
4001.  -2.807992E-17
4002.  -2.870670E-17
4003.  -2.932406E-17
4004.  -2.993055E-17
4005.  -3.052510E-17
4006.  -3.110630E-17
4007.  -3.167307E-17
4008.  -3.222410E-17
4009.  -3.275810E-17
4010.  -3.327368E-17
4011.  -3.376982E-17
4012.  -3.424497E-17
4013.  -3.469810E-17
4014.  -3.512765E-17
4015.  -3.553253E-17
4016.  -3.591152E-17
4017.  -3.626334E-17
4018.  -3.658670E-17
4019.  -3.688043E-17
4020.  -3.714341E-17
4021.  -3.737438E-17
4022.  -3.757238E-17
4023.  -3.773626E-17
4024.  -3.786492E-17
4025.  -3.795737E-17
4026.  -3.801267E-17
4027.  -3.802988E-17
4028.  -3.800812E-17
4029.  -3.794664E-17
4030.  -3.784460E-17
4031.  -3.770128E-17
4032.  -3.751614E-17
4033.  -3.728847E-17
4034.  -3.701769E-17
4035.  -3.670346E-17
4036.  -3.634520E-17
4037.  -3.594280E-17
4038.  -3.549586E-17
4039.  -3.500418E-17
4040.  -3.446772E-17
4041.  -3.388625E-17
4042.  -3.325992E-17
4043.  -3.258875E-17
4044.  -3.187294E-17
4045.  -3.111263E-17
4046.  -3.030825E-17
4047.  -2.946000E-17
4048.  -2.856840E-17
4049.  -2.763379E-17
4050.  -2.665705E-17
4051.  -2.563849E-17
4052.  -2.457894E-17
4053.  -2.347928E-17
4054.  -2.234003E-17
4055.  -2.116216E-17
4056.  -1.994672E-17
4057.  -1.869462E-17
4058.  -1.740680E-17
4059.  -1.608437E-17
4060.  -1.472859E-17
4061.  -1.334027E-17
4062.  -1.192095E-17
4063.  -1.047165E-17
4064.  -8.993698E-18
4065.  -7.488405E-18
4066.  -5.957047E-18
4067.  -4.400931E-18
4068.  -2.821606E-18
4069.  -1.220179E-18
4070.  4.018517E-19
4071.  2.042968E-18
4072.  3.701817E-18
4073.  5.376931E-18
4074.  7.067047E-18
4075.  8.770613E-18
4076.  1.048611E-17
4077.  1.221213E-17
4078.  1.394751E-17
4079.  1.569049E-17
4080.  1.743972E-17
4081.  1.919380E-17
4082.  2.095143E-17
4083.  2.271110E-17
4084.  2.447143E-17
4085.  2.623106E-17
4086.  2.798858E-17
4087.  2.974270E-17
4088.  3.149198E-17
4089.  3.323530E-17
4090.  3.497103E-17
4091.  3.669802E-17
4092.  3.841509E-17
4093.  4.012072E-17
4094.  4.181385E-17
4095.  4.349303E-17
4096.  4.515715E-17
4097.  4.680492E-17
4098.  4.843513E-17
4099.  5.004652E-17
4100.  5.163806E-17
4101.  5.320827E-17
4102.  5.475613E-17
4103.  5.628060E-17
4104.  5.778031E-17
4105.  5.925427E-17
4106.  6.070126E-17
4107.  6.212017E-17
4108.  6.350997E-17
4109.  6.486959E-17
4110.  6.619781E-17
4111.  6.749375E-17
4112.  6.875626E-17
4113.  6.998442E-17
4114.  7.117735E-17
4115.  7.233387E-17
4116.  7.345333E-17
4117.  7.453470E-17
4118.  7.557718E-17
4119.  7.657998E-17
4120.  7.754230E-17
4121.  7.846341E-17
4122.  7.934282E-17
4123.  8.017968E-17
4124.  8.097362E-17
4125.  8.172404E-17
4126.  8.243056E-17
4127.  8.309286E-17
4128.  8.371043E-17
4129.  8.428350E-17
4130.  8.481152E-17
4131.  8.529466E-17
4132.  8.573288E-17
4133.  8.612627E-17
4134.  8.647513E-17
4135.  8.677976E-17
4136.  8.704039E-17
4137.  8.725770E-17
4138.  8.743210E-17
4139.  8.756454E-17
4140.  8.765563E-17
4141.  8.770616E-17
4142.  8.771733E-17
4143.  8.769003E-17
4144.  8.762569E-17
4145.  8.752526E-17
4146.  8.739026E-17
4147.  8.722217E-17
4148.  8.702244E-17
4149.  8.679282E-17
4150.  8.653483E-17
4151.  8.625048E-17
4152.  8.594134E-17
4153.  8.560948E-17
4154.  8.525692E-17
4155.  8.488557E-17
4156.  8.449736E-17
4157.  8.409456E-17
4158.  8.367923E-17
4159.  8.325357E-17
4160.  8.281951E-17
4161.  8.237950E-17
4162.  8.193550E-17
4163.  8.148966E-17
4164.  8.104421E-17
4165.  8.060103E-17
4166.  8.016238E-17
4167.  7.972993E-17
4168.  7.930599E-17
4169.  7.889226E-17
4170.  7.849055E-17
4171.  7.810239E-17
4172.  7.772975E-17
4173.  7.737389E-17
4174.  7.703631E-17
4175.  7.671821E-17
4176.  7.642095E-17
4177.  7.614549E-17
4178.  7.589273E-17
4179.  7.566357E-17
4180.  7.545870E-17
4181.  7.527833E-17
4182.  7.512329E-17
4183.  7.499358E-17
4184.  7.488920E-17
4185.  7.481015E-17
4186.  7.475634E-17
4187.  7.472732E-17
4188.  7.472247E-17
4189.  7.474135E-17
4190.  7.478307E-17
4191.  7.484664E-17
4192.  7.493109E-17
4193.  7.503529E-17
4194.  7.515786E-17
4195.  7.529726E-17
4196.  7.545215E-17
4197.  7.562073E-17
4198.  7.580145E-17
4199.  7.599232E-17
4200.  7.619155E-17
4201.  7.639728E-17
4202.  7.660739E-17
4203.  7.681959E-17
4204.  7.703230E-17
4205.  7.724297E-17
4206.  7.744968E-17
4207.  7.765016E-17
4208.  7.784238E-17
4209.  7.802416E-17
4210.  7.819346E-17
4211.  7.834826E-17
4212.  7.848643E-17
4213.  7.860628E-17
4214.  7.870552E-17
4215.  7.878278E-17
4216.  7.883607E-17
4217.  7.886411E-17
4218.  7.886520E-17
4219.  7.883794E-17
4220.  7.878119E-17
4221.  7.869392E-17
4222.  7.857498E-17
4223.  7.842366E-17
4224.  7.823935E-17
4225.  7.802152E-17
4226.  7.776973E-17
4227.  7.748399E-17
4228.  7.716430E-17
4229.  7.681074E-17
4230.  7.642372E-17
4231.  7.600384E-17
4232.  7.555190E-17
4233.  7.506880E-17
4234.  7.455555E-17
4235.  7.401354E-17
4236.  7.344428E-17
4237.  7.284926E-17
4238.  7.223052E-17
4239.  7.158990E-17
4240.  7.092976E-17
4241.  7.025257E-17
4242.  6.956048E-17
4243.  6.885645E-17
4244.  6.814332E-17
4245.  6.742407E-17
4246.  6.670175E-17
4247.  6.597978E-17
4248.  6.526151E-17
4249.  6.455037E-17
4250.  6.385003E-17
4251.  6.316423E-17
4252.  6.249704E-17
4253.  6.185212E-17
4254.  6.123348E-17
4255.  6.064536E-17
4256.  6.009182E-17
4257.  5.957700E-17
4258.  5.910528E-17
4259.  5.868062E-17
4260.  5.830765E-17
4261.  5.799031E-17
4262.  5.773321E-17
4263.  5.754034E-17
4264.  5.741600E-17
4265.  5.736437E-17
4266.  5.738978E-17
4267.  5.749609E-17
4268.  5.768746E-17
4269.  5.796772E-17
4270.  5.834070E-17
4271.  5.881032E-17
4272.  5.937997E-17
4273.  6.005320E-17
4274.  6.083342E-17
4275.  6.172371E-17
4276.  6.272724E-17
4277.  6.384675E-17
4278.  6.508491E-17
4279.  6.644422E-17
4280.  6.792697E-17
4281.  6.953515E-17
4282.  7.127068E-17
4283.  7.313503E-17
4284.  7.512967E-17
4285.  7.725552E-17
4286.  7.951347E-17
4287.  8.190421E-17
4288.  8.442782E-17
4289.  8.708442E-17
4290.  8.987368E-17
4291.  9.279493E-17
4292.  9.584754E-17
4293.  9.902997E-17
4294.  1.023409E-16
4295.  1.057785E-16
4296.  1.093407E-16
4297.  1.130249E-16
4298.  1.168285E-16
4299.  1.207483E-16
4300.  1.247811E-16
4301.  1.289230E-16
4302.  1.331702E-16
4303.  1.375183E-16
4304.  1.419628E-16
4305.  1.464988E-16
4306.  1.511212E-16
4307.  1.558245E-16
4308.  1.606031E-16
4309.  1.654509E-16
4310.  1.703621E-16
4311.  1.753302E-16
4312.  1.803483E-16
4313.  1.854099E-16
4314.  1.905081E-16
4315.  1.956356E-16
4316.  2.007851E-16
4317.  2.059495E-16
4318.  2.111210E-16
4319.  2.162920E-16
4320.  2.214551E-16
4321.  2.266025E-16
4322.  2.317263E-16
4323.  2.368189E-16
4324.  2.418726E-16
4325.  2.468798E-16
4326.  2.518327E-16
4327.  2.567239E-16
4328.  2.615459E-16
4329.  2.662915E-16
4330.  2.709535E-16
4331.  2.755249E-16
4332.  2.799991E-16
4333.  2.843693E-16
4334.  2.886293E-16
4335.  2.927732E-16
4336.  2.967950E-16
4337.  3.006892E-16
4338.  3.044505E-16
4339.  3.080744E-16
4340.  3.115559E-16
4341.  3.148912E-16
4342.  3.180762E-16
4343.  3.211077E-16
4344.  3.239824E-16
4345.  3.266979E-16
4346.  3.292516E-16
4347.  3.316418E-16
4348.  3.338672E-16
4349.  3.359264E-16
4350.  3.378192E-16
4351.  3.395452E-16
4352.  3.411045E-16
4353.  3.424979E-16
4354.  3.437263E-16
4355.  3.447910E-16
4356.  3.456941E-16
4357.  3.464376E-16
4358.  3.470241E-16
4359.  3.474564E-16
4360.  3.477379E-16
4361.  3.478723E-16
4362.  3.478632E-16
4363.  3.477150E-16
4364.  3.474323E-16
4365.  3.470197E-16
4366.  3.464822E-16
4367.  3.458251E-16
4368.  3.450539E-16
4369.  3.441742E-16
4370.  3.431918E-16
4371.  3.421126E-16
4372.  3.409429E-16
4373.  3.396886E-16
4374.  3.383560E-16
4375.  3.369516E-16
4376.  3.354816E-16
4377.  3.339523E-16
4378.  3.323704E-16
4379.  3.307419E-16
4380.  3.290733E-16
4381.  3.273706E-16
4382.  3.256401E-16
4383.  3.238878E-16
4384.  3.221197E-16
4385.  3.203415E-16
4386.  3.185586E-16
4387.  3.167768E-16
4388.  3.150011E-16
4389.  3.132367E-16
4390.  3.114884E-16
4391.  3.097608E-16
4392.  3.080582E-16
4393.  3.063847E-16
4394.  3.047443E-16
4395.  3.031407E-16
4396.  3.015770E-16
4397.  3.000563E-16
4398.  2.985814E-16
4399.  2.971548E-16
4400.  2.957788E-16
4401.  2.944551E-16
4402.  2.931854E-16
4403.  2.919709E-16
4404.  2.908128E-16
4405.  2.897119E-16
4406.  2.886686E-16
4407.  2.876827E-16
4408.  2.867547E-16
4409.  2.858837E-16
4410.  2.850693E-16
4411.  2.843104E-16
4412.  2.836059E-16
4413.  2.829544E-16
4414.  2.823542E-16
4415.  2.818036E-16
4416.  2.813000E-16
4417.  2.808416E-16
4418.  2.804254E-16
4419.  2.800489E-16
4420.  2.797092E-16
4421.  2.794030E-16
4422.  2.791273E-16
4423.  2.788785E-16
4424.  2.786532E-16
4425.  2.784479E-16
4426.  2.782584E-16
4427.  2.780812E-16
4428.  2.779121E-16
4429.  2.777474E-16
4430.  2.775826E-16
4431.  2.774138E-16
4432.  2.772369E-16
4433.  2.770477E-16
4434.  2.768419E-16
4435.  2.766154E-16
4436.  2.763641E-16
4437.  2.760837E-16
4438.  2.757703E-16
4439.  2.754197E-16
4440.  2.750281E-16
4441.  2.745915E-16
4442.  2.741062E-16
4443.  2.735682E-16
4444.  2.729745E-16
4445.  2.723214E-16
4446.  2.716054E-16
4447.  2.708236E-16
4448.  2.699729E-16
4449.  2.690505E-16
4450.  2.680538E-16
4451.  2.669803E-16
4452.  2.658275E-16
4453.  2.645936E-16
4454.  2.632766E-16
4455.  2.618748E-16
4456.  2.603869E-16
4457.  2.588115E-16
4458.  2.571476E-16
4459.  2.553945E-16
4460.  2.535516E-16
4461.  2.516185E-16
4462.  2.495953E-16
4463.  2.474821E-16
4464.  2.452791E-16
4465.  2.429869E-16
4466.  2.406065E-16
4467.  2.381390E-16
4468.  2.355856E-16
4469.  2.329478E-16
4470.  2.302272E-16
4471.  2.274260E-16
4472.  2.245461E-16
4473.  2.215898E-16
4474.  2.185600E-16
4475.  2.154588E-16
4476.  2.122896E-16
4477.  2.090552E-16
4478.  2.057587E-16
4479.  2.024036E-16
4480.  1.989932E-16
4481.  1.955313E-16
4482.  1.920213E-16
4483.  1.884672E-16
4484.  1.848728E-16
4485.  1.812421E-16
4486.  1.775791E-16
4487.  1.738879E-16
4488.  1.701724E-16
4489.  1.664371E-16
4490.  1.626860E-16
4491.  1.589230E-16
4492.  1.551524E-16
4493.  1.513784E-16
4494.  1.476052E-16
4495.  1.438364E-16
4496.  1.400765E-16
4497.  1.363291E-16
4498.  1.325980E-16
4499.  1.288873E-16
4500.  1.252003E-16
