1.  -8.980302E-23
2.  -8.680436E-23
3.  -1.132326E-22
4.  -3.590554E-23
5.  -7.091404E-23
6.  -6.824417E-23
7.  -1.399288E-22
8.  -5.867574E-23
9.  -1.675233E-22
10.  -8.913425E-23
11.  -9.087455E-23
12.  -4.699528E-23
13.  -1.001324E-22
14.  5.762727E-23
15.  -4.564969E-23
16.  -1.317481E-22
17.  5.049271E-24
18.  -8.703294E-23
19.  -5.809030E-23
20.  -2.540104E-23
21.  4.240644E-23
22.  -5.264137E-23
23.  -9.760012E-23
24.  -1.177216E-22
25.  3.340725E-24
26.  1.115661E-23
27.  5.021040E-24
28.  -1.174730E-22
29.  -1.996483E-23
30.  -6.305787E-23
31.  -3.161948E-23
32.  -1.456980E-22
33.  2.007850E-23
34.  -6.459499E-23
35.  -1.759179E-22
36.  -1.457605E-22
37.  -1.028905E-22
38.  -8.658811E-23
39.  -1.534383E-22
40.  -1.552116E-22
41.  -1.740298E-22
42.  -3.140453E-23
43.  -7.115409E-23
44.  -5.731973E-23
45.  -6.897222E-23
46.  -8.113328E-23
47.  -1.022257E-22
48.  -1.373141E-22
49.  -1.422898E-22
50.  -1.653520E-22
51.  -1.765953E-22
52.  -7.952733E-23
53.  -1.671671E-22
54.  -1.242624E-22
55.  -8.701573E-23
56.  -2.099138E-22
57.  -1.920100E-22
58.  -9.092052E-23
59.  -1.126159E-22
60.  -1.431252E-22
61.  -1.018213E-22
62.  -1.395444E-22
63.  -2.378524E-22
64.  -1.647770E-22
65.  -1.297824E-22
66.  -9.180320E-23
67.  -1.366713E-22
68.  -8.007895E-23
69.  -1.472832E-22
70.  -1.482002E-22
71.  -1.634097E-22
72.  -2.265259E-22
73.  -8.576989E-23
74.  -1.065613E-22
75.  -9.195656E-23
76.  -1.350523E-22
77.  -1.673465E-22
78.  -2.464918E-23
79.  -1.805921E-22
80.  -5.897128E-23
81.  -6.041386E-23
82.  -2.138319E-22
83.  -8.211921E-23
84.  -9.986260E-23
85.  -8.019441E-23
86.  -1.508884E-22
87.  -8.303787E-23
88.  -1.053846E-22
89.  -7.047746E-23
90.  -7.134996E-23
91.  -1.166246E-22
92.  -8.309455E-23
93.  -2.579101E-23
94.  -3.230382E-23
95.  -4.189927E-23
96.  -1.576962E-22
97.  -6.650015E-23
98.  -2.606552E-22
99.  -1.271596E-22
100.  -8.798977E-23
101.  -1.484595E-22
102.  -1.184407E-22
103.  -2.090011E-22
104.  -7.521411E-23
105.  -9.108923E-23
106.  -9.499119E-23
107.  -6.926444E-23
108.  -5.875710E-23
109.  -2.488220E-23
110.  -9.537296E-23
111.  -2.089465E-23
112.  -7.985044E-23
113.  -1.410777E-22
114.  -9.340234E-23
115.  -9.260839E-23
116.  -1.256177E-22
117.  -5.027939E-23
118.  -9.098175E-23
119.  -1.501026E-22
120.  -7.686868E-23
121.  -9.339583E-24
122.  -6.460510E-23
123.  -7.610147E-23
124.  -5.487304E-23
125.  -6.726728E-23
126.  -1.442891E-22
127.  -1.456998E-23
128.  -9.158079E-23
129.  -9.562675E-23
130.  -1.568811E-22
131.  -1.807539E-22
132.  -1.089829E-22
133.  -1.019023E-22
134.  -9.513273E-23
135.  -1.716509E-22
136.  -2.122840E-22
137.  -9.492113E-23
138.  -7.762131E-23
139.  -9.891161E-23
140.  -1.655394E-22
141.  -6.066783E-23
142.  -4.759792E-23
143.  -1.255336E-22
144.  -9.108107E-23
145.  -3.426304E-23
146.  -1.684438E-22
147.  -1.605662E-22
148.  -6.266810E-23
149.  -8.374648E-23
150.  -3.380872E-23
151.  -7.358577E-23
152.  -1.563835E-22
153.  -9.884553E-23
154.  -4.650409E-23
155.  -5.854586E-23
156.  -5.042625E-23
157.  -3.240121E-23
158.  -9.249374E-23
159.  2.235748E-23
160.  -1.249984E-22
161.  -4.621875E-23
162.  -1.048573E-22
163.  -2.151410E-22
164.  -5.471128E-23
165.  -1.324917E-22
166.  -7.780145E-23
167.  -1.346522E-22
168.  -1.455398E-22
169.  -1.030632E-22
170.  -1.028008E-22
171.  -1.289954E-22
172.  -9.559010E-23
173.  -1.575324E-23
174.  -7.511997E-23
175.  -1.287529E-22
176.  -5.940774E-23
177.  -1.224468E-22
178.  -1.703836E-22
179.  -1.654580E-22
180.  -5.950156E-23
181.  -6.436072E-23
182.  -1.525476E-22
183.  -1.069777E-22
184.  -1.406513E-22
185.  -1.770199E-22
186.  -5.236698E-23
187.  -6.194053E-23
188.  -6.894740E-23
189.  -8.359483E-23
190.  -1.280135E-22
191.  -1.085790E-22
192.  -4.252331E-23
193.  -5.976625E-23
194.  -1.499624E-22
195.  -6.222091E-23
196.  -7.417038E-23
197.  -1.439948E-22
198.  1.934057E-23
199.  -1.267834E-22
200.  -1.710829E-22
201.  -7.279038E-23
202.  -1.251425E-22
203.  1.711130E-23
204.  -2.597852E-22
205.  -8.958174E-23
206.  -8.347828E-23
207.  -1.003545E-22
208.  -9.512995E-23
209.  -4.730531E-23
210.  -1.194698E-22
211.  -8.468508E-23
212.  -1.715968E-23
213.  -5.756891E-23
214.  -7.938403E-23
215.  -1.120628E-22
216.  -1.500661E-22
217.  -9.012509E-23
218.  -4.176189E-23
219.  -1.206986E-22
220.  -8.750058E-23
221.  -1.495969E-23
222.  -1.204311E-22
223.  -1.324836E-23
224.  -1.434736E-22
225.  -8.316590E-23
226.  -1.359940E-22
227.  -2.083771E-22
228.  -1.258431E-22
229.  -2.077968E-22
230.  -1.227022E-22
231.  -1.806708E-22
232.  -1.815195E-22
233.  -1.606997E-22
234.  -9.454806E-23
235.  -1.024030E-22
236.  -1.574504E-22
237.  -4.798255E-23
238.  -1.534887E-22
239.  -1.279442E-22
240.  -2.323484E-22
241.  -1.795314E-22
242.  -1.540669E-22
243.  -1.512381E-22
244.  -1.055818E-22
245.  -1.166083E-22
246.  -1.820278E-22
247.  -2.235171E-22
248.  -1.159044E-22
249.  -2.369501E-22
250.  -1.290112E-22
251.  -2.110542E-22
252.  -2.119284E-22
253.  -1.343489E-22
254.  -2.064776E-22
255.  -1.145241E-22
256.  -1.307232E-22
257.  -1.785966E-22
258.  -1.894070E-22
259.  -2.668359E-22
260.  -5.214007E-23
261.  -1.524925E-22
262.  -7.474855E-23
263.  -1.455852E-22
264.  -1.665024E-22
265.  -1.280129E-22
266.  -1.129128E-22
267.  -9.995173E-23
268.  -1.171976E-22
269.  -1.473805E-22
270.  1.479636E-23
271.  3.742130E-23
272.  2.822294E-22
273.  7.049300E-22
274.  1.399919E-21
275.  2.769691E-21
276.  5.325263E-21
277.  9.671741E-21
278.  1.725648E-20
279.  3.007545E-20
280.  5.134172E-20
281.  8.607944E-20
282.  1.414657E-19
283.  2.279484E-19
284.  3.602808E-19
285.  5.587379E-19
286.  8.501744E-19
287.  1.269948E-18
288.  1.860990E-18
289.  2.677111E-18
290.  3.779951E-18
291.  5.239345E-18
292.  7.130279E-18
293.  9.528636E-18
294.  1.250632E-17
295.  1.612481E-17
296.  2.042849E-17
297.  2.543861E-17
298.  3.114740E-17
299.  3.751604E-17
300.  4.447483E-17
301.  5.192823E-17
302.  5.976289E-17
303.  6.786069E-17
304.  7.611490E-17
305.  8.444663E-17
306.  9.282279E-17
307.  1.012706E-16
308.  1.098872E-16
309.  1.188452E-16
310.  1.283898E-16
311.  1.388285E-16
312.  1.505146E-16
313.  1.638242E-16
314.  1.791293E-16
315.  1.967695E-16
316.  2.170229E-16
317.  2.400806E-16
318.  2.660256E-16
319.  2.948180E-16
320.  3.262888E-16
321.  3.601431E-16
322.  3.959703E-16
323.  4.332679E-16
324.  4.714690E-16
325.  5.099793E-16
326.  5.482172E-16
327.  5.856564E-16
328.  6.218671E-16
329.  6.565490E-16
330.  6.895591E-16
331.  7.209265E-16
332.  7.508516E-16
333.  7.796945E-16
334.  8.079447E-16
335.  8.361800E-16
336.  8.650168E-16
337.  8.950528E-16
338.  9.268112E-16
339.  9.606887E-16
340.  9.969149E-16
341.  1.035526E-15
342.  1.076355E-15
343.  1.119042E-15
344.  1.163061E-15
345.  1.207765E-15
346.  1.252438E-15
347.  1.296358E-15
348.  1.338857E-15
349.  1.379376E-15
350.  1.417506E-15
351.  1.453022E-15
352.  1.485890E-15
353.  1.516260E-15
354.  1.544446E-15
355.  1.570888E-15
356.  1.596103E-15
357.  1.620639E-15
358.  1.645018E-15
359.  1.669694E-15
360.  1.695010E-15
361.  1.721174E-15
362.  1.748241E-15
363.  1.776111E-15
364.  1.804538E-15
365.  1.833156E-15
366.  1.861499E-15
367.  1.889044E-15
368.  1.915251E-15
369.  1.939597E-15
370.  1.961615E-15
371.  1.980925E-15
372.  1.997256E-15
373.  2.010460E-15
374.  2.020520E-15
375.  2.027539E-15
376.  2.031733E-15
377.  2.033410E-15
378.  2.032955E-15
379.  2.030800E-15
380.  2.027412E-15
381.  2.023270E-15
382.  2.018855E-15
383.  2.014637E-15
384.  2.011067E-15
385.  2.008568E-15
386.  2.007528E-15
387.  2.008284E-15
388.  2.011109E-15
389.  2.016195E-15
390.  2.023631E-15
391.  2.033390E-15
392.  2.045311E-15
393.  2.059093E-15
394.  2.074294E-15
395.  2.090351E-15
396.  2.106598E-15
397.  2.122309E-15
398.  2.136735E-15
399.  2.149162E-15
400.  2.158962E-15
401.  2.165641E-15
402.  2.168880E-15
403.  2.168567E-15
404.  2.164811E-15
405.  2.157942E-15
406.  2.148494E-15
407.  2.137170E-15
408.  2.124803E-15
409.  2.112296E-15
410.  2.100568E-15
411.  2.090496E-15
412.  2.082857E-15
413.  2.078287E-15
414.  2.077239E-15
415.  2.079964E-15
416.  2.086498E-15
417.  2.096664E-15
418.  2.110085E-15
419.  2.126211E-15
420.  2.144346E-15
421.  2.163686E-15
422.  2.183356E-15
423.  2.202445E-15
424.  2.220048E-15
425.  2.235287E-15
426.  2.247347E-15
427.  2.255489E-15
428.  2.259073E-15
429.  2.257570E-15
430.  2.250568E-15
431.  2.237789E-15
432.  2.219092E-15
433.  2.194484E-15
434.  2.164128E-15
435.  2.128349E-15
436.  2.087637E-15
437.  2.042645E-15
438.  1.994181E-15
439.  1.943190E-15
440.  1.890727E-15
441.  1.837921E-15
442.  1.785931E-15
443.  1.735891E-15
444.  1.688863E-15
445.  1.645776E-15
446.  1.607384E-15
447.  1.574225E-15
448.  1.546590E-15
449.  1.524516E-15
450.  1.507783E-15
451.  1.495938E-15
452.  1.488323E-15
453.  1.484121E-15
454.  1.482406E-15
455.  1.482199E-15
456.  1.482525E-15
457.  1.482461E-15
458.  1.481178E-15
459.  1.477979E-15
460.  1.472316E-15
461.  1.463804E-15
462.  1.452216E-15
463.  1.437474E-15
464.  1.419634E-15
465.  1.398859E-15
466.  1.375397E-15
467.  1.349558E-15
468.  1.321691E-15
469.  1.292168E-15
470.  1.261372E-15
471.  1.229685E-15
472.  1.197488E-15
473.  1.165156E-15
474.  1.133056E-15
475.  1.101545E-15
476.  1.070971E-15
477.  1.041659E-15
478.  1.013912E-15
479.  9.879998E-16
480.  9.641503E-16
481.  9.425450E-16
482.  9.233138E-16
483.  9.065379E-16
484.  8.922522E-16
485.  8.804580E-16
486.  8.711341E-16
487.  8.642521E-16
488.  8.597933E-16
489.  8.577604E-16
490.  8.581864E-16
491.  8.611383E-16
492.  8.667111E-16
493.  8.750167E-16
494.  8.861629E-16
495.  9.002302E-16
496.  9.172420E-16
497.  9.371390E-16
498.  9.597547E-16
499.  9.848005E-16
500.  1.011861E-15
501.  1.040401E-15
502.  1.069791E-15
503.  1.099339E-15
504.  1.128340E-15
505.  1.156123E-15
506.  1.182113E-15
507.  1.205869E-15
508.  1.227131E-15
509.  1.245840E-15
510.  1.262142E-15
511.  1.276373E-15
512.  1.289027E-15
513.  1.300703E-15
514.  1.312047E-15
515.  1.323688E-15
516.  1.336175E-15
517.  1.349923E-15
518.  1.365180E-15
519.  1.381998E-15
520.  1.400237E-15
521.  1.419579E-15
522.  1.439561E-15
523.  1.459615E-15
524.  1.479119E-15
525.  1.497448E-15
526.  1.514020E-15
527.  1.528336E-15
528.  1.540012E-15
529.  1.548797E-15
530.  1.554587E-15
531.  1.557427E-15
532.  1.557503E-15
533.  1.555137E-15
534.  1.550769E-15
535.  1.544945E-15
536.  1.538298E-15
537.  1.531527E-15
538.  1.525375E-15
539.  1.520608E-15
540.  1.517983E-15
541.  1.518219E-15
542.  1.521969E-15
543.  1.529782E-15
544.  1.542082E-15
545.  1.559135E-15
546.  1.581039E-15
547.  1.607710E-15
548.  1.638886E-15
549.  1.674142E-15
550.  1.712908E-15
551.  1.754509E-15
552.  1.798196E-15
553.  1.843194E-15
554.  1.888741E-15
555.  1.934132E-15
556.  1.978750E-15
557.  2.022096E-15
558.  2.063808E-15
559.  2.103669E-15
560.  2.141606E-15
561.  2.177683E-15
562.  2.212074E-15
563.  2.245043E-15
564.  2.276902E-15
565.  2.307975E-15
566.  2.338549E-15
567.  2.368839E-15
568.  2.398933E-15
569.  2.428767E-15
570.  2.458092E-15
571.  2.486459E-15
572.  2.513225E-15
573.  2.537564E-15
574.  2.558508E-15
575.  2.574994E-15
576.  2.585932E-15
577.  2.590275E-15
578.  2.587097E-15
579.  2.575666E-15
580.  2.555505E-15
581.  2.526444E-15
582.  2.488643E-15
583.  2.442600E-15
584.  2.389136E-15
585.  2.329352E-15
586.  2.264576E-15
587.  2.196293E-15
588.  2.126067E-15
589.  2.055468E-15
590.  1.985995E-15
591.  1.919020E-15
592.  1.855737E-15
593.  1.797126E-15
594.  1.743936E-15
595.  1.696680E-15
596.  1.655642E-15
597.  1.620887E-15
598.  1.592284E-15
599.  1.569527E-15
600.  1.552153E-15
601.  1.539567E-15
602.  1.531057E-15
603.  1.525812E-15
604.  1.522939E-15
605.  1.521480E-15
606.  1.520432E-15
607.  1.518768E-15
608.  1.515463E-15
609.  1.509528E-15
610.  1.500034E-15
611.  1.486156E-15
612.  1.467197E-15
613.  1.442634E-15
614.  1.412135E-15
615.  1.375592E-15
616.  1.333138E-15
617.  1.285150E-15
618.  1.232253E-15
619.  1.175304E-15
620.  1.115365E-15
621.  1.053666E-15
622.  9.915551E-16
623.  9.304410E-16
624.  8.717249E-16
625.  8.167333E-16
626.  7.666502E-16
627.  7.224559E-16
628.  6.848769E-16
629.  6.543489E-16
630.  6.309998E-16
631.  6.146508E-16
632.  6.048368E-16
633.  6.008462E-16
634.  6.017751E-16
635.  6.065928E-16
636.  6.142111E-16
637.  6.235567E-16
638.  6.336351E-16
639.  6.435863E-16
640.  6.527258E-16
641.  6.605697E-16
642.  6.668403E-16
643.  6.714584E-16
644.  6.745177E-16
645.  6.762471E-16
646.  6.769674E-16
647.  6.770413E-16
648.  6.768255E-16
649.  6.766277E-16
650.  6.766694E-16
651.  6.770627E-16
652.  6.777966E-16
653.  6.787382E-16
654.  6.796449E-16
655.  6.801893E-16
656.  6.799903E-16
657.  6.786534E-16
658.  6.758096E-16
659.  6.711590E-16
660.  6.645059E-16
661.  6.557908E-16
662.  6.451126E-16
663.  6.327395E-16
664.  6.191107E-16
665.  6.048231E-16
666.  5.906092E-16
667.  5.773016E-16
668.  5.657906E-16
669.  5.569752E-16
670.  5.517094E-16
671.  5.507502E-16
672.  5.547089E-16
673.  5.640105E-16
674.  5.788637E-16
675.  5.992453E-16
676.  6.248983E-16
677.  6.553465E-16
678.  6.899227E-16
679.  7.278080E-16
680.  7.680794E-16
681.  8.097603E-16
682.  8.518710E-16
683.  8.934729E-16
684.  9.337059E-16
685.  9.718155E-16
686.  1.007167E-15
687.  1.039251E-15
688.  1.067682E-15
689.  1.092186E-15
690.  1.112591E-15
691.  1.128811E-15
692.  1.140841E-15
693.  1.148741E-15
694.  1.152638E-15
695.  1.152721E-15
696.  1.149241E-15
697.  1.142509E-15
698.  1.132895E-15
699.  1.120819E-15
700.  1.106739E-15
701.  1.091142E-15
702.  1.074519E-15
703.  1.057353E-15
704.  1.040094E-15
705.  1.023150E-15
706.  1.006873E-15
707.  9.915580E-16
708.  9.774397E-16
709.  9.647051E-16
710.  9.535037E-16
711.  9.439625E-16
712.  9.362012E-16
713.  9.303446E-16
714.  9.265312E-16
715.  9.249169E-16
716.  9.256702E-16
717.  9.289650E-16
718.  9.349633E-16
719.  9.437996E-16
720.  9.555594E-16
721.  9.702603E-16
722.  9.878353E-16
723.  1.008121E-15
724.  1.030849E-15
725.  1.055645E-15
726.  1.082037E-15
727.  1.109461E-15
728.  1.137276E-15
729.  1.164786E-15
730.  1.191256E-15
731.  1.215935E-15
732.  1.238079E-15
733.  1.256972E-15
734.  1.271947E-15
735.  1.282407E-15
736.  1.287844E-15
737.  1.287860E-15
738.  1.282177E-15
739.  1.270651E-15
740.  1.253283E-15
741.  1.230215E-15
742.  1.201734E-15
743.  1.168257E-15
744.  1.130318E-15
745.  1.088549E-15
746.  1.043650E-15
747.  9.963653E-16
748.  9.474493E-16
749.  8.976422E-16
750.  8.476416E-16
751.  7.980827E-16
752.  7.495211E-16
753.  7.024253E-16
754.  6.571729E-16
755.  6.140541E-16
756.  5.732789E-16
757.  5.349881E-16
758.  4.992638E-16
759.  4.661416E-16
760.  4.356191E-16
761.  4.076639E-16
762.  3.822179E-16
763.  3.592007E-16
764.  3.385118E-16
765.  3.200331E-16
766.  3.036318E-16
767.  2.891672E-16
768.  2.764975E-16
769.  2.654901E-16
770.  2.560303E-16
771.  2.480327E-16
772.  2.414480E-16
773.  2.362664E-16
774.  2.325193E-16
775.  2.302717E-16
776.  2.296135E-16
777.  2.306434E-16
778.  2.334519E-16
779.  2.381010E-16
780.  2.446052E-16
781.  2.529155E-16
782.  2.629071E-16
783.  2.743740E-16
784.  2.870316E-16
785.  3.005266E-16
786.  3.144553E-16
787.  3.283892E-16
788.  3.419045E-16
789.  3.546140E-16
790.  3.661984E-16
791.  3.764321E-16
792.  3.852022E-16
793.  3.925182E-16
794.  3.985090E-16
795.  4.034099E-16
796.  4.075384E-16
797.  4.112632E-16
798.  4.149677E-16
799.  4.190142E-16
800.  4.237097E-16
801.  4.292807E-16
802.  4.358557E-16
803.  4.434604E-16
804.  4.520235E-16
805.  4.613915E-16
806.  4.713528E-16
807.  4.816651E-16
808.  4.920847E-16
809.  5.023917E-16
810.  5.124110E-16
811.  5.220239E-16
812.  5.311730E-16
813.  5.398556E-16
814.  5.481117E-16
815.  5.560048E-16
816.  5.636006E-16
817.  5.709461E-16
818.  5.780508E-16
819.  5.848743E-16
820.  5.913207E-16
821.  5.972411E-16
822.  6.024443E-16
823.  6.067133E-16
824.  6.098268E-16
825.  6.115827E-16
826.  6.118197E-16
827.  6.104355E-16
828.  6.073993E-16
829.  6.027567E-16
830.  5.966250E-16
831.  5.891844E-16
832.  5.806594E-16
833.  5.713012E-16
834.  5.613643E-16
835.  5.510894E-16
836.  5.406870E-16
837.  5.303278E-16
838.  5.201396E-16
839.  5.102092E-16
840.  5.005914E-16
841.  4.913193E-16
842.  4.824171E-16
843.  4.739139E-16
844.  4.658523E-16
845.  4.582980E-16
846.  4.513421E-16
847.  4.451011E-16
848.  4.397128E-16
849.  4.353300E-16
850.  4.321119E-16
851.  4.302149E-16
852.  4.297829E-16
853.  4.309383E-16
854.  4.337742E-16
855.  4.383470E-16
856.  4.446712E-16
857.  4.527163E-16
858.  4.624043E-16
859.  4.736125E-16
860.  4.861777E-16
861.  4.999053E-16
862.  5.145817E-16
863.  5.299903E-16
864.  5.459289E-16
865.  5.622310E-16
866.  5.787821E-16
867.  5.955364E-16
868.  6.125250E-16
869.  6.298597E-16
870.  6.477264E-16
871.  6.663698E-16
872.  6.860715E-16
873.  7.071189E-16
874.  7.297718E-16
875.  7.542259E-16
876.  7.805791E-16
877.  8.088030E-16
878.  8.387215E-16
879.  8.700025E-16
880.  9.021587E-16
881.  9.345646E-16
882.  9.664822E-16
883.  9.971008E-16
884.  1.025581E-15
885.  1.051107E-15
886.  1.072931E-15
887.  1.090429E-15
888.  1.103128E-15
889.  1.110744E-15
890.  1.113194E-15
891.  1.110598E-15
892.  1.103273E-15
893.  1.091712E-15
894.  1.076552E-15
895.  1.058544E-15
896.  1.038515E-15
897.  1.017328E-15
898.  9.958514E-16
899.  9.749262E-16
900.  9.553417E-16
901.  9.378137E-16
902.  9.229709E-16
903.  9.113414E-16
904.  9.033478E-16
905.  8.993008E-16
906.  8.993999E-16
907.  9.037344E-16
908.  9.122876E-16
909.  9.249462E-16
910.  9.415077E-16
911.  9.616962E-16
912.  9.851749E-16
913.  1.011562E-15
914.  1.040445E-15
915.  1.071396E-15
916.  1.103980E-15
917.  1.137762E-15
918.  1.172316E-15
919.  1.207220E-15
920.  1.242057E-15
921.  1.276414E-15
922.  1.309871E-15
923.  1.342005E-15
924.  1.372381E-15
925.  1.400559E-15
926.  1.426091E-15
927.  1.448533E-15
928.  1.467449E-15
929.  1.482427E-15
930.  1.493094E-15
931.  1.499133E-15
932.  1.500300E-15
933.  1.496443E-15
934.  1.487520E-15
935.  1.473612E-15
936.  1.454932E-15
937.  1.431829E-15
938.  1.404784E-15
939.  1.374398E-15
940.  1.341370E-15
941.  1.306475E-15
942.  1.270525E-15
943.  1.234335E-15
944.  1.198688E-15
945.  1.164301E-15
946.  1.131798E-15
947.  1.101687E-15
948.  1.074356E-15
949.  1.050068E-15
950.  1.028969E-15
951.  1.011109E-15
952.  9.964544E-16
953.  9.849163E-16
954.  9.763634E-16
955.  9.706398E-16
956.  9.675739E-16
957.  9.669801E-16
958.  9.686557E-16
959.  9.723732E-16
960.  9.778684E-16
961.  9.848319E-16
962.  9.928981E-16
963.  1.001643E-15
964.  1.010586E-15
965.  1.019196E-15
966.  1.026905E-15
967.  1.033132E-15
968.  1.037301E-15
969.  1.038871E-15
970.  1.037358E-15
971.  1.032364E-15
972.  1.023599E-15
973.  1.010896E-15
974.  9.942220E-16
975.  9.736864E-16
976.  9.495358E-16
977.  9.221452E-16
978.  8.920005E-16
979.  8.596757E-16
980.  8.258052E-16
981.  7.910525E-16
982.  7.560787E-16
983.  7.215123E-16
984.  6.879210E-16
985.  6.557920E-16
986.  6.255143E-16
987.  5.973716E-16
988.  5.715406E-16
989.  5.480951E-16
990.  5.270163E-16
991.  5.082069E-16
992.  4.915053E-16
993.  4.767042E-16
994.  4.635657E-16
995.  4.518391E-16
996.  4.412745E-16
997.  4.316371E-16
998.  4.227199E-16
999.  4.143536E-16
1000.  4.064178E-16
1001.  3.988471E-16
1002.  3.916364E-16
1003.  3.848440E-16
1004.  3.785904E-16
1005.  3.730536E-16
1006.  3.684609E-16
1007.  3.650783E-16
1008.  3.631954E-16
1009.  3.631108E-16
1010.  3.651140E-16
1011.  3.694714E-16
1012.  3.764121E-16
1013.  3.861182E-16
1014.  3.987180E-16
1015.  4.142859E-16
1016.  4.328452E-16
1017.  4.543770E-16
1018.  4.788314E-16
1019.  5.061413E-16
1020.  5.362371E-16
1021.  5.690592E-16
1022.  6.045676E-16
1023.  6.427465E-16
1024.  6.836026E-16
1025.  7.271564E-16
1026.  7.734265E-16
1027.  8.224088E-16
1028.  8.740507E-16
1029.  9.282227E-16
1030.  9.846927E-16
1031.  1.043101E-15
1032.  1.102943E-15
1033.  1.163560E-15
1034.  1.224140E-15
1035.  1.283728E-15
1036.  1.341249E-15
1037.  1.395541E-15
1038.  1.445395E-15
1039.  1.489604E-15
1040.  1.527018E-15
1041.  1.556592E-15
1042.  1.577447E-15
1043.  1.588911E-15
1044.  1.590558E-15
1045.  1.582245E-15
1046.  1.564115E-15
1047.  1.536608E-15
1048.  1.500441E-15
1049.  1.456574E-15
1050.  1.406172E-15
1051.  1.350543E-15
1052.  1.291077E-15
1053.  1.229179E-15
1054.  1.166199E-15
1055.  1.103382E-15
1056.  1.041808E-15
1057.  9.823667E-16
1058.  9.257346E-16
1059.  8.723720E-16
1060.  8.225357E-16
1061.  7.763039E-16
1062.  7.336113E-16
1063.  6.942878E-16
1064.  6.581003E-16
1065.  6.247895E-16
1066.  5.941035E-16
1067.  5.658199E-16
1068.  5.397617E-16
1069.  5.158018E-16
1070.  4.938590E-16
1071.  4.738886E-16
1072.  4.558672E-16
1073.  4.397761E-16
1074.  4.255838E-16
1075.  4.132320E-16
1076.  4.026247E-16
1077.  3.936213E-16
1078.  3.860373E-16
1079.  3.796462E-16
1080.  3.741906E-16
1081.  3.693942E-16
1082.  3.649772E-16
1083.  3.606731E-16
1084.  3.562462E-16
1085.  3.515072E-16
1086.  3.463265E-16
1087.  3.406454E-16
1088.  3.344819E-16
1089.  3.279341E-16
1090.  3.211789E-16
1091.  3.144671E-16
1092.  3.081155E-16
1093.  3.024967E-16
1094.  2.980275E-16
1095.  2.951543E-16
1096.  2.943409E-16
1097.  2.960543E-16
1098.  3.007511E-16
1099.  3.088653E-16
1100.  3.207962E-16
1101.  3.368976E-16
1102.  3.574671E-16
1103.  3.827369E-16
1104.  4.128649E-16
1105.  4.479264E-16
1106.  4.879060E-16
1107.  5.326899E-16
1108.  5.820602E-16
1109.  6.356894E-16
1110.  6.931373E-16
1111.  7.538504E-16
1112.  8.171666E-16
1113.  8.823231E-16
1114.  9.484723E-16
1115.  1.014701E-15
1116.  1.080062E-15
1117.  1.143602E-15
1118.  1.204405E-15
1119.  1.261630E-15
1120.  1.314546E-15
1121.  1.362573E-15
1122.  1.405303E-15
1123.  1.442515E-15
1124.  1.474180E-15
1125.  1.500440E-15
1126.  1.521587E-15
1127.  1.538018E-15
1128.  1.550187E-15
1129.  1.558551E-15
1130.  1.563522E-15
1131.  1.565422E-15
1132.  1.564454E-15
1133.  1.560692E-15
1134.  1.554084E-15
1135.  1.544476E-15
1136.  1.531655E-15
1137.  1.515392E-15
1138.  1.495501E-15
1139.  1.471884E-15
1140.  1.444577E-15
1141.  1.413776E-15
1142.  1.379847E-15
1143.  1.343317E-15
1144.  1.304849E-15
1145.  1.265206E-15
1146.  1.225194E-15
1147.  1.185619E-15
1148.  1.147229E-15
1149.  1.110674E-15
1150.  1.076477E-15
1151.  1.045012E-15
1152.  1.016502E-15
1153.  9.910313E-16
1154.  9.685651E-16
1155.  9.489811E-16
1156.  9.321024E-16
1157.  9.177320E-16
1158.  9.056872E-16
1159.  8.958227E-16
1160.  8.880525E-16
1161.  8.823596E-16
1162.  8.787982E-16
1163.  8.774881E-16
1164.  8.786014E-16
1165.  8.823436E-16
1166.  8.889306E-16
1167.  8.985626E-16
1168.  9.113975E-16
1169.  9.275260E-16
1170.  9.469487E-16
1171.  9.695618E-16
1172.  9.951436E-16
1173.  1.023356E-15
1174.  1.053752E-15
1175.  1.085790E-15
1176.  1.118861E-15
1177.  1.152322E-15
1178.  1.185530E-15
1179.  1.217882E-15
1180.  1.248855E-15
1181.  1.278035E-15
1182.  1.305148E-15
1183.  1.330067E-15
1184.  1.352823E-15
1185.  1.373594E-15
1186.  1.392680E-15
1187.  1.410481E-15
1188.  1.427448E-15
1189.  1.444047E-15
1190.  1.460716E-15
1191.  1.477826E-15
1192.  1.495653E-15
1193.  1.514358E-15
1194.  1.533979E-15
1195.  1.554438E-15
1196.  1.575559E-15
1197.  1.597093E-15
1198.  1.618748E-15
1199.  1.640221E-15
1200.  1.661229E-15
1201.  1.681532E-15
1202.  1.700943E-15
1203.  1.719341E-15
1204.  1.736660E-15
1205.  1.752884E-15
1206.  1.768023E-15
1207.  1.782100E-15
1208.  1.795128E-15
1209.  1.807094E-15
1210.  1.817950E-15
1211.  1.827598E-15
1212.  1.835904E-15
1213.  1.842693E-15
1214.  1.847770E-15
1215.  1.850931E-15
1216.  1.851986E-15
1217.  1.850782E-15
1218.  1.847220E-15
1219.  1.841277E-15
1220.  1.833016E-15
1221.  1.822594E-15
1222.  1.810269E-15
1223.  1.796383E-15
1224.  1.781356E-15
1225.  1.765658E-15
1226.  1.749790E-15
1227.  1.734243E-15
1228.  1.719478E-15
1229.  1.705889E-15
1230.  1.693780E-15
1231.  1.683349E-15
1232.  1.674669E-15
1233.  1.667689E-15
1234.  1.662237E-15
1235.  1.658033E-15
1236.  1.654703E-15
1237.  1.651809E-15
1238.  1.648872E-15
1239.  1.645409E-15
1240.  1.640958E-15
1241.  1.635109E-15
1242.  1.627535E-15
1243.  1.618004E-15
1244.  1.606400E-15
1245.  1.592721E-15
1246.  1.577079E-15
1247.  1.559682E-15
1248.  1.540818E-15
1249.  1.520823E-15
1250.  1.500051E-15
1251.  1.478850E-15
1252.  1.457529E-15
1253.  1.436340E-15
1254.  1.415466E-15
1255.  1.395008E-15
1256.  1.374999E-15
1257.  1.355403E-15
1258.  1.336135E-15
1259.  1.317080E-15
1260.  1.298110E-15
1261.  1.279098E-15
1262.  1.259939E-15
1263.  1.240555E-15
1264.  1.220902E-15
1265.  1.200969E-15
1266.  1.180780E-15
1267.  1.160383E-15
1268.  1.139845E-15
1269.  1.119246E-15
1270.  1.098674E-15
1271.  1.078215E-15
1272.  1.057956E-15
1273.  1.037980E-15
1274.  1.018370E-15
1275.  9.992087E-16
1276.  9.805838E-16
1277.  9.625888E-16
1278.  9.453273E-16
1279.  9.289131E-16
1280.  9.134700E-16
1281.  8.991320E-16
1282.  8.860367E-16
1283.  8.743236E-16
1284.  8.641267E-16
1285.  8.555691E-16
1286.  8.487574E-16
1287.  8.437754E-16
1288.  8.406819E-16
1289.  8.395065E-16
1290.  8.402502E-16
1291.  8.428837E-16
1292.  8.473514E-16
1293.  8.535725E-16
1294.  8.614442E-16
1295.  8.708457E-16
1296.  8.816408E-16
1297.  8.936820E-16
1298.  9.068123E-16
1299.  9.208694E-16
1300.  9.356882E-16
1301.  9.511034E-16
1302.  9.669545E-16
1303.  9.830880E-16
1304.  9.993639E-16
1305.  1.015660E-15
1306.  1.031879E-15
1307.  1.047952E-15
1308.  1.063847E-15
1309.  1.079575E-15
1310.  1.095195E-15
1311.  1.110815E-15
1312.  1.126591E-15
1313.  1.142729E-15
1314.  1.159469E-15
1315.  1.177078E-15
1316.  1.195826E-15
1317.  1.215967E-15
1318.  1.237707E-15
1319.  1.261178E-15
1320.  1.286410E-15
1321.  1.313303E-15
1322.  1.341610E-15
1323.  1.370931E-15
1324.  1.400713E-15
1325.  1.430268E-15
1326.  1.458804E-15
1327.  1.485465E-15
1328.  1.509386E-15
1329.  1.529748E-15
1330.  1.545834E-15
1331.  1.557084E-15
1332.  1.563135E-15
1333.  1.563847E-15
1334.  1.559319E-15
1335.  1.549875E-15
1336.  1.536043E-15
1337.  1.518514E-15
1338.  1.498092E-15
1339.  1.475638E-15
1340.  1.452015E-15
1341.  1.428038E-15
1342.  1.404435E-15
1343.  1.381817E-15
1344.  1.360670E-15
1345.  1.341357E-15
1346.  1.324130E-15
1347.  1.309158E-15
1348.  1.296557E-15
1349.  1.286423E-15
1350.  1.278861E-15
1351.  1.274006E-15
1352.  1.272038E-15
1353.  1.273186E-15
1354.  1.277715E-15
1355.  1.285909E-15
1356.  1.298040E-15
1357.  1.314333E-15
1358.  1.334925E-15
1359.  1.359826E-15
1360.  1.388882E-15
1361.  1.421748E-15
1362.  1.457865E-15
1363.  1.496456E-15
1364.  1.536532E-15
1365.  1.576915E-15
1366.  1.616275E-15
1367.  1.653183E-15
1368.  1.686172E-15
1369.  1.713811E-15
1370.  1.734778E-15
1371.  1.747931E-15
1372.  1.752380E-15
1373.  1.747537E-15
1374.  1.733156E-15
1375.  1.709350E-15
1376.  1.676583E-15
1377.  1.635653E-15
1378.  1.587636E-15
1379.  1.533833E-15
1380.  1.475689E-15
1381.  1.414717E-15
1382.  1.352425E-15
1383.  1.290236E-15
1384.  1.229439E-15
1385.  1.171139E-15
1386.  1.116234E-15
1387.  1.065407E-15
1388.  1.019134E-15
1389.  9.777098E-16
1390.  9.412715E-16
1391.  9.098430E-16
1392.  8.833707E-16
1393.  8.617581E-16
1394.  8.448959E-16
1395.  8.326827E-16
1396.  8.250357E-16
1397.  8.218923E-16
1398.  8.232028E-16
1399.  8.289149E-16
1400.  8.389556E-16
1401.  8.532087E-16
1402.  8.714968E-16
1403.  8.935647E-16
1404.  9.190695E-16
1405.  9.475789E-16
1406.  9.785780E-16
1407.  1.011481E-15
1408.  1.045652E-15
1409.  1.080430E-15
1410.  1.115153E-15
1411.  1.149183E-15
1412.  1.181934E-15
1413.  1.212884E-15
1414.  1.241597E-15
1415.  1.267725E-15
1416.  1.291021E-15
1417.  1.311334E-15
1418.  1.328613E-15
1419.  1.342897E-15
1420.  1.354316E-15
1421.  1.363079E-15
1422.  1.369466E-15
1423.  1.373817E-15
1424.  1.376517E-15
1425.  1.377984E-15
1426.  1.378642E-15
1427.  1.378912E-15
1428.  1.379184E-15
1429.  1.379804E-15
1430.  1.381054E-15
1431.  1.383141E-15
1432.  1.386192E-15
1433.  1.390246E-15
1434.  1.395263E-15
1435.  1.401122E-15
1436.  1.407641E-15
1437.  1.414582E-15
1438.  1.421667E-15
1439.  1.428596E-15
1440.  1.435056E-15
1441.  1.440740E-15
1442.  1.445357E-15
1443.  1.448649E-15
1444.  1.450404E-15
1445.  1.450470E-15
1446.  1.448774E-15
1447.  1.445329E-15
1448.  1.440259E-15
1449.  1.433798E-15
1450.  1.426303E-15
1451.  1.418251E-15
1452.  1.410226E-15
1453.  1.402907E-15
1454.  1.397033E-15
1455.  1.393371E-15
1456.  1.392670E-15
1457.  1.395611E-15
1458.  1.402759E-15
1459.  1.414515E-15
1460.  1.431073E-15
1461.  1.452395E-15
1462.  1.478187E-15
1463.  1.507903E-15
1464.  1.540762E-15
1465.  1.575775E-15
1466.  1.611804E-15
1467.  1.647620E-15
1468.  1.681974E-15
1469.  1.713682E-15
1470.  1.741693E-15
1471.  1.765165E-15
1472.  1.783518E-15
1473.  1.796481E-15
1474.  1.804109E-15
1475.  1.806786E-15
1476.  1.805199E-15
1477.  1.800302E-15
1478.  1.793255E-15
1479.  1.785353E-15
1480.  1.777954E-15
1481.  1.772396E-15
1482.  1.769927E-15
1483.  1.771640E-15
1484.  1.778422E-15
1485.  1.790917E-15
1486.  1.809507E-15
1487.  1.834310E-15
1488.  1.865187E-15
1489.  1.901774E-15
1490.  1.943509E-15
1491.  1.989676E-15
1492.  2.039449E-15
1493.  2.091929E-15
1494.  2.146187E-15
1495.  2.201289E-15
1496.  2.256324E-15
1497.  2.310413E-15
1498.  2.362720E-15
1499.  2.412447E-15
1500.  2.458835E-15
1501.  2.501154E-15
1502.  2.538703E-15
1503.  2.570810E-15
1504.  2.596839E-15
1505.  2.616204E-15
1506.  2.628390E-15
1507.  2.632978E-15
1508.  2.629674E-15
1509.  2.618342E-15
1510.  2.599021E-15
1511.  2.571956E-15
1512.  2.537599E-15
1513.  2.496613E-15
1514.  2.449860E-15
1515.  2.398379E-15
1516.  2.343349E-15
1517.  2.286049E-15
1518.  2.227812E-15
1519.  2.169975E-15
1520.  2.113830E-15
1521.  2.060580E-15
1522.  2.011303E-15
1523.  1.966921E-15
1524.  1.928181E-15
1525.  1.895643E-15
1526.  1.869682E-15
1527.  1.850492E-15
1528.  1.838104E-15
1529.  1.832401E-15
1530.  1.833143E-15
1531.  1.839990E-15
1532.  1.852522E-15
1533.  1.870267E-15
1534.  1.892710E-15
1535.  1.919315E-15
1536.  1.949529E-15
1537.  1.982789E-15
1538.  2.018528E-15
1539.  2.056165E-15
1540.  2.095111E-15
1541.  2.134758E-15
1542.  2.174484E-15
1543.  2.213645E-15
1544.  2.251587E-15
1545.  2.287645E-15
1546.  2.321159E-15
1547.  2.351487E-15
1548.  2.378020E-15
1549.  2.400205E-15
1550.  2.417556E-15
1551.  2.429674E-15
1552.  2.436260E-15
1553.  2.437128E-15
1554.  2.432211E-15
1555.  2.421571E-15
1556.  2.405396E-15
1557.  2.384008E-15
1558.  2.357857E-15
1559.  2.327521E-15
1560.  2.293694E-15
1561.  2.257184E-15
1562.  2.218886E-15
1563.  2.179772E-15
1564.  2.140861E-15
1565.  2.103195E-15
1566.  2.067802E-15
1567.  2.035671E-15
1568.  2.007714E-15
1569.  1.984740E-15
1570.  1.967432E-15
1571.  1.956327E-15
1572.  1.951800E-15
1573.  1.954065E-15
1574.  1.963162E-15
1575.  1.978969E-15
1576.  2.001204E-15
1577.  2.029429E-15
1578.  2.063063E-15
1579.  2.101387E-15
1580.  2.143554E-15
1581.  2.188597E-15
1582.  2.235444E-15
1583.  2.282930E-15
1584.  2.329819E-15
1585.  2.374831E-15
1586.  2.416670E-15
1587.  2.454066E-15
1588.  2.485815E-15
1589.  2.510826E-15
1590.  2.528166E-15
1591.  2.537100E-15
1592.  2.537125E-15
1593.  2.527998E-15
1594.  2.509739E-15
1595.  2.482631E-15
1596.  2.447207E-15
1597.  2.404210E-15
1598.  2.354557E-15
1599.  2.299293E-15
1600.  2.239531E-15
1601.  2.176413E-15
1602.  2.111055E-15
1603.  2.044513E-15
1604.  1.977752E-15
1605.  1.911623E-15
1606.  1.846858E-15
1607.  1.784064E-15
1608.  1.723730E-15
1609.  1.666237E-15
1610.  1.611877E-15
1611.  1.560866E-15
1612.  1.513369E-15
1613.  1.469516E-15
1614.  1.429420E-15
1615.  1.393200E-15
1616.  1.360988E-15
1617.  1.332943E-15
1618.  1.309257E-15
1619.  1.290149E-15
1620.  1.275868E-15
1621.  1.266672E-15
1622.  1.262814E-15
1623.  1.264523E-15
1624.  1.271976E-15
1625.  1.285279E-15
1626.  1.304444E-15
1627.  1.329372E-15
1628.  1.359850E-15
1629.  1.395542E-15
1630.  1.436003E-15
1631.  1.480693E-15
1632.  1.528995E-15
1633.  1.580249E-15
1634.  1.633770E-15
1635.  1.688879E-15
1636.  1.744923E-15
1637.  1.801284E-15
1638.  1.857389E-15
1639.  1.912699E-15
1640.  1.966704E-15
1641.  2.018898E-15
1642.  2.068761E-15
1643.  2.115740E-15
1644.  2.159232E-15
1645.  2.198577E-15
1646.  2.233064E-15
1647.  2.261944E-15
1648.  2.284461E-15
1649.  2.299884E-15
1650.  2.307559E-15
1651.  2.306947E-15
1652.  2.297674E-15
1653.  2.279569E-15
1654.  2.252688E-15
1655.  2.217335E-15
1656.  2.174056E-15
1657.  2.123628E-15
1658.  2.067031E-15
1659.  2.005407E-15
1660.  1.940020E-15
1661.  1.872202E-15
1662.  1.803306E-15
1663.  1.734661E-15
1664.  1.667531E-15
1665.  1.603085E-15
1666.  1.542372E-15
1667.  1.486300E-15
1668.  1.435633E-15
1669.  1.390978E-15
1670.  1.352792E-15
1671.  1.321375E-15
1672.  1.296876E-15
1673.  1.279298E-15
1674.  1.268495E-15
1675.  1.264186E-15
1676.  1.265955E-15
1677.  1.273266E-15
1678.  1.285476E-15
1679.  1.301852E-15
1680.  1.321600E-15
1681.  1.343885E-15
1682.  1.367862E-15
1683.  1.392703E-15
1684.  1.417623E-15
1685.  1.441897E-15
1686.  1.464873E-15
1687.  1.485980E-15
1688.  1.504721E-15
1689.  1.520669E-15
1690.  1.533452E-15
1691.  1.542736E-15
1692.  1.548219E-15
1693.  1.549619E-15
1694.  1.546669E-15
1695.  1.539125E-15
1696.  1.526779E-15
1697.  1.509468E-15
1698.  1.487101E-15
1699.  1.459672E-15
1700.  1.427282E-15
1701.  1.390146E-15
1702.  1.348599E-15
1703.  1.303093E-15
1704.  1.254184E-15
1705.  1.202516E-15
1706.  1.148792E-15
1707.  1.093752E-15
1708.  1.038141E-15
1709.  9.826813E-16
1710.  9.280486E-16
1711.  8.748495E-16
1712.  8.236058E-16
1713.  7.747445E-16
1714.  7.285933E-16
1715.  6.853821E-16
1716.  6.452505E-16
1717.  6.082590E-16
1718.  5.744045E-16
1719.  5.436374E-16
1720.  5.158807E-16
1721.  4.910459E-16
1722.  4.690471E-16
1723.  4.498125E-16
1724.  4.332860E-16
1725.  4.194285E-16
1726.  4.082084E-16
1727.  3.995918E-16
1728.  3.935255E-16
1729.  3.899234E-16
1730.  3.886505E-16
1731.  3.895133E-16
1732.  3.922554E-16
1733.  3.965580E-16
1734.  4.020509E-16
1735.  4.083264E-16
1736.  4.149618E-16
1737.  4.215403E-16
1738.  4.276773E-16
1739.  4.330397E-16
1740.  4.373633E-16
1741.  4.404648E-16
1742.  4.422440E-16
1743.  4.426835E-16
1744.  4.418394E-16
1745.  4.398309E-16
1746.  4.368247E-16
1747.  4.330221E-16
1748.  4.286460E-16
1749.  4.239301E-16
1750.  4.191126E-16
1751.  4.144309E-16
1752.  4.101205E-16
1753.  4.064138E-16
1754.  4.035413E-16
1755.  4.017302E-16
1756.  4.012032E-16
1757.  4.021760E-16
1758.  4.048515E-16
1759.  4.094151E-16
1760.  4.160260E-16
1761.  4.248113E-16
1762.  4.358562E-16
1763.  4.491975E-16
1764.  4.648141E-16
1765.  4.826205E-16
1766.  5.024588E-16
1767.  5.240919E-16
1768.  5.471993E-16
1769.  5.713739E-16
1770.  5.961225E-16
1771.  6.208727E-16
1772.  6.449815E-16
1773.  6.677543E-16
1774.  6.884655E-16
1775.  7.063881E-16
1776.  7.208234E-16
1777.  7.311347E-16
1778.  7.367798E-16
1779.  7.373400E-16
1780.  7.325441E-16
1781.  7.222856E-16
1782.  7.066297E-16
1783.  6.858138E-16
1784.  6.602354E-16
1785.  6.304358E-16
1786.  5.970727E-16
1787.  5.608908E-16
1788.  5.226883E-16
1789.  4.832821E-16
1790.  4.434756E-16
1791.  4.040291E-16
1792.  3.656357E-16
1793.  3.289039E-16
1794.  2.943453E-16
1795.  2.623713E-16
1796.  2.332953E-16
1797.  2.073383E-16
1798.  1.846413E-16
1799.  1.652766E-16
1800.  1.492610E-16
1801.  1.365669E-16
1802.  1.271314E-16
1803.  1.208610E-16
1804.  1.176340E-16
1805.  1.172987E-16
1806.  1.196711E-16
1807.  1.245300E-16
1808.  1.316131E-16
1809.  1.406162E-16
1810.  1.511920E-16
1811.  1.629575E-16
1812.  1.755005E-16
1813.  1.883933E-16
1814.  2.012084E-16
1815.  2.135364E-16
1816.  2.250059E-16
1817.  2.353017E-16
1818.  2.441827E-16
1819.  2.514949E-16
1820.  2.571799E-16
1821.  2.612782E-16
1822.  2.639241E-16
1823.  2.653355E-16
1824.  2.657952E-16
1825.  2.656294E-16
1826.  2.651795E-16
1827.  2.647748E-16
1828.  2.647058E-16
1829.  2.651990E-16
1830.  2.664011E-16
1831.  2.683674E-16
1832.  2.710604E-16
1833.  2.743564E-16
1834.  2.780604E-16
1835.  2.819269E-16
1836.  2.856844E-16
1837.  2.890636E-16
1838.  2.918220E-16
1839.  2.937680E-16
1840.  2.947779E-16
1841.  2.948084E-16
1842.  2.939003E-16
1843.  2.921758E-16
1844.  2.898301E-16
1845.  2.871166E-16
1846.  2.843289E-16
1847.  2.817800E-16
1848.  2.797818E-16
1849.  2.786258E-16
1850.  2.785645E-16
1851.  2.797985E-16
1852.  2.824654E-16
1853.  2.866350E-16
1854.  2.923059E-16
1855.  2.994094E-16
1856.  3.078134E-16
1857.  3.173327E-16
1858.  3.277385E-16
1859.  3.387714E-16
1860.  3.501543E-16
1861.  3.616060E-16
1862.  3.728539E-16
1863.  3.836449E-16
1864.  3.937553E-16
1865.  4.029983E-16
1866.  4.112284E-16
1867.  4.183435E-16
1868.  4.242852E-16
1869.  4.290369E-16
1870.  4.326191E-16
1871.  4.350863E-16
1872.  4.365198E-16
1873.  4.370243E-16
1874.  4.367202E-16
1875.  4.357399E-16
1876.  4.342220E-16
1877.  4.323064E-16
1878.  4.301297E-16
1879.  4.278209E-16
1880.  4.254972E-16
1881.  4.232602E-16
1882.  4.211937E-16
1883.  4.193602E-16
1884.  4.178010E-16
1885.  4.165355E-16
1886.  4.155625E-16
1887.  4.148617E-16
1888.  4.143960E-16
1889.  4.141169E-16
1890.  4.139658E-16
1891.  4.138795E-16
1892.  4.137936E-16
1893.  4.136457E-16
1894.  4.133795E-16
1895.  4.129458E-16
1896.  4.123065E-16
1897.  4.114341E-16
1898.  4.103129E-16
1899.  4.089392E-16
1900.  4.073203E-16
1901.  4.054732E-16
1902.  4.034232E-16
1903.  4.012021E-16
1904.  3.988455E-16
1905.  3.963919E-16
1906.  3.938798E-16
1907.  3.913469E-16
1908.  3.888276E-16
1909.  3.863540E-16
1910.  3.839533E-16
1911.  3.816489E-16
1912.  3.794601E-16
1913.  3.774022E-16
1914.  3.754874E-16
1915.  3.737244E-16
1916.  3.721201E-16
1917.  3.706798E-16
1918.  3.694071E-16
1919.  3.683054E-16
1920.  3.673779E-16
1921.  3.666289E-16
1922.  3.660636E-16
1923.  3.656898E-16
1924.  3.655179E-16
1925.  3.655627E-16
1926.  3.658437E-16
1927.  3.663857E-16
1928.  3.672197E-16
1929.  3.683827E-16
1930.  3.699180E-16
1931.  3.718730E-16
1932.  3.742989E-16
1933.  3.772483E-16
1934.  3.807718E-16
1935.  3.849163E-16
1936.  3.897208E-16
1937.  3.952142E-16
1938.  4.014118E-16
1939.  4.083143E-16
1940.  4.159062E-16
1941.  4.241557E-16
1942.  4.330159E-16
1943.  4.424265E-16
1944.  4.523169E-16
1945.  4.626094E-16
1946.  4.732233E-16
1947.  4.840787E-16
1948.  4.950994E-16
1949.  5.062182E-16
1950.  5.173779E-16
1951.  5.285337E-16
1952.  5.396553E-16
1953.  5.507262E-16
1954.  5.617434E-16
1955.  5.727170E-16
1956.  5.836672E-16
1957.  5.946216E-16
1958.  6.056127E-16
1959.  6.166732E-16
1960.  6.278343E-16
1961.  6.391193E-16
1962.  6.505432E-16
1963.  6.621075E-16
1964.  6.738000E-16
1965.  6.855938E-16
1966.  6.974471E-16
1967.  7.093058E-16
1968.  7.211061E-16
1969.  7.327780E-16
1970.  7.442514E-16
1971.  7.554601E-16
1972.  7.663466E-16
1973.  7.768683E-16
1974.  7.870008E-16
1975.  7.967404E-16
1976.  8.061079E-16
1977.  8.151496E-16
1978.  8.239377E-16
1979.  8.325703E-16
1980.  8.411714E-16
1981.  8.498894E-16
1982.  8.588955E-16
1983.  8.683818E-16
1984.  8.785580E-16
1985.  8.896489E-16
1986.  9.018904E-16
1987.  9.155257E-16
1988.  9.308028E-16
1989.  9.479706E-16
1990.  9.672773E-16
1991.  9.889693E-16
1992.  1.013291E-15
1993.  1.040486E-15
1994.  1.070793E-15
1995.  1.104449E-15
1996.  1.141682E-15
1997.  1.182706E-15
1998.  1.227704E-15
1999.  1.276815E-15
2000.  1.330107E-15
2001.  1.387553E-15
2002.  1.448996E-15
2003.  1.514125E-15
2004.  1.582440E-15
2005.  1.653238E-15
2006.  1.725593E-15
2007.  1.798367E-15
2008.  1.870218E-15
2009.  1.939644E-15
2010.  2.005025E-15
2011.  2.064693E-15
2012.  2.117006E-15
2013.  2.160428E-15
2014.  2.193610E-15
2015.  2.215465E-15
2016.  2.225227E-15
2017.  2.222498E-15
2018.  2.207266E-15
2019.  2.179911E-15
2020.  2.141179E-15
2021.  2.092144E-15
2022.  2.034147E-15
2023.  1.968729E-15
2024.  1.897552E-15
2025.  1.822327E-15
2026.  1.744731E-15
2027.  1.666353E-15
2028.  1.588630E-15
2029.  1.512813E-15
2030.  1.439939E-15
2031.  1.370818E-15
2032.  1.306041E-15
2033.  1.245985E-15
2034.  1.190842E-15
2035.  1.140643E-15
2036.  1.095288E-15
2037.  1.054577E-15
2038.  1.018241E-15
2039.  9.859591E-16
2040.  9.573874E-16
2041.  9.321703E-16
2042.  9.099537E-16
2043.  8.903924E-16
2044.  8.731572E-16
2045.  8.579371E-16
2046.  8.444426E-16
2047.  8.324073E-16
2048.  8.215886E-16
2049.  8.117695E-16
2050.  8.027589E-16
2051.  7.943923E-16
2052.  7.865323E-16
2053.  7.790678E-16
2054.  7.719147E-16
2055.  7.650136E-16
2056.  7.583302E-16
2057.  7.518517E-16
2058.  7.455873E-16
2059.  7.395644E-16
2060.  7.338275E-16
2061.  7.284354E-16
2062.  7.234585E-16
2063.  7.189773E-16
2064.  7.150783E-16
2065.  7.118518E-16
2066.  7.093882E-16
2067.  7.077751E-16
2068.  7.070952E-16
2069.  7.074213E-16
2070.  7.088160E-16
2071.  7.113281E-16
2072.  7.149918E-16
2073.  7.198261E-16
2074.  7.258338E-16
2075.  7.330026E-16
2076.  7.413065E-16
2077.  7.507066E-16
2078.  7.611544E-16
2079.  7.725938E-16
2080.  7.849641E-16
2081.  7.982034E-16
2082.  8.122514E-16
2083.  8.270525E-16
2084.  8.425591E-16
2085.  8.587339E-16
2086.  8.755531E-16
2087.  8.930071E-16
2088.  9.111035E-16
2089.  9.298658E-16
2090.  9.493348E-16
2091.  9.695673E-16
2092.  9.906334E-16
2093.  1.012616E-15
2094.  1.035606E-15
2095.  1.059698E-15
2096.  1.084990E-15
2097.  1.111577E-15
2098.  1.139550E-15
2099.  1.168992E-15
2100.  1.199979E-15
2101.  1.232575E-15
2102.  1.266834E-15
2103.  1.302798E-15
2104.  1.340491E-15
2105.  1.379922E-15
2106.  1.421076E-15
2107.  1.463908E-15
2108.  1.508341E-15
2109.  1.554254E-15
2110.  1.601476E-15
2111.  1.649780E-15
2112.  1.698876E-15
2113.  1.748404E-15
2114.  1.797931E-15
2115.  1.846948E-15
2116.  1.894870E-15
2117.  1.941039E-15
2118.  1.984729E-15
2119.  2.025163E-15
2120.  2.061524E-15
2121.  2.092985E-15
2122.  2.118735E-15
2123.  2.138020E-15
2124.  2.150180E-15
2125.  2.154686E-15
2126.  2.151187E-15
2127.  2.139531E-15
2128.  2.119790E-15
2129.  2.092268E-15
2130.  2.057490E-15
2131.  2.016178E-15
2132.  1.969218E-15
2133.  1.917607E-15
2134.  1.862402E-15
2135.  1.804662E-15
2136.  1.745396E-15
2137.  1.685520E-15
2138.  1.625827E-15
2139.  1.566962E-15
2140.  1.509424E-15
2141.  1.453567E-15
2142.  1.399624E-15
2143.  1.347722E-15
2144.  1.297915E-15
2145.  1.250204E-15
2146.  1.204563E-15
2147.  1.160951E-15
2148.  1.119329E-15
2149.  1.079658E-15
2150.  1.041905E-15
2151.  1.006038E-15
2152.  9.720224E-16
2153.  9.398147E-16
2154.  9.093602E-16
2155.  8.805887E-16
2156.  8.534145E-16
2157.  8.277374E-16
2158.  8.034433E-16
2159.  7.804081E-16
2160.  7.585019E-16
2161.  7.375921E-16
2162.  7.175484E-16
2163.  6.982488E-16
2164.  6.795835E-16
2165.  6.614617E-16
2166.  6.438168E-16
2167.  6.266109E-16
2168.  6.098392E-16
2169.  5.935317E-16
2170.  5.777530E-16
2171.  5.625998E-16
2172.  5.481950E-16
2173.  5.346790E-16
2174.  5.221992E-16
2175.  5.108986E-16
2176.  5.009017E-16
2177.  4.923037E-16
2178.  4.851583E-16
2179.  4.794705E-16
2180.  4.751905E-16
2181.  4.722124E-16
2182.  4.703784E-16
2183.  4.694839E-16
2184.  4.692896E-16
2185.  4.695351E-16
2186.  4.699547E-16
2187.  4.702946E-16
2188.  4.703275E-16
2189.  4.698679E-16
2190.  4.687810E-16
2191.  4.669890E-16
2192.  4.644721E-16
2193.  4.612645E-16
2194.  4.574466E-16
2195.  4.531340E-16
2196.  4.484651E-16
2197.  4.435885E-16
2198.  4.386528E-16
2199.  4.337961E-16
2200.  4.291434E-16
2201.  4.248034E-16
2202.  4.208707E-16
2203.  4.174306E-16
2204.  4.145644E-16
2205.  4.123558E-16
2206.  4.108947E-16
2207.  4.102804E-16
2208.  4.106194E-16
2209.  4.120215E-16
2210.  4.145916E-16
2211.  4.184206E-16
2212.  4.235733E-16
2213.  4.300783E-16
2214.  4.379202E-16
2215.  4.470334E-16
2216.  4.573021E-16
2217.  4.685629E-16
2218.  4.806139E-16
2219.  4.932242E-16
2220.  5.061481E-16
2221.  5.191388E-16
2222.  5.319598E-16
2223.  5.443977E-16
2224.  5.562685E-16
2225.  5.674233E-16
2226.  5.777506E-16
2227.  5.871762E-16
2228.  5.956625E-16
2229.  6.032078E-16
2230.  6.098455E-16
2231.  6.156449E-16
2232.  6.207127E-16
2233.  6.251941E-16
2234.  6.292743E-16
2235.  6.331765E-16
2236.  6.371578E-16
2237.  6.415010E-16
2238.  6.465030E-16
2239.  6.524575E-16
2240.  6.596374E-16
2241.  6.682754E-16
2242.  6.785450E-16
2243.  6.905463E-16
2244.  7.042939E-16
2245.  7.197140E-16
2246.  7.366453E-16
2247.  7.548471E-16
2248.  7.740134E-16
2249.  7.937882E-16
2250.  8.137861E-16
2251.  8.336098E-16
2252.  8.528686E-16
2253.  8.711940E-16
2254.  8.882515E-16
2255.  9.037506E-16
2256.  9.174523E-16
2257.  9.291723E-16
2258.  9.387844E-16
2259.  9.462218E-16
2260.  9.514753E-16
2261.  9.545932E-16
2262.  9.556777E-16
2263.  9.548806E-16
2264.  9.523986E-16
2265.  9.484652E-16
2266.  9.433467E-16
2267.  9.373310E-16
2268.  9.307232E-16
2269.  9.238384E-16
2270.  9.169961E-16
2271.  9.105159E-16
2272.  9.047173E-16
2273.  8.999161E-16
2274.  8.964264E-16
2275.  8.945622E-16
2276.  8.946362E-16
2277.  8.969624E-16
2278.  9.018548E-16
2279.  9.096257E-16
2280.  9.205806E-16
2281.  9.350117E-16
2282.  9.531892E-16
2283.  9.753481E-16
2284.  1.001674E-15
2285.  1.032286E-15
2286.  1.067221E-15
2287.  1.106410E-15
2288.  1.149666E-15
2289.  1.196664E-15
2290.  1.246930E-15
2291.  1.299833E-15
2292.  1.354587E-15
2293.  1.410256E-15
2294.  1.465776E-15
2295.  1.519981E-15
2296.  1.571641E-15
2297.  1.619514E-15
2298.  1.662401E-15
2299.  1.699201E-15
2300.  1.728980E-15
2301.  1.751019E-15
2302.  1.764868E-15
2303.  1.770378E-15
2304.  1.767717E-15
2305.  1.757371E-15
2306.  1.740121E-15
2307.  1.717004E-15
2308.  1.689255E-15
2309.  1.658237E-15
2310.  1.625372E-15
2311.  1.592060E-15
2312.  1.559618E-15
2313.  1.529213E-15
2314.  1.501828E-15
2315.  1.478226E-15
2316.  1.458948E-15
2317.  1.444310E-15
2318.  1.434424E-15
2319.  1.429221E-15
2320.  1.428474E-15
2321.  1.431830E-15
2322.  1.438829E-15
2323.  1.448919E-15
2324.  1.461474E-15
2325.  1.475790E-15
2326.  1.491098E-15
2327.  1.506563E-15
2328.  1.521294E-15
2329.  1.534362E-15
2330.  1.544824E-15
2331.  1.551759E-15
2332.  1.554313E-15
2333.  1.551743E-15
2334.  1.543471E-15
2335.  1.529125E-15
2336.  1.508574E-15
2337.  1.481946E-15
2338.  1.449634E-15
2339.  1.412280E-15
2340.  1.370740E-15
2341.  1.326039E-15
2342.  1.279316E-15
2343.  1.231766E-15
2344.  1.184577E-15
2345.  1.138885E-15
2346.  1.095724E-15
2347.  1.056002E-15
2348.  1.020478E-15
2349.  9.897601E-16
2350.  9.643000E-16
2351.  9.444081E-16
2352.  9.302648E-16
2353.  9.219373E-16
2354.  9.193950E-16
2355.  9.225274E-16
2356.  9.311572E-16
2357.  9.450537E-16
2358.  9.639430E-16
2359.  9.875146E-16
2360.  1.015426E-15
2361.  1.047304E-15
2362.  1.082737E-15
2363.  1.121273E-15
2364.  1.162407E-15
2365.  1.205570E-15
2366.  1.250119E-15
2367.  1.295330E-15
2368.  1.340396E-15
2369.  1.384433E-15
2370.  1.426492E-15
2371.  1.465589E-15
2372.  1.500734E-15
2373.  1.530975E-15
2374.  1.555443E-15
2375.  1.573396E-15
2376.  1.584268E-15
2377.  1.587702E-15
2378.  1.583578E-15
2379.  1.572027E-15
2380.  1.553429E-15
2381.  1.528396E-15
2382.  1.497749E-15
2383.  1.462476E-15
2384.  1.423683E-15
2385.  1.382548E-15
2386.  1.340268E-15
2387.  1.298012E-15
2388.  1.256879E-15
2389.  1.217865E-15
2390.  1.181843E-15
2391.  1.149542E-15
2392.  1.121553E-15
2393.  1.098327E-15
2394.  1.080189E-15
2395.  1.067357E-15
2396.  1.059962E-15
2397.  1.058068E-15
2398.  1.061692E-15
2399.  1.070823E-15
2400.  1.085431E-15
2401.  1.105474E-15
2402.  1.130896E-15
2403.  1.161624E-15
2404.  1.197551E-15
2405.  1.238518E-15
2406.  1.284295E-15
2407.  1.334558E-15
2408.  1.388869E-15
2409.  1.446659E-15
2410.  1.507219E-15
2411.  1.569697E-15
2412.  1.633107E-15
2413.  1.696348E-15
2414.  1.758233E-15
2415.  1.817523E-15
2416.  1.872977E-15
2417.  1.923391E-15
2418.  1.967656E-15
2419.  2.004795E-15
2420.  2.034005E-15
2421.  2.054686E-15
2422.  2.066464E-15
2423.  2.069192E-15
2424.  2.062950E-15
2425.  2.048030E-15
2426.  2.024913E-15
2427.  1.994240E-15
2428.  1.956782E-15
2429.  1.913403E-15
2430.  1.865035E-15
2431.  1.812646E-15
2432.  1.757217E-15
2433.  1.699725E-15
2434.  1.641124E-15
2435.  1.582337E-15
2436.  1.524240E-15
2437.  1.467662E-15
2438.  1.413371E-15
2439.  1.362076E-15
2440.  1.314419E-15
2441.  1.270976E-15
2442.  1.232255E-15
2443.  1.198700E-15
2444.  1.170693E-15
2445.  1.148558E-15
2446.  1.132567E-15
2447.  1.122944E-15
2448.  1.119864E-15
2449.  1.123453E-15
2450.  1.133785E-15
2451.  1.150866E-15
2452.  1.174625E-15
2453.  1.204896E-15
2454.  1.241395E-15
2455.  1.283700E-15
2456.  1.331238E-15
2457.  1.383261E-15
2458.  1.438847E-15
2459.  1.496896E-15
2460.  1.556150E-15
2461.  1.615216E-15
2462.  1.672613E-15
2463.  1.726818E-15
2464.  1.776341E-15
2465.  1.819787E-15
2466.  1.855935E-15
2467.  1.883803E-15
2468.  1.902705E-15
2469.  1.912294E-15
2470.  1.912576E-15
2471.  1.903915E-15
2472.  1.886996E-15
2473.  1.862783E-15
2474.  1.832445E-15
2475.  1.797283E-15
2476.  1.758636E-15
2477.  1.717803E-15
2478.  1.675968E-15
2479.  1.634132E-15
2480.  1.593079E-15
2481.  1.553346E-15
2482.  1.515221E-15
2483.  1.478764E-15
2484.  1.443838E-15
2485.  1.410154E-15
2486.  1.377328E-15
2487.  1.344932E-15
2488.  1.312553E-15
2489.  1.279839E-15
2490.  1.246539E-15
2491.  1.212530E-15
2492.  1.177828E-15
2493.  1.142597E-15
2494.  1.107133E-15
2495.  1.071847E-15
2496.  1.037244E-15
2497.  1.003888E-15
2498.  9.723791E-16
2499.  9.433186E-16
2500.  9.172877E-16
2501.  8.948232E-16
2502.  8.763992E-16
2503.  8.624113E-16
2504.  8.531631E-16
2505.  8.488535E-16
2506.  8.495670E-16
2507.  8.552602E-16
2508.  8.657546E-16
2509.  8.807266E-16
2510.  8.997029E-16
2511.  9.220617E-16
2512.  9.470385E-16
2513.  9.737429E-16
2514.  1.001182E-15
2515.  1.028299E-15
2516.  1.054013E-15
2517.  1.077268E-15
2518.  1.097089E-15
2519.  1.112629E-15
2520.  1.123216E-15
2521.  1.128386E-15
2522.  1.127908E-15
2523.  1.121782E-15
2524.  1.110236E-15
2525.  1.093691E-15
2526.  1.072728E-15
2527.  1.048033E-15
2528.  1.020351E-15
2529.  9.904284E-16
2530.  9.589700E-16
2531.  9.266030E-16
2532.  8.938523E-16
2533.  8.611299E-16
2534.  8.287376E-16
2535.  7.968796E-16
2536.  7.656845E-16
2537.  7.352305E-16
2538.  7.055732E-16
2539.  6.767702E-16
2540.  6.488998E-16
2541.  6.220741E-16
2542.  5.964426E-16
2543.  5.721893E-16
2544.  5.495224E-16
2545.  5.286587E-16
2546.  5.098074E-16
2547.  4.931508E-16
2548.  4.788305E-16
2549.  4.669350E-16
2550.  4.574941E-16
2551.  4.504794E-16
2552.  4.458092E-16
2553.  4.433599E-16
2554.  4.429799E-16
2555.  4.445055E-16
2556.  4.477769E-16
2557.  4.526518E-16
2558.  4.590160E-16
2559.  4.667888E-16
2560.  4.759249E-16
2561.  4.864092E-16
2562.  4.982493E-16
2563.  5.114642E-16
2564.  5.260712E-16
2565.  5.420738E-16
2566.  5.594513E-16
2567.  5.781514E-16
2568.  5.980873E-16
2569.  6.191392E-16
2570.  6.411596E-16
2571.  6.639828E-16
2572.  6.874336E-16
2573.  7.113377E-16
2574.  7.355293E-16
2575.  7.598548E-16
2576.  7.841719E-16
2577.  8.083460E-16
2578.  8.322394E-16
2579.  8.557005E-16
2580.  8.785513E-16
2581.  9.005754E-16
2582.  9.215115E-16
2583.  9.410481E-16
2584.  9.588286E-16
2585.  9.744580E-16
2586.  9.875200E-16
2587.  9.975941E-16
2588.  1.004279E-15
2589.  1.007212E-15
2590.  1.006098E-15
2591.  1.000719E-15
2592.  9.909553E-16
2593.  9.767929E-16
2594.  9.583265E-16
2595.  9.357582E-16
2596.  9.093892E-16
2597.  8.796086E-16
2598.  8.468775E-16
2599.  8.117092E-16
2600.  7.746509E-16
2601.  7.362608E-16
2602.  6.970909E-16
2603.  6.576662E-16
2604.  6.184720E-16
2605.  5.799401E-16
2606.  5.424422E-16
2607.  5.062856E-16
2608.  4.717124E-16
2609.  4.389031E-16
2610.  4.079810E-16
2611.  3.790189E-16
2612.  3.520472E-16
2613.  3.270601E-16
2614.  3.040238E-16
2615.  2.828820E-16
2616.  2.635639E-16
2617.  2.459895E-16
2618.  2.300766E-16
2619.  2.157478E-16
2620.  2.029374E-16
2621.  1.915965E-16
2622.  1.817000E-16
2623.  1.732482E-16
2624.  1.662661E-16
2625.  1.608029E-16
2626.  1.569233E-16
2627.  1.546989E-16
2628.  1.541969E-16
2629.  1.554682E-16
2630.  1.585358E-16
2631.  1.633849E-16
2632.  1.699559E-16
2633.  1.781405E-16
2634.  1.877819E-16
2635.  1.986786E-16
2636.  2.105895E-16
2637.  2.232430E-16
2638.  2.363460E-16
2639.  2.495949E-16
2640.  2.626866E-16
2641.  2.753291E-16
2642.  2.872522E-16
2643.  2.982188E-16
2644.  3.080350E-16
2645.  3.165584E-16
2646.  3.237079E-16
2647.  3.294672E-16
2648.  3.338899E-16
2649.  3.370982E-16
2650.  3.392801E-16
2651.  3.406802E-16
2652.  3.415891E-16
2653.  3.423283E-16
2654.  3.432324E-16
2655.  3.446303E-16
2656.  3.468265E-16
2657.  3.500836E-16
2658.  3.546060E-16
2659.  3.605284E-16
2660.  3.679076E-16
2661.  3.767193E-16
2662.  3.868598E-16
2663.  3.981507E-16
2664.  4.103498E-16
2665.  4.231635E-16
2666.  4.362622E-16
2667.  4.492969E-16
2668.  4.619166E-16
2669.  4.737861E-16
2670.  4.846017E-16
2671.  4.941072E-16
2672.  5.021076E-16
2673.  5.084804E-16
2674.  5.131865E-16
2675.  5.162763E-16
2676.  5.178955E-16
2677.  5.182841E-16
2678.  5.177746E-16
2679.  5.167842E-16
2680.  5.158015E-16
2681.  5.153699E-16
2682.  5.160656E-16
2683.  5.184716E-16
2684.  5.231489E-16
2685.  5.306070E-16
2686.  5.412733E-16
2687.  5.554669E-16
2688.  5.733734E-16
2689.  5.950278E-16
2690.  6.203011E-16
2691.  6.488968E-16
2692.  6.803527E-16
2693.  7.140507E-16
2694.  7.492334E-16
2695.  7.850262E-16
2696.  8.204651E-16
2697.  8.545273E-16
2698.  8.861675E-16
2699.  9.143543E-16
2700.  9.381100E-16
2701.  9.565499E-16
2702.  9.689227E-16
2703.  9.746460E-16
2704.  9.733379E-16
2705.  9.648418E-16
2706.  9.492388E-16
2707.  9.268476E-16
2708.  8.982116E-16
2709.  8.640674E-16
2710.  8.253017E-16
2711.  7.828953E-16
2712.  7.378632E-16
2713.  6.911893E-16
2714.  6.437732E-16
2715.  5.963830E-16
2716.  5.496278E-16
2717.  5.039481E-16
2718.  4.596252E-16
2719.  4.168085E-16
2720.  3.755540E-16
2721.  3.358692E-16
2722.  2.977574E-16
2723.  2.612556E-16
2724.  2.264597E-16
2725.  1.935356E-16
2726.  1.627166E-16
2727.  1.342838E-16
2728.  1.085408E-16
2729.  8.577943E-17
2730.  6.624826E-17
2731.  5.012216E-17
2732.  3.748256E-17
2733.  2.830611E-17
2734.  2.246457E-17
2735.  1.973399E-17
2736.  1.981224E-17
2737.  2.234073E-17
2738.  2.692863E-17
2739.  3.317486E-17
2740.  4.068878E-17
2741.  4.910318E-17
2742.  5.808598E-17
2743.  6.734267E-17
2744.  7.661945E-17
2745.  8.569988E-17
2746.  9.440348E-17
2747.  1.025824E-16
2748.  1.101189E-16
2749.  1.169239E-16
2750.  1.229345E-16
2751.  1.281129E-16
2752.  1.324414E-16
2753.  1.359185E-16
2754.  1.385508E-16
2755.  1.403459E-16
2756.  1.413031E-16
2757.  1.414056E-16
2758.  1.406155E-16
2759.  1.388704E-16
2760.  1.360850E-16
2761.  1.321561E-16
2762.  1.269731E-16
2763.  1.204285E-16
2764.  1.124328E-16
2765.  1.029280E-16
2766.  9.190136E-17
2767.  7.939482E-17
2768.  6.551212E-17
2769.  5.042125E-17
2770.  3.435134E-17
2771.  1.758621E-17
2772.  4.524104E-19
2773.  -1.669599E-17
2774.  -3.349368E-17
2775.  -4.958442E-17
2776.  -6.463719E-17
2777.  -7.836449E-17
2778.  -9.053351E-17
2779.  -1.009774E-16
2780.  -1.095994E-16
2781.  -1.163719E-16
2782.  -1.213347E-16
2783.  -1.245851E-16
2784.  -1.262693E-16
2785.  -1.265698E-16
2786.  -1.256938E-16
2787.  -1.238603E-16
2788.  -1.212885E-16
2789.  -1.181886E-16
2790.  -1.147508E-16
2791.  -1.111401E-16
2792.  -1.074883E-16
2793.  -1.038919E-16
2794.  -1.004098E-16
2795.  -9.706316E-17
2796.  -9.383926E-17
2797.  -9.069550E-17
2798.  -8.756523E-17
2799.  -8.436597E-17
2800.  -8.100675E-17
2801.  -7.739553E-17
2802.  -7.344538E-17
2803.  -6.908171E-17
2804.  -6.424429E-17
2805.  -5.889194E-17
2806.  -5.300340E-17
2807.  -4.657818E-17
2808.  -3.963619E-17
2809.  -3.221683E-17
2810.  -2.437716E-17
2811.  -1.618917E-17
2812.  -7.734973E-18
2813.  8.981310E-19
2814.  9.623274E-18
2815.  1.836293E-17
2816.  2.705545E-17
2817.  3.566312E-17
2818.  4.417818E-17
2819.  5.262630E-17
2820.  6.106803E-17
2821.  6.959547E-17
2822.  7.832602E-17
2823.  8.739086E-17
2824.  9.692172E-17
2825.  1.070347E-16
2826.  1.178148E-16
2827.  1.293004E-16
2828.  1.414717E-16
2829.  1.542437E-16
2830.  1.674667E-16
2831.  1.809304E-16
2832.  1.943779E-16
2833.  2.075228E-16
2834.  2.200708E-16
2835.  2.317430E-16
2836.  2.422976E-16
2837.  2.515484E-16
2838.  2.593770E-16
2839.  2.657389E-16
2840.  2.706609E-16
2841.  2.742316E-16
2842.  2.765879E-16
2843.  2.778955E-16
2844.  2.783297E-16
2845.  2.780580E-16
2846.  2.772245E-16
2847.  2.759407E-16
2848.  2.742800E-16
2849.  2.722799E-16
2850.  2.699451E-16
2851.  2.672565E-16
2852.  2.641799E-16
2853.  2.606732E-16
2854.  2.566957E-16
2855.  2.522116E-16
2856.  2.471923E-16
2857.  2.416183E-16
2858.  2.354779E-16
2859.  2.287664E-16
2860.  2.214856E-16
2861.  2.136439E-16
2862.  2.052574E-16
2863.  1.963515E-16
2864.  1.869635E-16
2865.  1.771442E-16
2866.  1.669584E-16
2867.  1.564851E-16
2868.  1.458151E-16
2869.  1.350478E-16
2870.  1.242868E-16
2871.  1.136348E-16
2872.  1.031885E-16
2873.  9.303439E-17
2874.  8.324518E-17
2875.  7.387800E-17
2876.  6.497264E-17
2877.  5.655354E-17
2878.  4.862966E-17
2879.  4.119923E-17
2880.  3.425052E-17
2881.  2.776686E-17
2882.  2.172931E-17
2883.  1.611966E-17
2884.  1.092352E-17
2885.  6.132253E-18
2886.  1.743992E-18
2887.  -2.236030E-18
2888.  -5.796074E-18
2889.  -8.919628E-18
2890.  -1.158750E-17
2891.  -1.378138E-17
2892.  -1.548738E-17
2893.  -1.669906E-17
2894.  -1.742120E-17
2895.  -1.767144E-17
2896.  -1.748158E-17
2897.  -1.689726E-17
2898.  -1.597599E-17
2899.  -1.478322E-17
2900.  -1.338826E-17
2901.  -1.185860E-17
2902.  -1.025471E-17
2903.  -8.626025E-18
2904.  -7.007089E-18
2905.  -5.417276E-18
2906.  -3.860254E-18
2907.  -2.327681E-18
2908.  -8.029734E-19
2909.  7.342395E-19
2910.  2.302322E-18
2911.  3.914089E-18
2912.  5.572687E-18
2913.  7.271523E-18
2914.  8.993187E-18
2915.  1.071204E-17
2916.  1.239702E-17
2917.  1.401489E-17
2918.  1.553468E-17
2919.  1.692976E-17
2920.  1.818134E-17
2921.  1.927862E-17
2922.  2.022000E-17
2923.  2.101185E-17
2924.  2.166709E-17
2925.  2.220313E-17
2926.  2.264034E-17
2927.  2.299924E-17
2928.  2.329900E-17
2929.  2.355530E-17
2930.  2.377882E-17
2931.  2.397383E-17
2932.  2.413677E-17
2933.  2.425571E-17
2934.  2.430900E-17
2935.  2.426597E-17
2936.  2.408617E-17
2937.  2.372181E-17
2938.  2.311864E-17
2939.  2.221924E-17
2940.  2.096612E-17
2941.  1.930565E-17
2942.  1.719130E-17
2943.  1.458759E-17
2944.  1.147246E-17
2945.  7.839361E-18
2946.  3.699069E-18
2947.  -9.215274E-19
2948.  -5.977713E-18
2949.  -1.140889E-17
2950.  -1.713800E-17
2951.  -2.307294E-17
2952.  -2.910692E-17
2953.  -3.511971E-17
2954.  -4.097831E-17
2955.  -4.654083E-17
2956.  -5.166057E-17
2957.  -5.619133E-17
2958.  -5.999532E-17
2959.  -6.295128E-17
2960.  -6.496313E-17
2961.  -6.596830E-17
2962.  -6.594419E-17
2963.  -6.491232E-17
2964.  -6.293885E-17
2965.  -6.013281E-17
2966.  -5.663965E-17
2967.  -5.263202E-17
2968.  -4.829850E-17
2969.  -4.383049E-17
2970.  -3.940862E-17
2971.  -3.518986E-17
2972.  -3.129730E-17
2973.  -2.781168E-17
2974.  -2.476796E-17
2975.  -2.215489E-17
2976.  -1.992038E-17
2977.  -1.797907E-17
2978.  -1.622414E-17
2979.  -1.454051E-17
2980.  -1.281838E-17
2981.  -1.096546E-17
2982.  -8.916203E-18
2983.  -6.639072E-18
2984.  -4.136987E-18
2985.  -1.445734E-18
2986.  1.372356E-18
2987.  4.236179E-18
2988.  7.056820E-18
2989.  9.746591E-18
2990.  1.222818E-17
2991.  1.444076E-17
2992.  1.634408E-17
2993.  1.791970E-17
2994.  1.916905E-17
2995.  2.011072E-17
2996.  2.077550E-17
2997.  2.120211E-17
2998.  2.143219E-17
2999.  2.150635E-17
3000.  2.146199E-17
3001.  2.133081E-17
3002.  2.113901E-17
3003.  2.090700E-17
3004.  2.065007E-17
3005.  2.037935E-17
3006.  2.010305E-17
3007.  1.982669E-17
3008.  1.955435E-17
3009.  1.928837E-17
3010.  1.903006E-17
3011.  1.877903E-17
3012.  1.853422E-17
3013.  1.829300E-17
3014.  1.805195E-17
3015.  1.780699E-17
3016.  1.755356E-17
3017.  1.728738E-17
3018.  1.700532E-17
3019.  1.670518E-17
3020.  1.638637E-17
3021.  1.605030E-17
3022.  1.570049E-17
3023.  1.534210E-17
3024.  1.498196E-17
3025.  1.462802E-17
3026.  1.428848E-17
3027.  1.397191E-17
3028.  1.368559E-17
3029.  1.343603E-17
3030.  1.322780E-17
3031.  1.306347E-17
3032.  1.294388E-17
3033.  1.286706E-17
3034.  1.282985E-17
3035.  1.282695E-17
3036.  1.285167E-17
3037.  1.289709E-17
3038.  1.295504E-17
3039.  1.301747E-17
3040.  1.307665E-17
3041.  1.312580E-17
3042.  1.315872E-17
3043.  1.317013E-17
3044.  1.315680E-17
3045.  1.311593E-17
3046.  1.304688E-17
3047.  1.294999E-17
3048.  1.282645E-17
3049.  1.267857E-17
3050.  1.250982E-17
3051.  1.232361E-17
3052.  1.212405E-17
3053.  1.191542E-17
3054.  1.170236E-17
3055.  1.148926E-17
3056.  1.128059E-17
3057.  1.108074E-17
3058.  1.089417E-17
3059.  1.072446E-17
3060.  1.057490E-17
3061.  1.044792E-17
3062.  1.034482E-17
3063.  1.026567E-17
3064.  1.020901E-17
3065.  1.017214E-17
3066.  1.015104E-17
3067.  1.014081E-17
3068.  1.013620E-17
3069.  1.013190E-17
3070.  1.012300E-17
3071.  1.010589E-17
3072.  1.007782E-17
3073.  1.003801E-17
3074.  9.987196E-18
3075.  9.926702E-18
3076.  9.860008E-18
3077.  9.790391E-18
3078.  9.722154E-18
3079.  9.659319E-18
3080.  9.605622E-18
3081.  9.564883E-18
3082.  9.541795E-18
3083.  9.541366E-18
3084.  9.570928E-18
3085.  9.641060E-18
3086.  9.766751E-18
3087.  9.969011E-18
3088.  1.027572E-17
3089.  1.072282E-17
3090.  1.135414E-17
3091.  1.221952E-17
3092.  1.337465E-17
3093.  1.487643E-17
3094.  1.677909E-17
3095.  1.912932E-17
3096.  2.196097E-17
3097.  2.528917E-17
3098.  2.910631E-17
3099.  3.337922E-17
3100.  3.804745E-17
3101.  4.302441E-17
3102.  4.820096E-17
3103.  5.344970E-17
3104.  5.863198E-17
3105.  6.360474E-17
3106.  6.822799E-17
3107.  7.237003E-17
3108.  7.591399E-17
3109.  7.876050E-17
3110.  8.083091E-17
3111.  8.206753E-17
3112.  8.243473E-17
3113.  8.191838E-17
3114.  8.052658E-17
3115.  7.828905E-17
3116.  7.525740E-17
3117.  7.150556E-17
3118.  6.712836E-17
3119.  6.223992E-17
3120.  5.697069E-17
3121.  5.146272E-17
3122.  4.586267E-17
3123.  4.031529E-17
3124.  3.495539E-17
3125.  2.989998E-17
3126.  2.524282E-17
3127.  2.104969E-17
3128.  1.735656E-17
3129.  1.416979E-17
3130.  1.147012E-17
3131.  9.217429E-18
3132.  7.356745E-18
3133.  5.826037E-18
3134.  4.563052E-18
3135.  3.512002E-18
3136.  2.628746E-18
3137.  1.884492E-18
3138.  1.269247E-18
3139.  7.915757E-19
3140.  4.795970E-19
3141.  3.788701E-19
3142.  5.496664E-19
3143.  1.063903E-18
3144.  2.000211E-18
3145.  3.438652E-18
3146.  5.456690E-18
3147.  8.123294E-18
3148.  1.149509E-17
3149.  1.561404E-17
3150.  2.050588E-17
3151.  2.618163E-17
3152.  3.264014E-17
3153.  3.987279E-17
3154.  4.786877E-17
3155.  5.662063E-17
3156.  6.612949E-17
3157.  7.640640E-17
3158.  8.747412E-17
3159.  9.936211E-17
3160.  1.121005E-16
3161.  1.257087E-16
3162.  1.401844E-16
3163.  1.554875E-16
3164.  1.715266E-16
3165.  1.881475E-16
3166.  2.051243E-16
3167.  2.221559E-16
3168.  2.388697E-16
3169.  2.548323E-16
3170.  2.695653E-16
3171.  2.825695E-16
3172.  2.933528E-16
3173.  3.014601E-16
3174.  3.065040E-16
3175.  3.081917E-16
3176.  3.063476E-16
3177.  3.009281E-16
3178.  2.920271E-16
3179.  2.798729E-16
3180.  2.648157E-16
3181.  2.473076E-16
3182.  2.278759E-16
3183.  2.070951E-16
3184.  1.855558E-16
3185.  1.638368E-16
3186.  1.424797E-16
3187.  1.219690E-16
3188.  1.027170E-16
3189.  8.505450E-17
3190.  6.922727E-17
3191.  5.539547E-17
3192.  4.363751E-17
3193.  3.395681E-17
3194.  2.628975E-17
3195.  2.051657E-17
3196.  1.647112E-17
3197.  1.395323E-17
3198.  1.274010E-17
3199.  1.259848E-17
3200.  1.329501E-17
3201.  1.460663E-17
3202.  1.632852E-17
3203.  1.828035E-17
3204.  2.031086E-17
3205.  2.229940E-17
3206.  2.415670E-17
3207.  2.582202E-17
3208.  2.726074E-17
3209.  2.846020E-17
3210.  2.942522E-17
3211.  3.017315E-17
3212.  3.072998E-17
3213.  3.112665E-17
3214.  3.139550E-17
3215.  3.156808E-17
3216.  3.167379E-17
3217.  3.173833E-17
3218.  3.178342E-17
3219.  3.182623E-17
3220.  3.188046E-17
3221.  3.195518E-17
3222.  3.205652E-17
3223.  3.218786E-17
3224.  3.234978E-17
3225.  3.254113E-17
3226.  3.275976E-17
3227.  3.300262E-17
3228.  3.326599E-17
3229.  3.354646E-17
3230.  3.384063E-17
3231.  3.414589E-17
3232.  3.445976E-17
3233.  3.477999E-17
3234.  3.510474E-17
3235.  3.543188E-17
3236.  3.575916E-17
3237.  3.608370E-17
3238.  3.640243E-17
3239.  3.671208E-17
3240.  3.700916E-17
3241.  3.729181E-17
3242.  3.756023E-17
3243.  3.781783E-17
3244.  3.807310E-17
3245.  3.834125E-17
3246.  3.864595E-17
3247.  3.902011E-17
3248.  3.950723E-17
3249.  4.016051E-17
3250.  4.104250E-17
3251.  4.222198E-17
3252.  4.377023E-17
3253.  4.575526E-17
3254.  4.823617E-17
3255.  5.125552E-17
3256.  5.483133E-17
3257.  5.895004E-17
3258.  6.356145E-17
3259.  6.857372E-17
3260.  7.385301E-17
3261.  7.922471E-17
3262.  8.448026E-17
3263.  8.938577E-17
3264.  9.369561E-17
3265.  9.716652E-17
3266.  9.957553E-17
3267.  1.007355E-16
3268.  1.005113E-16
3269.  9.883243E-17
3270.  9.570089E-17
3271.  9.119576E-17
3272.  8.547019E-17
3273.  7.874464E-17
3274.  7.129550E-17
3275.  6.343834E-17
3276.  5.550976E-17
3277.  4.784821E-17
3278.  4.077480E-17
3279.  3.457690E-17
3280.  2.949419E-17
3281.  2.570851E-17
3282.  2.333850E-17
3283.  2.243899E-17
3284.  2.300347E-17
3285.  2.497043E-17
3286.  2.823328E-17
3287.  3.264990E-17
3288.  3.805499E-17
3289.  4.427079E-17
3290.  5.111870E-17
3291.  5.842792E-17
3292.  6.604309E-17
3293.  7.383087E-17
3294.  8.168289E-17
3295.  8.951914E-17
3296.  9.728642E-17
3297.  1.049586E-16
3298.  1.125327E-16
3299.  1.200265E-16
3300.  1.274747E-16
3301.  1.349259E-16
3302.  1.424413E-16
3303.  1.500938E-16
3304.  1.579697E-16
3305.  1.661703E-16
3306.  1.748162E-16
3307.  1.840493E-16
3308.  1.940339E-16
3309.  2.049554E-16
3310.  2.170149E-16
3311.  2.304186E-16
3312.  2.453641E-16
3313.  2.620214E-16
3314.  2.805122E-16
3315.  3.008875E-16
3316.  3.231078E-16
3317.  3.470251E-16
3318.  3.723732E-16
3319.  3.987628E-16
3320.  4.256875E-16
3321.  4.525383E-16
3322.  4.786264E-16
3323.  5.032149E-16
3324.  5.255536E-16
3325.  5.449202E-16
3326.  5.606593E-16
3327.  5.722192E-16
3328.  5.791846E-16
3329.  5.812993E-16
3330.  5.784816E-16
3331.  5.708274E-16
3332.  5.586037E-16
3333.  5.422318E-16
3334.  5.222626E-16
3335.  4.993453E-16
3336.  4.741922E-16
3337.  4.475432E-16
3338.  4.201314E-16
3339.  3.926512E-16
3340.  3.657335E-16
3341.  3.399251E-16
3342.  3.156752E-16
3343.  2.933280E-16
3344.  2.731217E-16
3345.  2.551899E-16
3346.  2.395692E-16
3347.  2.262090E-16
3348.  2.149828E-16
3349.  2.057015E-16
3350.  1.981286E-16
3351.  1.919952E-16
3352.  1.870153E-16
3353.  1.829007E-16
3354.  1.793756E-16
3355.  1.761872E-16
3356.  1.731159E-16
3357.  1.699804E-16
3358.  1.666407E-16
3359.  1.629967E-16
3360.  1.589841E-16
3361.  1.545683E-16
3362.  1.497382E-16
3363.  1.444988E-16
3364.  1.388665E-16
3365.  1.328661E-16
3366.  1.265308E-16
3367.  1.199047E-16
3368.  1.130462E-16
3369.  1.060335E-16
3370.  9.896939E-17
3371.  9.198417E-17
3372.  8.523583E-17
3373.  7.890876E-17
3374.  7.320760E-17
3375.  6.834980E-17
3376.  6.455569E-17
3377.  6.203730E-17
3378.  6.098722E-17
3379.  6.156928E-17
3380.  6.390850E-17
3381.  6.808581E-17
3382.  7.413290E-17
3383.  8.203191E-17
3384.  9.171564E-17
3385.  1.030726E-16
3386.  1.159549E-16
3387.  1.301880E-16
3388.  1.455838E-16
3389.  1.619559E-16
3390.  1.791352E-16
3391.  1.969862E-16
3392.  2.154201E-16
3393.  2.344069E-16
3394.  2.539806E-16
3395.  2.742398E-16
3396.  2.953409E-16
3397.  3.174861E-16
3398.  3.409045E-16
3399.  3.658299E-16
3400.  3.924744E-16
3401.  4.210042E-16
3402.  4.515151E-16
3403.  4.840142E-16
3404.  5.184056E-16
3405.  5.544848E-16
3406.  5.919387E-16
3407.  6.303545E-16
3408.  6.692332E-16
3409.  7.080081E-16
3410.  7.460662E-16
3411.  7.827722E-16
3412.  8.174897E-16
3413.  8.496024E-16
3414.  8.785330E-16
3415.  9.037577E-16
3416.  9.248194E-16
3417.  9.413359E-16
3418.  9.530095E-16
3419.  9.596303E-16
3420.  9.610831E-16
3421.  9.573495E-16
3422.  9.485111E-16
3423.  9.347513E-16
3424.  9.163537E-16
3425.  8.936999E-16
3426.  8.672625E-16
3427.  8.375939E-16
3428.  8.053135E-16
3429.  7.710884E-16
3430.  7.356131E-16
3431.  6.995869E-16
3432.  6.636912E-16
3433.  6.285671E-16
3434.  5.947960E-16
3435.  5.628832E-16
3436.  5.332446E-16
3437.  5.061972E-16
3438.  4.819549E-16
3439.  4.606245E-16
3440.  4.422085E-16
3441.  4.266084E-16
3442.  4.136324E-16
3443.  4.030053E-16
3444.  3.943831E-16
3445.  3.873694E-16
3446.  3.815370E-16
3447.  3.764487E-16
3448.  3.716828E-16
3449.  3.668542E-16
3450.  3.616376E-16
3451.  3.557828E-16
3452.  3.491279E-16
3453.  3.416042E-16
3454.  3.332354E-16
3455.  3.241309E-16
3456.  3.144723E-16
3457.  3.044982E-16
3458.  2.944844E-16
3459.  2.847264E-16
3460.  2.755211E-16
3461.  2.671524E-16
3462.  2.598806E-16
3463.  2.539338E-16
3464.  2.495062E-16
3465.  2.467563E-16
3466.  2.458103E-16
3467.  2.467649E-16
3468.  2.496909E-16
3469.  2.546354E-16
3470.  2.616243E-16
3471.  2.706604E-16
3472.  2.817203E-16
3473.  2.947500E-16
3474.  3.096572E-16
3475.  3.263047E-16
3476.  3.445025E-16
3477.  3.640022E-16
3478.  3.844933E-16
3479.  4.056037E-16
3480.  4.269033E-16
3481.  4.479136E-16
3482.  4.681232E-16
3483.  4.870057E-16
3484.  5.040432E-16
3485.  5.187530E-16
3486.  5.307130E-16
3487.  5.395873E-16
3488.  5.451477E-16
3489.  5.472884E-16
3490.  5.460345E-16
3491.  5.415405E-16
3492.  5.340789E-16
3493.  5.240212E-16
3494.  5.118113E-16
3495.  4.979338E-16
3496.  4.828805E-16
3497.  4.671180E-16
3498.  4.510621E-16
3499.  4.350546E-16
3500.  4.193531E-16
3501.  4.041285E-16
3502.  3.894699E-16
3503.  3.753978E-16
3504.  3.618821E-16
3505.  3.488607E-16
3506.  3.362595E-16
3507.  3.240067E-16
3508.  3.120446E-16
3509.  3.003353E-16
3510.  2.888606E-16
3511.  2.776188E-16
3512.  2.666174E-16
3513.  2.558659E-16
3514.  2.453691E-16
3515.  2.351230E-16
3516.  2.251135E-16
3517.  2.153189E-16
3518.  2.057166E-16
3519.  1.962901E-16
3520.  1.870394E-16
3521.  1.779888E-16
3522.  1.691929E-16
3523.  1.607402E-16
3524.  1.527514E-16
3525.  1.453723E-16
3526.  1.387641E-16
3527.  1.330898E-16
3528.  1.284974E-16
3529.  1.251042E-16
3530.  1.229824E-16
3531.  1.221459E-16
3532.  1.225434E-16
3533.  1.240555E-16
3534.  1.264983E-16
3535.  1.296304E-16
3536.  1.331665E-16
3537.  1.367933E-16
3538.  1.401874E-16
3539.  1.430349E-16
3540.  1.450479E-16
3541.  1.459801E-16
3542.  1.456392E-16
3543.  1.438940E-16
3544.  1.406795E-16
3545.  1.359964E-16
3546.  1.299088E-16
3547.  1.225383E-16
3548.  1.140569E-16
3549.  1.046782E-16
3550.  9.464781E-17
3551.  8.423268E-17
3552.  7.371086E-17
3553.  6.336124E-17
3554.  5.345226E-17
3555.  4.423170E-17
3556.  3.591964E-17
3557.  2.870011E-17
3558.  2.271715E-17
3559.  1.807440E-17
3560.  1.483407E-17
3561.  1.302251E-17
3562.  1.263493E-17
3563.  1.364136E-17
3564.  1.599310E-17
3565.  1.962642E-17
3566.  2.446655E-17
3567.  3.042746E-17
3568.  3.741088E-17
3569.  4.530379E-17
3570.  5.397680E-17
3571.  6.328171E-17
3572.  7.305285E-17
3573.  8.311076E-17
3574.  9.326899E-17
3575.  1.033438E-16
3576.  1.131656E-16
3577.  1.225919E-16
3578.  1.315182E-16
3579.  1.398878E-16
3580.  1.476960E-16
3581.  1.549903E-16
3582.  1.618635E-16
3583.  1.684430E-16
3584.  1.748728E-16
3585.  1.812943E-16
3586.  1.878246E-16
3587.  1.945370E-16
3588.  2.014456E-16
3589.  2.084961E-16
3590.  2.155644E-16
3591.  2.224660E-16
3592.  2.289724E-16
3593.  2.348352E-16
3594.  2.398171E-16
3595.  2.437214E-16
3596.  2.464217E-16
3597.  2.478847E-16
3598.  2.481844E-16
3599.  2.475052E-16
3600.  2.461320E-16
3601.  2.444293E-16
3602.  2.428085E-16
3603.  2.416898E-16
3604.  2.414579E-16
3605.  2.424191E-16
3606.  2.447640E-16
3607.  2.485366E-16
3608.  2.536186E-16
3609.  2.597250E-16
3610.  2.664193E-16
3611.  2.731396E-16
3612.  2.792401E-16
3613.  2.840404E-16
3614.  2.868805E-16
3615.  2.871734E-16
3616.  2.844525E-16
3617.  2.784085E-16
3618.  2.689123E-16
3619.  2.560227E-16
3620.  2.399796E-16
3621.  2.211831E-16
3622.  2.001633E-16
3623.  1.775437E-16
3624.  1.540008E-16
3625.  1.302250E-16
3626.  1.068851E-16
3627.  8.459640E-17
3628.  6.389539E-17
3629.  4.522067E-17
3630.  2.889935E-17
3631.  1.513994E-17
3632.  4.030513E-18
3633.  -4.456773E-18
3634.  -1.045662E-17
3635.  -1.419500E-17
3636.  -1.597032E-17
3637.  -1.613105E-17
3638.  -1.505082E-17
3639.  -1.310382E-17
3640.  -1.064217E-17
3641.  -7.976877E-18
3642.  -5.363406E-18
3643.  -2.994217E-18
3644.  -9.952158E-19
3645.  5.686995E-19
3646.  1.687454E-18
3647.  2.393897E-18
3648.  2.750383E-18
3649.  2.836110E-18
3650.  2.736136E-18
3651.  2.529336E-18
3652.  2.283845E-18
3653.  2.051038E-18
3654.  1.864507E-18
3655.  1.741531E-18
3656.  1.683520E-18
3657.  1.681817E-18
3658.  1.719465E-18
3659.  1.777108E-18
3660.  1.834486E-18
3661.  1.874524E-18
3662.  1.884025E-18
3663.  1.855565E-18
3664.  1.786753E-18
3665.  1.680129E-18
3666.  1.541812E-18
3667.  1.380491E-18
3668.  1.206198E-18
3669.  1.028564E-18
3670.  8.565170E-19
3671.  6.969451E-19
3672.  5.541501E-19
3673.  4.301110E-19
3674.  3.246310E-19
3675.  2.351745E-19
3676.  1.572007E-19
3677.  8.552207E-20
3678.  1.392137E-20
3679.  -6.415113E-20
3680.  -1.549488E-19
3681.  -2.638740E-19
3682.  -3.955939E-19
3683.  -5.537301E-19
3684.  -7.407138E-19
3685.  -9.573484E-19
3686.  -1.203434E-18
3687.  -1.477222E-18
3688.  -1.776189E-18
3689.  -2.097065E-18
3690.  -2.435383E-18
3691.  -2.786937E-18
3692.  -3.147102E-18
3693.  -3.511617E-18
3694.  -3.876396E-18
3695.  -4.238066E-18
3696.  -4.594531E-18
3697.  -4.944190E-18
3698.  -5.286780E-18
3699.  -5.623636E-18
3700.  -5.957509E-18
3701.  -6.293590E-18
3702.  -6.639407E-18
3703.  -7.004929E-18
3704.  -7.403717E-18
3705.  -7.852876E-18
3706.  -8.373287E-18
3707.  -8.989079E-18
3708.  -9.727722E-18
3709.  -1.061882E-17
3710.  -1.169326E-17
3711.  -1.298066E-17
3712.  -1.450831E-17
3713.  -1.629765E-17
3714.  -1.836216E-17
3715.  -2.070433E-17
3716.  -2.331302E-17
3717.  -2.616116E-17
3718.  -2.920328E-17
3719.  -3.237427E-17
3720.  -3.558880E-17
3721.  -3.874145E-17
3722.  -4.170766E-17
3723.  -4.434631E-17
3724.  -4.650352E-17
3725.  -4.801672E-17
3726.  -4.872106E-17
3727.  -4.845609E-17
3728.  -4.707290E-17
3729.  -4.444213E-17
3730.  -4.046189E-17
3731.  -3.506456E-17
3732.  -2.822326E-17
3733.  -1.995588E-17
3734.  -1.032926E-17
3735.  5.413627E-19
3736.  1.249183E-17
3737.  2.531313E-17
3738.  3.875659E-17
3739.  5.254014E-17
3740.  6.635736E-17
3741.  7.988693E-17
3742.  9.280438E-17
3743.  1.047937E-16
3744.  1.155600E-16
3745.  1.248425E-16
3746.  1.324270E-16
3747.  1.381562E-16
3748.  1.419393E-16
3749.  1.437566E-16
3750.  1.436623E-16
3751.  1.417809E-16
3752.  1.382986E-16
3753.  1.334528E-16
3754.  1.275143E-16
3755.  1.207700E-16
3756.  1.135030E-16
3757.  1.059753E-16
3758.  9.841285E-17
3759.  9.099446E-17
3760.  8.384751E-17
3761.  7.704804E-17
3762.  7.062618E-17
3763.  6.457631E-17
3764.  5.886826E-17
3765.  5.346035E-17
3766.  4.831098E-17
3767.  4.338809E-17
3768.  3.867504E-17
3769.  3.417296E-17
3770.  2.989997E-17
3771.  2.588780E-17
3772.  2.217581E-17
3773.  1.880498E-17
3774.  1.581214E-17
3775.  1.322522E-17
3776.  1.105997E-17
3777.  9.318781E-18
3778.  7.990874E-18
3779.  7.053597E-18
3780.  6.475138E-18
3781.  6.216168E-18
3782.  6.232168E-18
3783.  6.474931E-18
3784.  6.892805E-18
3785.  7.431685E-18
3786.  8.035701E-18
3787.  8.648986E-18
3788.  9.216963E-18
3789.  9.690427E-18
3790.  1.002955E-17
3791.  1.020813E-17
3792.  1.021718E-17
3793.  1.006731E-17
3794.  9.788734E-18
3795.  9.428603E-18
3796.  9.045208E-18
3797.  8.701192E-18
3798.  8.454512E-18
3799.  8.350353E-18
3800.  8.413936E-18
3801.  8.647065E-18
3802.  9.027948E-18
3803.  9.513907E-18
3804.  1.004860E-17
3805.  1.057082E-17
3806.  1.102375E-17
3807.  1.136451E-17
3808.  1.156956E-17
3809.  1.163972E-17
3810.  1.159816E-17
3811.  1.148734E-17
3812.  1.136176E-17
3813.  1.127879E-17
3814.  1.128934E-17
3815.  1.142865E-17
3816.  1.170926E-17
3817.  1.211636E-17
3818.  1.260689E-17
3819.  1.311095E-17
3820.  1.353713E-17
3821.  1.377994E-17
3822.  1.372996E-17
3823.  1.328328E-17
3824.  1.235313E-17
3825.  1.087918E-17
3826.  8.835988E-18
3827.  6.238257E-18
3828.  3.143318E-18
3829.  -3.500559E-19
3830.  -4.106292E-18
3831.  -7.960948E-18
3832.  -1.173197E-17
3833.  -1.523151E-17
3834.  -1.827958E-17
3835.  -2.071620E-17
3836.  -2.241200E-17
3837.  -2.327644E-17
3838.  -2.326238E-17
3839.  -2.236629E-17
3840.  -2.062655E-17
3841.  -1.811729E-17
3842.  -1.494115E-17
3843.  -1.122098E-17
3844.  -7.091804E-18
3845.  -2.694167E-18
3846.  1.831074E-18
3847.  6.345079E-18
3848.  1.071176E-17
3849.  1.479828E-17
3850.  1.847446E-17
3851.  2.161344E-17
3852.  2.409446E-17
3853.  2.580744E-17
3854.  2.666118E-17
3855.  2.659083E-17
3856.  2.556763E-17
3857.  2.360663E-17
3858.  2.077152E-17
3859.  1.717552E-17
3860.  1.297756E-17
3861.  8.373505E-18
3862.  3.583815E-18
3863.  -1.162072E-18
3864.  -5.642478E-18
3865.  -9.658309E-18
3866.  -1.304595E-17
3867.  -1.568621E-17
3868.  -1.750916E-17
3869.  -1.849399E-17
3870.  -1.866557E-17
3871.  -1.808821E-17
3872.  -1.685804E-17
3873.  -1.509473E-17
3874.  -1.293323E-17
3875.  -1.051707E-17
3876.  -7.991616E-18
3877.  -5.499223E-18
3878.  -3.172694E-18
3879.  -1.130377E-18
3880.  5.293220E-19
3881.  1.733997E-18
3882.  2.442867E-18
3883.  2.650343E-18
3884.  2.388393E-18
3885.  1.726523E-18
3886.  7.680123E-19
3887.  -3.571020E-19
3888.  -1.501460E-18
3889.  -2.512009E-18
3890.  -3.242895E-18
3891.  -3.567713E-18
3892.  -3.390286E-18
3893.  -2.652919E-18
3894.  -1.341442E-18
3895.  5.136214E-19
3896.  2.838008E-18
3897.  5.518797E-18
3898.  8.411587E-18
3899.  1.134851E-17
3900.  1.414803E-17
3901.  1.662545E-17
3902.  1.860396E-17
3903.  1.992573E-17
3904.  2.046213E-17
3905.  2.012448E-17
3906.  1.887268E-17
3907.  1.672084E-17
3908.  1.374144E-17
3909.  1.006373E-17
3910.  5.867926E-18
3911.  1.375200E-18
3912.  -3.167046E-18
3913.  -7.503537E-18
3914.  -1.138977E-17
3915.  -1.461161E-17
3916.  -1.700221E-17
3917.  -1.845462E-17
3918.  -1.892814E-17
3919.  -1.845025E-17
3920.  -1.711070E-17
3921.  -1.505099E-17
3922.  -1.244952E-17
3923.  -9.504704E-18
3924.  -6.418079E-18
3925.  -3.377932E-18
3926.  -5.466746E-19
3927.  1.948122E-18
3928.  4.018624E-18
3929.  5.617240E-18
3930.  6.734552E-18
3931.  7.393450E-18
3932.  7.641627E-18
3933.  7.545157E-18
3934.  7.179885E-18
3935.  6.625394E-18
3936.  5.958733E-18
3937.  5.250923E-18
3938.  4.562918E-18
3939.  3.943785E-18
3940.  3.429460E-18
3941.  3.042496E-18
3942.  2.791875E-18
3943.  2.674342E-18
3944.  2.676121E-18
3945.  2.775497E-18
3946.  2.947173E-18
3947.  3.165045E-18
3948.  3.407753E-18
3949.  3.662475E-18
3950.  3.927679E-18
3951.  4.215314E-18
3952.  4.549407E-18
3953.  4.963941E-18
3954.  5.497477E-18
3955.  6.186487E-18
3956.  7.057325E-18
3957.  8.119186E-18
3958.  9.357709E-18
3959.  1.073093E-17
3960.  1.216904E-17
3961.  1.357671E-17
3962.  1.484016E-17
3963.  1.583677E-17
3964.  1.644686E-17
3965.  1.656646E-17
3966.  1.611951E-17
3967.  1.506817E-17
3968.  1.341902E-17
3969.  1.122453E-17
3970.  8.580558E-18
3971.  5.616717E-18
3972.  2.484817E-18
3973.  -6.568183E-19
3974.  -3.659150E-18
3975.  -6.396818E-18
3976.  -8.779239E-18
3977.  -1.075661E-17
3978.  -1.231994E-17
3979.  -1.349712E-17
3980.  -1.434330E-17
3981.  -1.492891E-17
3982.  -1.532794E-17
3983.  -1.560713E-17
3984.  -1.581824E-17
3985.  -1.599426E-17
3986.  -1.614945E-17
3987.  -1.628254E-17
3988.  -1.638210E-17
3989.  -1.643242E-17
3990.  -1.641864E-17
3991.  -1.633041E-17
3992.  -1.616468E-17
3993.  -1.592474E-17
3994.  -1.562044E-17
3995.  -1.526602E-17
3996.  -1.487928E-17
3997.  -1.447983E-17
3998.  -1.408905E-17
3999.  -1.372895E-17
4000.  -1.342215E-17
4001.  -1.319032E-17
4002.  -1.305342E-17
4003.  -1.302791E-17
4004.  -1.312581E-17
4005.  -1.335490E-17
4006.  -1.371914E-17
4007.  -1.422234E-17
4008.  -1.487212E-17
4009.  -1.568491E-17
4010.  -1.669036E-17
4011.  -1.793600E-17
4012.  -1.948768E-17
4013.  -2.142770E-17
4014.  -2.385032E-17
4015.  -2.685313E-17
4016.  -3.052717E-17
4017.  -3.494360E-17
4018.  -4.014314E-17
4019.  -4.612439E-17
4020.  -5.283556E-17
4021.  -6.016981E-17
4022.  -6.796393E-17
4023.  -7.600330E-17
4024.  -8.403026E-17
4025.  -9.175797E-17
4026.  -9.888748E-17
4027.  -1.051276E-16
4028.  -1.102162E-16
4029.  -1.139400E-16
4030.  -1.161509E-16
4031.  -1.167800E-16
4032.  -1.158421E-16
4033.  -1.134369E-16
4034.  -1.097407E-16
4035.  -1.049935E-16
4036.  -9.948107E-17
4037.  -9.351397E-17
4038.  -8.740622E-17
4039.  -8.145471E-17
4040.  -7.592263E-17
4041.  -7.102493E-17
4042.  -6.692063E-17
4043.  -6.370878E-17
4044.  -6.142960E-17
4045.  -6.006870E-17
4046.  -5.956440E-17
4047.  -5.981740E-17
4048.  -6.070033E-17
4049.  -6.206737E-17
4050.  -6.376267E-17
4051.  -6.562769E-17
4052.  -6.750634E-17
4053.  -6.924811E-17
4054.  -7.071080E-17
4055.  -7.176188E-17
4056.  -7.228010E-17
4057.  -7.215743E-17
4058.  -7.130190E-17
4059.  -6.964255E-17
4060.  -6.713456E-17
4061.  -6.376337E-17
4062.  -5.955160E-17
4063.  -5.456084E-17
4064.  -4.889314E-17
4065.  -4.268797E-17
4066.  -3.611662E-17
4067.  -2.937248E-17
4068.  -2.265743E-17
4069.  -1.616727E-17
4070.  -1.007613E-17
4071.  -4.519790E-18
4072.  4.150580E-19
4073.  4.702815E-18
4074.  8.382208E-18
4075.  1.155478E-17
4076.  1.437859E-17
4077.  1.705500E-17
4078.  1.981116E-17
4079.  2.287998E-17
4080.  2.647797E-17
4081.  3.078509E-17
4082.  3.592641E-17
4083.  4.195911E-17
4084.  4.886410E-17
4085.  5.654509E-17
4086.  6.483292E-17
4087.  7.349546E-17
4088.  8.225230E-17
4089.  9.079277E-17
4090.  9.879536E-17
4091.  1.059484E-16
4092.  1.119688E-16
4093.  1.166190E-16
4094.  1.197205E-16
4095.  1.211625E-16
4096.  1.209062E-16
4097.  1.189826E-16
4098.  1.154868E-16
4099.  1.105665E-16
4100.  1.044098E-16
4101.  9.722889E-17
4102.  8.924702E-17
4103.  8.068546E-17
4104.  7.175437E-17
4105.  6.264824E-17
4106.  5.354434E-17
4107.  4.460429E-17
4108.  3.597864E-17
4109.  2.781208E-17
4110.  2.024708E-17
4111.  1.342742E-17
4112.  7.498025E-18
4113.  2.603434E-18
4114.  -1.117600E-18
4115.  -3.537976E-18
4116.  -4.548937E-18
4117.  -4.067486E-18
4118.  -2.040594E-18
4119.  1.550408E-18
4120.  6.689517E-18
4121.  1.332793E-17
4122.  2.138770E-17
4123.  3.076778E-17
4124.  4.134996E-17
4125.  5.300554E-17
4126.  6.560039E-17
4127.  7.899823E-17
4128.  9.306176E-17
4129.  1.076516E-16
4130.  1.226229E-16
4131.  1.378206E-16
4132.  1.530734E-16
4133.  1.681901E-16
4134.  1.829550E-16
4135.  1.971280E-16
4136.  2.104464E-16
4137.  2.226310E-16
4138.  2.333956E-16
4139.  2.424598E-16
4140.  2.495628E-16
4141.  2.544807E-16
4142.  2.570410E-16
4143.  2.571374E-16
4144.  2.547399E-16
4145.  2.499028E-16
4146.  2.427659E-16
4147.  2.335520E-16
4148.  2.225578E-16
4149.  2.101406E-16
4150.  1.967006E-16
4151.  1.826603E-16
4152.  1.684414E-16
4153.  1.544423E-16
4154.  1.410163E-16
4155.  1.284531E-16
4156.  1.169629E-16
4157.  1.066681E-16
4158.  9.759929E-17
4159.  8.969874E-17
4160.  8.282919E-17
4161.  7.679023E-17
4162.  7.133661E-17
4163.  6.620112E-17
4164.  6.111849E-17
4165.  5.584712E-17
4166.  5.018863E-17
4167.  4.400268E-17
4168.  3.721771E-17
4169.  2.983357E-17
4170.  2.192032E-17
4171.  1.361130E-17
4172.  5.091745E-18
4173.  -3.414481E-18
4174.  -1.166110E-17
4175.  -1.939486E-17
4176.  -2.637189E-17
4177.  -3.237097E-17
4178.  -3.720743E-17
4179.  -4.074216E-17
4180.  -4.289050E-17
4181.  -4.362672E-17
4182.  -4.298514E-17
4183.  -4.105947E-17
4184.  -3.799745E-17
4185.  -3.399174E-17
4186.  -2.926898E-17
4187.  -2.407442E-17
4188.  -1.865714E-17
4189.  -1.325329E-17
4190.  -8.070742E-18
4191.  -3.277304E-18
4192.  1.008597E-18
4193.  4.721175E-18
4194.  7.846281E-18
4195.  1.041485E-17
4196.  1.249349E-17
4197.  1.417366E-17
4198.  1.556014E-17
4199.  1.676271E-17
4200.  1.789184E-17
4201.  1.905987E-17
4202.  2.038673E-17
4203.  2.200918E-17
4204.  2.409327E-17
4205.  2.684371E-17
4206.  3.051056E-17
4207.  3.538837E-17
4208.  4.180594E-17
4209.  5.010761E-17
4210.  6.062363E-17
4211.  7.363433E-17
4212.  8.932934E-17
4213.  1.077676E-16
4214.  1.288412E-16
4215.  1.522484E-16
4216.  1.774801E-16
4217.  2.038220E-16
4218.  2.303750E-16
4219.  2.560933E-16
4220.  2.798388E-16
4221.  3.004498E-16
4222.  3.168164E-16
4223.  3.279607E-16
4224.  3.331108E-16
4225.  3.317666E-16
4226.  3.237475E-16
4227.  3.092189E-16
4228.  2.886948E-16
4229.  2.630145E-16
4230.  2.332947E-16
4231.  2.008620E-16
4232.  1.671689E-16
4233.  1.337023E-16
4234.  1.018900E-16
4235.  7.301409E-17
4236.  4.813563E-17
4237.  2.803827E-17
4238.  1.319291E-17
4239.  3.744934E-18
4240.  -4.752880E-19
4241.  7.873252E-20
4242.  4.717625E-18
4243.  1.257712E-17
4244.  2.268632E-17
4245.  3.403713E-17
4246.  4.565123E-17
4247.  5.663883E-17
4248.  6.624495E-17
4249.  7.388380E-17
4250.  7.915755E-17
4251.  8.186078E-17
4252.  8.197228E-17
4253.  7.963570E-17
4254.  7.513318E-17
4255.  6.885172E-17
4256.  6.124840E-17
4257.  5.281426E-17
4258.  4.403992E-17
4259.  3.538422E-17
4260.  2.724715E-17
4261.  1.994829E-17
4262.  1.371218E-17
4263.  8.659973E-18
4264.  4.809229E-18
4265.  2.081355E-18
4266.  3.161784E-19
4267.  -7.078087E-19
4268.  -1.248720E-18
4269.  -1.575146E-18
4270.  -1.940290E-18
4271.  -2.560454E-18
4272.  -3.598132E-18
4273.  -5.152128E-18
4274.  -7.256164E-18
4275.  -9.882767E-18
4276.  -1.295424E-17
4277.  -1.635725E-17
4278.  -1.995775E-17
4279.  -2.361667E-17
4280.  -2.720262E-17
4281.  -3.060143E-17
4282.  -3.372112E-17
4283.  -3.649295E-17
4284.  -3.887002E-17
4285.  -4.082336E-17
4286.  -4.233723E-17
4287.  -4.340486E-17
4288.  -4.402529E-17
4289.  -4.420171E-17
4290.  -4.394183E-17
4291.  -4.325887E-17
4292.  -4.217389E-17
4293.  -4.071633E-17
4294.  -3.892503E-17
4295.  -3.684700E-17
4296.  -3.453483E-17
4297.  -3.204266E-17
4298.  -2.942181E-17
4299.  -2.671611E-17
4300.  -2.395911E-17
4301.  -2.117216E-17
4302.  -1.836483E-17
4303.  -1.553664E-17
4304.  -1.268087E-17
4305.  -9.787469E-18
4306.  -6.847755E-18
4307.  -3.855237E-18
4308.  -8.060399E-19
4309.  2.303979E-18
4310.  5.484512E-18
4311.  8.758976E-18
4312.  1.217426E-17
4313.  1.581092E-17
4314.  1.979501E-17
4315.  2.430709E-17
4316.  2.958846E-17
4317.  3.594468E-17
4318.  4.374091E-17
4319.  5.339226E-17
4320.  6.534388E-17
4321.  8.004442E-17
4322.  9.791044E-17
4323.  1.192857E-16
4324.  1.443970E-16
4325.  1.733128E-16
4326.  2.059071E-16
4327.  2.418367E-16
4328.  2.805339E-16
4329.  3.212205E-16
4330.  3.629428E-16
4331.  4.046268E-16
4332.  4.451493E-16
4333.  4.834188E-16
4334.  5.184586E-16
4335.  5.494809E-16
4336.  5.759452E-16
4337.  5.975954E-16
4338.  6.144686E-16
4339.  6.268775E-16
4340.  6.353682E-16
4341.  6.406586E-16
4342.  6.435663E-16
4343.  6.449330E-16
4344.  6.455537E-16
4345.  6.461180E-16
4346.  6.471678E-16
4347.  6.490711E-16
4348.  6.520131E-16
4349.  6.560016E-16
4350.  6.608822E-16
4351.  6.663598E-16
4352.  6.720230E-16
4353.  6.773699E-16
4354.  6.818336E-16
4355.  6.848084E-16
4356.  6.856776E-16
4357.  6.838439E-16
4358.  6.787620E-16
4359.  6.699748E-16
4360.  6.571462E-16
4361.  6.400939E-16
4362.  6.188126E-16
4363.  5.934872E-16
4364.  5.644919E-16
4365.  5.323756E-16
4366.  4.978320E-16
4367.  4.616600E-16
4368.  4.247152E-16
4369.  3.878609E-16
4370.  3.519192E-16
4371.  3.176318E-16
4372.  2.856299E-16
4373.  2.564139E-16
4374.  2.303480E-16
4375.  2.076626E-16
4376.  1.884640E-16
4377.  1.727505E-16
4378.  1.604286E-16
4379.  1.513303E-16
4380.  1.452277E-16
4381.  1.418458E-16
4382.  1.408730E-16
4383.  1.419720E-16
4384.  1.447894E-16
4385.  1.489658E-16
4386.  1.541488E-16
4387.  1.600058E-16
4388.  1.662356E-16
4389.  1.725814E-16
4390.  1.788381E-16
4391.  1.848580E-16
4392.  1.905506E-16
4393.  1.958777E-16
4394.  2.008446E-16
4395.  2.054884E-16
4396.  2.098636E-16
4397.  2.140290E-16
4398.  2.180349E-16
4399.  2.219138E-16
4400.  2.256727E-16
4401.  2.292918E-16
4402.  2.327236E-16
4403.  2.358978E-16
4404.  2.387280E-16
4405.  2.411203E-16
4406.  2.429836E-16
4407.  2.442414E-16
4408.  2.448413E-16
4409.  2.447659E-16
4410.  2.440391E-16
4411.  2.427305E-16
4412.  2.409556E-16
4413.  2.388711E-16
4414.  2.366666E-16
4415.  2.345520E-16
4416.  2.327419E-16
4417.  2.314398E-16
4418.  2.308210E-16
4419.  2.310188E-16
4420.  2.321130E-16
4421.  2.341244E-16
4422.  2.370119E-16
4423.  2.406762E-16
4424.  2.449662E-16
4425.  2.496901E-16
4426.  2.546274E-16
4427.  2.595451E-16
4428.  2.642113E-16
4429.  2.684112E-16
4430.  2.719620E-16
4431.  2.747260E-16
4432.  2.766214E-16
4433.  2.776299E-16
4434.  2.778007E-16
4435.  2.772483E-16
4436.  2.761461E-16
4437.  2.747140E-16
4438.  2.732023E-16
4439.  2.718721E-16
4440.  2.709752E-16
4441.  2.707354E-16
4442.  2.713330E-16
4443.  2.728963E-16
4444.  2.754971E-16
4445.  2.791554E-16
4446.  2.838486E-16
4447.  2.895247E-16
4448.  2.961176E-16
4449.  3.035603E-16
4450.  3.117969E-16
4451.  3.207866E-16
4452.  3.305034E-16
4453.  3.409289E-16
4454.  3.520396E-16
4455.  3.637921E-16
4456.  3.761061E-16
4457.  3.888505E-16
4458.  4.018341E-16
4459.  4.148025E-16
4460.  4.274426E-16
4461.  4.393948E-16
4462.  4.502735E-16
4463.  4.596907E-16
4464.  4.672823E-16
4465.  4.727341E-16
4466.  4.758013E-16
4467.  4.763244E-16
4468.  4.742342E-16
4469.  4.695468E-16
4470.  4.623542E-16
4471.  4.528042E-16
4472.  4.410790E-16
4473.  4.273747E-16
4474.  4.118823E-16
4475.  3.947762E-16
4476.  3.762092E-16
4477.  3.563173E-16
4478.  3.352285E-16
4479.  3.130786E-16
4480.  2.900264E-16
4481.  2.662676E-16
4482.  2.420430E-16
4483.  2.176411E-16
4484.  1.933901E-16
4485.  1.696453E-16
4486.  1.467693E-16
4487.  1.251086E-16
4488.  1.049716E-16
4489.  8.660790E-17
4490.  7.019397E-17
4491.  5.582539E-17
4492.  4.351575E-17
4493.  3.320216E-17
4494.  2.475914E-17
4495.  1.801094E-17
4496.  1.275123E-17
4497.  8.758502E-18
4498.  5.811514E-18
4499.  3.701130E-18
4500.  2.239505E-18
