1.  2.003399E-18
2.  2.065975E-18
3.  2.130374E-18
4.  2.196449E-18
5.  2.264552E-18
6.  2.334561E-18
7.  2.406529E-18
8.  2.480498E-18
9.  2.556548E-18
10.  2.634742E-18
11.  2.715091E-18
12.  2.797685E-18
13.  2.882569E-18
14.  2.969776E-18
15.  3.059400E-18
16.  3.151494E-18
17.  3.246080E-18
18.  3.343206E-18
19.  3.443006E-18
20.  3.545475E-18
21.  3.650796E-18
22.  3.758877E-18
23.  3.869917E-18
24.  3.983839E-18
25.  4.100884E-18
26.  4.220951E-18
27.  4.344299E-18
28.  4.470873E-18
29.  4.600625E-18
30.  4.733912E-18
31.  4.870713E-18
32.  5.011031E-18
33.  5.154999E-18
34.  5.302755E-18
35.  5.454161E-18
36.  5.609483E-18
37.  5.768837E-18
38.  5.932286E-18
39.  6.099886E-18
40.  6.271618E-18
41.  6.447840E-18
42.  6.628491E-18
43.  6.813513E-18
44.  7.003311E-18
45.  7.197832E-18
46.  7.397028E-18
47.  7.601219E-18
48.  7.810544E-18
49.  8.024922E-18
50.  8.244499E-18
51.  8.469471E-18
52.  8.699956E-18
53.  8.936031E-18
54.  9.177702E-18
55.  9.425247E-18
56.  9.678675E-18
57.  9.938245E-18
58.  1.020391E-17
59.  1.047583E-17
60.  1.075434E-17
61.  1.103913E-17
62.  1.133080E-17
63.  1.162916E-17
64.  1.193457E-17
65.  1.224695E-17
66.  1.256661E-17
67.  1.289352E-17
68.  1.322798E-17
69.  1.357005E-17
70.  1.391983E-17
71.  1.427773E-17
72.  1.464359E-17
73.  1.501763E-17
74.  1.540009E-17
75.  1.579100E-17
76.  1.619059E-17
77.  1.659914E-17
78.  1.701649E-17
79.  1.744323E-17
80.  1.787914E-17
81.  1.832456E-17
82.  1.877971E-17
83.  1.924455E-17
84.  1.971947E-17
85.  2.020468E-17
86.  2.070008E-17
87.  2.120604E-17
88.  2.172265E-17
89.  2.225025E-17
90.  2.278878E-17
91.  2.333866E-17
92.  2.390001E-17
93.  2.447293E-17
94.  2.505768E-17
95.  2.565444E-17
96.  2.626342E-17
97.  2.688481E-17
98.  2.751873E-17
99.  2.816554E-17
100.  2.882530E-17
101.  2.949822E-17
102.  3.018463E-17
103.  3.088459E-17
104.  3.159850E-17
105.  3.232640E-17
106.  3.306851E-17
107.  3.382516E-17
108.  3.459645E-17
109.  3.538261E-17
110.  3.618392E-17
111.  3.700056E-17
112.  3.783270E-17
113.  3.868066E-17
114.  3.954466E-17
115.  4.042491E-17
116.  4.132158E-17
117.  4.223494E-17
118.  4.316525E-17
119.  4.411267E-17
120.  4.507754E-17
121.  4.606001E-17
122.  4.706034E-17
123.  4.807866E-17
124.  4.911548E-17
125.  5.017081E-17
126.  5.124482E-17
127.  5.233807E-17
128.  5.345057E-17
129.  5.458254E-17
130.  5.573433E-17
131.  5.690609E-17
132.  5.809818E-17
133.  5.931080E-17
134.  6.054415E-17
135.  6.179858E-17
136.  6.307418E-17
137.  6.437127E-17
138.  6.569020E-17
139.  6.703108E-17
140.  6.839418E-17
141.  6.977980E-17
142.  7.118813E-17
143.  7.261958E-17
144.  7.407421E-17
145.  7.555229E-17
146.  7.705407E-17
147.  7.857992E-17
148.  8.013006E-17
149.  8.170451E-17
150.  8.330385E-17
151.  8.492814E-17
152.  8.657762E-17
153.  8.825269E-17
154.  8.995336E-17
155.  9.168001E-17
156.  9.343299E-17
157.  9.521229E-17
158.  9.701833E-17
159.  9.885135E-17
160.  1.007114E-16
161.  1.025990E-16
162.  1.045143E-16
163.  1.064573E-16
164.  1.084286E-16
165.  1.104280E-16
166.  1.124562E-16
167.  1.145132E-16
168.  1.165991E-16
169.  1.187143E-16
170.  1.208591E-16
171.  1.230335E-16
172.  1.252379E-16
173.  1.274723E-16
174.  1.297371E-16
175.  1.320325E-16
176.  1.343586E-16
177.  1.367157E-16
178.  1.391040E-16
179.  1.415235E-16
180.  1.439749E-16
181.  1.464578E-16
182.  1.489727E-16
183.  1.515198E-16
184.  1.540992E-16
185.  1.567111E-16
186.  1.593557E-16
187.  1.620330E-16
188.  1.647435E-16
189.  1.674871E-16
190.  1.702641E-16
191.  1.730745E-16
192.  1.759187E-16
193.  1.787966E-16
194.  1.817084E-16
195.  1.846543E-16
196.  1.876344E-16
197.  1.906489E-16
198.  1.936980E-16
199.  1.967814E-16
200.  1.998997E-16
201.  2.030528E-16
202.  2.062408E-16
203.  2.094638E-16
204.  2.127219E-16
205.  2.160152E-16
206.  2.193438E-16
207.  2.227079E-16
208.  2.261073E-16
209.  2.295422E-16
210.  2.330127E-16
211.  2.365188E-16
212.  2.400606E-16
213.  2.436381E-16
214.  2.472514E-16
215.  2.509003E-16
216.  2.545851E-16
217.  2.583058E-16
218.  2.620622E-16
219.  2.658545E-16
220.  2.696827E-16
221.  2.735464E-16
222.  2.774463E-16
223.  2.813819E-16
224.  2.853532E-16
225.  2.893600E-16
226.  2.934026E-16
227.  2.974810E-16
228.  3.015948E-16
229.  3.057441E-16
230.  3.099288E-16
231.  3.141490E-16
232.  3.184044E-16
233.  3.226949E-16
234.  3.270205E-16
235.  3.313810E-16
236.  3.357764E-16
237.  3.402065E-16
238.  3.446712E-16
239.  3.491702E-16
240.  3.537036E-16
241.  3.582711E-16
242.  3.628726E-16
243.  3.675079E-16
244.  3.721767E-16
245.  3.768791E-16
246.  3.816146E-16
247.  3.863833E-16
248.  3.911847E-16
249.  3.960188E-16
250.  4.008852E-16
251.  4.057838E-16
252.  4.107143E-16
253.  4.156763E-16
254.  4.206699E-16
255.  4.256946E-16
256.  4.307503E-16
257.  4.358364E-16
258.  4.409529E-16
259.  4.460993E-16
260.  4.512753E-16
261.  4.564809E-16
262.  4.617156E-16
263.  4.669789E-16
264.  4.722706E-16
265.  4.775904E-16
266.  4.829380E-16
267.  4.883128E-16
268.  4.937148E-16
269.  4.991433E-16
270.  5.045980E-16
271.  5.100787E-16
272.  5.155847E-16
273.  5.211157E-16
274.  5.266716E-16
275.  5.322515E-16
276.  5.378554E-16
277.  5.434826E-16
278.  5.491328E-16
279.  5.548056E-16
280.  5.605002E-16
281.  5.662167E-16
282.  5.719542E-16
283.  5.777125E-16
284.  5.834909E-16
285.  5.892889E-16
286.  5.951063E-16
287.  6.009425E-16
288.  6.067967E-16
289.  6.126689E-16
290.  6.185583E-16
291.  6.244643E-16
292.  6.303865E-16
293.  6.363244E-16
294.  6.422776E-16
295.  6.482452E-16
296.  6.542270E-16
297.  6.602223E-16
298.  6.662307E-16
299.  6.722512E-16
300.  6.782837E-16
301.  6.843275E-16
302.  6.903821E-16
303.  6.964467E-16
304.  7.025211E-16
305.  7.086043E-16
306.  7.146959E-16
307.  7.207954E-16
308.  7.269021E-16
309.  7.330156E-16
310.  7.391350E-16
311.  7.452599E-16
312.  7.513897E-16
313.  7.575236E-16
314.  7.636613E-16
315.  7.698020E-16
316.  7.759452E-16
317.  7.820901E-16
318.  7.882362E-16
319.  7.943829E-16
320.  8.005297E-16
321.  8.066757E-16
322.  8.128204E-16
323.  8.189633E-16
324.  8.251037E-16
325.  8.312409E-16
326.  8.373745E-16
327.  8.435036E-16
328.  8.496277E-16
329.  8.557463E-16
330.  8.618586E-16
331.  8.679640E-16
332.  8.740621E-16
333.  8.801518E-16
334.  8.862330E-16
335.  8.923048E-16
336.  8.983667E-16
337.  9.044182E-16
338.  9.104584E-16
339.  9.164865E-16
340.  9.225024E-16
341.  9.285057E-16
342.  9.344948E-16
343.  9.404700E-16
344.  9.464304E-16
345.  9.523750E-16
346.  9.583041E-16
347.  9.642162E-16
348.  9.701115E-16
349.  9.759886E-16
350.  9.818478E-16
351.  9.876879E-16
352.  9.935082E-16
353.  9.993085E-16
354.  1.005088E-15
355.  1.010847E-15
356.  1.016584E-15
357.  1.022298E-15
358.  1.027990E-15
359.  1.033658E-15
360.  1.039302E-15
361.  1.044922E-15
362.  1.050517E-15
363.  1.056086E-15
364.  1.061629E-15
365.  1.067145E-15
366.  1.072634E-15
367.  1.078096E-15
368.  1.083530E-15
369.  1.088935E-15
370.  1.094310E-15
371.  1.099657E-15
372.  1.104973E-15
373.  1.110259E-15
374.  1.115514E-15
375.  1.120737E-15
376.  1.125928E-15
377.  1.131088E-15
378.  1.136214E-15
379.  1.141307E-15
380.  1.146367E-15
381.  1.151392E-15
382.  1.156383E-15
383.  1.161340E-15
384.  1.166261E-15
385.  1.171146E-15
386.  1.175996E-15
387.  1.180809E-15
388.  1.185585E-15
389.  1.190324E-15
390.  1.195026E-15
391.  1.199690E-15
392.  1.204315E-15
393.  1.208903E-15
394.  1.213451E-15
395.  1.217961E-15
396.  1.222431E-15
397.  1.226861E-15
398.  1.231251E-15
399.  1.235601E-15
400.  1.239911E-15
401.  1.244179E-15
402.  1.248406E-15
403.  1.252592E-15
404.  1.256737E-15
405.  1.260839E-15
406.  1.264900E-15
407.  1.268918E-15
408.  1.272893E-15
409.  1.276826E-15
410.  1.280716E-15
411.  1.284563E-15
412.  1.288367E-15
413.  1.292126E-15
414.  1.295843E-15
415.  1.299515E-15
416.  1.303143E-15
417.  1.306728E-15
418.  1.310267E-15
419.  1.313763E-15
420.  1.317214E-15
421.  1.320620E-15
422.  1.323981E-15
423.  1.327298E-15
424.  1.330569E-15
425.  1.333796E-15
426.  1.336977E-15
427.  1.340112E-15
428.  1.343203E-15
429.  1.346248E-15
430.  1.349247E-15
431.  1.352201E-15
432.  1.355109E-15
433.  1.357972E-15
434.  1.360788E-15
435.  1.363560E-15
436.  1.366285E-15
437.  1.368965E-15
438.  1.371598E-15
439.  1.374186E-15
440.  1.376729E-15
441.  1.379225E-15
442.  1.381675E-15
443.  1.384080E-15
444.  1.386439E-15
445.  1.388752E-15
446.  1.391020E-15
447.  1.393242E-15
448.  1.395418E-15
449.  1.397549E-15
450.  1.399634E-15
451.  1.401674E-15
452.  1.403668E-15
453.  1.405617E-15
454.  1.407520E-15
455.  1.409379E-15
456.  1.411192E-15
457.  1.412960E-15
458.  1.414683E-15
459.  1.416361E-15
460.  1.417995E-15
461.  1.419583E-15
462.  1.421127E-15
463.  1.422627E-15
464.  1.424082E-15
465.  1.425493E-15
466.  1.426860E-15
467.  1.428182E-15
468.  1.429461E-15
469.  1.430696E-15
470.  1.431887E-15
471.  1.433035E-15
472.  1.434139E-15
473.  1.435200E-15
474.  1.436218E-15
475.  1.437193E-15
476.  1.438125E-15
477.  1.439014E-15
478.  1.439861E-15
479.  1.440666E-15
480.  1.441428E-15
481.  1.442147E-15
482.  1.442825E-15
483.  1.443462E-15
484.  1.444056E-15
485.  1.444609E-15
486.  1.445121E-15
487.  1.445592E-15
488.  1.446022E-15
489.  1.446411E-15
490.  1.446759E-15
491.  1.447067E-15
492.  1.447335E-15
493.  1.447562E-15
494.  1.447750E-15
495.  1.447897E-15
496.  1.448006E-15
497.  1.448075E-15
498.  1.448105E-15
499.  1.448095E-15
500.  1.448047E-15
501.  1.447960E-15
502.  1.447836E-15
503.  1.447672E-15
504.  1.447471E-15
505.  1.447231E-15
506.  1.446954E-15
507.  1.446640E-15
508.  1.446288E-15
509.  1.445899E-15
510.  1.445473E-15
511.  1.445011E-15
512.  1.444512E-15
513.  1.443976E-15
514.  1.443405E-15
515.  1.442798E-15
516.  1.442155E-15
517.  1.441476E-15
518.  1.440762E-15
519.  1.440013E-15
520.  1.439229E-15
521.  1.438411E-15
522.  1.437557E-15
523.  1.436670E-15
524.  1.435748E-15
525.  1.434793E-15
526.  1.433804E-15
527.  1.432781E-15
528.  1.431725E-15
529.  1.430636E-15
530.  1.429514E-15
531.  1.428359E-15
532.  1.427172E-15
533.  1.425953E-15
534.  1.424702E-15
535.  1.423419E-15
536.  1.422104E-15
537.  1.420758E-15
538.  1.419381E-15
539.  1.417973E-15
540.  1.416534E-15
541.  1.415064E-15
542.  1.413565E-15
543.  1.412035E-15
544.  1.410475E-15
545.  1.408886E-15
546.  1.407267E-15
547.  1.405619E-15
548.  1.403942E-15
549.  1.402236E-15
550.  1.400502E-15
551.  1.398739E-15
552.  1.396948E-15
553.  1.395129E-15
554.  1.393283E-15
555.  1.391409E-15
556.  1.389508E-15
557.  1.387580E-15
558.  1.385625E-15
559.  1.383644E-15
560.  1.381636E-15
561.  1.379602E-15
562.  1.377543E-15
563.  1.375458E-15
564.  1.373348E-15
565.  1.371212E-15
566.  1.369052E-15
567.  1.366867E-15
568.  1.364658E-15
569.  1.362424E-15
570.  1.360167E-15
571.  1.357886E-15
572.  1.355582E-15
573.  1.353254E-15
574.  1.350904E-15
575.  1.348531E-15
576.  1.346135E-15
577.  1.343718E-15
578.  1.341278E-15
579.  1.338817E-15
580.  1.336334E-15
581.  1.333831E-15
582.  1.331306E-15
583.  1.328761E-15
584.  1.326196E-15
585.  1.323610E-15
586.  1.321005E-15
587.  1.318380E-15
588.  1.315736E-15
589.  1.313073E-15
590.  1.310391E-15
591.  1.307691E-15
592.  1.304972E-15
593.  1.302235E-15
594.  1.299482E-15
595.  1.296710E-15
596.  1.293922E-15
597.  1.291117E-15
598.  1.288295E-15
599.  1.285457E-15
600.  1.282603E-15
601.  1.279733E-15
602.  1.276849E-15
603.  1.273949E-15
604.  1.271034E-15
605.  1.268105E-15
606.  1.265161E-15
607.  1.262204E-15
608.  1.259233E-15
609.  1.256249E-15
610.  1.253252E-15
611.  1.250242E-15
612.  1.247220E-15
613.  1.244186E-15
614.  1.241140E-15
615.  1.238083E-15
616.  1.235014E-15
617.  1.231934E-15
618.  1.228844E-15
619.  1.225744E-15
620.  1.222634E-15
621.  1.219514E-15
622.  1.216385E-15
623.  1.213247E-15
624.  1.210100E-15
625.  1.206946E-15
626.  1.203782E-15
627.  1.200612E-15
628.  1.197433E-15
629.  1.194248E-15
630.  1.191056E-15
631.  1.187858E-15
632.  1.184653E-15
633.  1.181443E-15
634.  1.178227E-15
635.  1.175006E-15
636.  1.171781E-15
637.  1.168551E-15
638.  1.165316E-15
639.  1.162078E-15
640.  1.158837E-15
641.  1.155592E-15
642.  1.152344E-15
643.  1.149094E-15
644.  1.145842E-15
645.  1.142588E-15
646.  1.139332E-15
647.  1.136076E-15
648.  1.132818E-15
649.  1.129559E-15
650.  1.126301E-15
651.  1.123042E-15
652.  1.119785E-15
653.  1.116527E-15
654.  1.113271E-15
655.  1.110017E-15
656.  1.106764E-15
657.  1.103513E-15
658.  1.100265E-15
659.  1.097019E-15
660.  1.093776E-15
661.  1.090537E-15
662.  1.087302E-15
663.  1.084070E-15
664.  1.080843E-15
665.  1.077621E-15
666.  1.074403E-15
667.  1.071191E-15
668.  1.067984E-15
669.  1.064784E-15
670.  1.061589E-15
671.  1.058402E-15
672.  1.055221E-15
673.  1.052047E-15
674.  1.048881E-15
675.  1.045723E-15
676.  1.042573E-15
677.  1.039431E-15
678.  1.036298E-15
679.  1.033174E-15
680.  1.030060E-15
681.  1.026955E-15
682.  1.023860E-15
683.  1.020775E-15
684.  1.017701E-15
685.  1.014638E-15
686.  1.011586E-15
687.  1.008545E-15
688.  1.005516E-15
689.  1.002500E-15
690.  9.994951E-16
691.  9.965029E-16
692.  9.935238E-16
693.  9.905579E-16
694.  9.876054E-16
695.  9.846665E-16
696.  9.817417E-16
697.  9.788310E-16
698.  9.759346E-16
699.  9.730532E-16
700.  9.701869E-16
701.  9.673358E-16
702.  9.645001E-16
703.  9.616803E-16
704.  9.588767E-16
705.  9.560893E-16
706.  9.533182E-16
707.  9.505641E-16
708.  9.478269E-16
709.  9.451073E-16
710.  9.424048E-16
711.  9.397203E-16
712.  9.370536E-16
713.  9.344050E-16
714.  9.317750E-16
715.  9.291635E-16
716.  9.265708E-16
717.  9.239971E-16
718.  9.214429E-16
719.  9.189079E-16
720.  9.163929E-16
721.  9.138974E-16
722.  9.114221E-16
723.  9.089670E-16
724.  9.065324E-16
725.  9.041183E-16
726.  9.017252E-16
727.  8.993531E-16
728.  8.970020E-16
729.  8.946722E-16
730.  8.923640E-16
731.  8.900775E-16
732.  8.878127E-16
733.  8.855699E-16
734.  8.833493E-16
735.  8.811510E-16
736.  8.789750E-16
737.  8.768217E-16
738.  8.746910E-16
739.  8.725831E-16
740.  8.704983E-16
741.  8.684364E-16
742.  8.663979E-16
743.  8.643827E-16
744.  8.623908E-16
745.  8.604225E-16
746.  8.584780E-16
747.  8.565571E-16
748.  8.546602E-16
749.  8.527871E-16
750.  8.509380E-16
751.  8.491131E-16
752.  8.473125E-16
753.  8.455360E-16
754.  8.437840E-16
755.  8.420564E-16
756.  8.403531E-16
757.  8.386746E-16
758.  8.370204E-16
759.  8.353912E-16
760.  8.337865E-16
761.  8.322066E-16
762.  8.306513E-16
763.  8.291210E-16
764.  8.276156E-16
765.  8.261348E-16
766.  8.246791E-16
767.  8.232483E-16
768.  8.218424E-16
769.  8.204614E-16
770.  8.191054E-16
771.  8.177743E-16
772.  8.164680E-16
773.  8.151867E-16
774.  8.139305E-16
775.  8.126990E-16
776.  8.114924E-16
777.  8.103107E-16
778.  8.091537E-16
779.  8.080216E-16
780.  8.069142E-16
781.  8.058317E-16
782.  8.047736E-16
783.  8.037403E-16
784.  8.027315E-16
785.  8.017471E-16
786.  8.007873E-16
787.  7.998517E-16
788.  7.989405E-16
789.  7.980535E-16
790.  7.971906E-16
791.  7.963519E-16
792.  7.955372E-16
793.  7.947462E-16
794.  7.939791E-16
795.  7.932356E-16
796.  7.925159E-16
797.  7.918196E-16
798.  7.911465E-16
799.  7.904969E-16
800.  7.898704E-16
801.  7.892669E-16
802.  7.886865E-16
803.  7.881286E-16
804.  7.875934E-16
805.  7.870808E-16
806.  7.865906E-16
807.  7.861225E-16
808.  7.856766E-16
809.  7.852526E-16
810.  7.848506E-16
811.  7.844699E-16
812.  7.841109E-16
813.  7.837732E-16
814.  7.834566E-16
815.  7.831608E-16
816.  7.828862E-16
817.  7.826320E-16
818.  7.823984E-16
819.  7.821850E-16
820.  7.819917E-16
821.  7.818184E-16
822.  7.816648E-16
823.  7.815307E-16
824.  7.814161E-16
825.  7.813206E-16
826.  7.812440E-16
827.  7.811862E-16
828.  7.811470E-16
829.  7.811261E-16
830.  7.811234E-16
831.  7.811387E-16
832.  7.811718E-16
833.  7.812223E-16
834.  7.812902E-16
835.  7.813751E-16
836.  7.814769E-16
837.  7.815955E-16
838.  7.817305E-16
839.  7.818817E-16
840.  7.820489E-16
841.  7.822320E-16
842.  7.824306E-16
843.  7.826444E-16
844.  7.828735E-16
845.  7.831173E-16
846.  7.833760E-16
847.  7.836489E-16
848.  7.839361E-16
849.  7.842372E-16
850.  7.845520E-16
851.  7.848804E-16
852.  7.852220E-16
853.  7.855768E-16
854.  7.859442E-16
855.  7.863242E-16
856.  7.867166E-16
857.  7.871210E-16
858.  7.875373E-16
859.  7.879653E-16
860.  7.884047E-16
861.  7.888551E-16
862.  7.893167E-16
863.  7.897888E-16
864.  7.902715E-16
865.  7.907644E-16
866.  7.912673E-16
867.  7.917799E-16
868.  7.923021E-16
869.  7.928337E-16
870.  7.933744E-16
871.  7.939240E-16
872.  7.944822E-16
873.  7.950489E-16
874.  7.956239E-16
875.  7.962066E-16
876.  7.967973E-16
877.  7.973955E-16
878.  7.980011E-16
879.  7.986138E-16
880.  7.992335E-16
881.  7.998598E-16
882.  8.004928E-16
883.  8.011319E-16
884.  8.017772E-16
885.  8.024284E-16
886.  8.030852E-16
887.  8.037477E-16
888.  8.044155E-16
889.  8.050885E-16
890.  8.057662E-16
891.  8.064486E-16
892.  8.071360E-16
893.  8.078275E-16
894.  8.085233E-16
895.  8.092232E-16
896.  8.099270E-16
897.  8.106344E-16
898.  8.113454E-16
899.  8.120598E-16
900.  8.127773E-16
901.  8.134981E-16
902.  8.142217E-16
903.  8.149481E-16
904.  8.156771E-16
905.  8.164087E-16
906.  8.171425E-16
907.  8.178787E-16
908.  8.186168E-16
909.  8.193570E-16
910.  8.200990E-16
911.  8.208428E-16
912.  8.215882E-16
913.  8.223351E-16
914.  8.230832E-16
915.  8.238326E-16
916.  8.245834E-16
917.  8.253350E-16
918.  8.260879E-16
919.  8.268415E-16
920.  8.275961E-16
921.  8.283514E-16
922.  8.291072E-16
923.  8.298637E-16
924.  8.306208E-16
925.  8.313782E-16
926.  8.321362E-16
927.  8.328945E-16
928.  8.336531E-16
929.  8.344118E-16
930.  8.351708E-16
931.  8.359299E-16
932.  8.366892E-16
933.  8.374487E-16
934.  8.382081E-16
935.  8.389676E-16
936.  8.397271E-16
937.  8.404868E-16
938.  8.412462E-16
939.  8.420057E-16
940.  8.427653E-16
941.  8.435248E-16
942.  8.442842E-16
943.  8.450437E-16
944.  8.458035E-16
945.  8.465628E-16
946.  8.473225E-16
947.  8.480822E-16
948.  8.488419E-16
949.  8.496019E-16
950.  8.503620E-16
951.  8.511223E-16
952.  8.518826E-16
953.  8.526437E-16
954.  8.534048E-16
955.  8.541663E-16
956.  8.549284E-16
957.  8.556908E-16
958.  8.564541E-16
959.  8.572178E-16
960.  8.579823E-16
961.  8.587476E-16
962.  8.595137E-16
963.  8.602808E-16
964.  8.610488E-16
965.  8.618180E-16
966.  8.625884E-16
967.  8.633601E-16
968.  8.641331E-16
969.  8.649077E-16
970.  8.656838E-16
971.  8.664616E-16
972.  8.672411E-16
973.  8.680225E-16
974.  8.688059E-16
975.  8.695914E-16
976.  8.703792E-16
977.  8.711692E-16
978.  8.719617E-16
979.  8.727568E-16
980.  8.735545E-16
981.  8.743551E-16
982.  8.751586E-16
983.  8.759651E-16
984.  8.767747E-16
985.  8.775878E-16
986.  8.784042E-16
987.  8.792242E-16
988.  8.800480E-16
989.  8.808754E-16
990.  8.817070E-16
991.  8.825426E-16
992.  8.833824E-16
993.  8.842266E-16
994.  8.850754E-16
995.  8.859287E-16
996.  8.867867E-16
997.  8.876497E-16
998.  8.885179E-16
999.  8.893912E-16
1000.  8.902697E-16
1001.  8.911539E-16
1002.  8.920436E-16
1003.  8.929392E-16
1004.  8.938406E-16
1005.  8.947480E-16
1006.  8.956615E-16
1007.  8.965814E-16
1008.  8.975076E-16
1009.  8.984404E-16
1010.  8.993800E-16
1011.  9.003265E-16
1012.  9.012798E-16
1013.  9.022402E-16
1014.  9.032080E-16
1015.  9.041831E-16
1016.  9.051657E-16
1017.  9.061558E-16
1018.  9.071537E-16
1019.  9.081593E-16
1020.  9.091732E-16
1021.  9.101949E-16
1022.  9.112250E-16
1023.  9.122635E-16
1024.  9.133103E-16
1025.  9.143657E-16
1026.  9.154298E-16
1027.  9.165026E-16
1028.  9.175843E-16
1029.  9.186752E-16
1030.  9.197751E-16
1031.  9.208841E-16
1032.  9.220024E-16
1033.  9.231300E-16
1034.  9.242670E-16
1035.  9.254137E-16
1036.  9.265700E-16
1037.  9.277359E-16
1038.  9.289117E-16
1039.  9.300973E-16
1040.  9.312930E-16
1041.  9.324986E-16
1042.  9.337143E-16
1043.  9.349400E-16
1044.  9.361760E-16
1045.  9.374224E-16
1046.  9.386788E-16
1047.  9.399458E-16
1048.  9.412230E-16
1049.  9.425107E-16
1050.  9.438090E-16
1051.  9.451177E-16
1052.  9.464370E-16
1053.  9.477668E-16
1054.  9.491072E-16
1055.  9.504583E-16
1056.  9.518200E-16
1057.  9.531922E-16
1058.  9.545752E-16
1059.  9.559688E-16
1060.  9.573731E-16
1061.  9.587879E-16
1062.  9.602137E-16
1063.  9.616498E-16
1064.  9.630968E-16
1065.  9.645541E-16
1066.  9.660221E-16
1067.  9.675007E-16
1068.  9.689898E-16
1069.  9.704895E-16
1070.  9.719993E-16
1071.  9.735197E-16
1072.  9.750505E-16
1073.  9.765917E-16
1074.  9.781431E-16
1075.  9.797048E-16
1076.  9.812763E-16
1077.  9.828581E-16
1078.  9.844499E-16
1079.  9.860516E-16
1080.  9.876631E-16
1081.  9.892845E-16
1082.  9.909155E-16
1083.  9.925560E-16
1084.  9.942062E-16
1085.  9.958655E-16
1086.  9.975344E-16
1087.  9.992124E-16
1088.  1.000900E-15
1089.  1.002596E-15
1090.  1.004300E-15
1091.  1.006014E-15
1092.  1.007736E-15
1093.  1.009467E-15
1094.  1.011207E-15
1095.  1.012954E-15
1096.  1.014709E-15
1097.  1.016473E-15
1098.  1.018244E-15
1099.  1.020023E-15
1100.  1.021810E-15
1101.  1.023604E-15
1102.  1.025405E-15
1103.  1.027213E-15
1104.  1.029028E-15
1105.  1.030850E-15
1106.  1.032679E-15
1107.  1.034514E-15
1108.  1.036355E-15
1109.  1.038202E-15
1110.  1.040055E-15
1111.  1.041914E-15
1112.  1.043778E-15
1113.  1.045648E-15
1114.  1.047523E-15
1115.  1.049403E-15
1116.  1.051288E-15
1117.  1.053177E-15
1118.  1.055071E-15
1119.  1.056969E-15
1120.  1.058871E-15
1121.  1.060777E-15
1122.  1.062687E-15
1123.  1.064600E-15
1124.  1.066516E-15
1125.  1.068436E-15
1126.  1.070358E-15
1127.  1.072283E-15
1128.  1.074210E-15
1129.  1.076139E-15
1130.  1.078071E-15
1131.  1.080004E-15
1132.  1.081939E-15
1133.  1.083876E-15
1134.  1.085813E-15
1135.  1.087752E-15
1136.  1.089691E-15
1137.  1.091631E-15
1138.  1.093571E-15
1139.  1.095512E-15
1140.  1.097452E-15
1141.  1.099392E-15
1142.  1.101332E-15
1143.  1.103271E-15
1144.  1.105209E-15
1145.  1.107146E-15
1146.  1.109082E-15
1147.  1.111016E-15
1148.  1.112949E-15
1149.  1.114880E-15
1150.  1.116808E-15
1151.  1.118734E-15
1152.  1.120658E-15
1153.  1.122579E-15
1154.  1.124497E-15
1155.  1.126412E-15
1156.  1.128324E-15
1157.  1.130233E-15
1158.  1.132137E-15
1159.  1.134038E-15
1160.  1.135935E-15
1161.  1.137827E-15
1162.  1.139715E-15
1163.  1.141599E-15
1164.  1.143478E-15
1165.  1.145352E-15
1166.  1.147220E-15
1167.  1.149084E-15
1168.  1.150942E-15
1169.  1.152795E-15
1170.  1.154641E-15
1171.  1.156482E-15
1172.  1.158317E-15
1173.  1.160145E-15
1174.  1.161967E-15
1175.  1.163783E-15
1176.  1.165592E-15
1177.  1.167394E-15
1178.  1.169189E-15
1179.  1.170978E-15
1180.  1.172758E-15
1181.  1.174532E-15
1182.  1.176298E-15
1183.  1.178057E-15
1184.  1.179808E-15
1185.  1.181551E-15
1186.  1.183286E-15
1187.  1.185013E-15
1188.  1.186732E-15
1189.  1.188443E-15
1190.  1.190146E-15
1191.  1.191840E-15
1192.  1.193526E-15
1193.  1.195203E-15
1194.  1.196872E-15
1195.  1.198532E-15
1196.  1.200183E-15
1197.  1.201825E-15
1198.  1.203459E-15
1199.  1.205084E-15
1200.  1.206699E-15
1201.  1.208306E-15
1202.  1.209904E-15
1203.  1.211492E-15
1204.  1.213071E-15
1205.  1.214642E-15
1206.  1.216203E-15
1207.  1.217755E-15
1208.  1.219298E-15
1209.  1.220831E-15
1210.  1.222355E-15
1211.  1.223870E-15
1212.  1.225376E-15
1213.  1.226873E-15
1214.  1.228360E-15
1215.  1.229839E-15
1216.  1.231308E-15
1217.  1.232768E-15
1218.  1.234219E-15
1219.  1.235661E-15
1220.  1.237094E-15
1221.  1.238518E-15
1222.  1.239934E-15
1223.  1.241340E-15
1224.  1.242737E-15
1225.  1.244126E-15
1226.  1.245506E-15
1227.  1.246878E-15
1228.  1.248241E-15
1229.  1.249596E-15
1230.  1.250942E-15
1231.  1.252280E-15
1232.  1.253610E-15
1233.  1.254932E-15
1234.  1.256246E-15
1235.  1.257552E-15
1236.  1.258850E-15
1237.  1.260141E-15
1238.  1.261424E-15
1239.  1.262700E-15
1240.  1.263969E-15
1241.  1.265230E-15
1242.  1.266485E-15
1243.  1.267733E-15
1244.  1.268974E-15
1245.  1.270208E-15
1246.  1.271436E-15
1247.  1.272658E-15
1248.  1.273874E-15
1249.  1.275084E-15
1250.  1.276288E-15
1251.  1.277486E-15
1252.  1.278679E-15
1253.  1.279867E-15
1254.  1.281049E-15
1255.  1.282227E-15
1256.  1.283400E-15
1257.  1.284569E-15
1258.  1.285733E-15
1259.  1.286893E-15
1260.  1.288049E-15
1261.  1.289201E-15
1262.  1.290349E-15
1263.  1.291495E-15
1264.  1.292637E-15
1265.  1.293776E-15
1266.  1.294912E-15
1267.  1.296046E-15
1268.  1.297178E-15
1269.  1.298307E-15
1270.  1.299435E-15
1271.  1.300560E-15
1272.  1.301685E-15
1273.  1.302808E-15
1274.  1.303930E-15
1275.  1.305051E-15
1276.  1.306171E-15
1277.  1.307291E-15
1278.  1.308412E-15
1279.  1.309532E-15
1280.  1.310652E-15
1281.  1.311773E-15
1282.  1.312895E-15
1283.  1.314018E-15
1284.  1.315142E-15
1285.  1.316268E-15
1286.  1.317395E-15
1287.  1.318524E-15
1288.  1.319656E-15
1289.  1.320789E-15
1290.  1.321926E-15
1291.  1.323065E-15
1292.  1.324208E-15
1293.  1.325354E-15
1294.  1.326503E-15
1295.  1.327656E-15
1296.  1.328813E-15
1297.  1.329974E-15
1298.  1.331140E-15
1299.  1.332311E-15
1300.  1.333487E-15
1301.  1.334667E-15
1302.  1.335853E-15
1303.  1.337045E-15
1304.  1.338243E-15
1305.  1.339446E-15
1306.  1.340656E-15
1307.  1.341873E-15
1308.  1.343096E-15
1309.  1.344326E-15
1310.  1.345563E-15
1311.  1.346807E-15
1312.  1.348059E-15
1313.  1.349319E-15
1314.  1.350587E-15
1315.  1.351863E-15
1316.  1.353147E-15
1317.  1.354440E-15
1318.  1.355742E-15
1319.  1.357053E-15
1320.  1.358373E-15
1321.  1.359702E-15
1322.  1.361040E-15
1323.  1.362389E-15
1324.  1.363747E-15
1325.  1.365115E-15
1326.  1.366493E-15
1327.  1.367882E-15
1328.  1.369282E-15
1329.  1.370692E-15
1330.  1.372112E-15
1331.  1.373544E-15
1332.  1.374987E-15
1333.  1.376441E-15
1334.  1.377907E-15
1335.  1.379384E-15
1336.  1.380873E-15
1337.  1.382374E-15
1338.  1.383887E-15
1339.  1.385412E-15
1340.  1.386948E-15
1341.  1.388498E-15
1342.  1.390059E-15
1343.  1.391633E-15
1344.  1.393220E-15
1345.  1.394820E-15
1346.  1.396432E-15
1347.  1.398057E-15
1348.  1.399695E-15
1349.  1.401346E-15
1350.  1.403010E-15
1351.  1.404687E-15
1352.  1.406377E-15
1353.  1.408081E-15
1354.  1.409798E-15
1355.  1.411528E-15
1356.  1.413272E-15
1357.  1.415028E-15
1358.  1.416799E-15
1359.  1.418583E-15
1360.  1.420380E-15
1361.  1.422190E-15
1362.  1.424015E-15
1363.  1.425852E-15
1364.  1.427703E-15
1365.  1.429568E-15
1366.  1.431446E-15
1367.  1.433337E-15
1368.  1.435242E-15
1369.  1.437160E-15
1370.  1.439091E-15
1371.  1.441035E-15
1372.  1.442993E-15
1373.  1.444964E-15
1374.  1.446948E-15
1375.  1.448944E-15
1376.  1.450954E-15
1377.  1.452977E-15
1378.  1.455012E-15
1379.  1.457060E-15
1380.  1.459120E-15
1381.  1.461193E-15
1382.  1.463278E-15
1383.  1.465375E-15
1384.  1.467484E-15
1385.  1.469606E-15
1386.  1.471739E-15
1387.  1.473883E-15
1388.  1.476039E-15
1389.  1.478206E-15
1390.  1.480385E-15
1391.  1.482574E-15
1392.  1.484775E-15
1393.  1.486986E-15
1394.  1.489207E-15
1395.  1.491439E-15
1396.  1.493681E-15
1397.  1.495932E-15
1398.  1.498194E-15
1399.  1.500464E-15
1400.  1.502744E-15
1401.  1.505033E-15
1402.  1.507331E-15
1403.  1.509637E-15
1404.  1.511951E-15
1405.  1.514273E-15
1406.  1.516604E-15
1407.  1.518941E-15
1408.  1.521286E-15
1409.  1.523638E-15
1410.  1.525996E-15
1411.  1.528361E-15
1412.  1.530732E-15
1413.  1.533109E-15
1414.  1.535491E-15
1415.  1.537878E-15
1416.  1.540270E-15
1417.  1.542667E-15
1418.  1.545068E-15
1419.  1.547473E-15
1420.  1.549881E-15
1421.  1.552293E-15
1422.  1.554708E-15
1423.  1.557125E-15
1424.  1.559545E-15
1425.  1.561966E-15
1426.  1.564388E-15
1427.  1.566812E-15
1428.  1.569237E-15
1429.  1.571662E-15
1430.  1.574087E-15
1431.  1.576511E-15
1432.  1.578935E-15
1433.  1.581358E-15
1434.  1.583779E-15
1435.  1.586198E-15
1436.  1.588615E-15
1437.  1.591029E-15
1438.  1.593440E-15
1439.  1.595847E-15
1440.  1.598250E-15
1441.  1.600649E-15
1442.  1.603043E-15
1443.  1.605432E-15
1444.  1.607815E-15
1445.  1.610192E-15
1446.  1.612562E-15
1447.  1.614925E-15
1448.  1.617281E-15
1449.  1.619629E-15
1450.  1.621969E-15
1451.  1.624300E-15
1452.  1.626621E-15
1453.  1.628933E-15
1454.  1.631235E-15
1455.  1.633526E-15
1456.  1.635806E-15
1457.  1.638074E-15
1458.  1.640331E-15
1459.  1.642575E-15
1460.  1.644806E-15
1461.  1.647024E-15
1462.  1.649228E-15
1463.  1.651417E-15
1464.  1.653592E-15
1465.  1.655751E-15
1466.  1.657895E-15
1467.  1.660022E-15
1468.  1.662133E-15
1469.  1.664226E-15
1470.  1.666302E-15
1471.  1.668360E-15
1472.  1.670399E-15
1473.  1.672419E-15
1474.  1.674419E-15
1475.  1.676399E-15
1476.  1.678359E-15
1477.  1.680298E-15
1478.  1.682215E-15
1479.  1.684111E-15
1480.  1.685984E-15
1481.  1.687833E-15
1482.  1.689660E-15
1483.  1.691463E-15
1484.  1.693241E-15
1485.  1.694995E-15
1486.  1.696723E-15
1487.  1.698426E-15
1488.  1.700102E-15
1489.  1.701752E-15
1490.  1.703375E-15
1491.  1.704970E-15
1492.  1.706537E-15
1493.  1.708076E-15
1494.  1.709585E-15
1495.  1.711066E-15
1496.  1.712516E-15
1497.  1.713936E-15
1498.  1.715326E-15
1499.  1.716684E-15
1500.  1.718011E-15
1501.  1.719305E-15
1502.  1.720567E-15
1503.  1.721797E-15
1504.  1.722993E-15
1505.  1.724155E-15
1506.  1.725283E-15
1507.  1.726377E-15
1508.  1.727435E-15
1509.  1.728458E-15
1510.  1.729446E-15
1511.  1.730397E-15
1512.  1.731311E-15
1513.  1.732189E-15
1514.  1.733029E-15
1515.  1.733832E-15
1516.  1.734597E-15
1517.  1.735323E-15
1518.  1.736010E-15
1519.  1.736658E-15
1520.  1.737266E-15
1521.  1.737835E-15
1522.  1.738363E-15
1523.  1.738851E-15
1524.  1.739298E-15
1525.  1.739703E-15
1526.  1.740068E-15
1527.  1.740389E-15
1528.  1.740670E-15
1529.  1.740907E-15
1530.  1.741102E-15
1531.  1.741253E-15
1532.  1.741361E-15
1533.  1.741426E-15
1534.  1.741446E-15
1535.  1.741423E-15
1536.  1.741355E-15
1537.  1.741242E-15
1538.  1.741084E-15
1539.  1.740881E-15
1540.  1.740632E-15
1541.  1.740338E-15
1542.  1.739998E-15
1543.  1.739612E-15
1544.  1.739179E-15
1545.  1.738700E-15
1546.  1.738174E-15
1547.  1.737601E-15
1548.  1.736981E-15
1549.  1.736314E-15
1550.  1.735599E-15
1551.  1.734837E-15
1552.  1.734027E-15
1553.  1.733169E-15
1554.  1.732262E-15
1555.  1.731308E-15
1556.  1.730305E-15
1557.  1.729255E-15
1558.  1.728155E-15
1559.  1.727007E-15
1560.  1.725810E-15
1561.  1.724564E-15
1562.  1.723269E-15
1563.  1.721925E-15
1564.  1.720533E-15
1565.  1.719091E-15
1566.  1.717600E-15
1567.  1.716060E-15
1568.  1.714471E-15
1569.  1.712832E-15
1570.  1.711144E-15
1571.  1.709407E-15
1572.  1.707621E-15
1573.  1.705785E-15
1574.  1.703900E-15
1575.  1.701966E-15
1576.  1.699983E-15
1577.  1.697951E-15
1578.  1.695869E-15
1579.  1.693739E-15
1580.  1.691559E-15
1581.  1.689331E-15
1582.  1.687053E-15
1583.  1.684727E-15
1584.  1.682352E-15
1585.  1.679929E-15
1586.  1.677458E-15
1587.  1.674938E-15
1588.  1.672369E-15
1589.  1.669753E-15
1590.  1.667089E-15
1591.  1.664377E-15
1592.  1.661617E-15
1593.  1.658810E-15
1594.  1.655956E-15
1595.  1.653054E-15
1596.  1.650106E-15
1597.  1.647111E-15
1598.  1.644069E-15
1599.  1.640981E-15
1600.  1.637847E-15
1601.  1.634667E-15
1602.  1.631442E-15
1603.  1.628171E-15
1604.  1.624855E-15
1605.  1.621494E-15
1606.  1.618088E-15
1607.  1.614638E-15
1608.  1.611144E-15
1609.  1.607606E-15
1610.  1.604025E-15
1611.  1.600400E-15
1612.  1.596732E-15
1613.  1.593022E-15
1614.  1.589270E-15
1615.  1.585476E-15
1616.  1.581639E-15
1617.  1.577762E-15
1618.  1.573844E-15
1619.  1.569885E-15
1620.  1.565886E-15
1621.  1.561847E-15
1622.  1.557769E-15
1623.  1.553651E-15
1624.  1.549495E-15
1625.  1.545301E-15
1626.  1.541068E-15
1627.  1.536798E-15
1628.  1.532491E-15
1629.  1.528147E-15
1630.  1.523767E-15
1631.  1.519351E-15
1632.  1.514900E-15
1633.  1.510413E-15
1634.  1.505892E-15
1635.  1.501337E-15
1636.  1.496749E-15
1637.  1.492127E-15
1638.  1.487472E-15
1639.  1.482785E-15
1640.  1.478067E-15
1641.  1.473317E-15
1642.  1.468536E-15
1643.  1.463725E-15
1644.  1.458884E-15
1645.  1.454014E-15
1646.  1.449115E-15
1647.  1.444188E-15
1648.  1.439233E-15
1649.  1.434251E-15
1650.  1.429242E-15
1651.  1.424206E-15
1652.  1.419145E-15
1653.  1.414059E-15
1654.  1.408948E-15
1655.  1.403814E-15
1656.  1.398655E-15
1657.  1.393474E-15
1658.  1.388270E-15
1659.  1.383045E-15
1660.  1.377798E-15
1661.  1.372530E-15
1662.  1.367242E-15
1663.  1.361935E-15
1664.  1.356608E-15
1665.  1.351263E-15
1666.  1.345901E-15
1667.  1.340520E-15
1668.  1.335123E-15
1669.  1.329710E-15
1670.  1.324282E-15
1671.  1.318838E-15
1672.  1.313380E-15
1673.  1.307909E-15
1674.  1.302424E-15
1675.  1.296926E-15
1676.  1.291417E-15
1677.  1.285896E-15
1678.  1.280364E-15
1679.  1.274822E-15
1680.  1.269271E-15
1681.  1.263710E-15
1682.  1.258141E-15
1683.  1.252565E-15
1684.  1.246981E-15
1685.  1.241391E-15
1686.  1.235794E-15
1687.  1.230193E-15
1688.  1.224587E-15
1689.  1.218976E-15
1690.  1.213362E-15
1691.  1.207746E-15
1692.  1.202127E-15
1693.  1.196506E-15
1694.  1.190884E-15
1695.  1.185262E-15
1696.  1.179640E-15
1697.  1.174019E-15
1698.  1.168399E-15
1699.  1.162781E-15
1700.  1.157166E-15
1701.  1.151554E-15
1702.  1.145946E-15
1703.  1.140342E-15
1704.  1.134744E-15
1705.  1.129151E-15
1706.  1.123564E-15
1707.  1.117984E-15
1708.  1.112411E-15
1709.  1.106847E-15
1710.  1.101291E-15
1711.  1.095744E-15
1712.  1.090208E-15
1713.  1.084681E-15
1714.  1.079166E-15
1715.  1.073662E-15
1716.  1.068170E-15
1717.  1.062691E-15
1718.  1.057226E-15
1719.  1.051774E-15
1720.  1.046337E-15
1721.  1.040915E-15
1722.  1.035509E-15
1723.  1.030118E-15
1724.  1.024745E-15
1725.  1.019389E-15
1726.  1.014050E-15
1727.  1.008730E-15
1728.  1.003429E-15
1729.  9.981479E-16
1730.  9.928862E-16
1731.  9.876455E-16
1732.  9.824257E-16
1733.  9.772276E-16
1734.  9.720517E-16
1735.  9.668986E-16
1736.  9.617686E-16
1737.  9.566625E-16
1738.  9.515805E-16
1739.  9.465233E-16
1740.  9.414914E-16
1741.  9.364853E-16
1742.  9.315054E-16
1743.  9.265524E-16
1744.  9.216264E-16
1745.  9.167283E-16
1746.  9.118583E-16
1747.  9.070171E-16
1748.  9.022049E-16
1749.  8.974225E-16
1750.  8.926699E-16
1751.  8.879479E-16
1752.  8.832571E-16
1753.  8.785974E-16
1754.  8.739698E-16
1755.  8.693743E-16
1756.  8.648115E-16
1757.  8.602819E-16
1758.  8.557858E-16
1759.  8.513237E-16
1760.  8.468960E-16
1761.  8.425030E-16
1762.  8.381452E-16
1763.  8.338228E-16
1764.  8.295366E-16
1765.  8.252865E-16
1766.  8.210731E-16
1767.  8.168969E-16
1768.  8.127580E-16
1769.  8.086569E-16
1770.  8.045939E-16
1771.  8.005693E-16
1772.  7.965837E-16
1773.  7.926371E-16
1774.  7.887299E-16
1775.  7.848624E-16
1776.  7.810353E-16
1777.  7.772483E-16
1778.  7.735021E-16
1779.  7.697971E-16
1780.  7.661329E-16
1781.  7.625108E-16
1782.  7.589303E-16
1783.  7.553920E-16
1784.  7.518958E-16
1785.  7.484426E-16
1786.  7.450321E-16
1787.  7.416646E-16
1788.  7.383408E-16
1789.  7.350604E-16
1790.  7.318239E-16
1791.  7.286314E-16
1792.  7.254831E-16
1793.  7.223793E-16
1794.  7.193203E-16
1795.  7.163060E-16
1796.  7.133368E-16
1797.  7.104128E-16
1798.  7.075344E-16
1799.  7.047013E-16
1800.  7.019140E-16
1801.  6.991727E-16
1802.  6.964772E-16
1803.  6.938280E-16
1804.  6.912253E-16
1805.  6.886688E-16
1806.  6.861589E-16
1807.  6.836956E-16
1808.  6.812791E-16
1809.  6.789095E-16
1810.  6.765869E-16
1811.  6.743113E-16
1812.  6.720829E-16
1813.  6.699017E-16
1814.  6.677678E-16
1815.  6.656812E-16
1816.  6.636421E-16
1817.  6.616504E-16
1818.  6.597061E-16
1819.  6.578093E-16
1820.  6.559602E-16
1821.  6.541586E-16
1822.  6.524046E-16
1823.  6.506982E-16
1824.  6.490394E-16
1825.  6.474282E-16
1826.  6.458646E-16
1827.  6.443486E-16
1828.  6.428801E-16
1829.  6.414592E-16
1830.  6.400857E-16
1831.  6.387597E-16
1832.  6.374810E-16
1833.  6.362498E-16
1834.  6.350658E-16
1835.  6.339289E-16
1836.  6.328391E-16
1837.  6.317966E-16
1838.  6.308009E-16
1839.  6.298521E-16
1840.  6.289501E-16
1841.  6.280946E-16
1842.  6.272859E-16
1843.  6.265235E-16
1844.  6.258073E-16
1845.  6.251375E-16
1846.  6.245136E-16
1847.  6.239357E-16
1848.  6.234035E-16
1849.  6.229170E-16
1850.  6.224758E-16
1851.  6.220800E-16
1852.  6.217293E-16
1853.  6.214236E-16
1854.  6.211623E-16
1855.  6.209459E-16
1856.  6.207737E-16
1857.  6.206457E-16
1858.  6.205616E-16
1859.  6.205214E-16
1860.  6.205245E-16
1861.  6.205711E-16
1862.  6.206606E-16
1863.  6.207931E-16
1864.  6.209681E-16
1865.  6.211855E-16
1866.  6.214450E-16
1867.  6.217463E-16
1868.  6.220893E-16
1869.  6.224734E-16
1870.  6.228988E-16
1871.  6.233649E-16
1872.  6.238714E-16
1873.  6.244181E-16
1874.  6.250049E-16
1875.  6.256311E-16
1876.  6.262968E-16
1877.  6.270014E-16
1878.  6.277448E-16
1879.  6.285266E-16
1880.  6.293464E-16
1881.  6.302038E-16
1882.  6.310988E-16
1883.  6.320309E-16
1884.  6.329997E-16
1885.  6.340049E-16
1886.  6.350461E-16
1887.  6.361232E-16
1888.  6.372354E-16
1889.  6.383827E-16
1890.  6.395647E-16
1891.  6.407808E-16
1892.  6.420310E-16
1893.  6.433145E-16
1894.  6.446313E-16
1895.  6.459808E-16
1896.  6.473626E-16
1897.  6.487764E-16
1898.  6.502218E-16
1899.  6.516984E-16
1900.  6.532058E-16
1901.  6.547435E-16
1902.  6.563113E-16
1903.  6.579086E-16
1904.  6.595350E-16
1905.  6.611901E-16
1906.  6.628736E-16
1907.  6.645850E-16
1908.  6.663238E-16
1909.  6.680896E-16
1910.  6.698820E-16
1911.  6.717007E-16
1912.  6.735450E-16
1913.  6.754146E-16
1914.  6.773092E-16
1915.  6.792281E-16
1916.  6.811709E-16
1917.  6.831373E-16
1918.  6.851266E-16
1919.  6.871387E-16
1920.  6.891729E-16
1921.  6.912288E-16
1922.  6.933059E-16
1923.  6.954037E-16
1924.  6.975220E-16
1925.  6.996600E-16
1926.  7.018174E-16
1927.  7.039938E-16
1928.  7.061886E-16
1929.  7.084013E-16
1930.  7.106316E-16
1931.  7.128789E-16
1932.  7.151428E-16
1933.  7.174228E-16
1934.  7.197183E-16
1935.  7.220291E-16
1936.  7.243545E-16
1937.  7.266941E-16
1938.  7.290474E-16
1939.  7.314139E-16
1940.  7.337932E-16
1941.  7.361848E-16
1942.  7.385882E-16
1943.  7.410028E-16
1944.  7.434285E-16
1945.  7.458644E-16
1946.  7.483102E-16
1947.  7.507654E-16
1948.  7.532296E-16
1949.  7.557021E-16
1950.  7.581827E-16
1951.  7.606710E-16
1952.  7.631661E-16
1953.  7.656678E-16
1954.  7.681756E-16
1955.  7.706890E-16
1956.  7.732076E-16
1957.  7.757308E-16
1958.  7.782582E-16
1959.  7.807895E-16
1960.  7.833239E-16
1961.  7.858612E-16
1962.  7.884007E-16
1963.  7.909423E-16
1964.  7.934853E-16
1965.  7.960292E-16
1966.  7.985736E-16
1967.  8.011181E-16
1968.  8.036623E-16
1969.  8.062054E-16
1970.  8.087476E-16
1971.  8.112879E-16
1972.  8.138260E-16
1973.  8.163616E-16
1974.  8.188941E-16
1975.  8.214232E-16
1976.  8.239483E-16
1977.  8.264692E-16
1978.  8.289853E-16
1979.  8.314961E-16
1980.  8.340016E-16
1981.  8.365008E-16
1982.  8.389938E-16
1983.  8.414800E-16
1984.  8.439589E-16
1985.  8.464302E-16
1986.  8.488933E-16
1987.  8.513484E-16
1988.  8.537943E-16
1989.  8.562312E-16
1990.  8.586586E-16
1991.  8.610760E-16
1992.  8.634831E-16
1993.  8.658795E-16
1994.  8.682649E-16
1995.  8.706389E-16
1996.  8.730012E-16
1997.  8.753514E-16
1998.  8.776891E-16
1999.  8.800141E-16
2000.  8.823260E-16
2001.  8.846243E-16
2002.  8.869088E-16
2003.  8.891794E-16
2004.  8.914354E-16
2005.  8.936767E-16
2006.  8.959031E-16
2007.  8.981140E-16
2008.  9.003096E-16
2009.  9.024889E-16
2010.  9.046524E-16
2011.  9.067992E-16
2012.  9.089292E-16
2013.  9.110424E-16
2014.  9.131382E-16
2015.  9.152165E-16
2016.  9.172771E-16
2017.  9.193194E-16
2018.  9.213438E-16
2019.  9.233496E-16
2020.  9.253365E-16
2021.  9.273048E-16
2022.  9.292536E-16
2023.  9.311832E-16
2024.  9.330934E-16
2025.  9.349837E-16
2026.  9.368540E-16
2027.  9.387044E-16
2028.  9.405344E-16
2029.  9.423438E-16
2030.  9.441328E-16
2031.  9.459009E-16
2032.  9.476481E-16
2033.  9.493740E-16
2034.  9.510791E-16
2035.  9.527626E-16
2036.  9.544247E-16
2037.  9.560651E-16
2038.  9.576839E-16
2039.  9.592808E-16
2040.  9.608560E-16
2041.  9.624091E-16
2042.  9.639401E-16
2043.  9.654490E-16
2044.  9.669358E-16
2045.  9.684001E-16
2046.  9.698421E-16
2047.  9.712619E-16
2048.  9.726592E-16
2049.  9.740339E-16
2050.  9.753862E-16
2051.  9.767158E-16
2052.  9.780231E-16
2053.  9.793078E-16
2054.  9.805700E-16
2055.  9.818092E-16
2056.  9.830266E-16
2057.  9.842209E-16
2058.  9.853930E-16
2059.  9.865425E-16
2060.  9.876696E-16
2061.  9.887744E-16
2062.  9.898568E-16
2063.  9.909168E-16
2064.  9.919549E-16
2065.  9.929707E-16
2066.  9.939644E-16
2067.  9.949361E-16
2068.  9.958859E-16
2069.  9.968140E-16
2070.  9.977203E-16
2071.  9.986053E-16
2072.  9.994686E-16
2073.  1.000310E-15
2074.  1.001131E-15
2075.  1.001931E-15
2076.  1.002710E-15
2077.  1.003467E-15
2078.  1.004205E-15
2079.  1.004922E-15
2080.  1.005618E-15
2081.  1.006294E-15
2082.  1.006951E-15
2083.  1.007587E-15
2084.  1.008204E-15
2085.  1.008802E-15
2086.  1.009380E-15
2087.  1.009939E-15
2088.  1.010480E-15
2089.  1.011002E-15
2090.  1.011505E-15
2091.  1.011990E-15
2092.  1.012458E-15
2093.  1.012908E-15
2094.  1.013340E-15
2095.  1.013755E-15
2096.  1.014153E-15
2097.  1.014535E-15
2098.  1.014900E-15
2099.  1.015249E-15
2100.  1.015582E-15
2101.  1.015899E-15
2102.  1.016201E-15
2103.  1.016488E-15
2104.  1.016760E-15
2105.  1.017018E-15
2106.  1.017261E-15
2107.  1.017491E-15
2108.  1.017707E-15
2109.  1.017909E-15
2110.  1.018099E-15
2111.  1.018276E-15
2112.  1.018441E-15
2113.  1.018593E-15
2114.  1.018734E-15
2115.  1.018863E-15
2116.  1.018982E-15
2117.  1.019089E-15
2118.  1.019187E-15
2119.  1.019273E-15
2120.  1.019351E-15
2121.  1.019419E-15
2122.  1.019477E-15
2123.  1.019528E-15
2124.  1.019569E-15
2125.  1.019603E-15
2126.  1.019629E-15
2127.  1.019648E-15
2128.  1.019659E-15
2129.  1.019664E-15
2130.  1.019663E-15
2131.  1.019656E-15
2132.  1.019643E-15
2133.  1.019625E-15
2134.  1.019602E-15
2135.  1.019575E-15
2136.  1.019544E-15
2137.  1.019508E-15
2138.  1.019470E-15
2139.  1.019428E-15
2140.  1.019383E-15
2141.  1.019337E-15
2142.  1.019288E-15
2143.  1.019238E-15
2144.  1.019186E-15
2145.  1.019134E-15
2146.  1.019080E-15
2147.  1.019027E-15
2148.  1.018974E-15
2149.  1.018922E-15
2150.  1.018870E-15
2151.  1.018819E-15
2152.  1.018771E-15
2153.  1.018723E-15
2154.  1.018679E-15
2155.  1.018637E-15
2156.  1.018598E-15
2157.  1.018562E-15
2158.  1.018529E-15
2159.  1.018501E-15
2160.  1.018477E-15
2161.  1.018458E-15
2162.  1.018443E-15
2163.  1.018434E-15
2164.  1.018431E-15
2165.  1.018433E-15
2166.  1.018442E-15
2167.  1.018457E-15
2168.  1.018479E-15
2169.  1.018508E-15
2170.  1.018545E-15
2171.  1.018590E-15
2172.  1.018642E-15
2173.  1.018703E-15
2174.  1.018773E-15
2175.  1.018851E-15
2176.  1.018939E-15
2177.  1.019037E-15
2178.  1.019143E-15
2179.  1.019260E-15
2180.  1.019388E-15
2181.  1.019526E-15
2182.  1.019674E-15
2183.  1.019834E-15
2184.  1.020005E-15
2185.  1.020187E-15
2186.  1.020381E-15
2187.  1.020587E-15
2188.  1.020806E-15
2189.  1.021037E-15
2190.  1.021280E-15
2191.  1.021537E-15
2192.  1.021806E-15
2193.  1.022088E-15
2194.  1.022384E-15
2195.  1.022694E-15
2196.  1.023017E-15
2197.  1.023354E-15
2198.  1.023705E-15
2199.  1.024071E-15
2200.  1.024451E-15
2201.  1.024845E-15
2202.  1.025255E-15
2203.  1.025679E-15
2204.  1.026118E-15
2205.  1.026572E-15
2206.  1.027041E-15
2207.  1.027526E-15
2208.  1.028026E-15
2209.  1.028542E-15
2210.  1.029073E-15
2211.  1.029619E-15
2212.  1.030182E-15
2213.  1.030761E-15
2214.  1.031355E-15
2215.  1.031965E-15
2216.  1.032591E-15
2217.  1.033233E-15
2218.  1.033892E-15
2219.  1.034566E-15
2220.  1.035257E-15
2221.  1.035963E-15
2222.  1.036686E-15
2223.  1.037425E-15
2224.  1.038180E-15
2225.  1.038951E-15
2226.  1.039739E-15
2227.  1.040542E-15
2228.  1.041362E-15
2229.  1.042197E-15
2230.  1.043049E-15
2231.  1.043916E-15
2232.  1.044799E-15
2233.  1.045698E-15
2234.  1.046613E-15
2235.  1.047544E-15
2236.  1.048490E-15
2237.  1.049451E-15
2238.  1.050428E-15
2239.  1.051420E-15
2240.  1.052427E-15
2241.  1.053450E-15
2242.  1.054487E-15
2243.  1.055539E-15
2244.  1.056606E-15
2245.  1.057687E-15
2246.  1.058783E-15
2247.  1.059893E-15
2248.  1.061016E-15
2249.  1.062154E-15
2250.  1.063306E-15
2251.  1.064471E-15
2252.  1.065649E-15
2253.  1.066840E-15
2254.  1.068045E-15
2255.  1.069262E-15
2256.  1.070492E-15
2257.  1.071734E-15
2258.  1.072988E-15
2259.  1.074254E-15
2260.  1.075532E-15
2261.  1.076822E-15
2262.  1.078122E-15
2263.  1.079433E-15
2264.  1.080755E-15
2265.  1.082088E-15
2266.  1.083431E-15
2267.  1.084783E-15
2268.  1.086145E-15
2269.  1.087517E-15
2270.  1.088898E-15
2271.  1.090287E-15
2272.  1.091685E-15
2273.  1.093092E-15
2274.  1.094506E-15
2275.  1.095928E-15
2276.  1.097357E-15
2277.  1.098794E-15
2278.  1.100237E-15
2279.  1.101686E-15
2280.  1.103141E-15
2281.  1.104603E-15
2282.  1.106069E-15
2283.  1.107541E-15
2284.  1.109017E-15
2285.  1.110499E-15
2286.  1.111983E-15
2287.  1.113472E-15
2288.  1.114965E-15
2289.  1.116460E-15
2290.  1.117958E-15
2291.  1.119458E-15
2292.  1.120961E-15
2293.  1.122465E-15
2294.  1.123970E-15
2295.  1.125476E-15
2296.  1.126983E-15
2297.  1.128490E-15
2298.  1.129997E-15
2299.  1.131503E-15
2300.  1.133009E-15
2301.  1.134513E-15
2302.  1.136015E-15
2303.  1.137515E-15
2304.  1.139013E-15
2305.  1.140508E-15
2306.  1.142000E-15
2307.  1.143489E-15
2308.  1.144974E-15
2309.  1.146454E-15
2310.  1.147929E-15
2311.  1.149399E-15
2312.  1.150865E-15
2313.  1.152324E-15
2314.  1.153777E-15
2315.  1.155223E-15
2316.  1.156662E-15
2317.  1.158094E-15
2318.  1.159518E-15
2319.  1.160934E-15
2320.  1.162342E-15
2321.  1.163740E-15
2322.  1.165130E-15
2323.  1.166509E-15
2324.  1.167879E-15
2325.  1.169238E-15
2326.  1.170586E-15
2327.  1.171923E-15
2328.  1.173249E-15
2329.  1.174563E-15
2330.  1.175864E-15
2331.  1.177153E-15
2332.  1.178428E-15
2333.  1.179691E-15
2334.  1.180939E-15
2335.  1.182173E-15
2336.  1.183393E-15
2337.  1.184598E-15
2338.  1.185788E-15
2339.  1.186962E-15
2340.  1.188120E-15
2341.  1.189262E-15
2342.  1.190387E-15
2343.  1.191495E-15
2344.  1.192586E-15
2345.  1.193659E-15
2346.  1.194714E-15
2347.  1.195750E-15
2348.  1.196768E-15
2349.  1.197767E-15
2350.  1.198747E-15
2351.  1.199707E-15
2352.  1.200647E-15
2353.  1.201566E-15
2354.  1.202465E-15
2355.  1.203343E-15
2356.  1.204200E-15
2357.  1.205035E-15
2358.  1.205848E-15
2359.  1.206639E-15
2360.  1.207408E-15
2361.  1.208154E-15
2362.  1.208877E-15
2363.  1.209576E-15
2364.  1.210252E-15
2365.  1.210904E-15
2366.  1.211531E-15
2367.  1.212135E-15
2368.  1.212713E-15
2369.  1.213267E-15
2370.  1.213796E-15
2371.  1.214299E-15
2372.  1.214776E-15
2373.  1.215227E-15
2374.  1.215653E-15
2375.  1.216051E-15
2376.  1.216423E-15
2377.  1.216769E-15
2378.  1.217087E-15
2379.  1.217378E-15
2380.  1.217641E-15
2381.  1.217876E-15
2382.  1.218084E-15
2383.  1.218264E-15
2384.  1.218415E-15
2385.  1.218538E-15
2386.  1.218632E-15
2387.  1.218697E-15
2388.  1.218733E-15
2389.  1.218740E-15
2390.  1.218717E-15
2391.  1.218665E-15
2392.  1.218584E-15
2393.  1.218472E-15
2394.  1.218331E-15
2395.  1.218159E-15
2396.  1.217958E-15
2397.  1.217726E-15
2398.  1.217463E-15
2399.  1.217170E-15
2400.  1.216846E-15
2401.  1.216492E-15
2402.  1.216106E-15
2403.  1.215690E-15
2404.  1.215242E-15
2405.  1.214763E-15
2406.  1.214253E-15
2407.  1.213712E-15
2408.  1.213139E-15
2409.  1.212535E-15
2410.  1.211899E-15
2411.  1.211232E-15
2412.  1.210533E-15
2413.  1.209803E-15
2414.  1.209040E-15
2415.  1.208246E-15
2416.  1.207421E-15
2417.  1.206563E-15
2418.  1.205674E-15
2419.  1.204753E-15
2420.  1.203800E-15
2421.  1.202815E-15
2422.  1.201799E-15
2423.  1.200751E-15
2424.  1.199671E-15
2425.  1.198559E-15
2426.  1.197416E-15
2427.  1.196240E-15
2428.  1.195034E-15
2429.  1.193795E-15
2430.  1.192525E-15
2431.  1.191224E-15
2432.  1.189891E-15
2433.  1.188527E-15
2434.  1.187131E-15
2435.  1.185704E-15
2436.  1.184246E-15
2437.  1.182757E-15
2438.  1.181237E-15
2439.  1.179686E-15
2440.  1.178104E-15
2441.  1.176491E-15
2442.  1.174848E-15
2443.  1.173175E-15
2444.  1.171471E-15
2445.  1.169737E-15
2446.  1.167972E-15
2447.  1.166178E-15
2448.  1.164354E-15
2449.  1.162500E-15
2450.  1.160616E-15
2451.  1.158703E-15
2452.  1.156761E-15
2453.  1.154790E-15
2454.  1.152789E-15
2455.  1.150760E-15
2456.  1.148703E-15
2457.  1.146616E-15
2458.  1.144502E-15
2459.  1.142359E-15
2460.  1.140189E-15
2461.  1.137991E-15
2462.  1.135765E-15
2463.  1.133512E-15
2464.  1.131232E-15
2465.  1.128925E-15
2466.  1.126591E-15
2467.  1.124231E-15
2468.  1.121845E-15
2469.  1.119432E-15
2470.  1.116993E-15
2471.  1.114529E-15
2472.  1.112040E-15
2473.  1.109526E-15
2474.  1.106986E-15
2475.  1.104422E-15
2476.  1.101833E-15
2477.  1.099221E-15
2478.  1.096584E-15
2479.  1.093924E-15
2480.  1.091240E-15
2481.  1.088533E-15
2482.  1.085803E-15
2483.  1.083050E-15
2484.  1.080275E-15
2485.  1.077478E-15
2486.  1.074659E-15
2487.  1.071819E-15
2488.  1.068957E-15
2489.  1.066074E-15
2490.  1.063171E-15
2491.  1.060246E-15
2492.  1.057302E-15
2493.  1.054338E-15
2494.  1.051354E-15
2495.  1.048351E-15
2496.  1.045329E-15
2497.  1.042288E-15
2498.  1.039228E-15
2499.  1.036150E-15
2500.  1.033055E-15
2501.  1.029942E-15
2502.  1.026811E-15
2503.  1.023664E-15
2504.  1.020499E-15
2505.  1.017319E-15
2506.  1.014122E-15
2507.  1.010910E-15
2508.  1.007682E-15
2509.  1.004438E-15
2510.  1.001180E-15
2511.  9.979076E-16
2512.  9.946206E-16
2513.  9.913197E-16
2514.  9.880051E-16
2515.  9.846771E-16
2516.  9.813360E-16
2517.  9.779819E-16
2518.  9.746159E-16
2519.  9.712372E-16
2520.  9.678471E-16
2521.  9.644451E-16
2522.  9.610319E-16
2523.  9.576078E-16
2524.  9.541731E-16
2525.  9.507280E-16
2526.  9.472729E-16
2527.  9.438080E-16
2528.  9.403338E-16
2529.  9.368504E-16
2530.  9.333581E-16
2531.  9.298573E-16
2532.  9.263484E-16
2533.  9.228314E-16
2534.  9.193067E-16
2535.  9.157745E-16
2536.  9.122356E-16
2537.  9.086897E-16
2538.  9.051373E-16
2539.  9.015789E-16
2540.  8.980144E-16
2541.  8.944441E-16
2542.  8.908686E-16
2543.  8.872881E-16
2544.  8.837028E-16
2545.  8.801129E-16
2546.  8.765188E-16
2547.  8.729206E-16
2548.  8.693188E-16
2549.  8.657136E-16
2550.  8.621053E-16
2551.  8.584941E-16
2552.  8.548802E-16
2553.  8.512639E-16
2554.  8.476455E-16
2555.  8.440252E-16
2556.  8.404035E-16
2557.  8.367804E-16
2558.  8.331560E-16
2559.  8.295309E-16
2560.  8.259051E-16
2561.  8.222790E-16
2562.  8.186528E-16
2563.  8.150266E-16
2564.  8.114009E-16
2565.  8.077755E-16
2566.  8.041512E-16
2567.  8.005276E-16
2568.  7.969055E-16
2569.  7.932849E-16
2570.  7.896658E-16
2571.  7.860487E-16
2572.  7.824337E-16
2573.  7.788211E-16
2574.  7.752109E-16
2575.  7.716034E-16
2576.  7.679989E-16
2577.  7.643976E-16
2578.  7.607995E-16
2579.  7.572050E-16
2580.  7.536142E-16
2581.  7.500272E-16
2582.  7.464443E-16
2583.  7.428657E-16
2584.  7.392914E-16
2585.  7.357218E-16
2586.  7.321569E-16
2587.  7.285969E-16
2588.  7.250420E-16
2589.  7.214924E-16
2590.  7.179482E-16
2591.  7.144095E-16
2592.  7.108766E-16
2593.  7.073496E-16
2594.  7.038284E-16
2595.  7.003136E-16
2596.  6.968049E-16
2597.  6.933028E-16
2598.  6.898072E-16
2599.  6.863181E-16
2600.  6.828361E-16
2601.  6.793610E-16
2602.  6.758929E-16
2603.  6.724319E-16
2604.  6.689783E-16
2605.  6.655321E-16
2606.  6.620934E-16
2607.  6.586622E-16
2608.  6.552389E-16
2609.  6.518234E-16
2610.  6.484159E-16
2611.  6.450163E-16
2612.  6.416249E-16
2613.  6.382417E-16
2614.  6.348668E-16
2615.  6.315003E-16
2616.  6.281423E-16
2617.  6.247928E-16
2618.  6.214519E-16
2619.  6.181198E-16
2620.  6.147963E-16
2621.  6.114818E-16
2622.  6.081761E-16
2623.  6.048794E-16
2624.  6.015917E-16
2625.  5.983132E-16
2626.  5.950439E-16
2627.  5.917836E-16
2628.  5.885327E-16
2629.  5.852912E-16
2630.  5.820590E-16
2631.  5.788361E-16
2632.  5.756227E-16
2633.  5.724188E-16
2634.  5.692246E-16
2635.  5.660399E-16
2636.  5.628647E-16
2637.  5.596994E-16
2638.  5.565436E-16
2639.  5.533975E-16
2640.  5.502611E-16
2641.  5.471347E-16
2642.  5.440180E-16
2643.  5.409111E-16
2644.  5.378141E-16
2645.  5.347268E-16
2646.  5.316497E-16
2647.  5.285823E-16
2648.  5.255250E-16
2649.  5.224774E-16
2650.  5.194399E-16
2651.  5.164124E-16
2652.  5.133948E-16
2653.  5.103873E-16
2654.  5.073898E-16
2655.  5.044023E-16
2656.  5.014248E-16
2657.  4.984574E-16
2658.  4.955000E-16
2659.  4.925525E-16
2660.  4.896153E-16
2661.  4.866881E-16
2662.  4.837708E-16
2663.  4.808636E-16
2664.  4.779666E-16
2665.  4.750794E-16
2666.  4.722025E-16
2667.  4.693356E-16
2668.  4.664786E-16
2669.  4.636318E-16
2670.  4.607950E-16
2671.  4.579683E-16
2672.  4.551515E-16
2673.  4.523447E-16
2674.  4.495481E-16
2675.  4.467613E-16
2676.  4.439847E-16
2677.  4.412181E-16
2678.  4.384615E-16
2679.  4.357148E-16
2680.  4.329781E-16
2681.  4.302514E-16
2682.  4.275347E-16
2683.  4.248279E-16
2684.  4.221310E-16
2685.  4.194442E-16
2686.  4.167673E-16
2687.  4.141003E-16
2688.  4.114431E-16
2689.  4.087961E-16
2690.  4.061588E-16
2691.  4.035315E-16
2692.  4.009141E-16
2693.  3.983065E-16
2694.  3.957086E-16
2695.  3.931209E-16
2696.  3.905430E-16
2697.  3.879748E-16
2698.  3.854166E-16
2699.  3.828682E-16
2700.  3.803295E-16
2701.  3.778007E-16
2702.  3.752819E-16
2703.  3.727726E-16
2704.  3.702733E-16
2705.  3.677838E-16
2706.  3.653041E-16
2707.  3.628341E-16
2708.  3.603739E-16
2709.  3.579236E-16
2710.  3.554829E-16
2711.  3.530521E-16
2712.  3.506311E-16
2713.  3.482199E-16
2714.  3.458182E-16
2715.  3.434265E-16
2716.  3.410445E-16
2717.  3.386722E-16
2718.  3.363098E-16
2719.  3.339570E-16
2720.  3.316141E-16
2721.  3.292808E-16
2722.  3.269573E-16
2723.  3.246436E-16
2724.  3.223397E-16
2725.  3.200454E-16
2726.  3.177609E-16
2727.  3.154862E-16
2728.  3.132213E-16
2729.  3.109661E-16
2730.  3.087206E-16
2731.  3.064849E-16
2732.  3.042591E-16
2733.  3.020429E-16
2734.  2.998366E-16
2735.  2.976400E-16
2736.  2.954532E-16
2737.  2.932761E-16
2738.  2.911089E-16
2739.  2.889514E-16
2740.  2.868037E-16
2741.  2.846659E-16
2742.  2.825380E-16
2743.  2.804196E-16
2744.  2.783112E-16
2745.  2.762125E-16
2746.  2.741237E-16
2747.  2.720448E-16
2748.  2.699757E-16
2749.  2.679164E-16
2750.  2.658670E-16
2751.  2.638275E-16
2752.  2.617977E-16
2753.  2.597778E-16
2754.  2.577679E-16
2755.  2.557679E-16
2756.  2.537776E-16
2757.  2.517974E-16
2758.  2.498268E-16
2759.  2.478663E-16
2760.  2.459157E-16
2761.  2.439751E-16
2762.  2.420443E-16
2763.  2.401234E-16
2764.  2.382125E-16
2765.  2.363116E-16
2766.  2.344205E-16
2767.  2.325394E-16
2768.  2.306682E-16
2769.  2.288071E-16
2770.  2.269558E-16
2771.  2.251146E-16
2772.  2.232832E-16
2773.  2.214618E-16
2774.  2.196505E-16
2775.  2.178491E-16
2776.  2.160578E-16
2777.  2.142763E-16
2778.  2.125049E-16
2779.  2.107435E-16
2780.  2.089919E-16
2781.  2.072506E-16
2782.  2.055191E-16
2783.  2.037976E-16
2784.  2.020861E-16
2785.  2.003846E-16
2786.  1.986931E-16
2787.  1.970116E-16
2788.  1.953401E-16
2789.  1.936786E-16
2790.  1.920270E-16
2791.  1.903853E-16
2792.  1.887538E-16
2793.  1.871321E-16
2794.  1.855205E-16
2795.  1.839188E-16
2796.  1.823270E-16
2797.  1.807452E-16
2798.  1.791734E-16
2799.  1.776115E-16
2800.  1.760596E-16
2801.  1.745175E-16
2802.  1.729855E-16
2803.  1.714632E-16
2804.  1.699509E-16
2805.  1.684486E-16
2806.  1.669560E-16
2807.  1.654733E-16
2808.  1.640006E-16
2809.  1.625376E-16
2810.  1.610845E-16
2811.  1.596412E-16
2812.  1.582077E-16
2813.  1.567841E-16
2814.  1.553701E-16
2815.  1.539660E-16
2816.  1.525716E-16
2817.  1.511870E-16
2818.  1.498121E-16
2819.  1.484468E-16
2820.  1.470913E-16
2821.  1.457453E-16
2822.  1.444091E-16
2823.  1.430825E-16
2824.  1.417655E-16
2825.  1.404581E-16
2826.  1.391603E-16
2827.  1.378720E-16
2828.  1.365932E-16
2829.  1.353239E-16
2830.  1.340642E-16
2831.  1.328138E-16
2832.  1.315729E-16
2833.  1.303414E-16
2834.  1.291193E-16
2835.  1.279066E-16
2836.  1.267032E-16
2837.  1.255092E-16
2838.  1.243243E-16
2839.  1.231489E-16
2840.  1.219826E-16
2841.  1.208255E-16
2842.  1.196775E-16
2843.  1.185388E-16
2844.  1.174091E-16
2845.  1.162886E-16
2846.  1.151771E-16
2847.  1.140747E-16
2848.  1.129813E-16
2849.  1.118968E-16
2850.  1.108213E-16
2851.  1.097548E-16
2852.  1.086971E-16
2853.  1.076482E-16
2854.  1.066082E-16
2855.  1.055770E-16
2856.  1.045546E-16
2857.  1.035409E-16
2858.  1.025359E-16
2859.  1.015396E-16
2860.  1.005518E-16
2861.  9.957272E-17
2862.  9.860226E-17
2863.  9.764028E-17
2864.  9.668684E-17
2865.  9.574176E-17
2866.  9.480528E-17
2867.  9.387714E-17
2868.  9.295734E-17
2869.  9.204587E-17
2870.  9.114276E-17
2871.  9.024796E-17
2872.  8.936135E-17
2873.  8.848301E-17
2874.  8.761273E-17
2875.  8.675069E-17
2876.  8.589670E-17
2877.  8.505096E-17
2878.  8.421301E-17
2879.  8.338322E-17
2880.  8.256128E-17
2881.  8.174739E-17
2882.  8.094144E-17
2883.  8.014336E-17
2884.  7.935306E-17
2885.  7.857058E-17
2886.  7.779583E-17
2887.  7.702891E-17
2888.  7.626973E-17
2889.  7.551818E-17
2890.  7.477423E-17
2891.  7.403797E-17
2892.  7.330934E-17
2893.  7.258812E-17
2894.  7.187458E-17
2895.  7.116841E-17
2896.  7.046972E-17
2897.  6.977847E-17
2898.  6.909466E-17
2899.  6.841812E-17
2900.  6.774896E-17
2901.  6.708702E-17
2902.  6.643249E-17
2903.  6.578516E-17
2904.  6.514501E-17
2905.  6.451205E-17
2906.  6.388618E-17
2907.  6.326756E-17
2908.  6.265589E-17
2909.  6.205150E-17
2910.  6.145396E-17
2911.  6.086342E-17
2912.  6.027991E-17
2913.  5.970337E-17
2914.  5.913378E-17
2915.  5.857097E-17
2916.  5.801519E-17
2917.  5.746614E-17
2918.  5.692392E-17
2919.  5.638847E-17
2920.  5.585977E-17
2921.  5.533777E-17
2922.  5.482260E-17
2923.  5.431406E-17
2924.  5.381212E-17
2925.  5.331687E-17
2926.  5.282828E-17
2927.  5.234617E-17
2928.  5.187058E-17
2929.  5.140160E-17
2930.  5.093916E-17
2931.  5.048315E-17
2932.  5.003359E-17
2933.  4.959050E-17
2934.  4.915381E-17
2935.  4.872358E-17
2936.  4.829961E-17
2937.  4.788201E-17
2938.  4.747079E-17
2939.  4.706578E-17
2940.  4.666708E-17
2941.  4.627469E-17
2942.  4.588850E-17
2943.  4.550852E-17
2944.  4.513470E-17
2945.  4.476706E-17
2946.  4.440559E-17
2947.  4.405026E-17
2948.  4.370107E-17
2949.  4.335787E-17
2950.  4.302078E-17
2951.  4.268972E-17
2952.  4.236470E-17
2953.  4.204571E-17
2954.  4.173275E-17
2955.  4.142571E-17
2956.  4.112454E-17
2957.  4.082940E-17
2958.  4.054021E-17
2959.  4.025672E-17
2960.  3.997920E-17
2961.  3.970761E-17
2962.  3.944177E-17
2963.  3.918179E-17
2964.  3.892757E-17
2965.  3.867910E-17
2966.  3.843643E-17
2967.  3.819949E-17
2968.  3.796833E-17
2969.  3.774275E-17
2970.  3.752284E-17
2971.  3.730868E-17
2972.  3.710017E-17
2973.  3.689727E-17
2974.  3.669992E-17
2975.  3.650821E-17
2976.  3.632204E-17
2977.  3.614157E-17
2978.  3.596649E-17
2979.  3.579696E-17
2980.  3.563300E-17
2981.  3.547446E-17
2982.  3.532133E-17
2983.  3.517371E-17
2984.  3.503153E-17
2985.  3.489471E-17
2986.  3.476328E-17
2987.  3.463732E-17
2988.  3.451662E-17
2989.  3.440129E-17
2990.  3.429128E-17
2991.  3.418661E-17
2992.  3.408713E-17
2993.  3.399290E-17
2994.  3.390403E-17
2995.  3.382033E-17
2996.  3.374186E-17
2997.  3.366853E-17
2998.  3.360047E-17
2999.  3.353753E-17
3000.  3.347969E-17
3001.  3.342694E-17
3002.  3.337926E-17
3003.  3.333675E-17
3004.  3.329928E-17
3005.  3.326688E-17
3006.  3.323941E-17
3007.  3.321697E-17
3008.  3.319953E-17
3009.  3.318711E-17
3010.  3.317948E-17
3011.  3.317690E-17
3012.  3.317930E-17
3013.  3.318647E-17
3014.  3.319845E-17
3015.  3.321542E-17
3016.  3.323719E-17
3017.  3.326367E-17
3018.  3.329508E-17
3019.  3.333111E-17
3020.  3.337203E-17
3021.  3.341759E-17
3022.  3.346797E-17
3023.  3.352302E-17
3024.  3.358259E-17
3025.  3.364700E-17
3026.  3.371587E-17
3027.  3.378953E-17
3028.  3.386778E-17
3029.  3.395046E-17
3030.  3.403781E-17
3031.  3.412972E-17
3032.  3.422613E-17
3033.  3.432686E-17
3034.  3.443231E-17
3035.  3.454210E-17
3036.  3.465630E-17
3037.  3.477507E-17
3038.  3.489808E-17
3039.  3.502558E-17
3040.  3.515735E-17
3041.  3.529354E-17
3042.  3.543413E-17
3043.  3.557888E-17
3044.  3.572797E-17
3045.  3.588140E-17
3046.  3.603888E-17
3047.  3.620075E-17
3048.  3.636692E-17
3049.  3.653708E-17
3050.  3.671149E-17
3051.  3.689008E-17
3052.  3.707277E-17
3053.  3.725958E-17
3054.  3.745060E-17
3055.  3.764566E-17
3056.  3.784480E-17
3057.  3.804786E-17
3058.  3.825506E-17
3059.  3.846630E-17
3060.  3.868149E-17
3061.  3.890068E-17
3062.  3.912381E-17
3063.  3.935097E-17
3064.  3.958204E-17
3065.  3.981703E-17
3066.  4.005594E-17
3067.  4.029867E-17
3068.  4.054532E-17
3069.  4.079594E-17
3070.  4.105020E-17
3071.  4.130837E-17
3072.  4.157041E-17
3073.  4.183630E-17
3074.  4.210584E-17
3075.  4.237923E-17
3076.  4.265642E-17
3077.  4.293727E-17
3078.  4.322198E-17
3079.  4.351028E-17
3080.  4.380251E-17
3081.  4.409829E-17
3082.  4.439780E-17
3083.  4.470098E-17
3084.  4.500788E-17
3085.  4.531840E-17
3086.  4.563270E-17
3087.  4.595051E-17
3088.  4.627202E-17
3089.  4.659724E-17
3090.  4.692598E-17
3091.  4.725836E-17
3092.  4.759438E-17
3093.  4.793396E-17
3094.  4.827716E-17
3095.  4.862399E-17
3096.  4.897446E-17
3097.  4.932834E-17
3098.  4.968593E-17
3099.  5.004705E-17
3100.  5.041179E-17
3101.  5.078010E-17
3102.  5.115188E-17
3103.  5.152736E-17
3104.  5.190631E-17
3105.  5.228890E-17
3106.  5.267495E-17
3107.  5.306460E-17
3108.  5.345788E-17
3109.  5.385470E-17
3110.  5.425500E-17
3111.  5.465887E-17
3112.  5.506635E-17
3113.  5.547748E-17
3114.  5.589210E-17
3115.  5.631031E-17
3116.  5.673206E-17
3117.  5.715745E-17
3118.  5.758645E-17
3119.  5.801897E-17
3120.  5.845511E-17
3121.  5.889486E-17
3122.  5.933827E-17
3123.  5.978527E-17
3124.  6.023589E-17
3125.  6.069011E-17
3126.  6.114806E-17
3127.  6.160956E-17
3128.  6.207476E-17
3129.  6.254368E-17
3130.  6.301619E-17
3131.  6.349252E-17
3132.  6.397247E-17
3133.  6.445611E-17
3134.  6.494350E-17
3135.  6.543458E-17
3136.  6.592952E-17
3137.  6.642812E-17
3138.  6.693055E-17
3139.  6.743677E-17
3140.  6.794678E-17
3141.  6.846062E-17
3142.  6.897827E-17
3143.  6.949973E-17
3144.  7.002516E-17
3145.  7.055434E-17
3146.  7.108751E-17
3147.  7.162463E-17
3148.  7.216554E-17
3149.  7.271041E-17
3150.  7.325933E-17
3151.  7.381218E-17
3152.  7.436902E-17
3153.  7.492987E-17
3154.  7.549472E-17
3155.  7.606368E-17
3156.  7.663670E-17
3157.  7.721367E-17
3158.  7.779489E-17
3159.  7.838026E-17
3160.  7.896966E-17
3161.  7.956326E-17
3162.  8.016101E-17
3163.  8.076302E-17
3164.  8.136919E-17
3165.  8.197962E-17
3166.  8.259430E-17
3167.  8.321327E-17
3168.  8.383648E-17
3169.  8.446405E-17
3170.  8.509593E-17
3171.  8.573218E-17
3172.  8.637278E-17
3173.  8.701781E-17
3174.  8.766717E-17
3175.  8.832096E-17
3176.  8.897925E-17
3177.  8.964195E-17
3178.  9.030916E-17
3179.  9.098090E-17
3180.  9.165708E-17
3181.  9.233789E-17
3182.  9.302320E-17
3183.  9.371311E-17
3184.  9.440752E-17
3185.  9.510657E-17
3186.  9.581025E-17
3187.  9.651864E-17
3188.  9.723155E-17
3189.  9.794916E-17
3190.  9.867155E-17
3191.  9.939848E-17
3192.  1.001302E-16
3193.  1.008666E-16
3194.  1.016078E-16
3195.  1.023537E-16
3196.  1.031043E-16
3197.  1.038598E-16
3198.  1.046200E-16
3199.  1.053850E-16
3200.  1.061547E-16
3201.  1.069293E-16
3202.  1.077087E-16
3203.  1.084930E-16
3204.  1.092821E-16
3205.  1.100759E-16
3206.  1.108746E-16
3207.  1.116782E-16
3208.  1.124867E-16
3209.  1.132999E-16
3210.  1.141180E-16
3211.  1.149410E-16
3212.  1.157689E-16
3213.  1.166015E-16
3214.  1.174391E-16
3215.  1.182814E-16
3216.  1.191286E-16
3217.  1.199807E-16
3218.  1.208375E-16
3219.  1.216994E-16
3220.  1.225659E-16
3221.  1.234373E-16
3222.  1.243135E-16
3223.  1.251944E-16
3224.  1.260802E-16
3225.  1.269705E-16
3226.  1.278658E-16
3227.  1.287658E-16
3228.  1.296706E-16
3229.  1.305799E-16
3230.  1.314941E-16
3231.  1.324128E-16
3232.  1.333362E-16
3233.  1.342643E-16
3234.  1.351969E-16
3235.  1.361341E-16
3236.  1.370759E-16
3237.  1.380221E-16
3238.  1.389729E-16
3239.  1.399281E-16
3240.  1.408877E-16
3241.  1.418517E-16
3242.  1.428201E-16
3243.  1.437929E-16
3244.  1.447699E-16
3245.  1.457512E-16
3246.  1.467366E-16
3247.  1.477263E-16
3248.  1.487200E-16
3249.  1.497178E-16
3250.  1.507197E-16
3251.  1.517256E-16
3252.  1.527353E-16
3253.  1.537490E-16
3254.  1.547666E-16
3255.  1.557879E-16
3256.  1.568129E-16
3257.  1.578415E-16
3258.  1.588738E-16
3259.  1.599097E-16
3260.  1.609491E-16
3261.  1.619919E-16
3262.  1.630381E-16
3263.  1.640875E-16
3264.  1.651401E-16
3265.  1.661959E-16
3266.  1.672549E-16
3267.  1.683168E-16
3268.  1.693818E-16
3269.  1.704496E-16
3270.  1.715201E-16
3271.  1.725934E-16
3272.  1.736694E-16
3273.  1.747479E-16
3274.  1.758289E-16
3275.  1.769122E-16
3276.  1.779979E-16
3277.  1.790858E-16
3278.  1.801759E-16
3279.  1.812679E-16
3280.  1.823620E-16
3281.  1.834579E-16
3282.  1.845555E-16
3283.  1.856548E-16
3284.  1.867558E-16
3285.  1.878581E-16
3286.  1.889618E-16
3287.  1.900668E-16
3288.  1.911730E-16
3289.  1.922802E-16
3290.  1.933884E-16
3291.  1.944975E-16
3292.  1.956072E-16
3293.  1.967176E-16
3294.  1.978286E-16
3295.  1.989399E-16
3296.  2.000515E-16
3297.  2.011634E-16
3298.  2.022751E-16
3299.  2.033871E-16
3300.  2.044987E-16
3301.  2.056101E-16
3302.  2.067210E-16
3303.  2.078313E-16
3304.  2.089412E-16
3305.  2.100501E-16
3306.  2.111581E-16
3307.  2.122651E-16
3308.  2.133709E-16
3309.  2.144755E-16
3310.  2.155786E-16
3311.  2.166802E-16
3312.  2.177801E-16
3313.  2.188781E-16
3314.  2.199742E-16
3315.  2.210683E-16
3316.  2.221601E-16
3317.  2.232495E-16
3318.  2.243365E-16
3319.  2.254209E-16
3320.  2.265024E-16
3321.  2.275811E-16
3322.  2.286567E-16
3323.  2.297292E-16
3324.  2.307983E-16
3325.  2.318639E-16
3326.  2.329259E-16
3327.  2.339842E-16
3328.  2.350386E-16
3329.  2.360889E-16
3330.  2.371351E-16
3331.  2.381770E-16
3332.  2.392144E-16
3333.  2.402472E-16
3334.  2.412751E-16
3335.  2.422983E-16
3336.  2.433165E-16
3337.  2.443293E-16
3338.  2.453369E-16
3339.  2.463391E-16
3340.  2.473354E-16
3341.  2.483262E-16
3342.  2.493110E-16
3343.  2.502896E-16
3344.  2.512622E-16
3345.  2.522284E-16
3346.  2.531879E-16
3347.  2.541411E-16
3348.  2.550874E-16
3349.  2.560267E-16
3350.  2.569590E-16
3351.  2.578841E-16
3352.  2.588018E-16
3353.  2.597120E-16
3354.  2.606146E-16
3355.  2.615094E-16
3356.  2.623962E-16
3357.  2.632752E-16
3358.  2.641457E-16
3359.  2.650080E-16
3360.  2.658619E-16
3361.  2.667071E-16
3362.  2.675436E-16
3363.  2.683712E-16
3364.  2.691899E-16
3365.  2.699992E-16
3366.  2.707995E-16
3367.  2.715902E-16
3368.  2.723715E-16
3369.  2.731430E-16
3370.  2.739047E-16
3371.  2.746566E-16
3372.  2.753983E-16
3373.  2.761300E-16
3374.  2.768513E-16
3375.  2.775622E-16
3376.  2.782624E-16
3377.  2.789521E-16
3378.  2.796310E-16
3379.  2.802991E-16
3380.  2.809560E-16
3381.  2.816020E-16
3382.  2.822366E-16
3383.  2.828600E-16
3384.  2.834719E-16
3385.  2.840721E-16
3386.  2.846607E-16
3387.  2.852376E-16
3388.  2.858026E-16
3389.  2.863556E-16
3390.  2.868964E-16
3391.  2.874252E-16
3392.  2.879418E-16
3393.  2.884459E-16
3394.  2.889377E-16
3395.  2.894169E-16
3396.  2.898834E-16
3397.  2.903373E-16
3398.  2.907783E-16
3399.  2.912065E-16
3400.  2.916218E-16
3401.  2.920240E-16
3402.  2.924131E-16
3403.  2.927891E-16
3404.  2.931518E-16
3405.  2.935012E-16
3406.  2.938371E-16
3407.  2.941597E-16
3408.  2.944688E-16
3409.  2.947643E-16
3410.  2.950462E-16
3411.  2.953144E-16
3412.  2.955689E-16
3413.  2.958097E-16
3414.  2.960366E-16
3415.  2.962495E-16
3416.  2.964486E-16
3417.  2.966337E-16
3418.  2.968049E-16
3419.  2.969620E-16
3420.  2.971051E-16
3421.  2.972340E-16
3422.  2.973489E-16
3423.  2.974495E-16
3424.  2.975361E-16
3425.  2.976084E-16
3426.  2.976664E-16
3427.  2.977103E-16
3428.  2.977400E-16
3429.  2.977554E-16
3430.  2.977565E-16
3431.  2.977433E-16
3432.  2.977159E-16
3433.  2.976741E-16
3434.  2.976180E-16
3435.  2.975479E-16
3436.  2.974633E-16
3437.  2.973644E-16
3438.  2.972513E-16
3439.  2.971242E-16
3440.  2.969825E-16
3441.  2.968269E-16
3442.  2.966569E-16
3443.  2.964729E-16
3444.  2.962747E-16
3445.  2.960623E-16
3446.  2.958359E-16
3447.  2.955955E-16
3448.  2.953411E-16
3449.  2.950726E-16
3450.  2.947903E-16
3451.  2.944940E-16
3452.  2.941838E-16
3453.  2.938599E-16
3454.  2.935222E-16
3455.  2.931709E-16
3456.  2.928058E-16
3457.  2.924273E-16
3458.  2.920350E-16
3459.  2.916294E-16
3460.  2.912104E-16
3461.  2.907779E-16
3462.  2.903323E-16
3463.  2.898734E-16
3464.  2.894013E-16
3465.  2.889162E-16
3466.  2.884181E-16
3467.  2.879071E-16
3468.  2.873831E-16
3469.  2.868464E-16
3470.  2.862973E-16
3471.  2.857352E-16
3472.  2.851608E-16
3473.  2.845740E-16
3474.  2.839748E-16
3475.  2.833634E-16
3476.  2.827398E-16
3477.  2.821043E-16
3478.  2.814567E-16
3479.  2.807973E-16
3480.  2.801262E-16
3481.  2.794433E-16
3482.  2.787490E-16
3483.  2.780433E-16
3484.  2.773261E-16
3485.  2.765978E-16
3486.  2.758584E-16
3487.  2.751080E-16
3488.  2.743466E-16
3489.  2.735745E-16
3490.  2.727918E-16
3491.  2.719985E-16
3492.  2.711949E-16
3493.  2.703808E-16
3494.  2.695566E-16
3495.  2.687224E-16
3496.  2.678782E-16
3497.  2.670242E-16
3498.  2.661605E-16
3499.  2.652874E-16
3500.  2.644048E-16
3501.  2.635128E-16
3502.  2.626116E-16
3503.  2.617016E-16
3504.  2.607825E-16
3505.  2.598545E-16
3506.  2.589181E-16
3507.  2.579731E-16
3508.  2.570198E-16
3509.  2.560582E-16
3510.  2.550885E-16
3511.  2.541108E-16
3512.  2.531254E-16
3513.  2.521322E-16
3514.  2.511313E-16
3515.  2.501232E-16
3516.  2.491078E-16
3517.  2.480852E-16
3518.  2.470557E-16
3519.  2.460193E-16
3520.  2.449760E-16
3521.  2.439264E-16
3522.  2.428702E-16
3523.  2.418078E-16
3524.  2.407393E-16
3525.  2.396647E-16
3526.  2.385840E-16
3527.  2.374979E-16
3528.  2.364062E-16
3529.  2.353089E-16
3530.  2.342064E-16
3531.  2.330988E-16
3532.  2.319860E-16
3533.  2.308685E-16
3534.  2.297462E-16
3535.  2.286192E-16
3536.  2.274879E-16
3537.  2.263522E-16
3538.  2.252125E-16
3539.  2.240686E-16
3540.  2.229208E-16
3541.  2.217693E-16
3542.  2.206143E-16
3543.  2.194556E-16
3544.  2.182937E-16
3545.  2.171286E-16
3546.  2.159604E-16
3547.  2.147894E-16
3548.  2.136154E-16
3549.  2.124390E-16
3550.  2.112599E-16
3551.  2.100785E-16
3552.  2.088949E-16
3553.  2.077091E-16
3554.  2.065213E-16
3555.  2.053318E-16
3556.  2.041405E-16
3557.  2.029476E-16
3558.  2.017532E-16
3559.  2.005575E-16
3560.  1.993607E-16
3561.  1.981627E-16
3562.  1.969637E-16
3563.  1.957641E-16
3564.  1.945636E-16
3565.  1.933626E-16
3566.  1.921612E-16
3567.  1.909595E-16
3568.  1.897575E-16
3569.  1.885554E-16
3570.  1.873534E-16
3571.  1.861515E-16
3572.  1.849498E-16
3573.  1.837487E-16
3574.  1.825479E-16
3575.  1.813478E-16
3576.  1.801484E-16
3577.  1.789498E-16
3578.  1.777521E-16
3579.  1.765556E-16
3580.  1.753602E-16
3581.  1.741660E-16
3582.  1.729732E-16
3583.  1.717819E-16
3584.  1.705921E-16
3585.  1.694041E-16
3586.  1.682178E-16
3587.  1.670334E-16
3588.  1.658511E-16
3589.  1.646707E-16
3590.  1.634925E-16
3591.  1.623166E-16
3592.  1.611432E-16
3593.  1.599721E-16
3594.  1.588035E-16
3595.  1.576376E-16
3596.  1.564745E-16
3597.  1.553141E-16
3598.  1.541567E-16
3599.  1.530021E-16
3600.  1.518508E-16
3601.  1.507025E-16
3602.  1.495574E-16
3603.  1.484158E-16
3604.  1.472774E-16
3605.  1.461425E-16
3606.  1.450111E-16
3607.  1.438834E-16
3608.  1.427594E-16
3609.  1.416389E-16
3610.  1.405225E-16
3611.  1.394099E-16
3612.  1.383013E-16
3613.  1.371967E-16
3614.  1.360962E-16
3615.  1.349999E-16
3616.  1.339077E-16
3617.  1.328198E-16
3618.  1.317363E-16
3619.  1.306572E-16
3620.  1.295826E-16
3621.  1.285124E-16
3622.  1.274468E-16
3623.  1.263858E-16
3624.  1.253295E-16
3625.  1.242780E-16
3626.  1.232312E-16
3627.  1.221892E-16
3628.  1.211521E-16
3629.  1.201199E-16
3630.  1.190927E-16
3631.  1.180705E-16
3632.  1.170533E-16
3633.  1.160412E-16
3634.  1.150342E-16
3635.  1.140324E-16
3636.  1.130358E-16
3637.  1.120445E-16
3638.  1.110584E-16
3639.  1.100776E-16
3640.  1.091021E-16
3641.  1.081321E-16
3642.  1.071673E-16
3643.  1.062081E-16
3644.  1.052544E-16
3645.  1.043060E-16
3646.  1.033632E-16
3647.  1.024259E-16
3648.  1.014942E-16
3649.  1.005680E-16
3650.  9.964746E-17
3651.  9.873261E-17
3652.  9.782328E-17
3653.  9.691971E-17
3654.  9.602164E-17
3655.  9.512934E-17
3656.  9.424280E-17
3657.  9.336193E-17
3658.  9.248686E-17
3659.  9.161753E-17
3660.  9.075384E-17
3661.  8.989597E-17
3662.  8.904395E-17
3663.  8.819755E-17
3664.  8.735696E-17
3665.  8.652220E-17
3666.  8.569328E-17
3667.  8.487011E-17
3668.  8.405275E-17
3669.  8.324113E-17
3670.  8.243539E-17
3671.  8.163547E-17
3672.  8.084129E-17
3673.  8.005285E-17
3674.  7.927029E-17
3675.  7.849354E-17
3676.  7.772250E-17
3677.  7.695735E-17
3678.  7.619788E-17
3679.  7.544420E-17
3680.  7.469634E-17
3681.  7.395413E-17
3682.  7.321769E-17
3683.  7.248709E-17
3684.  7.176215E-17
3685.  7.104296E-17
3686.  7.032932E-17
3687.  6.962147E-17
3688.  6.891936E-17
3689.  6.822272E-17
3690.  6.753185E-17
3691.  6.684668E-17
3692.  6.616694E-17
3693.  6.549292E-17
3694.  6.482444E-17
3695.  6.416159E-17
3696.  6.350414E-17
3697.  6.285220E-17
3698.  6.220590E-17
3699.  6.156498E-17
3700.  6.092950E-17
3701.  6.029952E-17
3702.  5.967485E-17
3703.  5.905568E-17
3704.  5.844183E-17
3705.  5.783334E-17
3706.  5.723015E-17
3707.  5.663223E-17
3708.  5.603955E-17
3709.  5.545211E-17
3710.  5.486990E-17
3711.  5.429289E-17
3712.  5.372094E-17
3713.  5.315423E-17
3714.  5.259264E-17
3715.  5.203600E-17
3716.  5.148455E-17
3717.  5.093798E-17
3718.  5.039633E-17
3719.  4.985978E-17
3720.  4.932808E-17
3721.  4.880124E-17
3722.  4.827938E-17
3723.  4.776225E-17
3724.  4.724990E-17
3725.  4.674234E-17
3726.  4.623956E-17
3727.  4.574135E-17
3728.  4.524786E-17
3729.  4.475902E-17
3730.  4.427479E-17
3731.  4.379511E-17
3732.  4.331987E-17
3733.  4.284917E-17
3734.  4.238300E-17
3735.  4.192114E-17
3736.  4.146373E-17
3737.  4.101065E-17
3738.  4.056187E-17
3739.  4.011741E-17
3740.  3.967721E-17
3741.  3.924118E-17
3742.  3.880937E-17
3743.  3.838158E-17
3744.  3.795804E-17
3745.  3.753848E-17
3746.  3.712298E-17
3747.  3.671143E-17
3748.  3.630396E-17
3749.  3.590024E-17
3750.  3.550049E-17
3751.  3.510460E-17
3752.  3.471256E-17
3753.  3.432418E-17
3754.  3.393962E-17
3755.  3.355876E-17
3756.  3.318152E-17
3757.  3.280800E-17
3758.  3.243809E-17
3759.  3.207164E-17
3760.  3.170875E-17
3761.  3.134928E-17
3762.  3.099338E-17
3763.  3.064087E-17
3764.  3.029168E-17
3765.  2.994588E-17
3766.  2.960338E-17
3767.  2.926411E-17
3768.  2.892807E-17
3769.  2.859532E-17
3770.  2.826567E-17
3771.  2.793924E-17
3772.  2.761583E-17
3773.  2.729549E-17
3774.  2.697823E-17
3775.  2.666400E-17
3776.  2.635265E-17
3777.  2.604415E-17
3778.  2.573865E-17
3779.  2.543608E-17
3780.  2.513629E-17
3781.  2.483930E-17
3782.  2.454497E-17
3783.  2.425338E-17
3784.  2.396462E-17
3785.  2.367849E-17
3786.  2.339498E-17
3787.  2.311405E-17
3788.  2.283577E-17
3789.  2.256006E-17
3790.  2.228677E-17
3791.  2.201595E-17
3792.  2.174764E-17
3793.  2.148178E-17
3794.  2.121829E-17
3795.  2.095718E-17
3796.  2.069838E-17
3797.  2.044187E-17
3798.  2.018773E-17
3799.  1.993581E-17
3800.  1.968613E-17
3801.  1.943866E-17
3802.  1.919337E-17
3803.  1.895024E-17
3804.  1.870916E-17
3805.  1.847036E-17
3806.  1.823345E-17
3807.  1.799873E-17
3808.  1.776593E-17
3809.  1.753519E-17
3810.  1.730647E-17
3811.  1.707973E-17
3812.  1.685487E-17
3813.  1.663195E-17
3814.  1.641091E-17
3815.  1.619177E-17
3816.  1.597449E-17
3817.  1.575895E-17
3818.  1.554531E-17
3819.  1.533346E-17
3820.  1.512341E-17
3821.  1.491505E-17
3822.  1.470854E-17
3823.  1.450379E-17
3824.  1.430055E-17
3825.  1.409911E-17
3826.  1.389940E-17
3827.  1.370124E-17
3828.  1.350487E-17
3829.  1.330998E-17
3830.  1.311677E-17
3831.  1.292517E-17
3832.  1.273520E-17
3833.  1.254672E-17
3834.  1.235979E-17
3835.  1.217446E-17
3836.  1.199066E-17
3837.  1.180849E-17
3838.  1.162768E-17
3839.  1.144847E-17
3840.  1.127073E-17
3841.  1.109448E-17
3842.  1.091974E-17
3843.  1.074641E-17
3844.  1.057464E-17
3845.  1.040426E-17
3846.  1.023534E-17
3847.  1.006787E-17
3848.  9.901871E-18
3849.  9.737257E-18
3850.  9.574123E-18
3851.  9.412339E-18
3852.  9.251990E-18
3853.  9.093096E-18
3854.  8.935657E-18
3855.  8.779515E-18
3856.  8.624848E-18
3857.  8.471586E-18
3858.  8.319704E-18
3859.  8.169277E-18
3860.  8.020274E-18
3861.  7.872635E-18
3862.  7.726328E-18
3863.  7.581550E-18
3864.  7.438132E-18
3865.  7.296084E-18
3866.  7.155471E-18
3867.  7.016301E-18
3868.  6.878510E-18
3869.  6.742136E-18
3870.  6.607263E-18
3871.  6.473759E-18
3872.  6.341708E-18
3873.  6.211042E-18
3874.  6.081860E-18
3875.  5.954123E-18
3876.  5.827855E-18
3877.  5.703070E-18
3878.  5.579733E-18
3879.  5.457875E-18
3880.  5.337502E-18
3881.  5.218608E-18
3882.  5.101232E-18
3883.  4.985382E-18
3884.  4.871012E-18
3885.  4.758231E-18
3886.  4.647029E-18
3887.  4.537377E-18
3888.  4.429184E-18
3889.  4.322622E-18
3890.  4.217662E-18
3891.  4.114322E-18
3892.  4.012505E-18
3893.  3.912362E-18
3894.  3.813858E-18
3895.  3.717042E-18
3896.  3.621868E-18
3897.  3.528346E-18
3898.  3.436443E-18
3899.  3.346442E-18
3900.  3.258047E-18
3901.  3.171448E-18
3902.  3.086528E-18
3903.  3.003355E-18
3904.  2.921996E-18
3905.  2.842398E-18
3906.  2.764680E-18
3907.  2.688780E-18
3908.  2.614768E-18
3909.  2.542568E-18
3910.  2.472203E-18
3911.  2.403749E-18
3912.  2.337341E-18
3913.  2.272725E-18
3914.  2.210079E-18
3915.  2.149478E-18
3916.  2.090867E-18
3917.  2.034161E-18
3918.  1.979618E-18
3919.  1.927011E-18
3920.  1.876518E-18
3921.  1.828070E-18
3922.  1.781738E-18
3923.  1.737499E-18
3924.  1.695428E-18
3925.  1.655515E-18
3926.  1.617755E-18
3927.  1.582215E-18
3928.  1.548897E-18
3929.  1.517833E-18
3930.  1.488906E-18
3931.  1.462391E-18
3932.  1.438098E-18
3933.  1.416217E-18
3934.  1.396539E-18
3935.  1.379203E-18
3936.  1.364368E-18
3937.  1.351872E-18
3938.  1.341763E-18
3939.  1.334057E-18
3940.  1.328903E-18
3941.  1.326237E-18
3942.  1.325887E-18
3943.  1.328117E-18
3944.  1.332953E-18
3945.  1.340209E-18
3946.  1.350138E-18
3947.  1.362669E-18
3948.  1.377742E-18
3949.  1.395421E-18
3950.  1.415843E-18
3951.  1.438821E-18
3952.  1.464494E-18
3953.  1.492914E-18
3954.  1.524033E-18
3955.  1.557845E-18
3956.  1.594438E-18
3957.  1.633851E-18
3958.  1.675952E-18
3959.  1.720887E-18
3960.  1.768653E-18
3961.  1.819254E-18
3962.  1.872731E-18
3963.  1.929020E-18
3964.  1.988249E-18
3965.  2.050350E-18
3966.  2.115365E-18
3967.  2.183344E-18
3968.  2.254198E-18
3969.  2.328082E-18
3970.  2.404947E-18
3971.  2.484736E-18
3972.  2.567584E-18
3973.  2.653397E-18
3974.  2.742209E-18
3975.  2.834105E-18
3976.  2.929059E-18
3977.  3.027077E-18
3978.  3.128159E-18
3979.  3.232381E-18
3980.  3.339637E-18
3981.  3.449992E-18
3982.  3.563594E-18
3983.  3.680150E-18
3984.  3.799899E-18
3985.  3.922838E-18
3986.  4.048934E-18
3987.  4.178148E-18
3988.  4.310587E-18
3989.  4.446159E-18
3990.  4.584943E-18
3991.  4.726887E-18
3992.  4.872112E-18
3993.  5.020446E-18
3994.  5.171948E-18
3995.  5.326784E-18
3996.  5.484779E-18
3997.  5.646022E-18
3998.  5.810485E-18
3999.  5.978147E-18
4000.  6.149096E-18
4001.  6.323212E-18
4002.  6.500696E-18
4003.  6.681280E-18
4004.  6.865177E-18
4005.  7.052235E-18
4006.  7.242588E-18
4007.  7.436133E-18
4008.  7.633050E-18
4009.  7.833043E-18
4010.  8.036285E-18
4011.  8.242883E-18
4012.  8.452625E-18
4013.  8.665641E-18
4014.  8.881829E-18
4015.  9.101290E-18
4016.  9.323919E-18
4017.  9.549780E-18
4018.  9.778877E-18
4019.  1.001113E-17
4020.  1.024662E-17
4021.  1.048523E-17
4022.  1.072707E-17
4023.  1.097209E-17
4024.  1.122027E-17
4025.  1.147160E-17
4026.  1.172609E-17
4027.  1.198368E-17
4028.  1.224450E-17
4029.  1.250842E-17
4030.  1.277538E-17
4031.  1.304543E-17
4032.  1.331866E-17
4033.  1.359493E-17
4034.  1.387429E-17
4035.  1.415666E-17
4036.  1.444220E-17
4037.  1.473069E-17
4038.  1.502207E-17
4039.  1.531665E-17
4040.  1.561417E-17
4041.  1.591459E-17
4042.  1.621810E-17
4043.  1.652451E-17
4044.  1.683387E-17
4045.  1.714616E-17
4046.  1.746146E-17
4047.  1.777948E-17
4048.  1.810046E-17
4049.  1.842427E-17
4050.  1.875091E-17
4051.  1.908051E-17
4052.  1.941292E-17
4053.  1.974799E-17
4054.  2.008593E-17
4055.  2.042670E-17
4056.  2.077017E-17
4057.  2.111631E-17
4058.  2.146527E-17
4059.  2.181687E-17
4060.  2.217108E-17
4061.  2.252817E-17
4062.  2.288777E-17
4063.  2.325007E-17
4064.  2.361486E-17
4065.  2.398245E-17
4066.  2.435254E-17
4067.  2.472514E-17
4068.  2.510032E-17
4069.  2.547810E-17
4070.  2.585825E-17
4071.  2.624105E-17
4072.  2.662633E-17
4073.  2.701390E-17
4074.  2.740401E-17
4075.  2.779660E-17
4076.  2.819152E-17
4077.  2.858892E-17
4078.  2.898869E-17
4079.  2.939086E-17
4080.  2.979532E-17
4081.  3.020203E-17
4082.  3.061121E-17
4083.  3.102263E-17
4084.  3.143629E-17
4085.  3.185227E-17
4086.  3.227044E-17
4087.  3.269097E-17
4088.  3.311367E-17
4089.  3.353860E-17
4090.  3.396572E-17
4091.  3.439501E-17
4092.  3.482645E-17
4093.  3.526011E-17
4094.  3.569580E-17
4095.  3.613370E-17
4096.  3.657371E-17
4097.  3.701581E-17
4098.  3.746010E-17
4099.  3.790639E-17
4100.  3.835477E-17
4101.  3.880525E-17
4102.  3.925774E-17
4103.  3.971226E-17
4104.  4.016890E-17
4105.  4.062751E-17
4106.  4.108813E-17
4107.  4.155079E-17
4108.  4.201540E-17
4109.  4.248206E-17
4110.  4.295073E-17
4111.  4.342129E-17
4112.  4.389391E-17
4113.  4.436850E-17
4114.  4.484499E-17
4115.  4.532347E-17
4116.  4.580400E-17
4117.  4.628628E-17
4118.  4.677068E-17
4119.  4.725699E-17
4120.  4.774522E-17
4121.  4.823537E-17
4122.  4.872754E-17
4123.  4.922160E-17
4124.  4.971760E-17
4125.  5.021555E-17
4126.  5.071540E-17
4127.  5.121725E-17
4128.  5.172097E-17
4129.  5.222668E-17
4130.  5.273431E-17
4131.  5.324391E-17
4132.  5.375550E-17
4133.  5.426895E-17
4134.  5.478435E-17
4135.  5.530171E-17
4136.  5.582107E-17
4137.  5.634243E-17
4138.  5.686577E-17
4139.  5.739105E-17
4140.  5.791827E-17
4141.  5.844758E-17
4142.  5.897890E-17
4143.  5.951219E-17
4144.  6.004744E-17
4145.  6.058479E-17
4146.  6.112413E-17
4147.  6.166548E-17
4148.  6.220888E-17
4149.  6.275429E-17
4150.  6.330190E-17
4151.  6.385149E-17
4152.  6.440322E-17
4153.  6.495700E-17
4154.  6.551292E-17
4155.  6.607089E-17
4156.  6.663104E-17
4157.  6.719331E-17
4158.  6.775774E-17
4159.  6.832431E-17
4160.  6.889306E-17
4161.  6.946387E-17
4162.  7.003703E-17
4163.  7.061239E-17
4164.  7.118988E-17
4165.  7.176967E-17
4166.  7.235158E-17
4167.  7.293585E-17
4168.  7.352234E-17
4169.  7.411106E-17
4170.  7.470207E-17
4171.  7.529552E-17
4172.  7.589115E-17
4173.  7.648903E-17
4174.  7.708932E-17
4175.  7.769193E-17
4176.  7.829693E-17
4177.  7.890424E-17
4178.  7.951395E-17
4179.  8.012602E-17
4180.  8.074052E-17
4181.  8.135731E-17
4182.  8.197655E-17
4183.  8.259826E-17
4184.  8.322231E-17
4185.  8.384885E-17
4186.  8.447776E-17
4187.  8.510924E-17
4188.  8.574305E-17
4189.  8.637936E-17
4190.  8.701808E-17
4191.  8.765928E-17
4192.  8.830302E-17
4193.  8.894919E-17
4194.  8.959789E-17
4195.  9.024911E-17
4196.  9.090265E-17
4197.  9.155877E-17
4198.  9.221732E-17
4199.  9.287842E-17
4200.  9.354196E-17
4201.  9.420800E-17
4202.  9.487652E-17
4203.  9.554755E-17
4204.  9.622100E-17
4205.  9.689692E-17
4206.  9.757533E-17
4207.  9.825617E-17
4208.  9.893946E-17
4209.  9.962520E-17
4210.  1.003134E-16
4211.  1.010040E-16
4212.  1.016968E-16
4213.  1.023923E-16
4214.  1.030901E-16
4215.  1.037902E-16
4216.  1.044927E-16
4217.  1.051975E-16
4218.  1.059046E-16
4219.  1.066141E-16
4220.  1.073257E-16
4221.  1.080397E-16
4222.  1.087559E-16
4223.  1.094743E-16
4224.  1.101948E-16
4225.  1.109175E-16
4226.  1.116424E-16
4227.  1.123694E-16
4228.  1.130985E-16
4229.  1.138296E-16
4230.  1.145626E-16
4231.  1.152977E-16
4232.  1.160347E-16
4233.  1.167735E-16
4234.  1.175143E-16
4235.  1.182569E-16
4236.  1.190013E-16
4237.  1.197474E-16
4238.  1.204951E-16
4239.  1.212446E-16
4240.  1.219957E-16
4241.  1.227483E-16
4242.  1.235024E-16
4243.  1.242580E-16
4244.  1.250150E-16
4245.  1.257734E-16
4246.  1.265330E-16
4247.  1.272939E-16
4248.  1.280559E-16
4249.  1.288191E-16
4250.  1.295834E-16
4251.  1.303486E-16
4252.  1.311148E-16
4253.  1.318819E-16
4254.  1.326498E-16
4255.  1.334184E-16
4256.  1.341877E-16
4257.  1.349575E-16
4258.  1.357280E-16
4259.  1.364989E-16
4260.  1.372701E-16
4261.  1.380416E-16
4262.  1.388133E-16
4263.  1.395853E-16
4264.  1.403573E-16
4265.  1.411292E-16
4266.  1.419010E-16
4267.  1.426728E-16
4268.  1.434442E-16
4269.  1.442152E-16
4270.  1.449859E-16
4271.  1.457560E-16
4272.  1.465254E-16
4273.  1.472941E-16
4274.  1.480620E-16
4275.  1.488291E-16
4276.  1.495951E-16
4277.  1.503600E-16
4278.  1.511238E-16
4279.  1.518862E-16
4280.  1.526472E-16
4281.  1.534067E-16
4282.  1.541647E-16
4283.  1.549210E-16
4284.  1.556754E-16
4285.  1.564279E-16
4286.  1.571785E-16
4287.  1.579269E-16
4288.  1.586730E-16
4289.  1.594168E-16
4290.  1.601581E-16
4291.  1.608970E-16
4292.  1.616331E-16
4293.  1.623665E-16
4294.  1.630968E-16
4295.  1.638243E-16
4296.  1.645486E-16
4297.  1.652696E-16
4298.  1.659873E-16
4299.  1.667015E-16
4300.  1.674122E-16
4301.  1.681192E-16
4302.  1.688222E-16
4303.  1.695213E-16
4304.  1.702164E-16
4305.  1.709074E-16
4306.  1.715939E-16
4307.  1.722762E-16
4308.  1.729538E-16
4309.  1.736268E-16
4310.  1.742950E-16
4311.  1.749583E-16
4312.  1.756167E-16
4313.  1.762698E-16
4314.  1.769177E-16
4315.  1.775602E-16
4316.  1.781971E-16
4317.  1.788286E-16
4318.  1.794541E-16
4319.  1.800740E-16
4320.  1.806878E-16
4321.  1.812955E-16
4322.  1.818969E-16
4323.  1.824921E-16
4324.  1.830808E-16
4325.  1.836629E-16
4326.  1.842383E-16
4327.  1.848068E-16
4328.  1.853685E-16
4329.  1.859231E-16
4330.  1.864705E-16
4331.  1.870107E-16
4332.  1.875434E-16
4333.  1.880688E-16
4334.  1.885864E-16
4335.  1.890964E-16
4336.  1.895984E-16
4337.  1.900926E-16
4338.  1.905786E-16
4339.  1.910566E-16
4340.  1.915262E-16
4341.  1.919875E-16
4342.  1.924403E-16
4343.  1.928844E-16
4344.  1.933200E-16
4345.  1.937466E-16
4346.  1.941644E-16
4347.  1.945732E-16
4348.  1.949729E-16
4349.  1.953634E-16
4350.  1.957446E-16
4351.  1.961164E-16
4352.  1.964787E-16
4353.  1.968316E-16
4354.  1.971747E-16
4355.  1.975081E-16
4356.  1.978317E-16
4357.  1.981453E-16
4358.  1.984489E-16
4359.  1.987425E-16
4360.  1.990260E-16
4361.  1.992991E-16
4362.  1.995620E-16
4363.  1.998145E-16
4364.  2.000565E-16
4365.  2.002880E-16
4366.  2.005088E-16
4367.  2.007190E-16
4368.  2.009185E-16
4369.  2.011071E-16
4370.  2.012849E-16
4371.  2.014519E-16
4372.  2.016078E-16
4373.  2.017526E-16
4374.  2.018864E-16
4375.  2.020090E-16
4376.  2.021205E-16
4377.  2.022208E-16
4378.  2.023097E-16
4379.  2.023873E-16
4380.  2.024535E-16
4381.  2.025085E-16
4382.  2.025518E-16
4383.  2.025837E-16
4384.  2.026042E-16
4385.  2.026131E-16
4386.  2.026104E-16
4387.  2.025962E-16
4388.  2.025703E-16
4389.  2.025329E-16
4390.  2.024837E-16
4391.  2.024228E-16
4392.  2.023504E-16
4393.  2.022661E-16
4394.  2.021702E-16
4395.  2.020627E-16
4396.  2.019434E-16
4397.  2.018124E-16
4398.  2.016696E-16
4399.  2.015151E-16
4400.  2.013489E-16
4401.  2.011711E-16
4402.  2.009815E-16
4403.  2.007805E-16
4404.  2.005675E-16
4405.  2.003429E-16
4406.  2.001068E-16
4407.  1.998591E-16
4408.  1.995997E-16
4409.  1.993287E-16
4410.  1.990464E-16
4411.  1.987525E-16
4412.  1.984470E-16
4413.  1.981303E-16
4414.  1.978019E-16
4415.  1.974625E-16
4416.  1.971115E-16
4417.  1.967493E-16
4418.  1.963759E-16
4419.  1.959915E-16
4420.  1.955959E-16
4421.  1.951890E-16
4422.  1.947712E-16
4423.  1.943425E-16
4424.  1.939030E-16
4425.  1.934524E-16
4426.  1.929913E-16
4427.  1.925193E-16
4428.  1.920368E-16
4429.  1.915437E-16
4430.  1.910401E-16
4431.  1.905260E-16
4432.  1.900017E-16
4433.  1.894670E-16
4434.  1.889222E-16
4435.  1.883673E-16
4436.  1.878022E-16
4437.  1.872274E-16
4438.  1.866427E-16
4439.  1.860481E-16
4440.  1.854440E-16
4441.  1.848302E-16
4442.  1.842070E-16
4443.  1.835743E-16
4444.  1.829324E-16
4445.  1.822813E-16
4446.  1.816211E-16
4447.  1.809519E-16
4448.  1.802739E-16
4449.  1.795871E-16
4450.  1.788915E-16
4451.  1.781875E-16
4452.  1.774750E-16
4453.  1.767541E-16
4454.  1.760251E-16
4455.  1.752878E-16
4456.  1.745427E-16
4457.  1.737895E-16
4458.  1.730287E-16
4459.  1.722603E-16
4460.  1.714843E-16
4461.  1.707008E-16
4462.  1.699102E-16
4463.  1.691124E-16
4464.  1.683075E-16
4465.  1.674957E-16
4466.  1.666772E-16
4467.  1.658519E-16
4468.  1.650201E-16
4469.  1.641820E-16
4470.  1.633376E-16
4471.  1.624871E-16
4472.  1.616305E-16
4473.  1.607682E-16
4474.  1.598999E-16
4475.  1.590261E-16
4476.  1.581468E-16
4477.  1.572623E-16
4478.  1.563725E-16
4479.  1.554776E-16
4480.  1.545778E-16
4481.  1.536732E-16
4482.  1.527639E-16
4483.  1.518501E-16
4484.  1.509320E-16
4485.  1.500095E-16
4486.  1.490828E-16
4487.  1.481523E-16
4488.  1.472179E-16
4489.  1.462797E-16
4490.  1.453382E-16
4491.  1.443931E-16
4492.  1.434446E-16
4493.  1.424931E-16
4494.  1.415385E-16
4495.  1.405810E-16
4496.  1.396209E-16
4497.  1.386580E-16
4498.  1.376928E-16
4499.  1.367252E-16
4500.  1.357554E-16
