1.  3.914342E-18
2.  4.021607E-18
3.  4.131641E-18
4.  4.244250E-18
5.  4.359833E-18
6.  4.478106E-18
7.  4.599302E-18
8.  4.723480E-18
9.  4.850624E-18
10.  4.980895E-18
11.  5.114353E-18
12.  5.250995E-18
13.  5.390954E-18
14.  5.534331E-18
15.  5.680942E-18
16.  5.831160E-18
17.  5.984889E-18
18.  6.142226E-18
19.  6.303360E-18
20.  6.468224E-18
21.  6.636906E-18
22.  6.809696E-18
23.  6.986397E-18
24.  7.167125E-18
25.  7.352200E-18
26.  7.541420E-18
27.  7.735102E-18
28.  7.933011E-18
29.  8.135608E-18
30.  8.342808E-18
31.  8.554602E-18
32.  8.771225E-18
33.  8.992759E-18
34.  9.219354E-18
35.  9.450833E-18
36.  9.687592E-18
37.  9.929574E-18
38.  1.017685E-17
39.  1.042967E-17
40.  1.068806E-17
41.  1.095203E-17
42.  1.122178E-17
43.  1.149739E-17
44.  1.177907E-17
45.  1.206681E-17
46.  1.236077E-17
47.  1.266082E-17
48.  1.296746E-17
49.  1.328063E-17
50.  1.360048E-17
51.  1.392699E-17
52.  1.426046E-17
53.  1.460086E-17
54.  1.494848E-17
55.  1.530333E-17
56.  1.566534E-17
57.  1.603508E-17
58.  1.641245E-17
59.  1.679745E-17
60.  1.719046E-17
61.  1.759140E-17
62.  1.800053E-17
63.  1.841781E-17
64.  1.884366E-17
65.  1.927800E-17
66.  1.972093E-17
67.  2.017279E-17
68.  2.063373E-17
69.  2.110363E-17
70.  2.158287E-17
71.  2.207144E-17
72.  2.256955E-17
73.  2.307747E-17
74.  2.359517E-17
75.  2.412292E-17
76.  2.466077E-17
77.  2.520895E-17
78.  2.576766E-17
79.  2.633695E-17
80.  2.691704E-17
81.  2.750805E-17
82.  2.811010E-17
83.  2.872358E-17
84.  2.934839E-17
85.  2.998482E-17
86.  3.063307E-17
87.  3.129312E-17
88.  3.196519E-17
89.  3.264979E-17
90.  3.334668E-17
91.  3.405625E-17
92.  3.477867E-17
93.  3.551391E-17
94.  3.626242E-17
95.  3.702407E-17
96.  3.779935E-17
97.  3.858832E-17
98.  3.939116E-17
99.  4.020799E-17
100.  4.103906E-17
101.  4.188451E-17
102.  4.274467E-17
103.  4.361943E-17
104.  4.450930E-17
105.  4.541431E-17
106.  4.633461E-17
107.  4.727057E-17
108.  4.822211E-17
109.  4.918965E-17
110.  5.017328E-17
111.  5.117325E-17
112.  5.218962E-17
113.  5.322274E-17
114.  5.427270E-17
115.  5.533985E-17
116.  5.642417E-17
117.  5.752595E-17
118.  5.864546E-17
119.  5.978283E-17
120.  6.093828E-17
121.  6.211197E-17
122.  6.330413E-17
123.  6.451494E-17
124.  6.574466E-17
125.  6.699334E-17
126.  6.826138E-17
127.  6.954883E-17
128.  7.085591E-17
129.  7.218293E-17
130.  7.352988E-17
131.  7.489726E-17
132.  7.628491E-17
133.  7.769326E-17
134.  7.912260E-17
135.  8.057286E-17
136.  8.204441E-17
137.  8.353753E-17
138.  8.505213E-17
139.  8.658857E-17
140.  8.814711E-17
141.  8.972791E-17
142.  9.133116E-17
143.  9.295697E-17
144.  9.460575E-17
145.  9.627729E-17
146.  9.797209E-17
147.  9.969045E-17
148.  1.014323E-16
149.  1.031979E-16
150.  1.049876E-16
151.  1.068013E-16
152.  1.086394E-16
153.  1.105020E-16
154.  1.123893E-16
155.  1.143016E-16
156.  1.162388E-16
157.  1.182014E-16
158.  1.201893E-16
159.  1.222029E-16
160.  1.242422E-16
161.  1.263075E-16
162.  1.283988E-16
163.  1.305166E-16
164.  1.326607E-16
165.  1.348313E-16
166.  1.370289E-16
167.  1.392533E-16
168.  1.415048E-16
169.  1.437837E-16
170.  1.460898E-16
171.  1.484235E-16
172.  1.507849E-16
173.  1.531742E-16
174.  1.555915E-16
175.  1.580368E-16
176.  1.605104E-16
177.  1.630124E-16
178.  1.655429E-16
179.  1.681021E-16
180.  1.706902E-16
181.  1.733070E-16
182.  1.759529E-16
183.  1.786279E-16
184.  1.813321E-16
185.  1.840657E-16
186.  1.868289E-16
187.  1.896214E-16
188.  1.924438E-16
189.  1.952957E-16
190.  1.981777E-16
191.  2.010895E-16
192.  2.040314E-16
193.  2.070033E-16
194.  2.100053E-16
195.  2.130376E-16
196.  2.161002E-16
197.  2.191931E-16
198.  2.223166E-16
199.  2.254705E-16
200.  2.286549E-16
201.  2.318699E-16
202.  2.351155E-16
203.  2.383918E-16
204.  2.416986E-16
205.  2.450363E-16
206.  2.484047E-16
207.  2.518037E-16
208.  2.552337E-16
209.  2.586943E-16
210.  2.621857E-16
211.  2.657078E-16
212.  2.692607E-16
213.  2.728445E-16
214.  2.764588E-16
215.  2.801039E-16
216.  2.837797E-16
217.  2.874862E-16
218.  2.912233E-16
219.  2.949908E-16
220.  2.987891E-16
221.  3.026176E-16
222.  3.064766E-16
223.  3.103660E-16
224.  3.142856E-16
225.  3.182354E-16
226.  3.222153E-16
227.  3.262253E-16
228.  3.302651E-16
229.  3.343348E-16
230.  3.384343E-16
231.  3.425633E-16
232.  3.467218E-16
233.  3.509099E-16
234.  3.551270E-16
235.  3.593734E-16
236.  3.636486E-16
237.  3.679529E-16
238.  3.722856E-16
239.  3.766469E-16
240.  3.810368E-16
241.  3.854546E-16
242.  3.899005E-16
243.  3.943744E-16
244.  3.988758E-16
245.  4.034048E-16
246.  4.079609E-16
247.  4.125442E-16
248.  4.171544E-16
249.  4.217912E-16
250.  4.264545E-16
251.  4.311439E-16
252.  4.358593E-16
253.  4.406003E-16
254.  4.453670E-16
255.  4.501589E-16
256.  4.549757E-16
257.  4.598173E-16
258.  4.646832E-16
259.  4.695735E-16
260.  4.744876E-16
261.  4.794253E-16
262.  4.843865E-16
263.  4.893705E-16
264.  4.943775E-16
265.  4.994068E-16
266.  5.044582E-16
267.  5.095314E-16
268.  5.146260E-16
269.  5.197420E-16
270.  5.248788E-16
271.  5.300360E-16
272.  5.352133E-16
273.  5.404104E-16
274.  5.456270E-16
275.  5.508626E-16
276.  5.561170E-16
277.  5.613897E-16
278.  5.666806E-16
279.  5.719889E-16
280.  5.773145E-16
281.  5.826570E-16
282.  5.880159E-16
283.  5.933909E-16
284.  5.987816E-16
285.  6.041873E-16
286.  6.096080E-16
287.  6.150432E-16
288.  6.204923E-16
289.  6.259551E-16
290.  6.314311E-16
291.  6.369198E-16
292.  6.424207E-16
293.  6.479336E-16
294.  6.534580E-16
295.  6.589932E-16
296.  6.645391E-16
297.  6.700951E-16
298.  6.756607E-16
299.  6.812355E-16
300.  6.868190E-16
301.  6.924108E-16
302.  6.980105E-16
303.  7.036172E-16
304.  7.092312E-16
305.  7.148513E-16
306.  7.204774E-16
307.  7.261090E-16
308.  7.317456E-16
309.  7.373865E-16
310.  7.430316E-16
311.  7.486801E-16
312.  7.543315E-16
313.  7.599856E-16
314.  7.656419E-16
315.  7.712995E-16
316.  7.769583E-16
317.  7.826175E-16
318.  7.882769E-16
319.  7.939358E-16
320.  7.995938E-16
321.  8.052503E-16
322.  8.109047E-16
323.  8.165569E-16
324.  8.222063E-16
325.  8.278520E-16
326.  8.334939E-16
327.  8.391312E-16
328.  8.447636E-16
329.  8.503907E-16
330.  8.560118E-16
331.  8.616263E-16
332.  8.672339E-16
333.  8.728340E-16
334.  8.784265E-16
335.  8.840102E-16
336.  8.895851E-16
337.  8.951503E-16
338.  9.007057E-16
339.  9.062507E-16
340.  9.117846E-16
341.  9.173072E-16
342.  9.228178E-16
343.  9.283161E-16
344.  9.338013E-16
345.  9.392734E-16
346.  9.447314E-16
347.  9.501749E-16
348.  9.556039E-16
349.  9.610173E-16
350.  9.664149E-16
351.  9.717962E-16
352.  9.771609E-16
353.  9.825082E-16
354.  9.878379E-16
355.  9.931495E-16
356.  9.984424E-16
357.  1.003716E-15
358.  1.008970E-15
359.  1.014205E-15
360.  1.019419E-15
361.  1.024612E-15
362.  1.029783E-15
363.  1.034933E-15
364.  1.040061E-15
365.  1.045166E-15
366.  1.050248E-15
367.  1.055307E-15
368.  1.060341E-15
369.  1.065352E-15
370.  1.070337E-15
371.  1.075298E-15
372.  1.080233E-15
373.  1.085142E-15
374.  1.090024E-15
375.  1.094880E-15
376.  1.099709E-15
377.  1.104510E-15
378.  1.109284E-15
379.  1.114029E-15
380.  1.118745E-15
381.  1.123433E-15
382.  1.128091E-15
383.  1.132719E-15
384.  1.137317E-15
385.  1.141886E-15
386.  1.146423E-15
387.  1.150929E-15
388.  1.155404E-15
389.  1.159846E-15
390.  1.164258E-15
391.  1.168636E-15
392.  1.172982E-15
393.  1.177295E-15
394.  1.181574E-15
395.  1.185821E-15
396.  1.190033E-15
397.  1.194211E-15
398.  1.198354E-15
399.  1.202463E-15
400.  1.206537E-15
401.  1.210576E-15
402.  1.214579E-15
403.  1.218546E-15
404.  1.222478E-15
405.  1.226373E-15
406.  1.230232E-15
407.  1.234054E-15
408.  1.237839E-15
409.  1.241587E-15
410.  1.245298E-15
411.  1.248971E-15
412.  1.252607E-15
413.  1.256204E-15
414.  1.259764E-15
415.  1.263285E-15
416.  1.266767E-15
417.  1.270211E-15
418.  1.273616E-15
419.  1.276982E-15
420.  1.280309E-15
421.  1.283597E-15
422.  1.286845E-15
423.  1.290053E-15
424.  1.293222E-15
425.  1.296351E-15
426.  1.299440E-15
427.  1.302488E-15
428.  1.305497E-15
429.  1.308465E-15
430.  1.311393E-15
431.  1.314280E-15
432.  1.317126E-15
433.  1.319932E-15
434.  1.322697E-15
435.  1.325421E-15
436.  1.328104E-15
437.  1.330746E-15
438.  1.333347E-15
439.  1.335907E-15
440.  1.338426E-15
441.  1.340903E-15
442.  1.343339E-15
443.  1.345734E-15
444.  1.348087E-15
445.  1.350398E-15
446.  1.352669E-15
447.  1.354898E-15
448.  1.357085E-15
449.  1.359231E-15
450.  1.361335E-15
451.  1.363398E-15
452.  1.365419E-15
453.  1.367399E-15
454.  1.369338E-15
455.  1.371234E-15
456.  1.373090E-15
457.  1.374904E-15
458.  1.376676E-15
459.  1.378407E-15
460.  1.380097E-15
461.  1.381745E-15
462.  1.383353E-15
463.  1.384918E-15
464.  1.386443E-15
465.  1.387927E-15
466.  1.389369E-15
467.  1.390771E-15
468.  1.392131E-15
469.  1.393451E-15
470.  1.394729E-15
471.  1.395967E-15
472.  1.397165E-15
473.  1.398322E-15
474.  1.399438E-15
475.  1.400513E-15
476.  1.401549E-15
477.  1.402544E-15
478.  1.403499E-15
479.  1.404415E-15
480.  1.405290E-15
481.  1.406125E-15
482.  1.406920E-15
483.  1.407676E-15
484.  1.408393E-15
485.  1.409070E-15
486.  1.409707E-15
487.  1.410306E-15
488.  1.410865E-15
489.  1.411386E-15
490.  1.411868E-15
491.  1.412311E-15
492.  1.412716E-15
493.  1.413082E-15
494.  1.413411E-15
495.  1.413700E-15
496.  1.413953E-15
497.  1.414167E-15
498.  1.414343E-15
499.  1.414483E-15
500.  1.414584E-15
501.  1.414649E-15
502.  1.414676E-15
503.  1.414667E-15
504.  1.414621E-15
505.  1.414538E-15
506.  1.414419E-15
507.  1.414264E-15
508.  1.414072E-15
509.  1.413845E-15
510.  1.413582E-15
511.  1.413283E-15
512.  1.412949E-15
513.  1.412580E-15
514.  1.412176E-15
515.  1.411737E-15
516.  1.411263E-15
517.  1.410755E-15
518.  1.410213E-15
519.  1.409636E-15
520.  1.409026E-15
521.  1.408381E-15
522.  1.407703E-15
523.  1.406992E-15
524.  1.406248E-15
525.  1.405471E-15
526.  1.404661E-15
527.  1.403818E-15
528.  1.402943E-15
529.  1.402036E-15
530.  1.401097E-15
531.  1.400126E-15
532.  1.399124E-15
533.  1.398090E-15
534.  1.397025E-15
535.  1.395929E-15
536.  1.394802E-15
537.  1.393645E-15
538.  1.392458E-15
539.  1.391240E-15
540.  1.389993E-15
541.  1.388716E-15
542.  1.387409E-15
543.  1.386074E-15
544.  1.384709E-15
545.  1.383316E-15
546.  1.381893E-15
547.  1.380443E-15
548.  1.378965E-15
549.  1.377458E-15
550.  1.375924E-15
551.  1.374363E-15
552.  1.372774E-15
553.  1.371158E-15
554.  1.369516E-15
555.  1.367847E-15
556.  1.366152E-15
557.  1.364430E-15
558.  1.362683E-15
559.  1.360910E-15
560.  1.359112E-15
561.  1.357289E-15
562.  1.355442E-15
563.  1.353569E-15
564.  1.351672E-15
565.  1.349751E-15
566.  1.347806E-15
567.  1.345838E-15
568.  1.343846E-15
569.  1.341831E-15
570.  1.339793E-15
571.  1.337732E-15
572.  1.335649E-15
573.  1.333544E-15
574.  1.331417E-15
575.  1.329268E-15
576.  1.327098E-15
577.  1.324907E-15
578.  1.322695E-15
579.  1.320462E-15
580.  1.318209E-15
581.  1.315936E-15
582.  1.313643E-15
583.  1.311330E-15
584.  1.308998E-15
585.  1.306647E-15
586.  1.304278E-15
587.  1.301890E-15
588.  1.299483E-15
589.  1.297059E-15
590.  1.294617E-15
591.  1.292157E-15
592.  1.289680E-15
593.  1.287187E-15
594.  1.284676E-15
595.  1.282150E-15
596.  1.279607E-15
597.  1.277049E-15
598.  1.274475E-15
599.  1.271886E-15
600.  1.269281E-15
601.  1.266662E-15
602.  1.264029E-15
603.  1.261381E-15
604.  1.258720E-15
605.  1.256045E-15
606.  1.253357E-15
607.  1.250656E-15
608.  1.247942E-15
609.  1.245216E-15
610.  1.242477E-15
611.  1.239726E-15
612.  1.236964E-15
613.  1.234191E-15
614.  1.231407E-15
615.  1.228612E-15
616.  1.225806E-15
617.  1.222991E-15
618.  1.220165E-15
619.  1.217330E-15
620.  1.214486E-15
621.  1.211633E-15
622.  1.208771E-15
623.  1.205900E-15
624.  1.203022E-15
625.  1.200136E-15
626.  1.197242E-15
627.  1.194341E-15
628.  1.191433E-15
629.  1.188518E-15
630.  1.185597E-15
631.  1.182670E-15
632.  1.179737E-15
633.  1.176799E-15
634.  1.173856E-15
635.  1.170908E-15
636.  1.167955E-15
637.  1.164998E-15
638.  1.162036E-15
639.  1.159072E-15
640.  1.156104E-15
641.  1.153132E-15
642.  1.150158E-15
643.  1.147182E-15
644.  1.144203E-15
645.  1.141222E-15
646.  1.138240E-15
647.  1.135256E-15
648.  1.132272E-15
649.  1.129286E-15
650.  1.126300E-15
651.  1.123314E-15
652.  1.120328E-15
653.  1.117343E-15
654.  1.114358E-15
655.  1.111374E-15
656.  1.108392E-15
657.  1.105411E-15
658.  1.102432E-15
659.  1.099455E-15
660.  1.096481E-15
661.  1.093509E-15
662.  1.090540E-15
663.  1.087575E-15
664.  1.084613E-15
665.  1.081655E-15
666.  1.078702E-15
667.  1.075752E-15
668.  1.072808E-15
669.  1.069868E-15
670.  1.066934E-15
671.  1.064005E-15
672.  1.061082E-15
673.  1.058165E-15
674.  1.055255E-15
675.  1.052351E-15
676.  1.049454E-15
677.  1.046564E-15
678.  1.043682E-15
679.  1.040808E-15
680.  1.037941E-15
681.  1.035083E-15
682.  1.032233E-15
683.  1.029392E-15
684.  1.026560E-15
685.  1.023737E-15
686.  1.020924E-15
687.  1.018120E-15
688.  1.015327E-15
689.  1.012544E-15
690.  1.009771E-15
691.  1.007009E-15
692.  1.004259E-15
693.  1.001519E-15
694.  9.987912E-16
695.  9.960750E-16
696.  9.933706E-16
697.  9.906785E-16
698.  9.879989E-16
699.  9.853320E-16
700.  9.826779E-16
701.  9.800370E-16
702.  9.774093E-16
703.  9.747953E-16
704.  9.721950E-16
705.  9.696090E-16
706.  9.670368E-16
707.  9.644791E-16
708.  9.619361E-16
709.  9.594080E-16
710.  9.568948E-16
711.  9.543969E-16
712.  9.519144E-16
713.  9.494475E-16
714.  9.469964E-16
715.  9.445615E-16
716.  9.421427E-16
717.  9.397403E-16
718.  9.373543E-16
719.  9.349850E-16
720.  9.326328E-16
721.  9.302977E-16
722.  9.279797E-16
723.  9.256792E-16
724.  9.233961E-16
725.  9.211312E-16
726.  9.188838E-16
727.  9.166546E-16
728.  9.144434E-16
729.  9.122509E-16
730.  9.100766E-16
731.  9.079211E-16
732.  9.057842E-16
733.  9.036664E-16
734.  9.015676E-16
735.  8.994879E-16
736.  8.974275E-16
737.  8.953867E-16
738.  8.933652E-16
739.  8.913635E-16
740.  8.893815E-16
741.  8.874193E-16
742.  8.854773E-16
743.  8.835553E-16
744.  8.816534E-16
745.  8.797719E-16
746.  8.779108E-16
747.  8.760700E-16
748.  8.742500E-16
749.  8.724504E-16
750.  8.706716E-16
751.  8.689135E-16
752.  8.671764E-16
753.  8.654601E-16
754.  8.637650E-16
755.  8.620908E-16
756.  8.604377E-16
757.  8.588059E-16
758.  8.571951E-16
759.  8.556058E-16
760.  8.540376E-16
761.  8.524909E-16
762.  8.509654E-16
763.  8.494616E-16
764.  8.479792E-16
765.  8.465181E-16
766.  8.450787E-16
767.  8.436607E-16
768.  8.422642E-16
769.  8.408894E-16
770.  8.395361E-16
771.  8.382044E-16
772.  8.368942E-16
773.  8.356057E-16
774.  8.343388E-16
775.  8.330934E-16
776.  8.318695E-16
777.  8.306671E-16
778.  8.294863E-16
779.  8.283270E-16
780.  8.271892E-16
781.  8.260729E-16
782.  8.249780E-16
783.  8.239044E-16
784.  8.228523E-16
785.  8.218213E-16
786.  8.208117E-16
787.  8.198232E-16
788.  8.188560E-16
789.  8.179099E-16
790.  8.169849E-16
791.  8.160808E-16
792.  8.151976E-16
793.  8.143355E-16
794.  8.134941E-16
795.  8.126733E-16
796.  8.118735E-16
797.  8.110940E-16
798.  8.103349E-16
799.  8.095965E-16
800.  8.088783E-16
801.  8.081806E-16
802.  8.075028E-16
803.  8.068450E-16
804.  8.062073E-16
805.  8.055895E-16
806.  8.049914E-16
807.  8.044131E-16
808.  8.038542E-16
809.  8.033147E-16
810.  8.027946E-16
811.  8.022938E-16
812.  8.018120E-16
813.  8.013493E-16
814.  8.009054E-16
815.  8.004802E-16
816.  8.000737E-16
817.  7.996856E-16
818.  7.993159E-16
819.  7.989645E-16
820.  7.986310E-16
821.  7.983156E-16
822.  7.980179E-16
823.  7.977380E-16
824.  7.974756E-16
825.  7.972306E-16
826.  7.970028E-16
827.  7.967921E-16
828.  7.965984E-16
829.  7.964215E-16
830.  7.962613E-16
831.  7.961174E-16
832.  7.959899E-16
833.  7.958788E-16
834.  7.957835E-16
835.  7.957042E-16
836.  7.956405E-16
837.  7.955924E-16
838.  7.955598E-16
839.  7.955422E-16
840.  7.955399E-16
841.  7.955523E-16
842.  7.955795E-16
843.  7.956213E-16
844.  7.956774E-16
845.  7.957479E-16
846.  7.958324E-16
847.  7.959306E-16
848.  7.960428E-16
849.  7.961684E-16
850.  7.963073E-16
851.  7.964596E-16
852.  7.966249E-16
853.  7.968030E-16
854.  7.969938E-16
855.  7.971972E-16
856.  7.974129E-16
857.  7.976408E-16
858.  7.978807E-16
859.  7.981324E-16
860.  7.983959E-16
861.  7.986706E-16
862.  7.989570E-16
863.  7.992544E-16
864.  7.995627E-16
865.  7.998820E-16
866.  8.002119E-16
867.  8.005521E-16
868.  8.009027E-16
869.  8.012635E-16
870.  8.016343E-16
871.  8.020149E-16
872.  8.024051E-16
873.  8.028049E-16
874.  8.032139E-16
875.  8.036322E-16
876.  8.040594E-16
877.  8.044955E-16
878.  8.049403E-16
879.  8.053935E-16
880.  8.058551E-16
881.  8.063250E-16
882.  8.068030E-16
883.  8.072889E-16
884.  8.077824E-16
885.  8.082837E-16
886.  8.087923E-16
887.  8.093084E-16
888.  8.098316E-16
889.  8.103619E-16
890.  8.108990E-16
891.  8.114430E-16
892.  8.119935E-16
893.  8.125504E-16
894.  8.131138E-16
895.  8.136835E-16
896.  8.142591E-16
897.  8.148408E-16
898.  8.154283E-16
899.  8.160217E-16
900.  8.166204E-16
901.  8.172248E-16
902.  8.178347E-16
903.  8.184496E-16
904.  8.190697E-16
905.  8.196947E-16
906.  8.203248E-16
907.  8.209599E-16
908.  8.215995E-16
909.  8.222438E-16
910.  8.228927E-16
911.  8.235459E-16
912.  8.242035E-16
913.  8.248654E-16
914.  8.255312E-16
915.  8.262013E-16
916.  8.268754E-16
917.  8.275534E-16
918.  8.282353E-16
919.  8.289208E-16
920.  8.296101E-16
921.  8.303032E-16
922.  8.309996E-16
923.  8.316996E-16
924.  8.324032E-16
925.  8.331099E-16
926.  8.338201E-16
927.  8.345335E-16
928.  8.352501E-16
929.  8.359700E-16
930.  8.366929E-16
931.  8.374189E-16
932.  8.381480E-16
933.  8.388800E-16
934.  8.396152E-16
935.  8.403531E-16
936.  8.410941E-16
937.  8.418379E-16
938.  8.425845E-16
939.  8.433341E-16
940.  8.440865E-16
941.  8.448416E-16
942.  8.455997E-16
943.  8.463603E-16
944.  8.471239E-16
945.  8.478902E-16
946.  8.486594E-16
947.  8.494311E-16
948.  8.502057E-16
949.  8.509832E-16
950.  8.517633E-16
951.  8.525464E-16
952.  8.533320E-16
953.  8.541205E-16
954.  8.549119E-16
955.  8.557063E-16
956.  8.565034E-16
957.  8.573034E-16
958.  8.581064E-16
959.  8.589123E-16
960.  8.597210E-16
961.  8.605330E-16
962.  8.613478E-16
963.  8.621658E-16
964.  8.629869E-16
965.  8.638111E-16
966.  8.646386E-16
967.  8.654691E-16
968.  8.663031E-16
969.  8.671403E-16
970.  8.679809E-16
971.  8.688251E-16
972.  8.696723E-16
973.  8.705235E-16
974.  8.713781E-16
975.  8.722364E-16
976.  8.730982E-16
977.  8.739638E-16
978.  8.748333E-16
979.  8.757067E-16
980.  8.765839E-16
981.  8.774652E-16
982.  8.783506E-16
983.  8.792401E-16
984.  8.801336E-16
985.  8.810315E-16
986.  8.819337E-16
987.  8.828403E-16
988.  8.837514E-16
989.  8.846668E-16
990.  8.855871E-16
991.  8.865119E-16
992.  8.874415E-16
993.  8.883760E-16
994.  8.893152E-16
995.  8.902596E-16
996.  8.912088E-16
997.  8.921632E-16
998.  8.931230E-16
999.  8.940877E-16
1000.  8.950578E-16
1001.  8.960336E-16
1002.  8.970146E-16
1003.  8.980012E-16
1004.  8.989935E-16
1005.  8.999916E-16
1006.  9.009953E-16
1007.  9.020049E-16
1008.  9.030203E-16
1009.  9.040419E-16
1010.  9.050693E-16
1011.  9.061031E-16
1012.  9.071430E-16
1013.  9.081891E-16
1014.  9.092417E-16
1015.  9.103008E-16
1016.  9.113662E-16
1017.  9.124381E-16
1018.  9.135168E-16
1019.  9.146020E-16
1020.  9.156941E-16
1021.  9.167927E-16
1022.  9.178985E-16
1023.  9.190111E-16
1024.  9.201308E-16
1025.  9.212574E-16
1026.  9.223910E-16
1027.  9.235320E-16
1028.  9.246799E-16
1029.  9.258354E-16
1030.  9.269982E-16
1031.  9.281680E-16
1032.  9.293455E-16
1033.  9.305304E-16
1034.  9.317227E-16
1035.  9.329226E-16
1036.  9.341302E-16
1037.  9.353451E-16
1038.  9.365679E-16
1039.  9.377984E-16
1040.  9.390366E-16
1041.  9.402824E-16
1042.  9.415360E-16
1043.  9.427974E-16
1044.  9.440667E-16
1045.  9.453438E-16
1046.  9.466290E-16
1047.  9.479218E-16
1048.  9.492226E-16
1049.  9.505314E-16
1050.  9.518480E-16
1051.  9.531725E-16
1052.  9.545050E-16
1053.  9.558456E-16
1054.  9.571939E-16
1055.  9.585502E-16
1056.  9.599145E-16
1057.  9.612869E-16
1058.  9.626671E-16
1059.  9.640552E-16
1060.  9.654513E-16
1061.  9.668551E-16
1062.  9.682669E-16
1063.  9.696866E-16
1064.  9.711142E-16
1065.  9.725495E-16
1066.  9.739925E-16
1067.  9.754436E-16
1068.  9.769022E-16
1069.  9.783684E-16
1070.  9.798424E-16
1071.  9.813239E-16
1072.  9.828130E-16
1073.  9.843097E-16
1074.  9.858138E-16
1075.  9.873253E-16
1076.  9.888442E-16
1077.  9.903705E-16
1078.  9.919042E-16
1079.  9.934449E-16
1080.  9.949927E-16
1081.  9.965476E-16
1082.  9.981097E-16
1083.  9.996786E-16
1084.  1.001254E-15
1085.  1.002837E-15
1086.  1.004426E-15
1087.  1.006022E-15
1088.  1.007625E-15
1089.  1.009234E-15
1090.  1.010849E-15
1091.  1.012471E-15
1092.  1.014099E-15
1093.  1.015733E-15
1094.  1.017373E-15
1095.  1.019019E-15
1096.  1.020671E-15
1097.  1.022329E-15
1098.  1.023992E-15
1099.  1.025661E-15
1100.  1.027335E-15
1101.  1.029015E-15
1102.  1.030700E-15
1103.  1.032389E-15
1104.  1.034084E-15
1105.  1.035784E-15
1106.  1.037489E-15
1107.  1.039198E-15
1108.  1.040911E-15
1109.  1.042630E-15
1110.  1.044352E-15
1111.  1.046079E-15
1112.  1.047809E-15
1113.  1.049544E-15
1114.  1.051282E-15
1115.  1.053024E-15
1116.  1.054769E-15
1117.  1.056518E-15
1118.  1.058270E-15
1119.  1.060025E-15
1120.  1.061784E-15
1121.  1.063545E-15
1122.  1.065308E-15
1123.  1.067075E-15
1124.  1.068844E-15
1125.  1.070614E-15
1126.  1.072388E-15
1127.  1.074163E-15
1128.  1.075940E-15
1129.  1.077719E-15
1130.  1.079500E-15
1131.  1.081282E-15
1132.  1.083065E-15
1133.  1.084850E-15
1134.  1.086635E-15
1135.  1.088421E-15
1136.  1.090209E-15
1137.  1.091997E-15
1138.  1.093785E-15
1139.  1.095573E-15
1140.  1.097362E-15
1141.  1.099151E-15
1142.  1.100940E-15
1143.  1.102728E-15
1144.  1.104517E-15
1145.  1.106304E-15
1146.  1.108091E-15
1147.  1.109877E-15
1148.  1.111663E-15
1149.  1.113447E-15
1150.  1.115230E-15
1151.  1.117012E-15
1152.  1.118792E-15
1153.  1.120571E-15
1154.  1.122348E-15
1155.  1.124123E-15
1156.  1.125896E-15
1157.  1.127667E-15
1158.  1.129436E-15
1159.  1.131202E-15
1160.  1.132966E-15
1161.  1.134727E-15
1162.  1.136485E-15
1163.  1.138241E-15
1164.  1.139994E-15
1165.  1.141743E-15
1166.  1.143490E-15
1167.  1.145233E-15
1168.  1.146973E-15
1169.  1.148709E-15
1170.  1.150441E-15
1171.  1.152170E-15
1172.  1.153895E-15
1173.  1.155616E-15
1174.  1.157332E-15
1175.  1.159045E-15
1176.  1.160753E-15
1177.  1.162458E-15
1178.  1.164157E-15
1179.  1.165853E-15
1180.  1.167543E-15
1181.  1.169229E-15
1182.  1.170910E-15
1183.  1.172587E-15
1184.  1.174258E-15
1185.  1.175925E-15
1186.  1.177586E-15
1187.  1.179242E-15
1188.  1.180893E-15
1189.  1.182539E-15
1190.  1.184180E-15
1191.  1.185815E-15
1192.  1.187444E-15
1193.  1.189069E-15
1194.  1.190688E-15
1195.  1.192301E-15
1196.  1.193908E-15
1197.  1.195510E-15
1198.  1.197107E-15
1199.  1.198697E-15
1200.  1.200282E-15
1201.  1.201861E-15
1202.  1.203435E-15
1203.  1.205002E-15
1204.  1.206564E-15
1205.  1.208120E-15
1206.  1.209670E-15
1207.  1.211214E-15
1208.  1.212752E-15
1209.  1.214285E-15
1210.  1.215811E-15
1211.  1.217332E-15
1212.  1.218847E-15
1213.  1.220356E-15
1214.  1.221859E-15
1215.  1.223356E-15
1216.  1.224848E-15
1217.  1.226334E-15
1218.  1.227813E-15
1219.  1.229288E-15
1220.  1.230756E-15
1221.  1.232219E-15
1222.  1.233677E-15
1223.  1.235129E-15
1224.  1.236575E-15
1225.  1.238016E-15
1226.  1.239451E-15
1227.  1.240881E-15
1228.  1.242306E-15
1229.  1.243726E-15
1230.  1.245140E-15
1231.  1.246549E-15
1232.  1.247953E-15
1233.  1.249352E-15
1234.  1.250747E-15
1235.  1.252136E-15
1236.  1.253520E-15
1237.  1.254900E-15
1238.  1.256276E-15
1239.  1.257647E-15
1240.  1.259013E-15
1241.  1.260375E-15
1242.  1.261733E-15
1243.  1.263087E-15
1244.  1.264437E-15
1245.  1.265783E-15
1246.  1.267125E-15
1247.  1.268463E-15
1248.  1.269798E-15
1249.  1.271129E-15
1250.  1.272457E-15
1251.  1.273781E-15
1252.  1.275103E-15
1253.  1.276421E-15
1254.  1.277737E-15
1255.  1.279050E-15
1256.  1.280360E-15
1257.  1.281668E-15
1258.  1.282973E-15
1259.  1.284277E-15
1260.  1.285578E-15
1261.  1.286877E-15
1262.  1.288174E-15
1263.  1.289470E-15
1264.  1.290764E-15
1265.  1.292056E-15
1266.  1.293348E-15
1267.  1.294638E-15
1268.  1.295927E-15
1269.  1.297216E-15
1270.  1.298504E-15
1271.  1.299791E-15
1272.  1.301078E-15
1273.  1.302365E-15
1274.  1.303652E-15
1275.  1.304939E-15
1276.  1.306226E-15
1277.  1.307513E-15
1278.  1.308802E-15
1279.  1.310090E-15
1280.  1.311380E-15
1281.  1.312671E-15
1282.  1.313963E-15
1283.  1.315256E-15
1284.  1.316551E-15
1285.  1.317848E-15
1286.  1.319146E-15
1287.  1.320447E-15
1288.  1.321749E-15
1289.  1.323054E-15
1290.  1.324362E-15
1291.  1.325672E-15
1292.  1.326985E-15
1293.  1.328300E-15
1294.  1.329619E-15
1295.  1.330942E-15
1296.  1.332267E-15
1297.  1.333596E-15
1298.  1.334929E-15
1299.  1.336266E-15
1300.  1.337607E-15
1301.  1.338952E-15
1302.  1.340302E-15
1303.  1.341656E-15
1304.  1.343014E-15
1305.  1.344378E-15
1306.  1.345746E-15
1307.  1.347120E-15
1308.  1.348498E-15
1309.  1.349883E-15
1310.  1.351272E-15
1311.  1.352668E-15
1312.  1.354069E-15
1313.  1.355476E-15
1314.  1.356889E-15
1315.  1.358308E-15
1316.  1.359734E-15
1317.  1.361166E-15
1318.  1.362605E-15
1319.  1.364050E-15
1320.  1.365502E-15
1321.  1.366961E-15
1322.  1.368428E-15
1323.  1.369901E-15
1324.  1.371382E-15
1325.  1.372870E-15
1326.  1.374366E-15
1327.  1.375869E-15
1328.  1.377380E-15
1329.  1.378899E-15
1330.  1.380425E-15
1331.  1.381960E-15
1332.  1.383503E-15
1333.  1.385054E-15
1334.  1.386613E-15
1335.  1.388180E-15
1336.  1.389756E-15
1337.  1.391340E-15
1338.  1.392933E-15
1339.  1.394535E-15
1340.  1.396145E-15
1341.  1.397764E-15
1342.  1.399391E-15
1343.  1.401028E-15
1344.  1.402673E-15
1345.  1.404328E-15
1346.  1.405991E-15
1347.  1.407663E-15
1348.  1.409344E-15
1349.  1.411035E-15
1350.  1.412734E-15
1351.  1.414443E-15
1352.  1.416161E-15
1353.  1.417888E-15
1354.  1.419624E-15
1355.  1.421369E-15
1356.  1.423123E-15
1357.  1.424887E-15
1358.  1.426659E-15
1359.  1.428441E-15
1360.  1.430232E-15
1361.  1.432032E-15
1362.  1.433841E-15
1363.  1.435659E-15
1364.  1.437486E-15
1365.  1.439322E-15
1366.  1.441167E-15
1367.  1.443021E-15
1368.  1.444883E-15
1369.  1.446754E-15
1370.  1.448635E-15
1371.  1.450523E-15
1372.  1.452421E-15
1373.  1.454326E-15
1374.  1.456240E-15
1375.  1.458163E-15
1376.  1.460094E-15
1377.  1.462032E-15
1378.  1.463979E-15
1379.  1.465934E-15
1380.  1.467897E-15
1381.  1.469867E-15
1382.  1.471845E-15
1383.  1.473831E-15
1384.  1.475823E-15
1385.  1.477823E-15
1386.  1.479830E-15
1387.  1.481844E-15
1388.  1.483865E-15
1389.  1.485893E-15
1390.  1.487927E-15
1391.  1.489967E-15
1392.  1.492013E-15
1393.  1.494066E-15
1394.  1.496124E-15
1395.  1.498188E-15
1396.  1.500257E-15
1397.  1.502332E-15
1398.  1.504412E-15
1399.  1.506496E-15
1400.  1.508586E-15
1401.  1.510680E-15
1402.  1.512778E-15
1403.  1.514880E-15
1404.  1.516986E-15
1405.  1.519095E-15
1406.  1.521208E-15
1407.  1.523325E-15
1408.  1.525444E-15
1409.  1.527566E-15
1410.  1.529690E-15
1411.  1.531817E-15
1412.  1.533945E-15
1413.  1.536075E-15
1414.  1.538207E-15
1415.  1.540339E-15
1416.  1.542473E-15
1417.  1.544607E-15
1418.  1.546742E-15
1419.  1.548876E-15
1420.  1.551011E-15
1421.  1.553145E-15
1422.  1.555278E-15
1423.  1.557410E-15
1424.  1.559540E-15
1425.  1.561670E-15
1426.  1.563796E-15
1427.  1.565921E-15
1428.  1.568043E-15
1429.  1.570162E-15
1430.  1.572278E-15
1431.  1.574391E-15
1432.  1.576499E-15
1433.  1.578603E-15
1434.  1.580703E-15
1435.  1.582798E-15
1436.  1.584887E-15
1437.  1.586971E-15
1438.  1.589049E-15
1439.  1.591121E-15
1440.  1.593187E-15
1441.  1.595245E-15
1442.  1.597296E-15
1443.  1.599339E-15
1444.  1.601375E-15
1445.  1.603402E-15
1446.  1.605420E-15
1447.  1.607429E-15
1448.  1.609429E-15
1449.  1.611419E-15
1450.  1.613399E-15
1451.  1.615367E-15
1452.  1.617326E-15
1453.  1.619273E-15
1454.  1.621208E-15
1455.  1.623131E-15
1456.  1.625042E-15
1457.  1.626939E-15
1458.  1.628824E-15
1459.  1.630695E-15
1460.  1.632553E-15
1461.  1.634395E-15
1462.  1.636224E-15
1463.  1.638037E-15
1464.  1.639834E-15
1465.  1.641615E-15
1466.  1.643381E-15
1467.  1.645129E-15
1468.  1.646861E-15
1469.  1.648575E-15
1470.  1.650271E-15
1471.  1.651950E-15
1472.  1.653609E-15
1473.  1.655250E-15
1474.  1.656870E-15
1475.  1.658472E-15
1476.  1.660053E-15
1477.  1.661613E-15
1478.  1.663153E-15
1479.  1.664672E-15
1480.  1.666168E-15
1481.  1.667643E-15
1482.  1.669095E-15
1483.  1.670524E-15
1484.  1.671930E-15
1485.  1.673313E-15
1486.  1.674671E-15
1487.  1.676005E-15
1488.  1.677315E-15
1489.  1.678599E-15
1490.  1.679857E-15
1491.  1.681091E-15
1492.  1.682297E-15
1493.  1.683477E-15
1494.  1.684630E-15
1495.  1.685756E-15
1496.  1.686854E-15
1497.  1.687924E-15
1498.  1.688966E-15
1499.  1.689979E-15
1500.  1.690962E-15
1501.  1.691917E-15
1502.  1.692841E-15
1503.  1.693736E-15
1504.  1.694600E-15
1505.  1.695433E-15
1506.  1.696235E-15
1507.  1.697006E-15
1508.  1.697744E-15
1509.  1.698451E-15
1510.  1.699125E-15
1511.  1.699766E-15
1512.  1.700374E-15
1513.  1.700949E-15
1514.  1.701490E-15
1515.  1.701998E-15
1516.  1.702471E-15
1517.  1.702909E-15
1518.  1.703312E-15
1519.  1.703680E-15
1520.  1.704013E-15
1521.  1.704310E-15
1522.  1.704571E-15
1523.  1.704796E-15
1524.  1.704984E-15
1525.  1.705136E-15
1526.  1.705250E-15
1527.  1.705327E-15
1528.  1.705366E-15
1529.  1.705368E-15
1530.  1.705331E-15
1531.  1.705257E-15
1532.  1.705144E-15
1533.  1.704992E-15
1534.  1.704801E-15
1535.  1.704571E-15
1536.  1.704302E-15
1537.  1.703993E-15
1538.  1.703644E-15
1539.  1.703255E-15
1540.  1.702827E-15
1541.  1.702357E-15
1542.  1.701848E-15
1543.  1.701298E-15
1544.  1.700706E-15
1545.  1.700074E-15
1546.  1.699401E-15
1547.  1.698687E-15
1548.  1.697931E-15
1549.  1.697134E-15
1550.  1.696294E-15
1551.  1.695414E-15
1552.  1.694491E-15
1553.  1.693526E-15
1554.  1.692519E-15
1555.  1.691470E-15
1556.  1.690378E-15
1557.  1.689244E-15
1558.  1.688067E-15
1559.  1.686848E-15
1560.  1.685586E-15
1561.  1.684282E-15
1562.  1.682935E-15
1563.  1.681545E-15
1564.  1.680112E-15
1565.  1.678637E-15
1566.  1.677118E-15
1567.  1.675557E-15
1568.  1.673952E-15
1569.  1.672305E-15
1570.  1.670614E-15
1571.  1.668881E-15
1572.  1.667105E-15
1573.  1.665285E-15
1574.  1.663423E-15
1575.  1.661518E-15
1576.  1.659570E-15
1577.  1.657580E-15
1578.  1.655546E-15
1579.  1.653470E-15
1580.  1.651351E-15
1581.  1.649190E-15
1582.  1.646986E-15
1583.  1.644740E-15
1584.  1.642451E-15
1585.  1.640120E-15
1586.  1.637747E-15
1587.  1.635333E-15
1588.  1.632875E-15
1589.  1.630377E-15
1590.  1.627836E-15
1591.  1.625255E-15
1592.  1.622631E-15
1593.  1.619967E-15
1594.  1.617261E-15
1595.  1.614514E-15
1596.  1.611727E-15
1597.  1.608899E-15
1598.  1.606031E-15
1599.  1.603123E-15
1600.  1.600174E-15
1601.  1.597185E-15
1602.  1.594157E-15
1603.  1.591090E-15
1604.  1.587983E-15
1605.  1.584837E-15
1606.  1.581653E-15
1607.  1.578430E-15
1608.  1.575169E-15
1609.  1.571869E-15
1610.  1.568532E-15
1611.  1.565157E-15
1612.  1.561745E-15
1613.  1.558296E-15
1614.  1.554811E-15
1615.  1.551289E-15
1616.  1.547730E-15
1617.  1.544136E-15
1618.  1.540507E-15
1619.  1.536842E-15
1620.  1.533141E-15
1621.  1.529407E-15
1622.  1.525638E-15
1623.  1.521836E-15
1624.  1.517999E-15
1625.  1.514129E-15
1626.  1.510227E-15
1627.  1.506291E-15
1628.  1.502323E-15
1629.  1.498324E-15
1630.  1.494293E-15
1631.  1.490230E-15
1632.  1.486137E-15
1633.  1.482014E-15
1634.  1.477860E-15
1635.  1.473677E-15
1636.  1.469464E-15
1637.  1.465223E-15
1638.  1.460953E-15
1639.  1.456655E-15
1640.  1.452329E-15
1641.  1.447977E-15
1642.  1.443597E-15
1643.  1.439191E-15
1644.  1.434759E-15
1645.  1.430301E-15
1646.  1.425818E-15
1647.  1.421310E-15
1648.  1.416779E-15
1649.  1.412223E-15
1650.  1.407644E-15
1651.  1.403043E-15
1652.  1.398418E-15
1653.  1.393772E-15
1654.  1.389104E-15
1655.  1.384416E-15
1656.  1.379706E-15
1657.  1.374977E-15
1658.  1.370228E-15
1659.  1.365460E-15
1660.  1.360673E-15
1661.  1.355868E-15
1662.  1.351045E-15
1663.  1.346205E-15
1664.  1.341348E-15
1665.  1.336475E-15
1666.  1.331586E-15
1667.  1.326683E-15
1668.  1.321764E-15
1669.  1.316831E-15
1670.  1.311884E-15
1671.  1.306925E-15
1672.  1.301952E-15
1673.  1.296968E-15
1674.  1.291971E-15
1675.  1.286964E-15
1676.  1.281946E-15
1677.  1.276917E-15
1678.  1.271880E-15
1679.  1.266833E-15
1680.  1.261777E-15
1681.  1.256714E-15
1682.  1.251643E-15
1683.  1.246565E-15
1684.  1.241480E-15
1685.  1.236390E-15
1686.  1.231294E-15
1687.  1.226193E-15
1688.  1.221088E-15
1689.  1.215979E-15
1690.  1.210867E-15
1691.  1.205752E-15
1692.  1.200635E-15
1693.  1.195516E-15
1694.  1.190396E-15
1695.  1.185275E-15
1696.  1.180154E-15
1697.  1.175034E-15
1698.  1.169915E-15
1699.  1.164797E-15
1700.  1.159681E-15
1701.  1.154567E-15
1702.  1.149457E-15
1703.  1.144350E-15
1704.  1.139247E-15
1705.  1.134149E-15
1706.  1.129057E-15
1707.  1.123970E-15
1708.  1.118888E-15
1709.  1.113814E-15
1710.  1.108747E-15
1711.  1.103688E-15
1712.  1.098637E-15
1713.  1.093595E-15
1714.  1.088562E-15
1715.  1.083539E-15
1716.  1.078526E-15
1717.  1.073524E-15
1718.  1.068534E-15
1719.  1.063555E-15
1720.  1.058589E-15
1721.  1.053636E-15
1722.  1.048696E-15
1723.  1.043769E-15
1724.  1.038857E-15
1725.  1.033960E-15
1726.  1.029079E-15
1727.  1.024213E-15
1728.  1.019363E-15
1729.  1.014530E-15
1730.  1.009714E-15
1731.  1.004916E-15
1732.  1.000136E-15
1733.  9.953754E-16
1734.  9.906334E-16
1735.  9.859110E-16
1736.  9.812087E-16
1737.  9.765267E-16
1738.  9.718657E-16
1739.  9.672262E-16
1740.  9.626085E-16
1741.  9.580131E-16
1742.  9.534404E-16
1743.  9.488910E-16
1744.  9.443651E-16
1745.  9.398631E-16
1746.  9.353856E-16
1747.  9.309330E-16
1748.  9.265056E-16
1749.  9.221040E-16
1750.  9.177284E-16
1751.  9.133793E-16
1752.  9.090573E-16
1753.  9.047625E-16
1754.  9.004951E-16
1755.  8.962560E-16
1756.  8.920453E-16
1757.  8.878635E-16
1758.  8.837109E-16
1759.  8.795877E-16
1760.  8.754946E-16
1761.  8.714318E-16
1762.  8.673997E-16
1763.  8.633984E-16
1764.  8.594285E-16
1765.  8.554904E-16
1766.  8.515842E-16
1767.  8.477105E-16
1768.  8.438692E-16
1769.  8.400611E-16
1770.  8.362862E-16
1771.  8.325450E-16
1772.  8.288377E-16
1773.  8.251647E-16
1774.  8.215260E-16
1775.  8.179223E-16
1776.  8.143537E-16
1777.  8.108203E-16
1778.  8.073229E-16
1779.  8.038612E-16
1780.  8.004356E-16
1781.  7.970466E-16
1782.  7.936942E-16
1783.  7.903788E-16
1784.  7.871005E-16
1785.  7.838597E-16
1786.  7.806565E-16
1787.  7.774912E-16
1788.  7.743641E-16
1789.  7.712751E-16
1790.  7.682248E-16
1791.  7.652132E-16
1792.  7.622403E-16
1793.  7.593068E-16
1794.  7.564124E-16
1795.  7.535575E-16
1796.  7.507423E-16
1797.  7.479670E-16
1798.  7.452317E-16
1799.  7.425364E-16
1800.  7.398814E-16
1801.  7.372669E-16
1802.  7.346930E-16
1803.  7.321598E-16
1804.  7.296674E-16
1805.  7.272160E-16
1806.  7.248058E-16
1807.  7.224366E-16
1808.  7.201088E-16
1809.  7.178224E-16
1810.  7.155774E-16
1811.  7.133741E-16
1812.  7.112124E-16
1813.  7.090925E-16
1814.  7.070143E-16
1815.  7.049780E-16
1816.  7.029837E-16
1817.  7.010314E-16
1818.  6.991211E-16
1819.  6.972527E-16
1820.  6.954268E-16
1821.  6.936428E-16
1822.  6.919010E-16
1823.  6.902013E-16
1824.  6.885439E-16
1825.  6.869287E-16
1826.  6.853556E-16
1827.  6.838248E-16
1828.  6.823362E-16
1829.  6.808897E-16
1830.  6.794854E-16
1831.  6.781231E-16
1832.  6.768030E-16
1833.  6.755250E-16
1834.  6.742888E-16
1835.  6.730946E-16
1836.  6.719424E-16
1837.  6.708321E-16
1838.  6.697635E-16
1839.  6.687364E-16
1840.  6.677511E-16
1841.  6.668073E-16
1842.  6.659050E-16
1843.  6.650440E-16
1844.  6.642241E-16
1845.  6.634456E-16
1846.  6.627080E-16
1847.  6.620113E-16
1848.  6.613554E-16
1849.  6.607402E-16
1850.  6.601655E-16
1851.  6.596311E-16
1852.  6.591371E-16
1853.  6.586832E-16
1854.  6.582691E-16
1855.  6.578949E-16
1856.  6.575603E-16
1857.  6.572652E-16
1858.  6.570094E-16
1859.  6.567926E-16
1860.  6.566148E-16
1861.  6.564756E-16
1862.  6.563751E-16
1863.  6.563129E-16
1864.  6.562889E-16
1865.  6.563027E-16
1866.  6.563543E-16
1867.  6.564433E-16
1868.  6.565698E-16
1869.  6.567332E-16
1870.  6.569334E-16
1871.  6.571703E-16
1872.  6.574434E-16
1873.  6.577527E-16
1874.  6.580979E-16
1875.  6.584786E-16
1876.  6.588946E-16
1877.  6.593459E-16
1878.  6.598319E-16
1879.  6.603525E-16
1880.  6.609073E-16
1881.  6.614961E-16
1882.  6.621187E-16
1883.  6.627746E-16
1884.  6.634638E-16
1885.  6.641857E-16
1886.  6.649402E-16
1887.  6.657269E-16
1888.  6.665457E-16
1889.  6.673962E-16
1890.  6.682778E-16
1891.  6.691904E-16
1892.  6.701338E-16
1893.  6.711077E-16
1894.  6.721114E-16
1895.  6.731449E-16
1896.  6.742078E-16
1897.  6.752999E-16
1898.  6.764205E-16
1899.  6.775697E-16
1900.  6.787467E-16
1901.  6.799515E-16
1902.  6.811836E-16
1903.  6.824427E-16
1904.  6.837284E-16
1905.  6.850404E-16
1906.  6.863783E-16
1907.  6.877417E-16
1908.  6.891304E-16
1909.  6.905438E-16
1910.  6.919818E-16
1911.  6.934437E-16
1912.  6.949293E-16
1913.  6.964384E-16
1914.  6.979705E-16
1915.  6.995250E-16
1916.  7.011016E-16
1917.  7.027001E-16
1918.  7.043201E-16
1919.  7.059610E-16
1920.  7.076225E-16
1921.  7.093045E-16
1922.  7.110062E-16
1923.  7.127273E-16
1924.  7.144675E-16
1925.  7.162265E-16
1926.  7.180037E-16
1927.  7.197988E-16
1928.  7.216112E-16
1929.  7.234409E-16
1930.  7.252872E-16
1931.  7.271497E-16
1932.  7.290282E-16
1933.  7.309221E-16
1934.  7.328312E-16
1935.  7.347548E-16
1936.  7.366927E-16
1937.  7.386445E-16
1938.  7.406098E-16
1939.  7.425880E-16
1940.  7.445788E-16
1941.  7.465820E-16
1942.  7.485969E-16
1943.  7.506233E-16
1944.  7.526607E-16
1945.  7.547087E-16
1946.  7.567669E-16
1947.  7.588348E-16
1948.  7.609123E-16
1949.  7.629985E-16
1950.  7.650936E-16
1951.  7.671967E-16
1952.  7.693076E-16
1953.  7.714259E-16
1954.  7.735511E-16
1955.  7.756830E-16
1956.  7.778211E-16
1957.  7.799649E-16
1958.  7.821142E-16
1959.  7.842683E-16
1960.  7.864272E-16
1961.  7.885902E-16
1962.  7.907570E-16
1963.  7.929274E-16
1964.  7.951007E-16
1965.  7.972767E-16
1966.  7.994550E-16
1967.  8.016353E-16
1968.  8.038170E-16
1969.  8.059998E-16
1970.  8.081835E-16
1971.  8.103674E-16
1972.  8.125515E-16
1973.  8.147352E-16
1974.  8.169183E-16
1975.  8.191002E-16
1976.  8.212806E-16
1977.  8.234592E-16
1978.  8.256357E-16
1979.  8.278099E-16
1980.  8.299809E-16
1981.  8.321489E-16
1982.  8.343134E-16
1983.  8.364738E-16
1984.  8.386302E-16
1985.  8.407819E-16
1986.  8.429288E-16
1987.  8.450704E-16
1988.  8.472064E-16
1989.  8.493366E-16
1990.  8.514606E-16
1991.  8.535781E-16
1992.  8.556889E-16
1993.  8.577924E-16
1994.  8.598886E-16
1995.  8.619768E-16
1996.  8.640573E-16
1997.  8.661294E-16
1998.  8.681928E-16
1999.  8.702475E-16
2000.  8.722928E-16
2001.  8.743287E-16
2002.  8.763549E-16
2003.  8.783712E-16
2004.  8.803770E-16
2005.  8.823724E-16
2006.  8.843572E-16
2007.  8.863307E-16
2008.  8.882932E-16
2009.  8.902440E-16
2010.  8.921831E-16
2011.  8.941101E-16
2012.  8.960251E-16
2013.  8.979276E-16
2014.  8.998173E-16
2015.  9.016943E-16
2016.  9.035580E-16
2017.  9.054088E-16
2018.  9.072457E-16
2019.  9.090689E-16
2020.  9.108785E-16
2021.  9.126740E-16
2022.  9.144551E-16
2023.  9.162219E-16
2024.  9.179741E-16
2025.  9.197116E-16
2026.  9.214340E-16
2027.  9.231414E-16
2028.  9.248337E-16
2029.  9.265103E-16
2030.  9.281718E-16
2031.  9.298174E-16
2032.  9.314475E-16
2033.  9.330614E-16
2034.  9.346596E-16
2035.  9.362414E-16
2036.  9.378069E-16
2037.  9.393563E-16
2038.  9.408891E-16
2039.  9.424057E-16
2040.  9.439052E-16
2041.  9.453885E-16
2042.  9.468547E-16
2043.  9.483041E-16
2044.  9.497368E-16
2045.  9.511519E-16
2046.  9.525506E-16
2047.  9.539321E-16
2048.  9.552965E-16
2049.  9.566437E-16
2050.  9.579735E-16
2051.  9.592863E-16
2052.  9.605817E-16
2053.  9.618600E-16
2054.  9.631211E-16
2055.  9.643648E-16
2056.  9.655911E-16
2057.  9.668003E-16
2058.  9.679921E-16
2059.  9.691667E-16
2060.  9.703241E-16
2061.  9.714644E-16
2062.  9.725874E-16
2063.  9.736931E-16
2064.  9.747818E-16
2065.  9.758535E-16
2066.  9.769082E-16
2067.  9.779458E-16
2068.  9.789667E-16
2069.  9.799707E-16
2070.  9.809580E-16
2071.  9.819286E-16
2072.  9.828824E-16
2073.  9.838199E-16
2074.  9.847410E-16
2075.  9.856455E-16
2076.  9.865339E-16
2077.  9.874062E-16
2078.  9.882626E-16
2079.  9.891028E-16
2080.  9.899276E-16
2081.  9.907365E-16
2082.  9.915299E-16
2083.  9.923080E-16
2084.  9.930704E-16
2085.  9.938181E-16
2086.  9.945508E-16
2087.  9.952684E-16
2088.  9.959715E-16
2089.  9.966600E-16
2090.  9.973342E-16
2091.  9.979941E-16
2092.  9.986399E-16
2093.  9.992720E-16
2094.  9.998904E-16
2095.  1.000495E-15
2096.  1.001087E-15
2097.  1.001665E-15
2098.  1.002231E-15
2099.  1.002783E-15
2100.  1.003323E-15
2101.  1.003851E-15
2102.  1.004367E-15
2103.  1.004870E-15
2104.  1.005362E-15
2105.  1.005842E-15
2106.  1.006312E-15
2107.  1.006769E-15
2108.  1.007217E-15
2109.  1.007653E-15
2110.  1.008079E-15
2111.  1.008495E-15
2112.  1.008901E-15
2113.  1.009297E-15
2114.  1.009684E-15
2115.  1.010061E-15
2116.  1.010430E-15
2117.  1.010789E-15
2118.  1.011141E-15
2119.  1.011484E-15
2120.  1.011818E-15
2121.  1.012146E-15
2122.  1.012465E-15
2123.  1.012777E-15
2124.  1.013083E-15
2125.  1.013381E-15
2126.  1.013673E-15
2127.  1.013959E-15
2128.  1.014239E-15
2129.  1.014513E-15
2130.  1.014782E-15
2131.  1.015045E-15
2132.  1.015304E-15
2133.  1.015558E-15
2134.  1.015807E-15
2135.  1.016052E-15
2136.  1.016294E-15
2137.  1.016531E-15
2138.  1.016766E-15
2139.  1.016997E-15
2140.  1.017226E-15
2141.  1.017452E-15
2142.  1.017675E-15
2143.  1.017897E-15
2144.  1.018117E-15
2145.  1.018335E-15
2146.  1.018552E-15
2147.  1.018769E-15
2148.  1.018984E-15
2149.  1.019199E-15
2150.  1.019414E-15
2151.  1.019629E-15
2152.  1.019844E-15
2153.  1.020060E-15
2154.  1.020277E-15
2155.  1.020495E-15
2156.  1.020714E-15
2157.  1.020935E-15
2158.  1.021157E-15
2159.  1.021382E-15
2160.  1.021609E-15
2161.  1.021838E-15
2162.  1.022070E-15
2163.  1.022306E-15
2164.  1.022545E-15
2165.  1.022787E-15
2166.  1.023033E-15
2167.  1.023283E-15
2168.  1.023537E-15
2169.  1.023796E-15
2170.  1.024059E-15
2171.  1.024328E-15
2172.  1.024601E-15
2173.  1.024879E-15
2174.  1.025164E-15
2175.  1.025454E-15
2176.  1.025749E-15
2177.  1.026051E-15
2178.  1.026360E-15
2179.  1.026675E-15
2180.  1.026996E-15
2181.  1.027325E-15
2182.  1.027661E-15
2183.  1.028003E-15
2184.  1.028354E-15
2185.  1.028712E-15
2186.  1.029078E-15
2187.  1.029451E-15
2188.  1.029833E-15
2189.  1.030224E-15
2190.  1.030622E-15
2191.  1.031030E-15
2192.  1.031446E-15
2193.  1.031870E-15
2194.  1.032304E-15
2195.  1.032747E-15
2196.  1.033200E-15
2197.  1.033662E-15
2198.  1.034133E-15
2199.  1.034614E-15
2200.  1.035104E-15
2201.  1.035605E-15
2202.  1.036116E-15
2203.  1.036636E-15
2204.  1.037167E-15
2205.  1.037708E-15
2206.  1.038259E-15
2207.  1.038821E-15
2208.  1.039393E-15
2209.  1.039976E-15
2210.  1.040569E-15
2211.  1.041173E-15
2212.  1.041788E-15
2213.  1.042414E-15
2214.  1.043050E-15
2215.  1.043697E-15
2216.  1.044355E-15
2217.  1.045024E-15
2218.  1.045705E-15
2219.  1.046395E-15
2220.  1.047097E-15
2221.  1.047810E-15
2222.  1.048534E-15
2223.  1.049269E-15
2224.  1.050015E-15
2225.  1.050772E-15
2226.  1.051540E-15
2227.  1.052319E-15
2228.  1.053109E-15
2229.  1.053910E-15
2230.  1.054721E-15
2231.  1.055543E-15
2232.  1.056377E-15
2233.  1.057220E-15
2234.  1.058075E-15
2235.  1.058940E-15
2236.  1.059816E-15
2237.  1.060702E-15
2238.  1.061599E-15
2239.  1.062506E-15
2240.  1.063423E-15
2241.  1.064350E-15
2242.  1.065287E-15
2243.  1.066234E-15
2244.  1.067192E-15
2245.  1.068159E-15
2246.  1.069135E-15
2247.  1.070121E-15
2248.  1.071116E-15
2249.  1.072121E-15
2250.  1.073135E-15
2251.  1.074157E-15
2252.  1.075189E-15
2253.  1.076229E-15
2254.  1.077278E-15
2255.  1.078335E-15
2256.  1.079401E-15
2257.  1.080474E-15
2258.  1.081555E-15
2259.  1.082644E-15
2260.  1.083741E-15
2261.  1.084845E-15
2262.  1.085956E-15
2263.  1.087075E-15
2264.  1.088200E-15
2265.  1.089331E-15
2266.  1.090469E-15
2267.  1.091613E-15
2268.  1.092764E-15
2269.  1.093920E-15
2270.  1.095081E-15
2271.  1.096248E-15
2272.  1.097420E-15
2273.  1.098597E-15
2274.  1.099779E-15
2275.  1.100965E-15
2276.  1.102155E-15
2277.  1.103350E-15
2278.  1.104548E-15
2279.  1.105749E-15
2280.  1.106954E-15
2281.  1.108162E-15
2282.  1.109372E-15
2283.  1.110585E-15
2284.  1.111800E-15
2285.  1.113017E-15
2286.  1.114236E-15
2287.  1.115456E-15
2288.  1.116678E-15
2289.  1.117900E-15
2290.  1.119123E-15
2291.  1.120346E-15
2292.  1.121569E-15
2293.  1.122792E-15
2294.  1.124015E-15
2295.  1.125237E-15
2296.  1.126457E-15
2297.  1.127677E-15
2298.  1.128894E-15
2299.  1.130110E-15
2300.  1.131324E-15
2301.  1.132535E-15
2302.  1.133743E-15
2303.  1.134948E-15
2304.  1.136149E-15
2305.  1.137347E-15
2306.  1.138541E-15
2307.  1.139731E-15
2308.  1.140916E-15
2309.  1.142096E-15
2310.  1.143271E-15
2311.  1.144440E-15
2312.  1.145604E-15
2313.  1.146761E-15
2314.  1.147912E-15
2315.  1.149056E-15
2316.  1.150193E-15
2317.  1.151323E-15
2318.  1.152445E-15
2319.  1.153560E-15
2320.  1.154665E-15
2321.  1.155763E-15
2322.  1.156851E-15
2323.  1.157930E-15
2324.  1.159000E-15
2325.  1.160060E-15
2326.  1.161110E-15
2327.  1.162150E-15
2328.  1.163178E-15
2329.  1.164196E-15
2330.  1.165203E-15
2331.  1.166198E-15
2332.  1.167181E-15
2333.  1.168151E-15
2334.  1.169110E-15
2335.  1.170055E-15
2336.  1.170988E-15
2337.  1.171907E-15
2338.  1.172812E-15
2339.  1.173703E-15
2340.  1.174580E-15
2341.  1.175443E-15
2342.  1.176291E-15
2343.  1.177123E-15
2344.  1.177941E-15
2345.  1.178742E-15
2346.  1.179528E-15
2347.  1.180297E-15
2348.  1.181050E-15
2349.  1.181787E-15
2350.  1.182506E-15
2351.  1.183208E-15
2352.  1.183892E-15
2353.  1.184558E-15
2354.  1.185207E-15
2355.  1.185837E-15
2356.  1.186448E-15
2357.  1.187041E-15
2358.  1.187614E-15
2359.  1.188168E-15
2360.  1.188703E-15
2361.  1.189218E-15
2362.  1.189712E-15
2363.  1.190186E-15
2364.  1.190640E-15
2365.  1.191073E-15
2366.  1.191485E-15
2367.  1.191876E-15
2368.  1.192245E-15
2369.  1.192593E-15
2370.  1.192919E-15
2371.  1.193222E-15
2372.  1.193504E-15
2373.  1.193763E-15
2374.  1.193999E-15
2375.  1.194213E-15
2376.  1.194403E-15
2377.  1.194570E-15
2378.  1.194714E-15
2379.  1.194833E-15
2380.  1.194929E-15
2381.  1.195002E-15
2382.  1.195050E-15
2383.  1.195073E-15
2384.  1.195073E-15
2385.  1.195047E-15
2386.  1.194997E-15
2387.  1.194922E-15
2388.  1.194821E-15
2389.  1.194696E-15
2390.  1.194545E-15
2391.  1.194369E-15
2392.  1.194167E-15
2393.  1.193939E-15
2394.  1.193685E-15
2395.  1.193405E-15
2396.  1.193100E-15
2397.  1.192768E-15
2398.  1.192409E-15
2399.  1.192024E-15
2400.  1.191613E-15
2401.  1.191175E-15
2402.  1.190710E-15
2403.  1.190219E-15
2404.  1.189700E-15
2405.  1.189155E-15
2406.  1.188582E-15
2407.  1.187983E-15
2408.  1.187356E-15
2409.  1.186702E-15
2410.  1.186020E-15
2411.  1.185312E-15
2412.  1.184576E-15
2413.  1.183812E-15
2414.  1.183021E-15
2415.  1.182203E-15
2416.  1.181357E-15
2417.  1.180484E-15
2418.  1.179583E-15
2419.  1.178654E-15
2420.  1.177698E-15
2421.  1.176714E-15
2422.  1.175702E-15
2423.  1.174663E-15
2424.  1.173596E-15
2425.  1.172502E-15
2426.  1.171380E-15
2427.  1.170231E-15
2428.  1.169054E-15
2429.  1.167849E-15
2430.  1.166617E-15
2431.  1.165358E-15
2432.  1.164071E-15
2433.  1.162757E-15
2434.  1.161415E-15
2435.  1.160046E-15
2436.  1.158650E-15
2437.  1.157227E-15
2438.  1.155777E-15
2439.  1.154299E-15
2440.  1.152795E-15
2441.  1.151264E-15
2442.  1.149706E-15
2443.  1.148121E-15
2444.  1.146510E-15
2445.  1.144872E-15
2446.  1.143208E-15
2447.  1.141517E-15
2448.  1.139800E-15
2449.  1.138057E-15
2450.  1.136287E-15
2451.  1.134493E-15
2452.  1.132672E-15
2453.  1.130825E-15
2454.  1.128953E-15
2455.  1.127055E-15
2456.  1.125133E-15
2457.  1.123185E-15
2458.  1.121212E-15
2459.  1.119214E-15
2460.  1.117191E-15
2461.  1.115144E-15
2462.  1.113072E-15
2463.  1.110976E-15
2464.  1.108856E-15
2465.  1.106712E-15
2466.  1.104543E-15
2467.  1.102352E-15
2468.  1.100137E-15
2469.  1.097898E-15
2470.  1.095637E-15
2471.  1.093352E-15
2472.  1.091045E-15
2473.  1.088715E-15
2474.  1.086363E-15
2475.  1.083988E-15
2476.  1.081592E-15
2477.  1.079173E-15
2478.  1.076733E-15
2479.  1.074272E-15
2480.  1.071789E-15
2481.  1.069285E-15
2482.  1.066761E-15
2483.  1.064215E-15
2484.  1.061650E-15
2485.  1.059064E-15
2486.  1.056458E-15
2487.  1.053832E-15
2488.  1.051187E-15
2489.  1.048523E-15
2490.  1.045839E-15
2491.  1.043136E-15
2492.  1.040415E-15
2493.  1.037675E-15
2494.  1.034917E-15
2495.  1.032141E-15
2496.  1.029348E-15
2497.  1.026537E-15
2498.  1.023708E-15
2499.  1.020862E-15
2500.  1.018000E-15
2501.  1.015121E-15
2502.  1.012226E-15
2503.  1.009314E-15
2504.  1.006387E-15
2505.  1.003444E-15
2506.  1.000486E-15
2507.  9.975122E-16
2508.  9.945238E-16
2509.  9.915209E-16
2510.  9.885033E-16
2511.  9.854716E-16
2512.  9.824261E-16
2513.  9.793668E-16
2514.  9.762942E-16
2515.  9.732085E-16
2516.  9.701096E-16
2517.  9.669982E-16
2518.  9.638744E-16
2519.  9.607384E-16
2520.  9.575904E-16
2521.  9.544309E-16
2522.  9.512598E-16
2523.  9.480774E-16
2524.  9.448842E-16
2525.  9.416804E-16
2526.  9.384660E-16
2527.  9.352415E-16
2528.  9.320070E-16
2529.  9.287631E-16
2530.  9.255095E-16
2531.  9.222465E-16
2532.  9.189748E-16
2533.  9.156945E-16
2534.  9.124055E-16
2535.  9.091084E-16
2536.  9.058032E-16
2537.  9.024904E-16
2538.  8.991700E-16
2539.  8.958425E-16
2540.  8.925079E-16
2541.  8.891666E-16
2542.  8.858187E-16
2543.  8.824645E-16
2544.  8.791044E-16
2545.  8.757384E-16
2546.  8.723669E-16
2547.  8.689898E-16
2548.  8.656078E-16
2549.  8.622209E-16
2550.  8.588293E-16
2551.  8.554333E-16
2552.  8.520331E-16
2553.  8.486290E-16
2554.  8.452210E-16
2555.  8.418096E-16
2556.  8.383948E-16
2557.  8.349770E-16
2558.  8.315563E-16
2559.  8.281330E-16
2560.  8.247073E-16
2561.  8.212792E-16
2562.  8.178493E-16
2563.  8.144175E-16
2564.  8.109840E-16
2565.  8.075492E-16
2566.  8.041133E-16
2567.  8.006764E-16
2568.  7.972387E-16
2569.  7.938004E-16
2570.  7.903617E-16
2571.  7.869229E-16
2572.  7.834841E-16
2573.  7.800455E-16
2574.  7.766072E-16
2575.  7.731696E-16
2576.  7.697326E-16
2577.  7.662968E-16
2578.  7.628620E-16
2579.  7.594284E-16
2580.  7.559965E-16
2581.  7.525662E-16
2582.  7.491377E-16
2583.  7.457112E-16
2584.  7.422868E-16
2585.  7.388648E-16
2586.  7.354455E-16
2587.  7.320286E-16
2588.  7.286146E-16
2589.  7.252038E-16
2590.  7.217958E-16
2591.  7.183913E-16
2592.  7.149903E-16
2593.  7.115928E-16
2594.  7.081992E-16
2595.  7.048092E-16
2596.  7.014234E-16
2597.  6.980418E-16
2598.  6.946646E-16
2599.  6.912918E-16
2600.  6.879234E-16
2601.  6.845601E-16
2602.  6.812014E-16
2603.  6.778476E-16
2604.  6.744990E-16
2605.  6.711557E-16
2606.  6.678177E-16
2607.  6.644852E-16
2608.  6.611582E-16
2609.  6.578371E-16
2610.  6.545216E-16
2611.  6.512122E-16
2612.  6.479088E-16
2613.  6.446114E-16
2614.  6.413205E-16
2615.  6.380358E-16
2616.  6.347575E-16
2617.  6.314858E-16
2618.  6.282209E-16
2619.  6.249625E-16
2620.  6.217111E-16
2621.  6.184666E-16
2622.  6.152290E-16
2623.  6.119986E-16
2624.  6.087754E-16
2625.  6.055595E-16
2626.  6.023510E-16
2627.  5.991499E-16
2628.  5.959562E-16
2629.  5.927702E-16
2630.  5.895919E-16
2631.  5.864213E-16
2632.  5.832583E-16
2633.  5.801035E-16
2634.  5.769564E-16
2635.  5.738175E-16
2636.  5.706865E-16
2637.  5.675638E-16
2638.  5.644493E-16
2639.  5.613428E-16
2640.  5.582448E-16
2641.  5.551552E-16
2642.  5.520739E-16
2643.  5.490011E-16
2644.  5.459370E-16
2645.  5.428813E-16
2646.  5.398344E-16
2647.  5.367960E-16
2648.  5.337664E-16
2649.  5.307455E-16
2650.  5.277335E-16
2651.  5.247302E-16
2652.  5.217358E-16
2653.  5.187505E-16
2654.  5.157740E-16
2655.  5.128067E-16
2656.  5.098483E-16
2657.  5.068989E-16
2658.  5.039588E-16
2659.  5.010277E-16
2660.  4.981058E-16
2661.  4.951931E-16
2662.  4.922897E-16
2663.  4.893955E-16
2664.  4.865104E-16
2665.  4.836348E-16
2666.  4.807686E-16
2667.  4.779117E-16
2668.  4.750640E-16
2669.  4.722260E-16
2670.  4.693973E-16
2671.  4.665779E-16
2672.  4.637681E-16
2673.  4.609678E-16
2674.  4.581771E-16
2675.  4.553957E-16
2676.  4.526240E-16
2677.  4.498617E-16
2678.  4.471092E-16
2679.  4.443662E-16
2680.  4.416325E-16
2681.  4.389088E-16
2682.  4.361946E-16
2683.  4.334900E-16
2684.  4.307951E-16
2685.  4.281098E-16
2686.  4.254342E-16
2687.  4.227683E-16
2688.  4.201120E-16
2689.  4.174655E-16
2690.  4.148287E-16
2691.  4.122016E-16
2692.  4.095842E-16
2693.  4.069765E-16
2694.  4.043786E-16
2695.  4.017905E-16
2696.  3.992119E-16
2697.  3.966434E-16
2698.  3.940844E-16
2699.  3.915353E-16
2700.  3.889960E-16
2701.  3.864664E-16
2702.  3.839465E-16
2703.  3.814366E-16
2704.  3.789364E-16
2705.  3.764460E-16
2706.  3.739654E-16
2707.  3.714946E-16
2708.  3.690335E-16
2709.  3.665823E-16
2710.  3.641410E-16
2711.  3.617094E-16
2712.  3.592876E-16
2713.  3.568757E-16
2714.  3.544737E-16
2715.  3.520814E-16
2716.  3.496989E-16
2717.  3.473262E-16
2718.  3.449634E-16
2719.  3.426105E-16
2720.  3.402674E-16
2721.  3.379341E-16
2722.  3.356107E-16
2723.  3.332970E-16
2724.  3.309932E-16
2725.  3.286992E-16
2726.  3.264151E-16
2727.  3.241408E-16
2728.  3.218763E-16
2729.  3.196218E-16
2730.  3.173771E-16
2731.  3.151421E-16
2732.  3.129170E-16
2733.  3.107018E-16
2734.  3.084964E-16
2735.  3.063008E-16
2736.  3.041152E-16
2737.  3.019393E-16
2738.  2.997734E-16
2739.  2.976171E-16
2740.  2.954708E-16
2741.  2.933343E-16
2742.  2.912077E-16
2743.  2.890909E-16
2744.  2.869839E-16
2745.  2.848869E-16
2746.  2.827996E-16
2747.  2.807221E-16
2748.  2.786545E-16
2749.  2.765967E-16
2750.  2.745489E-16
2751.  2.725108E-16
2752.  2.704825E-16
2753.  2.684642E-16
2754.  2.664555E-16
2755.  2.644568E-16
2756.  2.624679E-16
2757.  2.604888E-16
2758.  2.585196E-16
2759.  2.565602E-16
2760.  2.546105E-16
2761.  2.526708E-16
2762.  2.507409E-16
2763.  2.488207E-16
2764.  2.469105E-16
2765.  2.450099E-16
2766.  2.431192E-16
2767.  2.412384E-16
2768.  2.393672E-16
2769.  2.375060E-16
2770.  2.356546E-16
2771.  2.338129E-16
2772.  2.319810E-16
2773.  2.301588E-16
2774.  2.283466E-16
2775.  2.265440E-16
2776.  2.247514E-16
2777.  2.229683E-16
2778.  2.211951E-16
2779.  2.194316E-16
2780.  2.176779E-16
2781.  2.159340E-16
2782.  2.141998E-16
2783.  2.124753E-16
2784.  2.107606E-16
2785.  2.090557E-16
2786.  2.073604E-16
2787.  2.056748E-16
2788.  2.039990E-16
2789.  2.023329E-16
2790.  2.006764E-16
2791.  1.990297E-16
2792.  1.973925E-16
2793.  1.957651E-16
2794.  1.941474E-16
2795.  1.925392E-16
2796.  1.909408E-16
2797.  1.893519E-16
2798.  1.877727E-16
2799.  1.862032E-16
2800.  1.846432E-16
2801.  1.830928E-16
2802.  1.815521E-16
2803.  1.800208E-16
2804.  1.784991E-16
2805.  1.769871E-16
2806.  1.754845E-16
2807.  1.739915E-16
2808.  1.725079E-16
2809.  1.710340E-16
2810.  1.695695E-16
2811.  1.681143E-16
2812.  1.666687E-16
2813.  1.652326E-16
2814.  1.638059E-16
2815.  1.623886E-16
2816.  1.609807E-16
2817.  1.595823E-16
2818.  1.581932E-16
2819.  1.568134E-16
2820.  1.554430E-16
2821.  1.540819E-16
2822.  1.527301E-16
2823.  1.513877E-16
2824.  1.500544E-16
2825.  1.487306E-16
2826.  1.474158E-16
2827.  1.461104E-16
2828.  1.448141E-16
2829.  1.435270E-16
2830.  1.422491E-16
2831.  1.409803E-16
2832.  1.397207E-16
2833.  1.384703E-16
2834.  1.372289E-16
2835.  1.359965E-16
2836.  1.347732E-16
2837.  1.335590E-16
2838.  1.323537E-16
2839.  1.311575E-16
2840.  1.299702E-16
2841.  1.287919E-16
2842.  1.276225E-16
2843.  1.264620E-16
2844.  1.253104E-16
2845.  1.241676E-16
2846.  1.230337E-16
2847.  1.219086E-16
2848.  1.207922E-16
2849.  1.196848E-16
2850.  1.185860E-16
2851.  1.174958E-16
2852.  1.164144E-16
2853.  1.153417E-16
2854.  1.142777E-16
2855.  1.132222E-16
2856.  1.121753E-16
2857.  1.111372E-16
2858.  1.101074E-16
2859.  1.090862E-16
2860.  1.080734E-16
2861.  1.070693E-16
2862.  1.060735E-16
2863.  1.050861E-16
2864.  1.041072E-16
2865.  1.031366E-16
2866.  1.021744E-16
2867.  1.012205E-16
2868.  1.002748E-16
2869.  9.933740E-17
2870.  9.840839E-17
2871.  9.748744E-17
2872.  9.657467E-17
2873.  9.567019E-17
2874.  9.477378E-17
2875.  9.388540E-17
2876.  9.300512E-17
2877.  9.213300E-17
2878.  9.126878E-17
2879.  9.041264E-17
2880.  8.956436E-17
2881.  8.872417E-17
2882.  8.789195E-17
2883.  8.706742E-17
2884.  8.625073E-17
2885.  8.544203E-17
2886.  8.464116E-17
2887.  8.384797E-17
2888.  8.306254E-17
2889.  8.228487E-17
2890.  8.151485E-17
2891.  8.075253E-17
2892.  7.999791E-17
2893.  7.925080E-17
2894.  7.851141E-17
2895.  7.777946E-17
2896.  7.705502E-17
2897.  7.633819E-17
2898.  7.562887E-17
2899.  7.492687E-17
2900.  7.423236E-17
2901.  7.354523E-17
2902.  7.286555E-17
2903.  7.219313E-17
2904.  7.152807E-17
2905.  7.087029E-17
2906.  7.021979E-17
2907.  6.957646E-17
2908.  6.894037E-17
2909.  6.831146E-17
2910.  6.768973E-17
2911.  6.707512E-17
2912.  6.646763E-17
2913.  6.586724E-17
2914.  6.527387E-17
2915.  6.468748E-17
2916.  6.410809E-17
2917.  6.353581E-17
2918.  6.297034E-17
2919.  6.241182E-17
2920.  6.186022E-17
2921.  6.131549E-17
2922.  6.077766E-17
2923.  6.024651E-17
2924.  5.972226E-17
2925.  5.920478E-17
2926.  5.869400E-17
2927.  5.818995E-17
2928.  5.769258E-17
2929.  5.720190E-17
2930.  5.671793E-17
2931.  5.624034E-17
2932.  5.576962E-17
2933.  5.530537E-17
2934.  5.484772E-17
2935.  5.439652E-17
2936.  5.395181E-17
2937.  5.351364E-17
2938.  5.308187E-17
2939.  5.265656E-17
2940.  5.223764E-17
2941.  5.182510E-17
2942.  5.141896E-17
2943.  5.101904E-17
2944.  5.062546E-17
2945.  5.023830E-17
2946.  4.985736E-17
2947.  4.948251E-17
2948.  4.911404E-17
2949.  4.875163E-17
2950.  4.839550E-17
2951.  4.804548E-17
2952.  4.770154E-17
2953.  4.736386E-17
2954.  4.703218E-17
2955.  4.670650E-17
2956.  4.638690E-17
2957.  4.607335E-17
2958.  4.576583E-17
2959.  4.546412E-17
2960.  4.516846E-17
2961.  4.487886E-17
2962.  4.459512E-17
2963.  4.431713E-17
2964.  4.404502E-17
2965.  4.377886E-17
2966.  4.351840E-17
2967.  4.326386E-17
2968.  4.301506E-17
2969.  4.277209E-17
2970.  4.253479E-17
2971.  4.230311E-17
2972.  4.207734E-17
2973.  4.185710E-17
2974.  4.164252E-17
2975.  4.143365E-17
2976.  4.123034E-17
2977.  4.103276E-17
2978.  4.084054E-17
2979.  4.065402E-17
2980.  4.047297E-17
2981.  4.029743E-17
2982.  4.012754E-17
2983.  3.996294E-17
2984.  3.980385E-17
2985.  3.965025E-17
2986.  3.950203E-17
2987.  3.935927E-17
2988.  3.922176E-17
2989.  3.908975E-17
2990.  3.896297E-17
2991.  3.884157E-17
2992.  3.872540E-17
2993.  3.861456E-17
2994.  3.850902E-17
2995.  3.840866E-17
2996.  3.831354E-17
2997.  3.822364E-17
2998.  3.813900E-17
2999.  3.805945E-17
3000.  3.798502E-17
3001.  3.791572E-17
3002.  3.785152E-17
3003.  3.779245E-17
3004.  3.773845E-17
3005.  3.768950E-17
3006.  3.764566E-17
3007.  3.760665E-17
3008.  3.757281E-17
3009.  3.754396E-17
3010.  3.752001E-17
3011.  3.750100E-17
3012.  3.748685E-17
3013.  3.747773E-17
3014.  3.747352E-17
3015.  3.747406E-17
3016.  3.747949E-17
3017.  3.748979E-17
3018.  3.750495E-17
3019.  3.752479E-17
3020.  3.754955E-17
3021.  3.757900E-17
3022.  3.761319E-17
3023.  3.765209E-17
3024.  3.769576E-17
3025.  3.774421E-17
3026.  3.779721E-17
3027.  3.785491E-17
3028.  3.791730E-17
3029.  3.798423E-17
3030.  3.805585E-17
3031.  3.813203E-17
3032.  3.821287E-17
3033.  3.829815E-17
3034.  3.838809E-17
3035.  3.848245E-17
3036.  3.858142E-17
3037.  3.868488E-17
3038.  3.879278E-17
3039.  3.890514E-17
3040.  3.902210E-17
3041.  3.914341E-17
3042.  3.926913E-17
3043.  3.939921E-17
3044.  3.953375E-17
3045.  3.967271E-17
3046.  3.981602E-17
3047.  3.996360E-17
3048.  4.011557E-17
3049.  4.027187E-17
3050.  4.043248E-17
3051.  4.059735E-17
3052.  4.076643E-17
3053.  4.093991E-17
3054.  4.111762E-17
3055.  4.129958E-17
3056.  4.148571E-17
3057.  4.167606E-17
3058.  4.187068E-17
3059.  4.206944E-17
3060.  4.227240E-17
3061.  4.247954E-17
3062.  4.269084E-17
3063.  4.290620E-17
3064.  4.312576E-17
3065.  4.334952E-17
3066.  4.357729E-17
3067.  4.380912E-17
3068.  4.404512E-17
3069.  4.428511E-17
3070.  4.452930E-17
3071.  4.477743E-17
3072.  4.502967E-17
3073.  4.528603E-17
3074.  4.554625E-17
3075.  4.581063E-17
3076.  4.607894E-17
3077.  4.635118E-17
3078.  4.662757E-17
3079.  4.690789E-17
3080.  4.719213E-17
3081.  4.748053E-17
3082.  4.777282E-17
3083.  4.806897E-17
3084.  4.836913E-17
3085.  4.867319E-17
3086.  4.898129E-17
3087.  4.929321E-17
3088.  4.960914E-17
3089.  4.992901E-17
3090.  5.025278E-17
3091.  5.058045E-17
3092.  5.091207E-17
3093.  5.124751E-17
3094.  5.158694E-17
3095.  5.193026E-17
3096.  5.227740E-17
3097.  5.262851E-17
3098.  5.298345E-17
3099.  5.334226E-17
3100.  5.370505E-17
3101.  5.407170E-17
3102.  5.444217E-17
3103.  5.481653E-17
3104.  5.519480E-17
3105.  5.557699E-17
3106.  5.596296E-17
3107.  5.635288E-17
3108.  5.674657E-17
3109.  5.714416E-17
3110.  5.754579E-17
3111.  5.795119E-17
3112.  5.836036E-17
3113.  5.877362E-17
3114.  5.919069E-17
3115.  5.961160E-17
3116.  6.003631E-17
3117.  6.046505E-17
3118.  6.089762E-17
3119.  6.133413E-17
3120.  6.177454E-17
3121.  6.221877E-17
3122.  6.266692E-17
3123.  6.311901E-17
3124.  6.357498E-17
3125.  6.403482E-17
3126.  6.449876E-17
3127.  6.496642E-17
3128.  6.543806E-17
3129.  6.591372E-17
3130.  6.639328E-17
3131.  6.687676E-17
3132.  6.736411E-17
3133.  6.785557E-17
3134.  6.835091E-17
3135.  6.885025E-17
3136.  6.935356E-17
3137.  6.986079E-17
3138.  7.037203E-17
3139.  7.088725E-17
3140.  7.140641E-17
3141.  7.192973E-17
3142.  7.245702E-17
3143.  7.298827E-17
3144.  7.352349E-17
3145.  7.406297E-17
3146.  7.460634E-17
3147.  7.515372E-17
3148.  7.570519E-17
3149.  7.626076E-17
3150.  7.682033E-17
3151.  7.738404E-17
3152.  7.795181E-17
3153.  7.852371E-17
3154.  7.909967E-17
3155.  7.967969E-17
3156.  8.026392E-17
3157.  8.085221E-17
3158.  8.144473E-17
3159.  8.204126E-17
3160.  8.264199E-17
3161.  8.324691E-17
3162.  8.385594E-17
3163.  8.446921E-17
3164.  8.508656E-17
3165.  8.570817E-17
3166.  8.633389E-17
3167.  8.696389E-17
3168.  8.759800E-17
3169.  8.823640E-17
3170.  8.887894E-17
3171.  8.952575E-17
3172.  9.017671E-17
3173.  9.083198E-17
3174.  9.149156E-17
3175.  9.215523E-17
3176.  9.282314E-17
3177.  9.349535E-17
3178.  9.417191E-17
3179.  9.485254E-17
3180.  9.553748E-17
3181.  9.622683E-17
3182.  9.692026E-17
3183.  9.761805E-17
3184.  9.832014E-17
3185.  9.902644E-17
3186.  9.973706E-17
3187.  1.004519E-16
3188.  1.011711E-16
3189.  1.018945E-16
3190.  1.026222E-16
3191.  1.033542E-16
3192.  1.040904E-16
3193.  1.048309E-16
3194.  1.055757E-16
3195.  1.063247E-16
3196.  1.070780E-16
3197.  1.078355E-16
3198.  1.085973E-16
3199.  1.093634E-16
3200.  1.101337E-16
3201.  1.109083E-16
3202.  1.116870E-16
3203.  1.124700E-16
3204.  1.132571E-16
3205.  1.140485E-16
3206.  1.148441E-16
3207.  1.156439E-16
3208.  1.164477E-16
3209.  1.172559E-16
3210.  1.180681E-16
3211.  1.188845E-16
3212.  1.197049E-16
3213.  1.205295E-16
3214.  1.213582E-16
3215.  1.221909E-16
3216.  1.230277E-16
3217.  1.238685E-16
3218.  1.247135E-16
3219.  1.255622E-16
3220.  1.264151E-16
3221.  1.272718E-16
3222.  1.281325E-16
3223.  1.289972E-16
3224.  1.298656E-16
3225.  1.307380E-16
3226.  1.316143E-16
3227.  1.324942E-16
3228.  1.333780E-16
3229.  1.342655E-16
3230.  1.351567E-16
3231.  1.360516E-16
3232.  1.369502E-16
3233.  1.378524E-16
3234.  1.387582E-16
3235.  1.396675E-16
3236.  1.405804E-16
3237.  1.414967E-16
3238.  1.424166E-16
3239.  1.433397E-16
3240.  1.442662E-16
3241.  1.451962E-16
3242.  1.461294E-16
3243.  1.470657E-16
3244.  1.480052E-16
3245.  1.489480E-16
3246.  1.498938E-16
3247.  1.508428E-16
3248.  1.517946E-16
3249.  1.527495E-16
3250.  1.537072E-16
3251.  1.546678E-16
3252.  1.556312E-16
3253.  1.565974E-16
3254.  1.575663E-16
3255.  1.585377E-16
3256.  1.595117E-16
3257.  1.604883E-16
3258.  1.614673E-16
3259.  1.624487E-16
3260.  1.634324E-16
3261.  1.644184E-16
3262.  1.654066E-16
3263.  1.663970E-16
3264.  1.673893E-16
3265.  1.683839E-16
3266.  1.693802E-16
3267.  1.703784E-16
3268.  1.713785E-16
3269.  1.723802E-16
3270.  1.733836E-16
3271.  1.743885E-16
3272.  1.753950E-16
3273.  1.764030E-16
3274.  1.774122E-16
3275.  1.784226E-16
3276.  1.794343E-16
3277.  1.804471E-16
3278.  1.814610E-16
3279.  1.824757E-16
3280.  1.834913E-16
3281.  1.845077E-16
3282.  1.855248E-16
3283.  1.865424E-16
3284.  1.875606E-16
3285.  1.885792E-16
3286.  1.895982E-16
3287.  1.906173E-16
3288.  1.916367E-16
3289.  1.926560E-16
3290.  1.936753E-16
3291.  1.946946E-16
3292.  1.957135E-16
3293.  1.967322E-16
3294.  1.977503E-16
3295.  1.987680E-16
3296.  1.997851E-16
3297.  2.008015E-16
3298.  2.018170E-16
3299.  2.028316E-16
3300.  2.038451E-16
3301.  2.048577E-16
3302.  2.058689E-16
3303.  2.068788E-16
3304.  2.078872E-16
3305.  2.088941E-16
3306.  2.098994E-16
3307.  2.109028E-16
3308.  2.119043E-16
3309.  2.129039E-16
3310.  2.139015E-16
3311.  2.148968E-16
3312.  2.158898E-16
3313.  2.168803E-16
3314.  2.178684E-16
3315.  2.188538E-16
3316.  2.198364E-16
3317.  2.208162E-16
3318.  2.217930E-16
3319.  2.227666E-16
3320.  2.237371E-16
3321.  2.247043E-16
3322.  2.256679E-16
3323.  2.266280E-16
3324.  2.275845E-16
3325.  2.285371E-16
3326.  2.294858E-16
3327.  2.304306E-16
3328.  2.313712E-16
3329.  2.323075E-16
3330.  2.332395E-16
3331.  2.341669E-16
3332.  2.350897E-16
3333.  2.360079E-16
3334.  2.369210E-16
3335.  2.378295E-16
3336.  2.387327E-16
3337.  2.396307E-16
3338.  2.405235E-16
3339.  2.414107E-16
3340.  2.422925E-16
3341.  2.431685E-16
3342.  2.440388E-16
3343.  2.449032E-16
3344.  2.457616E-16
3345.  2.466139E-16
3346.  2.474599E-16
3347.  2.482996E-16
3348.  2.491328E-16
3349.  2.499593E-16
3350.  2.507792E-16
3351.  2.515923E-16
3352.  2.523984E-16
3353.  2.531975E-16
3354.  2.539894E-16
3355.  2.547741E-16
3356.  2.555514E-16
3357.  2.563212E-16
3358.  2.570834E-16
3359.  2.578378E-16
3360.  2.585845E-16
3361.  2.593232E-16
3362.  2.600538E-16
3363.  2.607765E-16
3364.  2.614907E-16
3365.  2.621966E-16
3366.  2.628942E-16
3367.  2.635831E-16
3368.  2.642632E-16
3369.  2.649348E-16
3370.  2.655974E-16
3371.  2.662510E-16
3372.  2.668956E-16
3373.  2.675310E-16
3374.  2.681571E-16
3375.  2.687740E-16
3376.  2.693814E-16
3377.  2.699792E-16
3378.  2.705674E-16
3379.  2.711458E-16
3380.  2.717144E-16
3381.  2.722732E-16
3382.  2.728220E-16
3383.  2.733606E-16
3384.  2.738892E-16
3385.  2.744074E-16
3386.  2.749154E-16
3387.  2.754128E-16
3388.  2.758998E-16
3389.  2.763763E-16
3390.  2.768421E-16
3391.  2.772972E-16
3392.  2.777415E-16
3393.  2.781749E-16
3394.  2.785976E-16
3395.  2.790089E-16
3396.  2.794093E-16
3397.  2.797986E-16
3398.  2.801767E-16
3399.  2.805435E-16
3400.  2.808989E-16
3401.  2.812432E-16
3402.  2.815757E-16
3403.  2.818969E-16
3404.  2.822064E-16
3405.  2.825044E-16
3406.  2.827907E-16
3407.  2.830652E-16
3408.  2.833281E-16
3409.  2.835792E-16
3410.  2.838184E-16
3411.  2.840456E-16
3412.  2.842610E-16
3413.  2.844643E-16
3414.  2.846557E-16
3415.  2.848350E-16
3416.  2.850023E-16
3417.  2.851573E-16
3418.  2.853004E-16
3419.  2.854311E-16
3420.  2.855497E-16
3421.  2.856561E-16
3422.  2.857502E-16
3423.  2.858321E-16
3424.  2.859017E-16
3425.  2.859590E-16
3426.  2.860039E-16
3427.  2.860366E-16
3428.  2.860567E-16
3429.  2.860647E-16
3430.  2.860603E-16
3431.  2.860435E-16
3432.  2.860144E-16
3433.  2.859729E-16
3434.  2.859190E-16
3435.  2.858525E-16
3436.  2.857739E-16
3437.  2.856829E-16
3438.  2.855796E-16
3439.  2.854639E-16
3440.  2.853358E-16
3441.  2.851955E-16
3442.  2.850427E-16
3443.  2.848779E-16
3444.  2.847006E-16
3445.  2.845111E-16
3446.  2.843095E-16
3447.  2.840956E-16
3448.  2.838695E-16
3449.  2.836313E-16
3450.  2.833810E-16
3451.  2.831185E-16
3452.  2.828440E-16
3453.  2.825575E-16
3454.  2.822590E-16
3455.  2.819486E-16
3456.  2.816263E-16
3457.  2.812922E-16
3458.  2.809462E-16
3459.  2.805884E-16
3460.  2.802189E-16
3461.  2.798377E-16
3462.  2.794449E-16
3463.  2.790407E-16
3464.  2.786248E-16
3465.  2.781976E-16
3466.  2.777589E-16
3467.  2.773088E-16
3468.  2.768474E-16
3469.  2.763749E-16
3470.  2.758912E-16
3471.  2.753964E-16
3472.  2.748906E-16
3473.  2.743739E-16
3474.  2.738463E-16
3475.  2.733079E-16
3476.  2.727586E-16
3477.  2.721987E-16
3478.  2.716283E-16
3479.  2.710474E-16
3480.  2.704561E-16
3481.  2.698543E-16
3482.  2.692423E-16
3483.  2.686202E-16
3484.  2.679879E-16
3485.  2.673456E-16
3486.  2.666934E-16
3487.  2.660313E-16
3488.  2.653595E-16
3489.  2.646780E-16
3490.  2.639870E-16
3491.  2.632864E-16
3492.  2.625765E-16
3493.  2.618572E-16
3494.  2.611289E-16
3495.  2.603914E-16
3496.  2.596448E-16
3497.  2.588894E-16
3498.  2.581251E-16
3499.  2.573523E-16
3500.  2.565706E-16
3501.  2.557807E-16
3502.  2.549822E-16
3503.  2.541755E-16
3504.  2.533606E-16
3505.  2.525376E-16
3506.  2.517066E-16
3507.  2.508679E-16
3508.  2.500212E-16
3509.  2.491670E-16
3510.  2.483052E-16
3511.  2.474361E-16
3512.  2.465595E-16
3513.  2.456758E-16
3514.  2.447849E-16
3515.  2.438870E-16
3516.  2.429823E-16
3517.  2.420708E-16
3518.  2.411528E-16
3519.  2.402281E-16
3520.  2.392970E-16
3521.  2.383597E-16
3522.  2.374162E-16
3523.  2.364665E-16
3524.  2.355108E-16
3525.  2.345495E-16
3526.  2.335823E-16
3527.  2.326096E-16
3528.  2.316314E-16
3529.  2.306477E-16
3530.  2.296588E-16
3531.  2.286647E-16
3532.  2.276657E-16
3533.  2.266617E-16
3534.  2.256531E-16
3535.  2.246396E-16
3536.  2.236216E-16
3537.  2.225993E-16
3538.  2.215726E-16
3539.  2.205415E-16
3540.  2.195066E-16
3541.  2.184676E-16
3542.  2.174248E-16
3543.  2.163782E-16
3544.  2.153281E-16
3545.  2.142744E-16
3546.  2.132174E-16
3547.  2.121570E-16
3548.  2.110936E-16
3549.  2.100271E-16
3550.  2.089577E-16
3551.  2.078854E-16
3552.  2.068105E-16
3553.  2.057331E-16
3554.  2.046530E-16
3555.  2.035707E-16
3556.  2.024862E-16
3557.  2.013996E-16
3558.  2.003109E-16
3559.  1.992203E-16
3560.  1.981279E-16
3561.  1.970339E-16
3562.  1.959382E-16
3563.  1.948411E-16
3564.  1.937427E-16
3565.  1.926430E-16
3566.  1.915421E-16
3567.  1.904403E-16
3568.  1.893376E-16
3569.  1.882340E-16
3570.  1.871298E-16
3571.  1.860248E-16
3572.  1.849194E-16
3573.  1.838136E-16
3574.  1.827075E-16
3575.  1.816011E-16
3576.  1.804948E-16
3577.  1.793884E-16
3578.  1.782821E-16
3579.  1.771760E-16
3580.  1.760701E-16
3581.  1.749646E-16
3582.  1.738598E-16
3583.  1.727555E-16
3584.  1.716518E-16
3585.  1.705489E-16
3586.  1.694468E-16
3587.  1.683457E-16
3588.  1.672457E-16
3589.  1.661468E-16
3590.  1.650492E-16
3591.  1.639528E-16
3592.  1.628579E-16
3593.  1.617644E-16
3594.  1.606725E-16
3595.  1.595823E-16
3596.  1.584937E-16
3597.  1.574070E-16
3598.  1.563222E-16
3599.  1.552394E-16
3600.  1.541586E-16
3601.  1.530800E-16
3602.  1.520036E-16
3603.  1.509295E-16
3604.  1.498578E-16
3605.  1.487884E-16
3606.  1.477216E-16
3607.  1.466574E-16
3608.  1.455959E-16
3609.  1.445370E-16
3610.  1.434809E-16
3611.  1.424277E-16
3612.  1.413775E-16
3613.  1.403302E-16
3614.  1.392860E-16
3615.  1.382449E-16
3616.  1.372071E-16
3617.  1.361724E-16
3618.  1.351410E-16
3619.  1.341130E-16
3620.  1.330885E-16
3621.  1.320673E-16
3622.  1.310497E-16
3623.  1.300358E-16
3624.  1.290255E-16
3625.  1.280189E-16
3626.  1.270161E-16
3627.  1.260170E-16
3628.  1.250217E-16
3629.  1.240304E-16
3630.  1.230431E-16
3631.  1.220597E-16
3632.  1.210804E-16
3633.  1.201052E-16
3634.  1.191340E-16
3635.  1.181671E-16
3636.  1.172044E-16
3637.  1.162458E-16
3638.  1.152918E-16
3639.  1.143419E-16
3640.  1.133964E-16
3641.  1.124552E-16
3642.  1.115186E-16
3643.  1.105864E-16
3644.  1.096587E-16
3645.  1.087356E-16
3646.  1.078170E-16
3647.  1.069031E-16
3648.  1.059937E-16
3649.  1.050890E-16
3650.  1.041891E-16
3651.  1.032938E-16
3652.  1.024032E-16
3653.  1.015174E-16
3654.  1.006364E-16
3655.  9.976028E-17
3656.  9.888873E-17
3657.  9.802235E-17
3658.  9.716071E-17
3659.  9.630385E-17
3660.  9.545199E-17
3661.  9.460509E-17
3662.  9.376309E-17
3663.  9.292599E-17
3664.  9.209387E-17
3665.  9.126681E-17
3666.  9.044471E-17
3667.  8.962748E-17
3668.  8.881551E-17
3669.  8.800835E-17
3670.  8.720634E-17
3671.  8.640932E-17
3672.  8.561746E-17
3673.  8.483054E-17
3674.  8.404870E-17
3675.  8.327189E-17
3676.  8.250012E-17
3677.  8.173358E-17
3678.  8.097202E-17
3679.  8.021552E-17
3680.  7.946413E-17
3681.  7.871778E-17
3682.  7.797661E-17
3683.  7.724043E-17
3684.  7.650935E-17
3685.  7.578332E-17
3686.  7.506246E-17
3687.  7.434657E-17
3688.  7.363571E-17
3689.  7.292996E-17
3690.  7.222929E-17
3691.  7.153360E-17
3692.  7.084294E-17
3693.  7.015735E-17
3694.  6.947681E-17
3695.  6.880118E-17
3696.  6.813071E-17
3697.  6.746508E-17
3698.  6.680448E-17
3699.  6.614879E-17
3700.  6.549820E-17
3701.  6.485244E-17
3702.  6.421166E-17
3703.  6.357584E-17
3704.  6.294479E-17
3705.  6.231872E-17
3706.  6.169748E-17
3707.  6.108111E-17
3708.  6.046956E-17
3709.  5.986288E-17
3710.  5.926098E-17
3711.  5.866380E-17
3712.  5.807149E-17
3713.  5.748396E-17
3714.  5.690108E-17
3715.  5.632289E-17
3716.  5.574939E-17
3717.  5.518060E-17
3718.  5.461646E-17
3719.  5.405700E-17
3720.  5.350202E-17
3721.  5.295173E-17
3722.  5.240603E-17
3723.  5.186489E-17
3724.  5.132810E-17
3725.  5.079589E-17
3726.  5.026816E-17
3727.  4.974487E-17
3728.  4.922608E-17
3729.  4.871167E-17
3730.  4.820163E-17
3731.  4.769592E-17
3732.  4.719448E-17
3733.  4.669740E-17
3734.  4.620461E-17
3735.  4.571606E-17
3736.  4.523165E-17
3737.  4.475153E-17
3738.  4.427562E-17
3739.  4.380380E-17
3740.  4.333608E-17
3741.  4.287239E-17
3742.  4.241291E-17
3743.  4.195733E-17
3744.  4.150594E-17
3745.  4.105835E-17
3746.  4.061482E-17
3747.  4.017516E-17
3748.  3.973944E-17
3749.  3.930757E-17
3750.  3.887951E-17
3751.  3.845534E-17
3752.  3.803484E-17
3753.  3.761819E-17
3754.  3.720528E-17
3755.  3.679601E-17
3756.  3.639038E-17
3757.  3.598851E-17
3758.  3.559021E-17
3759.  3.519544E-17
3760.  3.480438E-17
3761.  3.441674E-17
3762.  3.403259E-17
3763.  3.365192E-17
3764.  3.327468E-17
3765.  3.290095E-17
3766.  3.253056E-17
3767.  3.216355E-17
3768.  3.179983E-17
3769.  3.143947E-17
3770.  3.108232E-17
3771.  3.072842E-17
3772.  3.037777E-17
3773.  3.003036E-17
3774.  2.968614E-17
3775.  2.934494E-17
3776.  2.900691E-17
3777.  2.867195E-17
3778.  2.834011E-17
3779.  2.801114E-17
3780.  2.768537E-17
3781.  2.736248E-17
3782.  2.704251E-17
3783.  2.672554E-17
3784.  2.641139E-17
3785.  2.610026E-17
3786.  2.579188E-17
3787.  2.548629E-17
3788.  2.518349E-17
3789.  2.488346E-17
3790.  2.458625E-17
3791.  2.429175E-17
3792.  2.399987E-17
3793.  2.371076E-17
3794.  2.342425E-17
3795.  2.314031E-17
3796.  2.285909E-17
3797.  2.258035E-17
3798.  2.230422E-17
3799.  2.203065E-17
3800.  2.175955E-17
3801.  2.149087E-17
3802.  2.122473E-17
3803.  2.096101E-17
3804.  2.069963E-17
3805.  2.044079E-17
3806.  2.018432E-17
3807.  1.993016E-17
3808.  1.967833E-17
3809.  1.942884E-17
3810.  1.918160E-17
3811.  1.893676E-17
3812.  1.869411E-17
3813.  1.845374E-17
3814.  1.821551E-17
3815.  1.797953E-17
3816.  1.774572E-17
3817.  1.751409E-17
3818.  1.728468E-17
3819.  1.705733E-17
3820.  1.683206E-17
3821.  1.660898E-17
3822.  1.638807E-17
3823.  1.616904E-17
3824.  1.595212E-17
3825.  1.573731E-17
3826.  1.552454E-17
3827.  1.531368E-17
3828.  1.510486E-17
3829.  1.489813E-17
3830.  1.469333E-17
3831.  1.449045E-17
3832.  1.428948E-17
3833.  1.409059E-17
3834.  1.389349E-17
3835.  1.369832E-17
3836.  1.350502E-17
3837.  1.331373E-17
3838.  1.312428E-17
3839.  1.293673E-17
3840.  1.275100E-17
3841.  1.256716E-17
3842.  1.238514E-17
3843.  1.220495E-17
3844.  1.202657E-17
3845.  1.185007E-17
3846.  1.167536E-17
3847.  1.150251E-17
3848.  1.133138E-17
3849.  1.116211E-17
3850.  1.099466E-17
3851.  1.082893E-17
3852.  1.066495E-17
3853.  1.050277E-17
3854.  1.034241E-17
3855.  1.018377E-17
3856.  1.002691E-17
3857.  9.871918E-18
3858.  9.718572E-18
3859.  9.566987E-18
3860.  9.417173E-18
3861.  9.269102E-18
3862.  9.122788E-18
3863.  8.978279E-18
3864.  8.835476E-18
3865.  8.694385E-18
3866.  8.555044E-18
3867.  8.417490E-18
3868.  8.281668E-18
3869.  8.147623E-18
3870.  8.015334E-18
3871.  7.884787E-18
3872.  7.755991E-18
3873.  7.628998E-18
3874.  7.503681E-18
3875.  7.380181E-18
3876.  7.258386E-18
3877.  7.138433E-18
3878.  7.020282E-18
3879.  6.903855E-18
3880.  6.789133E-18
3881.  6.676370E-18
3882.  6.565233E-18
3883.  6.456004E-18
3884.  6.348467E-18
3885.  6.242837E-18
3886.  6.139091E-18
3887.  6.037021E-18
3888.  5.936860E-18
3889.  5.838545E-18
3890.  5.742033E-18
3891.  5.647327E-18
3892.  5.554481E-18
3893.  5.463544E-18
3894.  5.374583E-18
3895.  5.287392E-18
3896.  5.202076E-18
3897.  5.118702E-18
3898.  5.037258E-18
3899.  4.957652E-18
3900.  4.879937E-18
3901.  4.804328E-18
3902.  4.730582E-18
3903.  4.658754E-18
3904.  4.588923E-18
3905.  4.521095E-18
3906.  4.455298E-18
3907.  4.391351E-18
3908.  4.329462E-18
3909.  4.269650E-18
3910.  4.211861E-18
3911.  4.156138E-18
3912.  4.102332E-18
3913.  4.050776E-18
3914.  4.001199E-18
3915.  3.953681E-18
3916.  3.908333E-18
3917.  3.865032E-18
3918.  3.824014E-18
3919.  3.784958E-18
3920.  3.748086E-18
3921.  3.713497E-18
3922.  3.680993E-18
3923.  3.650590E-18
3924.  3.622541E-18
3925.  3.596632E-18
3926.  3.572978E-18
3927.  3.551569E-18
3928.  3.532401E-18
3929.  3.515485E-18
3930.  3.500834E-18
3931.  3.488509E-18
3932.  3.478448E-18
3933.  3.470758E-18
3934.  3.465384E-18
3935.  3.462347E-18
3936.  3.461655E-18
3937.  3.463335E-18
3938.  3.467476E-18
3939.  3.473953E-18
3940.  3.482757E-18
3941.  3.494135E-18
3942.  3.507851E-18
3943.  3.524043E-18
3944.  3.542654E-18
3945.  3.563775E-18
3946.  3.587462E-18
3947.  3.613508E-18
3948.  3.642113E-18
3949.  3.673287E-18
3950.  3.706980E-18
3951.  3.743159E-18
3952.  3.781920E-18
3953.  3.823335E-18
3954.  3.867319E-18
3955.  3.913787E-18
3956.  3.962934E-18
3957.  4.014725E-18
3958.  4.069130E-18
3959.  4.126175E-18
3960.  4.185847E-18
3961.  4.248250E-18
3962.  4.313246E-18
3963.  4.380942E-18
3964.  4.451348E-18
3965.  4.524466E-18
3966.  4.600366E-18
3967.  4.678871E-18
3968.  4.760169E-18
3969.  4.844216E-18
3970.  4.931080E-18
3971.  5.020556E-18
3972.  5.112890E-18
3973.  5.207997E-18
3974.  5.305902E-18
3975.  5.406629E-18
3976.  5.510098E-18
3977.  5.616524E-18
3978.  5.725628E-18
3979.  5.837544E-18
3980.  5.952326E-18
3981.  6.070017E-18
3982.  6.190600E-18
3983.  6.313863E-18
3984.  6.440101E-18
3985.  6.569279E-18
3986.  6.701240E-18
3987.  6.836079E-18
3988.  6.973765E-18
3989.  7.114415E-18
3990.  7.257916E-18
3991.  7.404339E-18
3992.  7.553678E-18
3993.  7.705915E-18
3994.  7.861062E-18
3995.  8.019109E-18
3996.  8.180103E-18
3997.  8.343968E-18
3998.  8.510802E-18
3999.  8.680589E-18
4000.  8.853240E-18
4001.  9.028895E-18
4002.  9.207373E-18
4003.  9.388878E-18
4004.  9.573272E-18
4005.  9.760656E-18
4006.  9.950909E-18
4007.  1.014414E-17
4008.  1.034026E-17
4009.  1.053934E-17
4010.  1.074136E-17
4011.  1.094634E-17
4012.  1.115417E-17
4013.  1.136505E-17
4014.  1.157876E-17
4015.  1.179547E-17
4016.  1.201501E-17
4017.  1.223756E-17
4018.  1.246304E-17
4019.  1.269143E-17
4020.  1.292266E-17
4021.  1.315689E-17
4022.  1.339404E-17
4023.  1.363401E-17
4024.  1.387701E-17
4025.  1.412275E-17
4026.  1.437148E-17
4027.  1.462307E-17
4028.  1.487753E-17
4029.  1.513488E-17
4030.  1.539516E-17
4031.  1.565818E-17
4032.  1.592418E-17
4033.  1.619301E-17
4034.  1.646473E-17
4035.  1.673918E-17
4036.  1.701648E-17
4037.  1.729667E-17
4038.  1.757966E-17
4039.  1.786548E-17
4040.  1.815402E-17
4041.  1.844550E-17
4042.  1.873978E-17
4043.  1.903675E-17
4044.  1.933650E-17
4045.  1.963903E-17
4046.  1.994436E-17
4047.  2.025239E-17
4048.  2.056323E-17
4049.  2.087681E-17
4050.  2.119303E-17
4051.  2.151206E-17
4052.  2.183384E-17
4053.  2.215823E-17
4054.  2.248535E-17
4055.  2.281514E-17
4056.  2.314766E-17
4057.  2.348273E-17
4058.  2.382058E-17
4059.  2.416098E-17
4060.  2.450413E-17
4061.  2.484983E-17
4062.  2.519814E-17
4063.  2.554904E-17
4064.  2.590273E-17
4065.  2.625880E-17
4066.  2.661759E-17
4067.  2.697887E-17
4068.  2.734280E-17
4069.  2.770924E-17
4070.  2.807820E-17
4071.  2.844973E-17
4072.  2.882378E-17
4073.  2.920037E-17
4074.  2.957945E-17
4075.  2.996100E-17
4076.  3.034495E-17
4077.  3.073153E-17
4078.  3.112059E-17
4079.  3.151208E-17
4080.  3.190600E-17
4081.  3.230238E-17
4082.  3.270120E-17
4083.  3.310243E-17
4084.  3.350611E-17
4085.  3.391216E-17
4086.  3.432067E-17
4087.  3.473152E-17
4088.  3.514479E-17
4089.  3.556040E-17
4090.  3.597842E-17
4091.  3.639879E-17
4092.  3.682147E-17
4093.  3.724657E-17
4094.  3.767396E-17
4095.  3.810368E-17
4096.  3.853576E-17
4097.  3.897015E-17
4098.  3.940687E-17
4099.  3.984589E-17
4100.  4.028713E-17
4101.  4.073069E-17
4102.  4.117654E-17
4103.  4.162473E-17
4104.  4.207510E-17
4105.  4.252783E-17
4106.  4.298284E-17
4107.  4.344000E-17
4108.  4.389943E-17
4109.  4.436107E-17
4110.  4.482506E-17
4111.  4.529121E-17
4112.  4.575962E-17
4113.  4.623023E-17
4114.  4.670311E-17
4115.  4.717817E-17
4116.  4.765543E-17
4117.  4.813490E-17
4118.  4.861663E-17
4119.  4.910061E-17
4120.  4.958663E-17
4121.  5.007494E-17
4122.  5.056537E-17
4123.  5.105808E-17
4124.  5.155299E-17
4125.  5.205006E-17
4126.  5.254925E-17
4127.  5.305071E-17
4128.  5.355430E-17
4129.  5.406010E-17
4130.  5.456797E-17
4131.  5.507816E-17
4132.  5.559045E-17
4133.  5.610491E-17
4134.  5.662152E-17
4135.  5.714029E-17
4136.  5.766123E-17
4137.  5.818439E-17
4138.  5.870972E-17
4139.  5.923716E-17
4140.  5.976670E-17
4141.  6.029856E-17
4142.  6.083246E-17
4143.  6.136856E-17
4144.  6.190681E-17
4145.  6.244724E-17
4146.  6.298976E-17
4147.  6.353450E-17
4148.  6.408141E-17
4149.  6.463044E-17
4150.  6.518167E-17
4151.  6.573501E-17
4152.  6.629051E-17
4153.  6.684817E-17
4154.  6.740797E-17
4155.  6.796999E-17
4156.  6.853398E-17
4157.  6.910035E-17
4158.  6.966874E-17
4159.  7.023939E-17
4160.  7.081203E-17
4161.  7.138683E-17
4162.  7.196391E-17
4163.  7.254297E-17
4164.  7.312433E-17
4165.  7.370768E-17
4166.  7.429329E-17
4167.  7.488095E-17
4168.  7.547073E-17
4169.  7.606278E-17
4170.  7.665684E-17
4171.  7.725299E-17
4172.  7.785136E-17
4173.  7.845179E-17
4174.  7.905432E-17
4175.  7.965899E-17
4176.  8.026576E-17
4177.  8.087460E-17
4178.  8.148559E-17
4179.  8.209859E-17
4180.  8.271376E-17
4181.  8.333090E-17
4182.  8.395017E-17
4183.  8.457149E-17
4184.  8.519487E-17
4185.  8.582035E-17
4186.  8.644771E-17
4187.  8.707725E-17
4188.  8.770873E-17
4189.  8.834228E-17
4190.  8.897781E-17
4191.  8.961534E-17
4192.  9.025475E-17
4193.  9.089619E-17
4194.  9.153958E-17
4195.  9.218492E-17
4196.  9.283218E-17
4197.  9.348131E-17
4198.  9.413243E-17
4199.  9.478535E-17
4200.  9.544010E-17
4201.  9.609677E-17
4202.  9.675526E-17
4203.  9.741557E-17
4204.  9.807757E-17
4205.  9.874152E-17
4206.  9.940709E-17
4207.  1.000744E-16
4208.  1.007435E-16
4209.  1.014143E-16
4210.  1.020867E-16
4211.  1.027607E-16
4212.  1.034364E-16
4213.  1.041137E-16
4214.  1.047925E-16
4215.  1.054728E-16
4216.  1.061547E-16
4217.  1.068381E-16
4218.  1.075229E-16
4219.  1.082091E-16
4220.  1.088967E-16
4221.  1.095857E-16
4222.  1.102761E-16
4223.  1.109677E-16
4224.  1.116606E-16
4225.  1.123547E-16
4226.  1.130499E-16
4227.  1.137464E-16
4228.  1.144439E-16
4229.  1.151425E-16
4230.  1.158421E-16
4231.  1.165428E-16
4232.  1.172444E-16
4233.  1.179469E-16
4234.  1.186503E-16
4235.  1.193544E-16
4236.  1.200594E-16
4237.  1.207650E-16
4238.  1.214714E-16
4239.  1.221784E-16
4240.  1.228859E-16
4241.  1.235941E-16
4242.  1.243027E-16
4243.  1.250117E-16
4244.  1.257211E-16
4245.  1.264309E-16
4246.  1.271408E-16
4247.  1.278510E-16
4248.  1.285615E-16
4249.  1.292718E-16
4250.  1.299824E-16
4251.  1.306928E-16
4252.  1.314032E-16
4253.  1.321134E-16
4254.  1.328234E-16
4255.  1.335332E-16
4256.  1.342426E-16
4257.  1.349516E-16
4258.  1.356603E-16
4259.  1.363683E-16
4260.  1.370757E-16
4261.  1.377824E-16
4262.  1.384885E-16
4263.  1.391938E-16
4264.  1.398980E-16
4265.  1.406014E-16
4266.  1.413038E-16
4267.  1.420051E-16
4268.  1.427051E-16
4269.  1.434039E-16
4270.  1.441015E-16
4271.  1.447976E-16
4272.  1.454923E-16
4273.  1.461854E-16
4274.  1.468768E-16
4275.  1.475665E-16
4276.  1.482544E-16
4277.  1.489405E-16
4278.  1.496246E-16
4279.  1.503067E-16
4280.  1.509865E-16
4281.  1.516643E-16
4282.  1.523397E-16
4283.  1.530129E-16
4284.  1.536834E-16
4285.  1.543515E-16
4286.  1.550168E-16
4287.  1.556796E-16
4288.  1.563394E-16
4289.  1.569965E-16
4290.  1.576504E-16
4291.  1.583014E-16
4292.  1.589491E-16
4293.  1.595936E-16
4294.  1.602347E-16
4295.  1.608725E-16
4296.  1.615067E-16
4297.  1.621373E-16
4298.  1.627642E-16
4299.  1.633872E-16
4300.  1.640064E-16
4301.  1.646216E-16
4302.  1.652327E-16
4303.  1.658397E-16
4304.  1.664423E-16
4305.  1.670407E-16
4306.  1.676346E-16
4307.  1.682239E-16
4308.  1.688087E-16
4309.  1.693887E-16
4310.  1.699639E-16
4311.  1.705342E-16
4312.  1.710995E-16
4313.  1.716596E-16
4314.  1.722146E-16
4315.  1.727644E-16
4316.  1.733088E-16
4317.  1.738477E-16
4318.  1.743810E-16
4319.  1.749087E-16
4320.  1.754307E-16
4321.  1.759468E-16
4322.  1.764570E-16
4323.  1.769613E-16
4324.  1.774594E-16
4325.  1.779514E-16
4326.  1.784370E-16
4327.  1.789163E-16
4328.  1.793892E-16
4329.  1.798555E-16
4330.  1.803152E-16
4331.  1.807682E-16
4332.  1.812143E-16
4333.  1.816537E-16
4334.  1.820861E-16
4335.  1.825113E-16
4336.  1.829294E-16
4337.  1.833403E-16
4338.  1.837441E-16
4339.  1.841403E-16
4340.  1.845292E-16
4341.  1.849104E-16
4342.  1.852842E-16
4343.  1.856502E-16
4344.  1.860084E-16
4345.  1.863588E-16
4346.  1.867012E-16
4347.  1.870358E-16
4348.  1.873622E-16
4349.  1.876804E-16
4350.  1.879905E-16
4351.  1.882924E-16
4352.  1.885858E-16
4353.  1.888709E-16
4354.  1.891476E-16
4355.  1.894157E-16
4356.  1.896751E-16
4357.  1.899259E-16
4358.  1.901679E-16
4359.  1.904013E-16
4360.  1.906258E-16
4361.  1.908414E-16
4362.  1.910481E-16
4363.  1.912457E-16
4364.  1.914343E-16
4365.  1.916137E-16
4366.  1.917840E-16
4367.  1.919451E-16
4368.  1.920970E-16
4369.  1.922396E-16
4370.  1.923728E-16
4371.  1.924965E-16
4372.  1.926110E-16
4373.  1.927159E-16
4374.  1.928113E-16
4375.  1.928973E-16
4376.  1.929736E-16
4377.  1.930402E-16
4378.  1.930972E-16
4379.  1.931446E-16
4380.  1.931822E-16
4381.  1.932102E-16
4382.  1.932285E-16
4383.  1.932368E-16
4384.  1.932355E-16
4385.  1.932242E-16
4386.  1.932032E-16
4387.  1.931724E-16
4388.  1.931316E-16
4389.  1.930809E-16
4390.  1.930203E-16
4391.  1.929500E-16
4392.  1.928695E-16
4393.  1.927793E-16
4394.  1.926790E-16
4395.  1.925689E-16
4396.  1.924488E-16
4397.  1.923189E-16
4398.  1.921789E-16
4399.  1.920291E-16
4400.  1.918693E-16
4401.  1.916996E-16
4402.  1.915201E-16
4403.  1.913306E-16
4404.  1.911312E-16
4405.  1.909220E-16
4406.  1.907029E-16
4407.  1.904741E-16
4408.  1.902354E-16
4409.  1.899869E-16
4410.  1.897287E-16
4411.  1.894607E-16
4412.  1.891830E-16
4413.  1.888957E-16
4414.  1.885985E-16
4415.  1.882918E-16
4416.  1.879756E-16
4417.  1.876498E-16
4418.  1.873145E-16
4419.  1.869697E-16
4420.  1.866153E-16
4421.  1.862517E-16
4422.  1.858787E-16
4423.  1.854964E-16
4424.  1.851047E-16
4425.  1.847040E-16
4426.  1.842939E-16
4427.  1.838749E-16
4428.  1.834468E-16
4429.  1.830097E-16
4430.  1.825636E-16
4431.  1.821085E-16
4432.  1.816446E-16
4433.  1.811722E-16
4434.  1.806908E-16
4435.  1.802008E-16
4436.  1.797024E-16
4437.  1.791952E-16
4438.  1.786798E-16
4439.  1.781559E-16
4440.  1.776239E-16
4441.  1.770834E-16
4442.  1.765347E-16
4443.  1.759780E-16
4444.  1.754135E-16
4445.  1.748408E-16
4446.  1.742603E-16
4447.  1.736721E-16
4448.  1.730762E-16
4449.  1.724727E-16
4450.  1.718617E-16
4451.  1.712431E-16
4452.  1.706172E-16
4453.  1.699841E-16
4454.  1.693438E-16
4455.  1.686964E-16
4456.  1.680420E-16
4457.  1.673807E-16
4458.  1.667125E-16
4459.  1.660376E-16
4460.  1.653561E-16
4461.  1.646681E-16
4462.  1.639737E-16
4463.  1.632727E-16
4464.  1.625657E-16
4465.  1.618525E-16
4466.  1.611333E-16
4467.  1.604080E-16
4468.  1.596769E-16
4469.  1.589401E-16
4470.  1.581977E-16
4471.  1.574496E-16
4472.  1.566961E-16
4473.  1.559373E-16
4474.  1.551733E-16
4475.  1.544041E-16
4476.  1.536299E-16
4477.  1.528509E-16
4478.  1.520670E-16
4479.  1.512784E-16
4480.  1.504852E-16
4481.  1.496874E-16
4482.  1.488854E-16
4483.  1.480791E-16
4484.  1.472685E-16
4485.  1.464539E-16
4486.  1.456354E-16
4487.  1.448131E-16
4488.  1.439870E-16
4489.  1.431574E-16
4490.  1.423242E-16
4491.  1.414876E-16
4492.  1.406478E-16
4493.  1.398047E-16
4494.  1.389587E-16
4495.  1.381096E-16
4496.  1.372577E-16
4497.  1.364031E-16
4498.  1.355459E-16
4499.  1.346861E-16
4500.  1.338239E-16
