1.  -1.514415E-22
2.  -8.766878E-23
3.  -1.013518E-22
4.  -1.517864E-22
5.  -1.046572E-22
6.  -6.083526E-23
7.  -1.253779E-22
8.  -9.411835E-23
9.  -1.324688E-22
10.  -1.228413E-22
11.  -9.237438E-23
12.  -1.294638E-22
13.  -1.312574E-22
14.  -7.511397E-23
15.  -1.621264E-23
16.  -3.906563E-23
17.  -4.456292E-23
18.  -8.080306E-23
19.  2.169733E-23
20.  -4.822979E-23
21.  -5.799743E-23
22.  -1.989120E-22
23.  -1.029642E-22
24.  9.530222E-24
25.  -5.883645E-23
26.  -5.209975E-23
27.  -5.887737E-23
28.  -1.489353E-22
29.  -6.108724E-24
30.  -5.819870E-23
31.  -4.362329E-23
32.  -4.763544E-23
33.  -5.832517E-23
34.  -5.586614E-23
35.  -5.697416E-23
36.  -1.628282E-22
37.  -1.209068E-22
38.  -1.483818E-22
39.  -1.568316E-22
40.  -4.346004E-23
41.  -6.384508E-23
42.  -1.905238E-23
43.  -5.568656E-23
44.  -8.359914E-23
45.  -6.314134E-23
46.  -1.537667E-22
47.  -7.342230E-23
48.  -5.608902E-23
49.  -1.956652E-22
50.  -1.155923E-22
51.  -5.830948E-23
52.  -1.243989E-22
53.  2.189625E-24
54.  -1.303286E-22
55.  -4.649886E-23
56.  -9.043621E-23
57.  -9.891532E-23
58.  -5.686373E-23
59.  -1.394594E-22
60.  -3.584584E-23
61.  -2.189900E-22
62.  -1.464550E-23
63.  -1.190880E-22
64.  -4.485033E-23
65.  -1.181524E-22
66.  -1.865186E-22
67.  -1.248355E-22
68.  -9.219594E-23
69.  -6.311887E-23
70.  -8.035833E-23
71.  -1.518906E-22
72.  -7.744765E-24
73.  -1.319746E-22
74.  -1.703376E-22
75.  -2.013461E-22
76.  -1.026623E-22
77.  -1.930961E-22
78.  -1.215224E-22
79.  -1.270282E-22
80.  1.976747E-24
81.  -1.197852E-22
82.  -2.793081E-22
83.  3.495504E-23
84.  -1.232548E-22
85.  -7.706903E-23
86.  -1.063535E-22
87.  -1.380662E-22
88.  -1.067613E-22
89.  -1.620953E-22
90.  -1.382678E-22
91.  -1.010398E-22
92.  7.152832E-24
93.  -9.918425E-23
94.  -1.313478E-22
95.  -4.057989E-23
96.  -1.698796E-22
97.  -1.560839E-22
98.  -1.692350E-22
99.  -5.464386E-23
100.  -1.911894E-22
101.  -1.923794E-22
102.  -1.668140E-22
103.  -8.869669E-23
104.  -9.364079E-23
105.  -9.368574E-23
106.  -1.504232E-22
107.  -1.200717E-22
108.  -1.488192E-22
109.  -5.842222E-23
110.  -1.396250E-22
111.  -8.823262E-23
112.  -7.334973E-23
113.  -1.590132E-22
114.  -1.513011E-22
115.  -1.375779E-23
116.  -1.459291E-22
117.  -1.395213E-22
118.  -2.246425E-22
119.  -1.202592E-22
120.  -1.258790E-22
121.  -1.115466E-22
122.  -3.094527E-23
123.  -6.387646E-23
124.  -1.702565E-22
125.  -1.405246E-22
126.  -8.926982E-23
127.  -1.485448E-22
128.  -4.515261E-23
129.  -9.290362E-23
130.  -1.227955E-22
131.  -1.550920E-22
132.  -1.865781E-22
133.  -8.920673E-23
134.  -1.036651E-22
135.  -1.506171E-22
136.  -6.842828E-23
137.  -6.220243E-23
138.  -1.047619E-22
139.  -1.365622E-22
140.  -1.506709E-22
141.  -1.599802E-22
142.  -1.158149E-22
143.  -4.359798E-23
144.  -4.899650E-23
145.  -9.905466E-23
146.  -1.433258E-22
147.  -4.456384E-23
148.  -7.254610E-23
149.  -1.622755E-22
150.  -1.316372E-22
151.  -1.025252E-22
152.  -1.082492E-22
153.  -1.494139E-22
154.  -3.704841E-23
155.  -9.818728E-23
156.  -1.574159E-22
157.  -1.433467E-22
158.  -1.515438E-22
159.  -3.905801E-23
160.  -1.450301E-22
161.  -1.171361E-22
162.  -1.150828E-22
163.  -5.485053E-23
164.  -1.537523E-22
165.  -9.520142E-23
166.  -1.138324E-22
167.  -1.254765E-22
168.  -1.121356E-22
169.  -5.053603E-23
170.  -2.667683E-23
171.  -6.571286E-23
172.  -1.562952E-22
173.  -6.360854E-23
174.  -1.250831E-22
175.  -1.405121E-22
176.  -7.331929E-23
177.  -1.311672E-22
178.  -1.671518E-22
179.  -3.882137E-23
180.  -1.344187E-22
181.  -1.068495E-22
182.  -1.396449E-22
183.  -6.440997E-23
184.  -1.287420E-22
185.  -9.326998E-23
186.  -7.417750E-23
187.  -1.025662E-22
188.  -4.183069E-23
189.  -4.857066E-23
190.  -3.290774E-24
191.  -5.497190E-23
192.  9.914507E-23
193.  1.869523E-22
194.  1.528770E-22
195.  2.531077E-22
196.  2.555901E-22
197.  3.087773E-22
198.  4.449151E-22
199.  5.464636E-22
200.  7.064589E-22
201.  8.981685E-22
202.  1.170410E-21
203.  1.442237E-21
204.  1.728269E-21
205.  2.114078E-21
206.  2.539874E-21
207.  3.139562E-21
208.  3.866737E-21
209.  4.585605E-21
210.  5.575739E-21
211.  6.732476E-21
212.  7.984505E-21
213.  9.585110E-21
214.  1.140708E-20
215.  1.367636E-20
216.  1.620659E-20
217.  1.926748E-20
218.  2.280495E-20
219.  2.702668E-20
220.  3.190638E-20
221.  3.752530E-20
222.  4.418603E-20
223.  5.191104E-20
224.  6.083171E-20
225.  7.117845E-20
226.  8.320123E-20
227.  9.717024E-20
228.  1.130736E-19
229.  1.315599E-19
230.  1.528002E-19
231.  1.772611E-19
232.  2.052851E-19
233.  2.374599E-19
234.  2.741202E-19
235.  3.160052E-19
236.  3.637338E-19
237.  4.180863E-19
238.  4.797198E-19
239.  5.497145E-19
240.  6.290412E-19
241.  7.187117E-19
242.  8.200231E-19
243.  9.343816E-19
244.  1.062911E-18
245.  1.207597E-18
246.  1.369803E-18
247.  1.551850E-18
248.  1.755579E-18
249.  1.983254E-18
250.  2.237387E-18
251.  2.520657E-18
252.  2.835844E-18
253.  3.186050E-18
254.  3.574684E-18
255.  4.005378E-18
256.  4.482103E-18
257.  5.008748E-18
258.  5.589826E-18
259.  6.230349E-18
260.  6.934974E-18
261.  7.709403E-18
262.  8.559409E-18
263.  9.490698E-18
264.  1.051008E-17
265.  1.162423E-17
266.  1.284025E-17
267.  1.416569E-17
268.  1.560856E-17
269.  1.717727E-17
270.  1.888048E-17
271.  2.072713E-17
272.  2.272706E-17
273.  2.488972E-17
274.  2.722550E-17
275.  2.974522E-17
276.  3.245966E-17
277.  3.538025E-17
278.  3.851849E-17
279.  4.188668E-17
280.  4.549672E-17
281.  4.936133E-17
282.  5.349323E-17
283.  5.790538E-17
284.  6.261102E-17
285.  6.762337E-17
286.  7.295593E-17
287.  7.862215E-17
288.  8.463531E-17
289.  9.100935E-17
290.  9.775752E-17
291.  1.048930E-16
292.  1.124289E-16
293.  1.203785E-16
294.  1.287541E-16
295.  1.375680E-16
296.  1.468324E-16
297.  1.565585E-16
298.  1.667576E-16
299.  1.774396E-16
300.  1.886147E-16
301.  2.002919E-16
302.  2.124793E-16
303.  2.251848E-16
304.  2.384150E-16
305.  2.521756E-16
306.  2.664714E-16
307.  2.813067E-16
308.  2.966838E-16
309.  3.126047E-16
310.  3.290697E-16
311.  3.460786E-16
312.  3.636295E-16
313.  3.817194E-16
314.  4.003442E-16
315.  4.194983E-16
316.  4.391750E-16
317.  4.593663E-16
318.  4.800633E-16
319.  5.012549E-16
320.  5.229298E-16
321.  5.450746E-16
322.  5.676751E-16
323.  5.907160E-16
324.  6.141804E-16
325.  6.380510E-16
326.  6.623084E-16
327.  6.869329E-16
328.  7.119036E-16
329.  7.371982E-16
330.  7.627945E-16
331.  7.886685E-16
332.  8.147956E-16
333.  8.411510E-16
334.  8.677090E-16
335.  8.944433E-16
336.  9.213266E-16
337.  9.483322E-16
338.  9.754323E-16
339.  1.002599E-15
340.  1.029805E-15
341.  1.057022E-15
342.  1.084221E-15
343.  1.111375E-15
344.  1.138457E-15
345.  1.165438E-15
346.  1.192291E-15
347.  1.218991E-15
348.  1.245509E-15
349.  1.271822E-15
350.  1.297903E-15
351.  1.323729E-15
352.  1.349276E-15
353.  1.374521E-15
354.  1.399443E-15
355.  1.424020E-15
356.  1.448233E-15
357.  1.472064E-15
358.  1.495495E-15
359.  1.518509E-15
360.  1.541091E-15
361.  1.563227E-15
362.  1.584903E-15
363.  1.606109E-15
364.  1.626834E-15
365.  1.647069E-15
366.  1.666805E-15
367.  1.686035E-15
368.  1.704755E-15
369.  1.722959E-15
370.  1.740644E-15
371.  1.757809E-15
372.  1.774449E-15
373.  1.790567E-15
374.  1.806162E-15
375.  1.821235E-15
376.  1.835789E-15
377.  1.849827E-15
378.  1.863351E-15
379.  1.876366E-15
380.  1.888877E-15
381.  1.900887E-15
382.  1.912403E-15
383.  1.923429E-15
384.  1.933971E-15
385.  1.944035E-15
386.  1.953626E-15
387.  1.962749E-15
388.  1.971411E-15
389.  1.979616E-15
390.  1.987369E-15
391.  1.994674E-15
392.  2.001535E-15
393.  2.007957E-15
394.  2.013942E-15
395.  2.019492E-15
396.  2.024609E-15
397.  2.029296E-15
398.  2.033552E-15
399.  2.037378E-15
400.  2.040773E-15
401.  2.043736E-15
402.  2.046266E-15
403.  2.048360E-15
404.  2.050015E-15
405.  2.051229E-15
406.  2.051997E-15
407.  2.052315E-15
408.  2.052179E-15
409.  2.051584E-15
410.  2.050526E-15
411.  2.048999E-15
412.  2.046998E-15
413.  2.044519E-15
414.  2.041557E-15
415.  2.038106E-15
416.  2.034164E-15
417.  2.029725E-15
418.  2.024787E-15
419.  2.019347E-15
420.  2.013403E-15
421.  2.006954E-15
422.  1.999999E-15
423.  1.992538E-15
424.  1.984574E-15
425.  1.976108E-15
426.  1.967145E-15
427.  1.957687E-15
428.  1.947743E-15
429.  1.937317E-15
430.  1.926419E-15
431.  1.915058E-15
432.  1.903245E-15
433.  1.890992E-15
434.  1.878310E-15
435.  1.865215E-15
436.  1.851722E-15
437.  1.837848E-15
438.  1.823609E-15
439.  1.809025E-15
440.  1.794115E-15
441.  1.778899E-15
442.  1.763400E-15
443.  1.747638E-15
444.  1.731638E-15
445.  1.715422E-15
446.  1.699014E-15
447.  1.682441E-15
448.  1.665727E-15
449.  1.648897E-15
450.  1.631979E-15
451.  1.614998E-15
452.  1.597981E-15
453.  1.580954E-15
454.  1.563947E-15
455.  1.546984E-15
456.  1.530094E-15
457.  1.513304E-15
458.  1.496641E-15
459.  1.480132E-15
460.  1.463805E-15
461.  1.447685E-15
462.  1.431800E-15
463.  1.416175E-15
464.  1.400837E-15
465.  1.385812E-15
466.  1.371123E-15
467.  1.356797E-15
468.  1.342857E-15
469.  1.329327E-15
470.  1.316229E-15
471.  1.303585E-15
472.  1.291418E-15
473.  1.279747E-15
474.  1.268592E-15
475.  1.257972E-15
476.  1.247904E-15
477.  1.238404E-15
478.  1.229489E-15
479.  1.221172E-15
480.  1.213466E-15
481.  1.206382E-15
482.  1.199931E-15
483.  1.194121E-15
484.  1.188959E-15
485.  1.184451E-15
486.  1.180601E-15
487.  1.177411E-15
488.  1.174883E-15
489.  1.173017E-15
490.  1.171809E-15
491.  1.171257E-15
492.  1.171355E-15
493.  1.172097E-15
494.  1.173475E-15
495.  1.175480E-15
496.  1.178101E-15
497.  1.181327E-15
498.  1.185145E-15
499.  1.189542E-15
500.  1.194501E-15
501.  1.200010E-15
502.  1.206050E-15
503.  1.212606E-15
504.  1.219660E-15
505.  1.227196E-15
506.  1.235195E-15
507.  1.243641E-15
508.  1.252514E-15
509.  1.261798E-15
510.  1.271476E-15
511.  1.281530E-15
512.  1.291945E-15
513.  1.302703E-15
514.  1.313789E-15
515.  1.325189E-15
516.  1.336888E-15
517.  1.348872E-15
518.  1.361128E-15
519.  1.373645E-15
520.  1.386410E-15
521.  1.399412E-15
522.  1.412641E-15
523.  1.426087E-15
524.  1.439740E-15
525.  1.453591E-15
526.  1.467632E-15
527.  1.481853E-15
528.  1.496247E-15
529.  1.510804E-15
530.  1.525515E-15
531.  1.540372E-15
532.  1.555365E-15
533.  1.570483E-15
534.  1.585716E-15
535.  1.601052E-15
536.  1.616478E-15
537.  1.631980E-15
538.  1.647544E-15
539.  1.663153E-15
540.  1.678788E-15
541.  1.694433E-15
542.  1.710064E-15
543.  1.725661E-15
544.  1.741198E-15
545.  1.756652E-15
546.  1.771993E-15
547.  1.787194E-15
548.  1.802224E-15
549.  1.817052E-15
550.  1.831644E-15
551.  1.845965E-15
552.  1.859981E-15
553.  1.873653E-15
554.  1.886945E-15
555.  1.899819E-15
556.  1.912234E-15
557.  1.924154E-15
558.  1.935537E-15
559.  1.946346E-15
560.  1.956540E-15
561.  1.966083E-15
562.  1.974937E-15
563.  1.983064E-15
564.  1.990431E-15
565.  1.997004E-15
566.  2.002750E-15
567.  2.007640E-15
568.  2.011646E-15
569.  2.014742E-15
570.  2.016906E-15
571.  2.018117E-15
572.  2.018356E-15
573.  2.017610E-15
574.  2.015866E-15
575.  2.013117E-15
576.  2.009355E-15
577.  2.004578E-15
578.  1.998788E-15
579.  1.991987E-15
580.  1.984183E-15
581.  1.975385E-15
582.  1.965607E-15
583.  1.954863E-15
584.  1.943174E-15
585.  1.930559E-15
586.  1.917043E-15
587.  1.902652E-15
588.  1.887414E-15
589.  1.871361E-15
590.  1.854524E-15
591.  1.836938E-15
592.  1.818638E-15
593.  1.799663E-15
594.  1.780050E-15
595.  1.759839E-15
596.  1.739070E-15
597.  1.717785E-15
598.  1.696026E-15
599.  1.673833E-15
600.  1.651251E-15
601.  1.628321E-15
602.  1.605086E-15
603.  1.581588E-15
604.  1.557870E-15
605.  1.533972E-15
606.  1.509936E-15
607.  1.485804E-15
608.  1.461615E-15
609.  1.437408E-15
610.  1.413222E-15
611.  1.389094E-15
612.  1.365062E-15
613.  1.341162E-15
614.  1.317427E-15
615.  1.293892E-15
616.  1.270590E-15
617.  1.247552E-15
618.  1.224808E-15
619.  1.202387E-15
620.  1.180318E-15
621.  1.158628E-15
622.  1.137341E-15
623.  1.116481E-15
624.  1.096072E-15
625.  1.076135E-15
626.  1.056690E-15
627.  1.037757E-15
628.  1.019352E-15
629.  1.001491E-15
630.  9.841900E-16
631.  9.674619E-16
632.  9.513186E-16
633.  9.357713E-16
634.  9.208292E-16
635.  9.065006E-16
636.  8.927924E-16
637.  8.797104E-16
638.  8.672590E-16
639.  8.554417E-16
640.  8.442604E-16
641.  8.337164E-16
642.  8.238096E-16
643.  8.145390E-16
644.  8.059022E-16
645.  7.978968E-16
646.  7.905184E-16
647.  7.837623E-16
648.  7.776229E-16
649.  7.720935E-16
650.  7.671668E-16
651.  7.628348E-16
652.  7.590888E-16
653.  7.559190E-16
654.  7.533153E-16
655.  7.512668E-16
656.  7.497618E-16
657.  7.487881E-16
658.  7.483328E-16
659.  7.483826E-16
660.  7.489229E-16
661.  7.499394E-16
662.  7.514165E-16
663.  7.533385E-16
664.  7.556886E-16
665.  7.584499E-16
666.  7.616047E-16
667.  7.651347E-16
668.  7.690213E-16
669.  7.732456E-16
670.  7.777878E-16
671.  7.826280E-16
672.  7.877457E-16
673.  7.931203E-16
674.  7.987306E-16
675.  8.045559E-16
676.  8.105742E-16
677.  8.167649E-16
678.  8.231059E-16
679.  8.295759E-16
680.  8.361538E-16
681.  8.428184E-16
682.  8.495484E-16
683.  8.563238E-16
684.  8.631240E-16
685.  8.699296E-16
686.  8.767210E-16
687.  8.834799E-16
688.  8.901879E-16
689.  8.968276E-16
690.  9.033822E-16
691.  9.098360E-16
692.  9.161730E-16
693.  9.223790E-16
694.  9.284400E-16
695.  9.343426E-16
696.  9.400744E-16
697.  9.456233E-16
698.  9.509785E-16
699.  9.561289E-16
700.  9.610640E-16
701.  9.657747E-16
702.  9.702513E-16
703.  9.744849E-16
704.  9.784666E-16
705.  9.821881E-16
706.  9.856405E-16
707.  9.888161E-16
708.  9.917058E-16
709.  9.943019E-16
710.  9.965956E-16
711.  9.985782E-16
712.  1.000241E-15
713.  1.001575E-15
714.  1.002572E-15
715.  1.003221E-15
716.  1.003514E-15
717.  1.003440E-15
718.  1.002991E-15
719.  1.002156E-15
720.  1.000926E-15
721.  9.992911E-16
722.  9.972422E-16
723.  9.947703E-16
724.  9.918665E-16
725.  9.885228E-16
726.  9.847323E-16
727.  9.804881E-16
728.  9.757843E-16
729.  9.706166E-16
730.  9.649816E-16
731.  9.588771E-16
732.  9.523023E-16
733.  9.452585E-16
734.  9.377481E-16
735.  9.297751E-16
736.  9.213460E-16
737.  9.124690E-16
738.  9.031536E-16
739.  8.934122E-16
740.  8.832589E-16
741.  8.727097E-16
742.  8.617823E-16
743.  8.504976E-16
744.  8.388769E-16
745.  8.269442E-16
746.  8.147251E-16
747.  8.022470E-16
748.  7.895388E-16
749.  7.766305E-16
750.  7.635537E-16
751.  7.503409E-16
752.  7.370257E-16
753.  7.236422E-16
754.  7.102251E-16
755.  6.968097E-16
756.  6.834310E-16
757.  6.701245E-16
758.  6.569247E-16
759.  6.438666E-16
760.  6.309835E-16
761.  6.183085E-16
762.  6.058738E-16
763.  5.937100E-16
764.  5.818461E-16
765.  5.703103E-16
766.  5.591288E-16
767.  5.483257E-16
768.  5.379239E-16
769.  5.279435E-16
770.  5.184030E-16
771.  5.093190E-16
772.  5.007050E-16
773.  4.925734E-16
774.  4.849336E-16
775.  4.777928E-16
776.  4.711564E-16
777.  4.650272E-16
778.  4.594059E-16
779.  4.542912E-16
780.  4.496797E-16
781.  4.455661E-16
782.  4.419429E-16
783.  4.388012E-16
784.  4.361302E-16
785.  4.339175E-16
786.  4.321493E-16
787.  4.308106E-16
788.  4.298848E-16
789.  4.293545E-16
790.  4.292012E-16
791.  4.294057E-16
792.  4.299478E-16
793.  4.308071E-16
794.  4.319625E-16
795.  4.333926E-16
796.  4.350759E-16
797.  4.369907E-16
798.  4.391154E-16
799.  4.414285E-16
800.  4.439088E-16
801.  4.465355E-16
802.  4.492883E-16
803.  4.521474E-16
804.  4.550933E-16
805.  4.581083E-16
806.  4.611743E-16
807.  4.642749E-16
808.  4.673942E-16
809.  4.705176E-16
810.  4.736317E-16
811.  4.767239E-16
812.  4.797831E-16
813.  4.827995E-16
814.  4.857640E-16
815.  4.886695E-16
816.  4.915098E-16
817.  4.942802E-16
818.  4.969774E-16
819.  4.995994E-16
820.  5.021451E-16
821.  5.046156E-16
822.  5.070126E-16
823.  5.093394E-16
824.  5.116006E-16
825.  5.138017E-16
826.  5.159498E-16
827.  5.180526E-16
828.  5.201193E-16
829.  5.221598E-16
830.  5.241852E-16
831.  5.262069E-16
832.  5.282378E-16
833.  5.302907E-16
834.  5.323792E-16
835.  5.345177E-16
836.  5.367205E-16
837.  5.390023E-16
838.  5.413781E-16
839.  5.438624E-16
840.  5.464702E-16
841.  5.492158E-16
842.  5.521137E-16
843.  5.551774E-16
844.  5.584202E-16
845.  5.618548E-16
846.  5.654931E-16
847.  5.693458E-16
848.  5.734234E-16
849.  5.777344E-16
850.  5.822873E-16
851.  5.870889E-16
852.  5.921447E-16
853.  5.974592E-16
854.  6.030356E-16
855.  6.088758E-16
856.  6.149800E-16
857.  6.213476E-16
858.  6.279767E-16
859.  6.348637E-16
860.  6.420041E-16
861.  6.493917E-16
862.  6.570198E-16
863.  6.648804E-16
864.  6.729640E-16
865.  6.812604E-16
866.  6.897592E-16
867.  6.984481E-16
868.  7.073148E-16
869.  7.163465E-16
870.  7.255297E-16
871.  7.348506E-16
872.  7.442950E-16
873.  7.538487E-16
874.  7.634976E-16
875.  7.732275E-16
876.  7.830247E-16
877.  7.928750E-16
878.  8.027653E-16
879.  8.126827E-16
880.  8.226146E-16
881.  8.325491E-16
882.  8.424749E-16
883.  8.523817E-16
884.  8.622590E-16
885.  8.720975E-16
886.  8.818886E-16
887.  8.916246E-16
888.  9.012977E-16
889.  9.109011E-16
890.  9.204290E-16
891.  9.298755E-16
892.  9.392350E-16
893.  9.485033E-16
894.  9.576754E-16
895.  9.667469E-16
896.  9.757136E-16
897.  9.845713E-16
898.  9.933159E-16
899.  1.001943E-15
900.  1.010448E-15
901.  1.018826E-15
902.  1.027072E-15
903.  1.035180E-15
904.  1.043144E-15
905.  1.050958E-15
906.  1.058614E-15
907.  1.066104E-15
908.  1.073420E-15
909.  1.080552E-15
910.  1.087492E-15
911.  1.094228E-15
912.  1.100750E-15
913.  1.107047E-15
914.  1.113105E-15
915.  1.118915E-15
916.  1.124462E-15
917.  1.129734E-15
918.  1.134718E-15
919.  1.139401E-15
920.  1.143769E-15
921.  1.147812E-15
922.  1.151515E-15
923.  1.154867E-15
924.  1.157856E-15
925.  1.160471E-15
926.  1.162702E-15
927.  1.164540E-15
928.  1.165975E-15
929.  1.167000E-15
930.  1.167609E-15
931.  1.167796E-15
932.  1.167555E-15
933.  1.166885E-15
934.  1.165783E-15
935.  1.164247E-15
936.  1.162279E-15
937.  1.159878E-15
938.  1.157049E-15
939.  1.153794E-15
940.  1.150118E-15
941.  1.146027E-15
942.  1.141528E-15
943.  1.136628E-15
944.  1.131336E-15
945.  1.125660E-15
946.  1.119611E-15
947.  1.113200E-15
948.  1.106437E-15
949.  1.099335E-15
950.  1.091904E-15
951.  1.084158E-15
952.  1.076110E-15
953.  1.067772E-15
954.  1.059159E-15
955.  1.050283E-15
956.  1.041159E-15
957.  1.031800E-15
958.  1.022220E-15
959.  1.012435E-15
960.  1.002458E-15
961.  9.923052E-16
962.  9.819909E-16
963.  9.715305E-16
964.  9.609401E-16
965.  9.502355E-16
966.  9.394340E-16
967.  9.285517E-16
968.  9.176069E-16
969.  9.066171E-16
970.  8.956014E-16
971.  8.845792E-16
972.  8.735703E-16
973.  8.625954E-16
974.  8.516761E-16
975.  8.408343E-16
976.  8.300932E-16
977.  8.194759E-16
978.  8.090068E-16
979.  7.987109E-16
980.  7.886133E-16
981.  7.787405E-16
982.  7.691185E-16
983.  7.597741E-16
984.  7.507345E-16
985.  7.420267E-16
986.  7.336779E-16
987.  7.257154E-16
988.  7.181657E-16
989.  7.110549E-16
990.  7.044094E-16
991.  6.982537E-16
992.  6.926119E-16
993.  6.875069E-16
994.  6.829602E-16
995.  6.789920E-16
996.  6.756201E-16
997.  6.728615E-16
998.  6.707302E-16
999.  6.692383E-16
1000.  6.683958E-16
1001.  6.682093E-16
1002.  6.686832E-16
1003.  6.698192E-16
1004.  6.716159E-16
1005.  6.740683E-16
1006.  6.771686E-16
1007.  6.809061E-16
1008.  6.852661E-16
1009.  6.902312E-16
1010.  6.957802E-16
1011.  7.018887E-16
1012.  7.085293E-16
1013.  7.156710E-16
1014.  7.232800E-16
1015.  7.313194E-16
1016.  7.397494E-16
1017.  7.485274E-16
1018.  7.576086E-16
1019.  7.669458E-16
1020.  7.764896E-16
1021.  7.861888E-16
1022.  7.959913E-16
1023.  8.058427E-16
1024.  8.156888E-16
1025.  8.254736E-16
1026.  8.351421E-16
1027.  8.446385E-16
1028.  8.539077E-16
1029.  8.628953E-16
1030.  8.715483E-16
1031.  8.798145E-16
1032.  8.876444E-16
1033.  8.949897E-16
1034.  9.018052E-16
1035.  9.080483E-16
1036.  9.136794E-16
1037.  9.186620E-16
1038.  9.229636E-16
1039.  9.265554E-16
1040.  9.294122E-16
1041.  9.315135E-16
1042.  9.328429E-16
1043.  9.333884E-16
1044.  9.331423E-16
1045.  9.321023E-16
1046.  9.302698E-16
1047.  9.276512E-16
1048.  9.242576E-16
1049.  9.201040E-16
1050.  9.152108E-16
1051.  9.096015E-16
1052.  9.033047E-16
1053.  8.963525E-16
1054.  8.887807E-16
1055.  8.806287E-16
1056.  8.719391E-16
1057.  8.627578E-16
1058.  8.531331E-16
1059.  8.431161E-16
1060.  8.327594E-16
1061.  8.221184E-16
1062.  8.112493E-16
1063.  8.002097E-16
1064.  7.890584E-16
1065.  7.778544E-16
1066.  7.666571E-16
1067.  7.555262E-16
1068.  7.445204E-16
1069.  7.336986E-16
1070.  7.231182E-16
1071.  7.128357E-16
1072.  7.029062E-16
1073.  6.933825E-16
1074.  6.843164E-16
1075.  6.757572E-16
1076.  6.677512E-16
1077.  6.603433E-16
1078.  6.535743E-16
1079.  6.474834E-16
1080.  6.421058E-16
1081.  6.374737E-16
1082.  6.336164E-16
1083.  6.305590E-16
1084.  6.283236E-16
1085.  6.269286E-16
1086.  6.263884E-16
1087.  6.267139E-16
1088.  6.279120E-16
1089.  6.299859E-16
1090.  6.329351E-16
1091.  6.367550E-16
1092.  6.414372E-16
1093.  6.469700E-16
1094.  6.533374E-16
1095.  6.605196E-16
1096.  6.684943E-16
1097.  6.772344E-16
1098.  6.867108E-16
1099.  6.968899E-16
1100.  7.077358E-16
1101.  7.192096E-16
1102.  7.312699E-16
1103.  7.438724E-16
1104.  7.569705E-16
1105.  7.705161E-16
1106.  7.844588E-16
1107.  7.987471E-16
1108.  8.133276E-16
1109.  8.281470E-16
1110.  8.431499E-16
1111.  8.582818E-16
1112.  8.734876E-16
1113.  8.887123E-16
1114.  9.039017E-16
1115.  9.190026E-16
1116.  9.339627E-16
1117.  9.487310E-16
1118.  9.632592E-16
1119.  9.775004E-16
1120.  9.914098E-16
1121.  1.004946E-15
1122.  1.018070E-15
1123.  1.030746E-15
1124.  1.042942E-15
1125.  1.054628E-15
1126.  1.065780E-15
1127.  1.076376E-15
1128.  1.086399E-15
1129.  1.095835E-15
1130.  1.104674E-15
1131.  1.112912E-15
1132.  1.120548E-15
1133.  1.127584E-15
1134.  1.134028E-15
1135.  1.139890E-15
1136.  1.145184E-15
1137.  1.149931E-15
1138.  1.154150E-15
1139.  1.157868E-15
1140.  1.161113E-15
1141.  1.163915E-15
1142.  1.166309E-15
1143.  1.168331E-15
1144.  1.170019E-15
1145.  1.171412E-15
1146.  1.172552E-15
1147.  1.173481E-15
1148.  1.174243E-15
1149.  1.174880E-15
1150.  1.175438E-15
1151.  1.175960E-15
1152.  1.176489E-15
1153.  1.177068E-15
1154.  1.177738E-15
1155.  1.178539E-15
1156.  1.179510E-15
1157.  1.180689E-15
1158.  1.182110E-15
1159.  1.183805E-15
1160.  1.185805E-15
1161.  1.188138E-15
1162.  1.190828E-15
1163.  1.193898E-15
1164.  1.197367E-15
1165.  1.201251E-15
1166.  1.205563E-15
1167.  1.210314E-15
1168.  1.215510E-15
1169.  1.221156E-15
1170.  1.227251E-15
1171.  1.233794E-15
1172.  1.240781E-15
1173.  1.248203E-15
1174.  1.256049E-15
1175.  1.264306E-15
1176.  1.272959E-15
1177.  1.281990E-15
1178.  1.291379E-15
1179.  1.301103E-15
1180.  1.311137E-15
1181.  1.321457E-15
1182.  1.332036E-15
1183.  1.342843E-15
1184.  1.353850E-15
1185.  1.365027E-15
1186.  1.376340E-15
1187.  1.387758E-15
1188.  1.399249E-15
1189.  1.410780E-15
1190.  1.422316E-15
1191.  1.433826E-15
1192.  1.445277E-15
1193.  1.456635E-15
1194.  1.467869E-15
1195.  1.478948E-15
1196.  1.489840E-15
1197.  1.500516E-15
1198.  1.510946E-15
1199.  1.521103E-15
1200.  1.530960E-15
1201.  1.540490E-15
1202.  1.549671E-15
1203.  1.558477E-15
1204.  1.566887E-15
1205.  1.574882E-15
1206.  1.582441E-15
1207.  1.589547E-15
1208.  1.596184E-15
1209.  1.602336E-15
1210.  1.607992E-15
1211.  1.613139E-15
1212.  1.617767E-15
1213.  1.621866E-15
1214.  1.625429E-15
1215.  1.628450E-15
1216.  1.630925E-15
1217.  1.632849E-15
1218.  1.634220E-15
1219.  1.635039E-15
1220.  1.635303E-15
1221.  1.635016E-15
1222.  1.634180E-15
1223.  1.632797E-15
1224.  1.630874E-15
1225.  1.628415E-15
1226.  1.625427E-15
1227.  1.621918E-15
1228.  1.617895E-15
1229.  1.613368E-15
1230.  1.608347E-15
1231.  1.602842E-15
1232.  1.596865E-15
1233.  1.590428E-15
1234.  1.583543E-15
1235.  1.576224E-15
1236.  1.568485E-15
1237.  1.560340E-15
1238.  1.551805E-15
1239.  1.542896E-15
1240.  1.533628E-15
1241.  1.524019E-15
1242.  1.514085E-15
1243.  1.503844E-15
1244.  1.493316E-15
1245.  1.482518E-15
1246.  1.471471E-15
1247.  1.460193E-15
1248.  1.448706E-15
1249.  1.437030E-15
1250.  1.425186E-15
1251.  1.413197E-15
1252.  1.401083E-15
1253.  1.388868E-15
1254.  1.376575E-15
1255.  1.364226E-15
1256.  1.351846E-15
1257.  1.339458E-15
1258.  1.327086E-15
1259.  1.314755E-15
1260.  1.302489E-15
1261.  1.290312E-15
1262.  1.278251E-15
1263.  1.266328E-15
1264.  1.254570E-15
1265.  1.242999E-15
1266.  1.231642E-15
1267.  1.220522E-15
1268.  1.209662E-15
1269.  1.199086E-15
1270.  1.188817E-15
1271.  1.178877E-15
1272.  1.169289E-15
1273.  1.160072E-15
1274.  1.151247E-15
1275.  1.142834E-15
1276.  1.134851E-15
1277.  1.127314E-15
1278.  1.120240E-15
1279.  1.113644E-15
1280.  1.107540E-15
1281.  1.101940E-15
1282.  1.096854E-15
1283.  1.092292E-15
1284.  1.088262E-15
1285.  1.084771E-15
1286.  1.081823E-15
1287.  1.079420E-15
1288.  1.077565E-15
1289.  1.076258E-15
1290.  1.075496E-15
1291.  1.075274E-15
1292.  1.075590E-15
1293.  1.076434E-15
1294.  1.077799E-15
1295.  1.079673E-15
1296.  1.082046E-15
1297.  1.084903E-15
1298.  1.088229E-15
1299.  1.092009E-15
1300.  1.096224E-15
1301.  1.100856E-15
1302.  1.105883E-15
1303.  1.111286E-15
1304.  1.117041E-15
1305.  1.123126E-15
1306.  1.129517E-15
1307.  1.136189E-15
1308.  1.143117E-15
1309.  1.150277E-15
1310.  1.157641E-15
1311.  1.165186E-15
1312.  1.172883E-15
1313.  1.180710E-15
1314.  1.188638E-15
1315.  1.196644E-15
1316.  1.204702E-15
1317.  1.212789E-15
1318.  1.220881E-15
1319.  1.228955E-15
1320.  1.236990E-15
1321.  1.244963E-15
1322.  1.252856E-15
1323.  1.260650E-15
1324.  1.268326E-15
1325.  1.275866E-15
1326.  1.283257E-15
1327.  1.290483E-15
1328.  1.297530E-15
1329.  1.304385E-15
1330.  1.311038E-15
1331.  1.317479E-15
1332.  1.323697E-15
1333.  1.329684E-15
1334.  1.335433E-15
1335.  1.340937E-15
1336.  1.346189E-15
1337.  1.351185E-15
1338.  1.355920E-15
1339.  1.360389E-15
1340.  1.364589E-15
1341.  1.368515E-15
1342.  1.372165E-15
1343.  1.375535E-15
1344.  1.378623E-15
1345.  1.381425E-15
1346.  1.383940E-15
1347.  1.386164E-15
1348.  1.388094E-15
1349.  1.389729E-15
1350.  1.391064E-15
1351.  1.392098E-15
1352.  1.392828E-15
1353.  1.393251E-15
1354.  1.393365E-15
1355.  1.393168E-15
1356.  1.392659E-15
1357.  1.391834E-15
1358.  1.390695E-15
1359.  1.389241E-15
1360.  1.387472E-15
1361.  1.385388E-15
1362.  1.382993E-15
1363.  1.380290E-15
1364.  1.377282E-15
1365.  1.373975E-15
1366.  1.370376E-15
1367.  1.366494E-15
1368.  1.362338E-15
1369.  1.357919E-15
1370.  1.353251E-15
1371.  1.348346E-15
1372.  1.343223E-15
1373.  1.337897E-15
1374.  1.332389E-15
1375.  1.326719E-15
1376.  1.320909E-15
1377.  1.314983E-15
1378.  1.308967E-15
1379.  1.302884E-15
1380.  1.296763E-15
1381.  1.290631E-15
1382.  1.284517E-15
1383.  1.278450E-15
1384.  1.272458E-15
1385.  1.266572E-15
1386.  1.260820E-15
1387.  1.255231E-15
1388.  1.249834E-15
1389.  1.244655E-15
1390.  1.239722E-15
1391.  1.235060E-15
1392.  1.230694E-15
1393.  1.226645E-15
1394.  1.222936E-15
1395.  1.219584E-15
1396.  1.216608E-15
1397.  1.214023E-15
1398.  1.211841E-15
1399.  1.210074E-15
1400.  1.208730E-15
1401.  1.207815E-15
1402.  1.207334E-15
1403.  1.207289E-15
1404.  1.207678E-15
1405.  1.208501E-15
1406.  1.209751E-15
1407.  1.211423E-15
1408.  1.213509E-15
1409.  1.215997E-15
1410.  1.218877E-15
1411.  1.222136E-15
1412.  1.225759E-15
1413.  1.229731E-15
1414.  1.234036E-15
1415.  1.238657E-15
1416.  1.243576E-15
1417.  1.248777E-15
1418.  1.254240E-15
1419.  1.259948E-15
1420.  1.265884E-15
1421.  1.272031E-15
1422.  1.278371E-15
1423.  1.284889E-15
1424.  1.291570E-15
1425.  1.298399E-15
1426.  1.305363E-15
1427.  1.312450E-15
1428.  1.319649E-15
1429.  1.326951E-15
1430.  1.334348E-15
1431.  1.341831E-15
1432.  1.349396E-15
1433.  1.357038E-15
1434.  1.364755E-15
1435.  1.372544E-15
1436.  1.380406E-15
1437.  1.388340E-15
1438.  1.396351E-15
1439.  1.404439E-15
1440.  1.412609E-15
1441.  1.420867E-15
1442.  1.429218E-15
1443.  1.437669E-15
1444.  1.446227E-15
1445.  1.454900E-15
1446.  1.463695E-15
1447.  1.472621E-15
1448.  1.481687E-15
1449.  1.490900E-15
1450.  1.500271E-15
1451.  1.509806E-15
1452.  1.519513E-15
1453.  1.529401E-15
1454.  1.539476E-15
1455.  1.549746E-15
1456.  1.560214E-15
1457.  1.570887E-15
1458.  1.581769E-15
1459.  1.592862E-15
1460.  1.604168E-15
1461.  1.615689E-15
1462.  1.627424E-15
1463.  1.639370E-15
1464.  1.651526E-15
1465.  1.663887E-15
1466.  1.676448E-15
1467.  1.689201E-15
1468.  1.702137E-15
1469.  1.715247E-15
1470.  1.728520E-15
1471.  1.741942E-15
1472.  1.755499E-15
1473.  1.769175E-15
1474.  1.782954E-15
1475.  1.796816E-15
1476.  1.810743E-15
1477.  1.824714E-15
1478.  1.838706E-15
1479.  1.852696E-15
1480.  1.866662E-15
1481.  1.880577E-15
1482.  1.894418E-15
1483.  1.908157E-15
1484.  1.921770E-15
1485.  1.935229E-15
1486.  1.948508E-15
1487.  1.961581E-15
1488.  1.974422E-15
1489.  1.987005E-15
1490.  1.999304E-15
1491.  2.011297E-15
1492.  2.022959E-15
1493.  2.034269E-15
1494.  2.045206E-15
1495.  2.055751E-15
1496.  2.065886E-15
1497.  2.075595E-15
1498.  2.084866E-15
1499.  2.093685E-15
1500.  2.102044E-15
1501.  2.109935E-15
1502.  2.117353E-15
1503.  2.124296E-15
1504.  2.130763E-15
1505.  2.136756E-15
1506.  2.142280E-15
1507.  2.147342E-15
1508.  2.151950E-15
1509.  2.156116E-15
1510.  2.159854E-15
1511.  2.163178E-15
1512.  2.166105E-15
1513.  2.168656E-15
1514.  2.170848E-15
1515.  2.172706E-15
1516.  2.174249E-15
1517.  2.175503E-15
1518.  2.176491E-15
1519.  2.177237E-15
1520.  2.177768E-15
1521.  2.178106E-15
1522.  2.178278E-15
1523.  2.178306E-15
1524.  2.178215E-15
1525.  2.178026E-15
1526.  2.177763E-15
1527.  2.177444E-15
1528.  2.177090E-15
1529.  2.176718E-15
1530.  2.176345E-15
1531.  2.175986E-15
1532.  2.175652E-15
1533.  2.175356E-15
1534.  2.175108E-15
1535.  2.174914E-15
1536.  2.174782E-15
1537.  2.174715E-15
1538.  2.174717E-15
1539.  2.174789E-15
1540.  2.174929E-15
1541.  2.175138E-15
1542.  2.175411E-15
1543.  2.175744E-15
1544.  2.176131E-15
1545.  2.176567E-15
1546.  2.177044E-15
1547.  2.177552E-15
1548.  2.178085E-15
1549.  2.178631E-15
1550.  2.179181E-15
1551.  2.179724E-15
1552.  2.180250E-15
1553.  2.180746E-15
1554.  2.181201E-15
1555.  2.181604E-15
1556.  2.181943E-15
1557.  2.182205E-15
1558.  2.182379E-15
1559.  2.182451E-15
1560.  2.182410E-15
1561.  2.182244E-15
1562.  2.181939E-15
1563.  2.181483E-15
1564.  2.180863E-15
1565.  2.180067E-15
1566.  2.179081E-15
1567.  2.177893E-15
1568.  2.176490E-15
1569.  2.174859E-15
1570.  2.172987E-15
1571.  2.170861E-15
1572.  2.168470E-15
1573.  2.165800E-15
1574.  2.162840E-15
1575.  2.159579E-15
1576.  2.156005E-15
1577.  2.152109E-15
1578.  2.147881E-15
1579.  2.143313E-15
1580.  2.138397E-15
1581.  2.133128E-15
1582.  2.127501E-15
1583.  2.121512E-15
1584.  2.115161E-15
1585.  2.108448E-15
1586.  2.101376E-15
1587.  2.093948E-15
1588.  2.086172E-15
1589.  2.078057E-15
1590.  2.069613E-15
1591.  2.060856E-15
1592.  2.051801E-15
1593.  2.042465E-15
1594.  2.032872E-15
1595.  2.023044E-15
1596.  2.013006E-15
1597.  2.002786E-15
1598.  1.992415E-15
1599.  1.981923E-15
1600.  1.971344E-15
1601.  1.960712E-15
1602.  1.950063E-15
1603.  1.939434E-15
1604.  1.928862E-15
1605.  1.918384E-15
1606.  1.908039E-15
1607.  1.897862E-15
1608.  1.887892E-15
1609.  1.878163E-15
1610.  1.868709E-15
1611.  1.859563E-15
1612.  1.850756E-15
1613.  1.842314E-15
1614.  1.834266E-15
1615.  1.826631E-15
1616.  1.819430E-15
1617.  1.812680E-15
1618.  1.806393E-15
1619.  1.800577E-15
1620.  1.795238E-15
1621.  1.790378E-15
1622.  1.785994E-15
1623.  1.782078E-15
1624.  1.778621E-15
1625.  1.775608E-15
1626.  1.773021E-15
1627.  1.770838E-15
1628.  1.769035E-15
1629.  1.767583E-15
1630.  1.766450E-15
1631.  1.765603E-15
1632.  1.765007E-15
1633.  1.764622E-15
1634.  1.764409E-15
1635.  1.764326E-15
1636.  1.764331E-15
1637.  1.764382E-15
1638.  1.764435E-15
1639.  1.764448E-15
1640.  1.764378E-15
1641.  1.764183E-15
1642.  1.763824E-15
1643.  1.763261E-15
1644.  1.762458E-15
1645.  1.761379E-15
1646.  1.759992E-15
1647.  1.758267E-15
1648.  1.756177E-15
1649.  1.753696E-15
1650.  1.750804E-15
1651.  1.747480E-15
1652.  1.743711E-15
1653.  1.739484E-15
1654.  1.734789E-15
1655.  1.729619E-15
1656.  1.723972E-15
1657.  1.717845E-15
1658.  1.711240E-15
1659.  1.704162E-15
1660.  1.696616E-15
1661.  1.688611E-15
1662.  1.680156E-15
1663.  1.671263E-15
1664.  1.661944E-15
1665.  1.652213E-15
1666.  1.642084E-15
1667.  1.631572E-15
1668.  1.620692E-15
1669.  1.609459E-15
1670.  1.597887E-15
1671.  1.585993E-15
1672.  1.573788E-15
1673.  1.561288E-15
1674.  1.548504E-15
1675.  1.535449E-15
1676.  1.522132E-15
1677.  1.508563E-15
1678.  1.494751E-15
1679.  1.480704E-15
1680.  1.466428E-15
1681.  1.451928E-15
1682.  1.437209E-15
1683.  1.422276E-15
1684.  1.407130E-15
1685.  1.391776E-15
1686.  1.376214E-15
1687.  1.360447E-15
1688.  1.344476E-15
1689.  1.328304E-15
1690.  1.311933E-15
1691.  1.295365E-15
1692.  1.278603E-15
1693.  1.261651E-15
1694.  1.244515E-15
1695.  1.227198E-15
1696.  1.209709E-15
1697.  1.192055E-15
1698.  1.174246E-15
1699.  1.156293E-15
1700.  1.138207E-15
1701.  1.120003E-15
1702.  1.101696E-15
1703.  1.083302E-15
1704.  1.064840E-15
1705.  1.046329E-15
1706.  1.027791E-15
1707.  1.009247E-15
1708.  9.907211E-16
1709.  9.722369E-16
1710.  9.538203E-16
1711.  9.354971E-16
1712.  9.172934E-16
1713.  8.992365E-16
1714.  8.813539E-16
1715.  8.636721E-16
1716.  8.462185E-16
1717.  8.290204E-16
1718.  8.121040E-16
1719.  7.954947E-16
1720.  7.792175E-16
1721.  7.632965E-16
1722.  7.477544E-16
1723.  7.326127E-16
1724.  7.178916E-16
1725.  7.036096E-16
1726.  6.897836E-16
1727.  6.764291E-16
1728.  6.635590E-16
1729.  6.511852E-16
1730.  6.393171E-16
1731.  6.279622E-16
1732.  6.171262E-16
1733.  6.068126E-16
1734.  5.970226E-16
1735.  5.877558E-16
1736.  5.790098E-16
1737.  5.707799E-16
1738.  5.630596E-16
1739.  5.558404E-16
1740.  5.491123E-16
1741.  5.428633E-16
1742.  5.370796E-16
1743.  5.317460E-16
1744.  5.268457E-16
1745.  5.223605E-16
1746.  5.182709E-16
1747.  5.145563E-16
1748.  5.111944E-16
1749.  5.081628E-16
1750.  5.054376E-16
1751.  5.029944E-16
1752.  5.008080E-16
1753.  4.988526E-16
1754.  4.971025E-16
1755.  4.955312E-16
1756.  4.941124E-16
1757.  4.928198E-16
1758.  4.916270E-16
1759.  4.905082E-16
1760.  4.894374E-16
1761.  4.883902E-16
1762.  4.873419E-16
1763.  4.862688E-16
1764.  4.851485E-16
1765.  4.839593E-16
1766.  4.826806E-16
1767.  4.812933E-16
1768.  4.797797E-16
1769.  4.781232E-16
1770.  4.763091E-16
1771.  4.743243E-16
1772.  4.721571E-16
1773.  4.697980E-16
1774.  4.672390E-16
1775.  4.644740E-16
1776.  4.614989E-16
1777.  4.583112E-16
1778.  4.549107E-16
1779.  4.512988E-16
1780.  4.474784E-16
1781.  4.434550E-16
1782.  4.392351E-16
1783.  4.348272E-16
1784.  4.302413E-16
1785.  4.254889E-16
1786.  4.205828E-16
1787.  4.155373E-16
1788.  4.103673E-16
1789.  4.050896E-16
1790.  3.997210E-16
1791.  3.942794E-16
1792.  3.887833E-16
1793.  3.832516E-16
1794.  3.777034E-16
1795.  3.721581E-16
1796.  3.666349E-16
1797.  3.611528E-16
1798.  3.557308E-16
1799.  3.503869E-16
1800.  3.451393E-16
1801.  3.400049E-16
1802.  3.350001E-16
1803.  3.301404E-16
1804.  3.254401E-16
1805.  3.209128E-16
1806.  3.165707E-16
1807.  3.124250E-16
1808.  3.084857E-16
1809.  3.047616E-16
1810.  3.012600E-16
1811.  2.979874E-16
1812.  2.949487E-16
1813.  2.921478E-16
1814.  2.895872E-16
1815.  2.872686E-16
1816.  2.851924E-16
1817.  2.833578E-16
1818.  2.817633E-16
1819.  2.804064E-16
1820.  2.792837E-16
1821.  2.783909E-16
1822.  2.777235E-16
1823.  2.772756E-16
1824.  2.770414E-16
1825.  2.770142E-16
1826.  2.771873E-16
1827.  2.775533E-16
1828.  2.781045E-16
1829.  2.788335E-16
1830.  2.797321E-16
1831.  2.807924E-16
1832.  2.820062E-16
1833.  2.833656E-16
1834.  2.848624E-16
1835.  2.864887E-16
1836.  2.882364E-16
1837.  2.900980E-16
1838.  2.920656E-16
1839.  2.941317E-16
1840.  2.962889E-16
1841.  2.985299E-16
1842.  3.008478E-16
1843.  3.032356E-16
1844.  3.056863E-16
1845.  3.081935E-16
1846.  3.107507E-16
1847.  3.133512E-16
1848.  3.159892E-16
1849.  3.186583E-16
1850.  3.213525E-16
1851.  3.240659E-16
1852.  3.267925E-16
1853.  3.295268E-16
1854.  3.322630E-16
1855.  3.349957E-16
1856.  3.377190E-16
1857.  3.404280E-16
1858.  3.431171E-16
1859.  3.457812E-16
1860.  3.484151E-16
1861.  3.510140E-16
1862.  3.535730E-16
1863.  3.560873E-16
1864.  3.585526E-16
1865.  3.609644E-16
1866.  3.633187E-16
1867.  3.656114E-16
1868.  3.678389E-16
1869.  3.699977E-16
1870.  3.720848E-16
1871.  3.740971E-16
1872.  3.760322E-16
1873.  3.778878E-16
1874.  3.796619E-16
1875.  3.813530E-16
1876.  3.829598E-16
1877.  3.844818E-16
1878.  3.859182E-16
1879.  3.872692E-16
1880.  3.885350E-16
1881.  3.897163E-16
1882.  3.908145E-16
1883.  3.918312E-16
1884.  3.927682E-16
1885.  3.936279E-16
1886.  3.944133E-16
1887.  3.951274E-16
1888.  3.957739E-16
1889.  3.963567E-16
1890.  3.968803E-16
1891.  3.973492E-16
1892.  3.977684E-16
1893.  3.981435E-16
1894.  3.984801E-16
1895.  3.987842E-16
1896.  3.990618E-16
1897.  3.993198E-16
1898.  3.995647E-16
1899.  3.998038E-16
1900.  4.000440E-16
1901.  4.002929E-16
1902.  4.005580E-16
1903.  4.008471E-16
1904.  4.011679E-16
1905.  4.015285E-16
1906.  4.019368E-16
1907.  4.024010E-16
1908.  4.029292E-16
1909.  4.035295E-16
1910.  4.042102E-16
1911.  4.049792E-16
1912.  4.058448E-16
1913.  4.068149E-16
1914.  4.078974E-16
1915.  4.091001E-16
1916.  4.104307E-16
1917.  4.118970E-16
1918.  4.135060E-16
1919.  4.152652E-16
1920.  4.171814E-16
1921.  4.192616E-16
1922.  4.215120E-16
1923.  4.239392E-16
1924.  4.265494E-16
1925.  4.293481E-16
1926.  4.323411E-16
1927.  4.355337E-16
1928.  4.389307E-16
1929.  4.425373E-16
1930.  4.463576E-16
1931.  4.503961E-16
1932.  4.546565E-16
1933.  4.591429E-16
1934.  4.638587E-16
1935.  4.688072E-16
1936.  4.739913E-16
1937.  4.794144E-16
1938.  4.850786E-16
1939.  4.909871E-16
1940.  4.971420E-16
1941.  5.035461E-16
1942.  5.102013E-16
1943.  5.171102E-16
1944.  5.242749E-16
1945.  5.316977E-16
1946.  5.393809E-16
1947.  5.473268E-16
1948.  5.555380E-16
1949.  5.640166E-16
1950.  5.727655E-16
1951.  5.817870E-16
1952.  5.910843E-16
1953.  6.006601E-16
1954.  6.105171E-16
1955.  6.206587E-16
1956.  6.310875E-16
1957.  6.418074E-16
1958.  6.528210E-16
1959.  6.641315E-16
1960.  6.757420E-16
1961.  6.876552E-16
1962.  6.998738E-16
1963.  7.124002E-16
1964.  7.252363E-16
1965.  7.383836E-16
1966.  7.518432E-16
1967.  7.656153E-16
1968.  7.796993E-16
1969.  7.940939E-16
1970.  8.087970E-16
1971.  8.238049E-16
1972.  8.391128E-16
1973.  8.547148E-16
1974.  8.706033E-16
1975.  8.867692E-16
1976.  9.032017E-16
1977.  9.198878E-16
1978.  9.368133E-16
1979.  9.539613E-16
1980.  9.713133E-16
1981.  9.888485E-16
1982.  1.006544E-15
1983.  1.024374E-15
1984.  1.042311E-15
1985.  1.060326E-15
1986.  1.078387E-15
1987.  1.096459E-15
1988.  1.114506E-15
1989.  1.132491E-15
1990.  1.150372E-15
1991.  1.168108E-15
1992.  1.185656E-15
1993.  1.202970E-15
1994.  1.220005E-15
1995.  1.236713E-15
1996.  1.253045E-15
1997.  1.268955E-15
1998.  1.284393E-15
1999.  1.299311E-15
2000.  1.313660E-15
2001.  1.327393E-15
2002.  1.340465E-15
2003.  1.352828E-15
2004.  1.364441E-15
2005.  1.375261E-15
2006.  1.385250E-15
2007.  1.394371E-15
2008.  1.402590E-15
2009.  1.409877E-15
2010.  1.416205E-15
2011.  1.421549E-15
2012.  1.425891E-15
2013.  1.429215E-15
2014.  1.431510E-15
2015.  1.432767E-15
2016.  1.432986E-15
2017.  1.432167E-15
2018.  1.430317E-15
2019.  1.427447E-15
2020.  1.423572E-15
2021.  1.418713E-15
2022.  1.412893E-15
2023.  1.406140E-15
2024.  1.398488E-15
2025.  1.389971E-15
2026.  1.380630E-15
2027.  1.370508E-15
2028.  1.359652E-15
2029.  1.348109E-15
2030.  1.335934E-15
2031.  1.323178E-15
2032.  1.309898E-15
2033.  1.296151E-15
2034.  1.281997E-15
2035.  1.267495E-15
2036.  1.252706E-15
2037.  1.237689E-15
2038.  1.222507E-15
2039.  1.207220E-15
2040.  1.191886E-15
2041.  1.176567E-15
2042.  1.161319E-15
2043.  1.146200E-15
2044.  1.131265E-15
2045.  1.116568E-15
2046.  1.102159E-15
2047.  1.088089E-15
2048.  1.074406E-15
2049.  1.061154E-15
2050.  1.048376E-15
2051.  1.036112E-15
2052.  1.024401E-15
2053.  1.013279E-15
2054.  1.002776E-15
2055.  9.929246E-16
2056.  9.837519E-16
2057.  9.752826E-16
2058.  9.675399E-16
2059.  9.605437E-16
2060.  9.543120E-16
2061.  9.488603E-16
2062.  9.442016E-16
2063.  9.403470E-16
2064.  9.373052E-16
2065.  9.350827E-16
2066.  9.336840E-16
2067.  9.331120E-16
2068.  9.333671E-16
2069.  9.344480E-16
2070.  9.363515E-16
2071.  9.390724E-16
2072.  9.426040E-16
2073.  9.469373E-16
2074.  9.520623E-16
2075.  9.579664E-16
2076.  9.646358E-16
2077.  9.720546E-16
2078.  9.802054E-16
2079.  9.890684E-16
2080.  9.986230E-16
2081.  1.008846E-15
2082.  1.019713E-15
2083.  1.031196E-15
2084.  1.043268E-15
2085.  1.055898E-15
2086.  1.069054E-15
2087.  1.082702E-15
2088.  1.096806E-15
2089.  1.111327E-15
2090.  1.126227E-15
2091.  1.141464E-15
2092.  1.156994E-15
2093.  1.172774E-15
2094.  1.188756E-15
2095.  1.204892E-15
2096.  1.221134E-15
2097.  1.237429E-15
2098.  1.253727E-15
2099.  1.269975E-15
2100.  1.286118E-15
2101.  1.302102E-15
2102.  1.317873E-15
2103.  1.333374E-15
2104.  1.348551E-15
2105.  1.363347E-15
2106.  1.377709E-15
2107.  1.391581E-15
2108.  1.404910E-15
2109.  1.417643E-15
2110.  1.429730E-15
2111.  1.441121E-15
2112.  1.451768E-15
2113.  1.461626E-15
2114.  1.470651E-15
2115.  1.478802E-15
2116.  1.486043E-15
2117.  1.492337E-15
2118.  1.497654E-15
2119.  1.501965E-15
2120.  1.505246E-15
2121.  1.507475E-15
2122.  1.508636E-15
2123.  1.508716E-15
2124.  1.507704E-15
2125.  1.505597E-15
2126.  1.502394E-15
2127.  1.498097E-15
2128.  1.492714E-15
2129.  1.486256E-15
2130.  1.478738E-15
2131.  1.470181E-15
2132.  1.460606E-15
2133.  1.450040E-15
2134.  1.438514E-15
2135.  1.426059E-15
2136.  1.412714E-15
2137.  1.398517E-15
2138.  1.383510E-15
2139.  1.367736E-15
2140.  1.351243E-15
2141.  1.334078E-15
2142.  1.316291E-15
2143.  1.297933E-15
2144.  1.279056E-15
2145.  1.259712E-15
2146.  1.239955E-15
2147.  1.219837E-15
2148.  1.199413E-15
2149.  1.178735E-15
2150.  1.157856E-15
2151.  1.136827E-15
2152.  1.115699E-15
2153.  1.094522E-15
2154.  1.073342E-15
2155.  1.052208E-15
2156.  1.031163E-15
2157.  1.010250E-15
2158.  9.895109E-16
2159.  9.689841E-16
2160.  9.487063E-16
2161.  9.287123E-16
2162.  9.090342E-16
2163.  8.897019E-16
2164.  8.707433E-16
2165.  8.521839E-16
2166.  8.340468E-16
2167.  8.163528E-16
2168.  7.991207E-16
2169.  7.823672E-16
2170.  7.661067E-16
2171.  7.503517E-16
2172.  7.351127E-16
2173.  7.203987E-16
2174.  7.062163E-16
2175.  6.925710E-16
2176.  6.794666E-16
2177.  6.669055E-16
2178.  6.548887E-16
2179.  6.434158E-16
2180.  6.324855E-16
2181.  6.220955E-16
2182.  6.122426E-16
2183.  6.029222E-16
2184.  5.941297E-16
2185.  5.858597E-16
2186.  5.781056E-16
2187.  5.708611E-16
2188.  5.641193E-16
2189.  5.578725E-16
2190.  5.521134E-16
2191.  5.468338E-16
2192.  5.420259E-16
2193.  5.376812E-16
2194.  5.337917E-16
2195.  5.303491E-16
2196.  5.273447E-16
2197.  5.247705E-16
2198.  5.226181E-16
2199.  5.208788E-16
2200.  5.195449E-16
2201.  5.186079E-16
2202.  5.180596E-16
2203.  5.178917E-16
2204.  5.180967E-16
2205.  5.186661E-16
2206.  5.195922E-16
2207.  5.208669E-16
2208.  5.224823E-16
2209.  5.244308E-16
2210.  5.267043E-16
2211.  5.292949E-16
2212.  5.321948E-16
2213.  5.353962E-16
2214.  5.388913E-16
2215.  5.426719E-16
2216.  5.467302E-16
2217.  5.510584E-16
2218.  5.556483E-16
2219.  5.604920E-16
2220.  5.655814E-16
2221.  5.709086E-16
2222.  5.764655E-16
2223.  5.822441E-16
2224.  5.882363E-16
2225.  5.944343E-16
2226.  6.008301E-16
2227.  6.074159E-16
2228.  6.141839E-16
2229.  6.211267E-16
2230.  6.282367E-16
2231.  6.355067E-16
2232.  6.429297E-16
2233.  6.504988E-16
2234.  6.582075E-16
2235.  6.660495E-16
2236.  6.740192E-16
2237.  6.821107E-16
2238.  6.903191E-16
2239.  6.986397E-16
2240.  7.070681E-16
2241.  7.156006E-16
2242.  7.242336E-16
2243.  7.329648E-16
2244.  7.417915E-16
2245.  7.507122E-16
2246.  7.597256E-16
2247.  7.688308E-16
2248.  7.780279E-16
2249.  7.873172E-16
2250.  7.966994E-16
2251.  8.061759E-16
2252.  8.157482E-16
2253.  8.254185E-16
2254.  8.351894E-16
2255.  8.450632E-16
2256.  8.550429E-16
2257.  8.651317E-16
2258.  8.753325E-16
2259.  8.856486E-16
2260.  8.960827E-16
2261.  9.066380E-16
2262.  9.173166E-16
2263.  9.281210E-16
2264.  9.390527E-16
2265.  9.501126E-16
2266.  9.613013E-16
2267.  9.726186E-16
2268.  9.840632E-16
2269.  9.956328E-16
2270.  1.007324E-15
2271.  1.019134E-15
2272.  1.031055E-15
2273.  1.043083E-15
2274.  1.055208E-15
2275.  1.067421E-15
2276.  1.079713E-15
2277.  1.092070E-15
2278.  1.104481E-15
2279.  1.116930E-15
2280.  1.129401E-15
2281.  1.141878E-15
2282.  1.154342E-15
2283.  1.166774E-15
2284.  1.179153E-15
2285.  1.191458E-15
2286.  1.203667E-15
2287.  1.215757E-15
2288.  1.227704E-15
2289.  1.239484E-15
2290.  1.251073E-15
2291.  1.262446E-15
2292.  1.273579E-15
2293.  1.284447E-15
2294.  1.295027E-15
2295.  1.305295E-15
2296.  1.315226E-15
2297.  1.324800E-15
2298.  1.333995E-15
2299.  1.342791E-15
2300.  1.351167E-15
2301.  1.359107E-15
2302.  1.366593E-15
2303.  1.373612E-15
2304.  1.380148E-15
2305.  1.386192E-15
2306.  1.391733E-15
2307.  1.396763E-15
2308.  1.401276E-15
2309.  1.405269E-15
2310.  1.408738E-15
2311.  1.411684E-15
2312.  1.414109E-15
2313.  1.416016E-15
2314.  1.417412E-15
2315.  1.418305E-15
2316.  1.418704E-15
2317.  1.418621E-15
2318.  1.418069E-15
2319.  1.417064E-15
2320.  1.415622E-15
2321.  1.413763E-15
2322.  1.411505E-15
2323.  1.408872E-15
2324.  1.405884E-15
2325.  1.402566E-15
2326.  1.398943E-15
2327.  1.395041E-15
2328.  1.390887E-15
2329.  1.386507E-15
2330.  1.381930E-15
2331.  1.377184E-15
2332.  1.372297E-15
2333.  1.367299E-15
2334.  1.362218E-15
2335.  1.357082E-15
2336.  1.351919E-15
2337.  1.346757E-15
2338.  1.341624E-15
2339.  1.336545E-15
2340.  1.331545E-15
2341.  1.326650E-15
2342.  1.321882E-15
2343.  1.317262E-15
2344.  1.312814E-15
2345.  1.308554E-15
2346.  1.304501E-15
2347.  1.300671E-15
2348.  1.297078E-15
2349.  1.293735E-15
2350.  1.290654E-15
2351.  1.287843E-15
2352.  1.285310E-15
2353.  1.283062E-15
2354.  1.281102E-15
2355.  1.279432E-15
2356.  1.278056E-15
2357.  1.276971E-15
2358.  1.276177E-15
2359.  1.275670E-15
2360.  1.275447E-15
2361.  1.275504E-15
2362.  1.275833E-15
2363.  1.276428E-15
2364.  1.277282E-15
2365.  1.278389E-15
2366.  1.279740E-15
2367.  1.281326E-15
2368.  1.283141E-15
2369.  1.285175E-15
2370.  1.287422E-15
2371.  1.289874E-15
2372.  1.292523E-15
2373.  1.295364E-15
2374.  1.298390E-15
2375.  1.301596E-15
2376.  1.304976E-15
2377.  1.308527E-15
2378.  1.312245E-15
2379.  1.316127E-15
2380.  1.320168E-15
2381.  1.324368E-15
2382.  1.328725E-15
2383.  1.333235E-15
2384.  1.337898E-15
2385.  1.342712E-15
2386.  1.347674E-15
2387.  1.352783E-15
2388.  1.358036E-15
2389.  1.363429E-15
2390.  1.368960E-15
2391.  1.374622E-15
2392.  1.380412E-15
2393.  1.386321E-15
2394.  1.392342E-15
2395.  1.398467E-15
2396.  1.404685E-15
2397.  1.410985E-15
2398.  1.417354E-15
2399.  1.423778E-15
2400.  1.430241E-15
2401.  1.436728E-15
2402.  1.443221E-15
2403.  1.449702E-15
2404.  1.456149E-15
2405.  1.462545E-15
2406.  1.468868E-15
2407.  1.475096E-15
2408.  1.481208E-15
2409.  1.487183E-15
2410.  1.492999E-15
2411.  1.498637E-15
2412.  1.504074E-15
2413.  1.509293E-15
2414.  1.514276E-15
2415.  1.519005E-15
2416.  1.523464E-15
2417.  1.527640E-15
2418.  1.531521E-15
2419.  1.535097E-15
2420.  1.538359E-15
2421.  1.541302E-15
2422.  1.543923E-15
2423.  1.546219E-15
2424.  1.548192E-15
2425.  1.549844E-15
2426.  1.551181E-15
2427.  1.552210E-15
2428.  1.552940E-15
2429.  1.553382E-15
2430.  1.553549E-15
2431.  1.553455E-15
2432.  1.553116E-15
2433.  1.552547E-15
2434.  1.551767E-15
2435.  1.550792E-15
2436.  1.549640E-15
2437.  1.548330E-15
2438.  1.546880E-15
2439.  1.545305E-15
2440.  1.543622E-15
2441.  1.541848E-15
2442.  1.539996E-15
2443.  1.538078E-15
2444.  1.536105E-15
2445.  1.534086E-15
2446.  1.532029E-15
2447.  1.529938E-15
2448.  1.527816E-15
2449.  1.525664E-15
2450.  1.523480E-15
2451.  1.521261E-15
2452.  1.519000E-15
2453.  1.516691E-15
2454.  1.514322E-15
2455.  1.511882E-15
2456.  1.509359E-15
2457.  1.506735E-15
2458.  1.503997E-15
2459.  1.501126E-15
2460.  1.498105E-15
2461.  1.494915E-15
2462.  1.491537E-15
2463.  1.487952E-15
2464.  1.484142E-15
2465.  1.480088E-15
2466.  1.475773E-15
2467.  1.471181E-15
2468.  1.466296E-15
2469.  1.461105E-15
2470.  1.455595E-15
2471.  1.449755E-15
2472.  1.443578E-15
2473.  1.437055E-15
2474.  1.430184E-15
2475.  1.422962E-15
2476.  1.415388E-15
2477.  1.407465E-15
2478.  1.399198E-15
2479.  1.390592E-15
2480.  1.381657E-15
2481.  1.372404E-15
2482.  1.362844E-15
2483.  1.352992E-15
2484.  1.342865E-15
2485.  1.332478E-15
2486.  1.321851E-15
2487.  1.311004E-15
2488.  1.299955E-15
2489.  1.288727E-15
2490.  1.277341E-15
2491.  1.265817E-15
2492.  1.254177E-15
2493.  1.242442E-15
2494.  1.230633E-15
2495.  1.218769E-15
2496.  1.206870E-15
2497.  1.194954E-15
2498.  1.183038E-15
2499.  1.171137E-15
2500.  1.159267E-15
2501.  1.147441E-15
2502.  1.135669E-15
2503.  1.123964E-15
2504.  1.112333E-15
2505.  1.100785E-15
2506.  1.089324E-15
2507.  1.077957E-15
2508.  1.066687E-15
2509.  1.055516E-15
2510.  1.044445E-15
2511.  1.033475E-15
2512.  1.022606E-15
2513.  1.011837E-15
2514.  1.001166E-15
2515.  9.905920E-16
2516.  9.801126E-16
2517.  9.697263E-16
2518.  9.594313E-16
2519.  9.492258E-16
2520.  9.391092E-16
2521.  9.290811E-16
2522.  9.191417E-16
2523.  9.092919E-16
2524.  8.995340E-16
2525.  8.898708E-16
2526.  8.803064E-16
2527.  8.708456E-16
2528.  8.614949E-16
2529.  8.522613E-16
2530.  8.431529E-16
2531.  8.341794E-16
2532.  8.253509E-16
2533.  8.166787E-16
2534.  8.081748E-16
2535.  7.998518E-16
2536.  7.917233E-16
2537.  7.838027E-16
2538.  7.761041E-16
2539.  7.686421E-16
2540.  7.614301E-16
2541.  7.544825E-16
2542.  7.478131E-16
2543.  7.414344E-16
2544.  7.353589E-16
2545.  7.295978E-16
2546.  7.241616E-16
2547.  7.190591E-16
2548.  7.142980E-16
2549.  7.098841E-16
2550.  7.058223E-16
2551.  7.021146E-16
2552.  6.987617E-16
2553.  6.957626E-16
2554.  6.931133E-16
2555.  6.908084E-16
2556.  6.888401E-16
2557.  6.871984E-16
2558.  6.858708E-16
2559.  6.848436E-16
2560.  6.840999E-16
2561.  6.836214E-16
2562.  6.833874E-16
2563.  6.833757E-16
2564.  6.835622E-16
2565.  6.839209E-16
2566.  6.844253E-16
2567.  6.850463E-16
2568.  6.857547E-16
2569.  6.865200E-16
2570.  6.873111E-16
2571.  6.880964E-16
2572.  6.888440E-16
2573.  6.895221E-16
2574.  6.900988E-16
2575.  6.905429E-16
2576.  6.908236E-16
2577.  6.909114E-16
2578.  6.907773E-16
2579.  6.903942E-16
2580.  6.897360E-16
2581.  6.887787E-16
2582.  6.874998E-16
2583.  6.858790E-16
2584.  6.838987E-16
2585.  6.815427E-16
2586.  6.787979E-16
2587.  6.756538E-16
2588.  6.721022E-16
2589.  6.681376E-16
2590.  6.637576E-16
2591.  6.589621E-16
2592.  6.537541E-16
2593.  6.481392E-16
2594.  6.421256E-16
2595.  6.357242E-16
2596.  6.289482E-16
2597.  6.218141E-16
2598.  6.143398E-16
2599.  6.065453E-16
2600.  5.984533E-16
2601.  5.900883E-16
2602.  5.814758E-16
2603.  5.726437E-16
2604.  5.636209E-16
2605.  5.544369E-16
2606.  5.451229E-16
2607.  5.357105E-16
2608.  5.262316E-16
2609.  5.167187E-16
2610.  5.072043E-16
2611.  4.977207E-16
2612.  4.882999E-16
2613.  4.789736E-16
2614.  4.697728E-16
2615.  4.607273E-16
2616.  4.518662E-16
2617.  4.432175E-16
2618.  4.348077E-16
2619.  4.266619E-16
2620.  4.188041E-16
2621.  4.112562E-16
2622.  4.040383E-16
2623.  3.971696E-16
2624.  3.906667E-16
2625.  3.845448E-16
2626.  3.788169E-16
2627.  3.734944E-16
2628.  3.685872E-16
2629.  3.641027E-16
2630.  3.600467E-16
2631.  3.564243E-16
2632.  3.532371E-16
2633.  3.504869E-16
2634.  3.481727E-16
2635.  3.462927E-16
2636.  3.448435E-16
2637.  3.438206E-16
2638.  3.432181E-16
2639.  3.430292E-16
2640.  3.432460E-16
2641.  3.438599E-16
2642.  3.448608E-16
2643.  3.462388E-16
2644.  3.479829E-16
2645.  3.500816E-16
2646.  3.525231E-16
2647.  3.552949E-16
2648.  3.583840E-16
2649.  3.617776E-16
2650.  3.654625E-16
2651.  3.694251E-16
2652.  3.736520E-16
2653.  3.781292E-16
2654.  3.828431E-16
2655.  3.877795E-16
2656.  3.929244E-16
2657.  3.982635E-16
2658.  4.037826E-16
2659.  4.094672E-16
2660.  4.153027E-16
2661.  4.212742E-16
2662.  4.273668E-16
2663.  4.335654E-16
2664.  4.398543E-16
2665.  4.462175E-16
2666.  4.526394E-16
2667.  4.591028E-16
2668.  4.655913E-16
2669.  4.720874E-16
2670.  4.785732E-16
2671.  4.850305E-16
2672.  4.914408E-16
2673.  4.977845E-16
2674.  5.040424E-16
2675.  5.101940E-16
2676.  5.162189E-16
2677.  5.220963E-16
2678.  5.278049E-16
2679.  5.333230E-16
2680.  5.386288E-16
2681.  5.437006E-16
2682.  5.485161E-16
2683.  5.530535E-16
2684.  5.572908E-16
2685.  5.612065E-16
2686.  5.647794E-16
2687.  5.679886E-16
2688.  5.708138E-16
2689.  5.732360E-16
2690.  5.752364E-16
2691.  5.767976E-16
2692.  5.779034E-16
2693.  5.785385E-16
2694.  5.786897E-16
2695.  5.783449E-16
2696.  5.774938E-16
2697.  5.761279E-16
2698.  5.742407E-16
2699.  5.718276E-16
2700.  5.688860E-16
2701.  5.654156E-16
2702.  5.614183E-16
2703.  5.568980E-16
2704.  5.518611E-16
2705.  5.463162E-16
2706.  5.402738E-16
2707.  5.337469E-16
2708.  5.267504E-16
2709.  5.193016E-16
2710.  5.114190E-16
2711.  5.031238E-16
2712.  4.944383E-16
2713.  4.853866E-16
2714.  4.759941E-16
2715.  4.662874E-16
2716.  4.562943E-16
2717.  4.460434E-16
2718.  4.355640E-16
2719.  4.248856E-16
2720.  4.140384E-16
2721.  4.030524E-16
2722.  3.919575E-16
2723.  3.807833E-16
2724.  3.695588E-16
2725.  3.583124E-16
2726.  3.470716E-16
2727.  3.358629E-16
2728.  3.247115E-16
2729.  3.136413E-16
2730.  3.026745E-16
2731.  2.918324E-16
2732.  2.811339E-16
2733.  2.705968E-16
2734.  2.602366E-16
2735.  2.500674E-16
2736.  2.401013E-16
2737.  2.303483E-16
2738.  2.208174E-16
2739.  2.115149E-16
2740.  2.024461E-16
2741.  1.936143E-16
2742.  1.850213E-16
2743.  1.766674E-16
2744.  1.685518E-16
2745.  1.606722E-16
2746.  1.530251E-16
2747.  1.456062E-16
2748.  1.384104E-16
2749.  1.314317E-16
2750.  1.246636E-16
2751.  1.180993E-16
2752.  1.117314E-16
2753.  1.055526E-16
2754.  9.955532E-17
2755.  9.373234E-17
2756.  8.807647E-17
2757.  8.258084E-17
2758.  7.723886E-17
2759.  7.204492E-17
2760.  6.699338E-17
2761.  6.207956E-17
2762.  5.729953E-17
2763.  5.264980E-17
2764.  4.812805E-17
2765.  4.373252E-17
2766.  3.946217E-17
2767.  3.531692E-17
2768.  3.129742E-17
2769.  2.740531E-17
2770.  2.364254E-17
2771.  2.001207E-17
2772.  1.651729E-17
2773.  1.316246E-17
2774.  9.952237E-18
2775.  6.891762E-18
2776.  3.986466E-18
2777.  1.242045E-18
2778.  -1.335168E-18
2779.  -3.738960E-18
2780.  -5.962979E-18
2781.  -8.000885E-18
2782.  -9.846378E-18
2783.  -1.149330E-17
2784.  -1.293559E-17
2785.  -1.416760E-17
2786.  -1.518404E-17
2787.  -1.598001E-17
2788.  -1.655078E-17
2789.  -1.689281E-17
2790.  -1.700243E-17
2791.  -1.687694E-17
2792.  -1.651425E-17
2793.  -1.591310E-17
2794.  -1.507260E-17
2795.  -1.399284E-17
2796.  -1.267471E-17
2797.  -1.111963E-17
2798.  -9.329994E-18
2799.  -7.309095E-18
2800.  -5.060780E-18
2801.  -2.589910E-18
2802.  9.833632E-20
2803.  2.997396E-18
2804.  6.100448E-18
2805.  9.399662E-18
2806.  1.288665E-17
2807.  1.655216E-17
2808.  2.038655E-17
2809.  2.437961E-17
2810.  2.852008E-17
2811.  3.279640E-17
2812.  3.719680E-17
2813.  4.170874E-17
2814.  4.631910E-17
2815.  5.101463E-17
2816.  5.578165E-17
2817.  6.060628E-17
2818.  6.547420E-17
2819.  7.037098E-17
2820.  7.528220E-17
2821.  8.019297E-17
2822.  8.508877E-17
2823.  8.995479E-17
2824.  9.477643E-17
2825.  9.953905E-17
2826.  1.042284E-16
2827.  1.088302E-16
2828.  1.133306E-16
2829.  1.177160E-16
2830.  1.219731E-16
2831.  1.260894E-16
2832.  1.300523E-16
2833.  1.338503E-16
2834.  1.374720E-16
2835.  1.409067E-16
2836.  1.441447E-16
2837.  1.471766E-16
2838.  1.499939E-16
2839.  1.525889E-16
2840.  1.549547E-16
2841.  1.570850E-16
2842.  1.589747E-16
2843.  1.606193E-16
2844.  1.620154E-16
2845.  1.631603E-16
2846.  1.640525E-16
2847.  1.646909E-16
2848.  1.650759E-16
2849.  1.652084E-16
2850.  1.650902E-16
2851.  1.647245E-16
2852.  1.641146E-16
2853.  1.632653E-16
2854.  1.621817E-16
2855.  1.608702E-16
2856.  1.593375E-16
2857.  1.575912E-16
2858.  1.556397E-16
2859.  1.534918E-16
2860.  1.511569E-16
2861.  1.486452E-16
2862.  1.459671E-16
2863.  1.431335E-16
2864.  1.401557E-16
2865.  1.370452E-16
2866.  1.338141E-16
2867.  1.304742E-16
2868.  1.270378E-16
2869.  1.235170E-16
2870.  1.199244E-16
2871.  1.162718E-16
2872.  1.125718E-16
2873.  1.088360E-16
2874.  1.050764E-16
2875.  1.013044E-16
2876.  9.753130E-17
2877.  9.376810E-17
2878.  9.002492E-17
2879.  8.631218E-17
2880.  8.263929E-17
2881.  7.901535E-17
2882.  7.544886E-17
2883.  7.194773E-17
2884.  6.851953E-17
2885.  6.517094E-17
2886.  6.190802E-17
2887.  5.873650E-17
2888.  5.566109E-17
2889.  5.268604E-17
2890.  4.981503E-17
2891.  4.705099E-17
2892.  4.439607E-17
2893.  4.185220E-17
2894.  3.942035E-17
2895.  3.710085E-17
2896.  3.489375E-17
2897.  3.279826E-17
2898.  3.081331E-17
2899.  2.893707E-17
2900.  2.716733E-17
2901.  2.550149E-17
2902.  2.393650E-17
2903.  2.246895E-17
2904.  2.109489E-17
2905.  1.981017E-17
2906.  1.861063E-17
2907.  1.749151E-17
2908.  1.644795E-17
2909.  1.547499E-17
2910.  1.456736E-17
2911.  1.372004E-17
2912.  1.292775E-17
2913.  1.218497E-17
2914.  1.148668E-17
2915.  1.082755E-17
2916.  1.020241E-17
2917.  9.606371E-18
2918.  9.034592E-18
2919.  8.482271E-18
2920.  7.945068E-18
2921.  7.418490E-18
2922.  6.898899E-18
2923.  6.382409E-18
2924.  5.865748E-18
2925.  5.345776E-18
2926.  4.819656E-18
2927.  4.285047E-18
2928.  3.739938E-18
2929.  3.182492E-18
2930.  2.611614E-18
2931.  2.026165E-18
2932.  1.425581E-18
2933.  8.095898E-19
2934.  1.784093E-19
2935.  -4.676048E-19
2936.  -1.127595E-18
2937.  -1.800353E-18
2938.  -2.484706E-18
2939.  -3.178691E-18
2940.  -3.880327E-18
2941.  -4.587355E-18
2942.  -5.297562E-18
2943.  -6.007883E-18
2944.  -6.715773E-18
2945.  -7.418035E-18
2946.  -8.111743E-18
2947.  -8.793702E-18
2948.  -9.460445E-18
2949.  -1.010887E-17
2950.  -1.073550E-17
2951.  -1.133732E-17
2952.  -1.191104E-17
2953.  -1.245337E-17
2954.  -1.296168E-17
2955.  -1.343271E-17
2956.  -1.386405E-17
2957.  -1.425301E-17
2958.  -1.459734E-17
2959.  -1.489513E-17
2960.  -1.514441E-17
2961.  -1.534339E-17
2962.  -1.549113E-17
2963.  -1.558648E-17
2964.  -1.562882E-17
2965.  -1.561745E-17
2966.  -1.555241E-17
2967.  -1.543380E-17
2968.  -1.526206E-17
2969.  -1.503788E-17
2970.  -1.476241E-17
2971.  -1.443685E-17
2972.  -1.406244E-17
2973.  -1.364138E-17
2974.  -1.317544E-17
2975.  -1.266682E-17
2976.  -1.211797E-17
2977.  -1.153141E-17
2978.  -1.090991E-17
2979.  -1.025629E-17
2980.  -9.573597E-18
2981.  -8.864650E-18
2982.  -8.132698E-18
2983.  -7.380886E-18
2984.  -6.612389E-18
2985.  -5.830440E-18
2986.  -5.038070E-18
2987.  -4.238389E-18
2988.  -3.434557E-18
2989.  -2.629454E-18
2990.  -1.826032E-18
2991.  -1.027049E-18
2992.  -2.350773E-19
2993.  5.473102E-19
2994.  1.317654E-18
2995.  2.073751E-18
2996.  2.813692E-18
2997.  3.535386E-18
2998.  4.237244E-18
2999.  4.917560E-18
3000.  5.575169E-18
3001.  6.208685E-18
3002.  6.816996E-18
3003.  7.399473E-18
3004.  7.955262E-18
3005.  8.483961E-18
3006.  8.985148E-18
3007.  9.458521E-18
3008.  9.904015E-18
3009.  1.032197E-17
3010.  1.071203E-17
3011.  1.107491E-17
3012.  1.141108E-17
3013.  1.172080E-17
3014.  1.200484E-17
3015.  1.226396E-17
3016.  1.249868E-17
3017.  1.271011E-17
3018.  1.289917E-17
3019.  1.306662E-17
3020.  1.321349E-17
3021.  1.334096E-17
3022.  1.344985E-17
3023.  1.354141E-17
3024.  1.361647E-17
3025.  1.367653E-17
3026.  1.372230E-17
3027.  1.375515E-17
3028.  1.377592E-17
3029.  1.378594E-17
3030.  1.378605E-17
3031.  1.377743E-17
3032.  1.376111E-17
3033.  1.373798E-17
3034.  1.370919E-17
3035.  1.367567E-17
3036.  1.363846E-17
3037.  1.359841E-17
3038.  1.355647E-17
3039.  1.351356E-17
3040.  1.347074E-17
3041.  1.342872E-17
3042.  1.338840E-17
3043.  1.335070E-17
3044.  1.331662E-17
3045.  1.328675E-17
3046.  1.326211E-17
3047.  1.324364E-17
3048.  1.323204E-17
3049.  1.322817E-17
3050.  1.323297E-17
3051.  1.324722E-17
3052.  1.327171E-17
3053.  1.330747E-17
3054.  1.335533E-17
3055.  1.341588E-17
3056.  1.349014E-17
3057.  1.357883E-17
3058.  1.368294E-17
3059.  1.380300E-17
3060.  1.393993E-17
3061.  1.409428E-17
3062.  1.426711E-17
3063.  1.445860E-17
3064.  1.466967E-17
3065.  1.490094E-17
3066.  1.515271E-17
3067.  1.542523E-17
3068.  1.571932E-17
3069.  1.603507E-17
3070.  1.637240E-17
3071.  1.673175E-17
3072.  1.711282E-17
3073.  1.751591E-17
3074.  1.794034E-17
3075.  1.838593E-17
3076.  1.885223E-17
3077.  1.933855E-17
3078.  1.984434E-17
3079.  2.036866E-17
3080.  2.091055E-17
3081.  2.146878E-17
3082.  2.204233E-17
3083.  2.262964E-17
3084.  2.322943E-17
3085.  2.384008E-17
3086.  2.445990E-17
3087.  2.508732E-17
3088.  2.572029E-17
3089.  2.635706E-17
3090.  2.699602E-17
3091.  2.763488E-17
3092.  2.827196E-17
3093.  2.890538E-17
3094.  2.953316E-17
3095.  3.015369E-17
3096.  3.076526E-17
3097.  3.136620E-17
3098.  3.195517E-17
3099.  3.253089E-17
3100.  3.309236E-17
3101.  3.363864E-17
3102.  3.416898E-17
3103.  3.468306E-17
3104.  3.518095E-17
3105.  3.566258E-17
3106.  3.612838E-17
3107.  3.657942E-17
3108.  3.701645E-17
3109.  3.744119E-17
3110.  3.785533E-17
3111.  3.826104E-17
3112.  3.866065E-17
3113.  3.905715E-17
3114.  3.945346E-17
3115.  3.985316E-17
3116.  4.025988E-17
3117.  4.067747E-17
3118.  4.111050E-17
3119.  4.156315E-17
3120.  4.204003E-17
3121.  4.254589E-17
3122.  4.308575E-17
3123.  4.366424E-17
3124.  4.428663E-17
3125.  4.495761E-17
3126.  4.568214E-17
3127.  4.646471E-17
3128.  4.730985E-17
3129.  4.822185E-17
3130.  4.920473E-17
3131.  5.026197E-17
3132.  5.139690E-17
3133.  5.261224E-17
3134.  5.391016E-17
3135.  5.529242E-17
3136.  5.676023E-17
3137.  5.831404E-17
3138.  5.995365E-17
3139.  6.167826E-17
3140.  6.348630E-17
3141.  6.537567E-17
3142.  6.734310E-17
3143.  6.938520E-17
3144.  7.149697E-17
3145.  7.367353E-17
3146.  7.590875E-17
3147.  7.819610E-17
3148.  8.052807E-17
3149.  8.289686E-17
3150.  8.529383E-17
3151.  8.770985E-17
3152.  9.013538E-17
3153.  9.256037E-17
3154.  9.497442E-17
3155.  9.736693E-17
3156.  9.972689E-17
3157.  1.020433E-16
3158.  1.043052E-16
3159.  1.065015E-16
3160.  1.086212E-16
3161.  1.106535E-16
3162.  1.125881E-16
3163.  1.144148E-16
3164.  1.161242E-16
3165.  1.177071E-16
3166.  1.191549E-16
3167.  1.204597E-16
3168.  1.216146E-16
3169.  1.226133E-16
3170.  1.234503E-16
3171.  1.241210E-16
3172.  1.246219E-16
3173.  1.249501E-16
3174.  1.251043E-16
3175.  1.250834E-16
3176.  1.248880E-16
3177.  1.245191E-16
3178.  1.239793E-16
3179.  1.232715E-16
3180.  1.223999E-16
3181.  1.213695E-16
3182.  1.201863E-16
3183.  1.188567E-16
3184.  1.173882E-16
3185.  1.157887E-16
3186.  1.140670E-16
3187.  1.122320E-16
3188.  1.102934E-16
3189.  1.082611E-16
3190.  1.061455E-16
3191.  1.039568E-16
3192.  1.017058E-16
3193.  9.940319E-17
3194.  9.705951E-17
3195.  9.468528E-17
3196.  9.229121E-17
3197.  8.988718E-17
3198.  8.748307E-17
3199.  8.508869E-17
3200.  8.271307E-17
3201.  8.036504E-17
3202.  7.805276E-17
3203.  7.578406E-17
3204.  7.356613E-17
3205.  7.140559E-17
3206.  6.930879E-17
3207.  6.728091E-17
3208.  6.532697E-17
3209.  6.345132E-17
3210.  6.165783E-17
3211.  5.994951E-17
3212.  5.832875E-17
3213.  5.679794E-17
3214.  5.535870E-17
3215.  5.401167E-17
3216.  5.275760E-17
3217.  5.159664E-17
3218.  5.052845E-17
3219.  4.955227E-17
3220.  4.866713E-17
3221.  4.787160E-17
3222.  4.716399E-17
3223.  4.654253E-17
3224.  4.600498E-17
3225.  4.554904E-17
3226.  4.517206E-17
3227.  4.487147E-17
3228.  4.464473E-17
3229.  4.448869E-17
3230.  4.440068E-17
3231.  4.437757E-17
3232.  4.441656E-17
3233.  4.451472E-17
3234.  4.466920E-17
3235.  4.487707E-17
3236.  4.513553E-17
3237.  4.544200E-17
3238.  4.579385E-17
3239.  4.618864E-17
3240.  4.662417E-17
3241.  4.709784E-17
3242.  4.760816E-17
3243.  4.815316E-17
3244.  4.873111E-17
3245.  4.934074E-17
3246.  4.998074E-17
3247.  5.065042E-17
3248.  5.134871E-17
3249.  5.207543E-17
3250.  5.283044E-17
3251.  5.361380E-17
3252.  5.442608E-17
3253.  5.526781E-17
3254.  5.614025E-17
3255.  5.704472E-17
3256.  5.798304E-17
3257.  5.895713E-17
3258.  5.996948E-17
3259.  6.102274E-17
3260.  6.212018E-17
3261.  6.326490E-17
3262.  6.446082E-17
3263.  6.571181E-17
3264.  6.702222E-17
3265.  6.839688E-17
3266.  6.984014E-17
3267.  7.135740E-17
3268.  7.295382E-17
3269.  7.463481E-17
3270.  7.640586E-17
3271.  7.827266E-17
3272.  8.024083E-17
3273.  8.231591E-17
3274.  8.450367E-17
3275.  8.680969E-17
3276.  8.923909E-17
3277.  9.179720E-17
3278.  9.448878E-17
3279.  9.731824E-17
3280.  1.002899E-16
3281.  1.034072E-16
3282.  1.066736E-16
3283.  1.100915E-16
3284.  1.136628E-16
3285.  1.173889E-16
3286.  1.212702E-16
3287.  1.253066E-16
3288.  1.294970E-16
3289.  1.338392E-16
3290.  1.383303E-16
3291.  1.429667E-16
3292.  1.477434E-16
3293.  1.526546E-16
3294.  1.576935E-16
3295.  1.628521E-16
3296.  1.681216E-16
3297.  1.734924E-16
3298.  1.789533E-16
3299.  1.844927E-16
3300.  1.900976E-16
3301.  1.957548E-16
3302.  2.014496E-16
3303.  2.071667E-16
3304.  2.128906E-16
3305.  2.186043E-16
3306.  2.242910E-16
3307.  2.299333E-16
3308.  2.355130E-16
3309.  2.410121E-16
3310.  2.464127E-16
3311.  2.516961E-16
3312.  2.568441E-16
3313.  2.618387E-16
3314.  2.666625E-16
3315.  2.712978E-16
3316.  2.757283E-16
3317.  2.799376E-16
3318.  2.839109E-16
3319.  2.876333E-16
3320.  2.910917E-16
3321.  2.942740E-16
3322.  2.971689E-16
3323.  2.997668E-16
3324.  3.020593E-16
3325.  3.040395E-16
3326.  3.057019E-16
3327.  3.070425E-16
3328.  3.080592E-16
3329.  3.087516E-16
3330.  3.091202E-16
3331.  3.091681E-16
3332.  3.088994E-16
3333.  3.083206E-16
3334.  3.074389E-16
3335.  3.062639E-16
3336.  3.048063E-16
3337.  3.030787E-16
3338.  3.010949E-16
3339.  2.988702E-16
3340.  2.964212E-16
3341.  2.937658E-16
3342.  2.909233E-16
3343.  2.879134E-16
3344.  2.847576E-16
3345.  2.814775E-16
3346.  2.780963E-16
3347.  2.746372E-16
3348.  2.711243E-16
3349.  2.675821E-16
3350.  2.640353E-16
3351.  2.605092E-16
3352.  2.570288E-16
3353.  2.536193E-16
3354.  2.503061E-16
3355.  2.471138E-16
3356.  2.440673E-16
3357.  2.411909E-16
3358.  2.385083E-16
3359.  2.360425E-16
3360.  2.338164E-16
3361.  2.318513E-16
3362.  2.301684E-16
3363.  2.287876E-16
3364.  2.277274E-16
3365.  2.270059E-16
3366.  2.266395E-16
3367.  2.266435E-16
3368.  2.270319E-16
3369.  2.278170E-16
3370.  2.290100E-16
3371.  2.306201E-16
3372.  2.326553E-16
3373.  2.351216E-16
3374.  2.380235E-16
3375.  2.413637E-16
3376.  2.451426E-16
3377.  2.493594E-16
3378.  2.540110E-16
3379.  2.590925E-16
3380.  2.645970E-16
3381.  2.705156E-16
3382.  2.768379E-16
3383.  2.835506E-16
3384.  2.906392E-16
3385.  2.980873E-16
3386.  3.058761E-16
3387.  3.139854E-16
3388.  3.223932E-16
3389.  3.310755E-16
3390.  3.400068E-16
3391.  3.491604E-16
3392.  3.585075E-16
3393.  3.680188E-16
3394.  3.776631E-16
3395.  3.874084E-16
3396.  3.972220E-16
3397.  4.070703E-16
3398.  4.169188E-16
3399.  4.267333E-16
3400.  4.364785E-16
3401.  4.461199E-16
3402.  4.556226E-16
3403.  4.649524E-16
3404.  4.740750E-16
3405.  4.829575E-16
3406.  4.915680E-16
3407.  4.998749E-16
3408.  5.078487E-16
3409.  5.154609E-16
3410.  5.226851E-16
3411.  5.294963E-16
3412.  5.358714E-16
3413.  5.417897E-16
3414.  5.472326E-16
3415.  5.521842E-16
3416.  5.566302E-16
3417.  5.605595E-16
3418.  5.639634E-16
3419.  5.668357E-16
3420.  5.691730E-16
3421.  5.709745E-16
3422.  5.722419E-16
3423.  5.729799E-16
3424.  5.731951E-16
3425.  5.728975E-16
3426.  5.720985E-16
3427.  5.708128E-16
3428.  5.690563E-16
3429.  5.668481E-16
3430.  5.642084E-16
3431.  5.611593E-16
3432.  5.577251E-16
3433.  5.539305E-16
3434.  5.498026E-16
3435.  5.453687E-16
3436.  5.406574E-16
3437.  5.356979E-16
3438.  5.305201E-16
3439.  5.251538E-16
3440.  5.196291E-16
3441.  5.139760E-16
3442.  5.082243E-16
3443.  5.024030E-16
3444.  4.965410E-16
3445.  4.906659E-16
3446.  4.848044E-16
3447.  4.789823E-16
3448.  4.732240E-16
3449.  4.675523E-16
3450.  4.619890E-16
3451.  4.565536E-16
3452.  4.512644E-16
3453.  4.461378E-16
3454.  4.411880E-16
3455.  4.364281E-16
3456.  4.318682E-16
3457.  4.275175E-16
3458.  4.233822E-16
3459.  4.194673E-16
3460.  4.157757E-16
3461.  4.123081E-16
3462.  4.090636E-16
3463.  4.060392E-16
3464.  4.032305E-16
3465.  4.006312E-16
3466.  3.982335E-16
3467.  3.960280E-16
3468.  3.940041E-16
3469.  3.921495E-16
3470.  3.904513E-16
3471.  3.888951E-16
3472.  3.874662E-16
3473.  3.861483E-16
3474.  3.849253E-16
3475.  3.837800E-16
3476.  3.826951E-16
3477.  3.816532E-16
3478.  3.806364E-16
3479.  3.796275E-16
3480.  3.786090E-16
3481.  3.775637E-16
3482.  3.764752E-16
3483.  3.753275E-16
3484.  3.741053E-16
3485.  3.727939E-16
3486.  3.713796E-16
3487.  3.698497E-16
3488.  3.681925E-16
3489.  3.663974E-16
3490.  3.644548E-16
3491.  3.623567E-16
3492.  3.600956E-16
3493.  3.576663E-16
3494.  3.550639E-16
3495.  3.522852E-16
3496.  3.493286E-16
3497.  3.461927E-16
3498.  3.428788E-16
3499.  3.393879E-16
3500.  3.357232E-16
3501.  3.318885E-16
3502.  3.278888E-16
3503.  3.237301E-16
3504.  3.194190E-16
3505.  3.149633E-16
3506.  3.103715E-16
3507.  3.056523E-16
3508.  3.008158E-16
3509.  2.958717E-16
3510.  2.908310E-16
3511.  2.857043E-16
3512.  2.805027E-16
3513.  2.752380E-16
3514.  2.699209E-16
3515.  2.645636E-16
3516.  2.591774E-16
3517.  2.537735E-16
3518.  2.483630E-16
3519.  2.429571E-16
3520.  2.375665E-16
3521.  2.322019E-16
3522.  2.268731E-16
3523.  2.215900E-16
3524.  2.163623E-16
3525.  2.111989E-16
3526.  2.061082E-16
3527.  2.010988E-16
3528.  1.961784E-16
3529.  1.913542E-16
3530.  1.866337E-16
3531.  1.820232E-16
3532.  1.775289E-16
3533.  1.731570E-16
3534.  1.689127E-16
3535.  1.648012E-16
3536.  1.608276E-16
3537.  1.569961E-16
3538.  1.533114E-16
3539.  1.497772E-16
3540.  1.463973E-16
3541.  1.431751E-16
3542.  1.401139E-16
3543.  1.372168E-16
3544.  1.344863E-16
3545.  1.319251E-16
3546.  1.295354E-16
3547.  1.273193E-16
3548.  1.252789E-16
3549.  1.234154E-16
3550.  1.217302E-16
3551.  1.202243E-16
3552.  1.188987E-16
3553.  1.177535E-16
3554.  1.167887E-16
3555.  1.160044E-16
3556.  1.153998E-16
3557.  1.149737E-16
3558.  1.147247E-16
3559.  1.146509E-16
3560.  1.147502E-16
3561.  1.150193E-16
3562.  1.154550E-16
3563.  1.160536E-16
3564.  1.168105E-16
3565.  1.177207E-16
3566.  1.187790E-16
3567.  1.199792E-16
3568.  1.213147E-16
3569.  1.227784E-16
3570.  1.243626E-16
3571.  1.260591E-16
3572.  1.278593E-16
3573.  1.297539E-16
3574.  1.317333E-16
3575.  1.337874E-16
3576.  1.359055E-16
3577.  1.380769E-16
3578.  1.402903E-16
3579.  1.425343E-16
3580.  1.447970E-16
3581.  1.470663E-16
3582.  1.493303E-16
3583.  1.515767E-16
3584.  1.537932E-16
3585.  1.559676E-16
3586.  1.580874E-16
3587.  1.601409E-16
3588.  1.621159E-16
3589.  1.640008E-16
3590.  1.657844E-16
3591.  1.674555E-16
3592.  1.690036E-16
3593.  1.704182E-16
3594.  1.716900E-16
3595.  1.728101E-16
3596.  1.737696E-16
3597.  1.745609E-16
3598.  1.751769E-16
3599.  1.756113E-16
3600.  1.758583E-16
3601.  1.759134E-16
3602.  1.757726E-16
3603.  1.754327E-16
3604.  1.748917E-16
3605.  1.741480E-16
3606.  1.732013E-16
3607.  1.720523E-16
3608.  1.707022E-16
3609.  1.691532E-16
3610.  1.674086E-16
3611.  1.654724E-16
3612.  1.633495E-16
3613.  1.610455E-16
3614.  1.585667E-16
3615.  1.559203E-16
3616.  1.531141E-16
3617.  1.501569E-16
3618.  1.470574E-16
3619.  1.438254E-16
3620.  1.404708E-16
3621.  1.370041E-16
3622.  1.334362E-16
3623.  1.297783E-16
3624.  1.260417E-16
3625.  1.222377E-16
3626.  1.183778E-16
3627.  1.144738E-16
3628.  1.105373E-16
3629.  1.065791E-16
3630.  1.026110E-16
3631.  9.864366E-17
3632.  9.468776E-17
3633.  9.075362E-17
3634.  8.685109E-17
3635.  8.298944E-17
3636.  7.917796E-17
3637.  7.542454E-17
3638.  7.173754E-17
3639.  6.812379E-17
3640.  6.458999E-17
3641.  6.114216E-17
3642.  5.778554E-17
3643.  5.452499E-17
3644.  5.136449E-17
3645.  4.830736E-17
3646.  4.535628E-17
3647.  4.251349E-17
3648.  3.978051E-17
3649.  3.715833E-17
3650.  3.464688E-17
3651.  3.224653E-17
3652.  2.995633E-17
3653.  2.777509E-17
3654.  2.570116E-17
3655.  2.373294E-17
3656.  2.186759E-17
3657.  2.010269E-17
3658.  1.843507E-17
3659.  1.686172E-17
3660.  1.537898E-17
3661.  1.398333E-17
3662.  1.267096E-17
3663.  1.143784E-17
3664.  1.028038E-17
3665.  9.194291E-18
3666.  8.175761E-18
3667.  7.220696E-18
3668.  6.325460E-18
3669.  5.485918E-18
3670.  4.698475E-18
3671.  3.959599E-18
3672.  3.265678E-18
3673.  2.613399E-18
3674.  1.999789E-18
3675.  1.421891E-18
3676.  8.769643E-19
3677.  3.625570E-19
3678.  -1.236562E-19
3679.  -5.838326E-19
3680.  -1.019388E-18
3681.  -1.432348E-18
3682.  -1.823651E-18
3683.  -2.194352E-18
3684.  -2.545326E-18
3685.  -2.877432E-18
3686.  -3.190324E-18
3687.  -3.484503E-18
3688.  -3.759502E-18
3689.  -4.015221E-18
3690.  -4.250553E-18
3691.  -4.464980E-18
3692.  -4.657287E-18
3693.  -4.826072E-18
3694.  -4.970055E-18
3695.  -5.087411E-18
3696.  -5.176431E-18
3697.  -5.235265E-18
3698.  -5.261621E-18
3699.  -5.253369E-18
3700.  -5.208522E-18
3701.  -5.124536E-18
3702.  -4.999155E-18
3703.  -4.830047E-18
3704.  -4.615081E-18
3705.  -4.351791E-18
3706.  -4.038015E-18
3707.  -3.671692E-18
3708.  -3.250953E-18
3709.  -2.773912E-18
3710.  -2.239122E-18
3711.  -1.645056E-18
3712.  -9.905957E-19
3713.  -2.749204E-19
3714.  5.024385E-19
3715.  1.341818E-18
3716.  2.243160E-18
3717.  3.205868E-18
3718.  4.229262E-18
3719.  5.312080E-18
3720.  6.452686E-18
3721.  7.649012E-18
3722.  8.898665E-18
3723.  1.019902E-17
3724.  1.154640E-17
3725.  1.293745E-17
3726.  1.436802E-17
3727.  1.583369E-17
3728.  1.732990E-17
3729.  1.885141E-17
3730.  2.039297E-17
3731.  2.194891E-17
3732.  2.351324E-17
3733.  2.508012E-17
3734.  2.664309E-17
3735.  2.819612E-17
3736.  2.973264E-17
3737.  3.124620E-17
3738.  3.273054E-17
3739.  3.417936E-17
3740.  3.558646E-17
3741.  3.694576E-17
3742.  3.825142E-17
3743.  3.949795E-17
3744.  4.068019E-17
3745.  4.179296E-17
3746.  4.283196E-17
3747.  4.379291E-17
3748.  4.467227E-17
3749.  4.546658E-17
3750.  4.617326E-17
3751.  4.678998E-17
3752.  4.731521E-17
3753.  4.774743E-17
3754.  4.808611E-17
3755.  4.833117E-17
3756.  4.848284E-17
3757.  4.854207E-17
3758.  4.851015E-17
3759.  4.838913E-17
3760.  4.818105E-17
3761.  4.788873E-17
3762.  4.751529E-17
3763.  4.706415E-17
3764.  4.653936E-17
3765.  4.594468E-17
3766.  4.528469E-17
3767.  4.456383E-17
3768.  4.378687E-17
3769.  4.295879E-17
3770.  4.208439E-17
3771.  4.116875E-17
3772.  4.021695E-17
3773.  3.923394E-17
3774.  3.822458E-17
3775.  3.719390E-17
3776.  3.614651E-17
3777.  3.508700E-17
3778.  3.401965E-17
3779.  3.294889E-17
3780.  3.187849E-17
3781.  3.081225E-17
3782.  2.975344E-17
3783.  2.870565E-17
3784.  2.767133E-17
3785.  2.665335E-17
3786.  2.565406E-17
3787.  2.467556E-17
3788.  2.371948E-17
3789.  2.278752E-17
3790.  2.188080E-17
3791.  2.100029E-17
3792.  2.014688E-17
3793.  1.932084E-17
3794.  1.852283E-17
3795.  1.775257E-17
3796.  1.701029E-17
3797.  1.629551E-17
3798.  1.560790E-17
3799.  1.494697E-17
3800.  1.431210E-17
3801.  1.370234E-17
3802.  1.311726E-17
3803.  1.255573E-17
3804.  1.201688E-17
3805.  1.149979E-17
3806.  1.100345E-17
3807.  1.052700E-17
3808.  1.006956E-17
3809.  9.630018E-18
3810.  9.207502E-18
3811.  8.801362E-18
3812.  8.410661E-18
3813.  8.034460E-18
3814.  7.672324E-18
3815.  7.323572E-18
3816.  6.987567E-18
3817.  6.663616E-18
3818.  6.351367E-18
3819.  6.050512E-18
3820.  5.760608E-18
3821.  5.481187E-18
3822.  5.212169E-18
3823.  4.953181E-18
3824.  4.703971E-18
3825.  4.464409E-18
3826.  4.234332E-18
3827.  4.013696E-18
3828.  3.802214E-18
3829.  3.599704E-18
3830.  3.406206E-18
3831.  3.221364E-18
3832.  3.045193E-18
3833.  2.877566E-18
3834.  2.718123E-18
3835.  2.566825E-18
3836.  2.423388E-18
3837.  2.287625E-18
3838.  2.159186E-18
3839.  2.037937E-18
3840.  1.923447E-18
3841.  1.815526E-18
3842.  1.713790E-18
3843.  1.617916E-18
3844.  1.527675E-18
3845.  1.442467E-18
3846.  1.362181E-18
3847.  1.286494E-18
3848.  1.215040E-18
3849.  1.147315E-18
3850.  1.083351E-18
3851.  1.022752E-18
3852.  9.651974E-19
3853.  9.103860E-19
3854.  8.582602E-19
3855.  8.086568E-19
3856.  7.613524E-19
3857.  7.162632E-19
3858.  6.734420E-19
3859.  6.326180E-19
3860.  5.939403E-19
3861.  5.573767E-19
3862.  5.228906E-19
3863.  4.906997E-19
3864.  4.608133E-19
3865.  4.332334E-19
3866.  4.081574E-19
3867.  3.856539E-19
3868.  3.659747E-19
3869.  3.490340E-19
3870.  3.350272E-19
3871.  3.240865E-19
3872.  3.162964E-19
3873.  3.116595E-19
3874.  3.102070E-19
3875.  3.121354E-19
3876.  3.171995E-19
3877.  3.254210E-19
3878.  3.367604E-19
3879.  3.512429E-19
3880.  3.686126E-19
3881.  3.887135E-19
3882.  4.113618E-19
3883.  4.364966E-19
3884.  4.637804E-19
3885.  4.928825E-19
3886.  5.235851E-19
3887.  5.557820E-19
3888.  5.890517E-19
3889.  6.229649E-19
3890.  6.574746E-19
3891.  6.921931E-19
3892.  7.268845E-19
3893.  7.612704E-19
3894.  7.951165E-19
3895.  8.281287E-19
3896.  8.603638E-19
3897.  8.913969E-19
3898.  9.212501E-19
3899.  9.498372E-19
3900.  9.770502E-19
3901.  1.002960E-18
3902.  1.027397E-18
3903.  1.050682E-18
3904.  1.072752E-18
3905.  1.093745E-18
3906.  1.113903E-18
3907.  1.133328E-18
3908.  1.152308E-18
3909.  1.171052E-18
3910.  1.189734E-18
3911.  1.208881E-18
3912.  1.228433E-18
3913.  1.248840E-18
3914.  1.270298E-18
3915.  1.293294E-18
3916.  1.317743E-18
3917.  1.344148E-18
3918.  1.372526E-18
3919.  1.403053E-18
3920.  1.435985E-18
3921.  1.471248E-18
3922.  1.509046E-18
3923.  1.549294E-18
3924.  1.591941E-18
3925.  1.636837E-18
3926.  1.683838E-18
3927.  1.732829E-18
3928.  1.783377E-18
3929.  1.835124E-18
3930.  1.887854E-18
3931.  1.941026E-18
3932.  1.994084E-18
3933.  2.046533E-18
3934.  2.097622E-18
3935.  2.146920E-18
3936.  2.193701E-18
3937.  2.237000E-18
3938.  2.276275E-18
3939.  2.310690E-18
3940.  2.339345E-18
3941.  2.361445E-18
3942.  2.376183E-18
3943.  2.382688E-18
3944.  2.380125E-18
3945.  2.367385E-18
3946.  2.344026E-18
3947.  2.308947E-18
3948.  2.261483E-18
3949.  2.200663E-18
3950.  2.125910E-18
3951.  2.036341E-18
3952.  1.931382E-18
3953.  1.810203E-18
3954.  1.672401E-18
3955.  1.517273E-18
3956.  1.344190E-18
3957.  1.152820E-18
3958.  9.426089E-19
3959.  7.131632E-19
3960.  4.641864E-19
3961.  1.952697E-19
3962.  -9.388523E-20
3963.  -4.034532E-19
3964.  -7.336443E-19
3965.  -1.084723E-18
3966.  -1.456775E-18
3967.  -1.849970E-18
3968.  -2.264359E-18
3969.  -2.700028E-18
3970.  -3.157127E-18
3971.  -3.635781E-18
3972.  -4.135931E-18
3973.  -4.657719E-18
3974.  -5.201151E-18
3975.  -5.766292E-18
3976.  -6.353300E-18
3977.  -6.962112E-18
3978.  -7.592957E-18
3979.  -8.245806E-18
3980.  -8.920915E-18
3981.  -9.618268E-18
3982.  -1.033797E-17
3983.  -1.108026E-17
3984.  -1.184504E-17
3985.  -1.263250E-17
3986.  -1.344278E-17
3987.  -1.427591E-17
3988.  -1.513190E-17
3989.  -1.601066E-17
3990.  -1.691233E-17
3991.  -1.783652E-17
3992.  -1.878326E-17
3993.  -1.975215E-17
3994.  -2.074301E-17
3995.  -2.175519E-17
3996.  -2.278809E-17
3997.  -2.384122E-17
3998.  -2.491387E-17
3999.  -2.600475E-17
4000.  -2.711290E-17
4001.  -2.823725E-17
4002.  -2.937614E-17
4003.  -3.052820E-17
4004.  -3.169164E-17
4005.  -3.286443E-17
4006.  -3.404468E-17
4007.  -3.522999E-17
4008.  -3.641800E-17
4009.  -3.760615E-17
4010.  -3.879171E-17
4011.  -3.997151E-17
4012.  -4.114278E-17
4013.  -4.230240E-17
4014.  -4.344683E-17
4015.  -4.457281E-17
4016.  -4.567667E-17
4017.  -4.675490E-17
4018.  -4.780379E-17
4019.  -4.881984E-17
4020.  -4.979879E-17
4021.  -5.073749E-17
4022.  -5.163170E-17
4023.  -5.247791E-17
4024.  -5.327211E-17
4025.  -5.401110E-17
4026.  -5.469106E-17
4027.  -5.530841E-17
4028.  -5.586001E-17
4029.  -5.634232E-17
4030.  -5.675247E-17
4031.  -5.708760E-17
4032.  -5.734463E-17
4033.  -5.752115E-17
4034.  -5.761483E-17
4035.  -5.762333E-17
4036.  -5.754471E-17
4037.  -5.737736E-17
4038.  -5.711951E-17
4039.  -5.677012E-17
4040.  -5.632817E-17
4041.  -5.579270E-17
4042.  -5.516335E-17
4043.  -5.443970E-17
4044.  -5.362198E-17
4045.  -5.271032E-17
4046.  -5.170532E-17
4047.  -5.060764E-17
4048.  -4.941852E-17
4049.  -4.813911E-17
4050.  -4.677119E-17
4051.  -4.531630E-17
4052.  -4.377683E-17
4053.  -4.215500E-17
4054.  -4.045345E-17
4055.  -3.867500E-17
4056.  -3.682258E-17
4057.  -3.489975E-17
4058.  -3.290976E-17
4059.  -3.085639E-17
4060.  -2.874369E-17
4061.  -2.657541E-17
4062.  -2.435625E-17
4063.  -2.209014E-17
4064.  -1.978185E-17
4065.  -1.743606E-17
4066.  -1.505725E-17
4067.  -1.265057E-17
4068.  -1.022045E-17
4069.  -7.772182E-18
4070.  -5.310330E-18
4071.  -2.839803E-18
4072.  -3.653322E-19
4073.  2.108306E-18
4074.  4.576639E-18
4075.  7.035183E-18
4076.  9.479719E-18
4077.  1.190632E-17
4078.  1.431121E-17
4079.  1.669080E-17
4080.  1.904172E-17
4081.  2.136138E-17
4082.  2.364695E-17
4083.  2.589630E-17
4084.  2.810756E-17
4085.  3.027918E-17
4086.  3.241043E-17
4087.  3.450031E-17
4088.  3.654859E-17
4089.  3.855565E-17
4090.  4.052191E-17
4091.  4.244833E-17
4092.  4.433625E-17
4093.  4.618735E-17
4094.  4.800370E-17
4095.  4.978746E-17
4096.  5.154133E-17
4097.  5.326808E-17
4098.  5.497063E-17
4099.  5.665216E-17
4100.  5.831578E-17
4101.  5.996488E-17
4102.  6.160275E-17
4103.  6.323238E-17
4104.  6.485703E-17
4105.  6.647943E-17
4106.  6.810239E-17
4107.  6.972826E-17
4108.  7.135905E-17
4109.  7.299631E-17
4110.  7.464156E-17
4111.  7.629538E-17
4112.  7.795819E-17
4113.  7.962961E-17
4114.  8.130897E-17
4115.  8.299472E-17
4116.  8.468513E-17
4117.  8.637735E-17
4118.  8.806844E-17
4119.  8.975461E-17
4120.  9.143142E-17
4121.  9.309421E-17
4122.  9.473741E-17
4123.  9.635521E-17
4124.  9.794147E-17
4125.  9.948947E-17
4126.  1.009920E-16
4127.  1.024421E-16
4128.  1.038322E-16
4129.  1.051547E-16
4130.  1.064018E-16
4131.  1.075662E-16
4132.  1.086400E-16
4133.  1.096161E-16
4134.  1.104872E-16
4135.  1.112465E-16
4136.  1.118879E-16
4137.  1.124051E-16
4138.  1.127930E-16
4139.  1.130466E-16
4140.  1.131620E-16
4141.  1.131353E-16
4142.  1.129646E-16
4143.  1.126476E-16
4144.  1.121835E-16
4145.  1.115720E-16
4146.  1.108140E-16
4147.  1.099111E-16
4148.  1.088662E-16
4149.  1.076823E-16
4150.  1.063643E-16
4151.  1.049170E-16
4152.  1.033467E-16
4153.  1.016604E-16
4154.  9.986582E-17
4155.  9.797150E-17
4156.  9.598634E-17
4157.  9.392032E-17
4158.  9.178362E-17
4159.  8.958730E-17
4160.  8.734252E-17
4161.  8.506109E-17
4162.  8.275468E-17
4163.  8.043589E-17
4164.  7.811665E-17
4165.  7.580966E-17
4166.  7.352705E-17
4167.  7.128142E-17
4168.  6.908467E-17
4169.  6.694892E-17
4170.  6.488561E-17
4171.  6.290600E-17
4172.  6.102103E-17
4173.  5.924070E-17
4174.  5.757506E-17
4175.  5.603294E-17
4176.  5.462296E-17
4177.  5.335263E-17
4178.  5.222903E-17
4179.  5.125824E-17
4180.  5.044546E-17
4181.  4.979504E-17
4182.  4.931045E-17
4183.  4.899443E-17
4184.  4.884837E-17
4185.  4.887278E-17
4186.  4.906760E-17
4187.  4.943144E-17
4188.  4.996217E-17
4189.  5.065638E-17
4190.  5.151003E-17
4191.  5.251806E-17
4192.  5.367454E-17
4193.  5.497260E-17
4194.  5.640470E-17
4195.  5.796242E-17
4196.  5.963651E-17
4197.  6.141715E-17
4198.  6.329406E-17
4199.  6.525593E-17
4200.  6.729142E-17
4201.  6.938833E-17
4202.  7.153453E-17
4203.  7.371717E-17
4204.  7.592343E-17
4205.  7.814019E-17
4206.  8.035451E-17
4207.  8.255330E-17
4208.  8.472328E-17
4209.  8.685198E-17
4210.  8.892655E-17
4211.  9.093493E-17
4212.  9.286528E-17
4213.  9.470607E-17
4214.  9.644673E-17
4215.  9.807687E-17
4216.  9.958696E-17
4217.  1.009683E-16
4218.  1.022127E-16
4219.  1.033130E-16
4220.  1.042630E-16
4221.  1.050568E-16
4222.  1.056901E-16
4223.  1.061592E-16
4224.  1.064611E-16
4225.  1.065944E-16
4226.  1.065576E-16
4227.  1.063512E-16
4228.  1.059757E-16
4229.  1.054329E-16
4230.  1.047255E-16
4231.  1.038566E-16
4232.  1.028304E-16
4233.  1.016514E-16
4234.  1.003253E-16
4235.  9.885794E-17
4236.  9.725572E-17
4237.  9.552566E-17
4238.  9.367522E-17
4239.  9.171212E-17
4240.  8.964437E-17
4241.  8.748016E-17
4242.  8.522808E-17
4243.  8.289660E-17
4244.  8.049457E-17
4245.  7.803047E-17
4246.  7.551305E-17
4247.  7.295110E-17
4248.  7.035300E-17
4249.  6.772732E-17
4250.  6.508220E-17
4251.  6.242607E-17
4252.  5.976674E-17
4253.  5.711193E-17
4254.  5.446937E-17
4255.  5.184635E-17
4256.  4.925030E-17
4257.  4.668798E-17
4258.  4.416648E-17
4259.  4.169231E-17
4260.  3.927204E-17
4261.  3.691211E-17
4262.  3.461884E-17
4263.  3.239826E-17
4264.  3.025667E-17
4265.  2.819994E-17
4266.  2.623426E-17
4267.  2.436556E-17
4268.  2.259994E-17
4269.  2.094331E-17
4270.  1.940202E-17
4271.  1.798217E-17
4272.  1.668996E-17
4273.  1.553181E-17
4274.  1.451406E-17
4275.  1.364359E-17
4276.  1.292708E-17
4277.  1.237111E-17
4278.  1.198281E-17
4279.  1.176934E-17
4280.  1.173784E-17
4281.  1.189559E-17
4282.  1.224980E-17
4283.  1.280817E-17
4284.  1.357804E-17
4285.  1.456689E-17
4286.  1.578207E-17
4287.  1.723111E-17
4288.  1.892127E-17
4289.  2.085963E-17
4290.  2.305320E-17
4291.  2.550871E-17
4292.  2.823252E-17
4293.  3.123092E-17
4294.  3.450939E-17
4295.  3.807320E-17
4296.  4.192711E-17
4297.  4.607505E-17
4298.  5.052068E-17
4299.  5.526668E-17
4300.  6.031487E-17
4301.  6.566660E-17
4302.  7.132171E-17
4303.  7.727961E-17
4304.  8.353847E-17
4305.  9.009524E-17
4306.  9.694599E-17
4307.  1.040855E-16
4308.  1.115071E-16
4309.  1.192033E-16
4310.  1.271647E-16
4311.  1.353813E-16
4312.  1.438411E-16
4313.  1.525312E-16
4314.  1.614370E-16
4315.  1.705430E-16
4316.  1.798322E-16
4317.  1.892861E-16
4318.  1.988850E-16
4319.  2.086085E-16
4320.  2.184345E-16
4321.  2.283401E-16
4322.  2.383012E-16
4323.  2.482934E-16
4324.  2.582907E-16
4325.  2.682671E-16
4326.  2.781957E-16
4327.  2.880491E-16
4328.  2.977999E-16
4329.  3.074203E-16
4330.  3.168825E-16
4331.  3.261591E-16
4332.  3.352225E-16
4333.  3.440458E-16
4334.  3.526030E-16
4335.  3.608681E-16
4336.  3.688164E-16
4337.  3.764243E-16
4338.  3.836694E-16
4339.  3.905303E-16
4340.  3.969875E-16
4341.  4.030224E-16
4342.  4.086188E-16
4343.  4.137619E-16
4344.  4.184389E-16
4345.  4.226387E-16
4346.  4.263527E-16
4347.  4.295741E-16
4348.  4.322982E-16
4349.  4.345226E-16
4350.  4.362470E-16
4351.  4.374732E-16
4352.  4.382055E-16
4353.  4.384499E-16
4354.  4.382147E-16
4355.  4.375103E-16
4356.  4.363488E-16
4357.  4.347447E-16
4358.  4.327137E-16
4359.  4.302733E-16
4360.  4.274430E-16
4361.  4.242430E-16
4362.  4.206955E-16
4363.  4.168235E-16
4364.  4.126507E-16
4365.  4.082022E-16
4366.  4.035036E-16
4367.  3.985808E-16
4368.  3.934603E-16
4369.  3.881685E-16
4370.  3.827324E-16
4371.  3.771783E-16
4372.  3.715325E-16
4373.  3.658209E-16
4374.  3.600688E-16
4375.  3.543009E-16
4376.  3.485410E-16
4377.  3.428119E-16
4378.  3.371356E-16
4379.  3.315329E-16
4380.  3.260236E-16
4381.  3.206256E-16
4382.  3.153565E-16
4383.  3.102315E-16
4384.  3.052654E-16
4385.  3.004707E-16
4386.  2.958592E-16
4387.  2.914410E-16
4388.  2.872246E-16
4389.  2.832175E-16
4390.  2.794257E-16
4391.  2.758538E-16
4392.  2.725055E-16
4393.  2.693828E-16
4394.  2.664870E-16
4395.  2.638185E-16
4396.  2.613758E-16
4397.  2.591576E-16
4398.  2.571612E-16
4399.  2.553831E-16
4400.  2.538195E-16
4401.  2.524655E-16
4402.  2.513164E-16
4403.  2.503662E-16
4404.  2.496091E-16
4405.  2.490389E-16
4406.  2.486494E-16
4407.  2.484335E-16
4408.  2.483848E-16
4409.  2.484963E-16
4410.  2.487613E-16
4411.  2.491729E-16
4412.  2.497244E-16
4413.  2.504090E-16
4414.  2.512199E-16
4415.  2.521510E-16
4416.  2.531955E-16
4417.  2.543473E-16
4418.  2.556000E-16
4419.  2.569476E-16
4420.  2.583841E-16
4421.  2.599034E-16
4422.  2.614995E-16
4423.  2.631667E-16
4424.  2.648988E-16
4425.  2.666900E-16
4426.  2.685340E-16
4427.  2.704251E-16
4428.  2.723564E-16
4429.  2.743219E-16
4430.  2.763148E-16
4431.  2.783280E-16
4432.  2.803547E-16
4433.  2.823872E-16
4434.  2.844182E-16
4435.  2.864392E-16
4436.  2.884423E-16
4437.  2.904188E-16
4438.  2.923596E-16
4439.  2.942556E-16
4440.  2.960972E-16
4441.  2.978744E-16
4442.  2.995774E-16
4443.  3.011957E-16
4444.  3.027187E-16
4445.  3.041358E-16
4446.  3.054360E-16
4447.  3.066087E-16
4448.  3.076428E-16
4449.  3.085274E-16
4450.  3.092518E-16
4451.  3.098057E-16
4452.  3.101784E-16
4453.  3.103604E-16
4454.  3.103417E-16
4455.  3.101132E-16
4456.  3.096669E-16
4457.  3.089943E-16
4458.  3.080884E-16
4459.  3.069425E-16
4460.  3.055511E-16
4461.  3.039092E-16
4462.  3.020136E-16
4463.  2.998609E-16
4464.  2.974493E-16
4465.  2.947783E-16
4466.  2.918482E-16
4467.  2.886602E-16
4468.  2.852174E-16
4469.  2.815234E-16
4470.  2.775831E-16
4471.  2.734024E-16
4472.  2.689887E-16
4473.  2.643498E-16
4474.  2.594954E-16
4475.  2.544355E-16
4476.  2.491814E-16
4477.  2.437452E-16
4478.  2.381391E-16
4479.  2.323776E-16
4480.  2.264741E-16
4481.  2.204437E-16
4482.  2.143014E-16
4483.  2.080631E-16
4484.  2.017442E-16
4485.  1.953611E-16
4486.  1.889297E-16
4487.  1.824662E-16
4488.  1.759866E-16
4489.  1.695064E-16
4490.  1.630414E-16
4491.  1.566067E-16
4492.  1.502169E-16
4493.  1.438860E-16
4494.  1.376278E-16
4495.  1.314550E-16
4496.  1.253798E-16
4497.  1.194135E-16
4498.  1.135671E-16
4499.  1.078497E-16
4500.  1.022706E-16
