#  mwl_raw   finalspN         nfl
#
  4000.605 6.8725e-14     0.0712
  4001.235 6.8584e-14     0.0711
  4001.865 6.6950e-14     0.0694
  4002.495 6.9566e-14     0.0721
  4003.125 6.8435e-14     0.0709
  4003.755 6.9267e-14     0.0718
  4004.385 6.9399e-14     0.0719
  4005.015 7.1079e-14     0.0737
  4005.645 7.0210e-14     0.0728
  4006.275 7.2853e-14     0.0755
  4006.905 7.5776e-14     0.0785
  4007.535 7.8948e-14     0.0818
  4008.165 8.1586e-14     0.0846
  4008.795 9.1147e-14     0.0945
  4009.425 9.7729e-14     0.1013
  4010.055 1.0733e-13     0.1112
  4010.685 1.1162e-13     0.1157
  4011.315 1.1343e-13     0.1176
  4011.945 1.1365e-13     0.1178
  4012.575 1.1417e-13     0.1183
  4013.205 1.0942e-13     0.1134
  4013.835 1.0174e-13     0.1055
  4014.465 9.5948e-14     0.0994
  4015.095 8.8202e-14     0.0914
  4015.725 8.4066e-14     0.0871
  4016.355 8.3822e-14     0.0869
  4016.985 8.0353e-14     0.0833
  4017.615 7.8690e-14     0.0816
  4018.245 7.6340e-14     0.0791
  4018.875 7.5294e-14     0.0780
  4019.505 7.5302e-14     0.0781
  4020.135 7.2902e-14     0.0756
  4020.765 7.0150e-14     0.0727
  4021.395 6.7977e-14     0.0705
  4022.025 6.6626e-14     0.0691
  4022.655 6.7191e-14     0.0696
  4023.285 6.7187e-14     0.0696
  4023.915 6.9793e-14     0.0723
  4024.545 7.0003e-14     0.0726
  4025.175 6.8258e-14     0.0707
  4025.805 6.7851e-14     0.0703
  4026.435 6.7384e-14     0.0698
  4027.065 6.8659e-14     0.0712
  4027.695 7.0077e-14     0.0726
  4028.325 6.9163e-14     0.0717
  4028.955 7.0139e-14     0.0727
  4029.585 7.1352e-14     0.0740
  4030.215 7.0796e-14     0.0734
  4030.845 7.3270e-14     0.0759
  4031.475 7.4616e-14     0.0773
  4032.105 7.5952e-14     0.0787
  4032.735 7.6661e-14     0.0795
  4033.365 7.6507e-14     0.0793
  4033.995 7.4590e-14     0.0773
  4034.625 7.7017e-14     0.0798
  4035.255 7.5886e-14     0.0787
  4035.885 7.4195e-14     0.0769
  4036.515 7.5104e-14     0.0778
  4037.145 7.3886e-14     0.0766
  4037.775 7.2530e-14     0.0752
  4038.405 7.2847e-14     0.0755
  4039.035 7.4523e-14     0.0772
  4039.665 7.3277e-14     0.0760
  4040.295 7.1164e-14     0.0738
  4040.925 7.0081e-14     0.0726
  4041.555 7.1925e-14     0.0746
  4042.185 7.0678e-14     0.0733
  4042.815 7.1364e-14     0.0740
  4043.445 6.9198e-14     0.0717
  4044.075 6.9263e-14     0.0718
  4044.705 6.8429e-14     0.0709
  4045.335 6.8845e-14     0.0714
  4045.965 6.6992e-14     0.0694
  4046.595 6.5756e-14     0.0682
  4047.225 6.6158e-14     0.0686
  4047.855 6.5499e-14     0.0679
  4048.485 6.5786e-14     0.0682
  4049.115 6.7691e-14     0.0702
  4049.745 6.6974e-14     0.0694
  4050.375 6.4879e-14     0.0672
  4051.005 6.5373e-14     0.0678
  4051.635 6.6919e-14     0.0694
  4052.265 6.8392e-14     0.0709
  4052.895 6.8013e-14     0.0705
  4053.525 6.6612e-14     0.0690
  4054.155 6.4930e-14     0.0673
  4054.785 6.6618e-14     0.0690
  4055.415 6.5677e-14     0.0681
  4056.045 6.7400e-14     0.0699
  4056.675 6.6743e-14     0.0692
  4057.305 6.7018e-14     0.0695
  4057.935 6.6105e-14     0.0685
  4058.565 6.4358e-14     0.0667
  4059.195 6.5253e-14     0.0676
  4059.825 6.5479e-14     0.0679
  4060.455 6.5419e-14     0.0678
  4061.085 6.5102e-14     0.0675
  4061.715 6.6070e-14     0.0685
  4062.345 6.6007e-14     0.0684
  4062.975 6.3742e-14     0.0661
  4063.605 6.5124e-14     0.0675
  4064.235 6.1122e-14     0.0634
  4064.865 6.2837e-14     0.0651
  4065.495 6.3753e-14     0.0661
  4066.125 6.3034e-14     0.0653
  4066.755 6.4545e-14     0.0669
  4067.385 6.3959e-14     0.0663
  4068.015 6.5128e-14     0.0675
  4068.645 6.4905e-14     0.0673
  4069.275 6.2446e-14     0.0647
  4069.905 6.4321e-14     0.0667
  4070.535 6.4279e-14     0.0666
  4071.165 6.2978e-14     0.0653
  4071.795 6.1862e-14     0.0641
  4072.425 6.1194e-14     0.0634
  4073.055 6.2217e-14     0.0645
  4073.685 6.2494e-14     0.0648
  4074.315 5.9509e-14     0.0617
  4074.945 5.8513e-14     0.0606
  4075.575 5.9672e-14     0.0618
  4076.205 5.6023e-14     0.0581
  4076.835 5.8932e-14     0.0611
  4077.465 5.7846e-14     0.0600
  4078.095 5.7464e-14     0.0596
  4078.725 5.6599e-14     0.0587
  4079.355 5.9048e-14     0.0612
  4079.985 5.8038e-14     0.0602
  4080.615 5.9038e-14     0.0612
  4081.245 5.9710e-14     0.0619
  4081.875 5.9932e-14     0.0621
  4082.505 5.9935e-14     0.0621
  4083.135 6.0377e-14     0.0626
  4083.765 6.2185e-14     0.0645
  4084.395 6.1157e-14     0.0634
  4085.025 6.1634e-14     0.0639
  4085.655 6.1892e-14     0.0642
  4086.285 6.1245e-14     0.0635
  4086.915 6.2133e-14     0.0644
  4087.545 6.1136e-14     0.0634
  4088.175 6.2761e-14     0.0651
  4088.805 6.2493e-14     0.0648
  4089.435 6.3137e-14     0.0654
  4090.065 6.5196e-14     0.0676
  4090.695 6.3382e-14     0.0657
  4091.325 6.5215e-14     0.0676
  4091.955 6.6853e-14     0.0693
  4092.585 6.5367e-14     0.0678
  4093.215 6.4483e-14     0.0668
  4093.845 6.4912e-14     0.0673
  4094.475 6.5994e-14     0.0684
  4095.105 6.6293e-14     0.0687
  4095.735 6.7992e-14     0.0705
  4096.365 6.6653e-14     0.0691
  4096.995 6.6280e-14     0.0687
  4097.625 6.5518e-14     0.0679
  4098.255 6.4655e-14     0.0670
  4098.885 6.4207e-14     0.0666
  4099.515 6.5028e-14     0.0674
  4100.145 6.5866e-14     0.0683
  4100.775 6.5213e-14     0.0676
  4101.405 6.4669e-14     0.0670
  4102.035 6.5402e-14     0.0678
  4102.665 6.4735e-14     0.0671
  4103.295 6.4252e-14     0.0666
  4103.925 6.4636e-14     0.0670
  4104.555 6.4369e-14     0.0667
  4105.185 6.5101e-14     0.0675
  4105.814 6.3703e-14     0.0660
  4106.445 6.4624e-14     0.0670
  4107.075 6.3220e-14     0.0655
  4107.705 6.6568e-14     0.0690
  4108.334 6.3687e-14     0.0660
  4108.965 6.1699e-14     0.0640
  4109.595 6.5214e-14     0.0676
  4110.225 6.7564e-14     0.0700
  4110.854 6.7953e-14     0.0704
  4111.485 7.2224e-14     0.0749
  4112.115 7.3592e-14     0.0763
  4112.745 7.7509e-14     0.0803
  4113.375 7.7766e-14     0.0806
  4114.005 8.0792e-14     0.0837
  4114.635 7.9418e-14     0.0823
  4115.265 7.8110e-14     0.0810
  4115.895 7.7276e-14     0.0801
  4116.525 7.3319e-14     0.0760
  4117.155 7.3072e-14     0.0757
  4117.785 7.1541e-14     0.0742
  4118.415 7.0605e-14     0.0732
  4119.045 6.5820e-14     0.0682
  4119.675 6.8334e-14     0.0708
  4120.305 6.6462e-14     0.0689
  4120.935 6.5914e-14     0.0683
  4121.565 6.5106e-14     0.0675
  4122.195 6.6672e-14     0.0691
  4122.825 6.3884e-14     0.0662
  4123.455 6.5978e-14     0.0684
  4124.085 6.5134e-14     0.0675
  4124.715 6.4814e-14     0.0672
  4125.345 6.5593e-14     0.0680
  4125.975 6.5283e-14     0.0677
  4126.605 6.4173e-14     0.0665
  4127.235 6.4426e-14     0.0668
  4127.865 6.5882e-14     0.0683
  4128.495 6.3922e-14     0.0663
  4129.125 6.3545e-14     0.0659
  4129.755 6.4212e-14     0.0666
  4130.385 6.3592e-14     0.0659
  4131.015 6.3793e-14     0.0661
  4131.645 6.3479e-14     0.0658
  4132.275 6.2307e-14     0.0646
  4132.905 6.3036e-14     0.0653
  4133.535 6.4707e-14     0.0671
  4134.165 6.4915e-14     0.0673
  4134.795 6.2867e-14     0.0652
  4135.425 6.4079e-14     0.0664
  4136.055 6.5838e-14     0.0682
  4136.685 6.5009e-14     0.0674
  4137.314 6.5049e-14     0.0674
  4137.945 6.5080e-14     0.0675
  4138.575 6.5201e-14     0.0676
  4139.205 6.5743e-14     0.0681
  4139.834 6.5975e-14     0.0684
  4140.465 6.4067e-14     0.0664
  4141.095 6.4137e-14     0.0665
  4141.725 6.5275e-14     0.0677
  4142.354 6.4395e-14     0.0667
  4142.985 6.4094e-14     0.0664
  4143.615 6.2422e-14     0.0647
  4144.245 6.0451e-14     0.0627
  4144.875 6.2050e-14     0.0643
  4145.505 6.2875e-14     0.0652
  4146.135 6.1664e-14     0.0639
  4146.765 6.3109e-14     0.0654
  4147.395 6.0570e-14     0.0628
  4148.025 6.3023e-14     0.0653
  4148.655 6.4741e-14     0.0671
  4149.285 6.2567e-14     0.0649
  4149.915 6.2476e-14     0.0648
  4150.545 6.1580e-14     0.0638
  4151.175 6.2258e-14     0.0645
  4151.805 6.2218e-14     0.0645
  4152.435 6.1329e-14     0.0636
  4153.065 6.2054e-14     0.0643
  4153.695 6.1479e-14     0.0637
  4154.325 6.1664e-14     0.0639
  4154.955 6.3515e-14     0.0658
  4155.585 6.3487e-14     0.0658
  4156.215 6.3854e-14     0.0662
  4156.845 6.4617e-14     0.0670
  4157.475 6.4500e-14     0.0669
  4158.105 6.2892e-14     0.0652
  4158.735 6.1912e-14     0.0642
  4159.365 6.3145e-14     0.0654
  4159.995 6.4947e-14     0.0673
  4160.625 6.5514e-14     0.0679
  4161.255 6.1670e-14     0.0639
  4161.885 6.4033e-14     0.0664
  4162.515 6.3604e-14     0.0659
  4163.145 6.4786e-14     0.0672
  4163.775 6.4930e-14     0.0673
  4164.405 6.3160e-14     0.0655
  4165.035 6.4528e-14     0.0669
  4165.665 6.4860e-14     0.0672
  4166.295 6.1566e-14     0.0638
  4166.925 6.5255e-14     0.0676
  4167.555 6.3915e-14     0.0662
  4168.185 6.3428e-14     0.0657
  4168.814 6.3454e-14     0.0658
  4169.445 6.4675e-14     0.0670
  4170.075 6.2197e-14     0.0645
  4170.705 6.3279e-14     0.0656
  4171.334 6.4336e-14     0.0667
  4171.965 6.3611e-14     0.0659
  4172.595 6.2589e-14     0.0649
  4173.225 6.3499e-14     0.0658
  4173.854 6.2701e-14     0.0650
  4174.485 6.4195e-14     0.0665
  4175.115 6.2400e-14     0.0647
  4175.745 6.4241e-14     0.0666
  4176.375 6.4009e-14     0.0663
  4177.005 6.3711e-14     0.0660
  4177.635 6.5082e-14     0.0675
  4178.265 6.2136e-14     0.0644
  4178.895 6.1334e-14     0.0636
  4179.525 6.0924e-14     0.0631
  4180.155 5.9977e-14     0.0622
  4180.785 6.0451e-14     0.0627
  4181.415 6.1271e-14     0.0635
  4182.045 6.0926e-14     0.0631
  4182.675 6.1433e-14     0.0637
  4183.305 6.1867e-14     0.0641
  4183.935 6.1457e-14     0.0637
  4184.565 6.0121e-14     0.0623
  4185.195 6.2594e-14     0.0649
  4185.825 6.3077e-14     0.0654
  4186.455 6.2987e-14     0.0653
  4187.085 6.2643e-14     0.0649
  4187.715 6.3943e-14     0.0663
  4188.345 6.3903e-14     0.0662
  4188.975 6.4030e-14     0.0664
  4189.605 6.3036e-14     0.0653
  4190.235 6.2507e-14     0.0648
  4190.865 6.2519e-14     0.0648
  4191.495 6.2875e-14     0.0652
  4192.125 6.3615e-14     0.0659
  4192.755 6.2436e-14     0.0647
  4193.385 6.1631e-14     0.0639
  4194.015 6.1337e-14     0.0636
  4194.645 6.1425e-14     0.0637
  4195.275 6.2311e-14     0.0646
  4195.905 6.2134e-14     0.0644
  4196.535 6.2118e-14     0.0644
  4197.165 6.2592e-14     0.0649
  4197.795 6.2854e-14     0.0651
  4198.425 6.2914e-14     0.0652
  4199.055 6.3340e-14     0.0657
  4199.685 6.3046e-14     0.0653
  4200.314 6.1633e-14     0.0639
  4200.945 6.2471e-14     0.0648
  4201.575 6.2947e-14     0.0652
  4202.205 6.2974e-14     0.0653
  4202.834 6.3240e-14     0.0655
  4203.465 6.2589e-14     0.0649
  4204.095 6.2659e-14     0.0649
  4204.725 6.2399e-14     0.0647
  4205.354 6.1731e-14     0.0640
  4205.985 6.1829e-14     0.0641
  4206.615 6.3259e-14     0.0656
  4207.245 6.3883e-14     0.0662
  4207.875 6.2342e-14     0.0646
  4208.505 6.3954e-14     0.0663
  4209.135 6.4463e-14     0.0668
  4209.765 6.3719e-14     0.0660
  4210.395 6.2880e-14     0.0652
  4211.025 6.3833e-14     0.0662
  4211.655 6.2464e-14     0.0647
  4212.285 6.4518e-14     0.0669
  4212.915 6.4203e-14     0.0665
  4213.545 6.2952e-14     0.0653
  4214.175 6.2933e-14     0.0652
  4214.805 6.2519e-14     0.0648
  4215.435 6.5382e-14     0.0678
  4216.065 6.6476e-14     0.0689
  4216.695 6.8276e-14     0.0708
  4217.325 7.1067e-14     0.0737
  4217.955 7.0259e-14     0.0728
  4218.585 7.0610e-14     0.0732
  4219.215 7.2163e-14     0.0748
  4219.845 7.0508e-14     0.0731
  4220.475 7.1365e-14     0.0740
  4221.105 7.1047e-14     0.0736
  4221.735 6.9393e-14     0.0719
  4222.365 6.8179e-14     0.0707
  4222.995 6.8880e-14     0.0714
  4223.625 6.8891e-14     0.0714
  4224.255 6.8027e-14     0.0705
  4224.885 6.7630e-14     0.0701
  4225.515 6.7115e-14     0.0696
  4226.145 6.8196e-14     0.0707
  4226.775 6.4451e-14     0.0668
  4227.405 6.5779e-14     0.0682
  4228.035 6.5941e-14     0.0683
  4228.665 6.4532e-14     0.0669
  4229.295 6.4946e-14     0.0673
  4229.925 6.5037e-14     0.0674
  4230.555 6.6616e-14     0.0690
  4231.185 6.6255e-14     0.0687
  4231.814 6.5785e-14     0.0682
  4232.445 6.5402e-14     0.0678
  4233.075 6.6162e-14     0.0686
  4233.705 6.4396e-14     0.0667
  4234.334 6.5176e-14     0.0676
  4234.965 6.5290e-14     0.0677
  4235.595 6.5545e-14     0.0679
  4236.225 6.5901e-14     0.0683
  4236.854 6.6245e-14     0.0687
  4237.485 6.7452e-14     0.0699
  4238.115 6.5914e-14     0.0683
  4238.745 6.4882e-14     0.0672
  4239.375 6.6626e-14     0.0691
  4240.005 6.7647e-14     0.0701
  4240.635 6.6525e-14     0.0690
  4241.265 6.6247e-14     0.0687
  4241.895 6.6123e-14     0.0685
  4242.525 6.5196e-14     0.0676
  4243.155 6.7581e-14     0.0700
  4243.785 6.5074e-14     0.0674
  4244.415 6.5419e-14     0.0678
  4245.045 6.6537e-14     0.0690
  4245.675 6.6658e-14     0.0691
  4246.305 6.5863e-14     0.0683
  4246.935 6.6522e-14     0.0690
  4247.565 6.3356e-14     0.0657
  4248.195 6.7594e-14     0.0701
  4248.825 6.5789e-14     0.0682
  4249.455 6.6983e-14     0.0694
  4250.085 6.9153e-14     0.0717
  4250.715 6.9238e-14     0.0718
  4251.345 7.1657e-14     0.0743
  4251.975 7.1864e-14     0.0745
  4252.605 7.0995e-14     0.0736
  4253.235 7.2590e-14     0.0752
  4253.865 7.1132e-14     0.0737
  4254.495 7.2143e-14     0.0748
  4255.125 7.0883e-14     0.0735
  4255.755 6.9524e-14     0.0721
  4256.385 6.8129e-14     0.0706
  4257.015 6.6943e-14     0.0694
  4257.645 6.8225e-14     0.0707
  4258.275 6.6733e-14     0.0692
  4258.905 6.5160e-14     0.0675
  4259.535 6.7721e-14     0.0702
  4260.165 6.5318e-14     0.0677
  4260.795 6.5195e-14     0.0676
  4261.425 6.5242e-14     0.0676
  4262.055 6.4028e-14     0.0664
  4262.685 6.5076e-14     0.0675
  4263.314 6.4424e-14     0.0668
  4263.945 6.4318e-14     0.0667
  4264.575 6.6191e-14     0.0686
  4265.205 6.5010e-14     0.0674
  4265.834 6.5244e-14     0.0676
  4266.465 6.4782e-14     0.0671
  4267.095 6.4186e-14     0.0665
  4267.725 6.4740e-14     0.0671
  4268.354 6.2834e-14     0.0651
  4268.985 6.3405e-14     0.0657
  4269.615 6.3696e-14     0.0660
  4270.245 6.2533e-14     0.0648
  4270.875 6.1835e-14     0.0641
  4271.505 6.2264e-14     0.0645
  4272.135 6.2045e-14     0.0643
  4272.765 6.2719e-14     0.0650
  4273.395 6.3366e-14     0.0657
  4274.025 6.1944e-14     0.0642
  4274.655 6.1811e-14     0.0641
  4275.285 6.2825e-14     0.0651
  4275.915 6.1299e-14     0.0635
  4276.545 6.0793e-14     0.0630
  4277.175 6.1537e-14     0.0638
  4277.805 6.2619e-14     0.0649
  4278.435 6.2326e-14     0.0646
  4279.065 6.1555e-14     0.0638
  4279.695 6.0812e-14     0.0630
  4280.325 6.0962e-14     0.0632
  4280.955 5.9529e-14     0.0617
  4281.585 5.9855e-14     0.0620
  4282.215 5.9894e-14     0.0621
  4282.845 5.9604e-14     0.0618
  4283.475 6.0101e-14     0.0623
  4284.105 5.9349e-14     0.0615
  4284.735 5.8192e-14     0.0603
  4285.365 5.9746e-14     0.0619
  4285.995 5.8539e-14     0.0607
  4286.625 5.8312e-14     0.0604
  4287.255 5.9384e-14     0.0616
  4287.885 5.8432e-14     0.0606
  4288.515 6.0948e-14     0.0632
  4289.145 5.9446e-14     0.0616
  4289.775 5.9715e-14     0.0619
  4290.405 5.9036e-14     0.0612
  4291.035 5.9579e-14     0.0618
  4291.665 6.0341e-14     0.0625
  4292.295 6.0953e-14     0.0632
  4292.925 5.9768e-14     0.0619
  4293.555 5.9366e-14     0.0615
  4294.185 5.7688e-14     0.0598
  4294.814 6.0433e-14     0.0626
  4295.445 5.8429e-14     0.0606
  4296.075 5.8293e-14     0.0604
  4296.705 5.8002e-14     0.0601
  4297.334 5.8700e-14     0.0608
  4297.965 6.0027e-14     0.0622
  4298.595 5.8859e-14     0.0610
  4299.225 5.7744e-14     0.0599
  4299.854 5.7333e-14     0.0594
  4300.485 5.8512e-14     0.0606
  4301.115 5.7448e-14     0.0595
  4301.745 5.7293e-14     0.0594
  4302.375 5.7579e-14     0.0597
  4303.005 5.8315e-14     0.0604
  4303.635 5.5374e-14     0.0574
  4304.265 5.8036e-14     0.0602
  4304.895 5.8376e-14     0.0605
  4305.525 5.6488e-14     0.0585
  4306.155 5.6842e-14     0.0589
  4306.785 5.5890e-14     0.0579
  4307.415 5.4660e-14     0.0567
  4308.045 5.6062e-14     0.0581
  4308.675 5.5667e-14     0.0577
  4309.305 5.6374e-14     0.0584
  4309.935 5.6065e-14     0.0581
  4310.565 5.8008e-14     0.0601
  4311.195 5.6603e-14     0.0587
  4311.825 5.6148e-14     0.0582
  4312.455 5.7567e-14     0.0597
  4313.085 5.6809e-14     0.0589
  4313.715 5.7660e-14     0.0598
  4314.345 5.8200e-14     0.0603
  4314.975 5.9999e-14     0.0622
  4315.605 5.9753e-14     0.0619
  4316.235 5.8370e-14     0.0605
  4316.865 5.9146e-14     0.0613
  4317.495 6.0169e-14     0.0624
  4318.125 5.8923e-14     0.0611
  4318.755 5.8271e-14     0.0604
  4319.385 5.9291e-14     0.0615
  4320.015 5.9342e-14     0.0615
  4320.645 5.8015e-14     0.0601
  4321.275 5.7962e-14     0.0601
  4321.905 5.7652e-14     0.0598
  4322.535 5.7450e-14     0.0595
  4323.165 5.7747e-14     0.0599
  4323.795 5.6762e-14     0.0588
  4324.425 5.5971e-14     0.0580
  4325.055 5.6643e-14     0.0587
  4325.685 5.6636e-14     0.0587
  4326.314 5.6030e-14     0.0581
  4326.945 5.4895e-14     0.0569
  4327.575 5.5509e-14     0.0575
  4328.205 5.5623e-14     0.0577
  4328.834 5.5350e-14     0.0574
  4329.465 5.6581e-14     0.0586
  4330.095 5.7460e-14     0.0596
  4330.725 5.6980e-14     0.0591
  4331.354 5.7625e-14     0.0597
  4331.985 5.6775e-14     0.0588
  4332.615 5.6814e-14     0.0589
  4333.245 5.8914e-14     0.0611
  4333.875 5.7429e-14     0.0595
  4334.505 5.7779e-14     0.0599
  4335.135 5.8203e-14     0.0603
  4335.765 5.9561e-14     0.0617
  4336.395 5.9437e-14     0.0616
  4337.025 5.8320e-14     0.0604
  4337.655 5.8117e-14     0.0602
  4338.285 5.7930e-14     0.0600
  4338.915 5.6725e-14     0.0588
  4339.545 5.6986e-14     0.0591
  4340.175 6.0344e-14     0.0625
  4340.805 6.0096e-14     0.0623
  4341.435 5.7430e-14     0.0595
  4342.065 5.6410e-14     0.0585
  4342.695 5.7094e-14     0.0592
  4343.325 5.6101e-14     0.0581
  4343.955 5.6063e-14     0.0581
  4344.585 5.7919e-14     0.0600
  4345.215 5.8044e-14     0.0602
  4345.845 5.7366e-14     0.0595
  4346.475 5.8719e-14     0.0609
  4347.105 5.7470e-14     0.0596
  4347.735 5.7045e-14     0.0591
  4348.365 5.7636e-14     0.0597
  4348.995 6.0073e-14     0.0623
  4349.625 6.1479e-14     0.0637
  4350.255 5.5740e-14     0.0578
  4350.885 5.5642e-14     0.0577
  4351.515 5.6734e-14     0.0588
  4352.145 5.6823e-14     0.0589
  4352.775 5.5460e-14     0.0575
  4353.405 5.4737e-14     0.0567
  4354.035 5.5221e-14     0.0572
  4354.665 5.5089e-14     0.0571
  4355.295 5.4919e-14     0.0569
  4355.925 5.6303e-14     0.0584
  4356.555 5.6016e-14     0.0581
  4357.185 5.5963e-14     0.0580
  4357.814 5.5565e-14     0.0576
  4358.445 5.7680e-14     0.0598
  4359.075 5.6230e-14     0.0583
  4359.705 5.7015e-14     0.0591
  4360.334 5.7080e-14     0.0592
  4360.965 5.5834e-14     0.0579
  4361.595 5.7817e-14     0.0599
  4362.225 5.7414e-14     0.0595
  4362.854 5.7684e-14     0.0598
  4363.485 5.7051e-14     0.0591
  4364.115 5.7885e-14     0.0600
  4364.745 5.8648e-14     0.0608
  4365.375 5.8657e-14     0.0608
  4366.005 5.6786e-14     0.0589
  4366.635 5.6869e-14     0.0589
  4367.265 5.8273e-14     0.0604
  4367.895 5.6535e-14     0.0586
  4368.525 5.6558e-14     0.0586
  4369.155 5.7546e-14     0.0596
  4369.785 5.7894e-14     0.0600
  4370.415 5.7125e-14     0.0592
  4371.045 5.7544e-14     0.0596
  4371.675 5.7183e-14     0.0593
  4372.305 5.6645e-14     0.0587
  4372.935 5.6715e-14     0.0588
  4373.565 5.8362e-14     0.0605
  4374.195 5.7341e-14     0.0594
  4374.825 5.8669e-14     0.0608
  4375.455 5.7656e-14     0.0598
  4376.085 5.8267e-14     0.0604
  4376.715 5.7766e-14     0.0599
  4377.345 5.8498e-14     0.0606
  4377.975 5.8331e-14     0.0605
  4378.605 5.7505e-14     0.0596
  4379.235 5.6275e-14     0.0583
  4379.865 5.5793e-14     0.0578
  4380.495 5.5686e-14     0.0577
  4381.125 5.4663e-14     0.0567
  4381.755 5.5133e-14     0.0571
  4382.385 5.5519e-14     0.0575
  4383.015 5.4751e-14     0.0567
  4383.645 5.3774e-14     0.0557
  4384.275 5.5053e-14     0.0571
  4384.905 5.6322e-14     0.0584
  4385.535 5.6090e-14     0.0581
  4386.165 5.8577e-14     0.0607
  4386.795 5.8595e-14     0.0607
  4387.425 5.7028e-14     0.0591
  4388.055 5.8045e-14     0.0602
  4388.685 5.7739e-14     0.0598
  4389.314 5.7174e-14     0.0593
  4389.945 5.6438e-14     0.0585
  4390.575 5.8162e-14     0.0603
  4391.205 5.7183e-14     0.0593
  4391.834 5.7427e-14     0.0595
  4392.465 5.6514e-14     0.0586
  4393.095 5.6551e-14     0.0586
  4393.725 5.7352e-14     0.0594
  4394.354 5.7459e-14     0.0596
  4394.985 5.7562e-14     0.0597
  4395.615 5.8050e-14     0.0602
  4396.245 5.7148e-14     0.0592
  4396.875 5.6526e-14     0.0586
  4397.505 5.8502e-14     0.0606
  4398.135 6.0082e-14     0.0623
  4398.765 5.8517e-14     0.0607
  4399.395 5.9815e-14     0.0620
  4400.025 6.0256e-14     0.0625
  4400.655 6.1276e-14     0.0635
  4401.285 5.9492e-14     0.0617
  4401.915 5.9768e-14     0.0619
  4402.545 5.9640e-14     0.0618
  4403.175 5.8453e-14     0.0606
  4403.805 6.0041e-14     0.0622
  4404.435 5.8624e-14     0.0608
  4405.065 6.0299e-14     0.0625
  4405.695 5.7754e-14     0.0599
  4406.325 5.7317e-14     0.0594
  4406.955 5.6908e-14     0.0590
  4407.585 5.8448e-14     0.0606
  4408.215 5.6725e-14     0.0588
  4408.845 5.6247e-14     0.0583
  4409.475 5.6890e-14     0.0590
  4410.105 5.6917e-14     0.0590
  4410.735 5.8150e-14     0.0603
  4411.365 5.6654e-14     0.0587
  4411.995 5.6309e-14     0.0584
  4412.625 5.8278e-14     0.0604
  4413.255 5.5628e-14     0.0577
  4413.885 5.9482e-14     0.0617
  4414.515 5.6188e-14     0.0582
  4415.145 5.6394e-14     0.0585
  4415.775 5.7474e-14     0.0596
  4416.405 5.7560e-14     0.0597
  4417.035 5.5356e-14     0.0574
  4417.665 5.5765e-14     0.0578
  4418.295 5.7026e-14     0.0591
  4418.925 5.5964e-14     0.0580
  4419.555 5.6743e-14     0.0588
  4420.185 5.7280e-14     0.0594
  4420.814 5.8331e-14     0.0605
  4421.445 5.9376e-14     0.0615
  4422.075 5.7786e-14     0.0599
  4422.705 5.8883e-14     0.0610
  4423.334 5.8443e-14     0.0606
  4423.965 5.7102e-14     0.0592
  4424.595 5.8836e-14     0.0610
  4425.225 5.7383e-14     0.0595
  4425.854 5.6499e-14     0.0586
  4426.485 5.6966e-14     0.0590
  4427.115 5.6487e-14     0.0585
  4427.745 5.5491e-14     0.0575
  4428.375 5.5506e-14     0.0575
  4429.005 5.5953e-14     0.0580
  4429.635 5.5849e-14     0.0579
  4430.265 5.4836e-14     0.0568
  4430.895 5.5861e-14     0.0579
  4431.525 5.4039e-14     0.0560
  4432.155 5.4589e-14     0.0566
  4432.785 5.6209e-14     0.0583
  4433.415 5.6935e-14     0.0590
  4434.045 5.7590e-14     0.0597
  4434.675 5.6930e-14     0.0590
  4435.305 5.8842e-14     0.0610
  4435.935 5.6874e-14     0.0589
  4436.565 5.6443e-14     0.0585
  4437.195 5.9231e-14     0.0614
  4437.825 6.0606e-14     0.0628
  4438.455 5.8107e-14     0.0602
  4439.085 5.8800e-14     0.0609
  4439.715 5.9559e-14     0.0617
  4440.345 5.6951e-14     0.0590
  4440.975 5.9279e-14     0.0614
  4441.605 5.8945e-14     0.0611
  4442.235 5.9038e-14     0.0612
  4442.865 5.7656e-14     0.0598
  4443.495 5.9541e-14     0.0617
  4444.125 5.8666e-14     0.0608
  4444.755 5.7504e-14     0.0596
  4445.385 5.8076e-14     0.0602
  4446.015 5.8424e-14     0.0606
  4446.645 5.8668e-14     0.0608
  4447.275 5.8434e-14     0.0606
  4447.905 5.7846e-14     0.0600
  4448.535 5.7547e-14     0.0596
  4449.165 5.7928e-14     0.0600
  4449.795 5.8279e-14     0.0604
  4450.425 5.8310e-14     0.0604
  4451.055 5.7760e-14     0.0599
  4451.685 5.8853e-14     0.0610
  4452.314 5.8437e-14     0.0606
  4452.945 5.9108e-14     0.0613
  4453.575 5.7660e-14     0.0598
  4454.205 5.9731e-14     0.0619
  4454.834 5.8802e-14     0.0609
  4455.465 5.8977e-14     0.0611
  4456.095 5.7177e-14     0.0593
  4456.725 5.7361e-14     0.0595
  4457.354 5.6959e-14     0.0590
  4457.985 5.7588e-14     0.0597
  4458.615 5.5811e-14     0.0578
  4459.245 5.6979e-14     0.0591
  4459.875 5.4312e-14     0.0563
  4460.505 5.6333e-14     0.0584
  4461.135 5.5512e-14     0.0575
  4461.765 5.7109e-14     0.0592
  4462.395 5.7654e-14     0.0598
  4463.025 5.7866e-14     0.0600
  4463.655 5.5847e-14     0.0579
  4464.285 5.6466e-14     0.0585
  4464.915 5.8718e-14     0.0609
  4465.545 5.6890e-14     0.0590
  4466.175 5.7157e-14     0.0592
  4466.805 5.7302e-14     0.0594
  4467.435 5.6605e-14     0.0587
  4468.065 5.8074e-14     0.0602
  4468.695 5.7803e-14     0.0599
  4469.325 5.8130e-14     0.0603
  4469.955 6.0116e-14     0.0623
  4470.585 5.7812e-14     0.0599
  4471.215 5.8350e-14     0.0605
  4471.845 5.9371e-14     0.0615
  4472.475 6.1036e-14     0.0633
  4473.105 6.1822e-14     0.0641
  4473.735 6.2660e-14     0.0649
  4474.365 6.3939e-14     0.0663
  4474.995 6.2782e-14     0.0651
  4475.625 6.4433e-14     0.0668
  4476.255 6.5649e-14     0.0680
  4476.885 6.4831e-14     0.0672
  4477.515 6.4994e-14     0.0674
  4478.145 6.5150e-14     0.0675
  4478.775 6.5866e-14     0.0683
  4479.405 6.5246e-14     0.0676
  4480.035 6.5087e-14     0.0675
  4480.665 6.5059e-14     0.0674
  4481.295 6.3894e-14     0.0662
  4481.925 6.2137e-14     0.0644
  4482.555 6.2182e-14     0.0645
  4483.185 6.3834e-14     0.0662
  4483.814 6.1031e-14     0.0633
  4484.445 5.9791e-14     0.0620
  4485.075 6.2598e-14     0.0649
  4485.705 6.3908e-14     0.0662
  4486.334 6.2429e-14     0.0647
  4486.965 6.3589e-14     0.0659
  4487.595 6.4487e-14     0.0668
  4488.225 6.4565e-14     0.0669
  4488.854 6.5076e-14     0.0675
  4489.485 6.4919e-14     0.0673
  4490.115 6.4420e-14     0.0668
  4490.745 6.5735e-14     0.0681
  4491.375 6.5831e-14     0.0682
  4492.005 6.4118e-14     0.0665
  4492.635 6.5419e-14     0.0678
  4493.265 6.6504e-14     0.0689
  4493.895 6.5603e-14     0.0680
  4494.525 6.5672e-14     0.0681
  4495.155 6.7059e-14     0.0695
  4495.785 6.6921e-14     0.0694
  4496.415 6.6824e-14     0.0693
  4497.045 6.9957e-14     0.0725
  4497.675 7.1043e-14     0.0736
  4498.305 7.1492e-14     0.0741
  4498.935 7.3171e-14     0.0758
  4499.565 7.5327e-14     0.0781
  4500.195 7.7080e-14     0.0799
  4500.825 7.7145e-14     0.0800
  4501.455 7.6548e-14     0.0793
  4502.085 7.6670e-14     0.0795
  4502.715 7.4326e-14     0.0770
  4503.345 7.2258e-14     0.0749
  4503.975 7.1022e-14     0.0736
  4504.605 7.0497e-14     0.0731
  4505.235 6.9107e-14     0.0716
  4505.865 6.9038e-14     0.0716
  4506.495 6.9078e-14     0.0716
  4507.125 6.7313e-14     0.0698
  4507.755 6.8190e-14     0.0707
  4508.385 6.8436e-14     0.0709
  4509.015 6.7670e-14     0.0701
  4509.645 6.7542e-14     0.0700
  4510.275 6.7217e-14     0.0697
  4510.905 6.7185e-14     0.0696
  4511.535 6.5849e-14     0.0683
  4512.165 6.5549e-14     0.0679
  4512.795 6.5852e-14     0.0683
  4513.425 6.5238e-14     0.0676
  4514.055 6.5535e-14     0.0679
  4514.685 6.6157e-14     0.0686
  4515.314 6.6908e-14     0.0693
  4515.945 6.6837e-14     0.0693
  4516.575 6.8173e-14     0.0707
  4517.205 6.7207e-14     0.0697
  4517.834 6.6290e-14     0.0687
  4518.465 6.6349e-14     0.0688
  4519.095 6.8519e-14     0.0710
  4519.725 7.0280e-14     0.0728
  4520.354 7.1005e-14     0.0736
  4520.985 7.3609e-14     0.0763
  4521.615 7.5454e-14     0.0782
  4522.245 7.6271e-14     0.0791
  4522.875 7.9259e-14     0.0822
  4523.505 8.0555e-14     0.0835
  4524.135 7.9706e-14     0.0826
  4524.765 7.9938e-14     0.0829
  4525.395 7.9012e-14     0.0819
  4526.025 7.7375e-14     0.0802
  4526.655 7.5614e-14     0.0784
  4527.285 7.4320e-14     0.0770
  4527.915 7.2162e-14     0.0748
  4528.545 7.0495e-14     0.0731
  4529.175 7.0554e-14     0.0731
  4529.805 6.7188e-14     0.0696
  4530.435 6.7803e-14     0.0703
  4531.065 6.6081e-14     0.0685
  4531.695 6.7077e-14     0.0695
  4532.325 6.6471e-14     0.0689
  4532.955 6.3943e-14     0.0663
  4533.585 6.3952e-14     0.0663
  4534.215 6.3043e-14     0.0653
  4534.845 6.1288e-14     0.0635
  4535.475 6.1942e-14     0.0642
  4536.105 6.0021e-14     0.0622
  4536.735 5.9901e-14     0.0621
  4537.365 6.0345e-14     0.0625
  4537.995 5.9556e-14     0.0617
  4538.625 6.0837e-14     0.0631
  4539.255 5.9944e-14     0.0621
  4539.885 5.9761e-14     0.0619
  4540.515 5.9548e-14     0.0617
  4541.145 6.0186e-14     0.0624
  4541.775 5.8960e-14     0.0611
  4542.405 5.8316e-14     0.0604
  4543.035 5.8465e-14     0.0606
  4543.665 5.7113e-14     0.0592
  4544.295 5.7584e-14     0.0597
  4544.925 5.7157e-14     0.0592
  4545.555 5.6377e-14     0.0584
  4546.185 5.6113e-14     0.0582
  4546.814 5.5943e-14     0.0580
  4547.445 5.5964e-14     0.0580
  4548.075 5.6088e-14     0.0581
  4548.705 5.9129e-14     0.0613
  4549.334 5.6960e-14     0.0590
  4549.965 5.6897e-14     0.0590
  4550.595 5.5664e-14     0.0577
  4551.225 5.7349e-14     0.0594
  4551.854 5.7893e-14     0.0600
  4552.485 5.7206e-14     0.0593
  4553.115 5.7886e-14     0.0600
  4553.745 5.7840e-14     0.0600
  4554.375 5.8179e-14     0.0603
  4555.005 5.7502e-14     0.0596
  4555.635 5.8272e-14     0.0604
  4556.265 5.8046e-14     0.0602
  4556.895 5.7497e-14     0.0596
  4557.525 5.7118e-14     0.0592
  4558.155 5.9032e-14     0.0612
  4558.785 5.7937e-14     0.0601
  4559.415 5.8514e-14     0.0606
  4560.045 5.9533e-14     0.0617
  4560.675 5.9255e-14     0.0614
  4561.305 5.9146e-14     0.0613
  4561.935 5.8259e-14     0.0604
  4562.565 5.7016e-14     0.0591
  4563.195 5.8281e-14     0.0604
  4563.825 5.7023e-14     0.0591
  4564.455 6.0096e-14     0.0623
  4565.085 5.6779e-14     0.0589
  4565.715 5.7427e-14     0.0595
  4566.345 5.5852e-14     0.0579
  4566.975 5.7579e-14     0.0597
  4567.605 5.7710e-14     0.0598
  4568.235 5.6287e-14     0.0583
  4568.865 5.6872e-14     0.0589
  4569.495 5.7114e-14     0.0592
  4570.125 5.7035e-14     0.0591
  4570.755 5.7416e-14     0.0595
  4571.385 5.7877e-14     0.0600
  4572.015 5.8828e-14     0.0610
  4572.645 5.7834e-14     0.0599
  4573.275 5.9854e-14     0.0620
  4573.905 6.0598e-14     0.0628
  4574.535 5.9582e-14     0.0618
  4575.165 6.0145e-14     0.0623
  4575.795 6.0717e-14     0.0629
  4576.425 6.0200e-14     0.0624
  4577.055 6.0796e-14     0.0630
  4577.685 5.9578e-14     0.0618
  4578.314 5.8590e-14     0.0607
  4578.945 5.9985e-14     0.0622
  4579.575 6.0549e-14     0.0628
  4580.205 6.0798e-14     0.0630
  4580.834 6.1439e-14     0.0637
  4581.465 6.1262e-14     0.0635
  4582.095 5.8882e-14     0.0610
  4582.725 6.0034e-14     0.0622
  4583.354 6.2231e-14     0.0645
  4583.985 5.9265e-14     0.0614
  4584.615 6.0427e-14     0.0626
  4585.245 6.0658e-14     0.0629
  4585.875 6.1378e-14     0.0636
  4586.505 5.9403e-14     0.0616
  4587.135 5.8825e-14     0.0610
  4587.765 5.9022e-14     0.0612
  4588.395 6.0147e-14     0.0623
  4589.025 5.9556e-14     0.0617
  4589.655 5.9088e-14     0.0612
  4590.285 6.0835e-14     0.0631
  4590.915 6.0113e-14     0.0623
  4591.545 6.0048e-14     0.0622
  4592.175 5.8870e-14     0.0610
  4592.805 5.9369e-14     0.0615
  4593.435 5.9101e-14     0.0613
  4594.065 5.8524e-14     0.0607
  4594.695 6.0394e-14     0.0626
  4595.325 5.9095e-14     0.0613
  4595.955 5.9266e-14     0.0614
  4596.585 5.8054e-14     0.0602
  4597.215 5.8252e-14     0.0604
  4597.845 5.7947e-14     0.0601
  4598.475 5.6544e-14     0.0586
  4599.105 5.9221e-14     0.0614
  4599.735 5.9773e-14     0.0620
  4600.365 5.8070e-14     0.0602
  4600.995 5.9153e-14     0.0613
  4601.625 6.0022e-14     0.0622
  4602.255 5.9069e-14     0.0612
  4602.885 5.9355e-14     0.0615
  4603.515 5.7437e-14     0.0595
  4604.145 5.9594e-14     0.0618
  4604.775 6.0891e-14     0.0631
  4605.405 5.8379e-14     0.0605
  4606.035 5.9543e-14     0.0617
  4606.665 6.0334e-14     0.0625
  4607.295 5.7709e-14     0.0598
  4607.925 5.9431e-14     0.0616
  4608.555 5.9405e-14     0.0616
  4609.185 5.8881e-14     0.0610
  4609.814 5.8668e-14     0.0608
  4610.445 5.9721e-14     0.0619
  4611.075 6.0859e-14     0.0631
  4611.705 5.9724e-14     0.0619
  4612.334 6.1365e-14     0.0636
  4612.965 6.0244e-14     0.0624
  4613.595 6.0170e-14     0.0624
  4614.225 5.9317e-14     0.0615
  4614.854 6.0263e-14     0.0625
  4615.485 6.0968e-14     0.0632
  4616.115 5.8656e-14     0.0608
  4616.745 6.0026e-14     0.0622
  4617.375 5.9924e-14     0.0621
  4618.005 5.9399e-14     0.0616
  4618.635 5.8889e-14     0.0610
  4619.265 5.8638e-14     0.0608
  4619.895 5.9447e-14     0.0616
  4620.525 5.8398e-14     0.0605
  4621.155 5.8282e-14     0.0604
  4621.785 5.9718e-14     0.0619
  4622.415 5.7336e-14     0.0594
  4623.045 5.7919e-14     0.0600
  4623.675 5.9114e-14     0.0613
  4624.305 5.7377e-14     0.0595
  4624.935 5.8493e-14     0.0606
  4625.565 5.8315e-14     0.0604
  4626.195 5.8056e-14     0.0602
  4626.825 5.9126e-14     0.0613
  4627.455 5.8346e-14     0.0605
  4628.085 5.8929e-14     0.0611
  4628.715 5.8211e-14     0.0603
  4629.345 6.0287e-14     0.0625
  4629.975 6.1058e-14     0.0633
  4630.605 5.9704e-14     0.0619
  4631.235 5.9876e-14     0.0621
  4631.865 6.0966e-14     0.0632
  4632.495 6.1655e-14     0.0639
  4633.125 5.9063e-14     0.0612
  4633.755 5.9870e-14     0.0621
  4634.385 6.0587e-14     0.0628
  4635.015 6.1632e-14     0.0639
  4635.645 6.1114e-14     0.0633
  4636.275 6.1376e-14     0.0636
  4636.905 6.0988e-14     0.0632
  4637.535 6.2284e-14     0.0646
  4638.165 6.3983e-14     0.0663
  4638.795 6.2538e-14     0.0648
  4639.425 6.1696e-14     0.0639
  4640.055 6.3087e-14     0.0654
  4640.685 6.1162e-14     0.0634
  4641.314 6.2377e-14     0.0647
  4641.945 6.2475e-14     0.0648
  4642.575 6.3256e-14     0.0656
  4643.205 6.2191e-14     0.0645
  4643.834 6.0795e-14     0.0630
  4644.465 6.1458e-14     0.0637
  4645.095 6.0622e-14     0.0628
  4645.725 5.9545e-14     0.0617
  4646.354 6.0032e-14     0.0622
  4646.985 5.9314e-14     0.0615
  4647.615 5.9479e-14     0.0616
  4648.245 5.9738e-14     0.0619
  4648.875 5.9455e-14     0.0616
  4649.505 6.0223e-14     0.0624
  4650.135 6.0120e-14     0.0623
  4650.765 6.1447e-14     0.0637
  4651.395 6.1485e-14     0.0637
  4652.025 6.1122e-14     0.0634
  4652.655 6.2391e-14     0.0647
  4653.285 6.1801e-14     0.0641
  4653.915 6.0956e-14     0.0632
  4654.545 6.0792e-14     0.0630
  4655.175 6.0366e-14     0.0626
  4655.805 6.0049e-14     0.0622
  4656.435 6.0590e-14     0.0628
  4657.065 5.9714e-14     0.0619
  4657.695 6.0209e-14     0.0624
  4658.325 5.9956e-14     0.0621
  4658.955 5.9615e-14     0.0618
  4659.585 5.9798e-14     0.0620
  4660.215 6.0056e-14     0.0622
  4660.845 6.0141e-14     0.0623
  4661.475 6.0812e-14     0.0630
  4662.105 6.0375e-14     0.0626
  4662.735 6.1312e-14     0.0636
  4663.365 6.0232e-14     0.0624
  4663.995 6.0981e-14     0.0632
  4664.625 6.0261e-14     0.0625
  4665.255 6.0888e-14     0.0631
  4665.885 6.0914e-14     0.0631
  4666.515 6.0954e-14     0.0632
  4667.145 5.9444e-14     0.0616
  4667.775 6.0282e-14     0.0625
  4668.405 6.0790e-14     0.0630
  4669.035 6.1533e-14     0.0638
  4669.665 6.2851e-14     0.0651
  4670.295 6.0524e-14     0.0627
  4670.925 5.9706e-14     0.0619
  4671.555 6.1447e-14     0.0637
  4672.185 6.0846e-14     0.0631
  4672.814 6.1320e-14     0.0636
  4673.445 6.2481e-14     0.0648
  4674.075 6.1269e-14     0.0635
  4674.705 5.9885e-14     0.0621
  4675.334 6.0567e-14     0.0628
  4675.965 6.1512e-14     0.0638
  4676.595 6.1774e-14     0.0640
  4677.225 6.1570e-14     0.0638
  4677.854 6.1391e-14     0.0636
  4678.485 6.0566e-14     0.0628
  4679.115 5.9547e-14     0.0617
  4679.745 6.0627e-14     0.0628
  4680.375 6.0687e-14     0.0629
  4681.005 5.9928e-14     0.0621
  4681.635 6.0516e-14     0.0627
  4682.265 5.9569e-14     0.0617
  4682.895 5.9921e-14     0.0621
  4683.525 5.8858e-14     0.0610
  4684.155 6.0879e-14     0.0631
  4684.785 6.0881e-14     0.0631
  4685.415 6.0484e-14     0.0627
  4686.045 6.1459e-14     0.0637
  4686.675 6.1130e-14     0.0634
  4687.305 6.0230e-14     0.0624
  4687.935 5.9846e-14     0.0620
  4688.565 6.1457e-14     0.0637
  4689.195 5.9671e-14     0.0618
  4689.825 5.7354e-14     0.0594
  4690.455 5.9435e-14     0.0616
  4691.085 5.9240e-14     0.0614
  4691.715 5.9021e-14     0.0612
  4692.345 5.8853e-14     0.0610
  4692.975 5.8551e-14     0.0607
  4693.605 5.7306e-14     0.0594
  4694.235 5.7864e-14     0.0600
  4694.865 5.7309e-14     0.0594
  4695.495 5.7697e-14     0.0598
  4696.125 5.8215e-14     0.0603
  4696.755 5.8084e-14     0.0602
  4697.385 5.8492e-14     0.0606
  4698.015 5.7508e-14     0.0596
  4698.645 5.8718e-14     0.0609
  4699.275 5.8118e-14     0.0602
  4699.905 5.7363e-14     0.0595
  4700.535 5.7761e-14     0.0599
  4701.165 5.6820e-14     0.0589
  4701.795 5.7345e-14     0.0594
  4702.425 5.8647e-14     0.0608
  4703.055 5.9096e-14     0.0613
  4703.685 5.8871e-14     0.0610
  4704.314 5.8351e-14     0.0605
  4704.945 5.9158e-14     0.0613
  4705.575 6.0032e-14     0.0622
  4706.205 5.8558e-14     0.0607
  4706.834 5.9922e-14     0.0621
  4707.465 5.8973e-14     0.0611
  4708.095 5.9191e-14     0.0614
  4708.725 5.9713e-14     0.0619
  4709.354 5.9863e-14     0.0620
  4709.985 6.0133e-14     0.0623
  4710.615 5.8740e-14     0.0609
  4711.245 5.9181e-14     0.0613
  4711.875 5.9130e-14     0.0613
  4712.505 5.8326e-14     0.0605
  4713.135 6.0056e-14     0.0622
  4713.765 5.9040e-14     0.0612
  4714.395 5.8063e-14     0.0602
  4715.025 5.9072e-14     0.0612
  4715.655 5.8145e-14     0.0603
  4716.285 5.8005e-14     0.0601
  4716.915 5.9475e-14     0.0616
  4717.545 5.8045e-14     0.0602
  4718.175 5.7920e-14     0.0600
  4718.805 5.7225e-14     0.0593
  4719.435 5.6537e-14     0.0586
  4720.065 5.9313e-14     0.0615
  4720.695 5.8395e-14     0.0605
  4721.325 5.8365e-14     0.0605
  4721.955 5.7789e-14     0.0599
  4722.585 5.8311e-14     0.0604
  4723.215 5.8467e-14     0.0606
  4723.845 5.8847e-14     0.0610
  4724.475 5.9164e-14     0.0613
  4725.105 5.8988e-14     0.0611
  4725.735 5.8728e-14     0.0609
  4726.365 5.8613e-14     0.0608
  4726.995 6.0282e-14     0.0625
  4727.625 5.9512e-14     0.0617
  4728.255 5.9336e-14     0.0615
  4728.885 5.9775e-14     0.0620
  4729.515 5.9530e-14     0.0617
  4730.145 5.9828e-14     0.0620
  4730.775 6.0075e-14     0.0623
  4731.405 5.8982e-14     0.0611
  4732.035 5.9484e-14     0.0617
  4732.665 5.9655e-14     0.0618
  4733.295 5.9055e-14     0.0612
  4733.925 5.8371e-14     0.0605
  4734.555 5.9019e-14     0.0612
  4735.185 5.8565e-14     0.0607
  4735.814 5.9240e-14     0.0614
  4736.445 5.9881e-14     0.0621
  4737.075 5.8634e-14     0.0608
  4737.705 5.8640e-14     0.0608
  4738.334 5.9715e-14     0.0619
  4738.965 5.9093e-14     0.0612
  4739.595 5.7734e-14     0.0598
  4740.225 6.1133e-14     0.0634
  4740.854 5.8257e-14     0.0604
  4741.485 5.6830e-14     0.0589
  4742.115 5.8755e-14     0.0609
  4742.745 5.8943e-14     0.0611
  4743.375 5.7976e-14     0.0601
  4744.005 5.8899e-14     0.0610
  4744.635 5.9170e-14     0.0613
  4745.265 5.8066e-14     0.0602
  4745.895 5.8813e-14     0.0610
  4746.525 5.8289e-14     0.0604
  4747.155 5.8717e-14     0.0609
  4747.785 5.9472e-14     0.0616
  4748.415 5.8067e-14     0.0602
  4749.045 5.8539e-14     0.0607
  4749.675 5.7938e-14     0.0601
  4750.305 5.8029e-14     0.0601
  4750.935 5.7992e-14     0.0601
  4751.565 5.7960e-14     0.0601
  4752.195 5.7232e-14     0.0593
  4752.825 5.7217e-14     0.0593
  4753.455 5.7759e-14     0.0599
  4754.085 5.7110e-14     0.0592
  4754.715 5.6654e-14     0.0587
  4755.345 5.8438e-14     0.0606
  4755.975 5.7711e-14     0.0598
  4756.605 5.7188e-14     0.0593
  4757.235 5.7277e-14     0.0594
  4757.865 5.7049e-14     0.0591
  4758.495 5.8296e-14     0.0604
  4759.125 5.8455e-14     0.0606
  4759.755 5.8823e-14     0.0610
  4760.385 5.7858e-14     0.0600
  4761.015 5.8266e-14     0.0604
  4761.645 5.7817e-14     0.0599
  4762.275 5.7783e-14     0.0599
  4762.905 5.7233e-14     0.0593
  4763.535 5.7527e-14     0.0596
  4764.165 5.8214e-14     0.0603
  4764.795 5.6558e-14     0.0586
  4765.425 5.7221e-14     0.0593
  4766.055 5.7493e-14     0.0596
  4766.685 5.7386e-14     0.0595
  4767.314 5.6776e-14     0.0588
  4767.945 5.6113e-14     0.0582
  4768.575 5.5752e-14     0.0578
  4769.205 5.7156e-14     0.0592
  4769.834 5.7955e-14     0.0601
  4770.465 5.6925e-14     0.0590
  4771.095 5.6613e-14     0.0587
  4771.725 5.8189e-14     0.0603
  4772.354 5.8367e-14     0.0605
  4772.985 5.6594e-14     0.0587
  4773.615 5.9278e-14     0.0614
  4774.245 5.6966e-14     0.0590
  4774.875 5.6636e-14     0.0587
  4775.505 5.6763e-14     0.0588
  4776.135 5.7447e-14     0.0595
  4776.765 5.7801e-14     0.0599
  4777.395 5.8543e-14     0.0607
  4778.025 5.7422e-14     0.0595
  4778.655 5.8587e-14     0.0607
  4779.285 5.8413e-14     0.0605
  4779.915 5.6992e-14     0.0591
  4780.545 5.8264e-14     0.0604
  4781.175 5.8154e-14     0.0603
  4781.805 5.7245e-14     0.0593
  4782.435 5.8301e-14     0.0604
  4783.065 5.7038e-14     0.0591
  4783.695 5.7663e-14     0.0598
  4784.325 5.7514e-14     0.0596
  4784.955 5.7941e-14     0.0601
  4785.585 5.8214e-14     0.0603
  4786.215 5.6444e-14     0.0585
  4786.845 5.6926e-14     0.0590
  4787.475 5.7949e-14     0.0601
  4788.105 5.8685e-14     0.0608
  4788.735 5.7998e-14     0.0601
  4789.365 5.7025e-14     0.0591
  4789.995 5.8370e-14     0.0605
  4790.625 5.7076e-14     0.0592
  4791.255 5.7760e-14     0.0599
  4791.885 5.6914e-14     0.0590
  4792.515 5.9148e-14     0.0613
  4793.145 5.8716e-14     0.0609
  4793.775 5.8882e-14     0.0610
  4794.405 5.8066e-14     0.0602
  4795.035 5.8227e-14     0.0604
  4795.665 5.7543e-14     0.0596
  4796.295 5.7257e-14     0.0593
  4796.925 5.7767e-14     0.0599
  4797.555 5.8037e-14     0.0602
  4798.185 5.7421e-14     0.0595
  4798.814 5.8062e-14     0.0602
  4799.445 5.7830e-14     0.0599
  4800.075 5.8974e-14     0.0611
  4800.705 5.7886e-14     0.0600
  4801.334 5.7468e-14     0.0596
  4801.965 5.8112e-14     0.0602
  4802.595 5.8070e-14     0.0602
  4803.225 5.7367e-14     0.0595
  4803.854 5.7182e-14     0.0593
  4804.485 5.7001e-14     0.0591
  4805.115 5.8263e-14     0.0604
  4805.745 5.8472e-14     0.0606
  4806.375 5.7760e-14     0.0599
  4807.005 5.7289e-14     0.0594
  4807.635 5.7576e-14     0.0597
  4808.265 5.9288e-14     0.0615
  4808.895 5.8443e-14     0.0606
  4809.525 5.7051e-14     0.0591
  4810.155 5.6787e-14     0.0589
  4810.785 5.6962e-14     0.0590
  4811.415 5.7272e-14     0.0594
  4812.045 5.8118e-14     0.0602
  4812.675 5.7536e-14     0.0596
  4813.305 5.8234e-14     0.0604
  4813.935 5.8234e-14     0.0604
  4814.565 5.7379e-14     0.0595
  4815.195 5.7736e-14     0.0598
  4815.825 5.6316e-14     0.0584
  4816.455 5.7637e-14     0.0597
  4817.085 5.7674e-14     0.0598
  4817.715 5.6360e-14     0.0584
  4818.345 5.7232e-14     0.0593
  4818.975 5.5256e-14     0.0573
  4819.605 5.5681e-14     0.0577
  4820.235 5.8226e-14     0.0604
  4820.865 5.5655e-14     0.0577
  4821.495 5.6856e-14     0.0589
  4822.125 5.7480e-14     0.0596
  4822.755 5.6646e-14     0.0587
  4823.385 5.7633e-14     0.0597
  4824.015 5.7104e-14     0.0592
  4824.645 5.8040e-14     0.0602
  4825.275 5.8313e-14     0.0604
  4825.905 5.7437e-14     0.0595
  4826.535 5.6469e-14     0.0585
  4827.165 5.8246e-14     0.0604
  4827.795 5.8334e-14     0.0605
  4828.425 5.8524e-14     0.0607
  4829.055 5.9106e-14     0.0613
  4829.685 5.8508e-14     0.0606
  4830.314 5.8992e-14     0.0611
  4830.945 6.0402e-14     0.0626
  4831.575 6.1839e-14     0.0641
  4832.205 6.0612e-14     0.0628
  4832.834 5.9648e-14     0.0618
  4833.465 5.9509e-14     0.0617
  4834.095 5.8926e-14     0.0611
  4834.725 5.9097e-14     0.0613
  4835.354 5.7004e-14     0.0591
  4835.985 5.7271e-14     0.0594
  4836.615 5.8231e-14     0.0604
  4837.245 5.6486e-14     0.0585
  4837.875 5.7308e-14     0.0594
  4838.505 5.6418e-14     0.0585
  4839.135 5.6443e-14     0.0585
  4839.765 5.5489e-14     0.0575
  4840.395 5.5758e-14     0.0578
  4841.025 5.6330e-14     0.0584
  4841.655 5.5515e-14     0.0575
  4842.285 5.5600e-14     0.0576
  4842.915 5.6860e-14     0.0589
  4843.545 5.7359e-14     0.0595
  4844.175 5.7444e-14     0.0595
  4844.805 5.7373e-14     0.0595
  4845.435 5.7235e-14     0.0593
  4846.065 5.7876e-14     0.0600
  4846.695 5.6761e-14     0.0588
  4847.325 5.7896e-14     0.0600
  4847.955 5.7905e-14     0.0600
  4848.585 5.8509e-14     0.0606
  4849.215 5.7089e-14     0.0592
  4849.845 5.7801e-14     0.0599
  4850.475 5.7394e-14     0.0595
  4851.105 5.7611e-14     0.0597
  4851.735 5.7280e-14     0.0594
  4852.365 5.8945e-14     0.0611
  4852.995 5.8291e-14     0.0604
  4853.625 5.8518e-14     0.0607
  4854.255 5.8254e-14     0.0604
  4854.885 5.9778e-14     0.0620
  4855.515 6.1377e-14     0.0636
  4856.145 6.1096e-14     0.0633
  4856.775 6.2007e-14     0.0643
  4857.405 6.4407e-14     0.0668
  4858.035 6.4392e-14     0.0667
  4858.665 6.6342e-14     0.0688
  4859.295 6.5265e-14     0.0676
  4859.925 6.5118e-14     0.0675
  4860.555 6.3186e-14     0.0655
  4861.185 6.2936e-14     0.0652
  4861.814 6.1050e-14     0.0633
  4862.445 6.0381e-14     0.0626
  4863.075 5.8049e-14     0.0602
  4863.705 5.9016e-14     0.0612
  4864.334 5.9276e-14     0.0614
  4864.965 5.9262e-14     0.0614
  4865.595 5.8027e-14     0.0601
  4866.225 5.7332e-14     0.0594
  4866.854 5.9170e-14     0.0613
  4867.485 5.8722e-14     0.0609
  4868.115 5.6733e-14     0.0588
  4868.745 5.8308e-14     0.0604
  4869.375 5.8422e-14     0.0606
  4870.005 5.7034e-14     0.0591
  4870.635 5.7995e-14     0.0601
  4871.265 5.7751e-14     0.0599
  4871.895 5.6447e-14     0.0585
  4872.525 5.6795e-14     0.0589
  4873.155 5.8035e-14     0.0602
  4873.785 5.7969e-14     0.0601
  4874.415 5.7091e-14     0.0592
  4875.045 5.7414e-14     0.0595
  4875.675 5.7229e-14     0.0593
  4876.305 5.6840e-14     0.0589
  4876.935 5.6919e-14     0.0590
  4877.565 5.5403e-14     0.0574
  4878.195 5.8069e-14     0.0602
  4878.825 5.7184e-14     0.0593
  4879.455 5.6754e-14     0.0588
  4880.085 5.6253e-14     0.0583
  4880.715 5.7170e-14     0.0593
  4881.345 5.6338e-14     0.0584
  4881.975 5.7469e-14     0.0596
  4882.605 5.7286e-14     0.0594
  4883.235 5.7707e-14     0.0598
  4883.865 5.7551e-14     0.0597
  4884.495 5.8605e-14     0.0607
  4885.125 5.8476e-14     0.0606
  4885.755 5.8811e-14     0.0610
  4886.385 5.9617e-14     0.0618
  4887.015 5.9806e-14     0.0620
  4887.645 5.7147e-14     0.0592
  4888.275 5.7624e-14     0.0597
  4888.905 5.8317e-14     0.0604
  4889.535 5.8056e-14     0.0602
  4890.165 5.8344e-14     0.0605
  4890.795 5.8027e-14     0.0601
  4891.425 5.8544e-14     0.0607
  4892.055 5.8883e-14     0.0610
  4892.685 5.7365e-14     0.0595
  4893.314 5.8708e-14     0.0609
  4893.945 5.8707e-14     0.0609
  4894.575 5.8216e-14     0.0603
  4895.205 5.7292e-14     0.0594
  4895.834 5.8810e-14     0.0610
  4896.465 5.9207e-14     0.0614
  4897.095 5.7750e-14     0.0599
  4897.725 5.9394e-14     0.0616
  4898.354 6.0033e-14     0.0622
  4898.985 5.8432e-14     0.0606
  4899.615 5.9291e-14     0.0615
  4900.245 5.8410e-14     0.0605
  4900.875 5.8668e-14     0.0608
  4901.505 5.9455e-14     0.0616
  4902.135 5.6358e-14     0.0584
  4902.765 5.7078e-14     0.0592
  4903.395 5.7373e-14     0.0595
  4904.025 5.8576e-14     0.0607
  4904.655 5.7045e-14     0.0591
  4905.285 5.7134e-14     0.0592
  4905.915 5.7179e-14     0.0593
  4906.545 5.7284e-14     0.0594
  4907.175 5.8447e-14     0.0606
  4907.805 5.7460e-14     0.0596
  4908.435 5.7079e-14     0.0592
  4909.065 5.8675e-14     0.0608
  4909.695 5.7406e-14     0.0595
  4910.325 5.6928e-14     0.0590
  4910.955 5.8611e-14     0.0608
  4911.585 5.6861e-14     0.0589
  4912.215 5.9609e-14     0.0618
  4912.845 5.8603e-14     0.0607
  4913.475 5.9781e-14     0.0620
  4914.105 5.8175e-14     0.0603
  4914.735 5.9239e-14     0.0614
  4915.365 6.1337e-14     0.0636
  4915.995 6.0166e-14     0.0624
  4916.625 5.9563e-14     0.0617
  4917.255 6.0752e-14     0.0630
  4917.885 5.9127e-14     0.0613
  4918.515 5.9501e-14     0.0617
  4919.145 6.0918e-14     0.0631
  4919.775 5.8877e-14     0.0610
  4920.405 6.0480e-14     0.0627
  4921.035 5.8670e-14     0.0608
  4921.665 5.8050e-14     0.0602
  4922.295 5.8933e-14     0.0611
  4922.925 5.7883e-14     0.0600
  4923.555 5.7011e-14     0.0591
  4924.185 5.8673e-14     0.0608
  4924.814 5.9353e-14     0.0615
  4925.445 5.8799e-14     0.0609
  4926.075 5.6735e-14     0.0588
  4926.705 5.9263e-14     0.0614
  4927.334 5.7800e-14     0.0599
  4927.965 5.9062e-14     0.0612
  4928.595 5.7506e-14     0.0596
  4929.225 5.8069e-14     0.0602
  4929.854 5.6835e-14     0.0589
  4930.485 5.7300e-14     0.0594
  4931.115 5.8390e-14     0.0605
  4931.745 5.7879e-14     0.0600
  4932.375 5.9098e-14     0.0613
  4933.005 5.6905e-14     0.0590
  4933.635 5.8561e-14     0.0607
  4934.265 5.7839e-14     0.0599
  4934.895 5.8216e-14     0.0603
  4935.525 5.8321e-14     0.0604
  4936.155 5.7412e-14     0.0595
  4936.785 5.6758e-14     0.0588
  4937.415 5.8059e-14     0.0602
  4938.045 5.8236e-14     0.0604
  4938.675 5.8283e-14     0.0604
  4939.305 5.7883e-14     0.0600
  4939.935 5.7031e-14     0.0591
  4940.565 5.6390e-14     0.0584
  4941.195 5.6098e-14     0.0581
  4941.825 5.5889e-14     0.0579
  4942.455 5.5450e-14     0.0575
  4943.085 5.7380e-14     0.0595
  4943.715 5.7075e-14     0.0592
  4944.345 5.7317e-14     0.0594
  4944.975 5.7924e-14     0.0600
  4945.605 5.7962e-14     0.0601
  4946.235 5.7374e-14     0.0595
  4946.865 5.6699e-14     0.0588
  4947.495 5.8017e-14     0.0601
  4948.125 5.8505e-14     0.0606
  4948.755 5.7812e-14     0.0599
  4949.385 5.7648e-14     0.0598
  4950.015 5.9452e-14     0.0616
  4950.645 5.9844e-14     0.0620
  4951.275 5.7386e-14     0.0595
  4951.905 5.7633e-14     0.0597
  4952.535 5.9449e-14     0.0616
  4953.165 5.9338e-14     0.0615
  4953.795 5.9281e-14     0.0614
  4954.425 5.8308e-14     0.0604
  4955.055 5.6937e-14     0.0590
  4955.685 5.8470e-14     0.0606
  4956.314 5.8884e-14     0.0610
  4956.945 5.8203e-14     0.0603
  4957.575 5.8355e-14     0.0605
  4958.205 5.7291e-14     0.0594
  4958.834 5.9159e-14     0.0613
  4959.465 5.8336e-14     0.0605
  4960.095 5.7319e-14     0.0594
  4960.725 5.7254e-14     0.0593
  4961.354 5.7480e-14     0.0596
  4961.985 5.6981e-14     0.0591
  4962.615 5.8312e-14     0.0604
  4963.245 5.8333e-14     0.0605
  4963.875 5.7953e-14     0.0601
  4964.505 5.6980e-14     0.0591
  4965.135 5.6762e-14     0.0588
  4965.765 5.9532e-14     0.0617
  4966.395 5.9231e-14     0.0614
  4967.025 5.8094e-14     0.0602
  4967.655 5.9930e-14     0.0621
  4968.285 5.8965e-14     0.0611
  4968.915 5.8997e-14     0.0612
  4969.545 5.8038e-14     0.0602
  4970.175 5.9505e-14     0.0617
  4970.805 6.0627e-14     0.0628
  4971.435 5.9417e-14     0.0616
  4972.065 5.9829e-14     0.0620
  4972.695 6.0951e-14     0.0632
  4973.325 6.2124e-14     0.0644
  4973.955 6.1688e-14     0.0639
  4974.585 6.0662e-14     0.0629
  4975.215 5.9675e-14     0.0619
  4975.845 6.1448e-14     0.0637
  4976.475 6.0818e-14     0.0630
  4977.105 6.0446e-14     0.0627
  4977.735 6.1780e-14     0.0640
  4978.365 6.2034e-14     0.0643
  4978.995 6.1423e-14     0.0637
  4979.625 6.1017e-14     0.0632
  4980.255 6.2318e-14     0.0646
  4980.885 6.0633e-14     0.0628
  4981.515 5.9961e-14     0.0621
  4982.145 6.2666e-14     0.0650
  4982.775 6.2856e-14     0.0652
  4983.405 6.3354e-14     0.0657
  4984.035 6.1490e-14     0.0637
  4984.665 6.2004e-14     0.0643
  4985.295 6.3327e-14     0.0656
  4985.925 6.1845e-14     0.0641
  4986.555 6.3173e-14     0.0655
  4987.185 6.2497e-14     0.0648
  4987.814 6.2512e-14     0.0648
  4988.445 6.4017e-14     0.0664
  4989.075 6.2238e-14     0.0645
  4989.705 6.5179e-14     0.0676
  4990.334 6.5052e-14     0.0674
  4990.965 6.3758e-14     0.0661
  4991.595 6.3696e-14     0.0660
  4992.225 6.4971e-14     0.0673
  4992.854 6.4513e-14     0.0669
  4993.485 6.6006e-14     0.0684
  4994.115 6.5828e-14     0.0682
  4994.745 6.5704e-14     0.0681
  4995.375 6.7029e-14     0.0695
  4996.005 6.6116e-14     0.0685
  4996.635 6.6067e-14     0.0685
  4997.265 6.6247e-14     0.0687
  4997.895 6.6546e-14     0.0690
  4998.525 6.7266e-14     0.0697
  4999.155 6.5934e-14     0.0683
  4999.785 6.7137e-14     0.0696
  5000.415 6.6888e-14     0.0693
  5001.045 6.5782e-14     0.0682
  5001.675 6.6330e-14     0.0688
  5002.305 6.7019e-14     0.0695
  5002.935 6.7741e-14     0.0702
  5003.565 6.6893e-14     0.0693
  5004.195 6.6917e-14     0.0694
  5004.825 6.7355e-14     0.0698
  5005.455 6.7153e-14     0.0696
  5006.085 6.7296e-14     0.0698
  5006.715 6.6993e-14     0.0694
  5007.345 6.7510e-14     0.0700
  5007.975 6.6312e-14     0.0687
  5008.605 6.7688e-14     0.0702
  5009.235 6.8347e-14     0.0708
  5009.865 6.8210e-14     0.0707
  5010.495 6.8252e-14     0.0707
  5011.125 6.9003e-14     0.0715
  5011.755 6.9665e-14     0.0722
  5012.385 6.9889e-14     0.0724
  5013.015 6.9220e-14     0.0717
  5013.645 6.8861e-14     0.0714
  5014.275 6.9167e-14     0.0717
  5014.905 6.8859e-14     0.0714
  5015.535 6.8933e-14     0.0714
  5016.165 6.9416e-14     0.0719
  5016.795 7.1725e-14     0.0743
  5017.425 7.1750e-14     0.0744
  5018.055 7.0376e-14     0.0729
  5018.685 6.9785e-14     0.0723
  5019.314 7.1966e-14     0.0746
  5019.945 7.1324e-14     0.0739
  5020.575 7.1153e-14     0.0737
  5021.205 7.1470e-14     0.0741
  5021.834 7.0836e-14     0.0734
  5022.465 7.1116e-14     0.0737
  5023.095 7.2314e-14     0.0750
  5023.725 7.3669e-14     0.0764
  5024.354 7.2341e-14     0.0750
  5024.985 7.2164e-14     0.0748
  5025.615 7.1190e-14     0.0738
  5026.245 7.3044e-14     0.0757
  5026.875 7.2468e-14     0.0751
  5027.505 7.0939e-14     0.0735
  5028.135 7.2248e-14     0.0749
  5028.765 7.2118e-14     0.0748
  5029.395 7.1440e-14     0.0740
  5030.025 7.2844e-14     0.0755
  5030.655 7.3159e-14     0.0758
  5031.285 7.2582e-14     0.0752
  5031.915 7.2497e-14     0.0751
  5032.545 7.4419e-14     0.0771
  5033.175 7.3172e-14     0.0758
  5033.805 7.3914e-14     0.0766
  5034.435 7.3776e-14     0.0765
  5035.065 7.3065e-14     0.0757
  5035.695 7.6113e-14     0.0789
  5036.325 7.6522e-14     0.0793
  5036.955 7.7965e-14     0.0808
  5037.585 8.0287e-14     0.0832
  5038.215 8.2615e-14     0.0856
  5038.845 8.6198e-14     0.0893
  5039.475 8.9658e-14     0.0929
  5040.105 9.0533e-14     0.0938
  5040.735 9.1996e-14     0.0954
  5041.365 9.3997e-14     0.0974
  5041.995 9.3086e-14     0.0965
  5042.625 9.0469e-14     0.0938
  5043.255 8.6096e-14     0.0892
  5043.885 8.4450e-14     0.0875
  5044.515 8.2615e-14     0.0856
  5045.145 7.9545e-14     0.0824
  5045.775 7.9016e-14     0.0819
  5046.405 7.8007e-14     0.0809
  5047.035 7.6675e-14     0.0795
  5047.665 7.6359e-14     0.0791
  5048.295 7.5550e-14     0.0783
  5048.925 7.6393e-14     0.0792
  5049.555 7.4894e-14     0.0776
  5050.185 7.3020e-14     0.0757
  5050.814 7.1274e-14     0.0739
  5051.445 7.1377e-14     0.0740
  5052.075 7.1269e-14     0.0739
  5052.705 7.1829e-14     0.0745
  5053.334 7.2096e-14     0.0747
  5053.965 6.9997e-14     0.0726
  5054.595 6.9642e-14     0.0722
  5055.225 6.9697e-14     0.0722
  5055.854 7.0746e-14     0.0733
  5056.485 7.0396e-14     0.0730
  5057.115 7.1437e-14     0.0740
  5057.745 6.8853e-14     0.0714
  5058.375 6.9139e-14     0.0717
  5059.005 6.9096e-14     0.0716
  5059.635 6.9139e-14     0.0717
  5060.265 6.7660e-14     0.0701
  5060.895 7.0144e-14     0.0727
  5061.525 6.9352e-14     0.0719
  5062.155 6.8725e-14     0.0712
  5062.785 6.8949e-14     0.0715
  5063.415 6.9617e-14     0.0722
  5064.045 6.9674e-14     0.0722
  5064.675 6.8129e-14     0.0706
  5065.305 6.7500e-14     0.0700
  5065.935 6.6790e-14     0.0692
  5066.565 6.6714e-14     0.0691
  5067.195 6.6581e-14     0.0690
  5067.825 6.5394e-14     0.0678
  5068.455 6.6965e-14     0.0694
  5069.085 6.6142e-14     0.0686
  5069.715 6.5984e-14     0.0684
  5070.345 6.5512e-14     0.0679
  5070.975 6.6036e-14     0.0684
  5071.605 6.4684e-14     0.0670
  5072.235 6.5237e-14     0.0676
  5072.865 6.5222e-14     0.0676
  5073.495 6.5594e-14     0.0680
  5074.125 6.6283e-14     0.0687
  5074.755 6.6003e-14     0.0684
  5075.385 6.6552e-14     0.0690
  5076.015 6.5471e-14     0.0679
  5076.645 6.5469e-14     0.0679
  5077.275 6.5898e-14     0.0683
  5077.905 6.5001e-14     0.0674
  5078.535 6.4628e-14     0.0670
  5079.165 6.4237e-14     0.0666
  5079.795 6.4000e-14     0.0663
  5080.425 6.3863e-14     0.0662
  5081.055 6.3163e-14     0.0655
  5081.685 6.3819e-14     0.0661
  5082.314 6.2569e-14     0.0649
  5082.945 6.3137e-14     0.0654
  5083.575 6.2449e-14     0.0647
  5084.205 6.3017e-14     0.0653
  5084.834 6.3276e-14     0.0656
  5085.465 6.2820e-14     0.0651
  5086.095 6.1825e-14     0.0641
  5086.725 6.1305e-14     0.0635
  5087.354 6.1234e-14     0.0635
  5087.985 6.3204e-14     0.0655
  5088.615 6.1459e-14     0.0637
  5089.245 6.2324e-14     0.0646
  5089.875 6.2068e-14     0.0643
  5090.505 6.1440e-14     0.0637
  5091.135 6.1133e-14     0.0634
  5091.765 6.0305e-14     0.0625
  5092.395 6.1218e-14     0.0635
  5093.025 5.9391e-14     0.0616
  5093.655 6.0095e-14     0.0623
  5094.285 6.0471e-14     0.0627
  5094.915 6.0257e-14     0.0625
  5095.545 5.9351e-14     0.0615
  5096.175 5.9438e-14     0.0616
  5096.805 6.1252e-14     0.0635
  5097.435 6.0328e-14     0.0625
  5098.065 5.9402e-14     0.0616
  5098.695 5.9520e-14     0.0617
  5099.325 5.9563e-14     0.0617
  5099.955 5.8958e-14     0.0611
  5100.585 5.7825e-14     0.0599
  5101.215 5.7913e-14     0.0600
  5101.845 5.7457e-14     0.0596
  5102.475 5.8134e-14     0.0603
  5103.105 5.7915e-14     0.0600
  5103.735 5.9258e-14     0.0614
  5104.365 5.8364e-14     0.0605
  5104.995 5.8898e-14     0.0610
  5105.625 5.9448e-14     0.0616
  5106.255 5.9930e-14     0.0621
  5106.885 5.9144e-14     0.0613
  5107.515 5.9980e-14     0.0622
  5108.145 6.0290e-14     0.0625
  5108.775 6.0364e-14     0.0626
  5109.405 5.8477e-14     0.0606
  5110.035 6.1081e-14     0.0633
  5110.665 6.0501e-14     0.0627
  5111.295 6.1511e-14     0.0638
  5111.925 6.0171e-14     0.0624
  5112.555 6.0577e-14     0.0628
  5113.185 6.0804e-14     0.0630
  5113.814 5.9788e-14     0.0620
  5114.445 6.0477e-14     0.0627
  5115.075 5.9756e-14     0.0619
  5115.705 5.9890e-14     0.0621
  5116.334 5.9251e-14     0.0614
  5116.965 5.9868e-14     0.0621
  5117.595 6.0747e-14     0.0630
  5118.225 5.9543e-14     0.0617
  5118.854 5.9061e-14     0.0612
  5119.485 6.0391e-14     0.0626
  5120.115 6.0257e-14     0.0625
  5120.745 5.9368e-14     0.0615
  5121.375 6.1282e-14     0.0635
  5122.005 6.0101e-14     0.0623
  5122.635 6.0608e-14     0.0628
  5123.265 6.0409e-14     0.0626
  5123.895 6.2776e-14     0.0651
  5124.525 6.0990e-14     0.0632
  5125.155 6.1334e-14     0.0636
  5125.785 6.1069e-14     0.0633
  5126.415 6.3019e-14     0.0653
  5127.045 6.3111e-14     0.0654
  5127.675 6.1392e-14     0.0636
  5128.305 6.0942e-14     0.0632
  5128.935 6.1497e-14     0.0637
  5129.565 6.1357e-14     0.0636
  5130.195 6.3065e-14     0.0654
  5130.825 6.3924e-14     0.0663
  5131.455 6.3154e-14     0.0655
  5132.085 6.2688e-14     0.0650
  5132.715 6.3791e-14     0.0661
  5133.345 6.3800e-14     0.0661
  5133.975 6.5316e-14     0.0677
  5134.605 6.7091e-14     0.0695
  5135.235 6.5729e-14     0.0681
  5135.865 6.8390e-14     0.0709
  5136.495 7.1723e-14     0.0743
  5137.125 7.3159e-14     0.0758
  5137.755 7.9402e-14     0.0823
  5138.385 8.7423e-14     0.0906
  5139.015 9.7788e-14     0.1014
  5139.645 1.0860e-13     0.1126
  5140.275 1.1828e-13     0.1226
  5140.905 1.2748e-13     0.1321
  5141.535 1.3323e-13     0.1381
  5142.165 1.3465e-13     0.1396
  5142.795 1.3208e-13     0.1369
  5143.425 1.2688e-13     0.1315
  5144.055 1.1924e-13     0.1236
  5144.685 1.1049e-13     0.1145
  5145.314 1.0197e-13     0.1057
  5145.945 9.3069e-14     0.0965
  5146.575 8.5690e-14     0.0888
  5147.205 8.0330e-14     0.0833
  5147.834 7.4887e-14     0.0776
  5148.465 7.2725e-14     0.0754
  5149.095 7.0075e-14     0.0726
  5149.725 6.8268e-14     0.0708
  5150.354 6.7929e-14     0.0704
  5150.985 6.6091e-14     0.0685
  5151.615 6.5546e-14     0.0679
  5152.245 6.5717e-14     0.0681
  5152.875 6.2942e-14     0.0652
  5153.505 6.3521e-14     0.0658
  5154.135 6.1626e-14     0.0639
  5154.765 6.2430e-14     0.0647
  5155.395 6.2191e-14     0.0645
  5156.025 6.1609e-14     0.0639
  5156.655 6.2812e-14     0.0651
  5157.285 6.1490e-14     0.0637
  5157.915 6.1752e-14     0.0640
  5158.545 6.1928e-14     0.0642
  5159.175 6.2102e-14     0.0644
  5159.805 6.0312e-14     0.0625
  5160.435 5.9482e-14     0.0617
  5161.065 6.0603e-14     0.0628
  5161.695 5.9790e-14     0.0620
  5162.325 6.1366e-14     0.0636
  5162.955 5.7859e-14     0.0600
  5163.585 5.8645e-14     0.0608
  5164.215 5.9314e-14     0.0615
  5164.845 5.8179e-14     0.0603
  5165.475 5.8575e-14     0.0607
  5166.105 5.8003e-14     0.0601
  5166.735 5.7616e-14     0.0597
  5167.365 5.7720e-14     0.0598
  5167.995 5.7292e-14     0.0594
  5168.625 5.8181e-14     0.0603
  5169.255 5.8374e-14     0.0605
  5169.885 5.9451e-14     0.0616
  5170.515 6.0254e-14     0.0625
  5171.145 5.9923e-14     0.0621
  5171.775 6.0267e-14     0.0625
  5172.405 6.0060e-14     0.0623
  5173.035 6.0051e-14     0.0622
  5173.665 6.1780e-14     0.0640
  5174.295 6.0814e-14     0.0630
  5174.925 6.1898e-14     0.0642
  5175.555 6.1902e-14     0.0642
  5176.185 6.0494e-14     0.0627
  5176.814 6.2286e-14     0.0646
  5177.445 6.2615e-14     0.0649
  5178.075 6.0938e-14     0.0632
  5178.705 6.3276e-14     0.0656
  5179.334 6.3399e-14     0.0657
  5179.965 6.2782e-14     0.0651
  5180.595 6.4564e-14     0.0669
  5181.225 6.4679e-14     0.0670
  5181.854 6.5031e-14     0.0674
  5182.485 6.6239e-14     0.0687
  5183.115 6.6812e-14     0.0693
  5183.745 6.8752e-14     0.0713
  5184.375 7.1646e-14     0.0743
  5185.005 7.6088e-14     0.0789
  5185.635 8.0736e-14     0.0837
  5186.265 8.5932e-14     0.0891
  5186.895 9.3918e-14     0.0973
  5187.525 1.0939e-13     0.1134
  5188.155 1.2760e-13     0.1323
  5188.785 1.5135e-13     0.1569
  5189.415 1.7331e-13     0.1796
  5190.045 1.9055e-13     0.1975
  5190.675 2.0393e-13     0.2114
  5191.305 2.1120e-13     0.2189
  5191.935 2.1107e-13     0.2188
  5192.565 2.0640e-13     0.2139
  5193.195 1.9617e-13     0.2033
  5193.825 1.8102e-13     0.1876
  5194.455 1.6540e-13     0.1714
  5195.085 1.4818e-13     0.1536
  5195.715 1.3402e-13     0.1389
  5196.345 1.1881e-13     0.1231
  5196.975 1.0606e-13     0.1099
  5197.605 9.7178e-14     0.1007
  5198.235 8.9150e-14     0.0924
  5198.865 8.5164e-14     0.0883
  5199.495 8.0909e-14     0.0839
  5200.125 7.6638e-14     0.0794
  5200.755 7.5050e-14     0.0778
  5201.385 7.2610e-14     0.0753
  5202.015 7.0223e-14     0.0728
  5202.645 6.8402e-14     0.0709
  5203.275 6.6740e-14     0.0692
  5203.905 6.4534e-14     0.0669
  5204.535 6.3436e-14     0.0658
  5205.165 6.1582e-14     0.0638
  5205.795 6.0323e-14     0.0625
  5206.425 6.1285e-14     0.0635
  5207.055 6.0275e-14     0.0625
  5207.685 5.8996e-14     0.0611
  5208.314 5.8845e-14     0.0610
  5208.945 5.8753e-14     0.0609
  5209.575 5.8959e-14     0.0611
  5210.205 5.8163e-14     0.0603
  5210.834 5.8804e-14     0.0610
  5211.465 5.8374e-14     0.0605
  5212.095 5.7946e-14     0.0601
  5212.725 5.9313e-14     0.0615
  5213.354 5.9773e-14     0.0620
  5213.985 5.8753e-14     0.0609
  5214.615 5.8839e-14     0.0610
  5215.245 5.9281e-14     0.0614
  5215.875 5.9121e-14     0.0613
  5216.505 5.7864e-14     0.0600
  5217.135 5.9401e-14     0.0616
  5217.765 5.7563e-14     0.0597
  5218.395 5.9265e-14     0.0614
  5219.025 5.9141e-14     0.0613
  5219.655 5.9343e-14     0.0615
  5220.285 6.0588e-14     0.0628
  5220.915 5.7912e-14     0.0600
  5221.545 5.8988e-14     0.0611
  5222.175 5.8513e-14     0.0606
  5222.805 5.8169e-14     0.0603
  5223.435 5.6020e-14     0.0581
  5224.065 5.6785e-14     0.0589
  5224.695 5.7261e-14     0.0594
  5225.325 5.7276e-14     0.0594
  5225.955 5.7515e-14     0.0596
  5226.585 5.5795e-14     0.0578
  5227.215 5.6236e-14     0.0583
  5227.845 5.7698e-14     0.0598
  5228.475 5.5907e-14     0.0579
  5229.105 5.5808e-14     0.0578
  5229.735 6.0144e-14     0.0623
  5230.365 6.2652e-14     0.0649
  5230.995 5.8477e-14     0.0606
  5231.625 5.8686e-14     0.0608
  5232.255 5.8689e-14     0.0608
  5232.885 5.7936e-14     0.0601
  5233.515 5.8122e-14     0.0602
  5234.145 5.8372e-14     0.0605
  5234.775 5.8253e-14     0.0604
  5235.405 5.6238e-14     0.0583
  5236.035 5.7443e-14     0.0595
  5236.665 5.6516e-14     0.0586
  5237.295 5.6695e-14     0.0588
  5237.925 5.7370e-14     0.0595
  5238.555 5.6809e-14     0.0589
  5239.185 5.8783e-14     0.0609
  5239.814 5.7371e-14     0.0595
  5240.445 5.8514e-14     0.0606
  5241.075 5.9454e-14     0.0616
  5241.705 5.8299e-14     0.0604
  5242.334 5.7870e-14     0.0600
  5242.965 5.8988e-14     0.0611
  5243.595 5.7884e-14     0.0600
  5244.225 5.7262e-14     0.0594
  5244.854 5.8120e-14     0.0602
  5245.485 5.8231e-14     0.0604
  5246.115 5.7805e-14     0.0599
  5246.745 5.7939e-14     0.0601
  5247.375 5.7115e-14     0.0592
  5248.005 5.8816e-14     0.0610
  5248.635 5.8271e-14     0.0604
  5249.265 5.7696e-14     0.0598
  5249.895 5.8603e-14     0.0607
  5250.525 5.7642e-14     0.0597
  5251.155 5.6388e-14     0.0584
  5251.785 5.5910e-14     0.0580
  5252.415 5.7013e-14     0.0591
  5253.045 5.6717e-14     0.0588
  5253.675 5.9238e-14     0.0614
  5254.305 5.7553e-14     0.0597
  5254.935 5.6763e-14     0.0588
  5255.565 5.7491e-14     0.0596
  5256.195 5.6725e-14     0.0588
  5256.825 5.7671e-14     0.0598
  5257.455 5.6554e-14     0.0586
  5258.085 5.8195e-14     0.0603
  5258.715 5.6955e-14     0.0590
  5259.345 5.7590e-14     0.0597
  5259.975 5.7345e-14     0.0594
  5260.605 5.7686e-14     0.0598
  5261.235 5.6077e-14     0.0581
  5261.865 5.6404e-14     0.0585
  5262.495 5.7739e-14     0.0598
  5263.125 5.7556e-14     0.0597
  5263.755 5.6834e-14     0.0589
  5264.385 5.7101e-14     0.0592
  5265.015 5.6412e-14     0.0585
  5265.645 5.6348e-14     0.0584
  5266.275 5.6889e-14     0.0590
  5266.905 5.6120e-14     0.0582
  5267.535 5.6106e-14     0.0582
  5268.165 5.6501e-14     0.0586
  5268.795 5.5571e-14     0.0576
  5269.425 5.6255e-14     0.0583
  5270.055 5.6897e-14     0.0590
  5270.685 5.6588e-14     0.0587
  5271.314 5.5987e-14     0.0580
  5271.945 5.8266e-14     0.0604
  5272.575 5.6584e-14     0.0586
  5273.205 5.6479e-14     0.0585
  5273.834 5.7852e-14     0.0600
  5274.465 5.7579e-14     0.0597
  5275.095 5.8091e-14     0.0602
  5275.725 5.6886e-14     0.0590
  5276.354 5.7587e-14     0.0597
  5276.985 5.7489e-14     0.0596
  5277.615 5.7182e-14     0.0593
  5278.245 5.7984e-14     0.0601
  5278.875 5.8936e-14     0.0611
  5279.505 5.9054e-14     0.0612
  5280.135 5.8518e-14     0.0607
  5280.765 5.8044e-14     0.0602
  5281.395 5.7494e-14     0.0596
  5282.025 5.7785e-14     0.0599
  5282.655 5.8499e-14     0.0606
  5283.285 5.9340e-14     0.0615
  5283.915 5.6479e-14     0.0585
  5284.545 5.5694e-14     0.0577
  5285.175 5.6718e-14     0.0588
  5285.805 5.7782e-14     0.0599
  5286.435 5.8293e-14     0.0604
  5287.065 5.8292e-14     0.0604
  5287.695 5.7312e-14     0.0594
  5288.325 5.7894e-14     0.0600
  5288.955 5.7594e-14     0.0597
  5289.585 5.8185e-14     0.0603
  5290.215 5.7898e-14     0.0600
  5290.845 5.7159e-14     0.0592
  5291.475 5.9177e-14     0.0613
  5292.105 5.7113e-14     0.0592
  5292.735 5.9185e-14     0.0613
  5293.365 5.9159e-14     0.0613
  5293.995 5.8287e-14     0.0604
  5294.625 5.9179e-14     0.0613
  5295.255 5.9517e-14     0.0617
  5295.885 5.8865e-14     0.0610
  5296.515 5.7581e-14     0.0597
  5297.145 5.7433e-14     0.0595
  5297.775 5.8284e-14     0.0604
  5298.405 5.9576e-14     0.0618
  5299.035 5.8299e-14     0.0604
  5299.665 5.9086e-14     0.0612
  5300.295 5.9939e-14     0.0621
  5300.925 6.0150e-14     0.0623
  5301.555 6.0371e-14     0.0626
  5302.185 6.0032e-14     0.0622
  5302.814 6.0910e-14     0.0631
  5303.445 6.0980e-14     0.0632
  5304.075 6.0557e-14     0.0628
  5304.705 5.9904e-14     0.0621
  5305.334 6.0547e-14     0.0628
  5305.965 6.0418e-14     0.0626
  5306.595 5.9898e-14     0.0621
  5307.225 6.2078e-14     0.0643
  5307.854 5.9815e-14     0.0620
  5308.485 6.0746e-14     0.0630
  5309.115 6.1082e-14     0.0633
  5309.745 6.0922e-14     0.0631
  5310.375 6.0642e-14     0.0629
  5311.005 5.9072e-14     0.0612
  5311.635 6.0509e-14     0.0627
  5312.265 5.9044e-14     0.0612
  5312.895 5.9498e-14     0.0617
  5313.525 5.9825e-14     0.0620
  5314.155 6.1019e-14     0.0632
  5314.785 5.9046e-14     0.0612
  5315.415 5.8750e-14     0.0609
  5316.045 5.9922e-14     0.0621
  5316.675 6.1091e-14     0.0633
  5317.305 5.9712e-14     0.0619
  5317.935 6.0010e-14     0.0622
  5318.565 5.9417e-14     0.0616
  5319.195 6.0432e-14     0.0626
  5319.825 5.9308e-14     0.0615
  5320.455 6.0299e-14     0.0625
  5321.085 6.0362e-14     0.0626
  5321.715 6.0835e-14     0.0631
  5322.345 6.1511e-14     0.0638
  5322.975 6.1939e-14     0.0642
  5323.605 6.3114e-14     0.0654
  5324.235 6.0346e-14     0.0625
  5324.865 6.0830e-14     0.0630
  5325.495 6.0289e-14     0.0625
  5326.125 6.1978e-14     0.0642
  5326.755 6.2028e-14     0.0643
  5327.385 6.0645e-14     0.0629
  5328.015 6.0693e-14     0.0629
  5328.645 6.3456e-14     0.0658
  5329.275 6.1488e-14     0.0637
  5329.905 6.2552e-14     0.0648
  5330.535 6.2297e-14     0.0646
  5331.165 6.1397e-14     0.0636
  5331.795 6.2613e-14     0.0649
  5332.425 6.1624e-14     0.0639
  5333.055 6.2836e-14     0.0651
  5333.685 6.1003e-14     0.0632
  5334.314 6.3549e-14     0.0659
  5334.945 6.0860e-14     0.0631
  5335.575 6.1517e-14     0.0638
  5336.205 6.2421e-14     0.0647
  5336.834 6.3492e-14     0.0658
  5337.465 6.3670e-14     0.0660
  5338.095 6.3322e-14     0.0656
  5338.725 6.2512e-14     0.0648
  5339.354 6.1566e-14     0.0638
  5339.985 6.2190e-14     0.0645
  5340.615 6.1005e-14     0.0632
  5341.245 6.3218e-14     0.0655
  5341.875 6.2634e-14     0.0649
  5342.505 6.2341e-14     0.0646
  5343.135 6.1183e-14     0.0634
  5343.765 6.2122e-14     0.0644
  5344.395 6.3012e-14     0.0653
  5345.025 6.2674e-14     0.0650
  5345.655 6.3149e-14     0.0655
  5346.285 6.3326e-14     0.0656
  5346.915 6.3315e-14     0.0656
  5347.545 6.3130e-14     0.0654
  5348.175 6.3518e-14     0.0658
  5348.805 6.5185e-14     0.0676
  5349.435 6.4667e-14     0.0670
  5350.065 6.3692e-14     0.0660
  5350.695 6.3276e-14     0.0656
  5351.325 6.2694e-14     0.0650
  5351.955 6.3508e-14     0.0658
  5352.585 6.3206e-14     0.0655
  5353.215 6.2777e-14     0.0651
  5353.845 6.1404e-14     0.0636
  5354.475 6.1083e-14     0.0633
  5355.105 6.0519e-14     0.0627
  5355.735 5.9534e-14     0.0617
  5356.365 6.0066e-14     0.0623
  5356.995 6.0083e-14     0.0623
  5357.625 5.8151e-14     0.0603
  5358.255 5.9132e-14     0.0613
  5358.885 5.8648e-14     0.0608
  5359.515 5.7825e-14     0.0599
  5360.145 5.8512e-14     0.0606
  5360.775 5.9115e-14     0.0613
  5361.405 5.8696e-14     0.0608
  5362.035 5.7508e-14     0.0596
  5362.665 5.6893e-14     0.0590
  5363.295 5.9364e-14     0.0615
  5363.925 6.0138e-14     0.0623
  5364.555 6.1065e-14     0.0633
  5365.185 6.1453e-14     0.0637
  5365.814 6.1978e-14     0.0642
  5366.445 6.0849e-14     0.0631
  5367.075 6.1604e-14     0.0639
  5367.705 6.2026e-14     0.0643
  5368.334 6.1933e-14     0.0642
  5368.965 6.2353e-14     0.0646
  5369.595 6.2060e-14     0.0643
  5370.225 6.2914e-14     0.0652
  5370.854 6.1066e-14     0.0633
  5371.485 5.9323e-14     0.0615
  5372.115 5.9733e-14     0.0619
  5372.745 5.8283e-14     0.0604
  5373.375 5.9635e-14     0.0618
  5374.005 5.8015e-14     0.0601
  5374.635 5.8355e-14     0.0605
  5375.265 5.8532e-14     0.0607
  5375.895 5.7253e-14     0.0593
  5376.525 5.9527e-14     0.0617
  5377.155 5.9597e-14     0.0618
  5377.785 5.9523e-14     0.0617
  5378.415 6.0424e-14     0.0626
  5379.045 6.0977e-14     0.0632
  5379.675 6.0827e-14     0.0630
  5380.305 6.0239e-14     0.0624
  5380.935 6.2049e-14     0.0643
  5381.565 6.0058e-14     0.0623
  5382.195 5.9891e-14     0.0621
  5382.825 6.0753e-14     0.0630
  5383.455 6.1012e-14     0.0632
  5384.085 5.8760e-14     0.0609
  5384.715 6.1068e-14     0.0633
  5385.345 5.9655e-14     0.0618
  5385.975 5.9907e-14     0.0621
  5386.605 6.1451e-14     0.0637
  5387.235 6.2006e-14     0.0643
  5387.865 6.2254e-14     0.0645
  5388.495 6.2981e-14     0.0653
  5389.125 6.3182e-14     0.0655
  5389.755 6.4166e-14     0.0665
  5390.385 6.3110e-14     0.0654
  5391.015 6.3412e-14     0.0657
  5391.645 6.3506e-14     0.0658
  5392.275 6.3251e-14     0.0656
  5392.905 6.1562e-14     0.0638
  5393.535 6.1453e-14     0.0637
  5394.165 6.0039e-14     0.0622
  5394.795 5.9377e-14     0.0615
  5395.425 5.9711e-14     0.0619
  5396.055 5.9955e-14     0.0621
  5396.685 5.8181e-14     0.0603
  5397.314 5.7873e-14     0.0600
  5397.945 5.8953e-14     0.0611
  5398.575 5.7735e-14     0.0598
  5399.205 5.6369e-14     0.0584
  5399.834 5.8247e-14     0.0604
  5400.465 5.8804e-14     0.0610
  5401.095 5.8417e-14     0.0605
  5401.725 5.6774e-14     0.0588
  5402.354 6.0186e-14     0.0624
  5402.985 5.8261e-14     0.0604
  5403.615 5.8855e-14     0.0610
  5404.245 5.9182e-14     0.0613
  5404.875 5.8929e-14     0.0611
  5405.505 5.9778e-14     0.0620
  5406.135 6.0636e-14     0.0628
  5406.765 5.9743e-14     0.0619
  5407.395 6.0274e-14     0.0625
  5408.025 6.0301e-14     0.0625
  5408.655 5.9193e-14     0.0614
  5409.285 5.9995e-14     0.0622
  5409.915 5.9350e-14     0.0615
  5410.545 6.0727e-14     0.0629
  5411.175 6.0519e-14     0.0627
  5411.805 5.9322e-14     0.0615
  5412.435 6.0636e-14     0.0628
  5413.065 6.1269e-14     0.0635
  5413.695 6.0791e-14     0.0630
  5414.325 6.0142e-14     0.0623
  5414.955 5.9963e-14     0.0622
  5415.585 5.9788e-14     0.0620
  5416.215 6.0019e-14     0.0622
  5416.845 5.8773e-14     0.0609
  5417.475 5.8816e-14     0.0610
  5418.105 5.9758e-14     0.0619
  5418.735 5.9265e-14     0.0614
  5419.365 5.9277e-14     0.0614
  5419.995 6.0333e-14     0.0625
  5420.625 5.9466e-14     0.0616
  5421.255 5.8280e-14     0.0604
  5421.885 6.0996e-14     0.0632
  5422.515 5.8518e-14     0.0607
  5423.145 5.9457e-14     0.0616
  5423.775 5.9768e-14     0.0619
  5424.405 5.9831e-14     0.0620
  5425.035 6.0056e-14     0.0622
  5425.665 6.1684e-14     0.0639
  5426.295 6.0638e-14     0.0629
  5426.925 6.0242e-14     0.0624
  5427.555 6.1583e-14     0.0638
  5428.185 5.9786e-14     0.0620
  5428.814 6.0568e-14     0.0628
  5429.445 6.1274e-14     0.0635
  5430.075 6.1313e-14     0.0636
  5430.705 6.1438e-14     0.0637
  5431.334 6.0003e-14     0.0622
  5431.965 6.0842e-14     0.0631
  5432.595 6.2009e-14     0.0643
  5433.225 6.0777e-14     0.0630
  5433.854 6.1466e-14     0.0637
  5434.485 6.0807e-14     0.0630
  5435.115 6.2313e-14     0.0646
  5435.745 6.1862e-14     0.0641
  5436.375 6.0975e-14     0.0632
  5437.005 6.0884e-14     0.0631
  5437.635 6.1346e-14     0.0636
  5438.265 6.0287e-14     0.0625
  5438.895 5.9743e-14     0.0619
  5439.525 6.1288e-14     0.0635
  5440.155 6.0833e-14     0.0631
  5440.785 6.2377e-14     0.0647
  5441.415 6.0368e-14     0.0626
  5442.045 6.1082e-14     0.0633
  5442.675 5.9868e-14     0.0621
  5443.305 6.0480e-14     0.0627
  5443.935 6.0571e-14     0.0628
  5444.565 5.9822e-14     0.0620
  5445.195 6.0713e-14     0.0629
  5445.825 5.9746e-14     0.0619
  5446.455 6.0750e-14     0.0630
  5447.085 5.9394e-14     0.0616
  5447.715 6.1593e-14     0.0638
  5448.345 6.2161e-14     0.0644
  5448.975 6.1582e-14     0.0638
  5449.605 6.2335e-14     0.0646
  5450.235 6.2699e-14     0.0650
  5450.865 6.2938e-14     0.0652
  5451.495 6.2597e-14     0.0649
  5452.125 6.3677e-14     0.0660
  5452.755 6.4007e-14     0.0663
  5453.385 6.1263e-14     0.0635
  5454.015 6.1900e-14     0.0642
  5454.645 6.1915e-14     0.0642
  5455.275 6.0636e-14     0.0628
  5455.905 6.0677e-14     0.0629
  5456.535 6.1394e-14     0.0636
  5457.165 6.0339e-14     0.0625
  5457.795 5.9931e-14     0.0621
  5458.425 5.9662e-14     0.0618
  5459.055 6.0031e-14     0.0622
  5459.685 6.0655e-14     0.0629
  5460.314 6.1099e-14     0.0633
  5460.945 5.9547e-14     0.0617
  5461.575 6.0462e-14     0.0627
  5462.205 6.0583e-14     0.0628
  5462.834 6.0692e-14     0.0629
  5463.465 6.1315e-14     0.0636
  5464.095 6.0545e-14     0.0628
  5464.725 6.0762e-14     0.0630
  5465.354 6.2460e-14     0.0647
  5465.985 6.4227e-14     0.0666
  5466.615 6.1496e-14     0.0637
  5467.245 6.3695e-14     0.0660
  5467.875 6.3319e-14     0.0656
  5468.505 6.2945e-14     0.0652
  5469.135 6.3873e-14     0.0662
  5469.765 6.4582e-14     0.0669
  5470.395 6.4627e-14     0.0670
  5471.025 6.4845e-14     0.0672
  5471.655 6.5785e-14     0.0682
  5472.285 6.3827e-14     0.0662
  5472.915 6.5723e-14     0.0681
  5473.545 6.3685e-14     0.0660
  5474.175 6.2940e-14     0.0652
  5474.805 6.3377e-14     0.0657
  5475.435 6.2817e-14     0.0651
  5476.065 6.5844e-14     0.0682
  5476.695 6.4634e-14     0.0670
  5477.325 6.4636e-14     0.0670
  5477.955 6.6205e-14     0.0686
  5478.585 6.4563e-14     0.0669
  5479.215 6.5069e-14     0.0674
  5479.845 6.5433e-14     0.0678
  5480.475 6.4305e-14     0.0667
  5481.105 6.5171e-14     0.0675
  5481.735 6.5970e-14     0.0684
  5482.365 6.6089e-14     0.0685
  5482.995 6.7446e-14     0.0699
  5483.625 6.6261e-14     0.0687
  5484.255 6.5625e-14     0.0680
  5484.885 6.5127e-14     0.0675
  5485.515 6.7269e-14     0.0697
  5486.145 6.4824e-14     0.0672
  5486.775 6.5162e-14     0.0675
  5487.405 6.6927e-14     0.0694
  5488.035 6.6266e-14     0.0687
  5488.665 6.3922e-14     0.0663
  5489.295 6.4559e-14     0.0669
  5489.925 6.4015e-14     0.0664
  5490.555 6.4706e-14     0.0671
  5491.185 6.4086e-14     0.0664
  5491.814 6.4340e-14     0.0667
  5492.445 6.4314e-14     0.0667
  5493.075 6.3462e-14     0.0658
  5493.705 6.4425e-14     0.0668
  5494.334 6.3314e-14     0.0656
  5494.965 6.3587e-14     0.0659
  5495.595 6.4940e-14     0.0673
  5496.225 6.4978e-14     0.0673
  5496.854 6.6850e-14     0.0693
  5497.485 6.4655e-14     0.0670
  5498.115 6.5159e-14     0.0675
  5498.745 6.6390e-14     0.0688
  5499.375 6.7151e-14     0.0696
  5500.005 6.7359e-14     0.0698
  5500.635 6.6926e-14     0.0694
  5501.265 6.7123e-14     0.0696
  5501.895 6.5692e-14     0.0681
  5502.525 6.7794e-14     0.0703
  5503.155 6.6681e-14     0.0691
  5503.785 6.7343e-14     0.0698
  5504.415 6.7951e-14     0.0704
  5505.045 6.6175e-14     0.0686
  5505.675 6.6594e-14     0.0690
  5506.305 6.6032e-14     0.0684
  5506.935 6.6325e-14     0.0687
  5507.565 6.6700e-14     0.0691
  5508.195 6.7031e-14     0.0695
  5508.825 6.3860e-14     0.0662
  5509.455 6.4924e-14     0.0673
  5510.085 6.7298e-14     0.0698
  5510.715 6.6174e-14     0.0686
  5511.345 6.8682e-14     0.0712
  5511.975 6.6745e-14     0.0692
  5512.605 6.5987e-14     0.0684
  5513.235 6.5429e-14     0.0678
  5513.865 6.6854e-14     0.0693
  5514.495 6.4922e-14     0.0673
  5515.125 6.5139e-14     0.0675
  5515.755 6.5158e-14     0.0675
  5516.385 6.5299e-14     0.0677
  5517.015 6.5601e-14     0.0680
  5517.645 6.4948e-14     0.0673
  5518.275 6.4430e-14     0.0668
  5518.905 6.4789e-14     0.0672
  5519.535 6.4339e-14     0.0667
  5520.165 6.4989e-14     0.0674
  5520.795 6.4157e-14     0.0665
  5521.425 6.3891e-14     0.0662
  5522.055 6.4987e-14     0.0674
  5522.685 6.1634e-14     0.0639
  5523.314 6.1826e-14     0.0641
  5523.945 6.2861e-14     0.0652
  5524.575 6.4087e-14     0.0664
  5525.205 6.4662e-14     0.0670
  5525.834 6.5054e-14     0.0674
  5526.465 6.3792e-14     0.0661
  5527.095 6.4745e-14     0.0671
  5527.725 6.4555e-14     0.0669
  5528.354 6.5425e-14     0.0678
  5528.985 6.6590e-14     0.0690
  5529.615 6.8205e-14     0.0707
  5530.245 6.6950e-14     0.0694
  5530.875 6.5946e-14     0.0684
  5531.505 6.6752e-14     0.0692
  5532.135 6.6499e-14     0.0689
  5532.765 6.6268e-14     0.0687
  5533.395 6.5305e-14     0.0677
  5534.025 6.7114e-14     0.0696
  5534.655 6.5548e-14     0.0679
  5535.285 6.6104e-14     0.0685
  5535.915 6.6732e-14     0.0692
  5536.545 6.5845e-14     0.0682
  5537.175 6.5365e-14     0.0678
  5537.805 6.5904e-14     0.0683
  5538.435 6.6641e-14     0.0691
  5539.065 6.7284e-14     0.0697
  5539.695 6.6878e-14     0.0693
  5540.325 6.7314e-14     0.0698
  5540.955 6.6880e-14     0.0693
  5541.585 6.6260e-14     0.0687
  5542.215 6.6903e-14     0.0693
  5542.845 6.6753e-14     0.0692
  5543.475 6.6328e-14     0.0687
  5544.105 6.7436e-14     0.0699
  5544.735 6.7591e-14     0.0701
  5545.365 6.7066e-14     0.0695
  5545.995 6.7798e-14     0.0703
  5546.625 6.8854e-14     0.0714
  5547.255 6.6695e-14     0.0691
  5547.885 6.7185e-14     0.0696
  5548.515 6.7924e-14     0.0704
  5549.145 6.6467e-14     0.0689
  5549.775 7.0259e-14     0.0728
  5550.405 6.9673e-14     0.0722
  5551.035 6.8458e-14     0.0710
  5551.665 6.8433e-14     0.0709
  5552.295 6.8112e-14     0.0706
  5552.925 6.8134e-14     0.0706
  5553.555 6.8472e-14     0.0710
  5554.185 6.7273e-14     0.0697
  5554.814 7.0001e-14     0.0726
  5555.445 6.7811e-14     0.0703
  5556.075 6.8559e-14     0.0711
  5556.705 6.9320e-14     0.0719
  5557.334 6.9483e-14     0.0720
  5557.965 6.9722e-14     0.0723
  5558.595 6.9042e-14     0.0716
  5559.225 6.7457e-14     0.0699
  5559.854 6.8158e-14     0.0706
  5560.485 6.9810e-14     0.0724
  5561.115 6.8942e-14     0.0715
  5561.745 6.7248e-14     0.0697
  5562.375 6.8795e-14     0.0713
  5563.005 6.7380e-14     0.0698
  5563.635 6.8591e-14     0.0711
  5564.265 6.9503e-14     0.0720
  5564.895 6.7890e-14     0.0704
  5565.525 6.8700e-14     0.0712
  5566.155 7.0418e-14     0.0730
  5566.785 6.8930e-14     0.0714
  5567.415 6.9234e-14     0.0718
  5568.045 6.8089e-14     0.0706
  5568.675 6.9930e-14     0.0725
  5569.305 7.1731e-14     0.0743
  5569.935 7.0854e-14     0.0734
  5570.565 7.0256e-14     0.0728
  5571.195 7.1185e-14     0.0738
  5571.825 7.1543e-14     0.0742
  5572.455 7.2735e-14     0.0754
  5573.085 7.3102e-14     0.0758
  5573.715 7.3932e-14     0.0766
  5574.345 7.8760e-14     0.0816
  5574.975 9.4343e-14     0.0978
  5575.605 1.1368e-13     0.1178
  5576.235 1.2465e-13     0.1292
  5576.865 1.2808e-13     0.1328
  5577.495 1.2759e-13     0.1323
  5578.125 1.2539e-13     0.1300
  5578.755 1.1951e-13     0.1239
  5579.385 1.0054e-13     0.1042
  5580.015 8.1210e-14     0.0842
  5580.645 7.6338e-14     0.0791
  5581.275 7.4908e-14     0.0776
  5581.905 7.6806e-14     0.0796
  5582.535 7.4038e-14     0.0767
  5583.165 7.5023e-14     0.0778
  5583.795 7.5413e-14     0.0782
