  4000.89990234     0.00000000
  4001.82006836     0.00000000
  4002.74316406     0.00000000
  4003.66381836     0.00000000
  4004.58715820     0.00000000
  4005.50830078     0.00000000
  4006.43188477     0.00000000
  4007.35351563     0.00000000
  4008.27563477     0.00000000
  4009.19995117     0.00000000
  4010.12231445     0.00000000
  4011.04687500     0.00000000
  4011.96972656     0.00000000
  4012.89453125     0.00000000
  4013.81787109     0.00000000
  4014.74121094     0.00000000
  4015.66699219     0.00000000
  4016.59106445     0.00000000
  4017.51708984     0.00000000
  4018.44140625     0.00000000
  4019.36791992     0.00000000
  4020.29272461     0.00000000
  4021.21752930     0.00000000
  4022.14477539     0.00000000
  4023.07006836     0.00000000
  4023.99780273     0.00000000
  4024.92333984     0.00000000
  4025.85180664     0.00000000
  4026.77783203     0.00000000
  4027.70410156     0.00000000
  4028.63305664     0.00000000
  4029.55981445     0.00000000
  4030.48901367     0.00000000
  4031.41601563     0.00000000
  4032.34570313     0.00000000
  4033.27343750     0.00000000
  4034.20117188     0.00000000
  4035.13134766     0.00000000
  4036.05981445     0.00000000
  4036.99047852     0.00000000
  4037.91918945     0.00000000
  4038.85034180     0.00000000
  4039.77929688     0.00000000
  4040.70874023     0.00000000
  4041.64038086     0.00000000
  4042.57031250     0.00000000
  4043.50244141     0.00000000
  4044.43261719     0.00000000
  4045.36547852     0.00000000
  4046.29614258     0.00000000
  4047.22680664     0.00000000
  4048.16040039     0.00000000
  4049.09155273     0.00000000
  4050.02514648     0.00000000
  4050.95703125     0.00000000
  4051.89086914     0.00000000
  4052.82299805     0.00000000
  4053.75561523     0.00000000
  4054.69018555     0.00000000
  4055.62304688     0.00000000
  4056.55810547     0.00000000
  4057.49169922     0.00000000
  4058.42724609     0.00000000
  4059.36083984     0.00000000
  4060.29467773     0.00000000
  4061.23071289     0.00000000
  4062.16503906     0.00000000
  4063.10205078     0.00000000
  4064.03662109     0.00000000
  4064.97387695     0.00000000
  4065.90893555     0.00000000
  4066.84423828     0.00000000
  4067.78198242     0.00000000
  4068.71801758     0.00000000
  4069.65600586     0.00000000
  4070.59228516     0.00000000
  4071.53100586     0.00000000
  4072.46752930     0.00000000
  4073.40454102     0.00000000
  4074.34375000     0.00000000
  4075.28100586     0.00000000
  4076.22094727     0.00000000
  4077.15869141     0.00000000
  4078.09863281     0.00000000
  4079.03686523     0.00000000
  4079.97753906     0.00000000
  4080.91625977     0.00000000
  4081.85498047     0.00000000
  4082.79614258     0.00000000
  4083.73559570     0.00000000
  4084.67724609     0.00000000
  4085.61694336     0.00000000
  4086.55908203     0.00000000
  4087.49902344     0.00000000
  4088.43945313     0.00000000
  4089.38208008     0.00000000
  4090.32275391     0.00000000
  4091.26635742     0.00000000
  4092.20727539     0.00000000
  4093.15087891     0.00000000
  4094.09252930     0.00000000
  4095.03442383     0.00000000
  4095.97875977     0.00000000
  4096.92089844     0.00000000
  4097.86572266     0.00000000
  4098.80859375     0.00000000
  4099.75341797     0.00000000
  4100.69677734     0.00000000
  4101.64013672     0.00000000
  4102.58593750     0.00000000
  4103.52978516     0.00000000
  4104.47607422     0.00000000
  4105.42041016     0.00000000
  4106.36718750     0.00000000
  4107.31152344     0.00000000
  4108.25634766     0.00000000
  4109.20410156     0.00000000
  4110.14941406     0.00000000
  4111.09716797     0.00000000
  4112.04296875     0.00000000
  4112.99121094     0.00000000
  4113.93701172     0.00000000
  4114.88378906     0.00000000
  4115.83251953     0.00000000
  4116.77929688     0.00000000
  4117.72851563     0.00000000
  4118.67578125     0.00000000
  4119.62548828     0.00000000
  4120.57324219     0.00000000
  4121.52148438     0.00000000
  4122.47167969     0.00000000
  4123.42041016     0.00000000
  4124.37109375     0.00000000
  4125.31982422     0.00000000
  4126.27099609     0.00000000
  4127.22021484     0.00000000
  4128.16943359     0.00000000
  4129.12158203     0.00000000
  4130.07177734     0.00000000
  4131.02392578     0.00000000
  4131.97460938     0.00000000
  4132.92724609     0.00000000
  4133.87792969     0.00000000
  4134.82910156     0.00000000
  4135.78222656     0.00000000
  4136.73388672     0.00000000
  4137.68798828     0.00000000
  4138.63964844     0.00000000
  4139.59375000     0.00000000
  4140.54638672     0.00000000
  4141.49902344     0.00000000
  4142.45410156     0.00000000
  4143.40673828     0.00000000
  4144.36230469     0.00000000
  4145.31591797     0.00000000
  4146.27148438     0.00000000
  4147.22558594     0.00000000
  4148.17968750     0.00000000
  4149.13574219     0.00000000
  4150.09033203     0.00000000
  4151.04736328     0.00000000
  4152.00244141     0.00000000
  4152.95996094     0.00000000
  4153.91552734     0.00000000
  4154.87304688     0.00000000
  4155.82910156     0.00000000
  4156.78515625     0.00000000
  4157.74365234     0.00000000
  4158.70019531     0.00000000
  4159.65869141     0.00000000
  4160.61572266     0.00000000
  4161.57568359     0.00000000
  4162.53271484     0.00000000
  4163.49023438     0.00000000
  4164.45068359     0.00000000
  4165.40869141     0.00000000
  4166.36914063     0.00000000
  4167.32763672     0.00000000
  4168.28857422     0.00000000
  4169.24707031     0.00000000
  4170.20654297     0.00000000
  4171.16845703     0.00000000
  4172.12792969     0.00000000
  4173.08984375     0.00000000
  4174.04980469     0.00000000
  4175.01220703     0.00000000
  4175.97265625     0.00000000
  4176.93359375     0.00000000
  4177.89648438     0.00000000
  4178.85791016     0.00000000
  4179.82128906     0.00000000
  4180.78320313     0.00000000
  4181.74707031     0.00000000
  4182.70898438     0.00000000
  4183.67138672     0.00000000
  4184.63574219     0.00000000
  4185.59863281     0.00000000
  4186.56396484     0.00000000
  4187.52734375     0.00000000
  4188.49267578     0.00000000
  4189.45605469     0.00000000
  4190.41992188     0.00000000
  4191.38623047     0.00000000
  4192.35058594     0.00000000
  4193.31738281     0.00000000
  4194.28173828     0.00000000
  4195.24902344     0.00000000
  4196.21435547     0.00000000
  4197.17919922     0.00000000
  4198.14746094     0.00000000
  4199.11328125     0.00000000
  4200.08154297     0.00000000
  4201.04785156     0.00000000
  4202.01660156     0.00000000
  4202.98339844     0.00000000
  4203.95019531     0.00000000
  4204.91943359     0.00000000
  4205.88671875     0.00000000
  4206.85644531     0.00000000
  4207.82421875     0.00000000
  4208.79492188     0.00000000
  4209.76269531     0.00000000
  4210.73144531     0.00000000
  4211.70263672     0.00000000
  4212.67138672     0.00000000
  4213.64257813     0.00000000
  4214.61230469     0.00000000
  4215.58398438     0.00000000
  4216.55371094     0.00000000
  4217.52392578     0.00000000
  4218.49609375     0.00000000
  4219.46679688     0.00000000
  4220.43994141     0.00000000
  4221.41064453     0.00000000
  4222.38427734     0.00000000
  4223.35546875     0.00000000
  4224.32714844     0.00000000
  4225.30126953     0.00000000
  4226.27343750     0.00000000
  4227.24755859     0.00000000
  4228.22021484     0.00000000
  4229.19531250     0.00000000
  4230.16796875     0.00000000
  4231.14355469     0.00000000
  4232.11718750     0.00000000
  4233.09033203     0.00000000
  4234.06689453     0.00000000
  4235.04101563     0.00000000
  4236.01708984     0.00000000
  4236.99218750     0.00000000
  4237.96875000     0.00000000
  4238.94384766     0.00000000
  4239.91894531     0.00000000
  4240.89697266     0.00000000
  4241.87255859     0.00000000
  4242.85058594     0.00000000
  4243.82666016     0.00000000
  4244.80517578     0.00000000
  4245.78173828     0.00000000
  4246.75878906     0.00000000
  4247.73779297     0.00000000
  4248.71484375     0.00000000
  4249.69482422     0.00000000
  4250.67236328     0.00000000
  4251.65283203     0.00000000
  4252.63085938     0.00000000
  4253.60888672     0.00000000
  4254.58984375     0.00000000
  4255.56835938     0.00000000
  4256.54980469     0.00000000
  4257.52929688     0.00000000
  4258.51074219     0.00000000
  4259.49023438     0.00000000
  4260.47070313     0.00000000
  4261.45312500     0.00000000
  4262.43310547     0.00000000
  4263.41601563     0.00000000
  4264.39697266     0.00000000
  4265.38037109     0.00000000
  4266.36132813     0.00000000
  4267.34326172     0.00000000
  4268.32714844     0.00000000
  4269.30908203     0.00000000
  4270.29345703     0.00000000
  4271.27587891     0.00000000
  4272.26074219     0.00000000
  4273.24365234     0.00000000
  4274.22656250     0.00000000
  4275.21240234     0.00000000
  4276.19580078     0.00000000
  4277.18164063     0.00000000
  4278.16601563     0.00000000
  4279.15234375     0.00000000
  4280.13671875     0.00000000
  4281.12158203     0.00000000
  4282.10888672     0.00000000
  4283.09375000     0.00000000
  4284.08105469     0.00000000
  4285.06689453     0.00000000
  4286.05517578     0.00000000
  4287.04101563     0.00000000
  4288.02734375     0.00000000
  4289.01611328     0.00000000
  4290.00292969     0.00000000
  4290.99218750     0.00000000
  4291.97949219     0.00000000
  4292.96923828     0.00000000
  4293.95654297     0.00000000
  4294.94433594     0.00000000
  4295.93505859     0.00000000
  4296.92285156     0.00000000
  4297.91357422     0.00000000
  4298.90283203     0.00000000
  4299.89404297     0.00000000
  4300.88330078     0.00000000
  4301.87255859     0.00000000
  4302.86474609     0.00000000
  4303.85449219     0.00000000
  4304.84667969     0.00000000
  4305.83740234     0.00000000
  4306.83007813     0.00000000
  4307.82080078     0.00000000
  4308.81396484     0.00000000
  4309.80566406     0.00000000
  4310.79687500     0.00000000
  4311.79101563     0.00000000
  4312.78320313     0.00000000
  4313.77734375     0.00000000
  4314.77001953     0.00000000
  4315.76513672     0.00000000
  4316.75732422     0.00000000
  4317.75097656     0.00000000
  4318.74658203     0.00000000
  4319.73974609     0.00000000
  4320.73632813     0.00000000
  4321.72998047     0.00000000
  4322.72656250     0.00000000
  4323.72070313     0.00000000
  4324.71582031     0.00000000
  4325.71289063     0.00000000
  4326.70800781     0.00000000
  4327.70556641     0.00000000
  4328.70166016     0.00000000
  4329.69970703     0.00000000
  4330.69580078     0.00000000
  4331.69189453     0.00000000
  4332.69091797     0.00000000
  4333.68750000     0.00000000
  4334.68701172     0.00000000
  4335.68408203     0.00000000
  4336.68408203     0.00000000
  4337.68164063     0.00000000
  4338.67919922     0.00000000
  4339.67968750     0.00000000
  4340.67822266     0.00000000
  4341.67919922     0.00000000
  4342.67822266     0.00000000
  4343.67919922     0.00000000
  4344.67871094     0.00000000
  4345.67822266     0.00000000
  4346.68017578     0.00000000
  4347.68017578     0.00000000
  4348.68261719     0.00000000
  4349.68310547     0.00000000
  4350.68603516     0.00000000
  4351.68701172     0.00000000
  4352.68798828     0.00000000
  4353.69189453     0.00000000
  4354.69335938     0.00000000
  4355.69726563     0.00000000
  4356.69970703     0.00000000
  4357.70410156     0.00000000
  4358.70703125     0.00000000
  4359.70947266     0.00000000
  4360.71484375     0.00000000
  4361.71777344     0.00000000
  4362.72363281     0.00000000
  4363.72753906     0.00000000
  4364.73339844     0.00000000
  4365.73779297     0.00000000
  4366.74218750     0.00000000
  4367.74902344     0.00000000
  4368.75390625     0.00000000
  4369.76123047     0.00000000
  4370.76660156     0.00000000
  4371.77441406     0.00000000
  4372.78027344     0.00000000
  4373.78613281     0.00000000
  4374.79492188     0.00000000
  4375.80126953     0.00000000
  4376.81005859     0.00000000
  4377.81689453     0.00000000
  4378.82666016     0.00000000
  4379.83398438     0.00000000
  4380.84130859     0.00000000
  4381.85156250     0.00000000
  4382.85986328     0.00000000
  4383.87011719     0.00000000
  4384.87890625     0.00000000
  4385.89013672     0.00000000
  4386.89892578     0.00000000
  4387.91064453     0.00000000
  4388.91992188     0.00000000
  4389.92968750     0.00000000
  4390.94189453     0.00000000
  4391.95214844     0.00000000
  4392.96484375     0.00000000
  4393.97558594     0.00000000
  4394.98876953     0.00000000
  4396.00000000     0.00000000
  4397.01123047     0.00000000
  4398.02490234     0.00000000
  4399.03710938     0.00000000
  4400.05126953     0.00000000
  4401.06347656     0.00000000
  4402.07812500     0.00000000
  4403.09130859     0.00000000
  4404.10400391     0.00000000
  4405.11962891     0.00000000
  4406.13281250     0.00000000
  4407.14892578     0.00000000
  4408.16259766     0.00000000
  4409.17919922     0.00000000
  4410.19384766     0.00000000
  4411.20849609     0.00000000
  4412.22558594     0.00000000
  4413.24072266     0.00000000
  4414.25830078     0.00000000
  4415.27343750     0.00000000
  4416.29150391     0.00000000
  4417.30761719     0.00000000
  4418.32373047     0.00000001
  4419.34277344     0.00000001
  4420.35937500     0.00000002
  4421.37890625     0.00000004
  4422.39599609     0.00000008
  4423.41552734     0.00000014
  4424.43310547     0.00000024
  4425.45117188     0.00000040
  4426.47167969     0.00000069
  4427.49023438     0.00000116
  4428.51123047     0.00000193
  4429.52978516     0.00000317
  4430.55126953     0.00000516
  4431.57031250     0.00000828
  4432.58984375     0.00001316
  4433.61181641     0.00002068
  4434.63183594     0.00003211
  4435.65478516     0.00004934
  4436.67480469     0.00007485
  4437.69824219     0.00011241
  4438.71923828     0.00016673
  4439.73974609     0.00024443
  4440.76367188     0.00035468
  4441.78515625     0.00050836
  4442.80957031     0.00072105
  4443.83154297     0.00101028
  4444.85644531     0.00140085
  4445.87890625     0.00191904
  4446.90185547     0.00259989
  4447.92724609     0.00348552
  4448.95068359     0.00461863
  4449.97607422     0.00605631
  4451.00000000     0.00785261
  4452.02685547     0.01008032
  4453.05078125     0.01279543
  4454.07519531     0.01607741
  4455.10205078     0.02000992
  4456.12744141     0.02465547
  4457.15478516     0.03010794
  4458.18017578     0.03642552
  4459.20800781     0.04371737
  4460.23388672     0.05203875
  4461.26025391     0.06150089
  4462.28906250     0.07223346
  4463.31494141     0.08430442
  4464.34472656     0.09794673
  4465.37158203     0.11325346
  4466.40136719     0.13053091
  4467.42871094     0.14994879
  4468.45898438     0.17190966
  4469.48681641     0.19663520
  4470.51513672     0.22454770
  4471.54589844     0.25608453
  4472.57470703     0.29147184
  4473.60595703     0.33118272
  4474.63525391     0.37529805
  4475.66699219     0.42415246
  4476.69677734     0.47754717
  4477.72656250     0.53541309
  4478.75878906     0.59756273
  4479.78955078     0.66323715
  4480.82226563     0.73194408
  4481.85351563     0.80259115
  4482.88671875     0.87443084
  4483.91796875     0.94615722
  4484.94970703     1.01692450
  4485.98388672     1.08594298
  4487.01562500     1.15215528
  4488.05078125     1.21546447
  4489.08300781     1.27534831
  4490.11816406     1.33240283
  4491.15087891     1.38700104
  4492.18408203     1.44039035
  4493.22021484     1.49417055
  4494.25390625     1.54986966
  4495.29003906     1.60980916
  4496.32421875     1.67593098
  4497.36132813     1.75077903
  4498.39550781     1.83603668
  4499.43066406     1.93386710
  4500.46826172     2.04599214
  4501.50341797     2.17293930
  4502.54150391     2.31588078
  4503.57714844     2.47397208
  4504.61572266     2.64725709
  4505.65234375     2.83347178
  4506.68847656     3.03068280
  4507.72802734     3.23686290
  4508.76464844     3.44734311
  4509.80468750     3.65945387
  4510.84228516     3.86761498
  4511.88232422     4.06809330
  4512.92041016     4.25516987
  4513.95849609     4.42437315
  4514.99902344     4.57134962
  4516.03808594     4.69121218
  4517.07910156     4.78061867
  4518.11865234     4.83632755
  4519.16015625     4.85654736
  4520.20019531     4.84036732
  4521.23974609     4.78830051
  4522.28222656     4.70179272
  4523.32275391     4.58425522
  4524.36572266     4.43949509
  4525.40673828     4.27354383
  4526.45019531     4.09209156
  4527.49121094     3.90306711
  4528.53320313     3.71335626
  4529.57763672     3.53030777
  4530.61962891     3.36214232
  4531.66406250     3.21490145
  4532.70654297     3.09516859
  4533.75195313     3.00726271
  4534.79492188     2.95513272
  4535.83789063     2.94049001
  4536.88427734     2.96382093
  4537.92773438     3.02371979
  4538.97412109     3.11762142
  4540.01806641     3.24069166
  4541.06542969     3.38795209
  4542.10986328     3.55176640
  4543.15722656     3.72548723
  4544.20263672     3.90031505
  4545.24755859     4.06839943
  4546.29589844     4.22247219
  4547.34179688     4.35441208
  4548.39062500     4.45855665
  4549.43652344     4.52925110
  4550.48583984     4.56327486
  4551.53271484     4.55839014
  4552.58007813     4.51441383
  4553.62939453     4.43259239
  4554.67724609     4.31626606
  4555.72753906     4.16957808
  4556.77539063     3.99912691
  4557.82617188     3.81100893
  4558.87500000     3.61378717
  4559.92333984     3.41533947
  4560.97509766     3.22316170
  4562.02441406     3.04631257
  4563.07666016     2.89134288
  4564.12597656     2.76567864
  4565.17871094     2.67405796
  4566.22900391     2.62117314
  4567.27880859     2.60939670
  4568.33251953     2.63990045
  4569.38330078     2.71187377
  4570.43701172     2.82334042
  4571.48876953     2.96981382
  4572.54248047     3.14626670
  4573.59423828     3.34513402
  4574.64648438     3.55880857
  4575.70166016     3.77898526
  4576.75439453     3.99522805
  4577.80957031     4.19911432
  4578.86279297     4.38070965
  4579.91845703     4.53238249
  4580.97216797     4.64623451
  4582.02587891     4.71677732
  4583.08251953     4.73990488
  4584.13671875     4.71322823
  4585.19433594     4.63624144
  4586.24902344     4.51101208
  4587.30664063     4.34028769
  4588.36181641     4.12990665
  4589.41748047     3.88566518
  4590.47558594     3.61418056
  4591.53173828     3.32429528
  4592.59082031     3.02255917
  4593.64697266     2.71832228
  4594.70605469     2.41707683
  4595.76318359     2.12660384
  4596.82080078     1.85164177
  4597.88037109     1.59624207
  4598.93847656     1.36451852
  4599.99853516     1.15795827
  4601.05664063     0.97855812
  4602.11816406     0.82585138
  4603.17675781     0.70045406
  4604.23583984     0.60100985
  4605.29736328     0.52618998
  4606.35693359     0.47481611
  4607.41943359     0.44503015
  4608.47900391     0.43529257
  4609.54150391     0.44383675
  4610.60205078     0.46896270
  4611.66259766     0.50900859
  4612.72607422     0.56248099
  4613.78759766     0.62745810
  4614.85107422     0.70241052
  4615.91308594     0.78523111
  4616.97753906     0.87421829
  4618.03955078     0.96679866
  4619.10156250     1.06085861
  4620.16699219     1.15425396
  4621.22998047     1.24393618
  4622.29541016     1.32775605
  4623.35888672     1.40287149
  4624.42529297     1.46726942
  4625.48876953     1.51851320
  4626.55566406     1.55516088
  4627.61962891     1.57568836
  4628.68457031     1.57942426
  4629.75146484     1.56606269
  4630.81689453     1.53596258
  4631.88476563     1.48987830
  4632.95019531     1.42941797
  4634.01855469     1.35611343
  4635.08447266     1.27251613
  4636.15087891     1.18085730
  4637.22021484     1.08345759
  4638.28710938     0.98337537
  4639.35644531     0.88263303
  4640.42382813     0.78392357
  4641.49365234     0.68885654
  4642.56152344     0.59950954
  4643.62939453     0.51703030
  4644.70019531     0.44218549
  4645.76904297     0.37593397
  4646.84033203     0.31828684
  4647.90917969     0.26949137
  4648.98095703     0.22904447
  4650.05029297     0.19669221
  4651.12011719     0.17171021
  4652.19287109     0.15335198
  4653.26318359     0.14092141
  4654.33593750     0.13353042
  4655.40673828     0.13037348
  4656.47998047     0.13061002
  4657.55175781     0.13344218
  4658.62304688     0.13810550
  4659.69726563     0.14390941
  4660.76904297     0.15017559
  4661.84375000     0.15635158
  4662.91601563     0.16189928
  4663.99169922     0.16642106
  4665.06445313     0.16955099
  4666.13769531     0.17105620
  4667.21337891     0.17077678
  4668.28759766     0.16864622
  4669.36376953     0.16467768
  4670.43798828     0.15898520
  4671.51513672     0.15170874
  4672.58984375     0.14310594
  4673.66455078     0.13342382
  4674.74218750     0.12291868
  4675.81787109     0.11193223
  4676.89599609     0.10070904
  4677.97167969     0.08956973
  4679.05078125     0.07869479
  4680.12744141     0.06834694
  4681.20410156     0.05866212
  4682.28320313     0.04973858
  4683.36035156     0.04168823
  4684.44042969     0.03451145
  4685.51806641     0.02824535
  4686.59863281     0.02283112
  4687.67675781     0.01824567
  4688.75488281     0.01440926
  4689.83642578     0.01123630
  4690.91503906     0.00866432
  4691.99707031     0.00659643
  4693.07617188     0.00496633
  4694.15869141     0.00369138
  4695.23828125     0.00271342
  4696.31835938     0.00197069
  4697.40136719     0.00141303
  4698.48193359     0.00100191
  4699.56591797     0.00070119
  4700.64697266     0.00048537
  4701.73095703     0.00033165
  4702.81201172     0.00022416
  4703.89404297     0.00014965
  4704.97900391     0.00009861
  4706.06103516     0.00006428
  4707.14648438     0.00004134
  4708.22900391     0.00002631
  4709.31494141     0.00001651
  4710.39843750     0.00001026
  4711.48437500     0.00000629
  4712.56835938     0.00000381
  4713.65283203     0.00000228
  4714.73974609     0.00000135
  4715.82421875     0.00000079
  4716.91162109     0.00000045
  4717.99658203     0.00000026
  4719.08496094     0.00000015
  4720.17041016     0.00000008
  4721.25634766     0.00000004
  4722.34472656     0.00000002
  4723.43115234     0.00000001
  4724.52050781     0.00000001
  4725.60742188     0.00000000
  4726.69726563     0.00000000
  4727.78466797     0.00000000
  4728.87207031     0.00000000
  4729.96240234     0.00000000
  4731.05078125     0.00000000
  4732.14160156     0.00000000
  4733.22998047     0.00000000
  4734.32177734     0.00000000
  4735.41113281     0.00000000
  4736.50048828     0.00000000
  4737.59228516     0.00000000
  4738.68212891     0.00000000
  4739.77490234     0.00000000
  4740.86523438     0.00000000
  4741.95898438     0.00000000
  4743.04931641     0.00000000
  4744.14062500     0.00000000
  4745.23437500     0.00000000
  4746.32617188     0.00000000
  4747.42089844     0.00000000
  4748.51318359     0.00000000
  4749.60791016     0.00000000
  4750.70019531     0.00000000
  4751.79345703     0.00000000
  4752.88916016     0.00000000
  4753.98242188     0.00000000
  4755.07861328     0.00000000
  4756.17285156     0.00000000
  4757.26953125     0.00000000
  4758.36425781     0.00000000
  4759.45849609     0.00000000
  4760.55615234     0.00000000
  4761.65136719     0.00000000
  4762.74951172     0.00000000
  4763.84472656     0.00000000
  4764.94335938     0.00000000
  4766.03955078     0.00000000
  4767.13623047     0.00000000
  4768.23535156     0.00000000
  4769.33251953     0.00000000
  4770.43212891     0.00000000
  4771.52978516     0.00000000
  4772.62988281     0.00000000
  4773.72802734     0.00000000
  4774.82617188     0.00000000
  4775.92675781     0.00000000
  4777.02587891     0.00000000
  4778.12744141     0.00000000
  4779.22656250     0.00000000
  4780.32861328     0.00000000
  4781.42822266     0.00000000
  4782.52832031     0.00000000
  4783.63134766     0.00000000
  4784.73144531     0.00000000
  4785.83496094     0.00000000
  4786.93603516     0.00000000
  4788.03955078     0.00000000
  4789.14111328     0.00000000
  4790.24316406     0.00000000
  4791.34716797     0.00000000
  4792.44970703     0.00000000
  4793.55517578     0.00000000
  4794.65771484     0.00000000
  4795.76318359     0.00000000
  4796.86669922     0.00000000
  4797.97265625     0.00000000
  4799.07666016     0.00000000
  4800.18066406     0.00000000
  4801.28710938     0.00000000
  4802.39208984     0.00000000
  4803.49951172     0.00000000
  4804.60449219     0.00000000
  4805.71240234     0.00000000
  4806.81787109     0.00000000
  4807.92382813     0.00000000
  4809.03271484     0.00000000
  4810.13867188     0.00000000
  4811.24804688     0.00000000
  4812.35449219     0.00000000
  4813.46435547     0.00000000
  4814.57177734     0.00000000
  4815.67919922     0.00000000
  4816.78955078     0.00000000
  4817.89794922     0.00000000
  4819.00878906     0.00000000
  4820.11767578     0.00000000
  4821.22900391     0.00000000
  4822.33837891     0.00000000
  4823.44726563     0.00000000
  4824.55957031     0.00000000
  4825.66943359     0.00000000
  4826.78271484     0.00000000
  4827.89306641     0.00000000
  4829.00634766     0.00000000
  4830.11718750     0.00000000
  4831.22851563     0.00000000
  4832.34228516     0.00000000
  4833.45361328     0.00000000
  4834.56884766     0.00000000
  4835.68066406     0.00000000
  4836.79589844     0.00000000
  4837.90820313     0.00000000
  4839.02148438     0.00000000
  4840.13769531     0.00000000
  4841.25048828     0.00000000
  4842.36718750     0.00000000
  4843.48144531     0.00000000
  4844.59814453     0.00000000
  4845.71240234     0.00000000
  4846.82714844     0.00000000
  4847.94482422     0.00000000
  4849.06005859     0.00000000
  4850.17871094     0.00000000
  4851.29443359     0.00000000
  4852.41308594     0.00000000
  4853.52929688     0.00000000
  4854.64550781     0.00000000
  4855.76513672     0.00000000
  4856.88232422     0.00000000
  4858.00244141     0.00000000
  4859.11962891     0.00000000
  4860.24023438     0.00000000
  4861.35839844     0.00000000
  4862.47705078     0.00000000
  4863.59814453     0.00000000
  4864.71679688     0.00000000
  4865.83886719     0.00000000
  4866.95849609     0.00000000
  4868.08056641     0.00000000
  4869.20019531     0.00000000
  4870.32031250     0.00000000
  4871.44384766     0.00000000
  4872.56445313     0.00000000
  4873.68798828     0.00000000
  4874.80908203     0.00000000
  4875.93310547     0.00000000
  4877.05468750     0.00000000
  4878.17675781     0.00000000
  4879.30175781     0.00000000
  4880.42431641     0.00000000
  4881.54980469     0.00000000
  4882.67285156     0.00000000
  4883.79833984     0.00000000
  4884.92236328     0.00000000
  4886.04882813     0.00000000
  4887.17236328     0.00000000
  4888.29687500     0.00000000
  4889.42382813     0.00000000
  4890.54882813     0.00000000
  4891.67675781     0.00000000
  4892.80175781     0.00000000
  4893.93017578     0.00000000
  4895.05615234     0.00000000
  4896.18212891     0.00000000
  4897.31103516     0.00000000
  4898.43798828     0.00000000
  4899.56738281     0.00000000
  4900.69433594     0.00000000
  4901.82421875     0.00000000
  4902.95214844     0.00000000
  4904.08007813     0.00000000
  4905.21093750     0.00000000
  4906.33935547     0.00000000
  4907.47070313     0.00000000
  4908.59960938     0.00000000
  4909.73193359     0.00000000
  4910.86132813     0.00000000
  4911.99072266     0.00000000
  4913.12353516     0.00000000
  4914.25390625     0.00000000
  4915.38720703     0.00000000
  4916.51806641     0.00000000
  4917.65185547     0.00000000
  4918.78271484     0.00000000
  4919.91455078     0.00000000
  4921.04882813     0.00000000
  4922.18115234     0.00000000
  4923.31640625     0.00000000
  4924.44873047     0.00000000
  4925.58447266     0.00000000
  4926.71728516     0.00000000
  4927.85058594     0.00000000
  4928.98681641     0.00000000
  4930.12109375     0.00000000
  4931.25781250     0.00000000
  4932.39208984     0.00000001
  4933.52978516     0.00000001
  4934.66503906     0.00000002
  4935.79980469     0.00000004
  4936.93847656     0.00000006
  4938.07373047     0.00000011
  4939.21289063     0.00000020
  4940.34912109     0.00000034
  4941.48779297     0.00000058
  4942.62500000     0.00000098
  4943.76171875     0.00000163
  4944.90185547     0.00000268
  4946.03955078     0.00000435
  4947.18017578     0.00000700
  4948.31787109     0.00001111
  4949.45898438     0.00001747
  4950.59765625     0.00002712
  4951.73681641     0.00004162
  4952.87841797     0.00006320
  4954.01806641     0.00009479
  4955.16064453     0.00014068
  4956.30029297     0.00020616
  4957.44287109     0.00029893
  4958.58349609     0.00042817
  4959.72460938     0.00060630
  4960.86816406     0.00084924
  4962.00927734     0.00117494
  4963.15380859     0.00160826
  4964.29541016     0.00217420
  4965.43994141     0.00290746
  4966.58203125     0.00384066
  4967.72460938     0.00501530
  4968.87060547     0.00647827
  4970.01367188     0.00826556
  4971.15966797     0.01042991
  4972.30322266     0.01300189
  4973.44970703     0.01602862
  4974.59375000     0.01952185
  4975.74121094     0.02351326
  4976.88574219     0.02797831
  4978.03076172     0.03290703
  4979.17871094     0.03826855
  4980.32421875     0.04397151
  4981.47265625     0.04995243
  4982.61865234     0.05607060
  4983.76757813     0.06222131
  4984.91406250     0.06822664
  4986.06054688     0.07394028
  4987.21044922     0.07921399
  4988.35791016     0.08386047
  4989.50830078     0.08775260
  4990.65625000     0.09074333
  4991.80664063     0.09274349
  4992.95507813     0.09367564
  4994.10400391     0.09351115
  4995.25537109     0.09225136
  4996.40429688     0.08994558
  4997.55664063     0.08666066
  4998.70654297     0.08252297
  4999.85937500     0.07764900
  5001.00927734     0.07221701
  5002.15966797     0.06637559
  5003.31347656     0.06027304
  5004.46435547     0.05410170
  5005.61816406     0.04797698
  5006.77001953     0.04205362
  5007.92431641     0.03641671
  5009.07666016     0.03117164
  5010.22851563     0.02637002
  5011.38427734     0.02203197
  5012.53662109     0.01820035
  5013.69287109     0.01484768
  5014.84619141     0.01197586
  5016.00244141     0.00954002
  5017.15673828     0.00751271
  5018.31054688     0.00584702
  5019.46826172     0.00449288
  5020.62255859     0.00341419
  5021.78076172     0.00256132
  5022.93554688     0.00190037
  5024.09423828     0.00139183
  5025.25000000     0.00100809
  5026.40576172     0.00072151
  5027.56494141     0.00050976
  5028.72167969     0.00035614
  5029.88134766     0.00024563
  5031.03808594     0.00016756
  5032.19824219     0.00011281
  5033.35595703     0.00007511
  5034.51416016     0.00004941
  5035.67480469     0.00003208
  5036.83349609     0.00002060
  5037.99511719     0.00001306
  5039.15380859     0.00000819
  5040.31591797     0.00000506
  5041.47558594     0.00000310
  5042.63525391     0.00000187
  5043.79785156     0.00000112
  5044.95800781     0.00000066
  5046.12158203     0.00000038
  5047.28222656     0.00000022
  5048.44628906     0.00000013
  5049.60791016     0.00000007
  5050.76904297     0.00000004
  5051.93408203     0.00000002
  5053.09619141     0.00000001
  5054.26171875     0.00000001
  5055.42431641     0.00000000
  5056.58984375     0.00000000
  5057.75341797     0.00000000
  5058.91699219     0.00000000
  5060.08300781     0.00000000
  5061.24755859     0.00000001
  5062.41455078     0.00000001
  5063.57910156     0.00000002
  5064.74658203     0.00000004
  5065.91210938     0.00000006
  5067.08007813     0.00000010
  5068.24560547     0.00000017
  5069.41162109     0.00000029
  5070.58056641     0.00000048
  5071.74707031     0.00000077
  5072.91699219     0.00000125
  5074.08349609     0.00000198
  5075.25390625     0.00000312
  5076.42138672     0.00000486
  5077.58935547     0.00000747
  5078.76025391     0.00001136
  5079.92822266     0.00001706
  5081.10009766     0.00002537
  5082.26904297     0.00003726
  5083.44091797     0.00005416
  5084.61035156     0.00007776
  5085.77978516     0.00011038
  5086.95263672     0.00015508
  5088.12304688     0.00021525
  5089.29638672     0.00029564
  5090.46728516     0.00040123
  5091.64111328     0.00053883
  5092.81201172     0.00071503
  5093.98388672     0.00093854
  5095.15820313     0.00121898
  5096.33056641     0.00156514
  5097.50585938     0.00198885
  5098.67871094     0.00249863
  5099.85400391     0.00310677
  5101.02734375     0.00382044
  5102.20117188     0.00464903
  5103.37744141     0.00560068
  5104.55126953     0.00667539
  5105.72851563     0.00787990
  5106.90332031     0.00920640
  5108.08056641     0.01065508
  5109.25585938     0.01221186
  5110.43115234     0.01386710
  5111.60986328     0.01561114
  5112.78564453     0.01741741
  5113.96435547     0.01927603
  5115.14111328     0.02115968
  5116.32031250     0.02305582
  5117.49755859     0.02493879
  5118.67480469     0.02679495
  5119.85546875     0.02861516
  5121.03320313     0.03037812
  5122.21386719     0.03208418
  5123.39208984     0.03372017
  5124.57373047     0.03529139
  5125.75244141     0.03678866
  5126.93164063     0.03821703
  5128.11425781     0.03958037
  5129.29394531     0.04087109
  5130.47656250     0.04209343
  5131.65673828     0.04323667
  5132.84033203     0.04429754
  5134.02099609     0.04525732
  5135.20214844     0.04610186
  5136.38623047     0.04681111
  5137.56787109     0.04735728
  5138.75244141     0.04771604
  5139.93457031     0.04785839
  5141.12011719     0.04775849
  5142.30273438     0.04739357
  5143.48583984     0.04674515
  5144.67187500     0.04579902
  5145.85546875     0.04455573
  5147.04199219     0.04301500
  5148.22607422     0.04119866
  5149.41308594     0.03912286
  5150.59814453     0.03682895
  5151.78271484     0.03435521
  5152.97070313     0.03173903
  5154.15625000     0.02904276
  5155.34472656     0.02630518
  5156.53076172     0.02358849
  5157.71972656     0.02092729
  5158.90625000     0.01837539
  5160.09570313     0.01595682
  5161.28271484     0.01371063
  5162.47021484     0.01165112
  5163.66113281     0.00978664
  5164.84863281     0.00813298
  5166.03955078     0.00667911
  5167.22802734     0.00542530
  5168.41992188     0.00435399
  5169.60888672     0.00345615
  5170.79785156     0.00271199
  5171.99023438     0.00210199
  5173.18017578     0.00161119
  5174.37304688     0.00121981
  5175.56347656     0.00091327
  5176.75683594     0.00067529
  5177.94775391     0.00049378
  5179.13916016     0.00035679
  5180.33349609     0.00025456
  5181.52490234     0.00017964
  5182.71972656     0.00012515
  5183.91210938     0.00008622
  5185.10742188     0.00005864
  5186.30029297     0.00003944
  5187.49365234     0.00002621
  5188.68945313     0.00001720
  5189.88330078     0.00001116
  5191.08007813     0.00000715
  5192.27392578     0.00000453
  5193.47167969     0.00000283
  5194.66650391     0.00000175
  5195.86132813     0.00000107
  5197.05957031     0.00000064
  5198.25488281     0.00000038
  5199.45410156     0.00000023
  5200.64990234     0.00000013
  5201.84912109     0.00000008
  5203.04589844     0.00000004
  5204.24267578     0.00000002
  5205.44287109     0.00000001
  5206.64013672     0.00000001
  5207.84130859     0.00000000
  5209.03906250     0.00000000
  5210.24023438     0.00000000
  5211.43896484     0.00000000
  5212.63769531     0.00000000
  5213.83984375     0.00000000
  5215.03906250     0.00000000
  5216.24169922     0.00000000
  5217.44189453     0.00000000
  5218.64501953     0.00000000
  5219.84570313     0.00000000
  5221.04638672     0.00000000
  5222.25048828     0.00000000
  5223.45166016     0.00000000
  5224.65625000     0.00000000
  5225.85839844     0.00000000
  5227.06298828     0.00000000
  5228.26562500     0.00000000
  5229.46826172     0.00000000
  5230.67431641     0.00000000
  5231.87744141     0.00000000
  5233.08398438     0.00000000
  5234.28808594     0.00000000
  5235.49511719     0.00000000
  5236.69921875     0.00000000
  5237.90380859     0.00000000
  5239.11181641     0.00000000
  5240.31738281     0.00000000
  5241.52587891     0.00000000
  5242.73144531     0.00000000
  5243.94042969     0.00000000
  5245.14697266     0.00000000
  5246.35595703     0.00000000
  5247.56298828     0.00000000
  5248.77050781     0.00000000
  5249.98046875     0.00000000
  5251.18847656     0.00000000
  5252.39941406     0.00000000
  5253.60791016     0.00000000
  5254.81933594     0.00000000
  5256.02783203     0.00000000
  5257.23730469     0.00000000
  5258.44921875     0.00000000
  5259.65917969     0.00000000
  5260.87207031     0.00000000
  5262.08203125     0.00000000
  5263.29541016     0.00000000
  5264.50634766     0.00000000
  5265.71777344     0.00000000
  5266.93164063     0.00000000
  5268.14355469     0.00000000
  5269.35839844     0.00000000
  5270.57031250     0.00000000
  5271.78564453     0.00000000
  5272.99853516     0.00000000
  5274.21191406     0.00000000
  5275.42773438     0.00000000
  5276.64160156     0.00000000
  5277.85839844     0.00000000
  5279.07275391     0.00000000
  5280.29003906     0.00000000
  5281.50439453     0.00000000
  5282.71972656     0.00000000
  5283.93750000     0.00000000
  5285.15332031     0.00000000
  5286.37158203     0.00000000
  5287.58837891     0.00000000
  5288.80761719     0.00000000
  5290.02392578     0.00000000
  5291.24121094     0.00000000
  5292.46093750     0.00000000
  5293.67871094     0.00000000
  5294.89990234     0.00000000
  5296.11767578     0.00000000
  5297.33886719     0.00000000
  5298.55761719     0.00000000
  5299.77636719     0.00000000
  5300.99853516     0.00000000
  5302.21826172     0.00000000
  5303.44042969     0.00000000
  5304.66064453     0.00000000
  5305.88427734     0.00000000
  5307.10449219     0.00000000
  5308.32568359     0.00000000
  5309.54980469     0.00000000
  5310.77099609     0.00000000
  5311.99560547     0.00000000
  5313.21777344     0.00000000
  5314.44335938     0.00000000
  5315.66552734     0.00000000
  5316.88818359     0.00000000
  5318.11425781     0.00000000
  5319.33789063     0.00000000
  5320.56445313     0.00000000
  5321.78857422     0.00000000
  5323.01611328     0.00000000
  5324.24023438     0.00000000
  5325.46484375     0.00000000
  5326.69335938     0.00000000
  5327.91894531     0.00000000
  5329.14746094     0.00000000
  5330.37353516     0.00000000
  5331.60253906     0.00000000
  5332.82861328     0.00000000
  5334.05566406     0.00000000
  5335.28564453     0.00000000
  5336.51318359     0.00000000
  5337.74316406     0.00000000
  5338.97119141     0.00000000
  5340.20214844     0.00000000
  5341.43115234     0.00000000
  5342.66259766     0.00000000
  5343.89160156     0.00000000
  5345.12158203     0.00000000
  5346.35400391     0.00000000
  5347.58398438     0.00000000
  5348.81689453     0.00000000
  5350.04785156     0.00000000
  5351.28125000     0.00000000
  5352.51220703     0.00000000
  5353.74365234     0.00000000
  5354.97851563     0.00000000
  5356.20996094     0.00000000
  5357.44482422     0.00000000
  5358.67773438     0.00000000
  5359.91357422     0.00000000
  5361.14648438     0.00000000
  5362.37988281     0.00000000
  5363.61621094     0.00000000
  5364.85009766     0.00000000
  5366.08740234     0.00000000
  5367.32177734     0.00000000
  5368.55908203     0.00000000
  5369.79443359     0.00000000
  5371.02929688     0.00000000
  5372.26806641     0.00000000
  5373.50439453     0.00000000
  5374.74365234     0.00000000
  5375.97949219     0.00000000
  5377.21972656     0.00000000
  5378.45605469     0.00000000
  5379.69384766     0.00000000
  5380.93408203     0.00000000
  5382.17236328     0.00000000
  5383.41308594     0.00000000
  5384.65185547     0.00000000
  5385.89355469     0.00000000
  5387.13232422     0.00000000
  5388.37158203     0.00000000
  5389.61474609     0.00000000
  5390.85449219     0.00000000
  5392.09765625     0.00000000
  5393.33789063     0.00000000
  5394.58154297     0.00000000
  5395.82226563     0.00000000
  5397.06396484     0.00000000
  5398.30810547     0.00000000
  5399.55029297     0.00000000
  5400.79492188     0.00000000
  5402.03808594     0.00000000
  5403.28369141     0.00000000
  5404.52685547     0.00000000
  5405.76953125     0.00000000
  5407.01660156     0.00000000
  5408.26025391     0.00000000
  5409.50781250     0.00000000
  5410.75195313     0.00000000
  5411.99951172     0.00000000
  5413.24414063     0.00000000
  5414.48974609     0.00000000
  5415.73876953     0.00000000
  5416.98437500     0.00000000
  5418.23339844     0.00000000
  5419.47949219     0.00000000
  5420.72949219     0.00000000
  5421.97656250     0.00000000
  5423.22412109     0.00000000
  5424.47460938     0.00000000
  5425.72265625     0.00000000
  5426.97363281     0.00000000
  5428.22167969     0.00000000
  5429.47363281     0.00000000
  5430.72314453     0.00000000
  5431.97265625     0.00000000
  5433.22509766     0.00000000
  5434.47509766     0.00000000
  5435.72802734     0.00000000
  5436.97851563     0.00000000
  5438.23242188     0.00000000
  5439.48291016     0.00000000
  5440.73730469     0.00000000
  5441.98925781     0.00000000
  5443.24121094     0.00000000
  5444.49609375     0.00000000
  5445.74853516     0.00000000
  5447.00488281     0.00000000
  5448.25732422     0.00000000
  5449.51416016     0.00000000
  5450.76757813     0.00000000
  5452.02148438     0.00000000
  5453.27880859     0.00000000
  5454.53369141     0.00000000
  5455.79101563     0.00000000
  5457.04638672     0.00000000
  5458.30419922     0.00000000
  5459.56005859     0.00000000
  5460.81640625     0.00000000
  5462.07568359     0.00000000
  5463.33203125     0.00000000
  5464.59179688     0.00000000
  5465.84912109     0.00000000
  5467.10937500     0.00000000
  5468.36718750     0.00000000
  5469.62548828     0.00000000
  5470.88671875     0.00000000
  5472.14453125     0.00000000
  5473.40673828     0.00000000
  5474.66601563     0.00000000
  5475.92871094     0.00000000
  5477.18798828     0.00000000
  5478.44824219     0.00000000
  5479.71142578     0.00000000
  5480.97216797     0.00000000
  5482.23583984     0.00000000
  5483.49707031     0.00000000
  5484.76171875     0.00000000
  5486.02343750     0.00000000
  5487.28564453     0.00000000
  5488.55078125     0.00000000
  5489.81396484     0.00000000
  5491.07958984     0.00000000
  5492.34277344     0.00000000
  5493.60888672     0.00000000
  5494.87304688     0.00000000
  5496.13720703     0.00000000
  5497.40429688     0.00000000
  5498.66943359     0.00000000
  5499.93701172     0.00000000
