  4000.89990234     0.00000000
  4001.82006836     0.00000000
  4002.74316406     0.00000000
  4003.66381836     0.00000000
  4004.58715820     0.00000000
  4005.50830078     0.00000000
  4006.43188477     0.00000000
  4007.35351563     0.00000000
  4008.27563477     0.00000000
  4009.19995117     0.00000000
  4010.12231445     0.00000000
  4011.04687500     0.00000000
  4011.96972656     0.00000000
  4012.89453125     0.00000000
  4013.81787109     0.00000000
  4014.74121094     0.00000000
  4015.66699219     0.00000000
  4016.59106445     0.00000000
  4017.51708984     0.00000000
  4018.44140625     0.00000000
  4019.36791992     0.00000000
  4020.29272461     0.00000000
  4021.21752930     0.00000000
  4022.14477539     0.00000000
  4023.07006836     0.00000000
  4023.99780273     0.00000000
  4024.92333984     0.00000000
  4025.85180664     0.00000000
  4026.77783203     0.00000000
  4027.70410156     0.00000000
  4028.63305664     0.00000000
  4029.55981445     0.00000000
  4030.48901367     0.00000000
  4031.41601563     0.00000000
  4032.34570313     0.00000000
  4033.27343750     0.00000000
  4034.20117188     0.00000000
  4035.13134766     0.00000000
  4036.05981445     0.00000000
  4036.99047852     0.00000000
  4037.91918945     0.00000000
  4038.85034180     0.00000000
  4039.77929688     0.00000000
  4040.70874023     0.00000000
  4041.64038086     0.00000000
  4042.57031250     0.00000000
  4043.50244141     0.00000000
  4044.43261719     0.00000000
  4045.36547852     0.00000000
  4046.29614258     0.00000000
  4047.22680664     0.00000000
  4048.16040039     0.00000000
  4049.09155273     0.00000000
  4050.02514648     0.00000000
  4050.95703125     0.00000000
  4051.89086914     0.00000000
  4052.82299805     0.00000000
  4053.75561523     0.00000000
  4054.69018555     0.00000000
  4055.62304688     0.00000000
  4056.55810547     0.00000000
  4057.49169922     0.00000000
  4058.42724609     0.00000000
  4059.36083984     0.00000000
  4060.29467773     0.00000000
  4061.23071289     0.00000000
  4062.16503906     0.00000000
  4063.10205078     0.00000000
  4064.03662109     0.00000000
  4064.97387695     0.00000000
  4065.90893555     0.00000000
  4066.84423828     0.00000000
  4067.78198242     0.00000000
  4068.71801758     0.00000000
  4069.65600586     0.00000000
  4070.59228516     0.00000000
  4071.53100586     0.00000000
  4072.46752930     0.00000000
  4073.40454102     0.00000000
  4074.34375000     0.00000000
  4075.28100586     0.00000000
  4076.22094727     0.00000000
  4077.15869141     0.00000000
  4078.09863281     0.00000000
  4079.03686523     0.00000000
  4079.97753906     0.00000000
  4080.91625977     0.00000000
  4081.85498047     0.00000000
  4082.79614258     0.00000000
  4083.73559570     0.00000000
  4084.67724609     0.00000000
  4085.61694336     0.00000000
  4086.55908203     0.00000000
  4087.49902344     0.00000000
  4088.43945313     0.00000000
  4089.38208008     0.00000000
  4090.32275391     0.00000000
  4091.26635742     0.00000000
  4092.20727539     0.00000000
  4093.15087891     0.00000000
  4094.09252930     0.00000000
  4095.03442383     0.00000000
  4095.97875977     0.00000000
  4096.92089844     0.00000000
  4097.86572266     0.00000000
  4098.80859375     0.00000000
  4099.75341797     0.00000000
  4100.69677734     0.00000000
  4101.64013672     0.00000000
  4102.58593750     0.00000000
  4103.52978516     0.00000000
  4104.47607422     0.00000000
  4105.42041016     0.00000000
  4106.36718750     0.00000000
  4107.31152344     0.00000000
  4108.25634766     0.00000000
  4109.20410156     0.00000000
  4110.14941406     0.00000000
  4111.09716797     0.00000000
  4112.04296875     0.00000000
  4112.99121094     0.00000000
  4113.93701172     0.00000000
  4114.88378906     0.00000000
  4115.83251953     0.00000000
  4116.77929688     0.00000000
  4117.72851563     0.00000000
  4118.67578125     0.00000000
  4119.62548828     0.00000000
  4120.57324219     0.00000000
  4121.52148438     0.00000000
  4122.47167969     0.00000000
  4123.42041016     0.00000000
  4124.37109375     0.00000000
  4125.31982422     0.00000000
  4126.27099609     0.00000000
  4127.22021484     0.00000000
  4128.16943359     0.00000000
  4129.12158203     0.00000000
  4130.07177734     0.00000000
  4131.02392578     0.00000000
  4131.97460938     0.00000000
  4132.92724609     0.00000000
  4133.87792969     0.00000000
  4134.82910156     0.00000000
  4135.78222656     0.00000000
  4136.73388672     0.00000000
  4137.68798828     0.00000000
  4138.63964844     0.00000000
  4139.59375000     0.00000000
  4140.54638672     0.00000000
  4141.49902344     0.00000000
  4142.45410156     0.00000000
  4143.40673828     0.00000000
  4144.36230469     0.00000000
  4145.31591797     0.00000000
  4146.27148438     0.00000000
  4147.22558594     0.00000000
  4148.17968750     0.00000000
  4149.13574219     0.00000000
  4150.09033203     0.00000000
  4151.04736328     0.00000000
  4152.00244141     0.00000000
  4152.95996094     0.00000000
  4153.91552734     0.00000000
  4154.87304688     0.00000000
  4155.82910156     0.00000000
  4156.78515625     0.00000000
  4157.74365234     0.00000000
  4158.70019531     0.00000000
  4159.65869141     0.00000000
  4160.61572266     0.00000000
  4161.57568359     0.00000000
  4162.53271484     0.00000000
  4163.49023438     0.00000000
  4164.45068359     0.00000000
  4165.40869141     0.00000000
  4166.36914063     0.00000000
  4167.32763672     0.00000000
  4168.28857422     0.00000000
  4169.24707031     0.00000000
  4170.20654297     0.00000000
  4171.16845703     0.00000000
  4172.12792969     0.00000000
  4173.08984375     0.00000000
  4174.04980469     0.00000000
  4175.01220703     0.00000000
  4175.97265625     0.00000000
  4176.93359375     0.00000000
  4177.89648438     0.00000000
  4178.85791016     0.00000000
  4179.82128906     0.00000000
  4180.78320313     0.00000000
  4181.74707031     0.00000000
  4182.70898438     0.00000000
  4183.67138672     0.00000000
  4184.63574219     0.00000000
  4185.59863281     0.00000000
  4186.56396484     0.00000000
  4187.52734375     0.00000000
  4188.49267578     0.00000000
  4189.45605469     0.00000000
  4190.41992188     0.00000000
  4191.38623047     0.00000000
  4192.35058594     0.00000000
  4193.31738281     0.00000000
  4194.28173828     0.00000000
  4195.24902344     0.00000000
  4196.21435547     0.00000000
  4197.17919922     0.00000000
  4198.14746094     0.00000000
  4199.11328125     0.00000000
  4200.08154297     0.00000000
  4201.04785156     0.00000000
  4202.01660156     0.00000000
  4202.98339844     0.00000000
  4203.95019531     0.00000000
  4204.91943359     0.00000000
  4205.88671875     0.00000000
  4206.85644531     0.00000000
  4207.82421875     0.00000000
  4208.79492188     0.00000000
  4209.76269531     0.00000000
  4210.73144531     0.00000000
  4211.70263672     0.00000000
  4212.67138672     0.00000000
  4213.64257813     0.00000000
  4214.61230469     0.00000000
  4215.58398438     0.00000000
  4216.55371094     0.00000000
  4217.52392578     0.00000000
  4218.49609375     0.00000000
  4219.46679688     0.00000000
  4220.43994141     0.00000000
  4221.41064453     0.00000000
  4222.38427734     0.00000000
  4223.35546875     0.00000000
  4224.32714844     0.00000000
  4225.30126953     0.00000000
  4226.27343750     0.00000000
  4227.24755859     0.00000000
  4228.22021484     0.00000000
  4229.19531250     0.00000000
  4230.16796875     0.00000000
  4231.14355469     0.00000000
  4232.11718750     0.00000000
  4233.09033203     0.00000000
  4234.06689453     0.00000000
  4235.04101563     0.00000000
  4236.01708984     0.00000000
  4236.99218750     0.00000000
  4237.96875000     0.00000000
  4238.94384766     0.00000000
  4239.91894531     0.00000000
  4240.89697266     0.00000000
  4241.87255859     0.00000000
  4242.85058594     0.00000000
  4243.82666016     0.00000000
  4244.80517578     0.00000000
  4245.78173828     0.00000000
  4246.75878906     0.00000000
  4247.73779297     0.00000000
  4248.71484375     0.00000000
  4249.69482422     0.00000000
  4250.67236328     0.00000000
  4251.65283203     0.00000000
  4252.63085938     0.00000000
  4253.60888672     0.00000000
  4254.58984375     0.00000000
  4255.56835938     0.00000000
  4256.54980469     0.00000000
  4257.52929688     0.00000000
  4258.51074219     0.00000000
  4259.49023438     0.00000000
  4260.47070313     0.00000000
  4261.45312500     0.00000000
  4262.43310547     0.00000000
  4263.41601563     0.00000000
  4264.39697266     0.00000000
  4265.38037109     0.00000000
  4266.36132813     0.00000000
  4267.34326172     0.00000000
  4268.32714844     0.00000000
  4269.30908203     0.00000000
  4270.29345703     0.00000000
  4271.27587891     0.00000000
  4272.26074219     0.00000000
  4273.24365234     0.00000000
  4274.22656250     0.00000000
  4275.21240234     0.00000000
  4276.19580078     0.00000000
  4277.18164063     0.00000000
  4278.16601563     0.00000000
  4279.15234375     0.00000000
  4280.13671875     0.00000000
  4281.12158203     0.00000000
  4282.10888672     0.00000000
  4283.09375000     0.00000000
  4284.08105469     0.00000000
  4285.06689453     0.00000000
  4286.05517578     0.00000000
  4287.04101563     0.00000000
  4288.02734375     0.00000000
  4289.01611328     0.00000000
  4290.00292969     0.00000000
  4290.99218750     0.00000000
  4291.97949219     0.00000000
  4292.96923828     0.00000000
  4293.95654297     0.00000000
  4294.94433594     0.00000000
  4295.93505859     0.00000000
  4296.92285156     0.00000000
  4297.91357422     0.00000000
  4298.90283203     0.00000000
  4299.89404297     0.00000000
  4300.88330078     0.00000000
  4301.87255859     0.00000000
  4302.86474609     0.00000000
  4303.85449219     0.00000000
  4304.84667969     0.00000000
  4305.83740234     0.00000000
  4306.83007813     0.00000000
  4307.82080078     0.00000000
  4308.81396484     0.00000000
  4309.80566406     0.00000000
  4310.79687500     0.00000000
  4311.79101563     0.00000000
  4312.78320313     0.00000000
  4313.77734375     0.00000000
  4314.77001953     0.00000000
  4315.76513672     0.00000000
  4316.75732422     0.00000000
  4317.75097656     0.00000000
  4318.74658203     0.00000000
  4319.73974609     0.00000000
  4320.73632813     0.00000000
  4321.72998047     0.00000000
  4322.72656250     0.00000000
  4323.72070313     0.00000000
  4324.71582031     0.00000000
  4325.71289063     0.00000000
  4326.70800781     0.00000000
  4327.70556641     0.00000000
  4328.70166016     0.00000000
  4329.69970703     0.00000000
  4330.69580078     0.00000000
  4331.69189453     0.00000000
  4332.69091797     0.00000000
  4333.68750000     0.00000000
  4334.68701172     0.00000000
  4335.68408203     0.00000000
  4336.68408203     0.00000000
  4337.68164063     0.00000000
  4338.67919922     0.00000000
  4339.67968750     0.00000000
  4340.67822266     0.00000000
  4341.67919922     0.00000000
  4342.67822266     0.00000000
  4343.67919922     0.00000000
  4344.67871094     0.00000000
  4345.67822266     0.00000000
  4346.68017578     0.00000000
  4347.68017578     0.00000000
  4348.68261719     0.00000000
  4349.68310547     0.00000000
  4350.68603516     0.00000000
  4351.68701172     0.00000000
  4352.68798828     0.00000000
  4353.69189453     0.00000000
  4354.69335938     0.00000000
  4355.69726563     0.00000000
  4356.69970703     0.00000000
  4357.70410156     0.00000000
  4358.70703125     0.00000000
  4359.70947266     0.00000000
  4360.71484375     0.00000000
  4361.71777344     0.00000000
  4362.72363281     0.00000000
  4363.72753906     0.00000000
  4364.73339844     0.00000000
  4365.73779297     0.00000000
  4366.74218750     0.00000000
  4367.74902344     0.00000000
  4368.75390625     0.00000000
  4369.76123047     0.00000000
  4370.76660156     0.00000000
  4371.77441406     0.00000000
  4372.78027344     0.00000000
  4373.78613281     0.00000000
  4374.79492188     0.00000000
  4375.80126953     0.00000000
  4376.81005859     0.00000000
  4377.81689453     0.00000000
  4378.82666016     0.00000000
  4379.83398438     0.00000000
  4380.84130859     0.00000000
  4381.85156250     0.00000000
  4382.85986328     0.00000000
  4383.87011719     0.00000000
  4384.87890625     0.00000000
  4385.89013672     0.00000000
  4386.89892578     0.00000000
  4387.91064453     0.00000000
  4388.91992188     0.00000000
  4389.92968750     0.00000000
  4390.94189453     0.00000000
  4391.95214844     0.00000000
  4392.96484375     0.00000000
  4393.97558594     0.00000000
  4394.98876953     0.00000000
  4396.00000000     0.00000000
  4397.01123047     0.00000000
  4398.02490234     0.00000000
  4399.03710938     0.00000000
  4400.05126953     0.00000000
  4401.06347656     0.00000000
  4402.07812500     0.00000000
  4403.09130859     0.00000000
  4404.10400391     0.00000000
  4405.11962891     0.00000000
  4406.13281250     0.00000000
  4407.14892578     0.00000000
  4408.16259766     0.00000000
  4409.17919922     0.00000000
  4410.19384766     0.00000000
  4411.20849609     0.00000000
  4412.22558594     0.00000000
  4413.24072266     0.00000000
  4414.25830078     0.00000000
  4415.27343750     0.00000000
  4416.29150391     0.00000000
  4417.30761719     0.00000000
  4418.32373047     0.00000000
  4419.34277344     0.00000000
  4420.35937500     0.00000000
  4421.37890625     0.00000000
  4422.39599609     0.00000000
  4423.41552734     0.00000000
  4424.43310547     0.00000000
  4425.45117188     0.00000000
  4426.47167969     0.00000000
  4427.49023438     0.00000000
  4428.51123047     0.00000000
  4429.52978516     0.00000000
  4430.55126953     0.00000000
  4431.57031250     0.00000000
  4432.58984375     0.00000000
  4433.61181641     0.00000000
  4434.63183594     0.00000000
  4435.65478516     0.00000000
  4436.67480469     0.00000000
  4437.69824219     0.00000000
  4438.71923828     0.00000000
  4439.73974609     0.00000000
  4440.76367188     0.00000000
  4441.78515625     0.00000000
  4442.80957031     0.00000000
  4443.83154297     0.00000000
  4444.85644531     0.00000000
  4445.87890625     0.00000000
  4446.90185547     0.00000000
  4447.92724609     0.00000000
  4448.95068359     0.00000000
  4449.97607422     0.00000000
  4451.00000000     0.00000000
  4452.02685547     0.00000000
  4453.05078125     0.00000000
  4454.07519531     0.00000000
  4455.10205078     0.00000000
  4456.12744141     0.00000000
  4457.15478516     0.00000000
  4458.18017578     0.00000000
  4459.20800781     0.00000000
  4460.23388672     0.00000000
  4461.26025391     0.00000000
  4462.28906250     0.00000000
  4463.31494141     0.00000000
  4464.34472656     0.00000000
  4465.37158203     0.00000000
  4466.40136719     0.00000000
  4467.42871094     0.00000000
  4468.45898438     0.00000000
  4469.48681641     0.00000000
  4470.51513672     0.00000000
  4471.54589844     0.00000000
  4472.57470703     0.00000000
  4473.60595703     0.00000000
  4474.63525391     0.00000000
  4475.66699219     0.00000000
  4476.69677734     0.00000000
  4477.72656250     0.00000000
  4478.75878906     0.00000000
  4479.78955078     0.00000000
  4480.82226563     0.00000000
  4481.85351563     0.00000000
  4482.88671875     0.00000000
  4483.91796875     0.00000000
  4484.94970703     0.00000001
  4485.98388672     0.00000001
  4487.01562500     0.00000001
  4488.05078125     0.00000001
  4489.08300781     0.00000001
  4490.11816406     0.00000001
  4491.15087891     0.00000002
  4492.18408203     0.00000002
  4493.22021484     0.00000002
  4494.25390625     0.00000003
  4495.29003906     0.00000003
  4496.32421875     0.00000004
  4497.36132813     0.00000005
  4498.39550781     0.00000006
  4499.43066406     0.00000007
  4500.46826172     0.00000008
  4501.50341797     0.00000010
  4502.54150391     0.00000012
  4503.57714844     0.00000014
  4504.61572266     0.00000016
  4505.65234375     0.00000019
  4506.68847656     0.00000023
  4507.72802734     0.00000027
  4508.76464844     0.00000031
  4509.80468750     0.00000037
  4510.84228516     0.00000043
  4511.88232422     0.00000051
  4512.92041016     0.00000060
  4513.95849609     0.00000070
  4514.99902344     0.00000082
  4516.03808594     0.00000096
  4517.07910156     0.00000112
  4518.11865234     0.00000130
  4519.16015625     0.00000152
  4520.20019531     0.00000177
  4521.23974609     0.00000206
  4522.28222656     0.00000239
  4523.32275391     0.00000277
  4524.36572266     0.00000321
  4525.40673828     0.00000372
  4526.45019531     0.00000430
  4527.49121094     0.00000496
  4528.53320313     0.00000572
  4529.57763672     0.00000660
  4530.61962891     0.00000759
  4531.66406250     0.00000873
  4532.70654297     0.00001002
  4533.75195313     0.00001150
  4534.79492188     0.00001318
  4535.83789063     0.00001508
  4536.88427734     0.00001724
  4537.92773438     0.00001969
  4538.97412109     0.00002246
  4540.01806641     0.00002559
  4541.06542969     0.00002913
  4542.10986328     0.00003312
  4543.15722656     0.00003761
  4544.20263672     0.00004266
  4545.24755859     0.00004833
  4546.29589844     0.00005471
  4547.34179688     0.00006184
  4548.39062500     0.00006985
  4549.43652344     0.00007877
  4550.48583984     0.00008877
  4551.53271484     0.00009989
  4552.58007813     0.00011228
  4553.62939453     0.00012609
  4554.67724609     0.00014141
  4555.72753906     0.00015845
  4556.77539063     0.00017730
  4557.82617188     0.00019821
  4558.87500000     0.00022129
  4559.92333984     0.00024676
  4560.97509766     0.00027493
  4562.02441406     0.00030589
  4563.07666016     0.00034004
  4564.12597656     0.00037746
  4565.17871094     0.00041864
  4566.22900391     0.00046367
  4567.27880859     0.00051292
  4568.33251953     0.00056696
  4569.38330078     0.00062578
  4570.43701172     0.00069009
  4571.48876953     0.00075998
  4572.54248047     0.00083613
  4573.59423828     0.00091867
  4574.64648438     0.00100823
  4575.70166016     0.00110552
  4576.75439453     0.00121052
  4577.80957031     0.00132422
  4578.86279297     0.00144668
  4579.91845703     0.00157893
  4580.97216797     0.00172098
  4582.02587891     0.00187363
  4583.08251953     0.00203792
  4584.13671875     0.00221359
  4585.19433594     0.00240223
  4586.24902344     0.00260332
  4587.30664063     0.00281857
  4588.36181641     0.00304749
  4589.41748047     0.00329129
  4590.47558594     0.00355107
  4591.53173828     0.00382634
  4592.59082031     0.00411898
  4593.64697266     0.00442793
  4594.70605469     0.00475544
  4595.76318359     0.00510056
  4596.82080078     0.00546452
  4597.88037109     0.00584838
  4598.93847656     0.00625133
  4599.99853516     0.00667507
  4601.05664063     0.00711839
  4602.11816406     0.00758389
  4603.17675781     0.00806905
  4604.23583984     0.00857555
  4605.29736328     0.00910456
  4606.35693359     0.00965395
  4607.41943359     0.01022631
  4608.47900391     0.01081841
  4609.54150391     0.01143338
  4610.60205078     0.01206821
  4611.66259766     0.01272372
  4612.72607422     0.01340143
  4613.78759766     0.01409780
  4614.85107422     0.01481485
  4615.91308594     0.01554967
  4616.97753906     0.01630429
  4618.03955078     0.01707446
  4619.10156250     0.01786103
  4620.16699219     0.01866567
  4621.22998047     0.01948295
  4622.29541016     0.02031555
  4623.35888672     0.02115889
  4624.42529297     0.02201564
  4625.48876953     0.02287983
  4626.55566406     0.02375532
  4627.61962891     0.02463555
  4628.68457031     0.02552235
  4629.75146484     0.02641517
  4630.81689453     0.02730973
  4631.88476563     0.02820789
  4632.95019531     0.02910414
  4634.01855469     0.03000162
  4635.08447266     0.03089448
  4636.15087891     0.03178386
  4637.22021484     0.03267054
  4638.28710938     0.03354889
  4639.35644531     0.03442184
  4640.42382813     0.03528479
  4641.49365234     0.03614042
  4642.56152344     0.03698444
  4643.62939453     0.03781780
  4644.70019531     0.03864224
  4645.76904297     0.03945366
  4646.84033203     0.04025523
  4647.90917969     0.04104330
  4648.98095703     0.04182201
  4650.05029297     0.04258783
  4651.12011719     0.04334345
  4652.19287109     0.04409133
  4653.26318359     0.04482868
  4654.33593750     0.04556005
  4655.40673828     0.04628380
  4656.47998047     0.04700448
  4657.55175781     0.04772122
  4658.62304688     0.04843666
  4659.69726563     0.04915519
  4660.76904297     0.04987556
  4661.84375000     0.05060385
  4662.91601563     0.05133905
  4663.99169922     0.05208793
  4665.06445313     0.05284898
  4666.13769531     0.05362752
  4667.21337891     0.05442809
  4668.28759766     0.05525091
  4669.36376953     0.05610175
  4670.43798828     0.05698068
  4671.51513672     0.05789486
  4672.58984375     0.05884282
  4673.66455078     0.05982960
  4674.74218750     0.06086096
  4675.81787109     0.06193507
  4676.89599609     0.06305896
  4677.97167969     0.06422998
  4679.05078125     0.06545681
  4680.12744141     0.06673484
  4681.20410156     0.06806850
  4682.28320313     0.06946239
  4683.36035156     0.07091199
  4684.44042969     0.07242469
  4685.51806641     0.07399341
  4686.59863281     0.07562599
  4687.67675781     0.07731394
  4688.75488281     0.07906009
  4689.83642578     0.08086895
  4690.91503906     0.08272827
  4691.99707031     0.08464687
  4693.07617188     0.08661090
  4694.15869141     0.08862889
  4695.23828125     0.09068551
  4696.31835938     0.09278317
  4697.40136719     0.09492238
  4698.48193359     0.09708770
  4699.56591797     0.09928566
  4700.64697266     0.10149775
  4701.73095703     0.10372990
  4702.81201172     0.10596368
  4703.89404297     0.10820047
  4704.97900391     0.11043728
  4706.06103516     0.11265482
  4707.14648438     0.11485859
  4708.22900391     0.11702802
  4709.31494141     0.11916803
  4710.39843750     0.12125911
  4711.48437500     0.12330271
  4712.56835938     0.12528259
  4713.65283203     0.12719537
  4714.73974609     0.12903638
  4715.82421875     0.13078962
  4716.91162109     0.13245617
  4717.99658203     0.13402037
  4719.08496094     0.13548347
  4720.17041016     0.13683008
  4721.25634766     0.13805842
  4722.34472656     0.13916416
  4723.43115234     0.14013718
  4724.52050781     0.14097652
  4725.60742188     0.14167330
  4726.69726563     0.14222671
  4727.78466797     0.14263038
  4728.87207031     0.14288269
  4729.96240234     0.14298132
  4731.05078125     0.14292379
  4732.14160156     0.14270860
  4733.22998047     0.14233612
  4734.32177734     0.14180425
  4735.41113281     0.14111628
  4736.50048828     0.14027254
  4737.59228516     0.13927257
  4738.68212891     0.13812281
  4739.77490234     0.13682102
  4740.86523438     0.13537723
  4741.95898438     0.13378769
  4743.04931641     0.13206711
  4744.14062500     0.13021423
  4745.23437500     0.12823167
  4746.32617188     0.12613341
  4747.42089844     0.12391640
  4748.51318359     0.12159830
  4749.60791016     0.11917593
  4750.70019531     0.11666748
  4751.79345703     0.11407291
  4752.88916016     0.11139616
  4753.98242188     0.10865712
  4755.07861328     0.10585033
  4756.17285156     0.10299634
  4757.26953125     0.10009173
  4758.36425781     0.09715621
  4759.45849609     0.09419397
  4760.55615234     0.09120220
  4761.65136719     0.08820462
  4762.74951172     0.08519413
  4763.84472656     0.08219416
  4764.94335938     0.07919447
  4766.03955078     0.07621797
  4767.13623047     0.07326326
  4768.23535156     0.07033145
  4769.33251953     0.06744029
  4770.43212891     0.06458387
  4771.52978516     0.06177893
  4772.62988281     0.05901925
  4773.72802734     0.05632046
  4774.82617188     0.05368185
  4775.92675781     0.05110160
  4777.02587891     0.04859252
  4778.12744141     0.04614892
  4779.22656250     0.04378448
  4780.32861328     0.04149023
  4781.42822266     0.03927957
  4782.52832031     0.03714833
  4783.63134766     0.03509378
  4784.73144531     0.03312822
  4785.83496094     0.03124152
  4786.93603516     0.02944478
  4788.03955078     0.02773083
  4789.14111328     0.02610719
  4790.24316406     0.02457062
  4791.34716797     0.02311985
  4792.44970703     0.02175986
  4793.55517578     0.02048580
  4794.65771484     0.01930492
  4795.76318359     0.01821144
  4796.86669922     0.01721098
  4797.97265625     0.01630041
  4799.07666016     0.01548442
  4800.18066406     0.01476257
  4801.28710938     0.01413511
  4802.39208984     0.01360627
  4803.49951172     0.01317657
  4804.60449219     0.01285062
  4805.71240234     0.01263009
  4806.81787109     0.01251984
  4807.92382813     0.01252359
  4809.03271484     0.01264685
  4810.13867188     0.01289463
  4811.24804688     0.01327484
  4812.35449219     0.01379261
  4813.46435547     0.01445910
  4814.57177734     0.01528000
  4815.67919922     0.01626656
  4816.78955078     0.01743309
  4817.89794922     0.01878679
  4819.00878906     0.02034649
  4820.11767578     0.02212060
  4821.22900391     0.02413208
  4822.33837891     0.02639020
  4823.44726563     0.02891544
  4824.55957031     0.03173767
  4825.66943359     0.03486369
  4826.78271484     0.03833321
  4827.89306641     0.04215109
  4829.00634766     0.04636341
  4830.11718750     0.05097749
  4831.22851563     0.05603360
  4832.34228516     0.06157311
  4833.45361328     0.06760404
  4834.56884766     0.07419596
  4835.68066406     0.08134145
  4836.79589844     0.08912174
  4837.90820313     0.09753168
  4839.02148438     0.10663909
  4840.13769531     0.11650545
  4841.25048828     0.12711699
  4842.36718750     0.13858847
  4843.48144531     0.15090160
  4844.59814453     0.16415678
  4845.71240234     0.17834318
  4846.82714844     0.19354355
  4847.94482422     0.20984404
  4849.06005859     0.22721596
  4850.17871094     0.24580084
  4851.29443359     0.26554257
  4852.41308594     0.28659329
  4853.52929688     0.30890027
  4854.64550781     0.33255437
  4855.76513672     0.35767958
  4856.88232422     0.38419008
  4858.00244141     0.41225585
  4859.11962891     0.44176927
  4860.24023438     0.47293606
  4861.35839844     0.50562871
  4862.47705078     0.53995866
  4863.59814453     0.57601881
  4864.71679688     0.61367381
  4865.83886719     0.65314049
  4866.95849609     0.69422746
  4868.08056641     0.73712057
  4869.20019531     0.78163457
  4870.32031250     0.82787579
  4871.44384766     0.87596291
  4872.56445313     0.92560613
  4873.68798828     0.97704011
  4874.80908203     1.02998590
  4875.93310547     1.08465815
  4877.05468750     1.14074707
  4878.17675781     1.19833839
  4879.30175781     1.25749910
  4880.42431641     1.31787372
  4881.54980469     1.37966979
  4882.67285156     1.44250309
  4883.79833984     1.50654757
  4884.92236328     1.57147586
  4886.04882813     1.63739884
  4887.17236328     1.70387971
  4888.29687500     1.77101696
  4889.42382813     1.83876359
  4890.54882813     1.90671170
  4891.67675781     1.97500539
  4892.80175781     2.04313397
  4893.93017578     2.11132026
  4895.05615234     2.17904496
  4896.18212891     2.24628663
  4897.31103516     2.31304550
  4898.43798828     2.37885785
  4899.56738281     2.44380379
  4900.69433594     2.50742698
  4901.82421875     2.56985378
  4902.95214844     2.63063908
  4904.08007813     2.68972111
  4905.21093750     2.74707961
  4906.33935547     2.80227685
  4907.47070313     2.85541654
  4908.59960938     2.90609503
  4909.73193359     2.95442843
  4910.86132813     3.00000930
  4911.99072266     3.04284239
  4913.12353516     3.08292961
  4914.25390625     3.11995769
  4915.38720703     3.15400887
  4916.51806641     3.18484282
  4917.65185547     3.21253991
  4918.78271484     3.23690701
  4919.91455078     3.25800323
  4921.04882813     3.27582121
  4922.18115234     3.29028726
  4923.31640625     3.30147195
  4924.44873047     3.30934763
  4925.58447266     3.31400204
  4926.71728516     3.31547022
  4927.85058594     3.31384563
  4928.98681641     3.30920649
  4930.12109375     3.30168009
  4931.25781250     3.29136372
  4932.39208984     3.27844334
  4933.52978516     3.26300669
  4934.66503906     3.24530172
  4935.79980469     3.22549009
  4936.93847656     3.20368266
  4938.07373047     3.18022656
  4939.21289063     3.15518832
  4940.34912109     3.12894344
  4941.48779297     3.10160565
  4942.62500000     3.07350945
  4943.76171875     3.04488134
  4944.90185547     3.01587343
  4946.03955078     2.98688984
  4947.18017578     2.95805192
  4948.31787109     2.92976570
  4949.45898438     2.90212917
  4950.59765625     2.87553883
  4951.73681641     2.85017347
  4952.87841797     2.82623792
  4954.01806641     2.80406213
  4955.16064453     2.78378248
  4956.30029297     2.76572204
  4957.44287109     2.74999571
  4958.58349609     2.73687005
  4959.72460938     2.72649360
  4960.86816406     2.71902752
  4962.00927734     2.71465540
  4963.15380859     2.71349525
  4964.29541016     2.71567345
  4965.43994141     2.72130108
  4966.58203125     2.73043513
  4967.72460938     2.74315119
  4968.87060547     2.75954127
  4970.01367188     2.77953672
  4971.15966797     2.80323958
  4972.30322266     2.83052135
  4973.44970703     2.86146784
  4974.59375000     2.89587426
  4975.74121094     2.93383503
  4976.88574219     2.97503662
  4978.03076172     3.01946712
  4979.17871094     3.06708813
  4980.32421875     3.11751461
  4981.47265625     3.17080045
  4982.61865234     3.22649622
  4983.76757813     3.28464603
  4984.91406250     3.34474564
  4986.06054688     3.40666652
  4987.21044922     3.47034001
  4988.35791016     3.53516889
  4989.50830078     3.60116935
  4990.65625000     3.66774011
  4991.80664063     3.73485994
  4992.95507813     3.80196333
  4994.10400391     3.86887932
  4995.25537109     3.93540168
  4996.40429688     4.00093079
  4997.55664063     4.06547832
  4998.70654297     4.12839890
  4999.85937500     4.18967009
  5001.00927734     4.24867249
  5002.15966797     4.30528688
  5003.31347656     4.35935211
  5004.46435547     4.41028547
  5005.61816406     4.45807409
  5006.77001953     4.50225353
  5007.92431641     4.54274416
  5009.07666016     4.57916260
  5010.22851563     4.61135530
  5011.38427734     4.63923311
  5012.53662109     4.66244078
  5013.69287109     4.68096924
  5014.84619141     4.69456816
  5016.00244141     4.70319319
  5017.15673828     4.70670986
  5018.31054688     4.70507097
  5019.46826172     4.69820023
  5020.62255859     4.68611336
  5021.78076172     4.66872931
  5022.93554688     4.64617491
  5024.09423828     4.61834717
  5025.25000000     4.58546734
  5026.40576172     4.54755783
  5027.56494141     4.50458956
  5028.72167969     4.45690060
  5029.88134766     4.40440893
  5031.03808594     4.34754372
  5032.19824219     4.28616858
  5033.35595703     4.22078276
  5034.51416016     4.15144062
  5035.67480469     4.07823229
  5036.83349609     4.00166559
  5037.99511719     3.92165947
  5039.15380859     3.83887029
  5040.31591797     3.75310397
  5041.47558594     3.66505623
  5042.63525391     3.57482052
  5043.79785156     3.48243713
  5044.95800781     3.38860703
  5046.12158203     3.29313326
  5047.28222656     3.19681191
  5048.44628906     3.09939170
  5049.60791016     3.00163221
  5050.76904297     2.90363884
  5051.93408203     2.80530190
  5053.09619141     2.70745254
  5054.26171875     2.60980606
  5055.42431641     2.51313448
  5056.58984375     2.41718173
  5057.75341797     2.32257342
  5058.91699219     2.22935843
  5060.08300781     2.13754702
  5061.24755859     2.04763937
  5062.41455078     1.95951653
  5063.57910156     1.87371457
  5064.74658203     1.78999615
  5065.91210938     1.70885992
  5067.08007813     1.63013613
  5068.24560547     1.55427670
  5069.41162109     1.48119628
  5070.58056641     1.41085601
  5071.74707031     1.34367180
  5072.91699219     1.27939177
  5074.08349609     1.21846366
  5075.25390625     1.16056967
  5076.42138672     1.10610592
  5077.58935547     1.05494988
  5078.76025391     1.00704765
  5079.92822266     0.96267068
  5081.10009766     0.92158908
  5082.26904297     0.88406670
  5083.44091797     0.84992933
  5084.61035156     0.81934524
  5085.77978516     0.79224414
  5086.95263672     0.76856315
  5088.12304688     0.74842238
  5089.29638672     0.73172569
  5090.46728516     0.71854293
  5091.64111328     0.70880437
  5092.81201172     0.70254540
  5093.98388672     0.69972003
  5095.15820313     0.70032233
  5096.33056641     0.70433241
  5097.50585938     0.71174908
  5098.67871094     0.72251761
  5099.85400391     0.73665667
  5101.02734375     0.75408810
  5102.20117188     0.77481180
  5103.37744141     0.79884231
  5104.55126953     0.82604468
  5105.72851563     0.85652047
  5106.90332031     0.89008039
  5108.08056641     0.92681879
  5109.25585938     0.96655148
  5110.43115234     1.00928319
  5111.60986328     1.05509257
  5112.78564453     1.10367155
  5113.96435547     1.15519249
  5115.14111328     1.20937073
  5116.32031250     1.26632726
  5117.49755859     1.32576382
  5118.67480469     1.38767695
  5119.85546875     1.45215309
  5121.03320313     1.51873696
  5122.21386719     1.58763969
  5123.39208984     1.65842247
  5124.57373047     1.73130357
  5125.75244141     1.80574834
  5126.93164063     1.88181520
  5128.11425781     1.95953941
  5129.29394531     2.03833413
  5130.47656250     2.11841440
  5131.65673828     2.19922996
  5132.84033203     2.28098965
  5134.02099609     2.36305499
  5135.20214844     2.44545388
  5136.38623047     2.52814484
  5137.56787109     2.61053252
  5138.75244141     2.69276619
  5139.93457031     2.77424479
  5141.12011719     2.85513759
  5142.30273438     2.93477750
  5143.48583984     3.01316047
  5144.67187500     3.09020591
  5145.85546875     3.16532755
  5147.04199219     3.23862863
  5148.22607422     3.30954385
  5149.41308594     3.37816358
  5150.59814453     3.44397783
  5151.78271484     3.50685883
  5152.97070313     3.56679058
  5154.15625000     3.62327075
  5155.34472656     3.67635751
  5156.53076172     3.72562551
  5157.71972656     3.77112222
  5158.90625000     3.81247926
  5160.09570313     3.84973407
  5161.28271484     3.88258147
  5162.47021484     3.91099548
  5163.66113281     3.93492103
  5164.84863281     3.95413375
  5166.03955078     3.96867347
  5167.22802734     3.97841001
  5168.41992188     3.98334908
  5169.60888672     3.98344350
  5170.79785156     3.97871065
  5171.99023438     3.96913338
  5173.18017578     3.95478797
  5174.37304688     3.93565989
  5175.56347656     3.91190147
  5176.75683594     3.88348961
  5177.94775391     3.85065246
  5179.13916016     3.81343818
  5180.33349609     3.77188587
  5181.52490234     3.72634745
  5182.71972656     3.67673969
  5183.91210938     3.62347412
  5185.10742188     3.56649494
  5186.30029297     3.50625134
  5187.49365234     3.44280887
  5188.68945313     3.37626600
  5189.88330078     3.30708504
  5191.08007813     3.23520756
  5192.27392578     3.16121554
  5193.47167969     3.08491826
  5194.66650391     3.00698495
  5195.86132813     2.92746878
  5197.05957031     2.84637403
  5198.25488281     2.76436543
  5199.45410156     2.68120742
  5200.64990234     2.59763741
  5201.84912109     2.51340604
  5203.04589844     2.42914343
  5204.24267578     2.34489298
  5205.44287109     2.26062179
  5206.64013672     2.17697597
  5207.84130859     2.09366918
  5209.03906250     2.01139116
  5210.24023438     1.92984593
  5211.43896484     1.84959340
  5212.63769531     1.77061784
  5213.83984375     1.69284022
  5215.03906250     1.61680150
  5216.24169922     1.54221773
  5217.44189453     1.46956217
  5218.64501953     1.39860511
  5219.84570313     1.32974911
  5221.04638672     1.26292121
  5222.25048828     1.19800127
  5223.45166016     1.13538432
  5224.65625000     1.07478166
  5225.85839844     1.01652098
  5227.06298828     0.96038663
  5228.26562500     0.90659618
  5229.46826172     0.85505956
  5230.67431641     0.80563414
  5231.87744141     0.75856781
  5233.08398438     0.71359217
  5234.28808594     0.67090058
  5235.49511719     0.63026977
  5236.69921875     0.59185648
  5237.90380859     0.55550033
  5239.11181641     0.52107269
  5240.31738281     0.48868880
  5241.52587891     0.45814735
  5242.73144531     0.42953557
  5243.94042969     0.40263993
  5245.14697266     0.37752676
  5246.35595703     0.35402665
  5247.56298828     0.33215714
  5248.77050781     0.31180087
  5249.98046875     0.29285991
  5251.18847656     0.27533317
  5252.39941406     0.25908071
  5253.60791016     0.24410520
  5254.81933594     0.23027140
  5256.02783203     0.21757779
  5257.23730469     0.20591350
  5258.44921875     0.19520313
  5259.65917969     0.18542181
  5260.87207031     0.17646885
  5262.08203125     0.16832700
  5263.29541016     0.16089565
  5264.50634766     0.15415525
  5265.71777344     0.14803395
  5266.93164063     0.14247245
  5268.14355469     0.13744178
  5269.35839844     0.13287514
  5270.57031250     0.12874997
  5271.78564453     0.12500261
  5272.99853516     0.12161169
  5274.21191406     0.11853075
  5275.42773438     0.11572069
  5276.64160156     0.11315896
  5277.85839844     0.11080480
  5279.07275391     0.10864031
  5280.29003906     0.10662958
  5281.50439453     0.10475813
  5282.71972656     0.10299740
  5283.93750000     0.10132542
  5285.15332031     0.09972984
  5286.37158203     0.09818827
  5287.58837891     0.09669077
  5288.80761719     0.09521925
  5290.02392578     0.09376843
  5291.24121094     0.09232332
  5292.46093750     0.09087330
  5293.67871094     0.08941601
  5294.89990234     0.08793861
  5296.11767578     0.08644415
  5297.33886719     0.08492006
  5298.55761719     0.08337048
  5299.77636719     0.08179013
  5300.99853516     0.08017302
  5302.21826172     0.07852624
  5303.44042969     0.07684325
  5304.66064453     0.07513074
  5305.88427734     0.07338238
  5307.10449219     0.07160966
  5308.32568359     0.06980848
  5309.54980469     0.06797837
  5310.77099609     0.06613098
  5311.99560547     0.06425984
  5313.21777344     0.06237726
  5314.44335938     0.06047772
  5315.66552734     0.05857548
  5316.88818359     0.05666824
  5318.11425781     0.05475518
  5319.33789063     0.05284924
  5320.56445313     0.05094584
  5321.78857422     0.04905703
  5323.01611328     0.04717739
  5324.24023438     0.04532093
  5325.46484375     0.04348502
  5326.69335938     0.04166788
  5327.91894531     0.03988272
  5329.14746094     0.03812389
  5330.37353516     0.03640177
  5331.60253906     0.03471132
  5332.82861328     0.03306285
  5334.05566406     0.03145308
  5335.28564453     0.02988144
  5336.51318359     0.02835643
  5337.74316406     0.02687337
  5338.97119141     0.02543875
  5340.20214844     0.02404784
  5341.43115234     0.02270697
  5342.66259766     0.02141191
  5343.89160156     0.02016810
  5345.12158203     0.01897214
  5346.35400391     0.01782279
  5347.58398438     0.01672438
  5348.81689453     0.01567177
  5350.04785156     0.01466868
  5351.28125000     0.01371089
  5352.51220703     0.01280141
  5353.74365234     0.01193707
  5354.97851563     0.01111504
  5356.20996094     0.01033876
  5357.44482422     0.00960274
  5358.67773438     0.00890903
  5359.91357422     0.00825362
  5361.14648438     0.00763825
  5362.37988281     0.00705971
  5363.61621094     0.00651560
  5364.85009766     0.00600685
  5366.08740234     0.00552962
  5367.32177734     0.00508493
  5368.55908203     0.00466919
  5369.79443359     0.00428265
  5371.02929688     0.00392332
  5372.26806641     0.00358862
  5373.50439453     0.00327892
  5374.74365234     0.00299153
  5375.97949219     0.00272659
  5377.21972656     0.00248117
  5378.45605469     0.00225566
  5379.69384766     0.00204784
  5380.93408203     0.00185647
  5382.17236328     0.00168111
  5383.41308594     0.00152010
  5384.65185547     0.00137299
  5385.89355469     0.00123826
  5387.13232422     0.00111560
  5388.37158203     0.00100379
  5389.61474609     0.00090174
  5390.85449219     0.00080927
  5392.09765625     0.00072515
  5393.33789063     0.00064912
  5394.58154297     0.00058015
  5395.82226563     0.00051799
  5397.06396484     0.00046186
  5398.30810547     0.00041119
  5399.55029297     0.00036569
  5400.79492188     0.00032473
  5402.03808594     0.00028804
  5403.28369141     0.00025510
  5404.52685547     0.00022570
  5405.76953125     0.00019944
  5407.01660156     0.00017594
  5408.26025391     0.00015506
  5409.50781250     0.00013643
  5410.75195313     0.00011993
  5411.99951172     0.00010525
  5413.24414063     0.00009228
  5414.48974609     0.00008080
  5415.73876953     0.00007062
  5416.98437500     0.00006168
  5418.23339844     0.00005377
  5419.47949219     0.00004684
  5420.72949219     0.00004073
  5421.97656250     0.00003538
  5423.22412109     0.00003070
  5424.47460938     0.00002659
  5425.72265625     0.00002301
  5426.97363281     0.00001988
  5428.22167969     0.00001715
  5429.47363281     0.00001478
  5430.72314453     0.00001272
  5431.97265625     0.00001093
  5433.22509766     0.00000938
  5434.47509766     0.00000805
  5435.72802734     0.00000689
  5436.97851563     0.00000589
  5438.23242188     0.00000503
  5439.48291016     0.00000429
  5440.73730469     0.00000365
  5441.98925781     0.00000310
  5443.24121094     0.00000264
  5444.49609375     0.00000224
  5445.74853516     0.00000189
  5447.00488281     0.00000160
  5448.25732422     0.00000135
  5449.51416016     0.00000114
  5450.76757813     0.00000096
  5452.02148438     0.00000081
  5453.27880859     0.00000068
  5454.53369141     0.00000057
  5455.79101563     0.00000048
  5457.04638672     0.00000040
  5458.30419922     0.00000033
  5459.56005859     0.00000028
  5460.81640625     0.00000023
  5462.07568359     0.00000019
  5463.33203125     0.00000016
  5464.59179688     0.00000013
  5465.84912109     0.00000011
  5467.10937500     0.00000009
  5468.36718750     0.00000008
  5469.62548828     0.00000006
  5470.88671875     0.00000005
  5472.14453125     0.00000004
  5473.40673828     0.00000004
  5474.66601563     0.00000003
  5475.92871094     0.00000002
  5477.18798828     0.00000002
  5478.44824219     0.00000002
  5479.71142578     0.00000001
  5480.97216797     0.00000001
  5482.23583984     0.00000001
  5483.49707031     0.00000001
  5484.76171875     0.00000001
  5486.02343750     0.00000000
  5487.28564453     0.00000000
  5488.55078125     0.00000000
  5489.81396484     0.00000000
  5491.07958984     0.00000000
  5492.34277344     0.00000000
  5493.60888672     0.00000000
  5494.87304688     0.00000000
  5496.13720703     0.00000000
  5497.40429688     0.00000000
  5498.66943359     0.00000000
  5499.93701172     0.00000000
