  4000.89990234     0.00000000
  4001.82006836     0.00000000
  4002.74316406     0.00000000
  4003.66381836     0.00000000
  4004.58715820     0.00000000
  4005.50830078     0.00000000
  4006.43188477     0.00000000
  4007.35351563     0.00000000
  4008.27563477     0.00000000
  4009.19995117     0.00000000
  4010.12231445     0.00000000
  4011.04687500     0.00000000
  4011.96972656     0.00000000
  4012.89453125     0.00000000
  4013.81787109     0.00000000
  4014.74121094     0.00000000
  4015.66699219     0.00000000
  4016.59106445     0.00000000
  4017.51708984     0.00000000
  4018.44140625     0.00000000
  4019.36791992     0.00000000
  4020.29272461     0.00000000
  4021.21752930     0.00000000
  4022.14477539     0.00000000
  4023.07006836     0.00000000
  4023.99780273     0.00000000
  4024.92333984     0.00000000
  4025.85180664     0.00000000
  4026.77783203     0.00000000
  4027.70410156     0.00000000
  4028.63305664     0.00000000
  4029.55981445     0.00000000
  4030.48901367     0.00000000
  4031.41601563     0.00000000
  4032.34570313     0.00000000
  4033.27343750     0.00000000
  4034.20117188     0.00000000
  4035.13134766     0.00000000
  4036.05981445     0.00000000
  4036.99047852     0.00000000
  4037.91918945     0.00000000
  4038.85034180     0.00000000
  4039.77929688     0.00000000
  4040.70874023     0.00000000
  4041.64038086     0.00000000
  4042.57031250     0.00000000
  4043.50244141     0.00000000
  4044.43261719     0.00000000
  4045.36547852     0.00000000
  4046.29614258     0.00000000
  4047.22680664     0.00000000
  4048.16040039     0.00000000
  4049.09155273     0.00000000
  4050.02514648     0.00000000
  4050.95703125     0.00000000
  4051.89086914     0.00000000
  4052.82299805     0.00000000
  4053.75561523     0.00000000
  4054.69018555     0.00000000
  4055.62304688     0.00000000
  4056.55810547     0.00000000
  4057.49169922     0.00000000
  4058.42724609     0.00000000
  4059.36083984     0.00000000
  4060.29467773     0.00000000
  4061.23071289     0.00000000
  4062.16503906     0.00000000
  4063.10205078     0.00000000
  4064.03662109     0.00000000
  4064.97387695     0.00000000
  4065.90893555     0.00000000
  4066.84423828     0.00000000
  4067.78198242     0.00000000
  4068.71801758     0.00000000
  4069.65600586     0.00000000
  4070.59228516     0.00000000
  4071.53100586     0.00000000
  4072.46752930     0.00000000
  4073.40454102     0.00000000
  4074.34375000     0.00000000
  4075.28100586     0.00000000
  4076.22094727     0.00000000
  4077.15869141     0.00000000
  4078.09863281     0.00000000
  4079.03686523     0.00000000
  4079.97753906     0.00000000
  4080.91625977     0.00000000
  4081.85498047     0.00000000
  4082.79614258     0.00000000
  4083.73559570     0.00000000
  4084.67724609     0.00000000
  4085.61694336     0.00000000
  4086.55908203     0.00000000
  4087.49902344     0.00000000
  4088.43945313     0.00000000
  4089.38208008     0.00000000
  4090.32275391     0.00000000
  4091.26635742     0.00000000
  4092.20727539     0.00000000
  4093.15087891     0.00000000
  4094.09252930     0.00000000
  4095.03442383     0.00000000
  4095.97875977     0.00000000
  4096.92089844     0.00000000
  4097.86572266     0.00000000
  4098.80859375     0.00000000
  4099.75341797     0.00000000
  4100.69677734     0.00000000
  4101.64013672     0.00000000
  4102.58593750     0.00000000
  4103.52978516     0.00000000
  4104.47607422     0.00000000
  4105.42041016     0.00000000
  4106.36718750     0.00000000
  4107.31152344     0.00000000
  4108.25634766     0.00000000
  4109.20410156     0.00000000
  4110.14941406     0.00000000
  4111.09716797     0.00000000
  4112.04296875     0.00000000
  4112.99121094     0.00000000
  4113.93701172     0.00000000
  4114.88378906     0.00000000
  4115.83251953     0.00000000
  4116.77929688     0.00000000
  4117.72851563     0.00000000
  4118.67578125     0.00000000
  4119.62548828     0.00000000
  4120.57324219     0.00000000
  4121.52148438     0.00000000
  4122.47167969     0.00000000
  4123.42041016     0.00000000
  4124.37109375     0.00000000
  4125.31982422     0.00000000
  4126.27099609     0.00000000
  4127.22021484     0.00000000
  4128.16943359     0.00000000
  4129.12158203     0.00000000
  4130.07177734     0.00000000
  4131.02392578     0.00000000
  4131.97460938     0.00000000
  4132.92724609     0.00000000
  4133.87792969     0.00000000
  4134.82910156     0.00000000
  4135.78222656     0.00000000
  4136.73388672     0.00000000
  4137.68798828     0.00000000
  4138.63964844     0.00000000
  4139.59375000     0.00000000
  4140.54638672     0.00000000
  4141.49902344     0.00000000
  4142.45410156     0.00000000
  4143.40673828     0.00000000
  4144.36230469     0.00000000
  4145.31591797     0.00000000
  4146.27148438     0.00000000
  4147.22558594     0.00000000
  4148.17968750     0.00000000
  4149.13574219     0.00000000
  4150.09033203     0.00000000
  4151.04736328     0.00000000
  4152.00244141     0.00000000
  4152.95996094     0.00000000
  4153.91552734     0.00000000
  4154.87304688     0.00000000
  4155.82910156     0.00000000
  4156.78515625     0.00000000
  4157.74365234     0.00000000
  4158.70019531     0.00000000
  4159.65869141     0.00000000
  4160.61572266     0.00000000
  4161.57568359     0.00000000
  4162.53271484     0.00000000
  4163.49023438     0.00000000
  4164.45068359     0.00000000
  4165.40869141     0.00000000
  4166.36914063     0.00000000
  4167.32763672     0.00000000
  4168.28857422     0.00000000
  4169.24707031     0.00000000
  4170.20654297     0.00000000
  4171.16845703     0.00000000
  4172.12792969     0.00000000
  4173.08984375     0.00000000
  4174.04980469     0.00000000
  4175.01220703     0.00000000
  4175.97265625     0.00000000
  4176.93359375     0.00000000
  4177.89648438     0.00000000
  4178.85791016     0.00000000
  4179.82128906     0.00000000
  4180.78320313     0.00000000
  4181.74707031     0.00000000
  4182.70898438     0.00000000
  4183.67138672     0.00000000
  4184.63574219     0.00000000
  4185.59863281     0.00000000
  4186.56396484     0.00000000
  4187.52734375     0.00000000
  4188.49267578     0.00000000
  4189.45605469     0.00000000
  4190.41992188     0.00000000
  4191.38623047     0.00000000
  4192.35058594     0.00000000
  4193.31738281     0.00000000
  4194.28173828     0.00000000
  4195.24902344     0.00000000
  4196.21435547     0.00000000
  4197.17919922     0.00000000
  4198.14746094     0.00000000
  4199.11328125     0.00000000
  4200.08154297     0.00000000
  4201.04785156     0.00000000
  4202.01660156     0.00000000
  4202.98339844     0.00000000
  4203.95019531     0.00000000
  4204.91943359     0.00000000
  4205.88671875     0.00000000
  4206.85644531     0.00000000
  4207.82421875     0.00000000
  4208.79492188     0.00000000
  4209.76269531     0.00000000
  4210.73144531     0.00000000
  4211.70263672     0.00000000
  4212.67138672     0.00000000
  4213.64257813     0.00000000
  4214.61230469     0.00000000
  4215.58398438     0.00000000
  4216.55371094     0.00000000
  4217.52392578     0.00000000
  4218.49609375     0.00000000
  4219.46679688     0.00000000
  4220.43994141     0.00000000
  4221.41064453     0.00000000
  4222.38427734     0.00000000
  4223.35546875     0.00000000
  4224.32714844     0.00000000
  4225.30126953     0.00000000
  4226.27343750     0.00000000
  4227.24755859     0.00000000
  4228.22021484     0.00000000
  4229.19531250     0.00000000
  4230.16796875     0.00000000
  4231.14355469     0.00000000
  4232.11718750     0.00000000
  4233.09033203     0.00000000
  4234.06689453     0.00000000
  4235.04101563     0.00000000
  4236.01708984     0.00000000
  4236.99218750     0.00000000
  4237.96875000     0.00000000
  4238.94384766     0.00000000
  4239.91894531     0.00000000
  4240.89697266     0.00000000
  4241.87255859     0.00000000
  4242.85058594     0.00000000
  4243.82666016     0.00000000
  4244.80517578     0.00000000
  4245.78173828     0.00000000
  4246.75878906     0.00000000
  4247.73779297     0.00000000
  4248.71484375     0.00000000
  4249.69482422     0.00000000
  4250.67236328     0.00000000
  4251.65283203     0.00000000
  4252.63085938     0.00000000
  4253.60888672     0.00000000
  4254.58984375     0.00000000
  4255.56835938     0.00000000
  4256.54980469     0.00000000
  4257.52929688     0.00000000
  4258.51074219     0.00000000
  4259.49023438     0.00000000
  4260.47070313     0.00000000
  4261.45312500     0.00000001
  4262.43310547     0.00000001
  4263.41601563     0.00000001
  4264.39697266     0.00000001
  4265.38037109     0.00000001
  4266.36132813     0.00000002
  4267.34326172     0.00000002
  4268.32714844     0.00000003
  4269.30908203     0.00000004
  4270.29345703     0.00000005
  4271.27587891     0.00000006
  4272.26074219     0.00000008
  4273.24365234     0.00000009
  4274.22656250     0.00000012
  4275.21240234     0.00000015
  4276.19580078     0.00000019
  4277.18164063     0.00000024
  4278.16601563     0.00000029
  4279.15234375     0.00000037
  4280.13671875     0.00000046
  4281.12158203     0.00000057
  4282.10888672     0.00000071
  4283.09375000     0.00000087
  4284.08105469     0.00000108
  4285.06689453     0.00000134
  4286.05517578     0.00000165
  4287.04101563     0.00000204
  4288.02734375     0.00000251
  4289.01611328     0.00000308
  4290.00292969     0.00000378
  4290.99218750     0.00000463
  4291.97949219     0.00000567
  4292.96923828     0.00000692
  4293.95654297     0.00000844
  4294.94433594     0.00001028
  4295.93505859     0.00001250
  4296.92285156     0.00001518
  4297.91357422     0.00001840
  4298.90283203     0.00002227
  4299.89404297     0.00002692
  4300.88330078     0.00003248
  4301.87255859     0.00003913
  4302.86474609     0.00004709
  4303.85449219     0.00005656
  4304.84667969     0.00006785
  4305.83740234     0.00008125
  4306.83007813     0.00009717
  4307.82080078     0.00011599
  4308.81396484     0.00013830
  4309.80566406     0.00016460
  4310.79687500     0.00019557
  4311.79101563     0.00023212
  4312.78320313     0.00027498
  4313.77734375     0.00032535
  4314.77001953     0.00038425
  4315.76513672     0.00045328
  4316.75732422     0.00053360
  4317.75097656     0.00062733
  4318.74658203     0.00073658
  4319.73974609     0.00086316
  4320.73632813     0.00101045
  4321.72998047     0.00118046
  4322.72656250     0.00137752
  4323.72070313     0.00160434
  4324.71582031     0.00186584
  4325.71289063     0.00216717
  4326.70800781     0.00251245
  4327.70556641     0.00290920
  4328.70166016     0.00336254
  4329.69970703     0.00388147
  4330.69580078     0.00447216
  4331.69189453     0.00514459
  4332.69091797     0.00591119
  4333.68750000     0.00677899
  4334.68701172     0.00776497
  4335.68408203     0.00887735
  4336.68408203     0.01013697
  4337.68164063     0.01155325
  4338.67919922     0.01314662
  4339.67968750     0.01494166
  4340.67822266     0.01695067
  4341.67919922     0.01920521
  4342.67822266     0.02171987
  4343.67919922     0.02453072
  4344.67871094     0.02765653
  4345.67822266     0.03113132
  4346.68017578     0.03499722
  4347.68017578     0.03927194
  4348.68261719     0.04401127
  4349.68310547     0.04923351
  4350.68603516     0.05500313
  4351.68701172     0.06133839
  4352.68798828     0.06829530
  4353.69189453     0.07594458
  4354.69335938     0.08429526
  4355.69726563     0.09343982
  4356.69970703     0.10339708
  4357.70410156     0.11425698
  4358.70703125     0.12603959
  4359.70947266     0.13881169
  4360.71484375     0.15267944
  4361.71777344     0.16762927
  4362.72363281     0.18380263
  4363.72753906     0.20118314
  4364.73339844     0.21989889
  4365.73779297     0.23994698
  4366.74218750     0.26141232
  4367.74902344     0.28440952
  4368.75390625     0.30889466
  4369.76123047     0.33502886
  4370.76660156     0.36274922
  4371.77441406     0.39222452
  4372.78027344     0.42336994
  4373.78613281     0.45627850
  4374.79492188     0.49108618
  4375.80126953     0.52763587
  4376.81005859     0.56612545
  4377.81689453     0.60640234
  4378.82666016     0.64867055
  4379.83398438     0.69270539
  4380.84130859     0.73859680
  4381.85156250     0.78646773
  4382.85986328     0.83606201
  4383.87011719     0.88753444
  4384.87890625     0.94066572
  4385.89013672     0.99560750
  4386.89892578     1.05202794
  4387.91064453     1.11015213
  4388.91992188     1.16958654
  4389.92968750     1.23040307
  4390.94189453     1.29262006
  4391.95214844     1.35585272
  4392.96484375     1.42025328
  4393.97558594     1.48541117
  4394.98876953     1.55146968
  4396.00000000     1.61799574
  4397.01123047     1.68496287
  4398.02490234     1.75237525
  4399.03710938     1.81980991
  4400.05126953     1.88732624
  4401.06347656     1.95449483
  4402.07812500     2.02143431
  4403.09130859     2.08771491
  4404.10400391     2.15322971
  4405.11962891     2.21802688
  4406.13281250     2.28159666
  4407.14892578     2.34411073
  4408.16259766     2.40508056
  4409.17919922     2.46467495
  4410.19384766     2.52246141
  4411.20849609     2.57841897
  4412.22558594     2.63254881
  4413.24072266     2.68449759
  4414.25830078     2.73438215
  4415.27343750     2.78186750
  4416.29150391     2.82712102
  4417.30761719     2.86984992
  4418.32373047     2.91008592
  4419.34277344     2.94788980
  4420.35937500     2.98302770
  4421.37890625     3.01566505
  4422.39599609     3.04562283
  4423.41552734     3.07305121
  4424.43310547     3.09784985
  4425.45117188     3.12011552
  4426.47167969     3.13992238
  4427.49023438     3.15723753
  4428.51123047     3.17219806
  4429.52978516     3.18480444
  4430.55126953     3.19520402
  4431.57031250     3.20342922
  4432.58984375     3.20960426
  4433.61181641     3.21383357
  4434.63183594     3.21620250
  4435.65478516     3.21682835
  4436.67480469     3.21581769
  4437.69824219     3.21327639
  4438.71923828     3.20932865
  4439.73974609     3.20408487
  4440.76367188     3.19762874
  4441.78515625     3.19010329
  4442.80957031     3.18157125
  4443.83154297     3.17217803
  4444.85644531     3.16196775
  4445.87890625     3.15108323
  4446.90185547     3.13957787
  4447.92724609     3.12750387
  4448.95068359     3.11498237
  4449.97607422     3.10202742
  4451.00000000     3.08873701
  4452.02685547     3.07510042
  4453.05078125     3.06123376
  4454.07519531     3.04712296
  4455.10205078     3.03276348
  4456.12744141     3.01822472
  4457.15478516     3.00346565
  4458.18017578     2.98854375
  4459.20800781     2.97338820
  4460.23388672     2.95804930
  4461.26025391     2.94247293
  4462.28906250     2.92660236
  4463.31494141     2.91048980
  4464.34472656     2.89399171
  4465.37158203     2.87717724
  4466.40136719     2.85990667
  4467.42871094     2.84222245
  4468.45898438     2.82398248
  4469.48681641     2.80522919
  4470.51513672     2.78585839
  4471.54589844     2.76577592
  4472.57470703     2.74501348
  4473.60595703     2.72342730
  4474.63525391     2.70105648
  4475.66699219     2.67775393
  4476.69677734     2.65356874
  4477.72656250     2.62841129
  4478.75878906     2.60217595
  4479.78955078     2.57492042
  4480.82226563     2.54651856
  4481.85351563     2.51703238
  4482.88671875     2.48633838
  4483.91796875     2.45453167
  4484.94970703     2.42152500
  4485.98388672     2.38724232
  4487.01562500     2.35184312
  4488.05078125     2.31512809
  4489.08300781     2.27733231
  4490.11816406     2.23825765
  4491.15087891     2.19813061
  4492.18408203     2.15687060
  4493.22021484     2.11441112
  4494.25390625     2.07101464
  4495.29003906     2.02652645
  4496.32421875     1.98119020
  4497.36132813     1.93485153
  4498.39550781     1.88783884
  4499.43066406     1.84004915
  4500.46826172     1.79148746
  4501.50341797     1.74246347
  4502.54150391     1.69280708
  4503.57714844     1.64286280
  4504.61572266     1.59246182
  4505.65234375     1.54193354
  4506.68847656     1.49130213
  4507.72802734     1.44047129
  4508.76464844     1.38984752
  4509.80468750     1.33921766
  4510.84228516     1.28896177
  4511.88232422     1.23893797
  4512.92041016     1.18945038
  4513.95849609     1.14049482
  4514.99902344     1.09204555
  4516.03808594     1.04436946
  4517.07910156     0.99739152
  4518.11865234     0.95134318
  4519.16015625     0.90614641
  4520.20019531     0.86201847
  4521.23974609     0.81897771
  4522.28222656     0.77694505
  4523.32275391     0.73617184
  4524.36572266     0.69653499
  4525.40673828     0.65824461
  4526.45019531     0.62117743
  4527.49121094     0.58553940
  4528.53320313     0.55123729
  4529.57763672     0.51825178
  4530.61962891     0.48675469
  4531.66406250     0.45661113
  4532.70654297     0.42795724
  4533.75195313     0.40066561
  4534.79492188     0.37487841
  4535.83789063     0.35052770
  4536.88427734     0.32753536
  4537.92773438     0.30603427
  4538.97412109     0.28589329
  4540.01806641     0.26720530
  4541.06542969     0.24985415
  4542.10986328     0.23393196
  4543.15722656     0.21933496
  4544.20263672     0.20611836
  4545.24755859     0.19424458
  4546.29589844     0.18366109
  4547.34179688     0.17441615
  4548.39062500     0.16645168
  4549.43652344     0.15980242
  4550.48583984     0.15442091
  4551.53271484     0.15033317
  4552.58007813     0.14752068
  4553.62939453     0.14598306
  4554.67724609     0.14572784
  4555.72753906     0.14676034
  4556.77539063     0.14908302
  4557.82617188     0.15271878
  4558.87500000     0.15766549
  4559.92333984     0.16394103
  4560.97509766     0.17159270
  4562.02441406     0.18060052
  4563.07666016     0.19103478
  4564.12597656     0.20286247
  4565.17871094     0.21618320
  4566.22900391     0.23095328
  4567.27880859     0.24722359
  4568.33251953     0.26509997
  4569.38330078     0.28449941
  4570.43701172     0.30556071
  4571.48876953     0.32821867
  4572.54248047     0.35258648
  4573.59423828     0.37860128
  4574.64648438     0.40634516
  4575.70166016     0.43591359
  4576.75439453     0.46717677
  4577.80957031     0.50029546
  4578.86279297     0.53514445
  4579.91845703     0.57187665
  4580.97216797     0.61034185
  4582.02587891     0.65060145
  4583.08251953     0.69276357
  4584.13671875     0.73659730
  4585.19433594     0.78232318
  4586.24902344     0.82963532
  4587.30664063     0.87875509
  4588.36181641     0.92938554
  4589.41748047     0.98160470
  4590.47558594     1.03544939
  4591.53173828     1.09062243
  4592.59082031     1.14729631
  4593.64697266     1.20506525
  4594.70605469     1.26414871
  4595.76318359     1.32416618
  4596.82080078     1.38513708
  4597.88037109     1.44702411
  4598.93847656     1.50949526
  4599.99853516     1.57261348
  4601.05664063     1.63600099
  4602.11816406     1.69982958
  4603.17675781     1.76356161
  4604.23583984     1.82724357
  4605.29736328     1.89082956
  4606.35693359     1.95389116
  4607.41943359     2.01655173
  4608.47900391     2.07829857
  4609.54150391     2.13930678
  4610.60205078     2.19912958
  4611.66259766     2.25771880
  4612.72607422     2.31507087
  4613.78759766     2.37076616
  4614.85107422     2.42485976
  4615.91308594     2.47703362
  4616.97753906     2.52733970
  4618.03955078     2.57541871
  4619.10156250     2.62126803
  4620.16699219     2.66491318
  4621.22998047     2.70600843
  4622.29541016     2.74465084
  4623.35888672     2.78059697
  4624.42529297     2.81393743
  4625.48876953     2.84442854
  4626.55566406     2.87220049
  4627.61962891     2.89704823
  4628.68457031     2.91904235
  4629.75146484     2.93817449
  4630.81689453     2.95437384
  4631.88476563     2.96769905
  4632.95019531     2.97810149
  4634.01855469     2.98565364
  4635.08447266     2.99034572
  4636.15087891     2.99223518
  4637.22021484     2.99135995
  4638.28710938     2.98777342
  4639.35644531     2.98151755
  4640.42382813     2.97267890
  4641.49365234     2.96128821
  4642.56152344     2.94746137
  4643.62939453     2.93125534
  4644.70019531     2.91269326
  4645.76904297     2.89193702
  4646.84033203     2.86898088
  4647.90917969     2.84401226
  4648.98095703     2.81698728
  4650.05029297     2.78812361
  4651.12011719     2.75743008
  4652.19287109     2.72491145
  4653.26318359     2.69081092
  4654.33593750     2.65505552
  4655.40673828     2.61787081
  4656.47998047     2.57918334
  4657.55175781     2.53921127
  4658.62304688     2.49800038
  4659.69726563     2.45549202
  4660.76904297     2.41197515
  4661.84375000     2.36730790
  4662.91601563     2.32178974
  4663.99169922     2.27524662
  4665.06445313     2.22802901
  4666.13769531     2.18006659
  4667.21337891     2.13134623
  4668.28759766     2.08212209
  4669.36376953     2.03231621
  4670.43798828     1.98218918
  4671.51513672     1.93159389
  4672.58984375     1.88086367
  4673.66455078     1.82996690
  4674.74218750     1.77884841
  4675.81787109     1.72782409
  4676.89599609     1.67677128
  4677.97167969     1.62600744
  4679.05078125     1.57534313
  4680.12744141     1.52514029
  4681.20410156     1.47537029
  4682.28320313     1.42600787
  4683.36035156     1.37733996
  4684.44042969     1.32923067
  4685.51806641     1.28200185
  4686.59863281     1.23549986
  4687.67675781     1.19003367
  4688.75488281     1.14557219
  4689.83642578     1.10205078
  4690.91503906     1.05979395
  4691.99707031     1.01861715
  4693.07617188     0.97882211
  4694.15869141     0.94022971
  4695.23828125     0.90311617
  4696.31835938     0.86740232
  4697.40136719     0.83305180
  4698.48193359     0.80026680
  4699.56591797     0.76889676
  4700.64697266     0.73914486
  4701.73095703     0.71086162
  4702.81201172     0.68420517
  4703.89404297     0.65907347
  4704.97900391     0.63542151
  4706.06103516     0.61336237
  4707.14648438     0.59274685
  4708.22900391     0.57366914
  4709.31494141     0.55598509
  4710.39843750     0.53975338
  4711.48437500     0.52485621
  4712.56835938     0.51130551
  4713.65283203     0.49901387
  4714.73974609     0.48790574
  4715.82421875     0.47796884
  4716.91162109     0.46908861
  4717.99658203     0.46124098
  4719.08496094     0.45431346
  4720.17041016     0.44827378
  4721.25634766     0.44302529
  4722.34472656     0.43848592
  4723.43115234     0.43459809
  4724.52050781     0.43126869
  4725.60742188     0.42843845
  4726.69726563     0.42601857
  4727.78466797     0.42394754
  4728.87207031     0.42214781
  4729.96240234     0.42054582
  4731.05078125     0.41908190
  4732.14160156     0.41768581
  4733.22998047     0.41630307
  4734.32177734     0.41486850
  4735.41113281     0.41333625
  4736.50048828     0.41165364
  4737.59228516     0.40977108
  4738.68212891     0.40765509
  4739.77490234     0.40525919
  4740.86523438     0.40256315
  4741.95898438     0.39952469
  4743.04931641     0.39614001
  4744.14062500     0.39237869
  4745.23437500     0.38822025
  4746.32617188     0.38367200
  4747.42089844     0.37870821
  4748.51318359     0.37335214
  4749.60791016     0.36758319
  4750.70019531     0.36143401
  4751.79345703     0.35489663
  4752.88916016     0.34797439
  4753.98242188     0.34071487
  4755.07861328     0.33310172
  4756.17285156     0.32519045
  4757.26953125     0.31697324
  4758.36425781     0.30850881
  4759.45849609     0.29981413
  4760.55615234     0.29088613
  4761.65136719     0.28180185
  4762.74951172     0.27254701
  4763.84472656     0.26320174
  4764.94335938     0.25374272
  4766.03955078     0.24425085
  4767.13623047     0.23473120
  4768.23535156     0.22519635
  4769.33251953     0.21571319
  4770.43212891     0.20627153
  4771.52978516     0.19693565
  4772.62988281     0.18769340
  4773.72802734     0.17860545
  4774.82617188     0.16967721
  4775.92675781     0.16090974
  4777.02587891     0.15235294
  4778.12744141     0.14399344
  4779.22656250     0.13588317
  4780.32861328     0.12799574
  4781.42822266     0.12038089
  4782.52832031     0.11302698
  4783.63134766     0.10592645
  4784.73144531     0.09912290
  4785.83496094     0.09258125
  4786.93603516     0.08633922
  4788.03955078     0.08037004
  4789.14111328     0.07469723
  4790.24316406     0.06930579
  4791.34716797     0.06418648
  4792.44970703     0.05935114
  4793.55517578     0.05477581
  4794.65771484     0.05047859
  4795.76318359     0.04642966
  4796.86669922     0.04263960
  4797.97265625     0.03908519
  4799.07666016     0.03577192
  4800.18066406     0.03268413
  4801.28710938     0.02980625
  4802.39208984     0.02713897
  4803.49951172     0.02466325
  4804.60449219     0.02238006
  4805.71240234     0.02026845
  4806.81787109     0.01832889
  4807.92382813     0.01654606
  4809.03271484     0.01490713
  4810.13867188     0.01341139
  4811.24804688     0.01204120
  4812.35449219     0.01079567
  4813.46435547     0.00965918
  4814.57177734     0.00862970
  4815.67919922     0.00769682
  4816.78955078     0.00685097
  4817.89794922     0.00608890
  4819.00878906     0.00540094
  4820.11767578     0.00478352
  4821.22900391     0.00422829
  4822.33837891     0.00373193
  4823.44726563     0.00328838
  4824.55957031     0.00289145
  4825.66943359     0.00253880
  4826.78271484     0.00222443
  4827.89306641     0.00194633
  4829.00634766     0.00169947
  4830.11718750     0.00148181
  4831.22851563     0.00128973
  4832.34228516     0.00112028
  4833.45361328     0.00097172
  4834.56884766     0.00084099
  4835.68066406     0.00072691
  4836.79589844     0.00062694
  4837.90820313     0.00054000
  4839.02148438     0.00046426
  4840.13769531     0.00039829
  4841.25048828     0.00034127
  4842.36718750     0.00029174
  4843.48144531     0.00024906
  4844.59814453     0.00021218
  4845.71240234     0.00018052
  4846.82714844     0.00015330
  4847.94482422     0.00012990
  4849.06005859     0.00010993
  4850.17871094     0.00009282
  4851.29443359     0.00007827
  4852.41308594     0.00006585
  4853.52929688     0.00005533
  4854.64550781     0.00004641
  4855.76513672     0.00003884
  4856.88232422     0.00003246
  4858.00244141     0.00002707
  4859.11962891     0.00002255
  4860.24023438     0.00001874
  4861.35839844     0.00001555
  4862.47705078     0.00001288
  4863.59814453     0.00001065
  4864.71679688     0.00000879
  4865.83886719     0.00000724
  4866.95849609     0.00000595
  4868.08056641     0.00000488
  4869.20019531     0.00000400
  4870.32031250     0.00000327
  4871.44384766     0.00000267
  4872.56445313     0.00000218
  4873.68798828     0.00000177
  4874.80908203     0.00000144
  4875.93310547     0.00000117
  4877.05468750     0.00000094
  4878.17675781     0.00000076
  4879.30175781     0.00000061
  4880.42431641     0.00000049
  4881.54980469     0.00000040
  4882.67285156     0.00000032
  4883.79833984     0.00000025
  4884.92236328     0.00000020
  4886.04882813     0.00000016
  4887.17236328     0.00000013
  4888.29687500     0.00000010
  4889.42382813     0.00000008
  4890.54882813     0.00000006
  4891.67675781     0.00000005
  4892.80175781     0.00000004
  4893.93017578     0.00000003
  4895.05615234     0.00000002
  4896.18212891     0.00000002
  4897.31103516     0.00000002
  4898.43798828     0.00000001
  4899.56738281     0.00000001
  4900.69433594     0.00000001
  4901.82421875     0.00000001
  4902.95214844     0.00000000
  4904.08007813     0.00000000
  4905.21093750     0.00000000
  4906.33935547     0.00000000
  4907.47070313     0.00000000
  4908.59960938     0.00000000
  4909.73193359     0.00000000
  4910.86132813     0.00000000
  4911.99072266     0.00000000
  4913.12353516     0.00000000
  4914.25390625     0.00000000
  4915.38720703     0.00000000
  4916.51806641     0.00000000
  4917.65185547     0.00000000
  4918.78271484     0.00000000
  4919.91455078     0.00000000
  4921.04882813     0.00000000
  4922.18115234     0.00000000
  4923.31640625     0.00000000
  4924.44873047     0.00000000
  4925.58447266     0.00000000
  4926.71728516     0.00000000
  4927.85058594     0.00000000
  4928.98681641     0.00000000
  4930.12109375     0.00000000
  4931.25781250     0.00000000
  4932.39208984     0.00000000
  4933.52978516     0.00000000
  4934.66503906     0.00000000
  4935.79980469     0.00000000
  4936.93847656     0.00000000
  4938.07373047     0.00000000
  4939.21289063     0.00000000
  4940.34912109     0.00000000
  4941.48779297     0.00000000
  4942.62500000     0.00000000
  4943.76171875     0.00000000
  4944.90185547     0.00000000
  4946.03955078     0.00000000
  4947.18017578     0.00000000
  4948.31787109     0.00000000
  4949.45898438     0.00000000
  4950.59765625     0.00000000
  4951.73681641     0.00000000
  4952.87841797     0.00000001
  4954.01806641     0.00000001
  4955.16064453     0.00000001
  4956.30029297     0.00000001
  4957.44287109     0.00000001
  4958.58349609     0.00000002
  4959.72460938     0.00000002
  4960.86816406     0.00000003
  4962.00927734     0.00000003
  4963.15380859     0.00000004
  4964.29541016     0.00000005
  4965.43994141     0.00000007
  4966.58203125     0.00000009
  4967.72460938     0.00000011
  4968.87060547     0.00000013
  4970.01367188     0.00000017
  4971.15966797     0.00000021
  4972.30322266     0.00000026
  4973.44970703     0.00000032
  4974.59375000     0.00000040
  4975.74121094     0.00000049
  4976.88574219     0.00000061
  4978.03076172     0.00000075
  4979.17871094     0.00000092
  4980.32421875     0.00000113
  4981.47265625     0.00000139
  4982.61865234     0.00000170
  4983.76757813     0.00000208
  4984.91406250     0.00000254
  4986.06054688     0.00000309
  4987.21044922     0.00000377
  4988.35791016     0.00000458
  4989.50830078     0.00000556
  4990.65625000     0.00000674
  4991.80664063     0.00000816
  4992.95507813     0.00000986
  4994.10400391     0.00001190
  4995.25537109     0.00001434
  4996.40429688     0.00001725
  4997.55664063     0.00002072
  4998.70654297     0.00002485
  4999.85937500     0.00002976
  5001.00927734     0.00003558
  5002.15966797     0.00004247
  5003.31347656     0.00005064
  5004.46435547     0.00006026
  5005.61816406     0.00007162
  5006.77001953     0.00008497
  5007.92431641     0.00010069
  5009.07666016     0.00011909
  5010.22851563     0.00014062
  5011.38427734     0.00016587
  5012.53662109     0.00019525
  5013.69287109     0.00022961
  5014.84619141     0.00026947
  5016.00244141     0.00031587
  5017.15673828     0.00036959
  5018.31054688     0.00043172
  5019.46826172     0.00050377
  5020.62255859     0.00058665
  5021.78076172     0.00068242
  5022.93554688     0.00079222
  5024.09423828     0.00091869
  5025.25000000     0.00106326
  5026.40576172     0.00122862
  5027.56494141     0.00141806
  5028.72167969     0.00163361
  5029.88134766     0.00187960
  5031.03808594     0.00215843
  5032.19824219     0.00247568
  5033.35595703     0.00283423
  5034.51416016     0.00323973
  5035.67480469     0.00369838
  5036.83349609     0.00421429
  5037.99511719     0.00479608
  5039.15380859     0.00544770
  5040.31591797     0.00618030
  5041.47558594     0.00699835
  5042.63525391     0.00791205
  5043.79785156     0.00893348
  5044.95800781     0.01006810
  5046.12158203     0.01133262
  5047.28222656     0.01273177
  5048.44628906     0.01428560
  5049.60791016     0.01599951
  5050.76904297     0.01788956
  5051.93408203     0.01997823
  5053.09619141     0.02226880
  5054.26171875     0.02478997
  5055.42431641     0.02754486
  5056.58984375     0.03056478
  5057.75341797     0.03385537
  5058.91699219     0.03744002
  5060.08300781     0.04134626
  5061.24755859     0.04558089
  5062.41455078     0.05017838
  5063.57910156     0.05513959
  5064.74658203     0.06050787
  5065.91210938     0.06628139
  5067.08007813     0.07250237
  5068.24560547     0.07916442
  5069.41162109     0.08630253
  5070.58056641     0.09395234
  5071.74707031     0.10209687
  5072.91699219     0.11079459
  5074.08349609     0.12001032
  5075.25390625     0.12981653
  5076.42138672     0.14016910
  5077.58935547     0.15110740
  5078.76025391     0.16266541
  5079.92822266     0.17479154
  5081.10009766     0.18756141
  5082.26904297     0.20090221
  5083.44091797     0.21487884
  5084.61035156     0.22942261
  5085.77978516     0.24455348
  5086.95263672     0.26030615
  5088.12304688     0.27658704
  5089.29638672     0.29345155
  5090.46728516     0.31079927
  5091.64111328     0.32868257
  5092.81201172     0.34698054
  5093.98388672     0.36571741
  5095.15820313     0.38487855
  5096.33056641     0.40434837
  5097.50585938     0.42416048
  5098.67871094     0.44417256
  5099.85400391     0.46441224
  5101.02734375     0.48474491
  5102.20117188     0.50515014
  5103.37744141     0.52559650
  5104.55126953     0.54593098
  5105.72851563     0.56618410
  5106.90332031     0.58618212
  5108.08056641     0.60593385
  5109.25585938     0.62528986
  5110.43115234     0.64420712
  5111.60986328     0.66266215
  5112.78564453     0.68047923
  5113.96435547     0.69767153
  5115.14111328     0.71409303
  5116.32031250     0.72973228
  5117.49755859     0.74446058
  5118.67480469     0.75823796
  5119.85546875     0.77103657
  5121.03320313     0.78272736
  5122.21386719     0.79331321
  5123.39208984     0.80269480
  5124.57373047     0.81087208
  5125.75244141     0.81776083
  5126.93164063     0.82335132
  5128.11425781     0.82762337
  5129.29394531     0.83053225
  5130.47656250     0.83207804
  5131.65673828     0.83224505
  5132.84033203     0.83103174
  5134.02099609     0.82844961
  5135.20214844     0.82450837
  5136.38623047     0.81921351
  5137.56787109     0.81261426
  5138.75244141     0.80471236
  5139.93457031     0.79558134
  5141.12011719     0.78521883
  5142.30273438     0.77372944
  5143.48583984     0.76113814
  5144.67187500     0.74747396
  5145.85546875     0.73286158
  5147.04199219     0.71730173
  5148.22607422     0.70093453
  5149.41308594     0.68375880
  5150.59814453     0.66591924
  5151.78271484     0.64747280
  5152.97070313     0.62843430
  5154.15625000     0.60897523
  5155.34472656     0.58908558
  5156.53076172     0.56893283
  5157.71972656     0.54850233
  5158.90625000     0.52796131
  5160.09570313     0.50729024
  5161.28271484     0.48665300
  5162.47021484     0.46606684
  5163.66113281     0.44554633
  5164.84863281     0.42527103
  5166.03955078     0.40518233
  5167.22802734     0.38543347
  5168.41992188     0.36597782
  5169.60888672     0.34696513
  5170.79785156     0.32838869
  5171.99023438     0.31023446
  5173.18017578     0.29262531
  5174.37304688     0.27551079
  5175.56347656     0.25899279
  5176.75683594     0.24301748
  5177.94775391     0.22767329
  5179.13916016     0.21293329
  5180.33349609     0.19877842
  5181.52490234     0.18528302
  5182.71972656     0.17237704
  5183.91210938     0.16012307
  5185.10742188     0.14846157
  5186.30029297     0.13743801
  5187.49365234     0.12701418
  5188.68945313     0.11716318
  5189.88330078     0.10790762
  5191.08007813     0.09919460
  5192.27392578     0.09104955
  5193.47167969     0.08340801
  5194.66650391     0.07629462
  5195.86132813     0.06966973
  5197.05957031     0.06349547
  5198.25488281     0.05778332
  5199.45410156     0.05247937
  5200.64990234     0.04759440
  5201.84912109     0.04307860
  5203.04589844     0.03893292
  5204.24267578     0.03512646
  5205.44287109     0.03162884
  5206.64013672     0.02843835
  5207.84130859     0.02551721
  5209.03906250     0.02286425
  5210.24023438     0.02044580
  5211.43896484     0.01825623
  5212.63769531     0.01627350
  5213.83984375     0.01447672
  5215.03906250     0.01286020
  5216.24169922     0.01140103
  5217.44189453     0.01009294
  5218.64501953     0.00891732
  5219.84570313     0.00786761
  5221.04638672     0.00693016
  5222.25048828     0.00609242
  5223.45166016     0.00534928
  5224.65625000     0.00468799
  5225.85839844     0.00410372
  5227.06298828     0.00358659
  5228.26562500     0.00313170
  5229.46826172     0.00273192
  5230.67431641     0.00238069
  5231.87744141     0.00207478
  5233.08398438     0.00180798
  5234.28808594     0.00157751
  5235.49511719     0.00137870
  5236.69921875     0.00120927
  5237.90380859     0.00106583
  5239.11181641     0.00094568
  5240.31738281     0.00084734
  5241.52587891     0.00076862
  5242.73144531     0.00070847
  5243.94042969     0.00066546
  5245.14697266     0.00063899
  5246.35595703     0.00062842
  5247.56298828     0.00063356
  5248.77050781     0.00065443
  5249.98046875     0.00069145
  5251.18847656     0.00074510
  5252.39941406     0.00081653
  5253.60791016     0.00090665
  5254.81933594     0.00101739
  5256.02783203     0.00115007
  5257.23730469     0.00130726
  5258.44921875     0.00149183
  5259.65917969     0.00170607
  5260.87207031     0.00195427
  5262.08203125     0.00223903
  5263.29541016     0.00256617
  5264.50634766     0.00293894
  5265.71777344     0.00336345
  5266.93164063     0.00384650
  5268.14355469     0.00439288
  5269.35839844     0.00501208
  5270.57031250     0.00570897
  5271.78564453     0.00649588
  5272.99853516     0.00737850
  5274.21191406     0.00836894
  5275.42773438     0.00948027
  5276.64160156     0.01072051
  5277.85839844     0.01210776
  5279.07275391     0.01364989
  5280.29003906     0.01536877
  5281.50439453     0.01727203
  5282.71972656     0.01938233
  5283.93750000     0.02172121
  5285.15332031     0.02429953
  5286.37158203     0.02714711
  5287.58837891     0.03027651
  5288.80761719     0.03372066
  5290.02392578     0.03748772
  5291.24121094     0.04161349
  5292.46093750     0.04613004
  5293.67871094     0.05104778
  5294.89990234     0.05641656
  5296.11767578     0.06223441
  5297.33886719     0.06856282
  5298.55761719     0.07540127
  5299.77636719     0.08279163
  5300.99853516     0.09078697
  5302.21826172     0.09937981
  5303.44042969     0.10863462
  5304.66064453     0.11854828
  5305.88427734     0.12919506
  5307.10449219     0.14054404
  5308.32568359     0.15266159
  5309.54980469     0.16559723
  5310.77099609     0.17931406
  5311.99560547     0.19390737
  5313.21777344     0.20932962
  5314.44335938     0.22567506
  5315.66552734     0.24286903
  5316.88818359     0.26097700
  5318.11425781     0.28005740
  5319.33789063     0.30002767
  5320.56445313     0.32097951
  5321.78857422     0.34282196
  5323.01611328     0.36565620
  5324.24023438     0.38934699
  5325.46484375     0.41395342
  5326.69335938     0.43953174
  5327.91894531     0.46591851
  5329.14746094     0.49321276
  5330.37353516     0.52126372
  5331.60253906     0.55015814
  5332.82861328     0.57971656
  5334.05566406     0.60998529
  5335.28564453     0.64096469
  5336.51318359     0.67246425
  5337.74316406     0.70454967
  5338.97119141     0.73704261
  5340.20214844     0.77000540
  5341.43115234     0.80323660
  5342.66259766     0.83678120
  5343.89160156     0.87042969
  5345.12158203     0.90419680
  5346.35400391     0.93804258
  5347.58398438     0.97175133
  5348.81689453     1.00538814
  5350.04785156     1.03873730
  5351.28125000     1.07183576
  5352.51220703     1.10447192
  5353.74365234     1.13664567
  5354.97851563     1.16835403
  5356.20996094     1.19934773
  5357.44482422     1.22972727
  5358.67773438     1.25929248
  5359.91357422     1.28809619
  5361.14648438     1.31594348
  5362.37988281     1.34286094
  5363.61621094     1.36884964
  5364.85009766     1.39375353
  5366.08740234     1.41765273
  5367.32177734     1.44039321
  5368.55908203     1.46205771
  5369.79443359     1.48254097
  5371.02929688     1.50185740
  5372.26806641     1.52006400
  5373.50439453     1.53706360
  5374.74365234     1.55293369
  5375.97949219     1.56760287
  5377.21972656     1.58117604
  5378.45605469     1.59357977
  5379.69384766     1.60489333
  5380.93408203     1.61514580
  5382.17236328     1.62432849
  5383.41308594     1.63250375
  5384.65185547     1.63967431
  5385.89355469     1.64590061
  5387.13232422     1.65118718
  5388.37158203     1.65558457
  5389.61474609     1.65913403
  5390.85449219     1.66184580
  5392.09765625     1.66376543
  5393.33789063     1.66491079
  5394.58154297     1.66531301
  5395.82226563     1.66499257
  5397.06396484     1.66396952
  5398.30810547     1.66225600
  5399.55029297     1.65987015
  5400.79492188     1.65681148
  5402.03808594     1.65309405
  5403.28369141     1.64870596
  5404.52685547     1.64366174
  5405.76953125     1.63794971
  5407.01660156     1.63153422
  5408.26025391     1.62444210
  5409.50781250     1.61661530
  5410.75195313     1.60808170
  5411.99951172     1.59877455
  5413.24414063     1.58871937
  5414.48974609     1.57786453
  5415.73876953     1.56616151
  5416.98437500     1.55365217
  5418.23339844     1.54024589
  5419.47949219     1.52598989
  5420.72949219     1.51078606
  5421.97656250     1.49469995
  5423.22412109     1.47767663
  5424.47460938     1.45966864
  5425.72265625     1.44074643
  5426.97363281     1.42082524
  5428.22167969     1.40000045
  5429.47363281     1.37816358
  5430.72314453     1.35543573
  5431.97265625     1.33179188
  5433.22509766     1.30719543
  5434.47509766     1.28177869
  5435.72802734     1.25546515
  5436.97851563     1.22840464
  5438.23242188     1.20051253
  5439.48291016     1.17198849
  5440.73730469     1.14271760
  5441.98925781     1.11290312
  5443.24121094     1.08254910
  5444.49609375     1.05164659
  5445.74853516     1.02039421
  5447.00488281     0.98870277
  5448.25732422     0.95684063
  5449.51416016     0.92466962
  5450.76757813     0.89246356
  5452.02148438     0.86019695
  5453.27880859     0.82786852
  5454.53369141     0.79570293
  5455.79101563     0.76364797
  5457.04638672     0.73188698
  5458.30419922     0.70037812
  5459.56005859     0.66929829
  5460.81640625     0.63865018
  5462.07568359     0.60843652
  5463.33203125     0.57885492
  5464.59179688     0.54980946
  5465.84912109     0.52148473
  5467.10937500     0.49380511
  5468.36718750     0.46692896
  5469.62548828     0.44082749
  5470.88671875     0.41548437
  5472.14453125     0.39105278
  5473.40673828     0.36740366
  5474.66601563     0.34469280
  5475.92871094     0.32281882
  5477.18798828     0.30190822
  5478.44824219     0.28188941
  5479.71142578     0.26273525
  5480.97216797     0.24452391
  5482.23583984     0.22717081
  5483.49707031     0.21073918
  5484.76171875     0.19513960
  5486.02343750     0.18043420
  5487.28564453     0.16656108
  5488.55078125     0.15347511
  5489.81396484     0.14120406
  5491.07958984     0.12968014
  5492.34277344     0.11892083
  5493.60888672     0.10885278
  5494.87304688     0.09948646
  5496.13720703     0.09077616
  5497.40429688     0.08267365
  5498.66943359     0.07518040
  5499.93701172     0.06824012
