  4000.89990234     0.00000315
  4001.82006836     0.00000370
  4002.74316406     0.00000435
  4003.66381836     0.00000510
  4004.58715820     0.00000597
  4005.50830078     0.00000697
  4006.43188477     0.00000813
  4007.35351563     0.00000947
  4008.27563477     0.00001101
  4009.19995117     0.00001278
  4010.12231445     0.00001481
  4011.04687500     0.00001714
  4011.96972656     0.00001980
  4012.89453125     0.00002284
  4013.81787109     0.00002629
  4014.74121094     0.00003023
  4015.66699219     0.00003470
  4016.59106445     0.00003977
  4017.51708984     0.00004552
  4018.44140625     0.00005201
  4019.36791992     0.00005934
  4020.29272461     0.00006759
  4021.21752930     0.00007686
  4022.14477539     0.00008731
  4023.07006836     0.00009899
  4023.99780273     0.00011211
  4024.92333984     0.00012673
  4025.85180664     0.00014311
  4026.77783203     0.00016131
  4027.70410156     0.00018157
  4028.63305664     0.00020416
  4029.55981445     0.00022916
  4030.48901367     0.00025694
  4031.41601563     0.00028762
  4032.34570313     0.00032163
  4033.27343750     0.00035909
  4034.20117188     0.00040039
  4035.13134766     0.00044599
  4036.05981445     0.00049605
  4036.99047852     0.00055119
  4037.91918945     0.00061157
  4038.85034180     0.00067794
  4039.77929688     0.00075046
  4040.70874023     0.00082983
  4041.64038086     0.00091679
  4042.57031250     0.00101158
  4043.50244141     0.00111526
  4044.43261719     0.00122805
  4045.36547852     0.00135128
  4046.29614258     0.00148510
  4047.22680664     0.00163065
  4048.16040039     0.00178937
  4049.09155273     0.00196134
  4050.02514648     0.00214852
  4050.95703125     0.00235124
  4051.89086914     0.00257154
  4052.82299805     0.00280985
  4053.75561523     0.00306810
  4054.69018555     0.00334830
  4055.62304688     0.00365095
  4056.55810547     0.00397907
  4057.49169922     0.00433323
  4058.42724609     0.00471672
  4059.36083984     0.00513001
  4060.29467773     0.00557621
  4061.23071289     0.00605872
  4062.16503906     0.00657805
  4063.10205078     0.00713933
  4064.03662109     0.00774227
  4064.97387695     0.00839313
  4065.90893555     0.00909158
  4066.84423828     0.00984250
  4067.78198242     0.01065121
  4068.71801758     0.01151766
  4069.65600586     0.01244885
  4070.59228516     0.01344489
  4071.53100586     0.01451408
  4072.46752930     0.01565509
  4073.40454102     0.01687497
  4074.34375000     0.01818035
  4075.28100586     0.01956962
  4076.22094727     0.02105390
  4077.15869141     0.02262974
  4078.09863281     0.02430868
  4079.03686523     0.02608796
  4079.97753906     0.02797968
  4080.91625977     0.02997911
  4081.85498047     0.03209398
  4082.79614258     0.03433410
  4083.73559570     0.03669343
  4084.67724609     0.03918545
  4085.61694336     0.04180265
  4086.55908203     0.04456066
  4087.49902344     0.04744903
  4088.43945313     0.05047859
  4089.38208008     0.05365824
  4090.32275391     0.05697667
  4091.26635742     0.06045390
  4092.20727539     0.06407177
  4093.15087891     0.06785333
  4094.09252930     0.07178263
  4095.03442383     0.07587089
  4095.97875977     0.08013099
  4096.92089844     0.08454495
  4097.86572266     0.08913895
  4098.80859375     0.09389427
  4099.75341797     0.09883480
  4100.69677734     0.10394759
  4101.64013672     0.10924587
  4102.58593750     0.11475065
  4103.52978516     0.12044419
  4104.47607422     0.12636217
  4105.42041016     0.13248771
  4106.36718750     0.13886149
  4107.31152344     0.14546447
  4108.25634766     0.15233199
  4109.20410156     0.15950114
  4110.14941406     0.16695157
  4111.09716797     0.17474429
  4112.04296875     0.18286839
  4112.99121094     0.19138964
  4113.93701172     0.20029444
  4114.88378906     0.20964718
  4115.83251953     0.21949555
  4116.77929688     0.22983783
  4117.72851563     0.24076410
  4118.67578125     0.25226846
  4119.62548828     0.26445195
  4120.57324219     0.27730796
  4121.52148438     0.29091957
  4122.47167969     0.30536443
  4123.42041016     0.32064652
  4124.37109375     0.33687833
  4125.31982422     0.35405058
  4126.27099609     0.37230173
  4127.22021484     0.39160603
  4128.16943359     0.41205707
  4129.12158203     0.43377915
  4130.07177734     0.45671707
  4131.02392578     0.48101655
  4131.97460938     0.50663954
  4132.92724609     0.53372335
  4133.87792969     0.56219637
  4134.82910156     0.59216177
  4135.78222656     0.62369871
  4136.73388672     0.65671551
  4137.68798828     0.69136190
  4138.63964844     0.72746462
  4139.59375000     0.76520258
  4140.54638672     0.80440807
  4141.49902344     0.84511197
  4142.45410156     0.88738662
  4143.40673828     0.93096727
  4144.36230469     0.97604036
  4145.31591797     1.02230465
  4146.27148438     1.06986547
  4147.22558594     1.11845684
  4148.17968750     1.16804218
  4149.13574219     1.21860611
  4150.09033203     1.26983714
  4151.04736328     1.32180345
  4152.00244141     1.37411511
  4152.95996094     1.42685127
  4153.91552734     1.47960138
  4154.87304688     1.53240430
  4155.82910156     1.58488941
  4156.78515625     1.63695180
  4157.74365234     1.68853331
  4158.70019531     1.73920667
  4159.65869141     1.78898835
  4160.61572266     1.83751190
  4161.57568359     1.88481307
  4162.53271484     1.93042469
  4163.49023438     1.97434521
  4164.45068359     2.01651549
  4165.40869141     2.05654788
  4166.36914063     2.09450936
  4167.32763672     2.13010120
  4168.28857422     2.16337895
  4169.24707031     2.19408393
  4170.20654297     2.22226191
  4171.16845703     2.24789238
  4172.12792969     2.27081680
  4173.08984375     2.29114461
  4174.04980469     2.30879712
  4175.01220703     2.32389259
  4175.97265625     2.33642125
  4176.93359375     2.34650564
  4177.89648438     2.35425949
  4178.85791016     2.35978341
  4179.82128906     2.36324620
  4180.78320313     2.36480474
  4181.74707031     2.36465454
  4182.70898438     2.36300206
  4183.67138672     2.36006999
  4184.63574219     2.35608506
  4185.59863281     2.35130882
  4186.56396484     2.34597802
  4187.52734375     2.34038115
  4188.49267578     2.33476353
  4189.45605469     2.32941699
  4190.41992188     2.32459593
  4191.38623047     2.32055688
  4192.35058594     2.31757665
  4193.31738281     2.31589103
  4194.28173828     2.31574321
  4195.24902344     2.31735539
  4196.21435547     2.32092571
  4197.17919922     2.32663441
  4198.14746094     2.33467579
  4199.11328125     2.34514236
  4200.08154297     2.35819840
  4201.04785156     2.37387037
  4202.01660156     2.39228654
  4202.98339844     2.41339087
  4203.95019531     2.43721080
  4204.91943359     2.46378088
  4205.88671875     2.49291420
  4206.85644531     2.52464604
  4207.82421875     2.55870485
  4208.79492188     2.59510469
  4209.76269531     2.63343906
  4210.73144531     2.67364025
  4211.70263672     2.71553612
  4212.67138672     2.75865197
  4213.64257813     2.80291700
  4214.61230469     2.84785008
  4215.58398438     2.89328718
  4216.55371094     2.93870974
  4217.52392578     2.98388743
  4218.49609375     3.02853322
  4219.46679688     3.07213330
  4220.43994141     3.11450148
  4221.41064453     3.15507030
  4222.38427734     3.19371295
  4223.35546875     3.22987294
  4224.32714844     3.26334000
  4225.30126953     3.29385424
  4226.27343750     3.32098055
  4227.24755859     3.34455371
  4228.22021484     3.36423731
  4229.19531250     3.37987876
  4230.16796875     3.39120245
  4231.14355469     3.39809895
  4232.11718750     3.40039015
  4233.09033203     3.39799094
  4234.06689453     3.39079928
  4235.04101563     3.37881064
  4236.01708984     3.36196923
  4236.99218750     3.34034634
  4237.96875000     3.31394434
  4238.94384766     3.28293562
  4239.91894531     3.24740648
  4240.89697266     3.20738363
  4241.87255859     3.16326451
  4242.85058594     3.11503553
  4243.82666016     3.06314135
  4244.80517578     3.00759935
  4245.78173828     2.94892812
  4246.75878906     2.88727689
  4247.73779297     2.82284498
  4248.71484375     2.75620365
  4249.69482422     2.68734121
  4250.67236328     2.61696076
  4251.65283203     2.54500747
  4252.63085938     2.47220564
  4253.60888672     2.39870715
  4254.58984375     2.32461333
  4255.56835938     2.25064898
  4256.54980469     2.17671466
  4257.52929688     2.10347629
  4258.51074219     2.03092456
  4259.49023438     1.95961750
  4260.47070313     1.88959026
  4261.45312500     1.82101297
  4262.43310547     1.75440514
  4263.41601563     1.68959761
  4264.39697266     1.62708879
  4265.38037109     1.56675315
  4266.36132813     1.50902104
  4267.34326172     1.45379603
  4268.32714844     1.40112329
  4269.30908203     1.35128009
  4270.29345703     1.30409312
  4271.27587891     1.25980330
  4272.26074219     1.21822345
  4273.24365234     1.17953372
  4274.22656250     1.14362299
  4275.21240234     1.11035681
  4276.19580078     1.07986295
  4277.18164063     1.05192244
  4278.16601563     1.02657032
  4279.15234375     1.00363123
  4280.13671875     0.98309779
  4281.12158203     0.96480876
  4282.10888672     0.94862682
  4283.09375000     0.93451643
  4284.08105469     0.92228961
  4285.06689453     0.91187763
  4286.05517578     0.90312207
  4287.04101563     0.89594710
  4288.02734375     0.89021051
  4289.01611328     0.88579392
  4290.00292969     0.88260919
  4290.99218750     0.88053906
  4291.97949219     0.87949663
  4292.96923828     0.87938696
  4293.95654297     0.88012803
  4294.94433594     0.88164443
  4295.93505859     0.88387752
  4296.92285156     0.88675624
  4297.91357422     0.89024860
  4298.90283203     0.89430070
  4299.89404297     0.89889544
  4300.88330078     0.90399265
  4301.87255859     0.90958637
  4302.86474609     0.91569000
  4303.85449219     0.92227209
  4304.84667969     0.92937362
  4305.83740234     0.93698239
  4306.83007813     0.94514525
  4307.82080078     0.95385528
  4308.81396484     0.96318036
  4309.80566406     0.97311670
  4310.79687500     0.98370588
  4311.79101563     0.99502146
  4312.78320313     1.00704360
  4313.77734375     1.01985347
  4314.77001953     1.03343844
  4315.76513672     1.04788148
  4316.75732422     1.06312835
  4317.75097656     1.07926381
  4318.74658203     1.09631300
  4319.73974609     1.11420691
  4320.73632813     1.13305128
  4321.72998047     1.15271795
  4322.72656250     1.17330527
  4323.72070313     1.19467652
  4324.71582031     1.21686733
  4325.71289063     1.23985791
  4326.70800781     1.26350355
  4327.70556641     1.28784466
  4328.70166016     1.31271315
  4329.69970703     1.33811200
  4330.69580078     1.36385107
  4331.69189453     1.38988066
  4332.69091797     1.41617215
  4333.68750000     1.44247115
  4334.68701172     1.46880066
  4335.68408203     1.49489629
  4336.68408203     1.52077055
  4337.68164063     1.54615521
  4338.67919922     1.57098269
  4339.67968750     1.59519267
  4340.67822266     1.61853528
  4341.67919922     1.64098406
  4342.67822266     1.66231453
  4343.67919922     1.68249023
  4344.67871094     1.70132601
  4345.67822266     1.71874523
  4346.68017578     1.73468363
  4347.68017578     1.74897945
  4348.68261719     1.76161158
  4349.68310547     1.77245128
  4350.68603516     1.78148353
  4351.68701172     1.78861785
  4352.68798828     1.79383528
  4353.69189453     1.79711699
  4354.69335938     1.79842985
  4355.69726563     1.79777801
  4356.69970703     1.79517198
  4357.70410156     1.79062319
  4358.70703125     1.78417897
  4359.70947266     1.77588344
  4360.71484375     1.76575613
  4361.71777344     1.75391459
  4362.72363281     1.74036765
  4363.72753906     1.72526062
  4364.73339844     1.70862389
  4365.73779297     1.69060802
  4366.74218750     1.67129087
  4367.74902344     1.65072608
  4368.75390625     1.62911081
  4369.76123047     1.60646129
  4370.76660156     1.58298755
  4371.77441406     1.55869961
  4372.78027344     1.53381515
  4373.78613281     1.50839770
  4374.79492188     1.48248005
  4375.80126953     1.45630491
  4376.81005859     1.42984724
  4377.81689453     1.40331841
  4378.82666016     1.37668228
  4379.83398438     1.35016620
  4380.84130859     1.32378602
  4381.85156250     1.29753911
  4382.85986328     1.27162004
  4383.87011719     1.24598801
  4384.87890625     1.22078347
  4385.89013672     1.19595528
  4386.89892578     1.17166185
  4387.91064453     1.14780629
  4388.91992188     1.12454057
  4389.92968750     1.10181367
  4390.94189453     1.07959580
  4391.95214844     1.05798960
  4392.96484375     1.03690124
  4393.97558594     1.01641726
  4394.98876953     0.99643832
  4396.00000000     0.97703618
  4397.01123047     0.95815265
  4398.02490234     0.93972087
  4399.03710938     0.92178655
  4400.05126953     0.90426016
  4401.06347656     0.88717818
  4402.07812500     0.87043345
  4403.09130859     0.85405684
  4404.10400391     0.83799624
  4405.11962891     0.82216287
  4406.13281250     0.80660516
  4407.14892578     0.79120541
  4408.16259766     0.77601075
  4409.17919922     0.76090747
  4410.19384766     0.74593651
  4411.20849609     0.73103863
  4412.22558594     0.71615040
  4413.24072266     0.70131052
  4414.25830078     0.68643153
  4415.27343750     0.67156446
  4416.29150391     0.65661299
  4417.30761719     0.64163423
  4418.32373047     0.62658787
  4419.34277344     0.61142182
  4420.35937500     0.59621054
  4421.37890625     0.58087122
  4422.39599609     0.56548524
  4423.41552734     0.54998249
  4424.43310547     0.53443623
  4425.45117188     0.51881838
  4426.47167969     0.50311047
  4427.49023438     0.48739421
  4428.51123047     0.47161815
  4429.52978516     0.45587584
  4430.55126953     0.44010428
  4431.57031250     0.42440778
  4432.58984375     0.40876374
  4433.61181641     0.39316604
  4434.63183594     0.37770617
  4435.65478516     0.36233515
  4436.67480469     0.34716588
  4437.69824219     0.33212918
  4438.71923828     0.31733596
  4439.73974609     0.30278108
  4440.76367188     0.28843325
  4441.78515625     0.27439734
  4442.80957031     0.26062113
  4443.83154297     0.24719702
  4444.85644531     0.23407333
  4445.87890625     0.22133601
  4446.90185547     0.20896287
  4447.92724609     0.19694546
  4448.95068359     0.18534723
  4449.97607422     0.17413376
  4451.00000000     0.16335072
  4452.02685547     0.15295869
  4453.05078125     0.14302112
  4454.07519531     0.13350567
  4455.10205078     0.12439646
  4456.12744141     0.11572752
  4457.15478516     0.10746734
  4458.18017578     0.09964276
  4459.20800781     0.09221465
  4460.23388672     0.08520769
  4461.26025391     0.07859571
  4462.28906250     0.07235811
  4463.31494141     0.06651646
  4464.34472656     0.06102068
  4465.37158203     0.05589536
  4466.40136719     0.05109819
  4467.42871094     0.04664090
  4468.45898438     0.04248638
  4469.48681641     0.03864227
  4470.51513672     0.03508232
  4471.54589844     0.03178645
  4472.57470703     0.02875438
  4473.60595703     0.02595891
  4474.63525391     0.02339786
  4475.66699219     0.02104643
  4476.69677734     0.01890111
  4477.72656250     0.01694398
  4478.75878906     0.01515814
  4479.78955078     0.01353816
  4480.82226563     0.01206679
  4481.85351563     0.01073758
  4482.88671875     0.00953530
  4483.91796875     0.00845413
  4484.94970703     0.00748148
  4485.98388672     0.00660671
  4487.01562500     0.00582528
  4488.05078125     0.00512471
  4489.08300781     0.00450176
  4490.11816406     0.00394582
  4491.15087891     0.00345325
  4492.18408203     0.00301643
  4493.22021484     0.00262900
  4494.25390625     0.00228784
  4495.29003906     0.00198662
  4496.32421875     0.00172233
  4497.36132813     0.00148982
  4498.39550781     0.00128685
  4499.43066406     0.00110932
  4500.46826172     0.00095417
  4501.50341797     0.00081948
  4502.54150391     0.00070220
  4503.57714844     0.00060080
  4504.61572266     0.00051285
  4505.65234375     0.00043710
  4506.68847656     0.00037187
  4507.72802734     0.00031561
  4508.76464844     0.00026749
  4509.80468750     0.00022615
  4510.84228516     0.00019093
  4511.88232422     0.00016082
  4512.92041016     0.00013525
  4513.95849609     0.00011353
  4514.99902344     0.00009508
  4516.03808594     0.00007950
  4517.07910156     0.00006633
  4518.11865234     0.00005525
  4519.16015625     0.00004592
  4520.20019531     0.00003810
  4521.23974609     0.00003156
  4522.28222656     0.00002607
  4523.32275391     0.00002151
  4524.36572266     0.00001770
  4525.40673828     0.00001455
  4526.45019531     0.00001193
  4527.49121094     0.00000977
  4528.53320313     0.00000798
  4529.57763672     0.00000651
  4530.61962891     0.00000530
  4531.66406250     0.00000430
  4532.70654297     0.00000349
  4533.75195313     0.00000283
  4534.79492188     0.00000229
  4535.83789063     0.00000185
  4536.88427734     0.00000149
  4537.92773438     0.00000121
  4538.97412109     0.00000098
  4540.01806641     0.00000079
  4541.06542969     0.00000065
  4542.10986328     0.00000053
  4543.15722656     0.00000045
  4544.20263672     0.00000038
  4545.24755859     0.00000033
  4546.29589844     0.00000031
  4547.34179688     0.00000029
  4548.39062500     0.00000029
  4549.43652344     0.00000030
  4550.48583984     0.00000033
  4551.53271484     0.00000037
  4552.58007813     0.00000042
  4553.62939453     0.00000049
  4554.67724609     0.00000058
  4555.72753906     0.00000069
  4556.77539063     0.00000082
  4557.82617188     0.00000098
  4558.87500000     0.00000117
  4559.92333984     0.00000140
  4560.97509766     0.00000167
  4562.02441406     0.00000199
  4563.07666016     0.00000238
  4564.12597656     0.00000283
  4565.17871094     0.00000336
  4566.22900391     0.00000399
  4567.27880859     0.00000473
  4568.33251953     0.00000559
  4569.38330078     0.00000660
  4570.43701172     0.00000779
  4571.48876953     0.00000916
  4572.54248047     0.00001077
  4573.59423828     0.00001263
  4574.64648438     0.00001479
  4575.70166016     0.00001729
  4576.75439453     0.00002018
  4577.80957031     0.00002351
  4578.86279297     0.00002734
  4579.91845703     0.00003175
  4580.97216797     0.00003679
  4582.02587891     0.00004257
  4583.08251953     0.00004919
  4584.13671875     0.00005671
  4585.19433594     0.00006531
  4586.24902344     0.00007504
  4587.30664063     0.00008611
  4588.36181641     0.00009861
  4589.41748047     0.00011274
  4590.47558594     0.00012871
  4591.53173828     0.00014664
  4592.59082031     0.00016685
  4593.64697266     0.00018944
  4594.70605469     0.00021479
  4595.76318359     0.00024305
  4596.82080078     0.00027456
  4597.88037109     0.00030969
  4598.93847656     0.00034864
  4599.99853516     0.00039189
  4601.05664063     0.00043964
  4602.11816406     0.00049253
  4603.17675781     0.00055065
  4604.23583984     0.00061457
  4605.29736328     0.00068489
  4606.35693359     0.00076177
  4607.41943359     0.00084603
  4608.47900391     0.00093770
  4609.54150391     0.00103777
  4610.60205078     0.00114628
  4611.66259766     0.00126393
  4612.72607422     0.00139157
  4613.78759766     0.00152914
  4614.85107422     0.00167764
  4615.91308594     0.00183709
  4616.97753906     0.00200857
  4618.03955078     0.00219173
  4619.10156250     0.00238740
  4620.16699219     0.00259665
  4621.22998047     0.00281873
  4622.29541016     0.00305496
  4623.35888672     0.00330466
  4624.42529297     0.00356921
  4625.48876953     0.00384733
  4626.55566406     0.00414077
  4627.61962891     0.00444781
  4628.68457031     0.00476950
  4629.75146484     0.00510604
  4630.81689453     0.00545614
  4631.88476563     0.00582077
  4632.95019531     0.00619786
  4634.01855469     0.00658879
  4635.08447266     0.00699097
  4636.15087891     0.00740477
  4637.22021484     0.00783034
  4638.28710938     0.00826460
  4639.35644531     0.00870849
  4640.42382813     0.00915903
  4641.49365234     0.00961683
  4642.56152344     0.01007865
  4643.62939453     0.01054388
  4644.70019531     0.01101225
  4645.76904297     0.01148002
  4646.84033203     0.01194741
  4647.90917969     0.01241054
  4648.98095703     0.01286990
  4650.05029297     0.01332136
  4651.12011719     0.01376427
  4652.19287109     0.01419771
  4653.26318359     0.01461758
  4654.33593750     0.01502391
  4655.40673828     0.01541314
  4656.47998047     0.01578501
  4657.55175781     0.01613637
  4658.62304688     0.01646587
  4659.69726563     0.01677284
  4660.76904297     0.01705420
  4661.84375000     0.01730989
  4662.91601563     0.01753729
  4663.99169922     0.01773643
  4665.06445313     0.01790506
  4666.13769531     0.01804292
  4667.21337891     0.01814941
  4668.28759766     0.01822352
  4669.36376953     0.01826507
  4670.43798828     0.01827369
  4671.51513672     0.01824931
  4672.58984375     0.01819217
  4673.66455078     0.01810256
  4674.74218750     0.01798059
  4675.81787109     0.01782742
  4676.89599609     0.01764323
  4677.97167969     0.01742982
  4679.05078125     0.01718712
  4680.12744141     0.01691769
  4681.20410156     0.01662239
  4682.28320313     0.01630198
  4683.36035156     0.01595937
  4684.44042969     0.01559470
  4685.51806641     0.01521153
  4686.59863281     0.01480982
  4687.67675781     0.01439342
  4688.75488281     0.01396340
  4689.83642578     0.01352026
  4690.91503906     0.01306855
  4691.99707031     0.01260756
  4693.07617188     0.01214191
  4694.15869141     0.01167074
  4695.23828125     0.01119865
  4696.31835938     0.01072592
  4697.40136719     0.01025319
  4698.48193359     0.00978443
  4699.56591797     0.00931865
  4700.64697266     0.00886002
  4701.73095703     0.00840741
  4702.81201172     0.00796450
  4703.89404297     0.00753078
  4704.97900391     0.00710656
  4706.06103516     0.00669504
  4707.14648438     0.00629459
  4708.22900391     0.00590825
  4709.31494141     0.00553434
  4710.39843750     0.00517536
  4711.48437500     0.00483005
  4712.56835938     0.00450007
  4713.65283203     0.00418482
  4714.73974609     0.00388386
  4715.82421875     0.00359853
  4716.91162109     0.00332734
  4717.99658203     0.00307148
  4719.08496094     0.00282936
  4720.17041016     0.00260210
  4721.25634766     0.00238861
  4722.34472656     0.00218817
  4723.43115234     0.00200117
  4724.52050781     0.00182633
  4725.60742188     0.00166404
  4726.69726563     0.00151299
  4727.78466797     0.00137340
  4728.87207031     0.00124439
  4729.96240234     0.00112512
  4731.05078125     0.00101558
  4732.14160156     0.00091479
  4733.22998047     0.00082268
  4734.32177734     0.00073823
  4735.41113281     0.00066138
  4736.50048828     0.00059143
  4737.59228516     0.00052776
  4738.68212891     0.00047018
  4739.77490234     0.00041796
  4740.86523438     0.00037096
  4741.95898438     0.00032850
  4743.04931641     0.00029048
  4744.14062500     0.00025635
  4745.23437500     0.00022575
  4746.32617188     0.00019847
  4747.42089844     0.00017411
  4748.51318359     0.00015249
  4749.60791016     0.00013327
  4750.70019531     0.00011629
  4751.79345703     0.00010128
  4752.88916016     0.00008801
  4753.98242188     0.00007636
  4755.07861328     0.00006610
  4756.17285156     0.00005713
  4757.26953125     0.00004927
  4758.36425781     0.00004242
  4759.45849609     0.00003646
  4760.55615234     0.00003126
  4761.65136719     0.00002676
  4762.74951172     0.00002286
  4763.84472656     0.00001950
  4764.94335938     0.00001659
  4766.03955078     0.00001409
  4767.13623047     0.00001195
  4768.23535156     0.00001011
  4769.33251953     0.00000854
  4770.43212891     0.00000720
  4771.52978516     0.00000606
  4772.62988281     0.00000508
  4773.72802734     0.00000426
  4774.82617188     0.00000357
  4775.92675781     0.00000298
  4777.02587891     0.00000248
  4778.12744141     0.00000206
  4779.22656250     0.00000171
  4780.32861328     0.00000142
  4781.42822266     0.00000117
  4782.52832031     0.00000097
  4783.63134766     0.00000080
  4784.73144531     0.00000066
  4785.83496094     0.00000054
  4786.93603516     0.00000044
  4788.03955078     0.00000036
  4789.14111328     0.00000029
  4790.24316406     0.00000024
  4791.34716797     0.00000019
  4792.44970703     0.00000016
  4793.55517578     0.00000013
  4794.65771484     0.00000010
  4795.76318359     0.00000008
  4796.86669922     0.00000007
  4797.97265625     0.00000005
  4799.07666016     0.00000004
  4800.18066406     0.00000003
  4801.28710938     0.00000003
  4802.39208984     0.00000002
  4803.49951172     0.00000002
  4804.60449219     0.00000001
  4805.71240234     0.00000001
  4806.81787109     0.00000001
  4807.92382813     0.00000001
  4809.03271484     0.00000001
  4810.13867188     0.00000000
  4811.24804688     0.00000000
  4812.35449219     0.00000000
  4813.46435547     0.00000000
  4814.57177734     0.00000000
  4815.67919922     0.00000000
  4816.78955078     0.00000000
  4817.89794922     0.00000000
  4819.00878906     0.00000000
  4820.11767578     0.00000000
  4821.22900391     0.00000000
  4822.33837891     0.00000000
  4823.44726563     0.00000000
  4824.55957031     0.00000000
  4825.66943359     0.00000000
  4826.78271484     0.00000000
  4827.89306641     0.00000000
  4829.00634766     0.00000000
  4830.11718750     0.00000000
  4831.22851563     0.00000000
  4832.34228516     0.00000000
  4833.45361328     0.00000000
  4834.56884766     0.00000000
  4835.68066406     0.00000000
  4836.79589844     0.00000000
  4837.90820313     0.00000000
  4839.02148438     0.00000000
  4840.13769531     0.00000000
  4841.25048828     0.00000000
  4842.36718750     0.00000000
  4843.48144531     0.00000000
  4844.59814453     0.00000000
  4845.71240234     0.00000000
  4846.82714844     0.00000000
  4847.94482422     0.00000000
  4849.06005859     0.00000000
  4850.17871094     0.00000000
  4851.29443359     0.00000000
  4852.41308594     0.00000000
  4853.52929688     0.00000000
  4854.64550781     0.00000000
  4855.76513672     0.00000000
  4856.88232422     0.00000000
  4858.00244141     0.00000000
  4859.11962891     0.00000000
  4860.24023438     0.00000000
  4861.35839844     0.00000000
  4862.47705078     0.00000000
  4863.59814453     0.00000000
  4864.71679688     0.00000000
  4865.83886719     0.00000000
  4866.95849609     0.00000000
  4868.08056641     0.00000000
  4869.20019531     0.00000000
  4870.32031250     0.00000000
  4871.44384766     0.00000000
  4872.56445313     0.00000000
  4873.68798828     0.00000000
  4874.80908203     0.00000000
  4875.93310547     0.00000000
  4877.05468750     0.00000000
  4878.17675781     0.00000000
  4879.30175781     0.00000000
  4880.42431641     0.00000000
  4881.54980469     0.00000000
  4882.67285156     0.00000000
  4883.79833984     0.00000000
  4884.92236328     0.00000000
  4886.04882813     0.00000000
  4887.17236328     0.00000000
  4888.29687500     0.00000000
  4889.42382813     0.00000000
  4890.54882813     0.00000000
  4891.67675781     0.00000000
  4892.80175781     0.00000000
  4893.93017578     0.00000000
  4895.05615234     0.00000000
  4896.18212891     0.00000000
  4897.31103516     0.00000000
  4898.43798828     0.00000000
  4899.56738281     0.00000000
  4900.69433594     0.00000000
  4901.82421875     0.00000000
  4902.95214844     0.00000000
  4904.08007813     0.00000000
  4905.21093750     0.00000000
  4906.33935547     0.00000000
  4907.47070313     0.00000000
  4908.59960938     0.00000000
  4909.73193359     0.00000000
  4910.86132813     0.00000000
  4911.99072266     0.00000000
  4913.12353516     0.00000000
  4914.25390625     0.00000000
  4915.38720703     0.00000000
  4916.51806641     0.00000000
  4917.65185547     0.00000000
  4918.78271484     0.00000000
  4919.91455078     0.00000000
  4921.04882813     0.00000000
  4922.18115234     0.00000000
  4923.31640625     0.00000000
  4924.44873047     0.00000000
  4925.58447266     0.00000000
  4926.71728516     0.00000000
  4927.85058594     0.00000000
  4928.98681641     0.00000000
  4930.12109375     0.00000000
  4931.25781250     0.00000000
  4932.39208984     0.00000000
  4933.52978516     0.00000000
  4934.66503906     0.00000000
  4935.79980469     0.00000000
  4936.93847656     0.00000000
  4938.07373047     0.00000000
  4939.21289063     0.00000000
  4940.34912109     0.00000000
  4941.48779297     0.00000000
  4942.62500000     0.00000000
  4943.76171875     0.00000000
  4944.90185547     0.00000000
  4946.03955078     0.00000000
  4947.18017578     0.00000000
  4948.31787109     0.00000000
  4949.45898438     0.00000000
  4950.59765625     0.00000000
  4951.73681641     0.00000000
  4952.87841797     0.00000000
  4954.01806641     0.00000000
  4955.16064453     0.00000000
  4956.30029297     0.00000000
  4957.44287109     0.00000000
  4958.58349609     0.00000000
  4959.72460938     0.00000000
  4960.86816406     0.00000000
  4962.00927734     0.00000000
  4963.15380859     0.00000000
  4964.29541016     0.00000000
  4965.43994141     0.00000000
  4966.58203125     0.00000000
  4967.72460938     0.00000000
  4968.87060547     0.00000000
  4970.01367188     0.00000000
  4971.15966797     0.00000000
  4972.30322266     0.00000000
  4973.44970703     0.00000000
  4974.59375000     0.00000000
  4975.74121094     0.00000000
  4976.88574219     0.00000000
  4978.03076172     0.00000000
  4979.17871094     0.00000000
  4980.32421875     0.00000000
  4981.47265625     0.00000000
  4982.61865234     0.00000000
  4983.76757813     0.00000000
  4984.91406250     0.00000000
  4986.06054688     0.00000000
  4987.21044922     0.00000000
  4988.35791016     0.00000000
  4989.50830078     0.00000000
  4990.65625000     0.00000000
  4991.80664063     0.00000000
  4992.95507813     0.00000000
  4994.10400391     0.00000000
  4995.25537109     0.00000000
  4996.40429688     0.00000000
  4997.55664063     0.00000000
  4998.70654297     0.00000000
  4999.85937500     0.00000000
  5001.00927734     0.00000000
  5002.15966797     0.00000000
  5003.31347656     0.00000000
  5004.46435547     0.00000000
  5005.61816406     0.00000000
  5006.77001953     0.00000000
  5007.92431641     0.00000000
  5009.07666016     0.00000000
  5010.22851563     0.00000000
  5011.38427734     0.00000000
  5012.53662109     0.00000000
  5013.69287109     0.00000000
  5014.84619141     0.00000000
  5016.00244141     0.00000000
  5017.15673828     0.00000000
  5018.31054688     0.00000000
  5019.46826172     0.00000000
  5020.62255859     0.00000000
  5021.78076172     0.00000000
  5022.93554688     0.00000000
  5024.09423828     0.00000000
  5025.25000000     0.00000000
  5026.40576172     0.00000000
  5027.56494141     0.00000000
  5028.72167969     0.00000000
  5029.88134766     0.00000000
  5031.03808594     0.00000000
  5032.19824219     0.00000000
  5033.35595703     0.00000000
  5034.51416016     0.00000000
  5035.67480469     0.00000000
  5036.83349609     0.00000000
  5037.99511719     0.00000000
  5039.15380859     0.00000000
  5040.31591797     0.00000000
  5041.47558594     0.00000000
  5042.63525391     0.00000000
  5043.79785156     0.00000000
  5044.95800781     0.00000000
  5046.12158203     0.00000000
  5047.28222656     0.00000000
  5048.44628906     0.00000000
  5049.60791016     0.00000000
  5050.76904297     0.00000000
  5051.93408203     0.00000000
  5053.09619141     0.00000000
  5054.26171875     0.00000000
  5055.42431641     0.00000000
  5056.58984375     0.00000000
  5057.75341797     0.00000000
  5058.91699219     0.00000000
  5060.08300781     0.00000000
  5061.24755859     0.00000000
  5062.41455078     0.00000000
  5063.57910156     0.00000000
  5064.74658203     0.00000000
  5065.91210938     0.00000000
  5067.08007813     0.00000000
  5068.24560547     0.00000000
  5069.41162109     0.00000000
  5070.58056641     0.00000000
  5071.74707031     0.00000000
  5072.91699219     0.00000000
  5074.08349609     0.00000000
  5075.25390625     0.00000000
  5076.42138672     0.00000000
  5077.58935547     0.00000000
  5078.76025391     0.00000000
  5079.92822266     0.00000000
  5081.10009766     0.00000000
  5082.26904297     0.00000000
  5083.44091797     0.00000000
  5084.61035156     0.00000000
  5085.77978516     0.00000000
  5086.95263672     0.00000000
  5088.12304688     0.00000000
  5089.29638672     0.00000000
  5090.46728516     0.00000000
  5091.64111328     0.00000000
  5092.81201172     0.00000000
  5093.98388672     0.00000000
  5095.15820313     0.00000000
  5096.33056641     0.00000000
  5097.50585938     0.00000000
  5098.67871094     0.00000000
  5099.85400391     0.00000000
  5101.02734375     0.00000000
  5102.20117188     0.00000000
  5103.37744141     0.00000000
  5104.55126953     0.00000000
  5105.72851563     0.00000000
  5106.90332031     0.00000000
  5108.08056641     0.00000000
  5109.25585938     0.00000000
  5110.43115234     0.00000000
  5111.60986328     0.00000000
  5112.78564453     0.00000000
  5113.96435547     0.00000000
  5115.14111328     0.00000000
  5116.32031250     0.00000000
  5117.49755859     0.00000000
  5118.67480469     0.00000000
  5119.85546875     0.00000000
  5121.03320313     0.00000000
  5122.21386719     0.00000000
  5123.39208984     0.00000000
  5124.57373047     0.00000000
  5125.75244141     0.00000000
  5126.93164063     0.00000000
  5128.11425781     0.00000000
  5129.29394531     0.00000000
  5130.47656250     0.00000000
  5131.65673828     0.00000000
  5132.84033203     0.00000000
  5134.02099609     0.00000000
  5135.20214844     0.00000000
  5136.38623047     0.00000000
  5137.56787109     0.00000000
  5138.75244141     0.00000000
  5139.93457031     0.00000000
  5141.12011719     0.00000000
  5142.30273438     0.00000000
  5143.48583984     0.00000000
  5144.67187500     0.00000000
  5145.85546875     0.00000000
  5147.04199219     0.00000000
  5148.22607422     0.00000000
  5149.41308594     0.00000000
  5150.59814453     0.00000000
  5151.78271484     0.00000000
  5152.97070313     0.00000000
  5154.15625000     0.00000000
  5155.34472656     0.00000000
  5156.53076172     0.00000000
  5157.71972656     0.00000000
  5158.90625000     0.00000000
  5160.09570313     0.00000000
  5161.28271484     0.00000000
  5162.47021484     0.00000000
  5163.66113281     0.00000000
  5164.84863281     0.00000000
  5166.03955078     0.00000000
  5167.22802734     0.00000000
  5168.41992188     0.00000000
  5169.60888672     0.00000000
  5170.79785156     0.00000000
  5171.99023438     0.00000000
  5173.18017578     0.00000000
  5174.37304688     0.00000000
  5175.56347656     0.00000000
  5176.75683594     0.00000000
  5177.94775391     0.00000000
  5179.13916016     0.00000000
  5180.33349609     0.00000000
  5181.52490234     0.00000000
  5182.71972656     0.00000000
  5183.91210938     0.00000000
  5185.10742188     0.00000000
  5186.30029297     0.00000000
  5187.49365234     0.00000000
  5188.68945313     0.00000000
  5189.88330078     0.00000000
  5191.08007813     0.00000000
  5192.27392578     0.00000000
  5193.47167969     0.00000000
  5194.66650391     0.00000000
  5195.86132813     0.00000000
  5197.05957031     0.00000000
  5198.25488281     0.00000000
  5199.45410156     0.00000000
  5200.64990234     0.00000000
  5201.84912109     0.00000000
  5203.04589844     0.00000000
  5204.24267578     0.00000000
  5205.44287109     0.00000000
  5206.64013672     0.00000000
  5207.84130859     0.00000000
  5209.03906250     0.00000000
  5210.24023438     0.00000000
  5211.43896484     0.00000000
  5212.63769531     0.00000000
  5213.83984375     0.00000000
  5215.03906250     0.00000000
  5216.24169922     0.00000000
  5217.44189453     0.00000000
  5218.64501953     0.00000000
  5219.84570313     0.00000000
  5221.04638672     0.00000000
  5222.25048828     0.00000000
  5223.45166016     0.00000000
  5224.65625000     0.00000000
  5225.85839844     0.00000000
  5227.06298828     0.00000000
  5228.26562500     0.00000000
  5229.46826172     0.00000000
  5230.67431641     0.00000000
  5231.87744141     0.00000000
  5233.08398438     0.00000000
  5234.28808594     0.00000000
  5235.49511719     0.00000000
  5236.69921875     0.00000000
  5237.90380859     0.00000000
  5239.11181641     0.00000000
  5240.31738281     0.00000000
  5241.52587891     0.00000000
  5242.73144531     0.00000000
  5243.94042969     0.00000000
  5245.14697266     0.00000000
  5246.35595703     0.00000000
  5247.56298828     0.00000000
  5248.77050781     0.00000000
  5249.98046875     0.00000000
  5251.18847656     0.00000000
  5252.39941406     0.00000000
  5253.60791016     0.00000000
  5254.81933594     0.00000000
  5256.02783203     0.00000000
  5257.23730469     0.00000000
  5258.44921875     0.00000000
  5259.65917969     0.00000000
  5260.87207031     0.00000000
  5262.08203125     0.00000000
  5263.29541016     0.00000000
  5264.50634766     0.00000000
  5265.71777344     0.00000000
  5266.93164063     0.00000000
  5268.14355469     0.00000000
  5269.35839844     0.00000000
  5270.57031250     0.00000000
  5271.78564453     0.00000000
  5272.99853516     0.00000000
  5274.21191406     0.00000000
  5275.42773438     0.00000000
  5276.64160156     0.00000000
  5277.85839844     0.00000000
  5279.07275391     0.00000000
  5280.29003906     0.00000000
  5281.50439453     0.00000000
  5282.71972656     0.00000000
  5283.93750000     0.00000000
  5285.15332031     0.00000000
  5286.37158203     0.00000000
  5287.58837891     0.00000000
  5288.80761719     0.00000000
  5290.02392578     0.00000000
  5291.24121094     0.00000000
  5292.46093750     0.00000000
  5293.67871094     0.00000000
  5294.89990234     0.00000000
  5296.11767578     0.00000000
  5297.33886719     0.00000000
  5298.55761719     0.00000000
  5299.77636719     0.00000000
  5300.99853516     0.00000000
  5302.21826172     0.00000000
  5303.44042969     0.00000000
  5304.66064453     0.00000000
  5305.88427734     0.00000000
  5307.10449219     0.00000000
  5308.32568359     0.00000000
  5309.54980469     0.00000000
  5310.77099609     0.00000000
  5311.99560547     0.00000000
  5313.21777344     0.00000000
  5314.44335938     0.00000000
  5315.66552734     0.00000000
  5316.88818359     0.00000000
  5318.11425781     0.00000000
  5319.33789063     0.00000000
  5320.56445313     0.00000000
  5321.78857422     0.00000000
  5323.01611328     0.00000000
  5324.24023438     0.00000000
  5325.46484375     0.00000000
  5326.69335938     0.00000000
  5327.91894531     0.00000000
  5329.14746094     0.00000000
  5330.37353516     0.00000000
  5331.60253906     0.00000000
  5332.82861328     0.00000000
  5334.05566406     0.00000000
  5335.28564453     0.00000000
  5336.51318359     0.00000000
  5337.74316406     0.00000000
  5338.97119141     0.00000000
  5340.20214844     0.00000000
  5341.43115234     0.00000000
  5342.66259766     0.00000000
  5343.89160156     0.00000000
  5345.12158203     0.00000000
  5346.35400391     0.00000000
  5347.58398438     0.00000000
  5348.81689453     0.00000000
  5350.04785156     0.00000000
  5351.28125000     0.00000000
  5352.51220703     0.00000000
  5353.74365234     0.00000000
  5354.97851563     0.00000000
  5356.20996094     0.00000000
  5357.44482422     0.00000000
  5358.67773438     0.00000000
  5359.91357422     0.00000000
  5361.14648438     0.00000000
  5362.37988281     0.00000000
  5363.61621094     0.00000000
  5364.85009766     0.00000000
  5366.08740234     0.00000000
  5367.32177734     0.00000000
  5368.55908203     0.00000000
  5369.79443359     0.00000000
  5371.02929688     0.00000000
  5372.26806641     0.00000000
  5373.50439453     0.00000000
  5374.74365234     0.00000000
  5375.97949219     0.00000000
  5377.21972656     0.00000000
  5378.45605469     0.00000000
  5379.69384766     0.00000000
  5380.93408203     0.00000000
  5382.17236328     0.00000000
  5383.41308594     0.00000000
  5384.65185547     0.00000000
  5385.89355469     0.00000000
  5387.13232422     0.00000000
  5388.37158203     0.00000000
  5389.61474609     0.00000000
  5390.85449219     0.00000000
  5392.09765625     0.00000000
  5393.33789063     0.00000000
  5394.58154297     0.00000000
  5395.82226563     0.00000000
  5397.06396484     0.00000000
  5398.30810547     0.00000000
  5399.55029297     0.00000000
  5400.79492188     0.00000000
  5402.03808594     0.00000000
  5403.28369141     0.00000000
  5404.52685547     0.00000000
  5405.76953125     0.00000000
  5407.01660156     0.00000000
  5408.26025391     0.00000000
  5409.50781250     0.00000000
  5410.75195313     0.00000000
  5411.99951172     0.00000000
  5413.24414063     0.00000000
  5414.48974609     0.00000000
  5415.73876953     0.00000000
  5416.98437500     0.00000000
  5418.23339844     0.00000000
  5419.47949219     0.00000000
  5420.72949219     0.00000000
  5421.97656250     0.00000000
  5423.22412109     0.00000000
  5424.47460938     0.00000000
  5425.72265625     0.00000000
  5426.97363281     0.00000000
  5428.22167969     0.00000000
  5429.47363281     0.00000000
  5430.72314453     0.00000000
  5431.97265625     0.00000000
  5433.22509766     0.00000000
  5434.47509766     0.00000000
  5435.72802734     0.00000000
  5436.97851563     0.00000000
  5438.23242188     0.00000000
  5439.48291016     0.00000000
  5440.73730469     0.00000000
  5441.98925781     0.00000000
  5443.24121094     0.00000000
  5444.49609375     0.00000000
  5445.74853516     0.00000000
  5447.00488281     0.00000000
  5448.25732422     0.00000000
  5449.51416016     0.00000000
  5450.76757813     0.00000000
  5452.02148438     0.00000000
  5453.27880859     0.00000000
  5454.53369141     0.00000000
  5455.79101563     0.00000000
  5457.04638672     0.00000000
  5458.30419922     0.00000000
  5459.56005859     0.00000000
  5460.81640625     0.00000000
  5462.07568359     0.00000000
  5463.33203125     0.00000000
  5464.59179688     0.00000000
  5465.84912109     0.00000000
  5467.10937500     0.00000000
  5468.36718750     0.00000000
  5469.62548828     0.00000000
  5470.88671875     0.00000000
  5472.14453125     0.00000000
  5473.40673828     0.00000000
  5474.66601563     0.00000000
  5475.92871094     0.00000000
  5477.18798828     0.00000000
  5478.44824219     0.00000000
  5479.71142578     0.00000000
  5480.97216797     0.00000000
  5482.23583984     0.00000000
  5483.49707031     0.00000000
  5484.76171875     0.00000000
  5486.02343750     0.00000000
  5487.28564453     0.00000000
  5488.55078125     0.00000000
  5489.81396484     0.00000000
  5491.07958984     0.00000000
  5492.34277344     0.00000000
  5493.60888672     0.00000000
  5494.87304688     0.00000000
  5496.13720703     0.00000000
  5497.40429688     0.00000000
  5498.66943359     0.00000000
  5499.93701172     0.00000000
