  4000.89990234     0.00000000
  4001.82006836     0.00000000
  4002.74316406     0.00000000
  4003.66381836     0.00000000
  4004.58715820     0.00000000
  4005.50830078     0.00000000
  4006.43188477     0.00000000
  4007.35351563     0.00000000
  4008.27563477     0.00000000
  4009.19995117     0.00000000
  4010.12231445     0.00000000
  4011.04687500     0.00000000
  4011.96972656     0.00000000
  4012.89453125     0.00000000
  4013.81787109     0.00000000
  4014.74121094     0.00000000
  4015.66699219     0.00000000
  4016.59106445     0.00000000
  4017.51708984     0.00000000
  4018.44140625     0.00000000
  4019.36791992     0.00000000
  4020.29272461     0.00000000
  4021.21752930     0.00000000
  4022.14477539     0.00000000
  4023.07006836     0.00000000
  4023.99780273     0.00000000
  4024.92333984     0.00000000
  4025.85180664     0.00000000
  4026.77783203     0.00000000
  4027.70410156     0.00000000
  4028.63305664     0.00000000
  4029.55981445     0.00000000
  4030.48901367     0.00000000
  4031.41601563     0.00000000
  4032.34570313     0.00000000
  4033.27343750     0.00000000
  4034.20117188     0.00000000
  4035.13134766     0.00000000
  4036.05981445     0.00000000
  4036.99047852     0.00000000
  4037.91918945     0.00000000
  4038.85034180     0.00000000
  4039.77929688     0.00000000
  4040.70874023     0.00000000
  4041.64038086     0.00000000
  4042.57031250     0.00000000
  4043.50244141     0.00000000
  4044.43261719     0.00000000
  4045.36547852     0.00000000
  4046.29614258     0.00000000
  4047.22680664     0.00000000
  4048.16040039     0.00000000
  4049.09155273     0.00000000
  4050.02514648     0.00000000
  4050.95703125     0.00000000
  4051.89086914     0.00000000
  4052.82299805     0.00000000
  4053.75561523     0.00000000
  4054.69018555     0.00000000
  4055.62304688     0.00000000
  4056.55810547     0.00000000
  4057.49169922     0.00000000
  4058.42724609     0.00000000
  4059.36083984     0.00000000
  4060.29467773     0.00000000
  4061.23071289     0.00000000
  4062.16503906     0.00000000
  4063.10205078     0.00000000
  4064.03662109     0.00000000
  4064.97387695     0.00000000
  4065.90893555     0.00000000
  4066.84423828     0.00000000
  4067.78198242     0.00000000
  4068.71801758     0.00000000
  4069.65600586     0.00000000
  4070.59228516     0.00000000
  4071.53100586     0.00000000
  4072.46752930     0.00000000
  4073.40454102     0.00000000
  4074.34375000     0.00000000
  4075.28100586     0.00000000
  4076.22094727     0.00000000
  4077.15869141     0.00000000
  4078.09863281     0.00000000
  4079.03686523     0.00000000
  4079.97753906     0.00000000
  4080.91625977     0.00000000
  4081.85498047     0.00000000
  4082.79614258     0.00000000
  4083.73559570     0.00000000
  4084.67724609     0.00000000
  4085.61694336     0.00000000
  4086.55908203     0.00000000
  4087.49902344     0.00000000
  4088.43945313     0.00000000
  4089.38208008     0.00000000
  4090.32275391     0.00000000
  4091.26635742     0.00000000
  4092.20727539     0.00000000
  4093.15087891     0.00000000
  4094.09252930     0.00000000
  4095.03442383     0.00000000
  4095.97875977     0.00000000
  4096.92089844     0.00000000
  4097.86572266     0.00000000
  4098.80859375     0.00000000
  4099.75341797     0.00000000
  4100.69677734     0.00000000
  4101.64013672     0.00000000
  4102.58593750     0.00000000
  4103.52978516     0.00000000
  4104.47607422     0.00000000
  4105.42041016     0.00000000
  4106.36718750     0.00000000
  4107.31152344     0.00000000
  4108.25634766     0.00000000
  4109.20410156     0.00000000
  4110.14941406     0.00000000
  4111.09716797     0.00000000
  4112.04296875     0.00000000
  4112.99121094     0.00000000
  4113.93701172     0.00000000
  4114.88378906     0.00000000
  4115.83251953     0.00000000
  4116.77929688     0.00000000
  4117.72851563     0.00000000
  4118.67578125     0.00000000
  4119.62548828     0.00000000
  4120.57324219     0.00000000
  4121.52148438     0.00000000
  4122.47167969     0.00000000
  4123.42041016     0.00000000
  4124.37109375     0.00000000
  4125.31982422     0.00000000
  4126.27099609     0.00000000
  4127.22021484     0.00000000
  4128.16943359     0.00000000
  4129.12158203     0.00000000
  4130.07177734     0.00000000
  4131.02392578     0.00000000
  4131.97460938     0.00000000
  4132.92724609     0.00000000
  4133.87792969     0.00000000
  4134.82910156     0.00000000
  4135.78222656     0.00000000
  4136.73388672     0.00000000
  4137.68798828     0.00000000
  4138.63964844     0.00000000
  4139.59375000     0.00000000
  4140.54638672     0.00000000
  4141.49902344     0.00000000
  4142.45410156     0.00000000
  4143.40673828     0.00000000
  4144.36230469     0.00000000
  4145.31591797     0.00000000
  4146.27148438     0.00000000
  4147.22558594     0.00000000
  4148.17968750     0.00000000
  4149.13574219     0.00000000
  4150.09033203     0.00000000
  4151.04736328     0.00000000
  4152.00244141     0.00000000
  4152.95996094     0.00000000
  4153.91552734     0.00000000
  4154.87304688     0.00000000
  4155.82910156     0.00000000
  4156.78515625     0.00000000
  4157.74365234     0.00000000
  4158.70019531     0.00000000
  4159.65869141     0.00000000
  4160.61572266     0.00000000
  4161.57568359     0.00000000
  4162.53271484     0.00000000
  4163.49023438     0.00000000
  4164.45068359     0.00000000
  4165.40869141     0.00000000
  4166.36914063     0.00000000
  4167.32763672     0.00000000
  4168.28857422     0.00000000
  4169.24707031     0.00000000
  4170.20654297     0.00000000
  4171.16845703     0.00000000
  4172.12792969     0.00000000
  4173.08984375     0.00000000
  4174.04980469     0.00000000
  4175.01220703     0.00000000
  4175.97265625     0.00000000
  4176.93359375     0.00000000
  4177.89648438     0.00000000
  4178.85791016     0.00000000
  4179.82128906     0.00000000
  4180.78320313     0.00000000
  4181.74707031     0.00000000
  4182.70898438     0.00000000
  4183.67138672     0.00000000
  4184.63574219     0.00000000
  4185.59863281     0.00000000
  4186.56396484     0.00000000
  4187.52734375     0.00000000
  4188.49267578     0.00000000
  4189.45605469     0.00000000
  4190.41992188     0.00000000
  4191.38623047     0.00000000
  4192.35058594     0.00000000
  4193.31738281     0.00000000
  4194.28173828     0.00000000
  4195.24902344     0.00000000
  4196.21435547     0.00000000
  4197.17919922     0.00000000
  4198.14746094     0.00000000
  4199.11328125     0.00000000
  4200.08154297     0.00000000
  4201.04785156     0.00000000
  4202.01660156     0.00000000
  4202.98339844     0.00000000
  4203.95019531     0.00000000
  4204.91943359     0.00000000
  4205.88671875     0.00000000
  4206.85644531     0.00000000
  4207.82421875     0.00000000
  4208.79492188     0.00000000
  4209.76269531     0.00000000
  4210.73144531     0.00000000
  4211.70263672     0.00000000
  4212.67138672     0.00000000
  4213.64257813     0.00000000
  4214.61230469     0.00000000
  4215.58398438     0.00000000
  4216.55371094     0.00000000
  4217.52392578     0.00000000
  4218.49609375     0.00000000
  4219.46679688     0.00000000
  4220.43994141     0.00000000
  4221.41064453     0.00000000
  4222.38427734     0.00000000
  4223.35546875     0.00000000
  4224.32714844     0.00000000
  4225.30126953     0.00000000
  4226.27343750     0.00000000
  4227.24755859     0.00000000
  4228.22021484     0.00000000
  4229.19531250     0.00000000
  4230.16796875     0.00000000
  4231.14355469     0.00000000
  4232.11718750     0.00000000
  4233.09033203     0.00000000
  4234.06689453     0.00000000
  4235.04101563     0.00000000
  4236.01708984     0.00000000
  4236.99218750     0.00000000
  4237.96875000     0.00000000
  4238.94384766     0.00000000
  4239.91894531     0.00000000
  4240.89697266     0.00000000
  4241.87255859     0.00000000
  4242.85058594     0.00000000
  4243.82666016     0.00000000
  4244.80517578     0.00000000
  4245.78173828     0.00000000
  4246.75878906     0.00000000
  4247.73779297     0.00000000
  4248.71484375     0.00000000
  4249.69482422     0.00000000
  4250.67236328     0.00000000
  4251.65283203     0.00000000
  4252.63085938     0.00000000
  4253.60888672     0.00000000
  4254.58984375     0.00000000
  4255.56835938     0.00000000
  4256.54980469     0.00000000
  4257.52929688     0.00000000
  4258.51074219     0.00000000
  4259.49023438     0.00000000
  4260.47070313     0.00000000
  4261.45312500     0.00000000
  4262.43310547     0.00000000
  4263.41601563     0.00000000
  4264.39697266     0.00000000
  4265.38037109     0.00000000
  4266.36132813     0.00000000
  4267.34326172     0.00000000
  4268.32714844     0.00000000
  4269.30908203     0.00000000
  4270.29345703     0.00000000
  4271.27587891     0.00000000
  4272.26074219     0.00000000
  4273.24365234     0.00000000
  4274.22656250     0.00000000
  4275.21240234     0.00000000
  4276.19580078     0.00000000
  4277.18164063     0.00000000
  4278.16601563     0.00000000
  4279.15234375     0.00000000
  4280.13671875     0.00000000
  4281.12158203     0.00000000
  4282.10888672     0.00000000
  4283.09375000     0.00000000
  4284.08105469     0.00000000
  4285.06689453     0.00000000
  4286.05517578     0.00000000
  4287.04101563     0.00000000
  4288.02734375     0.00000000
  4289.01611328     0.00000000
  4290.00292969     0.00000000
  4290.99218750     0.00000000
  4291.97949219     0.00000000
  4292.96923828     0.00000000
  4293.95654297     0.00000000
  4294.94433594     0.00000000
  4295.93505859     0.00000000
  4296.92285156     0.00000000
  4297.91357422     0.00000000
  4298.90283203     0.00000000
  4299.89404297     0.00000000
  4300.88330078     0.00000000
  4301.87255859     0.00000000
  4302.86474609     0.00000000
  4303.85449219     0.00000000
  4304.84667969     0.00000000
  4305.83740234     0.00000000
  4306.83007813     0.00000000
  4307.82080078     0.00000000
  4308.81396484     0.00000000
  4309.80566406     0.00000000
  4310.79687500     0.00000000
  4311.79101563     0.00000000
  4312.78320313     0.00000000
  4313.77734375     0.00000000
  4314.77001953     0.00000000
  4315.76513672     0.00000000
  4316.75732422     0.00000000
  4317.75097656     0.00000000
  4318.74658203     0.00000000
  4319.73974609     0.00000000
  4320.73632813     0.00000000
  4321.72998047     0.00000000
  4322.72656250     0.00000000
  4323.72070313     0.00000000
  4324.71582031     0.00000000
  4325.71289063     0.00000000
  4326.70800781     0.00000000
  4327.70556641     0.00000000
  4328.70166016     0.00000000
  4329.69970703     0.00000000
  4330.69580078     0.00000000
  4331.69189453     0.00000000
  4332.69091797     0.00000000
  4333.68750000     0.00000000
  4334.68701172     0.00000000
  4335.68408203     0.00000000
  4336.68408203     0.00000000
  4337.68164063     0.00000000
  4338.67919922     0.00000000
  4339.67968750     0.00000000
  4340.67822266     0.00000000
  4341.67919922     0.00000000
  4342.67822266     0.00000000
  4343.67919922     0.00000000
  4344.67871094     0.00000000
  4345.67822266     0.00000000
  4346.68017578     0.00000000
  4347.68017578     0.00000000
  4348.68261719     0.00000000
  4349.68310547     0.00000000
  4350.68603516     0.00000000
  4351.68701172     0.00000000
  4352.68798828     0.00000000
  4353.69189453     0.00000000
  4354.69335938     0.00000000
  4355.69726563     0.00000000
  4356.69970703     0.00000000
  4357.70410156     0.00000000
  4358.70703125     0.00000000
  4359.70947266     0.00000000
  4360.71484375     0.00000000
  4361.71777344     0.00000000
  4362.72363281     0.00000000
  4363.72753906     0.00000000
  4364.73339844     0.00000000
  4365.73779297     0.00000000
  4366.74218750     0.00000000
  4367.74902344     0.00000000
  4368.75390625     0.00000000
  4369.76123047     0.00000000
  4370.76660156     0.00000000
  4371.77441406     0.00000000
  4372.78027344     0.00000000
  4373.78613281     0.00000000
  4374.79492188     0.00000000
  4375.80126953     0.00000000
  4376.81005859     0.00000000
  4377.81689453     0.00000000
  4378.82666016     0.00000000
  4379.83398438     0.00000000
  4380.84130859     0.00000000
  4381.85156250     0.00000000
  4382.85986328     0.00000000
  4383.87011719     0.00000000
  4384.87890625     0.00000000
  4385.89013672     0.00000000
  4386.89892578     0.00000000
  4387.91064453     0.00000000
  4388.91992188     0.00000000
  4389.92968750     0.00000000
  4390.94189453     0.00000000
  4391.95214844     0.00000000
  4392.96484375     0.00000000
  4393.97558594     0.00000000
  4394.98876953     0.00000000
  4396.00000000     0.00000000
  4397.01123047     0.00000000
  4398.02490234     0.00000000
  4399.03710938     0.00000000
  4400.05126953     0.00000000
  4401.06347656     0.00000000
  4402.07812500     0.00000000
  4403.09130859     0.00000000
  4404.10400391     0.00000000
  4405.11962891     0.00000000
  4406.13281250     0.00000000
  4407.14892578     0.00000000
  4408.16259766     0.00000000
  4409.17919922     0.00000000
  4410.19384766     0.00000000
  4411.20849609     0.00000000
  4412.22558594     0.00000000
  4413.24072266     0.00000000
  4414.25830078     0.00000000
  4415.27343750     0.00000000
  4416.29150391     0.00000000
  4417.30761719     0.00000000
  4418.32373047     0.00000000
  4419.34277344     0.00000000
  4420.35937500     0.00000000
  4421.37890625     0.00000000
  4422.39599609     0.00000000
  4423.41552734     0.00000000
  4424.43310547     0.00000000
  4425.45117188     0.00000000
  4426.47167969     0.00000000
  4427.49023438     0.00000000
  4428.51123047     0.00000000
  4429.52978516     0.00000000
  4430.55126953     0.00000000
  4431.57031250     0.00000000
  4432.58984375     0.00000000
  4433.61181641     0.00000000
  4434.63183594     0.00000000
  4435.65478516     0.00000000
  4436.67480469     0.00000000
  4437.69824219     0.00000000
  4438.71923828     0.00000000
  4439.73974609     0.00000000
  4440.76367188     0.00000000
  4441.78515625     0.00000000
  4442.80957031     0.00000000
  4443.83154297     0.00000000
  4444.85644531     0.00000000
  4445.87890625     0.00000000
  4446.90185547     0.00000000
  4447.92724609     0.00000000
  4448.95068359     0.00000000
  4449.97607422     0.00000000
  4451.00000000     0.00000000
  4452.02685547     0.00000000
  4453.05078125     0.00000000
  4454.07519531     0.00000000
  4455.10205078     0.00000000
  4456.12744141     0.00000000
  4457.15478516     0.00000000
  4458.18017578     0.00000000
  4459.20800781     0.00000000
  4460.23388672     0.00000000
  4461.26025391     0.00000000
  4462.28906250     0.00000000
  4463.31494141     0.00000000
  4464.34472656     0.00000000
  4465.37158203     0.00000000
  4466.40136719     0.00000000
  4467.42871094     0.00000000
  4468.45898438     0.00000000
  4469.48681641     0.00000000
  4470.51513672     0.00000000
  4471.54589844     0.00000000
  4472.57470703     0.00000000
  4473.60595703     0.00000000
  4474.63525391     0.00000000
  4475.66699219     0.00000000
  4476.69677734     0.00000000
  4477.72656250     0.00000000
  4478.75878906     0.00000000
  4479.78955078     0.00000000
  4480.82226563     0.00000000
  4481.85351563     0.00000000
  4482.88671875     0.00000000
  4483.91796875     0.00000000
  4484.94970703     0.00000000
  4485.98388672     0.00000000
  4487.01562500     0.00000000
  4488.05078125     0.00000000
  4489.08300781     0.00000000
  4490.11816406     0.00000000
  4491.15087891     0.00000001
  4492.18408203     0.00000001
  4493.22021484     0.00000001
  4494.25390625     0.00000001
  4495.29003906     0.00000001
  4496.32421875     0.00000001
  4497.36132813     0.00000002
  4498.39550781     0.00000002
  4499.43066406     0.00000003
  4500.46826172     0.00000003
  4501.50341797     0.00000004
  4502.54150391     0.00000004
  4503.57714844     0.00000005
  4504.61572266     0.00000006
  4505.65234375     0.00000008
  4506.68847656     0.00000009
  4507.72802734     0.00000011
  4508.76464844     0.00000013
  4509.80468750     0.00000015
  4510.84228516     0.00000018
  4511.88232422     0.00000022
  4512.92041016     0.00000026
  4513.95849609     0.00000031
  4514.99902344     0.00000036
  4516.03808594     0.00000043
  4517.07910156     0.00000051
  4518.11865234     0.00000060
  4519.16015625     0.00000071
  4520.20019531     0.00000083
  4521.23974609     0.00000098
  4522.28222656     0.00000115
  4523.32275391     0.00000135
  4524.36572266     0.00000158
  4525.40673828     0.00000185
  4526.45019531     0.00000217
  4527.49121094     0.00000253
  4528.53320313     0.00000295
  4529.57763672     0.00000343
  4530.61962891     0.00000399
  4531.66406250     0.00000464
  4532.70654297     0.00000538
  4533.75195313     0.00000624
  4534.79492188     0.00000722
  4535.83789063     0.00000835
  4536.88427734     0.00000965
  4537.92773438     0.00001113
  4538.97412109     0.00001282
  4540.01806641     0.00001475
  4541.06542969     0.00001695
  4542.10986328     0.00001946
  4543.15722656     0.00002231
  4544.20263672     0.00002555
  4545.24755859     0.00002922
  4546.29589844     0.00003338
  4547.34179688     0.00003809
  4548.39062500     0.00004341
  4549.43652344     0.00004940
  4550.48583984     0.00005617
  4551.53271484     0.00006378
  4552.58007813     0.00007232
  4553.62939453     0.00008193
  4554.67724609     0.00009267
  4555.72753906     0.00010473
  4556.77539063     0.00011818
  4557.82617188     0.00013323
  4558.87500000     0.00014998
  4559.92333984     0.00016862
  4560.97509766     0.00018940
  4562.02441406     0.00021242
  4563.07666016     0.00023802
  4564.12597656     0.00026629
  4565.17871094     0.00029765
  4566.22900391     0.00033220
  4567.27880859     0.00037029
  4568.33251953     0.00041238
  4569.38330078     0.00045855
  4570.43701172     0.00050939
  4571.48876953     0.00056506
  4572.54248047     0.00062614
  4573.59423828     0.00069283
  4574.64648438     0.00076569
  4575.70166016     0.00084538
  4576.75439453     0.00093199
  4577.80957031     0.00102640
  4578.86279297     0.00112876
  4579.91845703     0.00124004
  4580.97216797     0.00136034
  4582.02587891     0.00149044
  4583.08251953     0.00163134
  4584.13671875     0.00178294
  4585.19433594     0.00194673
  4586.24902344     0.00212238
  4587.30664063     0.00231152
  4588.36181641     0.00251384
  4589.41748047     0.00273055
  4590.47558594     0.00296276
  4591.53173828     0.00321019
  4592.59082031     0.00347467
  4593.64697266     0.00375538
  4594.70605469     0.00405453
  4595.76318359     0.00437139
  4596.82080078     0.00470724
  4597.88037109     0.00506319
  4598.93847656     0.00543867
  4599.99853516     0.00583540
  4601.05664063     0.00625240
  4602.11816406     0.00669225
  4603.17675781     0.00715270
  4604.23583984     0.00763548
  4605.29736328     0.00814184
  4606.35693359     0.00866987
  4607.41943359     0.00922217
  4608.47900391     0.00979571
  4609.54150391     0.01039364
  4610.60205078     0.01101311
  4611.66259766     0.01165498
  4612.72607422     0.01232082
  4613.78759766     0.01300719
  4614.85107422     0.01371613
  4615.91308594     0.01444477
  4616.97753906     0.01519512
  4618.03955078     0.01596294
  4619.10156250     0.01674905
  4620.16699219     0.01755505
  4621.22998047     0.01837547
  4622.29541016     0.01921287
  4623.35888672     0.02006256
  4624.42529297     0.02092709
  4625.48876953     0.02180029
  4626.55566406     0.02268588
  4627.61962891     0.02357703
  4628.68457031     0.02447539
  4629.75146484     0.02538016
  4630.81689453     0.02628675
  4631.88476563     0.02719678
  4632.95019531     0.02810439
  4634.01855469     0.02901243
  4635.08447266     0.02991466
  4636.15087891     0.03081192
  4637.22021484     0.03170464
  4638.28710938     0.03258679
  4639.35644531     0.03346095
  4640.42382813     0.03432217
  4641.49365234     0.03517275
  4642.56152344     0.03600805
  4643.62939453     0.03682868
  4644.70019531     0.03763600
  4645.76904297     0.03842570
  4646.84033203     0.03920053
  4647.90917969     0.03995670
  4648.98095703     0.04069797
  4650.05029297     0.04142077
  4651.12011719     0.04212753
  4652.19287109     0.04282044
  4653.26318359     0.04349688
  4654.33593750     0.04416109
  4655.40673828     0.04481170
  4656.47998047     0.04545298
  4657.55175781     0.04608448
  4658.62304688     0.04670889
  4659.69726563     0.04733053
  4660.76904297     0.04794885
  4661.84375000     0.04856975
  4662.91601563     0.04919310
  4663.99169922     0.04982549
  4665.06445313     0.05046653
  4666.13769531     0.05112170
  4667.21337891     0.05179588
  4668.28759766     0.05249033
  4669.36376953     0.05321106
  4670.43798828     0.05395931
  4671.51513672     0.05474233
  4672.58984375     0.05556008
  4673.66455078     0.05641806
  4674.74218750     0.05732248
  4675.81787109     0.05827287
  4676.89599609     0.05927659
  4677.97167969     0.06033231
  4679.05078125     0.06144893
  4680.12744141     0.06262319
  4681.20410156     0.06386004
  4682.28320313     0.06516466
  4683.36035156     0.06653357
  4684.44042969     0.06797452
  4685.51806641     0.06948137
  4686.59863281     0.07106226
  4687.67675781     0.07270948
  4688.75488281     0.07442615
  4689.83642578     0.07621717
  4690.91503906     0.07807068
  4691.99707031     0.07999571
  4693.07617188     0.08197854
  4694.15869141     0.08402786
  4695.23828125     0.08612818
  4696.31835938     0.08828185
  4697.40136719     0.09048939
  4698.48193359     0.09273473
  4699.56591797     0.09502447
  4700.64697266     0.09733908
  4701.73095703     0.09968451
  4702.81201172     0.10204109
  4703.89404297     0.10440984
  4704.97900391     0.10678733
  4706.06103516     0.10915259
  4707.14648438     0.11151108
  4708.22900391     0.11384036
  4709.31494141     0.11614522
  4710.39843750     0.11840420
  4711.48437500     0.12061840
  4712.56835938     0.12276973
  4713.65283203     0.12485407
  4714.73974609     0.12686586
  4715.82421875     0.12878719
  4716.91162109     0.13061881
  4717.99658203     0.13234314
  4719.08496094     0.13396117
  4720.17041016     0.13545555
  4721.25634766     0.13682400
  4722.34472656     0.13806146
  4723.43115234     0.13915637
  4724.52050781     0.14010753
  4725.60742188     0.14090469
  4726.69726563     0.14154699
  4727.78466797     0.14202701
  4728.87207031     0.14234290
  4729.96240234     0.14249210
  4731.05078125     0.14247166
  4732.14160156     0.14228006
  4733.22998047     0.14191751
  4734.32177734     0.14138199
  4735.41113281     0.14067705
  4736.50048828     0.13980323
  4737.59228516     0.13876033
  4738.68212891     0.13755542
  4739.77490234     0.13618657
  4740.86523438     0.13466473
  4741.95898438     0.13298652
  4743.04931641     0.13116795
  4744.14062500     0.12920819
  4745.23437500     0.12711065
  4746.32617188     0.12489071
  4747.42089844     0.12254576
  4748.51318359     0.12009513
  4749.60791016     0.11753604
  4750.70019531     0.11488836
  4751.79345703     0.11215268
  4752.88916016     0.10933381
  4753.98242188     0.10645326
  4755.07861328     0.10350593
  4756.17285156     0.10051391
  4757.26953125     0.09747422
  4758.36425781     0.09440799
  4759.45849609     0.09131999
  4760.55615234     0.08820784
  4761.65136719     0.08509657
  4762.74951172     0.08197914
  4763.84472656     0.07888014
  4764.94335938     0.07578924
  4766.03955078     0.07273024
  4767.13623047     0.06970182
  4768.23535156     0.06670527
  4769.33251953     0.06375873
  4770.43212891     0.06085615
  4771.52978516     0.05801447
  4772.62988281     0.05522723
  4773.72802734     0.05251002
  4774.82617188     0.04986182
  4775.92675781     0.04728054
  4777.02587891     0.04477856
  4778.12744141     0.04234983
  4779.22656250     0.04000741
  4780.32861328     0.03774187
  4781.42822266     0.03556586
  4782.52832031     0.03347456
  4783.63134766     0.03146463
  4784.73144531     0.02954734
  4785.83496094     0.02771199
  4786.93603516     0.02596855
  4788.03955078     0.02430914
  4789.14111328     0.02274011
  4790.24316406     0.02125736
  4791.34716797     0.01985863
  4792.44970703     0.01854767
  4793.55517578     0.01731873
  4794.65771484     0.01617765
  4795.76318359     0.01511770
  4796.86669922     0.01414312
  4797.97265625     0.01324963
  4799.07666016     0.01244056
  4800.18066406     0.01171415
  4801.28710938     0.01106926
  4802.39208984     0.01050871
  4803.49951172     0.01003145
  4804.60449219     0.00964074
  4805.71240234     0.00933638
  4806.81787109     0.00912199
  4807.92382813     0.00899940
  4809.03271484     0.00897199
  4810.13867188     0.00904376
  4811.24804688     0.00921976
  4812.35449219     0.00950434
  4813.46435547     0.00990535
  4814.57177734     0.01042780
  4815.67919922     0.01108034
  4816.78955078     0.01187411
  4817.89794922     0.01281579
  4819.00878906     0.01392027
  4820.11767578     0.01519557
  4821.22900391     0.01666037
  4822.33837891     0.01832382
  4823.44726563     0.02020358
  4824.55957031     0.02232477
  4825.66943359     0.02469563
  4826.78271484     0.02734974
  4827.89306641     0.03029443
  4829.00634766     0.03356928
  4830.11718750     0.03718428
  4831.22851563     0.04117550
  4832.34228516     0.04558066
  4833.45361328     0.05041140
  4834.56884766     0.05572928
  4835.68066406     0.06153433
  4836.79589844     0.06789903
  4837.90820313     0.07482589
  4839.02148438     0.08237803
  4840.13769531     0.09061413
  4841.25048828     0.09953083
  4842.36718750     0.10923290
  4843.48144531     0.11971390
  4844.59814453     0.13106850
  4845.71240234     0.14329711
  4846.82714844     0.15648077
  4847.94482422     0.17070508
  4849.06005859     0.18595570
  4850.17871094     0.20236832
  4851.29443359     0.21990481
  4852.41308594     0.23871215
  4853.52929688     0.25875515
  4854.64550781     0.28012776
  4855.76513672     0.30295488
  4856.88232422     0.32717150
  4858.00244141     0.35294589
  4859.11962891     0.38019234
  4860.24023438     0.40911376
  4861.35839844     0.43960553
  4862.47705078     0.47178409
  4863.59814453     0.50575018
  4864.71679688     0.54138935
  4865.83886719     0.57891971
  4866.95849609     0.61817187
  4868.08056641     0.65933597
  4869.20019531     0.70224530
  4870.32031250     0.74701422
  4871.44384766     0.79376882
  4872.56445313     0.84223849
  4873.68798828     0.89266098
  4874.80908203     0.94477308
  4875.93310547     0.99879390
  4877.05468750     1.05442512
  4878.17675781     1.11175811
  4879.30175781     1.17086565
  4880.42431641     1.23139822
  4881.54980469     1.29356754
  4882.67285156     1.35698962
  4883.79833984     1.42184186
  4884.92236328     1.48779356
  4886.04882813     1.55495727
  4887.17236328     1.62288582
  4888.29687500     1.69167662
  4889.42382813     1.76127791
  4890.54882813     1.83126581
  4891.67675781     1.90178263
  4892.80175781     1.97229314
  4893.93017578     2.04301977
  4895.05615234     2.11341381
  4896.18212891     2.18344188
  4897.31103516     2.25309277
  4898.43798828     2.32187080
  4899.56738281     2.38984561
  4900.69433594     2.45652413
  4901.82421875     2.52202535
  4902.95214844     2.58586478
  4904.08007813     2.64796162
  4905.21093750     2.70827675
  4906.33935547     2.76633310
  4907.47070313     2.82222247
  4908.59960938     2.87550092
  4909.73193359     2.92627263
  4910.86132813     2.97409177
  4911.99072266     3.01894450
  4913.12353516     3.06081486
  4914.25390625     3.09935689
  4915.38720703     3.13464022
  4916.51806641     3.16639829
  4917.65185547     3.19469714
  4918.78271484     3.21932554
  4919.91455078     3.24032974
  4921.04882813     3.25768948
  4922.18115234     3.27132201
  4923.31640625     3.28128743
  4924.44873047     3.28755927
  4925.58447266     3.29021358
  4926.71728516     3.28929663
  4927.85058594     3.28489852
  4928.98681641     3.27709532
  4930.12109375     3.26603580
  4931.25781250     3.25181317
  4932.39208984     3.23464346
  4933.52978516     3.21460772
  4934.66503906     3.19199371
  4935.79980469     3.16697693
  4936.93847656     3.13966846
  4938.07373047     3.11047435
  4939.21289063     3.07945013
  4940.34912109     3.04703498
  4941.48779297     3.01334095
  4942.62500000     2.97875643
  4943.76171875     2.94353223
  4944.90185547     2.90783095
  4946.03955078     2.87212396
  4947.18017578     2.83653474
  4948.31787109     2.80153704
  4949.45898438     2.76722670
  4950.59765625     2.73406911
  4951.73681641     2.70225787
  4952.87841797     2.67202234
  4954.01806641     2.64374924
  4955.16064453     2.61758137
  4956.30029297     2.59390259
  4957.44287109     2.57282972
  4958.58349609     2.55467987
  4959.72460938     2.53961802
  4960.86816406     2.52782440
  4962.00927734     2.51952505
  4963.15380859     2.51483870
  4964.29541016     2.51393270
  4965.43994141     2.51692009
  4966.58203125     2.52388453
  4967.72460938     2.53490925
  4968.87060547     2.55009460
  4970.01367188     2.56938744
  4971.15966797     2.59289193
  4972.30322266     2.62048292
  4973.44970703     2.65225005
  4974.59375000     2.68798041
  4975.74121094     2.72777295
  4976.88574219     2.77129626
  4978.03076172     2.81853199
  4979.17871094     2.86943841
  4980.32421875     2.92359924
  4981.47265625     2.98106718
  4982.61865234     3.04135442
  4983.76757813     3.10450268
  4984.91406250     3.16995883
  4986.06054688     3.23757815
  4987.21044922     3.30727935
  4988.35791016     3.37840390
  4989.50830078     3.45096493
  4990.65625000     3.52429461
  4991.80664063     3.59836411
  4992.95507813     3.67254448
  4994.10400391     3.74664044
  4995.25537109     3.82042050
  4996.40429688     3.89321184
  4997.55664063     3.96502662
  4998.70654297     4.03513956
  4999.85937500     4.10352325
  5001.00927734     4.16948318
  5002.15966797     4.23288345
  5003.31347656     4.29354000
  5004.46435547     4.35079956
  5005.61816406     4.40464687
  5006.77001953     4.45455790
  5007.92431641     4.50044727
  5009.07666016     4.54187870
  5010.22851563     4.57868385
  5011.38427734     4.61076498
  5012.53662109     4.63772202
  5013.69287109     4.65954971
  5014.84619141     4.67596531
  5016.00244141     4.68692827
  5017.15673828     4.69228745
  5018.31054688     4.69199467
  5019.46826172     4.68597651
  5020.62255859     4.67424631
  5021.78076172     4.65673113
  5022.93554688     4.63356829
  5024.09423828     4.60466385
  5025.25000000     4.57026052
  5026.40576172     4.53039646
  5027.56494141     4.48505878
  5028.72167969     4.43461847
  5029.88134766     4.37900972
  5031.03808594     4.31870413
  5032.19824219     4.25357676
  5033.35595703     4.18417835
  5034.51416016     4.11058521
  5035.67480469     4.03291416
  5036.83349609     3.95172501
  5037.99511719     3.86695170
  5039.15380859     3.77930999
  5040.31591797     3.68861365
  5041.47558594     3.59561801
  5042.63525391     3.50043988
  5043.79785156     3.40313840
  5044.95800781     3.30447006
  5046.12158203     3.20424175
  5047.28222656     3.10330439
  5048.44628906     3.00140643
  5049.60791016     2.89935613
  5050.76904297     2.79727006
  5051.93408203     2.69504356
  5053.09619141     2.59354830
  5054.26171875     2.49249315
  5055.42431641     2.39268041
  5056.58984375     2.29384708
  5057.75341797     2.19663668
  5058.91699219     2.10109758
  5060.08300781     2.00723648
  5061.24755859     1.91555917
  5062.41455078     1.82593679
  5063.57910156     1.73890626
  5064.74658203     1.65421700
  5065.91210938     1.57236087
  5067.08007813     1.49315405
  5068.24560547     1.41703713
  5069.41162109     1.34390819
  5070.58056641     1.27371264
  5071.74707031     1.20684969
  5072.91699219     1.14305079
  5074.08349609     1.08274174
  5075.25390625     1.02559042
  5076.42138672     0.97196919
  5077.58935547     0.92173833
  5078.76025391     0.87482756
  5079.92822266     0.83148485
  5081.10009766     0.79146838
  5082.26904297     0.75501847
  5083.44091797     0.72195077
  5084.61035156     0.69241261
  5085.77978516     0.66632229
  5086.95263672     0.64360768
  5088.12304688     0.62437224
  5089.29638672     0.60851455
  5090.46728516     0.59609258
  5091.64111328     0.58703387
  5092.81201172     0.58136535
  5093.98388672     0.57904112
  5095.15820313     0.58005375
  5096.33056641     0.58438277
  5097.50585938     0.59203076
  5098.67871094     0.60294551
  5099.85400391     0.61715233
  5101.02734375     0.63458002
  5102.20117188     0.65523726
  5103.37744141     0.67914844
  5104.55126953     0.70619041
  5105.72851563     0.73647696
  5106.90332031     0.76983297
  5108.08056641     0.80636656
  5109.25585938     0.84590942
  5110.43115234     0.88848168
  5111.60986328     0.93417811
  5112.78564453     0.98270750
  5113.96435547     1.03425848
  5115.14111328     1.08856237
  5116.32031250     1.14575779
  5117.49755859     1.20555997
  5118.67480469     1.26798081
  5119.85546875     1.33312368
  5121.03320313     1.40054154
  5122.21386719     1.47046196
  5123.39208984     1.54245234
  5124.57373047     1.61674571
  5125.75244141     1.69280732
  5126.93164063     1.77070510
  5128.11425781     1.85048366
  5129.29394531     1.93154740
  5130.47656250     2.01412106
  5131.65673828     2.09764194
  5132.84033203     2.18232775
  5134.02099609     2.26751733
  5135.20214844     2.35323834
  5136.38623047     2.43944597
  5137.56787109     2.52551651
  5138.75244141     2.61160016
  5139.93457031     2.69706202
  5141.12011719     2.78207302
  5142.30273438     2.86592174
  5143.48583984     2.94859600
  5144.67187500     3.02999973
  5145.85546875     3.10950279
  5147.04199219     3.18720269
  5148.22607422     3.26248741
  5149.41308594     3.33544064
  5150.59814453     3.40550756
  5151.78271484     3.47253776
  5152.97070313     3.53650165
  5154.15625000     3.59684992
  5155.34472656     3.65363288
  5156.53076172     3.70638204
  5157.71972656     3.75513649
  5158.90625000     3.79949045
  5160.09570313     3.83947325
  5161.28271484     3.87474918
  5162.47021484     3.90528035
  5163.66113281     3.93100023
  5164.84863281     3.95166159
  5166.03955078     3.96730161
  5167.22802734     3.97777677
  5168.41992188     3.98309088
  5169.60888672     3.98319125
  5170.79785156     3.97809720
  5171.99023438     3.96779227
  5173.18017578     3.95236063
  5174.37304688     3.93179059
  5175.56347656     3.90625310
  5176.75683594     3.87572932
  5177.94775391     3.84047198
  5179.13916016     3.80054331
  5180.33349609     3.75599480
  5181.52490234     3.70721579
  5182.71972656     3.65412784
  5183.91210938     3.59718657
  5185.10742188     3.53634501
  5186.30029297     3.47209692
  5187.49365234     3.40452719
  5188.68945313     3.33375573
  5189.88330078     3.26028967
  5191.08007813     3.18408203
  5192.27392578     3.10576534
  5193.47167969     3.02515292
  5194.66650391     2.94296670
  5195.86132813     2.85927653
  5197.05957031     2.77409983
  5198.25488281     2.68814945
  5199.45410156     2.60119009
  5200.64990234     2.51400518
  5201.84912109     2.42634296
  5203.04589844     2.33887076
  5204.24267578     2.25164056
  5205.44287109     2.16462612
  5206.64013672     2.07849956
  5207.84130859     1.99297214
  5209.03906250     1.90875542
  5210.24023438     1.82554686
  5211.43896484     1.74391973
  5212.63769531     1.66385615
  5213.83984375     1.58527505
  5215.03906250     1.50871933
  5216.24169922     1.43389988
  5217.44189453     1.36128390
  5218.64501953     1.29063654
  5219.84570313     1.22234964
  5221.04638672     1.15634036
  5222.25048828     1.09248173
  5223.45166016     1.03114974
  5224.65625000     0.97205031
  5225.85839844     0.91548967
  5227.06298828     0.86124492
  5228.26562500     0.80951172
  5229.46826172     0.76018715
  5230.67431641     0.71312004
  5231.87744141     0.66853046
  5233.08398438     0.62614739
  5234.28808594     0.58613616
  5235.49511719     0.54826999
  5236.69921875     0.51267791
  5237.90380859     0.47919261
  5239.11181641     0.44767871
  5240.31738281     0.41822416
  5241.52587891     0.39062798
  5242.73144531     0.36495113
  5243.94042969     0.34098411
  5245.14697266     0.31876904
  5246.35595703     0.29813817
  5247.56298828     0.27908981
  5248.77050781     0.26150438
  5249.98046875     0.24528112
  5251.18847656     0.23040235
  5252.39941406     0.21673313
  5253.60791016     0.20425986
  5254.81933594     0.19285400
  5256.02783203     0.18249881
  5257.23730469     0.17308846
  5258.44921875     0.16454771
  5259.65917969     0.15684231
  5260.87207031     0.14987862
  5262.08203125     0.14362949
  5263.29541016     0.13800398
  5264.50634766     0.13297433
  5265.71777344     0.12847373
  5266.93164063     0.12444633
  5268.14355469     0.12085907
  5269.35839844     0.11765278
  5270.57031250     0.11480021
  5271.78564453     0.11224658
  5272.99853516     0.10996714
  5274.21191406     0.10792084
  5275.42773438     0.10607269
  5276.64160156     0.10439939
  5277.85839844     0.10286658
  5279.07275391     0.10145556
  5280.29003906     0.10013677
  5281.50439453     0.09889533
  5282.71972656     0.09770784
  5283.93750000     0.09655575
  5285.15332031     0.09542778
  5286.37158203     0.09430610
  5287.58837891     0.09318227
  5288.80761719     0.09204213
  5290.02392578     0.09088179
  5291.24121094     0.08968997
  5292.46093750     0.08845885
  5293.67871094     0.08718783
  5294.89990234     0.08586731
  5296.11767578     0.08450191
  5297.33886719     0.08308212
  5298.55761719     0.08161378
  5299.77636719     0.08009404
  5300.99853516     0.07851907
  5302.21826172     0.07689773
  5303.44042969     0.07522550
  5304.66064453     0.07351083
  5305.88427734     0.07174912
  5307.10449219     0.06995357
  5308.32568359     0.06812156
  5309.54980469     0.06625401
  5310.77099609     0.06436412
  5311.99560547     0.06244650
  5313.21777344     0.06051484
  5314.44335938     0.05856453
  5315.66552734     0.05661111
  5316.88818359     0.05465303
  5318.11425781     0.05269023
  5319.33789063     0.05073663
  5320.56445313     0.04878813
  5321.78857422     0.04685756
  5323.01611328     0.04493985
  5324.24023438     0.04304964
  5325.46484375     0.04118457
  5326.69335938     0.03934309
  5327.91894531     0.03753877
  5329.14746094     0.03576605
  5330.37353516     0.03403548
  5331.60253906     0.03234203
  5332.82861328     0.03069603
  5334.05566406     0.02909410
  5335.28564453     0.02753567
  5336.51318359     0.02602901
  5337.74316406     0.02456933
  5338.97119141     0.02316282
  5340.20214844     0.02180467
  5341.43115234     0.02050079
  5342.66259766     0.01924678
  5343.89160156     0.01804766
  5345.12158203     0.01689981
  5346.35400391     0.01580174
  5347.58398438     0.01475723
  5348.81689453     0.01376105
  5350.04785156     0.01281637
  5351.28125000     0.01191884
  5352.51220703     0.01107092
  5353.74365234     0.01026925
  5354.97851563     0.00951084
  5356.20996094     0.00879849
  5357.44482422     0.00812680
  5358.67773438     0.00749723
  5359.91357422     0.00690580
  5361.14648438     0.00635371
  5362.37988281     0.00583771
  5363.61621094     0.00535530
  5364.85009766     0.00490698
  5366.08740234     0.00448903
  5367.32177734     0.00410201
  5368.55908203     0.00374249
  5369.79443359     0.00341036
  5371.02929688     0.00310364
  5372.26806641     0.00281983
  5373.50439453     0.00255900
  5374.74365234     0.00231862
  5375.97949219     0.00209854
  5377.21972656     0.00189611
  5378.45605469     0.00171143
  5379.69384766     0.00154247
  5380.93408203     0.00138801
  5382.17236328     0.00124753
  5383.41308594     0.00111951
  5384.65185547     0.00100344
  5385.89355469     0.00089794
  5387.13232422     0.00080266
  5388.37158203     0.00071648
  5389.61474609     0.00063845
  5390.85449219     0.00056833
  5392.09765625     0.00050505
  5393.33789063     0.00044834
  5394.58154297     0.00039732
  5395.82226563     0.00035172
  5397.06396484     0.00031091
  5398.30810547     0.00027439
  5399.55029297     0.00024187
  5400.79492188     0.00021287
  5402.03808594     0.00018711
  5403.28369141     0.00016421
  5404.52685547     0.00014394
  5405.76953125     0.00012602
  5407.01660156     0.00011012
  5408.26025391     0.00009613
  5409.50781250     0.00008377
  5410.75195313     0.00007292
  5411.99951172     0.00006337
  5413.24414063     0.00005501
  5414.48974609     0.00004769
  5415.73876953     0.00004126
  5416.98437500     0.00003567
  5418.23339844     0.00003078
  5419.47949219     0.00002653
  5420.72949219     0.00002283
  5421.97656250     0.00001962
  5423.22412109     0.00001684
  5424.47460938     0.00001443
  5425.72265625     0.00001235
  5426.97363281     0.00001055
  5428.22167969     0.00000901
  5429.47363281     0.00000767
  5430.72314453     0.00000653
  5431.97265625     0.00000555
  5433.22509766     0.00000471
  5434.47509766     0.00000399
  5435.72802734     0.00000338
  5436.97851563     0.00000285
  5438.23242188     0.00000241
  5439.48291016     0.00000203
  5440.73730469     0.00000171
  5441.98925781     0.00000143
  5443.24121094     0.00000120
  5444.49609375     0.00000101
  5445.74853516     0.00000084
  5447.00488281     0.00000070
  5448.25732422     0.00000059
  5449.51416016     0.00000049
  5450.76757813     0.00000041
  5452.02148438     0.00000034
  5453.27880859     0.00000028
  5454.53369141     0.00000023
  5455.79101563     0.00000019
  5457.04638672     0.00000016
  5458.30419922     0.00000013
  5459.56005859     0.00000011
  5460.81640625     0.00000009
  5462.07568359     0.00000007
  5463.33203125     0.00000006
  5464.59179688     0.00000005
  5465.84912109     0.00000004
  5467.10937500     0.00000003
  5468.36718750     0.00000003
  5469.62548828     0.00000002
  5470.88671875     0.00000002
  5472.14453125     0.00000001
  5473.40673828     0.00000001
  5474.66601563     0.00000001
  5475.92871094     0.00000001
  5477.18798828     0.00000001
  5478.44824219     0.00000000
  5479.71142578     0.00000000
  5480.97216797     0.00000000
  5482.23583984     0.00000000
  5483.49707031     0.00000000
  5484.76171875     0.00000000
  5486.02343750     0.00000000
  5487.28564453     0.00000000
  5488.55078125     0.00000000
  5489.81396484     0.00000000
  5491.07958984     0.00000000
  5492.34277344     0.00000000
  5493.60888672     0.00000000
  5494.87304688     0.00000000
  5496.13720703     0.00000000
  5497.40429688     0.00000000
  5498.66943359     0.00000000
  5499.93701172     0.00000000
